1 1 2.50544481261
2 2 109.697972778
3 3 312.386500408
4 4 228.499587022
5 5 84.1608138149
6 6 588.00557886
7 7 0.000891189989655
8 8 0.00342417146315
9 9 434.778656834
10 10 144.841336336
11 11 393.224690868
12 12 510.095884968
13 13 269.581063328
14 14 370.052636591
15 15 500.994287476
16 16 477.193937319
17 17 557.899870906
18 18 259.656489887
19 19 451.886837556
20 20 0.00264840255124
21 21 55.8499320474
22 22 599.489489724
23 23 354.531782836
24 24 468.165724814
25 25 463.101149181
26 26 616.577807547
27 27 72.2954664794
28 28 475.249059327
29 29 0.00803146114385
30 30 49.1554560378
31 31 0.00400495023923
32 32 0.00969276020656
33 33 0.00265969239555
34 34 183.353857111
35 35 381.633566087
36 36 37.691988393
37 37 222.407020585
38 38 320.424820743
39 39 0.00740113802992
40 40 467.690955182
41 41 179.082736455
42 42 85.2969374393
43 43 0.00652989854646
44 44 199.39495911
45 45 303.633504575
46 46 217.035873218
47 47 418.137447678
48 48 520.562334287
49 49 0.00560302720495
50 50 120.616839101
51 51 114.203206626
52 52 0.00217981397563
53 53 459.03375678
54 54 0.00448387115668
55 55 311.95679965
56 56 140.044672541
57 57 125.326137658
58 58 45.7336161639
59 59 172.239591
60 60 570.14257623
61 61 0.00530457693636
62 62 482.604328063
63 63 270.728309494
64 64 195.41233489
65 65 336.984902959
66 66 121.887561129
67 67 270.986252322
68 68 111.892048973
69 69 449.664063673
70 70 566.039119203
71 71 178.782682534
72 72 475.733644006
73 73 494.547847486
74 74 0.00540638154199
75 75 146.143705808
76 76 570.51949018
77 77 27.2496827718
78 78 0.00819431390182
79 79 53.1966825677
80 80 408.444290507
81 81 0.0072901005157
82 82 360.80993024
83 83 334.415147624
84 84 309.31897218
85 85 334.638973274
86 86 209.456455689
87 87 0.00943764966189
88 88 520.268733111
89 89 0.00572565585318
90 90 38.6590525782
91 91 399.361979326
92 92 584.467212067
93 93 370.955397703
94 94 382.916403814
95 95 475.079359352
96 96 305.711068138
97 97 339.61008475
98 98 0.759243232197
99 99 249.181259774
100 100 516.054989794
101 101 0.00696343323486
102 102 32.0332953611
103 103 107.283113691
104 104 535.29496089
105 105 360.535686293
106 106 84.4233941751
107 107 33.6621909936
108 108 0.00413401682362
109 109 464.169734701
110 110 0.00784525155728
111 111 440.305410125
112 112 193.717162603
113 113 437.505233751
114 114 0.00600981936485
115 115 625.740762779
116 116 421.607081786
117 117 0.00885785194948
118 118 623.927494173
119 119 0.00453969492095
120 120 591.367498802
121 121 99.9661276672
122 122 231.84491201
123 123 0.00170136532242
124 124 94.4675501164
125 125 0.00525638958659
126 126 76.255654898
127 127 349.477127787
128 128 123.211429936
129 129 169.858844917
130 130 93.8539970487
131 131 290.379779633
132 132 341.075136138
133 133 220.292943088
134 134 485.273794485
135 135 56.2252220569
136 136 216.760474958
137 137 0.00830737705826
138 138 0.00504090752408
139 139 507.505217911
140 140 383.543291408
141 141 515.087278097
142 142 258.639677995
143 143 0.00565606715661
144 144 352.397193632
145 145 0.000709344187199
146 146 306.679720048
147 147 104.050420751
148 148 123.204117965
149 149 456.72696004
150 150 307.585555089
151 151 498.340412267
152 152 133.489258478
153 153 618.465647758
154 154 175.790196459
155 155 320.047264531
156 156 0.00302299989634
157 157 0.00820588748405
158 158 0.00594349165013
159 159 0.00294363057631
160 160 328.832159676
161 161 0.00201889139704
162 162 0.00477076178305
163 163 0.000375513552135
164 164 335.231941108
165 165 93.1792705707
166 166 208.893697285
167 167 112.089192448
168 168 580.855681228
169 169 250.344204653
170 170 298.327460039
171 171 215.958378015
172 172 128.281903641
173 173 52.2569208131
174 174 407.780443893
175 175 619.637230586
176 176 333.909918807
177 177 477.06820459
178 178 151.601736705
179 179 0.0043924352912
180 180 44.3710016522
181 181 53.5339813224
182 182 154.263576302
183 183 180.56924784
184 184 547.552049726
185 185 485.758542504
186 186 388.903180318
187 187 0.00197004294203
188 188 239.787479522
189 189 0.00614025180321
190 190 613.878038863
191 191 0.00668385587088
192 192 596.018534229
193 193 110.430159771
194 194 0.00857624999186
195 195 240.469971362
196 196 478.493393055
197 197 54.1247035748
198 198 388.677718464
199 199 0.00400220024099
200 200 11.6009615344
201 201 117.590902358
202 202 69.912993343
203 203 0.00586607399402
204 204 269.167228144
205 205 212.97217861
206 206 502.772246406
207 207 267.622748654
208 208 0.00126267527963
209 209 509.447421162
210 210 0.00390884722029
211 211 0.00237804875522
212 212 539.94641076
213 213 531.877194355
214 214 0.00698236979432
215 215 0.00827304420459
216 216 598.132252694
217 217 289.821781786
218 218 404.510378455
219 219 248.660293683
220 220 89.0526163419
221 221 289.763438519
222 222 196.103198481
223 223 380.914876098
224 224 281.138955576
225 225 219.120786817
226 226 162.391583819
227 227 0.00133006575814
228 228 68.4572052056
229 229 448.778382038
230 230 393.343543273
231 231 178.816228088
232 232 16.1793033371
233 233 199.011025195
234 234 348.977338847
235 235 418.877859682
236 236 78.4764677312
237 237 8.27383123432
238 238 555.226553667
239 239 281.995120554
240 240 143.522690266
241 241 0.00905701669359
242 242 139.294732817
243 243 68.2611563159
244 244 0.000450514937878
245 245 0.00806166977765
246 246 555.132852505
247 247 594.017873375
248 248 160.743304448
249 249 0.00448611727789
250 250 0.00128494296769
251 251 45.1688673038
252 252 101.754957149
253 253 0.00143415164701
254 254 0.00492803367964
255 255 559.686314077
256 256 190.466683431
257 257 303.340111171
258 258 0.00054397699495
259 259 0.00766126982612
260 260 0.00584740011309
261 261 210.488388189
262 262 119.655148111
263 263 4.43955102719
264 264 246.535356852
265 265 0.0051885298473
266 266 145.487665952
267 267 174.825666457
268 268 308.903251019
269 269 105.045070441
270 270 608.801267649
271 271 103.048531096
272 272 276.687757977
273 273 305.979601397
274 274 40.7605261482
275 275 0.00123188583663
276 276 0.00900301429228
277 277 0.000694502619627
278 278 478.252363023
279 279 0.00688212419608
280 280 399.228009884
281 281 0.0012647327757
282 282 190.324342658
283 283 307.353441489
284 284 96.3711740701
285 285 399.304299462
286 286 416.677243135
287 287 0.00778683561371
288 288 184.910635285
289 289 482.009216821
290 290 183.894876867
291 291 461.417810659
292 292 465.219725507
293 293 0.00520284190462
294 294 530.148471738
295 295 490.483708939
296 296 0.00953289779471
297 297 17.1577045605
298 298 0.00818612105214
299 299 203.698436059
300 300 111.452496499
301 301 362.629864913
302 302 205.844186544
303 303 102.556597271
304 304 322.129761983
305 305 0.00580239842206
306 306 623.924406814
307 307 0.00220867317028
308 308 285.769298405
309 309 0.00578996946738
310 310 13.5786042722
311 311 485.543897497
312 312 549.204105491
313 313 330.083917318
314 314 571.577991484
315 315 450.445331675
316 316 0.00325184418626
317 317 266.633434618
318 318 200.872584368
319 319 355.347726156
320 320 188.772933687
321 321 248.27718729
322 322 193.270833677
323 323 434.493103227
324 324 115.978291176
325 325 0.00207034892371
326 326 0.00892467473714
327 327 80.4727292322
328 328 109.976804366
329 329 505.935178862
330 330 0.00377003182211
331 331 407.573667545
332 332 0.00596218770815
333 333 522.389452892
334 334 0.00121608228411
335 335 604.631088401
336 336 371.549819207
337 337 0.00639824573453
338 338 0.000184050205336
339 339 0.00303101868026
340 340 343.40782046
341 341 324.491448448
342 342 566.766571997
343 343 0.00867114471923
344 344 142.156802688
345 345 147.428025178
346 346 0.000638664603273
347 347 54.2790213821
348 348 200.086511072
349 349 567.590715074
350 350 404.198699666
351 351 0.00590998325545
352 352 121.364863295
353 353 0.00803424948992
354 354 386.758786662
355 355 222.318522252
356 356 142.441261422
357 357 407.291826907
358 358 0.00998486563955
359 359 98.9134866355
360 360 9.11841907509
361 361 0.00640869036357
362 362 543.556078084
363 363 496.96918789
364 364 491.939420615
365 365 0.000700975231372
366 366 76.6856180733
367 367 0.0046485993646
368 368 0.0024785441599
369 369 33.1993638019
370 370 274.811068852
371 371 0.00102712997954
372 372 401.875677933
373 373 0.00252385178744
374 374 491.531268593
375 375 10.6319629024
376 376 480.058536495
377 377 539.435468856
378 378 405.879076614
379 379 217.500621589
380 380 0.0051977323302
381 381 329.912348653
382 382 610.142626505
383 383 575.690544187
384 384 282.534467969
385 385 520.29499389
386 386 270.000082252
387 387 56.7627754029
388 388 507.822132044
389 389 187.759030494
390 390 49.16375678
391 391 474.428273036
392 392 301.374782821
393 393 409.046101376
394 394 0.00732723383832
395 395 122.980361197
396 396 0.00910020492459
397 397 51.1790477019
398 398 0.00581458840192
399 399 13.6356609111
400 400 60.0027009925
401 401 411.382336861
402 402 83.8509931689
403 403 493.217783578
404 404 0.00504275700609
405 405 249.618947583
406 406 514.528672686
407 407 417.148225676
408 408 436.171584426
409 409 0.00760112729499
410 410 363.431529083
411 411 263.27257824
412 412 0.000219805843729
413 413 0.00658014473926
414 414 0.0096495544272
415 415 470.992331775
416 416 534.245407004
417 417 0.0019957752222
418 418 363.09622121
419 419 586.992585144
420 420 166.042210574
421 421 526.484650264
422 422 234.963932075
423 423 303.40951063
424 424 84.8991557386
425 425 0.00599938857089
426 426 505.097800218
427 427 375.599179292
428 428 347.487901679
429 429 7.85305629803
430 430 0.00712439355015
431 431 325.979776102
432 432 0.000674766458699
433 433 431.896920439
434 434 596.642983152
435 435 48.1737433188
436 436 0.000841589039415
437 437 523.820266174
438 438 90.7917824338
439 439 492.314632091
440 440 45.1872932282
441 441 0.000536297809743
442 442 0.0066691292093
443 443 401.864518319
444 444 249.453589026
445 445 28.5106734367
446 446 462.239692815
447 447 155.362910998
448 448 555.636159725
449 449 407.289187783
450 450 261.01225533
451 451 365.72214722
452 452 592.795999119
453 453 56.3534856701
454 454 0.0066679073335
455 455 477.956992109
456 456 543.895557238
457 457 286.203080799
458 458 269.483668159
459 459 544.31993476
460 460 0.00188680860462
461 461 469.444281595
462 462 320.622663317
463 463 257.813428044
464 464 169.776986351
465 465 341.579227817
466 466 293.115197688
467 467 594.53635854
468 468 0.00115344144255
469 469 310.712971149
470 470 0.00895491259596
471 471 121.902152805
472 472 586.676979477
473 473 499.976065958
474 474 80.9408152786
475 475 550.736974629
476 476 298.705634907
477 477 0.00332355479602
478 478 142.317029356
479 479 0.00789570832908
480 480 475.603714872
481 481 618.177864883
482 482 0.009152372801
483 483 608.511529055
484 484 195.104236783
485 485 0.00264330920139
486 486 0.000953597329817
487 487 243.822145467
488 488 31.9444334937
489 489 0.000950540632775
490 490 195.492064933
491 491 0.00692321405939
492 492 0.00100329091763
493 493 0.000534858174462
494 494 0.00260994434934
495 495 566.946231562
496 496 210.330590655
497 497 202.19880622
498 498 618.094674177
499 499 471.622503292
500 500 0.00816578770461
501 501 21.8933692194
502 502 620.913595848
503 503 314.030239474
504 504 456.911875053
505 505 0.00897665924131
506 506 67.0500276074
507 507 61.3570528279
508 508 313.18960777
509 509 337.011738925
510 510 324.763553299
511 511 464.933280221
512 512 362.555681605
513 513 161.0654808
514 514 0.00767188186293
515 515 539.446282768
516 516 603.422791961
517 517 57.5078882693
518 518 0.00800057158554
519 519 42.4280266762
520 520 502.780730898
521 521 522.063375235
522 522 0.00782998910256
523 523 154.999048081
524 524 0.0045543170055
525 525 351.47672901
526 526 278.870632706
527 527 378.649286811
528 528 556.386901904
529 529 551.832214989
530 530 0.00545717743392
531 531 43.5331524094
532 532 618.772071286
533 533 563.476943994
534 534 0.00172148415498
535 535 555.174664042
536 536 383.1968005
537 537 322.782155587
538 538 0.00274792580946
539 539 474.613938445
540 540 531.33551486
541 541 139.095808275
542 542 336.605298985
543 543 0.00466885150975
544 544 0.0016275420969
545 545 269.782489034
546 546 10.5822336018
547 547 0.00352888643639
548 548 36.7401389433
549 549 553.433749878
550 550 0.00863736798159
551 551 199.315741492
552 552 538.76384162
553 553 489.091183474
554 554 536.326212996
555 555 322.155069275
556 556 0.00650232796075
557 557 243.17811437
558 558 0.00765960944696
559 559 424.450953737
560 560 382.185440916
561 561 214.947314593
562 562 0.00773703737532
563 563 291.77709664
564 564 0.00981706071153
565 565 351.930633422
566 566 396.402064174
567 567 238.778182211
568 568 137.099788748
569 569 451.258385655
570 570 211.783508014
571 571 360.422841542
572 572 468.483264372
573 573 304.238368827
574 574 0.00140867398052
575 575 481.517869307
576 576 346.843280264
577 577 0.00378331030894
578 578 226.969567262
579 579 76.5219824017
580 580 557.805595088
581 581 336.835762102
582 582 57.3342404093
583 583 70.1365533228
584 584 176.813543543
585 585 118.760662062
586 586 609.754874344
587 587 78.7542575301
588 588 474.997797064
589 589 364.514503272
590 590 368.582146828
591 591 210.102841046
592 592 49.0139028109
593 593 0.00522547214692
594 594 368.154542932
595 595 594.345459392
596 596 355.807224058
597 597 54.9268016165
598 598 507.167075212
599 599 204.691280736
600 600 23.6419897811
601 601 527.358616583
602 602 231.122822342
603 603 154.038887856
604 604 131.571531961
605 605 0.000747911649662
606 606 215.717539745
607 607 0.00220072546085
608 608 0.00924283538185
609 609 525.47320347
610 610 51.4301420258
611 611 0.00460964801696
612 612 332.661893191
613 613 0.00634307881376
614 614 24.633510923
615 615 74.1448159433
616 616 0.0088523763891
617 617 12.5355991911
618 618 391.874998752
619 619 343.938049635
620 620 592.308137413
621 621 553.570326721
622 622 0.00900722416029
623 623 272.428523576
624 624 0.000800378839361
625 625 175.333612608
626 626 0.00162979278167
627 627 0.0026743054508
628 628 541.923488624
629 629 0.00720603130729
630 630 289.756698424
631 631 0.00305202714645
632 632 0.00364648780439
633 633 125.850419053
634 634 0.00799902230353
635 635 205.336350089
636 636 0.00256113428954
637 637 150.176912346
638 638 68.878371356
639 639 318.185248322
640 640 192.761528919
641 641 0.000469355768997
642 642 0.00706986036197
643 643 542.321445602
644 644 557.383794351
645 645 60.0387186793
646 646 516.961997024
647 647 148.607928907
648 648 0.00623325744939
649 649 274.785622478
650 650 0.00809121106322
651 651 64.1313171872
652 652 0.00156867271263
653 653 0.000547258066412
654 654 0.00329015030107
655 655 0.00377446788363
656 656 132.019553798
657 657 452.66164308
658 658 157.014018435
659 659 470.855753363
660 660 427.916677539
661 661 476.976948473
662 662 0.00930440115644
663 663 575.248163667
664 664 365.32185169
665 665 112.325629861
666 666 180.572523405
667 667 0.00808346573601
668 668 0.0079107916142
669 669 454.856458171
670 670 397.773215009
671 671 567.085846643
672 672 585.147235061
673 673 0.00850277045902
674 674 0.00210715365642
675 675 505.129431694
676 676 466.657512782
677 677 287.276191747
678 678 0.00211888132654
679 679 0.00184293558487
680 680 0.00692852941386
681 681 311.833746779
682 682 596.262205721
683 683 195.860192848
684 684 82.0422166067
685 685 0.00777331225354
686 686 369.344333035
687 687 147.0644412
688 688 0.00807026428935
689 689 385.838862213
690 690 505.048838934
691 691 295.421042918
692 692 190.930466243
693 693 252.074545344
694 694 601.9089001
695 695 208.195884641
696 696 0.00157149689651
697 697 519.164919886
698 698 436.561944799
699 699 539.712791076
700 700 494.133507219
701 701 0.00523520635585
702 702 215.324661493
703 703 622.382517773
704 704 169.54711261
705 705 167.846725174
706 706 159.830593603
707 707 152.899430306
708 708 276.417526904
709 709 621.152323679
710 710 0.00799789881563
711 711 34.2441773042
712 712 261.565159071
713 713 261.34005878
714 714 168.957826214
715 715 0.00923858843447
716 716 0.00169059427345
717 717 0.00567190301684
718 718 0.00223737459421
719 719 229.264299835
720 720 176.626842969
721 721 69.2670279903
722 722 67.9883870501
723 723 316.929606154
724 724 9.67285784539
725 725 585.558495768
726 726 239.330367783
727 727 395.836261801
728 728 550.253205478
729 729 53.3751797504
730 730 16.1642633992
731 731 0.00881137051484
732 732 525.231881488
733 733 136.098835857
734 734 416.885660046
735 735 138.06760827
736 736 358.506575305
737 737 0.00998784324869
738 738 46.8520209286
739 739 578.343277656
740 740 569.712111211
741 741 501.877577036
742 742 0.00633874804755
743 743 162.841175873
744 744 582.321969204
745 745 320.434932001
746 746 33.7769974365
747 747 0.00985677732331
748 748 557.507999708
749 749 0.00606240532414
750 750 0.00529957948948
751 751 247.639983925
752 752 262.013144169
753 753 264.469844571
754 754 512.506027199
755 755 0.00941440022711
756 756 19.8828900991
757 757 183.263480165
758 758 16.9961380935
759 759 505.034536982
760 760 312.17892549
761 761 223.418035507
762 762 0.00668738680861
763 763 479.560546704
764 764 123.037508082
765 765 0.00600031766597
766 766 0.00803145778061
767 767 284.413081288
768 768 546.88600493
769 769 242.464658387
770 770 186.794212429
771 771 262.754736876
772 772 0.0012692651423
773 773 432.461076505
774 774 268.295999822
775 775 558.041453067
776 776 471.238879911
777 777 0.00637599347369
778 778 0.00852447924496
779 779 502.476066935
780 780 0.00134526505151
781 781 190.052833915
782 782 318.813902111
783 783 481.820787852
784 784 553.05064633
785 785 150.98894537
786 786 236.676559786
787 787 443.925352692
788 788 535.36373815
789 789 289.218187595
790 790 204.074683944
791 791 245.107903188
792 792 310.525367715
793 793 297.641495943
794 794 32.5500349389
795 795 481.9860554
796 796 354.916692617
797 797 128.752245432
798 798 241.97523966
799 799 479.188553053
800 800 16.2880418009
801 801 615.034361178
802 802 22.1484565609
803 803 30.5511073638
804 804 418.95574694
805 805 169.736602766
806 806 0.000144098189715
807 807 299.332532466
808 808 442.887875597
809 809 622.39130431
810 810 0.00567046374445
811 811 2.19111596608
812 812 244.191224599
813 813 567.009190911
814 814 181.033329561
815 815 0.00430389840474
816 816 507.365963239
817 817 83.7329877106
818 818 0.00993425080134
819 819 421.808680377
820 820 106.670202562
821 821 358.027704192
822 822 165.264444336
823 823 140.394452855
824 824 296.680559192
825 825 233.599866153
826 826 439.809503322
827 827 187.321058143
828 828 99.1866730711
829 829 0.00826856166671
830 830 179.086810715
831 831 115.369669034
832 832 560.663265905
833 833 117.242345547
834 834 401.628823094
835 835 23.4156672323
836 836 527.593754553
837 837 8.34285885022e-05
838 838 564.132311241
839 839 0.0060395653011
840 840 121.44262566
841 841 0.00071258763893
842 842 165.245773514
843 843 0.00260632545554
844 844 608.056022592
845 845 439.289598367
846 846 495.336073969
847 847 427.524255073
848 848 347.322145972
849 849 535.179293947
850 850 219.032072904
851 851 595.942949338
852 852 202.763803285
853 853 0.0093010286445
854 854 58.7230031454
855 855 155.222591377
856 856 39.5769926297
857 857 94.0480777345
858 858 166.261175371
859 859 343.656790541
860 860 0.00307003113941
861 861 335.09053294
862 862 244.589714435
863 863 617.567985861
864 864 565.37576817
865 865 0.00343167663504
866 866 499.857007494
867 867 0.00563872392099
868 868 118.738458217
869 869 366.265590269
870 870 0.00669127283747
871 871 0.359682364741
872 872 579.041253642
873 873 378.029636605
874 874 0.0082899257962
875 875 207.022677212
876 876 165.929854472
877 877 0.00364698741022
878 878 0.0053223426197
879 879 75.365759718
880 880 429.296565463
881 881 520.709714382
882 882 212.49457019
883 883 0.00518437095758
884 884 456.908878243
885 885 0.00574096773973
886 886 188.313550912
887 887 0.00591097667573
888 888 469.545519984
889 889 316.49809418
890 890 581.641996432
891 891 0.00604904444395
892 892 178.583594541
893 893 0.00462826440929
894 894 602.120982666
895 895 150.57477654
896 896 477.96608485
897 897 333.300637779
898 898 581.195376145
899 899 0.00288084280136
900 900 319.508738177
901 901 213.631393613
902 902 0.00194227303554
903 903 195.2956384
904 904 197.194661183
905 905 563.455394898
906 906 378.277589237
907 907 502.552552664
908 908 249.259525532
909 909 283.223113116
910 910 0.00393085350314
911 911 0.00215389531552
912 912 202.391732943
913 913 0.00898983868164
914 914 219.33147479
915 915 418.140842058
916 916 152.904441991
917 917 164.775749323
918 918 596.741300096
919 919 507.625541879
920 920 0.00484786396917
921 921 354.782245245
922 922 305.36219606
923 923 273.488309108
924 924 458.463340655
925 925 0.00774557475551
926 926 0.00628519039415
927 927 221.192373549
928 928 44.8627129173
929 929 593.450032604
930 930 132.790458813
931 931 0.00137093380816
932 932 290.590137247
933 933 500.66176482
934 934 0.00956525069798
935 935 430.868051513
936 936 0.00575208301004
937 937 112.365211178
938 938 0.0026943523798
939 939 382.793282564
940 940 137.540731517
941 941 79.5693235686
942 942 47.0381642248
943 943 211.63184728
944 944 539.228734464
945 945 466.31255412
946 946 346.242742517
947 947 611.3345585
948 948 337.314080606
949 949 0.00604840206582
950 950 138.99379038
951 951 98.974888546
952 952 9.20056320497e-05
953 953 75.1320034986
954 954 208.033290483
955 955 266.933349383
956 956 258.742422471
957 957 539.798751821
958 958 219.28952644
959 959 527.510487084
960 960 261.374199949
961 961 17.1317387635
962 962 182.922393984
963 963 490.411267612
964 964 176.97375901
965 965 83.6051442605
966 966 495.204932556
967 967 536.1423574
968 968 332.561633906
969 969 426.557953884
970 970 462.895191401
971 971 43.9221838299
972 972 268.701297887
973 973 299.982314714
974 974 74.0411426066
975 975 347.104458307
976 976 485.861496917
977 977 0.0019947909801
978 978 416.396661316
979 979 254.515415718
980 980 568.225264592
981 981 0.000341524305036
982 982 0.0088895343637
983 983 529.299100482
984 984 116.977475736
985 985 82.7414307701
986 986 82.7889158427
987 987 554.776505196
988 988 99.6149155897
989 989 542.398869305
990 990 8.01583795897
991 991 128.450670952
992 992 494.483047717
993 993 589.233032191
994 994 610.728178991
995 995 52.3378441448
996 996 221.171280113
997 997 596.825080174
998 998 200.471939783
999 999 573.026422128
1000 1000 451.829421483
1001 1001 0.0059563204256
1002 1002 290.2118148
1003 1003 315.796665032
1004 1004 227.850363624
1005 1005 407.065065114
1006 1006 412.807668674
1007 1007 460.927613212
1008 1008 0.00365904907489
1009 1009 578.760367323
1010 1010 0.0078944595381
1011 1011 40.8410942769
1012 1012 84.7475297426
1013 1013 581.799347202
1014 1014 545.970285346
1015 1015 428.037628317
1016 1016 482.961314545
1017 1017 0.00525282720757
1018 1018 148.63509066
1019 1019 0.00773007224293
1020 1020 424.486257159
1021 1021 588.71477367
1022 1022 0.00459450794869
1023 1023 264.594272933
1024 1024 106.871098456
1025 1025 328.332193377
1026 1026 310.252916244
1027 1027 0.000176556262146
1028 1028 0.00579643896768
1029 1029 221.321054063
1030 1030 272.976576684
1031 1031 593.215994266
1032 1032 374.181054389
1033 1033 199.757041836
1034 1034 0.00423408966341
1035 1035 430.434533455
1036 1036 0.00105867112906
1037 1037 20.2873154452
1038 1038 0.00494722194276
1039 1039 259.807920202
1040 1040 149.924419994
1041 1041 0.000985314324643
1042 1042 282.071097755
1043 1043 73.2013563004
1044 1044 359.448585027
1045 1045 0.000112701802384
1046 1046 0.00914235657542
1047 1047 0.00900993869724
1048 1048 391.792889624
1049 1049 200.935914138
1050 1050 10.9161618444
1051 1051 0.00924062268434
1052 1052 264.347458746
1053 1053 603.871789508
1054 1054 436.608223727
1055 1055 320.820251275
1056 1056 0.0014826956778
1057 1057 513.026535729
1058 1058 326.321843212
1059 1059 199.733399056
1060 1060 81.5209859352
1061 1061 582.98409543
1062 1062 503.893387437
1063 1063 523.750077766
1064 1064 0.00853259774024
1065 1065 305.07224396
1066 1066 573.288805951
1067 1067 157.603914139
1068 1068 7.02109348935
1069 1069 33.7915619697
1070 1070 508.610679925
1071 1071 251.116985272
1072 1072 0.00126419659247
1073 1073 288.167778976
1074 1074 0.00966042304867
1075 1075 55.9367671176
1076 1076 0.000212613788219
1077 1077 33.6837026434
1078 1078 383.008262831
1079 1079 401.481863639
1080 1080 471.618264286
1081 1081 276.876445219
1082 1082 0.00839311592475
1083 1083 91.6563519824
1084 1084 157.744278642
1085 1085 0.00402456588338
1086 1086 479.817184523
1087 1087 0.00378953999187
1088 1088 100.295383447
1089 1089 300.665074762
1090 1090 28.1734472794
1091 1091 386.096375994
1092 1092 517.528066209
1093 1093 0.152186771182
1094 1094 274.201809469
1095 1095 461.967505423
1096 1096 229.253218031
1097 1097 555.531134691
1098 1098 0.00188736883461
1099 1099 3.22662636883
1100 1100 603.906564097
1101 1101 369.097443
1102 1102 602.045422784
1103 1103 107.686587089
1104 1104 384.347384488
1105 1105 10.0051174007
1106 1106 182.873985057
1107 1107 0.00165369767804
1108 1108 265.212553575
1109 1109 590.065987515
1110 1110 294.835819486
1111 1111 0.00298904775533
1112 1112 41.3832696101
1113 1113 0.00558798808098
1114 1114 542.857596582
1115 1115 0.00261813963547
1116 1116 109.828270566
1117 1117 351.692323631
1118 1118 597.851885881
1119 1119 563.023826253
1120 1120 221.165223245
1121 1121 47.5830335895
1122 1122 85.2828119688
1123 1123 0.00714322790988
1124 1124 519.907943886
1125 1125 613.993464163
1126 1126 492.008764228
1127 1127 48.7102688059
1128 1128 392.244622791
1129 1129 418.362012344
1130 1130 327.954741759
1131 1131 287.614127438
1132 1132 442.211769951
1133 1133 301.759581405
1134 1134 50.1951805551
1135 1135 169.883050727
1136 1136 301.145110036
1137 1137 0.00963547554405
1138 1138 264.068672516
1139 1139 3.5754952926e-05
1140 1140 45.8823881671
1141 1141 77.5532958564
1142 1142 310.982056066
1143 1143 432.376659226
1144 1144 207.715225664
1145 1145 617.223273325
1146 1146 340.481770903
1147 1147 0.0067087157787
1148 1148 59.8205079651
1149 1149 608.112286467
1150 1150 0.00096435566911
1151 1151 299.631652601
1152 1152 0.00398137790882
1153 1153 519.21212804
1154 1154 577.433046631
1155 1155 0.00721613577593
1156 1156 121.876657175
1157 1157 125.399541346
1158 1158 295.251766453
1159 1159 513.810834427
1160 1160 257.258343473
1161 1161 179.755187652
1162 1162 620.46714844
1163 1163 67.7216298274
1164 1164 232.133010018
1165 1165 563.589079045
1166 1166 81.3056207945
1167 1167 181.70766537
1168 1168 490.313036435
1169 1169 287.009015701
1170 1170 385.183205252
1171 1171 180.564465036
1172 1172 56.038124213
1173 1173 351.911579748
1174 1174 574.444808711
1175 1175 0.00286209150698
1176 1176 469.871164831
1177 1177 84.3344021926
1178 1178 268.294400987
1179 1179 346.905306362
1180 1180 135.92315366
1181 1181 0.00224442439923
1182 1182 445.004036301
1183 1183 42.6512815963
1184 1184 0.00201840410101
1185 1185 7.72529900321
1186 1186 311.556268749
1187 1187 241.228162733
1188 1188 341.678224358
1189 1189 0.000120847448346
1190 1190 616.936463301
1191 1191 497.512095198
1192 1192 141.372402571
1193 1193 475.851529487
1194 1194 0.00522398917411
1195 1195 477.279921886
1196 1196 267.82214859
1197 1197 0.00683716071316
1198 1198 540.713513646
1199 1199 0.00713945776558
1200 1200 465.392820651
1201 1201 0.00499304392989
1202 1202 403.517783059
1203 1203 0.00187251609686
1204 1204 109.371152307
1205 1205 0.00434984693199
1206 1206 198.059459558
1207 1207 241.969818405
1208 1208 616.17247217
1209 1209 352.345314723
1210 1210 0.00707345290138
1211 1211 599.779429094
1212 1212 3.18293544081e-05
1213 1213 421.698824883
1214 1214 539.472936219
1215 1215 545.276406786
1216 1216 161.061898602
1217 1217 0.00014534095623
1218 1218 236.25839183
1219 1219 583.843130812
1220 1220 527.435526732
1221 1221 13.226651457
1222 1222 420.825224119
1223 1223 509.237406297
1224 1224 138.382628141
1225 1225 530.367761873
1226 1226 294.444495458
1227 1227 312.462343189
1228 1228 179.338678223
1229 1229 592.809082884
1230 1230 183.377148735
1231 1231 133.675792585
1232 1232 425.974327157
1233 1233 60.7811665859
1234 1234 314.590997144
1235 1235 239.204229602
1236 1236 409.012129717
1237 1237 520.956510838
1238 1238 129.665921144
1239 1239 184.635637038
1240 1240 0.00956389306782
1241 1241 0.00453287691238
1242 1242 528.49693758
1243 1243 153.439938514
1244 1244 0.00514652813635
1245 1245 215.232751488
1246 1246 624.326171521
1247 1247 583.271572641
1248 1248 43.5212362609
1249 1249 0.00806761057429
1250 1250 62.6519421077
1251 1251 319.115596242
1252 1252 0.00595833540403
1253 1253 0.00914375262779
1254 1254 123.122299669
1255 1255 13.1006700887
1256 1256 0.00163732527982
1257 1257 0.00694319011268
1258 1258 494.448905303
1259 1259 93.9346308276
1260 1260 182.232942248
1261 1261 172.200745783
1262 1262 475.920211623
1263 1263 457.571218892
1264 1264 182.43440164
1265 1265 532.92581672
1266 1266 0.00901235269146
1267 1267 515.093738967
1268 1268 413.050549279
1269 1269 0.00861249031003
1270 1270 163.509259484
1271 1271 346.413296502
1272 1272 0.00831255045801
1273 1273 465.880426
1274 1274 603.602856802
1275 1275 346.962764654
1276 1276 0.0021027956385
1277 1277 276.568605398
1278 1278 0.00701837592487
1279 1279 339.530078579
1280 1280 0.00358196545264
1281 1281 242.825796778
1282 1282 391.881854159
1283 1283 7.23251488596e-05
1284 1284 406.487420316
1285 1285 72.4631099412
1286 1286 0.00738586004363
1287 1287 0.00535189530154
1288 1288 453.651124993
1289 1289 0.0097496041859
1290 1290 0.00976427361473
1291 1291 349.246104714
1292 1292 198.735437593
1293 1293 210.743517038
1294 1294 239.159106937
1295 1295 469.991908099
1296 1296 584.123667961
1297 1297 0.00901546156427
1298 1298 200.847037136
1299 1299 0.00404794954186
1300 1300 328.370124612
1301 1301 9.99509179462
1302 1302 0.00861282928778
1303 1303 0.00214060628757
1304 1304 141.115789842
1305 1305 381.582919464
1306 1306 517.408820706
1307 1307 0.00515334538609
1308 1308 600.312200134
1309 1309 333.11967801
1310 1310 575.941614015
1311 1311 86.4878464948
1312 1312 74.3716263369
1313 1313 0.003057925361
1314 1314 0.00755497749075
1315 1315 20.077817703
1316 1316 264.241001389
1317 1317 123.886764709
1318 1318 0.00150883154693
1319 1319 101.100074589
1320 1320 234.328484623
1321 1321 31.6239737414
1322 1322 538.597636842
1323 1323 260.518536889
1324 1324 405.457863677
1325 1325 142.328278064
1326 1326 368.179182897
1327 1327 0.00051708666362
1328 1328 206.582680387
1329 1329 185.684393092
1330 1330 0.00220931846967
1331 1331 0.00139277834489
1332 1332 0.00237046027341
1333 1333 125.287872289
1334 1334 606.973016874
1335 1335 11.9420902768
1336 1336 0.00638681432137
1337 1337 6.49888638967
1338 1338 493.242074155
1339 1339 290.619658151
1340 1340 0.00855104941431
1341 1341 548.769330123
1342 1342 185.623760417
1343 1343 124.311042322
1344 1344 0.000710007229923
1345 1345 360.163387014
1346 1346 92.7077986552
1347 1347 449.768722819
1348 1348 111.197345558
1349 1349 92.2049145335
1350 1350 0.00163816513587
1351 1351 528.847831125
1352 1352 272.690895098
1353 1353 0.00130904310865
1354 1354 566.794575158
1355 1355 0.00404169461429
1356 1356 449.757685505
1357 1357 402.969570299
1358 1358 0.00341339155023
1359 1359 154.245497509
1360 1360 120.696732959
1361 1361 82.3526701087
1362 1362 168.070586134
1363 1363 0.00228229935503
1364 1364 165.34919582
1365 1365 402.174843764
1366 1366 438.471271581
1367 1367 0.0080067805285
1368 1368 151.773356211
1369 1369 10.2084418562
1370 1370 580.86789009
1371 1371 0.00743975328579
1372 1372 188.198938929
1373 1373 165.180088205
1374 1374 481.245280952
1375 1375 0.000861735679451
1376 1376 334.052565626
1377 1377 0.000485401008308
1378 1378 342.629191695
1379 1379 439.637395256
1380 1380 311.737881541
1381 1381 2.40068790154
1382 1382 0.000165666283381
1383 1383 430.97259519
1384 1384 280.026573841
1385 1385 0.000929101141576
1386 1386 296.692136893
1387 1387 576.964322817
1388 1388 467.409144725
1389 1389 447.220122379
1390 1390 296.378634489
1391 1391 252.761818967
1392 1392 0.00854135111703
1393 1393 303.020057154
1394 1394 103.222721189
1395 1395 65.729862492
1396 1396 501.717522503
1397 1397 234.34558932
1398 1398 501.88966254
1399 1399 19.929421452
1400 1400 143.726616609
1401 1401 22.7885773543
1402 1402 492.494772921
1403 1403 0.00432452701303
1404 1404 374.289460378
1405 1405 114.761061675
1406 1406 0.00166264676821
1407 1407 209.455081756
1408 1408 79.4468004635
1409 1409 432.720342253
1410 1410 0.00507049694907
1411 1411 0.00829653239255
1412 1412 335.782892
1413 1413 0.00691493922913
1414 1414 309.448401734
1415 1415 48.7333998764
1416 1416 419.734118104
1417 1417 243.674602359
1418 1418 547.951070612
1419 1419 180.545730808
1420 1420 477.005026327
1421 1421 0.000903315937837
1422 1422 570.758521889
1423 1423 74.9555363436
1424 1424 303.654147993
1425 1425 0.00949373165572
1426 1426 199.992484471
1427 1427 16.3505710777
1428 1428 352.784068896
1429 1429 0.00484925011984
1430 1430 29.0489580634
1431 1431 378.787861607
1432 1432 0.00427548945088
1433 1433 0.00156143434473
1434 1434 91.6129605678
1435 1435 383.494928937
1436 1436 95.1001858711
1437 1437 0.00756394162661
1438 1438 379.54004545
1439 1439 607.714235545
1440 1440 272.099051595
1441 1441 305.152493057
1442 1442 200.667340968
1443 1443 61.7384713746
1444 1444 35.4413792219
1445 1445 474.213990005
1446 1446 237.252068824
1447 1447 3.91039416463
1448 1448 131.700234131
1449 1449 571.646056988
1450 1450 525.718009376
1451 1451 231.258128696
1452 1452 19.2532305624
1453 1453 39.9207609283
1454 1454 620.928787213
1455 1455 0.00890506752058
1456 1456 491.106326664
1457 1457 0.00762468378249
1458 1458 585.26012352
1459 1459 124.683807673
1460 1460 264.684016709
1461 1461 478.041905201
1462 1462 86.7172302671
1463 1463 415.426469776
1464 1464 502.997278535
1465 1465 0.00311275263532
1466 1466 329.356355405
1467 1467 107.67676819
1468 1468 75.4301421918
1469 1469 567.959727299
1470 1470 536.376108011
1471 1471 111.776427916
1472 1472 297.354053139
1473 1473 73.0030521492
1474 1474 383.952903889
1475 1475 417.23360851
1476 1476 58.8057920745
1477 1477 124.032722885
1478 1478 263.281750017
1479 1479 243.087519106
1480 1480 7.59575212094
1481 1481 529.004689066
1482 1482 319.930582992
1483 1483 96.1675966322
1484 1484 0.00654565888203
1485 1485 515.174453301
1486 1486 384.873583684
1487 1487 429.832024583
1488 1488 0.00223980859137
1489 1489 589.266176316
1490 1490 0.00742371666354
1491 1491 208.17800389
1492 1492 298.12114046
1493 1493 317.904918018
1494 1494 549.287505119
1495 1495 482.427669719
1496 1496 498.426331773
1497 1497 228.266449893
1498 1498 209.484653557
1499 1499 481.539943892
1500 1500 603.285663214
1501 1501 0.00555301960047
1502 1502 490.51506434
1503 1503 234.950466517
1504 1504 461.52926196
1505 1505 0.00796877533277
1506 1506 358.207800313
1507 1507 552.563344276
1508 1508 0.00556392213002
1509 1509 344.809882687
1510 1510 325.123874086
1511 1511 0.00539585891024
1512 1512 451.744395616
1513 1513 229.184003273
1514 1514 222.668224203
1515 1515 280.937264182
1516 1516 280.184662164
1517 1517 376.748922072
1518 1518 585.617128515
1519 1519 463.172234847
1520 1520 338.173553828
1521 1521 412.547279122
1522 1522 395.332470137
1523 1523 622.805426108
1524 1524 424.067245587
1525 1525 234.854949672
1526 1526 0.00767860325928
1527 1527 66.7039676619
1528 1528 431.410941234
1529 1529 293.484132888
1530 1530 262.389908134
1531 1531 282.911771996
1532 1532 392.55855392
1533 1533 456.56953598
1534 1534 73.9118040975
1535 1535 0.00460292991486
1536 1536 233.694759223
1537 1537 162.495927199
1538 1538 511.097422789
1539 1539 460.447937371
1540 1540 0.00253752382516
1541 1541 304.811046334
1542 1542 438.961667222
1543 1543 266.547931294
1544 1544 175.142489221
1545 1545 424.855804804
1546 1546 604.846786641
1547 1547 545.638869759
1548 1548 0.00129644610063
1549 1549 414.228446156
1550 1550 0.00988084097535
1551 1551 622.340672299
1552 1552 567.04470298
1553 1553 252.500117269
1554 1554 136.180710885
1555 1555 0.00240915061928
1556 1556 354.15187834
1557 1557 555.539729576
1558 1558 0.00366972504999
1559 1559 398.204539406
1560 1560 551.442862632
1561 1561 193.711845252
1562 1562 375.335241366
1563 1563 172.034998146
1564 1564 148.286502755
1565 1565 321.634808729
1566 1566 336.396685488
1567 1567 6.92034475624
1568 1568 34.3169327156
1569 1569 35.9650979205
1570 1570 101.110574288
1571 1571 180.380715417
1572 1572 0.00432472850229
1573 1573 80.0198869067
1574 1574 401.024132081
1575 1575 99.4743570765
1576 1576 277.300574973
1577 1577 615.220962837
1578 1578 0.0021914198216
1579 1579 414.450498066
1580 1580 608.592900508
1581 1581 94.8229794994
1582 1582 248.397079807
1583 1583 39.462135484
1584 1584 369.796441648
1585 1585 609.05398228
1586 1586 0.00569686313179
1587 1587 0.00552565248451
1588 1588 436.953160041
1589 1589 0.00591274540007
1590 1590 487.610860647
1591 1591 215.48072479
1592 1592 392.674521963
1593 1593 479.183160643
1594 1594 349.115315356
1595 1595 283.662640929
1596 1596 0.00932856701839
1597 1597 546.198762676
1598 1598 208.078335474
1599 1599 0.00828180165903
1600 1600 481.785923941
1601 1601 199.557427676
1602 1602 92.7062180962
1603 1603 503.546992568
1604 1604 313.227376792
1605 1605 92.4901969273
1606 1606 378.897219902
1607 1607 0.00878101946818
1608 1608 109.101197081
1609 1609 0.00793210921983
1610 1610 316.281972016
1611 1611 188.597524966
1612 1612 154.00433845
1613 1613 534.047573426
1614 1614 342.350389334
1615 1615 547.962745609
1616 1616 149.975648649
1617 1617 187.037045957
1618 1618 468.819647532
1619 1619 9.87240487799
1620 1620 566.846086057
1621 1621 110.323928238
1622 1622 383.746194397
1623 1623 417.911166887
1624 1624 0.000429970169587
1625 1625 0.00245857421211
1626 1626 259.105153355
1627 1627 591.288245626
1628 1628 460.713948797
1629 1629 2.08013191646e-05
1630 1630 328.965033475
1631 1631 0.00877805974454
1632 1632 0.00800323421456
1633 1633 42.5528422878
1634 1634 565.171141229
1635 1635 50.3050158843
1636 1636 362.085464699
1637 1637 0.00347851195943
1638 1638 0.00895470098784
1639 1639 0.951160680399
1640 1640 422.042452776
1641 1641 188.021811868
1642 1642 414.699339768
1643 1643 0.00710204308447
1644 1644 507.21091636
1645 1645 525.492456645
1646 1646 330.153892097
1647 1647 107.883812245
1648 1648 304.920516258
1649 1649 274.657375886
1650 1650 0.0042381653241
1651 1651 108.450980455
1652 1652 0.00856823984196
1653 1653 0.00715563300552
1654 1654 526.027106414
1655 1655 296.969459569
1656 1656 0.00715023177433
1657 1657 0.00531856004101
1658 1658 114.259975336
1659 1659 454.869163086
1660 1660 108.982813894
1661 1661 80.0099193917
1662 1662 0.000838014040351
1663 1663 22.5104212465
1664 1664 310.959759551
1665 1665 367.815457779
1666 1666 0.00910814776851
1667 1667 0.00809642462881
1668 1668 454.105591535
1669 1669 80.3919896989
1670 1670 221.439982335
1671 1671 0.00187095930541
1672 1672 515.858105372
1673 1673 510.357859011
1674 1674 32.3080976393
1675 1675 0.00595581297121
1676 1676 0.00155626239049
1677 1677 63.2634339153
1678 1678 531.206814671
1679 1679 441.695732734
1680 1680 186.891904882
1681 1681 336.295825327
1682 1682 562.607176971
1683 1683 469.584090225
1684 1684 47.5571476696
1685 1685 145.106542675
1686 1686 0.00431428577992
1687 1687 1.12513495432
1688 1688 126.406396903
1689 1689 0.00977319761261
1690 1690 585.991293096
1691 1691 307.435495455
1692 1692 0.000247898890106
1693 1693 132.979993737
1694 1694 46.3973101975
1695 1695 0.00714356134366
1696 1696 454.014803507
1697 1697 489.229073352
1698 1698 622.823019249
1699 1699 135.6528192
1700 1700 320.339522744
1701 1701 508.927002449
1702 1702 481.342443798
1703 1703 0.00898829804189
1704 1704 566.901996267
1705 1705 478.525863317
1706 1706 562.906003934
1707 1707 237.854019078
1708 1708 0.00787955141331
1709 1709 16.5077561004
1710 1710 107.545768914
1711 1711 578.646280983
1712 1712 599.417828022
1713 1713 606.959739617
1714 1714 0.00142683092131
1715 1715 2.77709675673
1716 1716 384.247404483
1717 1717 0.00642814763994
1718 1718 0.00561214346428
1719 1719 0.00673076740508
1720 1720 0.00575623068753
1721 1721 0.00169147442802
1722 1722 603.197674963
1723 1723 146.685484661
1724 1724 0.0054668168116
1725 1725 0.00467096224896
1726 1726 242.671768971
1727 1727 0.00201066509816
1728 1728 0.00106164916021
1729 1729 197.794010864
1730 1730 169.107632828
1731 1731 319.501698078
1732 1732 334.774187049
1733 1733 275.390114454
1734 1734 0.00445997357704
1735 1735 255.452117446
1736 1736 0.000169384602687
1737 1737 0.00384674127546
1738 1738 268.207414448
1739 1739 327.349225184
1740 1740 127.964251419
1741 1741 621.466508231
1742 1742 0.00993688458363
1743 1743 163.529815421
1744 1744 43.5690917392
1745 1745 268.158320963
1746 1746 132.86564495
1747 1747 0.00908490115479
1748 1748 510.15787019
1749 1749 25.2077244491
1750 1750 267.241310311
1751 1751 321.139214024
1752 1752 208.323371614
1753 1753 253.99117668
1754 1754 424.301394976
1755 1755 0.00549215306605
1756 1756 345.898103087
1757 1757 274.423635928
1758 1758 568.382320036
1759 1759 231.846870661
1760 1760 438.613390794
1761 1761 27.8981878141
1762 1762 494.349018308
1763 1763 501.176067056
1764 1764 127.577652508
1765 1765 119.218948427
1766 1766 265.500613756
1767 1767 0.00759470263601
1768 1768 341.735842832
1769 1769 0.00520706337376
1770 1770 0.000573017417477
1771 1771 236.903546867
1772 1772 107.5172
1773 1773 0.00289317324166
1774 1774 49.0400680224
1775 1775 474.239287915
1776 1776 605.033705295
1777 1777 88.1916013014
1778 1778 35.9107972506
1779 1779 0.00112488204865
1780 1780 96.8532965897
1781 1781 546.203730423
1782 1782 127.527634335
1783 1783 405.8413164
1784 1784 336.917427705
1785 1785 165.017958536
1786 1786 550.293640366
1787 1787 0.0038098446433
1788 1788 343.218307564
1789 1789 396.736674204
1790 1790 37.6320147602
1791 1791 375.425265348
1792 1792 320.283877381
1793 1793 18.1288263307
1794 1794 614.316519809
1795 1795 379.444914875
1796 1796 233.038946996
1797 1797 80.8082799442
1798 1798 263.99712646
1799 1799 0.00640415916857
1800 1800 379.322370861
1801 1801 122.163486424
1802 1802 0.00152491719092
1803 1803 127.313051065
1804 1804 0.00728245324807
1805 1805 319.57740785
1806 1806 412.055663195
1807 1807 236.567452899
1808 1808 353.523900931
1809 1809 415.427109949
1810 1810 129.563309265
1811 1811 491.266816405
1812 1812 45.0554981964
1813 1813 0.00517634307558
1814 1814 65.5047502807
1815 1815 0.000181929864353
1816 1816 0.00389579151105
1817 1817 272.772604539
1818 1818 603.924017495
1819 1819 38.1213855553
1820 1820 221.391670062
1821 1821 71.9851585073
1822 1822 0.00222588809283
1823 1823 547.164394055
1824 1824 518.279482617
1825 1825 437.772882404
1826 1826 0.000955915520826
1827 1827 275.627954469
1828 1828 0.00533284094342
1829 1829 0.0093873988108
1830 1830 380.653460897
1831 1831 0.00531549763537
1832 1832 0.00810580287687
1833 1833 0.00527934151962
1834 1834 135.660339005
1835 1835 0.00304983593255
1836 1836 237.647852171
1837 1837 486.946646981
1838 1838 308.171663578
1839 1839 592.958054483
1840 1840 404.726955299
1841 1841 0.00118230020334
1842 1842 416.00945806
1843 1843 398.21123902
1844 1844 380.754831703
1845 1845 1.12459793384
1846 1846 611.461502733
1847 1847 239.069075565
1848 1848 226.569076668
1849 1849 45.0784426776
1850 1850 0.00138114922261
1851 1851 314.316071476
1852 1852 0.00407989038344
1853 1853 32.4977813622
1854 1854 394.789821014
1855 1855 0.00892406750379
1856 1856 200.608306792
1857 1857 138.240918902
1858 1858 292.537458669
1859 1859 68.8399389765
1860 1860 234.80088078
1861 1861 350.485514423
1862 1862 136.198595262
1863 1863 52.6198862112
1864 1864 511.572614293
1865 1865 426.520054324
1866 1866 585.763679493
1867 1867 0.00877419443704
1868 1868 460.577973378
1869 1869 0.00694166053832
1870 1870 163.246325291
1871 1871 591.409503936
1872 1872 434.739940297
1873 1873 556.62457145
1874 1874 294.103855336
1875 1875 451.081877676
1876 1876 216.758267259
1877 1877 0.00166035356415
1878 1878 333.686453919
1879 1879 160.269536691
1880 1880 544.119971753
1881 1881 0.00642625419652
1882 1882 76.6903803047
1883 1883 284.211364561
1884 1884 618.087553212
1885 1885 0.00916734793295
1886 1886 291.166898819
1887 1887 411.065729488
1888 1888 33.8180752676
1889 1889 449.950077748
1890 1890 107.387520468
1891 1891 616.756807099
1892 1892 0.00567730008847
1893 1893 0.000867252897434
1894 1894 114.481088753
1895 1895 491.892684016
1896 1896 362.511851384
1897 1897 43.6733315256
1898 1898 0.00740120093273
1899 1899 135.068913798
1900 1900 417.817644052
1901 1901 214.938211768
1902 1902 4.07373516172
1903 1903 316.148840584
1904 1904 0.00777304823234
1905 1905 0.000872700383288
1906 1906 587.400034945
1907 1907 0.0014574899141
1908 1908 0.0033686366749
1909 1909 0.00591272666554
1910 1910 538.860921182
1911 1911 285.809975481
1912 1912 0.00958784611715
1913 1913 0.00654770318628
1914 1914 610.245295086
1915 1915 168.397651507
1916 1916 343.643706335
1917 1917 359.133889172
1918 1918 545.299585114
1919 1919 52.3228685209
1920 1920 55.3875851281
1921 1921 0.00253929827022
1922 1922 184.140820762
1923 1923 191.132176164
1924 1924 590.620535525
1925 1925 318.302919864
1926 1926 517.20759414
1927 1927 116.617947478
1928 1928 240.273934137
1929 1929 527.003291138
1930 1930 267.315042746
1931 1931 120.714852014
1932 1932 503.780721904
1933 1933 165.24418108
1934 1934 19.5085664227
1935 1935 529.220546859
1936 1936 318.680454245
1937 1937 0.00244966936207
1938 1938 552.60483696
1939 1939 0.00395593999752
1940 1940 528.045307203
1941 1941 0.00842533260802
1942 1942 620.391685413
1943 1943 0.00578840494185
1944 1944 297.301793466
1945 1945 181.411305007
1946 1946 0.00631669232389
1947 1947 2.40669149271
1948 1948 237.907592958
1949 1949 490.989925856
1950 1950 0.00134617523302
1951 1951 424.601247394
1952 1952 27.8209393205
1953 1953 188.687478236
1954 1954 294.697846162
1955 1955 219.691831664
1956 1956 101.760720449
1957 1957 206.751678807
1958 1958 505.801082513
1959 1959 0.00644570706195
1960 1960 110.987256528
1961 1961 0.00568206261752
1962 1962 404.715642012
1963 1963 0.0018940527815
1964 1964 0.00452993634609
1965 1965 241.590655545
1966 1966 0.00857656016372
1967 1967 288.63363818
1968 1968 411.373146484
1969 1969 405.575078433
1970 1970 398.043376745
1971 1971 0.00144437208224
1972 1972 320.31496378
1973 1973 373.511331329
1974 1974 549.611063166
1975 1975 376.675235711
1976 1976 173.912055706
1977 1977 487.321450371
1978 1978 0.00518062769448
1979 1979 0.00852325237731
1980 1980 513.133107289
1981 1981 554.166671142
1982 1982 0.00359560126595
1983 1983 473.859906972
1984 1984 577.618069727
1985 1985 0.00483077422462
1986 1986 308.331261553
1987 1987 0.000772636338507
1988 1988 411.346323386
1989 1989 0.000945752963624
1990 1990 333.9713482
1991 1991 368.372937239
1992 1992 293.817522538
1993 1993 34.8619304796
1994 1994 0.00170137995189
1995 1995 0.00849470316149
1996 1996 0.000732647347759
1997 1997 196.863110745
1998 1998 402.228705676
1999 1999 0.00194180060956
2000 2000 360.092371156
2001 2001 25.0203576951
2002 2002 602.320523137
2003 2003 0.000882933967727
2004 2004 235.05239941
2005 2005 608.192421523
2006 2006 545.188117553
2007 2007 271.524429708
2008 2008 538.345748987
2009 2009 170.848873966
2010 2010 0.00706138023625
2011 2011 117.529697274
2012 2012 237.989791801
2013 2013 0.00289767078497
2014 2014 0.0045052337755
2015 2015 154.580079574
2016 2016 327.142174208
2017 2017 0.00901688380983
2018 2018 342.207999688
2019 2019 554.314251235
2020 2020 0.00738670215947
2021 2021 0.205141436206
2022 2022 379.495530352
2023 2023 378.097787877
2024 2024 0.00541060644276
2025 2025 605.842456003
2026 2026 0.00369792504567
2027 2027 0.00438485623744
2028 2028 429.947043611
2029 2029 562.182848979
2030 2030 0.0076048530662
2031 2031 0.00991503291615
2032 2032 413.077992777
2033 2033 569.76940587
2034 2034 611.546125881
2035 2035 484.189046392
2036 2036 0.00969429843824
2037 2037 0.0030475378853
2038 2038 311.601628074
2039 2039 90.6689144577
2040 2040 471.108820992
2041 2041 214.758318009
2042 2042 517.725615726
2043 2043 0.00765777737839
2044 2044 0.00821723740879
2045 2045 111.730618793
2046 2046 613.012642769
2047 2047 359.03197815
2048 2048 564.834321245
2049 2049 414.650271813
2050 2050 459.491584765
2051 2051 0.00672609724392
2052 2052 409.86612631
2053 2053 586.962331973
2054 2054 249.11064727
2055 2055 269.707486946
2056 2056 54.1329924992
2057 2057 564.863375492
2058 2058 0.00907635244576
2059 2059 283.597893979
2060 2060 276.946587187
2061 2061 220.774157096
2062 2062 222.185355083
2063 2063 0.00594024918758
2064 2064 0.00206964292483
2065 2065 14.9668773739
2066 2066 0.00959231803945
2067 2067 204.270914743
2068 2068 260.091458219
2069 2069 0.00684794851285
2070 2070 80.7428797907
2071 2071 191.096636635
2072 2072 243.902544026
2073 2073 0.0015129912094
2074 2074 506.815957076
2075 2075 0.00588198463769
2076 2076 0.00670626741684
2077 2077 187.755379798
2078 2078 52.5185579363
2079 2079 599.369744921
2080 2080 0.00437157389336
2081 2081 0.00731654560198
2082 2082 319.512449793
2083 2083 2.72561722767
2084 2084 390.049615299
2085 2085 169.976662288
2086 2086 269.806984469
2087 2087 235.06883401
2088 2088 191.112493731
2089 2089 220.758069281
2090 2090 0.00456652570834
2091 2091 525.788926358
2092 2092 0.00846486807502
2093 2093 0.00651560534553
2094 2094 325.796732314
2095 2095 253.167837345
2096 2096 86.1972152744
2097 2097 583.551838163
2098 2098 340.68164283
2099 2099 156.269074284
2100 2100 362.603192533
2101 2101 83.7488165694
2102 2102 11.1325915218
2103 2103 183.444484668
2104 2104 0.00951589196687
2105 2105 57.5517614349
2106 2106 0.00888057553305
2107 2107 337.802047983
2108 2108 503.640425357
2109 2109 321.956762164
2110 2110 264.081542922
2111 2111 291.3870762
2112 2112 156.950827017
2113 2113 345.207927813
2114 2114 0.00231418291588
2115 2115 13.3137596739
2116 2116 231.73270315
2117 2117 284.952021595
2118 2118 146.295857688
2119 2119 296.802038508
2120 2120 0.00571342781405
2121 2121 530.077137105
2122 2122 399.175528305
2123 2123 75.1996245843
2124 2124 555.715416464
2125 2125 102.429536153
2126 2126 449.330831579
2127 2127 0.000902124870077
2128 2128 363.753380265
2129 2129 29.2388217672
2130 2130 51.5523418477
2131 2131 294.830439877
2132 2132 368.183671929
2133 2133 0.00436709200797
2134 2134 469.094679379
2135 2135 607.959651201
2136 2136 180.590565614
2137 2137 238.997869507
2138 2138 345.023661779
2139 2139 46.1437823281
2140 2140 0.00484808205492
2141 2141 197.63081648
2142 2142 0.00777149860634
2143 2143 47.0414009112
2144 2144 0.00595643362889
2145 2145 548.418672385
2146 2146 0.00923956161314
2147 2147 0.00380976487011
2148 2148 411.040894629
2149 2149 316.098664728
2150 2150 255.103661127
2151 2151 0.00705138702795
2152 2152 177.815529134
2153 2153 510.095888641
2154 2154 462.487618114
2155 2155 487.997713842
2156 2156 107.580255488
2157 2157 0.00256728134912
2158 2158 614.233994471
2159 2159 142.675557773
2160 2160 293.564221623
2161 2161 439.174605229
2162 2162 327.960338549
2163 2163 601.128153166
2164 2164 433.056191605
2165 2165 0.00248352530822
2166 2166 253.627859395
2167 2167 562.160393985
2168 2168 197.648464217
2169 2169 0.00952945015096
2170 2170 0.000151539258388
2171 2171 0.00614718476294
2172 2172 0.00643535425775
2173 2173 515.516356526
2174 2174 424.657267927
2175 2175 311.361350882
2176 2176 258.908468941
2177 2177 61.38940496
2178 2178 0.00625748952369
2179 2179 369.066952486
2180 2180 49.9531651892
2181 2181 413.481728101
2182 2182 271.96334578
2183 2183 72.0026357695
2184 2184 401.36054028
2185 2185 0.00381211096807
2186 2186 427.674105223
2187 2187 0.00349250036216
2188 2188 494.251500763
2189 2189 478.144295144
2190 2190 463.393980939
2191 2191 490.977286193
2192 2192 48.747673307
2193 2193 380.132582781
2194 2194 393.673306648
2195 2195 210.133525342
2196 2196 597.361177094
2197 2197 243.584050504
2198 2198 0.00322873323318
2199 2199 0.00662635143183
2200 2200 489.455463662
2201 2201 554.150391948
2202 2202 411.956244255
2203 2203 0.00364089796056
2204 2204 150.581014953
2205 2205 264.010335825
2206 2206 457.937873908
2207 2207 291.459381293
2208 2208 212.9755983
2209 2209 451.683083301
2210 2210 587.871199462
2211 2211 572.573593182
2212 2212 203.203233326
2213 2213 441.652135539
2214 2214 488.82500686
2215 2215 351.138673989
2216 2216 605.949012329
2217 2217 622.37419778
2218 2218 527.708030637
2219 2219 49.8200558713
2220 2220 612.007632015
2221 2221 176.024858372
2222 2222 575.282435657
2223 2223 569.441567328
2224 2224 175.827563285
2225 2225 379.985532116
2226 2226 0.000624177693904
2227 2227 610.015691778
2228 2228 291.163561881
2229 2229 0.00424718517351
2230 2230 0.00660391371477
2231 2231 471.322703098
2232 2232 269.826179235
2233 2233 213.198979485
2234 2234 41.2157609948
2235 2235 469.960883751
2236 2236 494.820852395
2237 2237 0.00425822286169
2238 2238 556.513856934
2239 2239 0.00931559723722
2240 2240 4.8936675094
2241 2241 574.941428136
2242 2242 99.0548123065
2243 2243 600.739887053
2244 2244 0.00656608107541
2245 2245 60.2343976947
2246 2246 219.849649325
2247 2247 581.887575651
2248 2248 0.000603227270945
2249 2249 17.7562614095
2250 2250 0.00692636742727
2251 2251 542.071028191
2252 2252 191.146095761
2253 2253 548.534368585
2254 2254 282.032332137
2255 2255 107.965971706
2256 2256 37.6440903735
2257 2257 326.811760982
2258 2258 0.00889906276735
2259 2259 0.00369632649394
2260 2260 0.00942746688326
2261 2261 142.666049237
2262 2262 318.494542447
2263 2263 34.4013978886
2264 2264 0.00827471233008
2265 2265 589.02834945
2266 2266 167.527496256
2267 2267 52.3874507734
2268 2268 282.399774306
2269 2269 281.842866627
2270 2270 94.1458481821
2271 2271 322.801403367
2272 2272 514.559746262
2273 2273 0.0039126058869
2274 2274 250.735161857
2275 2275 91.1529645561
2276 2276 0.00729214843527
2277 2277 363.363795767
2278 2278 232.05984017
2279 2279 625.57670606
2280 2280 605.43349228
2281 2281 0.00654292325231
2282 2282 0.00252379105083
2283 2283 228.130448355
2284 2284 245.515302738
2285 2285 524.357257275
2286 2286 65.7117487529
2287 2287 0.00942830896929
2288 2288 0.0087363176632
2289 2289 104.458031369
2290 2290 4.42868963773
2291 2291 253.569851007
2292 2292 575.96601585
2293 2293 385.053206956
2294 2294 0.00588528028515
2295 2295 0.00566036524496
2296 2296 0.00624024485659
2297 2297 0.00241429044176
2298 2298 0.00524674216612
2299 2299 528.521530318
2300 2300 545.773536685
2301 2301 579.560570895
2302 2302 134.406657884
2303 2303 0.00323763985515
2304 2304 7.86774997443
2305 2305 6.84234468138
2306 2306 564.395190344
2307 2307 33.2345149108
2308 2308 577.28742164
2309 2309 0.00327885606442
2310 2310 438.48023043
2311 2311 0.00332527625938
2312 2312 0.00409877615799
2313 2313 0.0070973426951
2314 2314 0.00326187679627
2315 2315 0.000213163297678
2316 2316 30.4431886221
2317 2317 0.000717143760361
2318 2318 368.258452592
2319 2319 0.00933687730417
2320 2320 315.635954922
2321 2321 496.416256376
2322 2322 0.000838340278024
2323 2323 432.801114809
2324 2324 0.009233452617
2325 2325 602.540875932
2326 2326 379.873927733
2327 2327 0.00872529817773
2328 2328 580.522928693
2329 2329 0.00335762018416
2330 2330 0.00327237956629
2331 2331 600.63694507
2332 2332 115.339426405
2333 2333 482.440057247
2334 2334 0.00145174061145
2335 2335 0.00629308411415
2336 2336 155.723309972
2337 2337 323.10358196
2338 2338 0.0077600147026
2339 2339 603.933015345
2340 2340 413.203912614
2341 2341 148.117184642
2342 2342 0.000817283514044
2343 2343 15.4912593767
2344 2344 89.8483002724
2345 2345 0.0030941497667
2346 2346 505.490169166
2347 2347 0.00299489028257
2348 2348 0.000256915888336
2349 2349 326.395607668
2350 2350 291.065138119
2351 2351 236.25798571
2352 2352 568.182590904
2353 2353 237.173999246
2354 2354 0.00650864457052
2355 2355 0.000315130576558
2356 2356 71.622178142
2357 2357 360.134200243
2358 2358 0.0067226330382
2359 2359 78.8189922838
2360 2360 377.331021028
2361 2361 405.202570742
2362 2362 539.417786459
2363 2363 580.479100108
2364 2364 28.6767513096
2365 2365 347.969836585
2366 2366 381.75457563
2367 2367 0.00608378184967
2368 2368 592.57630924
2369 2369 94.3109965912
2370 2370 5.84063745106
2371 2371 511.878168115
2372 2372 106.031110188
2373 2373 136.89603832
2374 2374 501.583614968
2375 2375 31.1314440768
2376 2376 0.00763594724666
2377 2377 0.0028722915777
2378 2378 587.44259749
2379 2379 280.147785333
2380 2380 267.201656432
2381 2381 95.474743628
2382 2382 293.679183942
2383 2383 94.122420634
2384 2384 38.2961609091
2385 2385 142.048510304
2386 2386 456.301238389
2387 2387 194.800777714
2388 2388 0.00521054368819
2389 2389 127.750056443
2390 2390 342.162016117
2391 2391 294.74449318
2392 2392 481.561962013
2393 2393 0.00977840773542
2394 2394 0.00780165367084
2395 2395 0.00144752569252
2396 2396 355.927466862
2397 2397 239.679278545
2398 2398 585.340766558
2399 2399 3.18026135273
2400 2400 492.463569425
2401 2401 559.63794909
2402 2402 291.724629401
2403 2403 616.903614504
2404 2404 296.716119943
2405 2405 373.001582509
2406 2406 447.786258801
2407 2407 136.845175486
2408 2408 0.00893172594887
2409 2409 385.186032106
2410 2410 8.52595252029
2411 2411 149.332135281
2412 2412 0.00935025909921
2413 2413 553.894867277
2414 2414 0.00902387040999
2415 2415 472.852030782
2416 2416 102.943743497
2417 2417 0.00803068521395
2418 2418 135.123848252
2419 2419 225.979238526
2420 2420 578.956003383
2421 2421 155.455578773
2422 2422 478.004993146
2423 2423 383.463065332
2424 2424 552.884967399
2425 2425 371.319381524
2426 2426 36.8083985346
2427 2427 0.00834894005655
2428 2428 222.622982126
2429 2429 211.87705726
2430 2430 465.630628599
2431 2431 248.066852744
2432 2432 130.229962468
2433 2433 399.707489931
2434 2434 619.089389432
2435 2435 231.575096546
2436 2436 498.456777299
2437 2437 0.00813854952641
2438 2438 0.000858832900813
2439 2439 0.00941303772339
2440 2440 288.039364569
2441 2441 386.206000116
2442 2442 0.00614943865054
2443 2443 284.848405443
2444 2444 0.00628317171059
2445 2445 424.872746991
2446 2446 0.0027147018524
2447 2447 0.00221080421392
2448 2448 200.352069766
2449 2449 597.357508698
2450 2450 149.935776371
2451 2451 185.918859448
2452 2452 510.252189624
2453 2453 489.932637167
2454 2454 81.0305457089
2455 2455 523.949300377
2456 2456 363.404014369
2457 2457 329.062233295
2458 2458 614.724380141
2459 2459 565.238823726
2460 2460 177.674170468
2461 2461 345.621043789
2462 2462 611.287513049
2463 2463 549.302967086
2464 2464 141.845057366
2465 2465 0.00669644958239
2466 2466 0.000899102854532
2467 2467 0.00243644208932
2468 2468 356.379794947
2469 2469 305.527965555
2470 2470 0.00512464521792
2471 2471 0.00395415528572
2472 2472 143.595813031
2473 2473 543.194851902
2474 2474 0.00454484347697
2475 2475 0.00743586243678
2476 2476 0.00237412973521
2477 2477 292.52978136
2478 2478 505.733888474
2479 2479 0.00740680143418
2480 2480 513.106577624
2481 2481 392.934412765
2482 2482 304.424699894
2483 2483 244.13333665
2484 2484 0.0054587949937
2485 2485 82.7660986513
2486 2486 60.6262811502
2487 2487 542.093918387
2488 2488 0.00362917692812
2489 2489 323.246924213
2490 2490 147.804572249
2491 2491 284.388061098
2492 2492 209.794243551
2493 2493 194.899387841
2494 2494 277.483297038
2495 2495 495.287347402
2496 2496 293.652152517
2497 2497 329.003828595
2498 2498 271.352232778
2499 2499 22.6528368874
2500 2500 0.0086953070364
2501 2501 494.195970802
2502 2502 110.84158588
2503 2503 177.836564117
2504 2504 454.871766438
2505 2505 433.012687915
2506 2506 406.316829423
2507 2507 0.00455963375392
2508 2508 541.751195589
2509 2509 596.465455915
2510 2510 0.00567303685209
2511 2511 0.00678121535363
2512 2512 612.934875111
2513 2513 146.587007217
2514 2514 88.3066890002
2515 2515 0.000376340910973
2516 2516 0.00918554248392
2517 2517 373.570703041
2518 2518 266.991460978
2519 2519 0.00896153540955
2520 2520 0.00977551821052
2521 2521 239.165328674
2522 2522 48.927330521
2523 2523 254.767264931
2524 2524 0.0097646246869
2525 2525 287.374865607
2526 2526 349.486366143
2527 2527 150.977921413
2528 2528 0.00884975194255
2529 2529 604.706161122
2530 2530 0.0014896302778
2531 2531 0.00513044009249
2532 2532 529.99832998
2533 2533 328.183193654
2534 2534 550.718366683
2535 2535 590.505185559
2536 2536 210.861971627
2537 2537 177.704773922
2538 2538 144.28907943
2539 2539 372.167748349
2540 2540 0.00717628257734
2541 2541 293.237501622
2542 2542 66.2425783085
2543 2543 187.181783308
2544 2544 0.00414249083546
2545 2545 538.457918862
2546 2546 272.160936858
2547 2547 172.521807067
2548 2548 161.61007761
2549 2549 49.4953599
2550 2550 0.00248558517933
2551 2551 332.832759796
2552 2552 10.1907747881
2553 2553 239.620917755
2554 2554 450.788409623
2555 2555 343.279320459
2556 2556 61.8242352053
2557 2557 19.9021221301
2558 2558 0.00155337288161
2559 2559 405.060764177
2560 2560 0.00247969550926
2561 2561 0.00964868693846
2562 2562 548.215823624
2563 2563 56.9493512227
2564 2564 11.7018199698
2565 2565 540.217894372
2566 2566 470.863659277
2567 2567 597.017467792
2568 2568 387.332838014
2569 2569 336.838257268
2570 2570 278.849432166
2571 2571 143.169771788
2572 2572 242.507069093
2573 2573 0.0040411125358
2574 2574 428.856652804
2575 2575 490.917296865
2576 2576 0.00741054629526
2577 2577 139.258165341
2578 2578 279.151090523
2579 2579 138.49407217
2580 2580 200.49652582
2581 2581 453.306218432
2582 2582 265.298465391
2583 2583 0.00386751031778
2584 2584 240.643941789
2585 2585 0.00455874247066
2586 2586 83.0936518221
2587 2587 375.278468552
2588 2588 580.961388106
2589 2589 20.8524960603
2590 2590 118.76523726
2591 2591 613.89836484
2592 2592 381.77681565
2593 2593 432.188635212
2594 2594 0.00919078999458
2595 2595 76.1414601783
2596 2596 143.737436343
2597 2597 230.055417715
2598 2598 376.982192797
2599 2599 375.869201084
2600 2600 162.173844723
2601 2601 0.00409437598525
2602 2602 316.792013467
2603 2603 396.285278373
2604 2604 102.694779034
2605 2605 382.347644369
2606 2606 527.206368773
2607 2607 347.532675362
2608 2608 213.499734184
2609 2609 488.807128782
2610 2610 246.049501924
2611 2611 417.09536111
2612 2612 490.389156801
2613 2613 367.168936394
2614 2614 134.987181707
2615 2615 618.061523505
2616 2616 239.959734929
2617 2617 136.279145445
2618 2618 406.20749987
2619 2619 407.395164011
2620 2620 490.776569968
2621 2621 0.00764341225288
2622 2622 527.124629815
2623 2623 0.00153546181801
2624 2624 16.258324389
2625 2625 472.081307624
2626 2626 329.539869618
2627 2627 467.687164867
2628 2628 0.00704513240601
2629 2629 521.202540191
2630 2630 162.989365442
2631 2631 24.8240382128
2632 2632 50.3659667202
2633 2633 0.00211394385174
2634 2634 0.00703668535624
2635 2635 294.419508947
2636 2636 414.324094803
2637 2637 393.397491713
2638 2638 294.280025192
2639 2639 598.637257892
2640 2640 272.534785998
2641 2641 440.733400574
2642 2642 0.00828004434283
2643 2643 0.00426442427524
2644 2644 186.5569785
2645 2645 192.348493269
2646 2646 519.086536703
2647 2647 0.0097039640128
2648 2648 495.35072081
2649 2649 156.214724458
2650 2650 9.70391907538
2651 2651 0.00901427387984
2652 2652 0.00779329728069
2653 2653 0.00143730699285
2654 2654 322.31909151
2655 2655 324.689644914
2656 2656 198.453190118
2657 2657 300.910105289
2658 2658 118.813603137
2659 2659 289.118350128
2660 2660 354.775012741
2661 2661 412.660601719
2662 2662 0.00527920413624
2663 2663 0.00171629070363
2664 2664 56.9404580113
2665 2665 0.00554853097094
2666 2666 0.00842130649504
2667 2667 195.038013235
2668 2668 475.359641577
2669 2669 151.884527929
2670 2670 461.761319131
2671 2671 122.308977479
2672 2672 0.00501697195171
2673 2673 560.342697464
2674 2674 159.527312782
2675 2675 408.198473668
2676 2676 0.00511191903757
2677 2677 0.000315689779202
2678 2678 464.293522465
2679 2679 146.213344733
2680 2680 341.749628067
2681 2681 387.417134221
2682 2682 0.00785357750319
2683 2683 446.055470876
2684 2684 14.5241170731
2685 2685 0.0097821947504
2686 2686 105.613991513
2687 2687 39.5605528467
2688 2688 594.805309504
2689 2689 605.7449979
2690 2690 405.664314028
2691 2691 343.457642803
2692 2692 0.00744286538145
2693 2693 185.93640698
2694 2694 0.00752769398697
2695 2695 368.312522609
2696 2696 34.6061565784
2697 2697 474.492367887
2698 2698 138.194368785
2699 2699 444.592233687
2700 2700 0.00561989344271
2701 2701 0.00169245886899
2702 2702 486.207845793
2703 2703 0.00744083864757
2704 2704 167.250020451
2705 2705 403.575713276
2706 2706 0.00249547173992
2707 2707 304.218764805
2708 2708 101.571293909
2709 2709 0.00980081842618
2710 2710 79.4269085309
2711 2711 424.661956914
2712 2712 475.501916005
2713 2713 220.911998855
2714 2714 19.9076469745
2715 2715 369.235397263
2716 2716 0.00117686627823
2717 2717 0.00326333684265
2718 2718 0.00112044833067
2719 2719 61.0925104002
2720 2720 203.563022575
2721 2721 117.722106734
2722 2722 584.470146696
2723 2723 0.00205468912098
2724 2724 55.7551788853
2725 2725 65.1234313433
2726 2726 286.142030257
2727 2727 471.805963445
2728 2728 190.66025912
2729 2729 593.607555657
2730 2730 281.577535211
2731 2731 102.729133966
2732 2732 0.00508424679776
2733 2733 1.53392735924e-05
2734 2734 574.741331753
2735 2735 353.715661771
2736 2736 0.000727032109664
2737 2737 68.8496645681
2738 2738 113.665805774
2739 2739 371.454089943
2740 2740 303.986812296
2741 2741 239.113426412
2742 2742 526.414636025
2743 2743 497.661149466
2744 2744 615.692170181
2745 2745 0.00868338381456
2746 2746 31.3678785346
2747 2747 570.653344759
2748 2748 215.68113782
2749 2749 472.273414373
2750 2750 34.9952952719
2751 2751 320.012256822
2752 2752 75.7434620021
2753 2753 512.736695708
2754 2754 39.7180570272
2755 2755 0.0037576362254
2756 2756 15.2121504546
2757 2757 287.893365032
2758 2758 376.259567565
2759 2759 384.536627314
2760 2760 625.34725825
2761 2761 76.45733193
2762 2762 0.00395921109335
2763 2763 593.017866497
2764 2764 430.746662413
2765 2765 392.934166008
2766 2766 480.325097231
2767 2767 286.848211835
2768 2768 589.784827832
2769 2769 73.233352295
2770 2770 388.611263463
2771 2771 0.00685150345941
2772 2772 236.170301399
2773 2773 549.62964748
2774 2774 420.063301959
2775 2775 97.1187304098
2776 2776 273.877713935
2777 2777 328.735630064
2778 2778 204.022803811
2779 2779 360.056025007
2780 2780 273.132850983
2781 2781 590.239941822
2782 2782 0.00726911736901
2783 2783 77.0428308737
2784 2784 0.00605341367503
2785 2785 0.00612450911667
2786 2786 438.124483092
2787 2787 0.0069414793009
2788 2788 566.762535311
2789 2789 539.014995357
2790 2790 0.0062086392045
2791 2791 476.774750831
2792 2792 0.00859003069964
2793 2793 371.180596521
2794 2794 204.952117401
2795 2795 0.00710031721994
2796 2796 313.563162103
2797 2797 587.462312171
2798 2798 456.695263334
2799 2799 29.1124734834
2800 2800 0.000164908792234
2801 2801 9.93054619256e-05
2802 2802 0.00814626364304
2803 2803 423.495329024
2804 2804 533.661575775
2805 2805 0.0095657006241
2806 2806 57.583848029
2807 2807 499.407772708
2808 2808 418.380104546
2809 2809 472.76509632
2810 2810 67.943000132
2811 2811 70.006499397
2812 2812 424.410261432
2813 2813 446.547840997
2814 2814 276.824552561
2815 2815 0.000663091759331
2816 2816 567.528578439
2817 2817 84.6402512869
2818 2818 0.00155887431618
2819 2819 538.712715278
2820 2820 0.00781119409405
2821 2821 0.00251926278653
2822 2822 175.375321299
2823 2823 7.61237119857
2824 2824 0.00173584749198
2825 2825 0.00989171970337
2826 2826 0.00263039489537
2827 2827 531.449139521
2828 2828 534.065792468
2829 2829 0.00396200436227
2830 2830 0.00204705385718
2831 2831 235.484453598
2832 2832 181.922927455
2833 2833 610.964759
2834 2834 243.279239792
2835 2835 373.138560592
2836 2836 0.00740418969309
2837 2837 239.186731289
2838 2838 0.00704053190162
2839 2839 563.395286379
2840 2840 0.00653455855448
2841 2841 272.747473066
2842 2842 580.226283687
2843 2843 0.00511893265844
2844 2844 0.00117954888569
2845 2845 13.5297706859
2846 2846 619.713318052
2847 2847 308.559598168
2848 2848 0.00792745159652
2849 2849 0.000464782787479
2850 2850 218.277260635
2851 2851 88.3361717103
2852 2852 0.00488518189125
2853 2853 219.764530814
2854 2854 244.144308999
2855 2855 616.969668819
2856 2856 263.128958283
2857 2857 78.0854944936
2858 2858 175.206855931
2859 2859 384.554580834
2860 2860 499.492321153
2861 2861 0.00891669197485
2862 2862 0.00186002040441
2863 2863 305.712457128
2864 2864 134.005419316
2865 2865 0.00149543082986
2866 2866 340.51785456
2867 2867 396.098649095
2868 2868 451.418078778
2869 2869 269.871693871
2870 2870 0.00425424329993
2871 2871 442.257312985
2872 2872 495.150488991
2873 2873 439.474585335
2874 2874 268.276279866
2875 2875 52.4144288704
2876 2876 584.857703749
2877 2877 52.674426564
2878 2878 0.00720980043908
2879 2879 254.492985565
2880 2880 584.854600131
2881 2881 330.565584132
2882 2882 0.00660410538189
2883 2883 128.966246942
2884 2884 212.628838759
2885 2885 385.05533915
2886 2886 0.00459926837185
2887 2887 0.00182382995093
2888 2888 14.5636557438
2889 2889 0.00221349134793
2890 2890 0.00309799720513
2891 2891 0.00460766233648
2892 2892 0.00796085100339
2893 2893 275.268827942
2894 2894 74.2126888021
2895 2895 290.052277876
2896 2896 456.540864005
2897 2897 416.284499521
2898 2898 245.083515226
2899 2899 598.661255857
2900 2900 0.00233528359302
2901 2901 0.00085347946955
2902 2902 548.462236306
2903 2903 456.019890656
2904 2904 513.670170987
2905 2905 326.378430186
2906 2906 545.347338983
2907 2907 254.957218114
2908 2908 545.012552298
2909 2909 219.263319708
2910 2910 453.779828643
2911 2911 452.955998392
2912 2912 0.000711762684328
2913 2913 0.003597582909
2914 2914 0.00617028904342
2915 2915 360.52529718
2916 2916 17.1263072329
2917 2917 286.782391101
2918 2918 2.22227629628e-05
2919 2919 464.011682516
2920 2920 0.00743702396943
2921 2921 532.080443975
2922 2922 506.600935269
2923 2923 518.11466394
2924 2924 0.000257238400539
2925 2925 338.694522001
2926 2926 0.00115849879717
2927 2927 0.000326082659891
2928 2928 318.950071519
2929 2929 340.865576519
2930 2930 0.00382060832634
2931 2931 378.280209894
2932 2932 0.0041852869424
2933 2933 441.678229313
2934 2934 0.00333589698565
2935 2935 0.00605779403122
2936 2936 420.075680885
2937 2937 250.662674967
2938 2938 51.99016386
2939 2939 449.339090346
2940 2940 0.00501557404064
2941 2941 274.905421665
2942 2942 175.432180243
2943 2943 437.965831216
2944 2944 0.00171607998085
2945 2945 305.006562733
2946 2946 548.691462228
2947 2947 527.70562205
2948 2948 253.16519141
2949 2949 388.665858515
2950 2950 439.277290109
2951 2951 183.742760393
2952 2952 528.543775589
2953 2953 135.92861241
2954 2954 170.617935305
2955 2955 547.30081134
2956 2956 0.174276512358
2957 2957 415.796576179
2958 2958 479.839686298
2959 2959 587.690092181
2960 2960 0.00869564491621
2961 2961 150.196788705
2962 2962 0.000417128265219
2963 2963 395.037004376
2964 2964 326.864418974
2965 2965 0.00177186281423
2966 2966 122.455086118
2967 2967 184.619182663
2968 2968 523.63327853
2969 2969 439.679663357
2970 2970 0.00224059900175
2971 2971 433.386878853
2972 2972 0.000443703393989
2973 2973 210.658432023
2974 2974 44.0254511297
2975 2975 480.96476927
2976 2976 429.191769722
2977 2977 0.00581002371161
2978 2978 0.00819969099426
2979 2979 0.00803599931535
2980 2980 421.974237468
2981 2981 228.530702321
2982 2982 363.280546412
2983 2983 360.34244756
2984 2984 220.878981721
2985 2985 224.384338432
2986 2986 345.13592735
2987 2987 557.333999058
2988 2988 115.941463856
2989 2989 143.594559527
2990 2990 401.326425684
2991 2991 210.303371542
2992 2992 0.000181406984285
2993 2993 0.00934726643058
2994 2994 0.00682572098819
2995 2995 144.328292305
2996 2996 375.79520483
2997 2997 0.00730173852665
2998 2998 22.1995240821
2999 2999 310.28664653
3000 3000 236.081251882
3001 3001 186.401497503
3002 3002 0.000486423601369
3003 3003 0.0038357804656
3004 3004 423.73837332
3005 3005 35.7773629153
3006 3006 0.00877577180435
3007 3007 362.093860423
3008 3008 506.239524384
3009 3009 91.3567487858
3010 3010 403.359088814
3011 3011 274.657062487
3012 3012 181.930231717
3013 3013 0.00798545718937
3014 3014 12.1788793822
3015 3015 593.594660199
3016 3016 251.638056509
3017 3017 528.543601723
3018 3018 95.0914850295
3019 3019 92.01924908
3020 3020 170.32304624
3021 3021 452.351079826
3022 3022 489.412932671
3023 3023 142.009016508
3024 3024 525.632641438
3025 3025 124.413299117
3026 3026 239.740509688
3027 3027 19.6840182568
3028 3028 433.935852309
3029 3029 0.00731468685528
3030 3030 0.00306019144745
3031 3031 66.8017292681
3032 3032 0.00993885872928
3033 3033 257.217626973
3034 3034 0.00150959852982
3035 3035 74.1219664931
3036 3036 1.52032010286
3037 3037 528.640911201
3038 3038 113.41793238
3039 3039 478.235087901
3040 3040 414.809209866
3041 3041 288.298157438
3042 3042 147.146264896
3043 3043 620.419214599
3044 3044 384.738921848
3045 3045 31.2672324415
3046 3046 0.00925991197926
3047 3047 584.01306807
3048 3048 583.920233993
3049 3049 0.00534390102101
3050 3050 52.380936952
3051 3051 282.292004538
3052 3052 603.995367753
3053 3053 549.272294017
3054 3054 0.00826089719125
3055 3055 58.1141175562
3056 3056 0.00450287531846
3057 3057 369.910131598
3058 3058 96.5489163701
3059 3059 42.5454041897
3060 3060 603.186039192
3061 3061 539.703225329
3062 3062 44.1187125828
3063 3063 0.00858508665343
3064 3064 17.8516031253
3065 3065 621.516264548
3066 3066 357.525882421
3067 3067 258.25411258
3068 3068 151.153201209
3069 3069 0.00760582732905
3070 3070 225.018346412
3071 3071 14.9414972313
3072 3072 337.15375877
3073 3073 0.00422043847424
3074 3074 98.4364866435
3075 3075 111.137512902
3076 3076 327.555329398
