1 1 84.7367631062
2 2 0.00630367901289
3 3 0.00920990996366
4 4 594.589509151
5 5 0.00619176715044
6 6 65.361598052
7 7 572.346674404
8 8 5.28652931955
9 9 0.00359992667724
10 10 94.420686667
11 11 288.708811785
12 12 0.0072720113628
13 13 335.690231316
14 14 0.0029425298486
15 15 0.00622459461724
16 16 555.81449946
17 17 473.112411062
18 18 0.00671443052885
19 19 475.422481922
20 20 93.4292682157
21 21 0.00703408246304
22 22 115.934784868
23 23 204.621800446
24 24 0.00644320661169
25 25 182.198748218
26 26 530.505812989
27 27 248.081082817
28 28 0.00367927313298
29 29 19.921855721
30 30 0.000718248986691
31 31 551.441210933
32 32 615.522994579
33 33 624.803171333
34 34 280.391714247
35 35 0.00519239493517
36 36 0.00941594141537
37 37 441.085670232
38 38 238.34714926
39 39 457.476028542
40 40 0.00220281241769
41 41 0.00501710307328
42 42 0.00938022612149
43 43 429.642631677
44 44 273.310914418
45 45 89.4109229663
46 46 0.00952244734478
47 47 565.771143868
48 48 161.132175476
49 49 522.27339603
50 50 0.00698745437445
51 51 0.00149530908061
52 52 0.00167126871466
53 53 482.416652779
54 54 0.00498491323472
55 55 492.816484011
56 56 335.680274048
57 57 330.299445898
58 58 523.895220076
59 59 283.903695805
60 60 162.264810413
61 61 0.0067898364393
62 62 497.383917586
63 63 0.00705116236099
64 64 27.1433514864
65 65 281.118485552
66 66 0.00227082024464
67 67 0.00915503984011
68 68 471.37452816
69 69 569.946114924
70 70 576.198437066
71 71 0.00284809970081
72 72 220.586996508
73 73 0.00209227901513
74 74 0.00752923191173
75 75 368.302163471
76 76 103.622848162
77 77 26.2882808498
78 78 345.084555901
79 79 391.207120683
80 80 133.779364669
81 81 420.772011797
82 82 431.736514423
83 83 362.629634986
84 84 68.1309212881
85 85 0.0026210254048
86 86 597.367554509
87 87 118.580260854
88 88 97.0955864208
89 89 379.530430355
90 90 0.00692376237711
91 91 0.00564427288945
92 92 0.00319699565132
93 93 130.769713694
94 94 465.396411654
95 95 416.261292558
96 96 456.130524755
97 97 506.090772173
98 98 328.984744067
99 99 294.689308603
100 100 0.00930572889689
101 101 115.423413762
102 102 0.00344737211124
103 103 97.1659063628
104 104 0.00346706467414
105 105 21.8345672801
106 106 118.815532777
107 107 60.1573397527
108 108 377.101572754
109 109 0.00708179108077
110 110 0.000621907760077
111 111 241.875115628
112 112 315.142479479
113 113 178.756924969
114 114 19.7511706206
115 115 414.235904624
116 116 0.00967856424194
117 117 622.935021591
118 118 0.00988412056932
119 119 509.126599318
120 120 485.093722929
121 121 93.9915886574
122 122 127.021058479
123 123 0.0082192123222
124 124 348.863402483
125 125 614.932808024
126 126 0.0059665748753
127 127 0.00899531006509
128 128 86.0652938368
129 129 314.485183499
130 130 285.19220474
131 131 323.692808419
132 132 286.454821378
133 133 381.319779458
134 134 71.9559530322
135 135 319.527027172
136 136 33.8895732732
137 137 601.39028098
138 138 121.362982061
139 139 365.752069835
140 140 443.544524704
141 141 0.00593239525655
142 142 569.691619828
143 143 337.221469199
144 144 0.00709285023412
145 145 120.046339364
146 146 0.00696083051191
147 147 381.05083027
148 148 511.549253071
149 149 36.8104767312
150 150 218.633458565
151 151 0.00370581731929
152 152 425.936324984
153 153 425.953244591
154 154 0.00300124338265
155 155 0.000492889734557
156 156 463.058299107
157 157 341.921380585
158 158 600.812904918
159 159 217.763908916
160 160 354.603563718
161 161 146.248625426
162 162 75.0405661324
163 163 383.740870936
164 164 0.00692109891337
165 165 0.0038911217088
166 166 47.3487698266
167 167 446.682585848
168 168 193.062593441
169 169 609.178245682
170 170 575.705208737
171 171 0.00578273666638
172 172 622.681171831
173 173 91.3126057443
174 174 547.431292845
175 175 188.777591901
176 176 387.832612811
177 177 433.422088467
178 178 276.053000837
179 179 358.78730106
180 180 517.084921482
181 181 171.17991553
182 182 393.475135587
183 183 347.562568022
184 184 544.469067462
185 185 133.547541454
186 186 100.872041003
187 187 391.155419403
188 188 591.960658467
189 189 121.894761113
190 190 261.095489717
191 191 172.134946581
192 192 0.00943647593034
193 193 477.248265195
194 194 0.00743703188456
195 195 286.794267627
196 196 613.624331225
197 197 0.00622795521852
198 198 473.659707882
199 199 52.7954446208
200 200 370.423932804
201 201 306.729683071
202 202 0.00237465259908
203 203 257.792219672
204 204 68.8028779619
205 205 0.00656959635671
206 206 0.00128485426332
207 207 72.1671432401
208 208 98.990948387
209 209 142.080765139
210 210 352.114636971
211 211 0.00278103630309
212 212 250.364792549
213 213 423.021616466
214 214 452.123867345
215 215 115.91156745
216 216 50.3663649751
217 217 0.00844144511968
218 218 609.931326553
219 219 286.235402134
220 220 109.173002815
221 221 0.00768707019088
222 222 90.5994181307
223 223 0.000499561658572
224 224 75.4948841673
225 225 251.009890889
226 226 339.890487316
227 227 0.00889605066956
228 228 253.448983273
229 229 390.571943329
230 230 277.662567745
231 231 92.5830360286
232 232 178.152470309
233 233 192.333557054
234 234 555.801666592
235 235 518.093920663
236 236 442.285451562
237 237 263.275297222
238 238 500.083267024
239 239 136.335592099
240 240 582.548503773
241 241 107.218396459
242 242 90.1551880759
243 243 493.326883354
244 244 263.202144219
245 245 104.357337665
246 246 304.677398667
247 247 315.600124248
248 248 476.169600964
249 249 578.703909995
250 250 221.609848166
251 251 148.956141851
252 252 545.277204529
253 253 556.228990657
254 254 532.620487744
255 255 54.2969435593
256 256 0.00846634240797
257 257 0.00135619862617
258 258 506.632665875
259 259 348.98854578
260 260 56.6437386385
261 261 542.378208073
262 262 342.956463604
263 263 0.00257341774002
264 264 243.851694094
265 265 493.592815298
266 266 466.39265725
267 267 142.556400067
268 268 0.00537374741415
269 269 138.213143495
270 270 229.664877768
271 271 241.551139018
272 272 0.00518657067992
273 273 396.070180364
274 274 3.89726654752
275 275 205.222746165
276 276 41.9925709336
277 277 157.409707908
278 278 147.917385186
279 279 495.702692049
280 280 496.987495227
281 281 98.2058694361
282 282 0.00654192918606
283 283 515.202611741
284 284 509.275475909
285 285 573.093418975
286 286 95.7500600959
287 287 200.87774396
288 288 274.316477553
289 289 0.00655242954905
290 290 140.440875901
291 291 90.2752996209
292 292 521.411105784
293 293 102.123382344
294 294 0.00253557161281
295 295 284.968123457
296 296 403.265951067
297 297 0.00178911680039
298 298 502.664558077
299 299 0.00835743871306
300 300 127.0494436
301 301 37.5489788072
302 302 414.5140649
303 303 30.1234986588
304 304 272.21253259
305 305 0.00355166024272
306 306 0.00216247219795
307 307 0.00781881660632
308 308 561.686801431
309 309 119.240702975
310 310 235.123623619
311 311 0.00796778101514
312 312 0.00361000829135
313 313 462.32096342
314 314 16.5979687089
315 315 104.983801646
316 316 457.246967503
317 317 521.527022849
318 318 0.000584688732654
319 319 126.763523242
320 320 0.00356553526163
321 321 0.00508378701402
322 322 0.00656786123545
323 323 455.031944955
324 324 0.00588349039086
325 325 47.7614010807
326 326 242.311882895
327 327 540.904183283
328 328 154.689105938
329 329 0.00633265392929
330 330 25.417754345
331 331 523.501178429
332 332 314.297814926
333 333 384.747520525
334 334 243.071914972
335 335 268.376686548
336 336 288.883314899
337 337 236.994946226
338 338 179.6250758
339 339 0.00669406181002
340 340 216.512167662
341 341 163.265599369
342 342 370.602590495
343 343 279.557951994
344 344 0.0054343650247
345 345 198.745115216
346 346 57.9598230087
347 347 441.117996303
348 348 0.0016107354468
349 349 317.298621465
350 350 544.784520019
351 351 500.549815408
352 352 322.881575505
353 353 409.894451249
354 354 465.85825047
355 355 0.00557295984526
356 356 467.875229631
357 357 0.00667285651477
358 358 149.118264122
359 359 0.00615406416297
360 360 515.495384475
361 361 222.674760713
362 362 15.6168617346
363 363 553.09778224
364 364 487.630415992
365 365 81.2256174003
366 366 0.00773536063499
367 367 415.099544875
368 368 509.280667863
369 369 102.001182289
370 370 133.854435933
371 371 0.00411155413012
372 372 559.921457363
373 373 1.71483925205
374 374 418.6533046
375 375 25.8071490195
376 376 454.323775309
377 377 0.0054680862695
378 378 0.00881798445516
379 379 0.00923746177713
380 380 211.9708162
381 381 210.127663551
382 382 132.845224817
383 383 0.000570816958039
384 384 0.00249023786747
385 385 78.7941063114
386 386 456.826229627
387 387 576.539979406
388 388 305.33096541
389 389 0.00579136539006
390 390 491.728086783
391 391 565.55800515
392 392 26.1502809005
393 393 19.9679663601
394 394 562.047450388
395 395 540.160491398
396 396 456.191241963
397 397 480.603791939
398 398 121.618949625
399 399 323.594619929
400 400 0.00289057670882
401 401 63.6039066872
402 402 101.582093063
403 403 596.156031272
404 404 0.0026886117769
405 405 239.415017801
406 406 353.084326944
407 407 0.00886236810147
408 408 0.00855524420651
409 409 22.5003630863
410 410 7.16758608014
411 411 294.42754893
412 412 51.5778327644
413 413 219.716047256
414 414 549.800419112
415 415 0.00924519992031
416 416 65.4085656557
417 417 313.46820187
418 418 445.580013096
419 419 505.820988863
420 420 233.778922003
421 421 0.00142433878703
422 422 266.564789503
423 423 0.00662389978421
424 424 28.8604777771
425 425 0.000759629074759
426 426 339.629276559
427 427 63.7962120544
428 428 472.636328916
429 429 0.000152491103975
430 430 511.81504889
431 431 294.216640449
432 432 65.2550516599
433 433 112.57126206
434 434 128.962185483
435 435 0.00707776002135
436 436 302.160921389
437 437 259.985345493
438 438 177.517045934
439 439 263.717905475
440 440 472.675818717
441 441 398.042654663
442 442 178.06228801
443 443 0.00573883204607
444 444 20.5230109397
445 445 597.334082981
446 446 57.5675180966
447 447 311.570069286
448 448 151.873823453
449 449 200.914938314
450 450 132.64980662
451 451 0.000826042451086
452 452 120.35718145
453 453 355.63773645
454 454 140.507123723
455 455 336.386093196
456 456 0.00148071571049
457 457 85.6138217793
458 458 261.666376847
459 459 336.160071954
460 460 589.500445888
461 461 0.00938003731111
462 462 588.989547382
463 463 590.493266597
464 464 47.2369798591
465 465 596.387074082
466 466 524.206102659
467 467 354.526467432
468 468 376.27777558
469 469 0.00373536199022
470 470 504.668839817
471 471 33.3112581605
472 472 598.397852631
473 473 281.357876599
474 474 516.187948862
475 475 60.0832837803
476 476 544.065952278
477 477 386.83973191
478 478 221.044816402
479 479 524.091335065
480 480 195.466668278
481 481 349.886128345
482 482 110.911710164
483 483 36.4489246249
484 484 45.3058041814
485 485 0.00869282309775
486 486 499.410690747
487 487 23.2534386409
488 488 0.00445108113668
489 489 458.299610319
490 490 304.423114871
491 491 87.4569842945
492 492 0.00678295974662
493 493 153.09279523
494 494 0.000657104313889
495 495 471.540269838
496 496 0.0056319548666
497 497 588.921885042
498 498 543.651704825
499 499 90.1637384362
500 500 581.722872242
501 501 520.754249886
502 502 0.00635789926117
503 503 421.495145876
504 504 444.831008753
505 505 488.979502738
506 506 24.9106669097
507 507 157.206784824
508 508 533.257117994
509 509 580.183300179
510 510 171.661936067
511 511 599.157391853
512 512 170.202575278
513 513 364.779753553
514 514 401.458043203
515 515 21.410904505
516 516 0.00880407492825
517 517 368.743954876
518 518 133.21204956
519 519 583.669965521
520 520 0.00100163727511
521 521 94.5660486139
522 522 518.083274574
523 523 52.5800017427
524 524 518.249891808
525 525 196.309923115
526 526 372.229598871
527 527 100.820463511
528 528 397.752767354
529 529 33.8538432042
530 530 584.092299095
531 531 173.044015663
532 532 321.860332568
533 533 552.069030694
534 534 308.530925846
535 535 449.91745361
536 536 222.192882336
537 537 554.636671576
538 538 0.00800036165299
539 539 36.7767478242
540 540 0.00375875018526
541 541 258.642150087
542 542 488.648000463
543 543 76.8574420632
544 544 470.711474687
545 545 195.640054973
546 546 0.000123817817195
547 547 598.222581569
548 548 32.2541026371
549 549 0.00736848131395
550 550 121.847038078
551 551 127.087182661
552 552 9.63155494423
553 553 497.254958634
554 554 73.483382815
555 555 129.745503073
556 556 623.498415741
557 557 470.973334211
558 558 266.269027803
559 559 297.606663322
560 560 315.830270677
561 561 17.9688037393
562 562 561.305838719
563 563 427.85013244
564 564 84.1668894246
565 565 511.377122483
566 566 388.200987717
567 567 103.264960977
568 568 398.860555297
569 569 0.00823822748196
570 570 220.072969805
571 571 0.00399744014046
572 572 0.00320186701199
573 573 364.096438995
574 574 0.000455945060878
575 575 91.8287895432
576 576 71.3472776027
577 577 361.604642565
578 578 7.21461356587
579 579 183.554830728
580 580 0.000956786581721
581 581 43.3142800215
582 582 564.066121852
583 583 388.664487774
584 584 140.025842145
585 585 126.521869128
586 586 0.00842534060168
587 587 539.166693729
588 588 303.573964444
589 589 186.638269725
590 590 519.105023999
591 591 460.035928827
592 592 136.834607478
593 593 145.896595956
594 594 0.00410868006493
595 595 131.560243871
596 596 368.948145525
597 597 217.627926435
598 598 554.013811638
599 599 324.246894461
600 600 60.1012105664
601 601 139.242518565
602 602 128.489961974
603 603 90.1732803377
604 604 0.00170729363267
605 605 575.05536268
606 606 31.442277138
607 607 0.00698670646249
608 608 0.00219930561835
609 609 235.000879443
610 610 0.00759274327554
611 611 333.494990465
612 612 26.9708663178
613 613 80.4393664525
614 614 259.984286187
615 615 260.592154826
616 616 464.641079863
617 617 0.00924529787199
618 618 27.7617833281
619 619 581.022956102
620 620 582.903998534
621 621 0.00580703316183
622 622 176.468931427
623 623 17.6314282258
624 624 373.820107961
625 625 499.223211223
626 626 6.39333736773e-05
627 627 0.00427317997038
628 628 22.1929731197
629 629 240.046015954
630 630 504.600978682
631 631 0.00646204636513
632 632 293.156259471
633 633 67.800349951
634 634 534.891572362
635 635 0.00189348861472
636 636 88.696494438
637 637 45.2204034582
638 638 334.05952944
639 639 391.378235158
640 640 606.886142646
641 641 578.980416251
642 642 349.747905071
643 643 3.25593014829
644 644 496.963842545
645 645 0.00560452253775
646 646 0.0044385300935
647 647 0.00705060937346
648 648 26.2245666039
649 649 301.623900908
650 650 0.00186383038772
651 651 145.973081415
652 652 554.547612674
653 653 117.974841608
654 654 16.5215933931
655 655 0.00653170018791
656 656 329.567025733
657 657 362.241275649
658 658 623.835464887
659 659 0.00388916960081
660 660 0.00662507493483
661 661 531.697402447
662 662 98.2889466651
663 663 0.00317225932107
664 664 206.294678654
665 665 360.299240756
666 666 212.888131176
667 667 439.861128463
668 668 506.236879384
669 669 285.759155944
670 670 0.00886757243105
671 671 0.00386342047995
672 672 386.82976789
673 673 613.101984351
674 674 94.2724764066
675 675 619.534008556
676 676 570.932303017
677 677 129.000790367
678 678 0.00934697086769
679 679 17.1068573826
680 680 570.827310897
681 681 423.042725964
682 682 0.00185127487922
683 683 17.7210197496
684 684 0.00498851525723
685 685 508.296374582
686 686 108.122947432
687 687 0.00295464210661
688 688 0.00303238024836
689 689 231.754535552
690 690 358.96637395
691 691 562.346032278
692 692 384.911690963
693 693 136.629093087
694 694 258.478943076
695 695 331.485730985
696 696 253.107154903
697 697 572.383452333
698 698 0.0053072972548
699 699 313.08954076
700 700 178.002921087
701 701 0.00601377611402
702 702 600.269058728
703 703 617.814801234
704 704 196.672171191
705 705 81.3707284759
706 706 108.372746172
707 707 432.330433547
708 708 0.00573716250668
709 709 106.630705067
710 710 492.51519072
711 711 0.00731342052353
712 712 0.00107917230874
713 713 331.975380553
714 714 556.929265689
715 715 287.547253536
716 716 558.732218851
717 717 419.266775019
718 718 0.000797405366501
719 719 358.869693962
720 720 588.046297314
721 721 0.00325436229756
722 722 0.00189409474208
723 723 2.38730741152e-05
724 724 212.966382924
725 725 252.858952594
726 726 103.446772471
727 727 589.21890929
728 728 7.76377783029
729 729 517.068799983
730 730 241.04920169
731 731 497.118864405
732 732 291.916622402
733 733 0.0021503364391
734 734 296.901886806
735 735 555.374614474
736 736 0.0041247983493
737 737 364.705130194
738 738 7.93396540802
739 739 307.028752425
740 740 277.322669731
741 741 0.00471176658823
742 742 396.943881257
743 743 316.210016343
744 744 557.915450839
745 745 0.00149897339923
746 746 43.003249955
747 747 496.503969034
748 748 237.717868557
749 749 350.055068102
750 750 141.004668365
751 751 265.063830903
752 752 557.978433815
753 753 587.293566433
754 754 35.8690137735
755 755 551.970651686
756 756 557.812413693
757 757 0.00186830899077
758 758 241.198895961
759 759 544.824849552
760 760 386.58569206
761 761 0.00292040503337
762 762 0.000885985231514
763 763 0.00436618417262
764 764 187.017434489
765 765 137.827763241
766 766 353.222902647
767 767 583.729916236
768 768 483.689290039
769 769 597.246604011
770 770 43.5919784504
771 771 144.550729286
772 772 510.994016954
773 773 0.00332236364791
774 774 538.779024574
775 775 361.856438464
776 776 0.00393669977846
777 777 353.092603863
778 778 0.00664548912755
779 779 177.748454992
780 780 537.493529836
781 781 0.00403969646428
782 782 481.691871029
783 783 73.1160417823
784 784 616.99961569
785 785 496.442590431
786 786 590.00970471
787 787 332.986855044
788 788 287.38956331
789 789 350.415051214
790 790 333.723052993
791 791 436.173938232
792 792 538.871920536
793 793 0.00166511536611
794 794 617.069391309
795 795 299.219661686
796 796 87.5528098973
797 797 562.389703017
798 798 406.680700984
799 799 147.09479428
800 800 30.1246951653
801 801 404.616058647
802 802 225.897179984
803 803 548.32440584
804 804 241.133925035
805 805 484.346053346
806 806 4.05690296624e-05
807 807 226.006817992
808 808 506.202896139
809 809 44.259793951
810 810 416.848805085
811 811 13.3523079481
812 812 614.217717361
813 813 62.2467546613
814 814 0.00573984761682
815 815 135.37196792
816 816 268.065645369
817 817 2.17584510643
818 818 0.000864150966105
819 819 199.683772917
820 820 204.605993414
821 821 490.458183084
822 822 0.000110434763546
823 823 544.949655508
824 824 362.094781126
825 825 296.929205143
826 826 511.879750683
827 827 104.791671272
828 828 0.00226643760872
829 829 543.464110133
830 830 530.514329098
831 831 217.625468776
832 832 149.283616953
833 833 0.00260188597447
834 834 354.663497487
835 835 119.405691995
836 836 0.00857509707354
837 837 173.741917072
838 838 295.153436475
839 839 3.12171755064
840 840 241.40199399
841 841 317.900247957
842 842 169.902279463
843 843 247.663387563
844 844 0.00595564879056
845 845 377.53775345
846 846 29.1107363074
847 847 0.00821265046212
848 848 451.667558411
849 849 379.2952643
850 850 155.08827089
851 851 112.996552493
852 852 50.6508222449
853 853 185.465720329
854 854 562.87448347
855 855 367.344807817
856 856 0.00647492265427
857 857 388.542131554
858 858 415.163654795
859 859 78.2096289625
860 860 478.975869458
861 861 77.8672936097
862 862 0.0038373958136
863 863 79.9903930817
864 864 338.001142873
865 865 299.910658455
866 866 274.491373178
867 867 297.34286167
868 868 39.7490583246
869 869 222.413719202
870 870 522.089725943
871 871 0.00676987364438
872 872 94.4326595762
873 873 485.843750853
874 874 0.0034190330554
875 875 21.5646927075
876 876 319.615456231
877 877 616.619413402
878 878 583.021018115
879 879 284.408171678
880 880 238.025898614
881 881 458.775162125
882 882 352.501420364
883 883 98.1263465129
884 884 396.921616591
885 885 473.800501509
886 886 0.00175202217922
887 887 0.00886425438474
888 888 0.0073251054059
889 889 322.160923392
890 890 429.502159433
891 891 0.00465058853431
892 892 409.099491118
893 893 148.046118487
894 894 592.10261874
895 895 497.764325806
896 896 470.150150044
897 897 583.309684937
898 898 93.1354295891
899 899 324.415121838
900 900 312.184266663
901 901 0.00876627098402
902 902 67.2909120382
903 903 0.00264243725211
904 904 0.00065229433545
905 905 0.00581764172237
906 906 342.200088499
907 907 155.505280921
908 908 508.303805306
909 909 0.00146310442554
910 910 78.1851047565
911 911 0.0065760573483
912 912 595.526473077
913 913 563.887383545
914 914 0.0051195400642
915 915 348.670445081
916 916 0.00682272389439
917 917 233.894563419
918 918 308.306706239
919 919 325.92049496
920 920 133.875028409
921 921 0.00780423785243
922 922 512.012308711
923 923 0.00796192609471
924 924 149.91725566
925 925 5.05441249154e-05
926 926 245.142456757
927 927 0.00455791992732
928 928 0.00866044154545
929 929 317.385053872
930 930 442.218100836
931 931 305.857498289
932 932 435.932890504
933 933 513.839446615
934 934 252.017880224
935 935 174.707410153
936 936 135.767666735
937 937 424.28389716
938 938 297.146792373
939 939 0.00246172227815
940 940 0.0057135577887
941 941 463.594232744
942 942 453.287192579
943 943 46.7523570646
944 944 492.092519106
945 945 82.6557743975
946 946 320.238259852
947 947 551.063996264
948 948 130.164088492
949 949 503.923799833
950 950 0.00849260161619
951 951 193.162063995
952 952 0.0023741685928
953 953 140.81290157
954 954 157.575898055
955 955 392.752783165
956 956 475.04212456
957 957 163.201971806
958 958 0.00114375986455
959 959 50.6686445779
960 960 427.55351176
961 961 0.00459214439538
962 962 0.00596080765027
963 963 538.611319571
964 964 87.266174898
965 965 270.168305853
966 966 0.00555721638759
967 967 81.9609236766
968 968 101.490472513
969 969 0.00152872576561
970 970 0.008986410273
971 971 0.00715197714606
972 972 0.000727907395106
973 973 223.283694679
974 974 70.1703608768
975 975 617.954510027
976 976 227.817489284
977 977 278.269542164
978 978 0.00517853787056
979 979 250.330300906
980 980 116.337509905
981 981 0.00706399280804
982 982 556.073098925
983 983 107.127100169
984 984 379.728116175
985 985 227.502452173
986 986 487.584157648
987 987 203.408578128
988 988 0.00239097422333
989 989 0.0076963089962
990 990 0.00350692079675
991 991 480.213352864
992 992 399.587667247
993 993 0.0066364453494
994 994 0.000330141334929
995 995 0.00639512964964
996 996 161.311509314
997 997 373.375338201
998 998 519.411129732
999 999 0.00481822329317
1000 1000 408.984966643
1001 1001 131.073156944
1002 1002 409.373339845
1003 1003 585.073235668
1004 1004 422.470386729
1005 1005 498.372646655
1006 1006 239.004252099
1007 1007 261.655197238
1008 1008 8.42010856813
1009 1009 40.859194299
1010 1010 38.2320533584
1011 1011 619.701441669
1012 1012 136.627006367
1013 1013 40.2955915169
1014 1014 568.698184998
1015 1015 273.820760083
1016 1016 1.23769655238
1017 1017 354.719039136
1018 1018 202.109606331
1019 1019 179.402296742
1020 1020 404.662621734
1021 1021 39.4636340111
1022 1022 0.00360047321082
1023 1023 501.644083887
1024 1024 43.7328752764
1025 1025 0.00806254345388
1026 1026 0.00362134412443
1027 1027 355.811379593
1028 1028 202.870298002
1029 1029 284.348563427
1030 1030 309.033109741
1031 1031 51.8769729843
1032 1032 493.126085808
1033 1033 315.920160904
1034 1034 334.465228964
1035 1035 461.032502454
1036 1036 0.00352307723386
1037 1037 56.4878647864
1038 1038 135.548550003
1039 1039 609.190044056
1040 1040 0.00997378765763
1041 1041 0.00152517244744
1042 1042 23.1420503022
1043 1043 431.98399229
1044 1044 470.208897659
1045 1045 0.00286478976372
1046 1046 0.0079604967308
1047 1047 19.1668852398
1048 1048 333.815721418
1049 1049 339.968750725
1050 1050 0.00190183060619
1051 1051 0.0030091709696
1052 1052 425.829849251
1053 1053 0.00771079624989
1054 1054 122.944580779
1055 1055 459.488220084
1056 1056 625.576370268
1057 1057 276.103350557
1058 1058 0.00255404268492
1059 1059 0.00436329564859
1060 1060 335.808136238
1061 1061 578.202035278
1062 1062 584.962603313
1063 1063 0.00668774126768
1064 1064 24.8042041227
1065 1065 0.00755758406705
1066 1066 563.778571763
1067 1067 240.666265742
1068 1068 54.4351331303
1069 1069 207.714422457
1070 1070 0.00275783620868
1071 1071 525.6243828
1072 1072 249.283504226
1073 1073 480.531094594
1074 1074 0.00339331417402
1075 1075 401.075893188
1076 1076 330.256315282
1077 1077 104.615685524
1078 1078 265.831712607
1079 1079 516.865779229
1080 1080 0.00611301058664
1081 1081 110.732465297
1082 1082 437.193452904
1083 1083 232.149414975
1084 1084 443.684291734
1085 1085 0.00417507172057
1086 1086 0.00469596830599
1087 1087 412.962917834
1088 1088 171.481884969
1089 1089 0.00871004227215
1090 1090 0.00975291908529
1091 1091 190.606593254
1092 1092 372.534538587
1093 1093 0.00521952996448
1094 1094 0.000687642582635
1095 1095 0.00570474774665
1096 1096 255.320412108
1097 1097 91.761465247
1098 1098 109.532228132
1099 1099 156.642253874
1100 1100 584.119270648
1101 1101 0.00430959610289
1102 1102 0.00969681232955
1103 1103 571.439187855
1104 1104 551.557852328
1105 1105 234.37778296
1106 1106 82.4137059219
1107 1107 572.359873849
1108 1108 546.471387364
1109 1109 382.241371378
1110 1110 455.880245217
1111 1111 269.779403538
1112 1112 156.153132778
1113 1113 390.045391278
1114 1114 251.392296408
1115 1115 461.067491153
1116 1116 0.00523975288855
1117 1117 232.810897938
1118 1118 0.00807034800354
1119 1119 212.638509628
1120 1120 0.00406145752416
1121 1121 0.00536532741664
1122 1122 220.709608407
1123 1123 600.882487792
1124 1124 0.0041947850585
1125 1125 275.443492422
1126 1126 270.475151447
1127 1127 409.08167209
1128 1128 470.194840125
1129 1129 0.00576560778765
1130 1130 0.00144630126092
1131 1131 360.161219092
1132 1132 0.000398621418196
1133 1133 559.262752164
1134 1134 284.393411338
1135 1135 81.1095487038
1136 1136 94.1751742538
1137 1137 22.0521180289
1138 1138 0.00895312127054
1139 1139 0.00559162936538
1140 1140 337.419999048
1141 1141 613.748264998
1142 1142 13.1530963638
1143 1143 549.701181305
1144 1144 106.71502763
1145 1145 230.722098599
1146 1146 461.002163113
1147 1147 4.1009404742e-05
1148 1148 518.053130134
1149 1149 0.00701894716092
1150 1150 578.072495545
1151 1151 0.00179004069415
1152 1152 425.619689563
1153 1153 302.328840413
1154 1154 205.938017404
1155 1155 336.393322609
1156 1156 47.2991083933
1157 1157 440.451260983
1158 1158 0.00392994126928
1159 1159 235.378184347
1160 1160 0.00286732308152
1161 1161 316.633944714
1162 1162 0.00282336649892
1163 1163 16.0393995591
1164 1164 57.1823037111
1165 1165 0.00980216637
1166 1166 236.280029058
1167 1167 372.369435256
1168 1168 465.611133225
1169 1169 565.103184017
1170 1170 578.763542683
1171 1171 182.411771199
1172 1172 619.154639018
1173 1173 605.974864211
1174 1174 345.912222903
1175 1175 324.393393649
1176 1176 539.856198402
1177 1177 0.000505654837835
1178 1178 407.540752408
1179 1179 293.422937853
1180 1180 384.639554928
1181 1181 335.597028044
1182 1182 104.74233805
1183 1183 400.321845378
1184 1184 520.734286584
1185 1185 239.786403053
1186 1186 0.00914841890243
1187 1187 0.000850728735728
1188 1188 0.00812364549981
1189 1189 301.208137856
1190 1190 339.197623426
1191 1191 395.002056689
1192 1192 0.00617743369267
1193 1193 0.000563058226529
1194 1194 425.18448482
1195 1195 0.00414119258798
1196 1196 137.969022996
1197 1197 224.089745612
1198 1198 221.559227919
1199 1199 348.20757118
1200 1200 111.251696855
1201 1201 425.559144808
1202 1202 578.411217252
1203 1203 206.062288213
1204 1204 100.781738953
1205 1205 0.000676511058089
1206 1206 355.602556346
1207 1207 431.637956148
1208 1208 273.882398528
1209 1209 591.687006424
1210 1210 596.477057637
1211 1211 0.00673764143293
1212 1212 473.765022475
1213 1213 476.86627499
1214 1214 444.15328884
1215 1215 152.764822393
1216 1216 415.354978545
1217 1217 118.10508836
1218 1218 0.00574944819579
1219 1219 168.711799952
1220 1220 375.369010743
1221 1221 336.33121341
1222 1222 0.00367141864399
1223 1223 25.3763456727
1224 1224 70.3632283894
1225 1225 120.013902885
1226 1226 0.00203748249319
1227 1227 0.00509675980886
1228 1228 617.830076917
1229 1229 0.00326628435221
1230 1230 297.351525953
1231 1231 0.00242810528862
1232 1232 483.542977211
1233 1233 68.5881397
1234 1234 0.00687167865144
1235 1235 480.298189256
1236 1236 591.358294968
1237 1237 407.415857601
1238 1238 259.342751168
1239 1239 126.609560799
1240 1240 0.000574459614364
1241 1241 38.4598021916
1242 1242 52.7428541548
1243 1243 0.00649782879104
1244 1244 225.473722514
1245 1245 407.520445304
1246 1246 71.5998451048
1247 1247 188.543704281
1248 1248 354.866033367
1249 1249 406.923924659
1250 1250 512.969853307
1251 1251 79.7367384134
1252 1252 0.0060528210385
1253 1253 287.562700686
1254 1254 281.363884469
1255 1255 0.00522557711972
1256 1256 0.00789576329258
1257 1257 0.00854446440565
1258 1258 0.00532774824651
1259 1259 0.00171398395752
1260 1260 220.951202941
1261 1261 0.00226592458374
1262 1262 143.333631067
1263 1263 221.532800435
1264 1264 395.606719689
1265 1265 0.00558703623469
1266 1266 501.432427624
1267 1267 310.039619837
1268 1268 588.486528411
1269 1269 486.124597615
1270 1270 0.00631695228628
1271 1271 0.000829114463935
1272 1272 561.330528206
1273 1273 58.9056532966
1274 1274 282.031754208
1275 1275 235.809559448
1276 1276 6.62202997831
1277 1277 0.00677792408582
1278 1278 0.000517888749391
1279 1279 0.00195248836204
1280 1280 96.2347214631
1281 1281 341.035882784
1282 1282 428.842478397
1283 1283 0.00593567828305
1284 1284 322.766160032
1285 1285 69.4221176834
1286 1286 475.634146565
1287 1287 303.104959194
1288 1288 0.00981371426763
1289 1289 328.797763783
1290 1290 459.461997178
1291 1291 26.042337013
1292 1292 360.536362908
1293 1293 374.831528095
1294 1294 526.060920483
1295 1295 0.00201646178522
1296 1296 110.270044827
1297 1297 3.13948036242e-05
1298 1298 531.306757539
1299 1299 91.2903479657
1300 1300 118.901356595
1301 1301 409.547523273
1302 1302 327.696699569
1303 1303 0.00655433505645
1304 1304 0.0076475677343
1305 1305 373.015406955
1306 1306 32.4635051566
1307 1307 261.721323536
1308 1308 4.51585766511
1309 1309 46.375143127
1310 1310 275.228163311
1311 1311 244.140643135
1312 1312 218.094275409
1313 1313 325.722553976
1314 1314 421.716794616
1315 1315 591.298454874
1316 1316 385.683854459
1317 1317 415.985524634
1318 1318 598.876363718
1319 1319 577.75785697
1320 1320 578.414596531
1321 1321 364.208651346
1322 1322 282.177979591
1323 1323 614.877855925
1324 1324 149.453521912
1325 1325 590.647954434
1326 1326 57.9908476778
1327 1327 116.871751652
1328 1328 96.4147016241
1329 1329 255.852541156
1330 1330 0.00769769096277
1331 1331 578.928705108
1332 1332 0.00555218958286
1333 1333 580.087488313
1334 1334 111.885076296
1335 1335 0.00136024236847
1336 1336 235.971914895
1337 1337 477.451988471
1338 1338 429.461232005
1339 1339 0.00240478513686
1340 1340 248.463292758
1341 1341 292.396100511
1342 1342 161.096480157
1343 1343 179.346585009
1344 1344 18.3657518042
1345 1345 413.884714514
1346 1346 409.46595756
1347 1347 466.226687518
1348 1348 297.7321378
1349 1349 611.243506345
1350 1350 0.00341834646862
1351 1351 284.993013977
1352 1352 0.00452536843527
1353 1353 206.597349195
1354 1354 294.530251246
1355 1355 426.260091173
1356 1356 0.00296416955209
1357 1357 362.003424765
1358 1358 185.526758538
1359 1359 410.803752845
1360 1360 194.370651503
1361 1361 444.921023911
1362 1362 264.833765793
1363 1363 608.354236736
1364 1364 535.219852293
1365 1365 0.00685231417979
1366 1366 480.918825247
1367 1367 582.457116413
1368 1368 0.00613937267337
1369 1369 281.623004923
1370 1370 295.295864796
1371 1371 43.6370508057
1372 1372 0.00912023557781
1373 1373 33.7765787292
1374 1374 64.4020554156
1375 1375 0.00627028997927
1376 1376 8.98508614032
1377 1377 429.774794327
1378 1378 106.077577584
1379 1379 0.00900136848681
1380 1380 516.762973436
1381 1381 553.581031106
1382 1382 235.945947299
1383 1383 275.8130344
1384 1384 0.00633067854652
1385 1385 67.7856557178
1386 1386 46.6526200033
1387 1387 16.1228824345
1388 1388 0.00209022562553
1389 1389 362.040238673
1390 1390 476.903573775
1391 1391 319.15591993
1392 1392 0.00985915153394
1393 1393 518.247834349
1394 1394 0.00903948609941
1395 1395 0.00522275682361
1396 1396 492.48632203
1397 1397 81.3266150178
1398 1398 449.560227235
1399 1399 269.993057893
1400 1400 614.120958916
1401 1401 5.91052340778
1402 1402 484.818878968
1403 1403 404.972342049
1404 1404 163.490951852
1405 1405 510.380410841
1406 1406 172.101503296
1407 1407 321.535954982
1408 1408 548.019386404
1409 1409 59.6410596042
1410 1410 160.262716432
1411 1411 0.000604242787494
1412 1412 437.458049196
1413 1413 0.00317504966801
1414 1414 116.807743129
1415 1415 125.701417833
1416 1416 243.555688367
1417 1417 346.241087222
1418 1418 0.00973850053686
1419 1419 394.365101799
1420 1420 282.029057994
1421 1421 613.291022696
1422 1422 220.384879934
1423 1423 583.330301801
1424 1424 0.0059678845216
1425 1425 90.0443464956
1426 1426 323.460810775
1427 1427 408.072565754
1428 1428 44.2408572644
1429 1429 333.03908433
1430 1430 343.102566548
1431 1431 343.791091954
1432 1432 0.0072498119757
1433 1433 205.893705605
1434 1434 219.866719685
1435 1435 0.00982220324884
1436 1436 30.2878023483
1437 1437 280.618796664
1438 1438 426.051400255
1439 1439 251.083351973
1440 1440 243.425412143
1441 1441 0.00610248856006
1442 1442 179.008177285
1443 1443 602.942013024
1444 1444 187.82383962
1445 1445 480.254052621
1446 1446 452.123760051
1447 1447 56.8164682205
1448 1448 98.8096471345
1449 1449 400.605342394
1450 1450 507.743020309
1451 1451 575.324238552
1452 1452 340.428222889
1453 1453 146.948363075
1454 1454 0.000895850146517
1455 1455 490.075134216
1456 1456 443.015237292
1457 1457 539.020899502
1458 1458 0.00265128104183
1459 1459 26.5298454071
1460 1460 582.083299708
1461 1461 8.14645321287
1462 1462 147.420436447
1463 1463 0.00588596509511
1464 1464 70.6248856655
1465 1465 543.236785202
1466 1466 55.1059256879
1467 1467 0.00094525957275
1468 1468 401.526456602
1469 1469 592.165735494
1470 1470 621.095239255
1471 1471 517.862602687
1472 1472 540.599486018
1473 1473 52.8951902168
1474 1474 620.046914766
1475 1475 64.9846670708
1476 1476 0.00321180594473
1477 1477 0.00512993693494
1478 1478 414.889698005
1479 1479 22.9053092479
1480 1480 621.669346838
1481 1481 123.994532118
1482 1482 443.500206967
1483 1483 610.445135135
1484 1484 493.741995362
1485 1485 560.667887371
1486 1486 0.00152229368425
1487 1487 0.00637569854532
1488 1488 85.0062824832
1489 1489 128.783580698
1490 1490 296.304658405
1491 1491 515.767176546
1492 1492 0.00293300265374
1493 1493 258.730455544
1494 1494 0.00561497804003
1495 1495 286.081687662
1496 1496 194.710818056
1497 1497 0.00218060291285
1498 1498 288.909207899
1499 1499 33.5781890154
1500 1500 86.185061661
1501 1501 507.890488822
1502 1502 309.142821072
1503 1503 3.74514128783
1504 1504 153.317871343
1505 1505 431.805801706
1506 1506 288.371064708
1507 1507 273.890783382
1508 1508 0.00434023904246
1509 1509 379.21603164
1510 1510 77.5350199339
1511 1511 275.454395765
1512 1512 65.3670837047
1513 1513 432.089338843
1514 1514 0.00231281490953
1515 1515 0.00672560344622
1516 1516 0.00576672720742
1517 1517 0.00446994141439
1518 1518 115.431499307
1519 1519 0.00918930166046
1520 1520 254.77708244
1521 1521 131.260490535
1522 1522 387.73976452
1523 1523 0.00171032699186
1524 1524 459.813208312
1525 1525 0.00695067960247
1526 1526 520.526155332
1527 1527 0.0050889951434
1528 1528 111.200789081
1529 1529 404.047686014
1530 1530 209.264959741
1531 1531 96.5260258793
1532 1532 148.517887084
1533 1533 395.32417887
1534 1534 527.565174193
1535 1535 0.00467281380759
1536 1536 0.00327881537247
1537 1537 554.23138557
1538 1538 382.404406232
1539 1539 615.748435319
1540 1540 592.628292412
1541 1541 0.00691327757046
1542 1542 0.00102015746688
1543 1543 0.00140330731492
1544 1544 421.630232742
1545 1545 0.00475092260706
1546 1546 512.387465825
1547 1547 140.191390784
1548 1548 608.420669996
1549 1549 272.13407635
1550 1550 0.00953989488731
1551 1551 211.144813075
1552 1552 249.312283418
1553 1553 0.00737510456734
1554 1554 106.145378134
1555 1555 528.238507742
1556 1556 303.986103772
1557 1557 105.326091598
1558 1558 438.554307711
1559 1559 381.286519318
1560 1560 368.032359822
1561 1561 0.00960562638601
1562 1562 0.00313361867791
1563 1563 0.0042425099726
1564 1564 43.3511718406
1565 1565 501.843734161
1566 1566 134.784406725
1567 1567 266.450169686
1568 1568 237.500510917
1569 1569 400.889981367
1570 1570 306.22327875
1571 1571 103.340596787
1572 1572 154.299173786
1573 1573 422.13302782
1574 1574 311.729523378
1575 1575 567.137266137
1576 1576 0.00926286842765
1577 1577 291.588999819
1578 1578 570.223110748
1579 1579 519.525404675
1580 1580 0.00129084804967
1581 1581 584.010979357
1582 1582 122.957291537
1583 1583 0.00308425826157
1584 1584 0.00596133296452
1585 1585 596.325705939
1586 1586 54.7243281918
1587 1587 99.9702542433
1588 1588 369.708594227
1589 1589 519.801481769
1590 1590 310.066680642
1591 1591 0.00505437787407
1592 1592 0.00256559834787
1593 1593 0.00323740235264
1594 1594 169.970719986
1595 1595 0.00700024148294
1596 1596 406.404746159
1597 1597 154.363416405
1598 1598 0.00319602075646
1599 1599 455.736200568
1600 1600 17.9736950151
1601 1601 116.782872125
1602 1602 0.00036754971204
1603 1603 427.256716218
1604 1604 435.628691244
1605 1605 47.0549699589
1606 1606 0.00679499551701
1607 1607 329.795204251
1608 1608 12.79211392
1609 1609 546.732842681
1610 1610 252.364198118
1611 1611 130.314101908
1612 1612 233.630875723
1613 1613 282.261285511
1614 1614 460.45235948
1615 1615 200.418142449
1616 1616 343.954459162
1617 1617 0.00181565850412
1618 1618 202.521804659
1619 1619 0.00798770375065
1620 1620 0.00481936806191
1621 1621 0.00263814049118
1622 1622 508.038413751
1623 1623 0.00056979920454
1624 1624 148.455928048
1625 1625 0.00478138184095
1626 1626 583.876874668
1627 1627 328.091617971
1628 1628 575.76743413
1629 1629 94.7364443867
1630 1630 0.00427562682173
1631 1631 152.711568801
1632 1632 130.345821768
1633 1633 436.958189332
1634 1634 471.756900622
1635 1635 0.00841758265983
1636 1636 625.988877546
1637 1637 31.1453597518
1638 1638 0.00295242796927
1639 1639 256.767031299
1640 1640 0.00864203595481
1641 1641 92.1835854134
1642 1642 385.43413538
1643 1643 324.769500228
1644 1644 34.2961313317
1645 1645 249.539505183
1646 1646 0.00724192712532
1647 1647 229.851660483
1648 1648 90.4706570748
1649 1649 9.14799107551
1650 1650 493.54596671
1651 1651 586.87913677
1652 1652 181.141737138
1653 1653 608.931583623
1654 1654 0.00649797886292
1655 1655 594.64428978
1656 1656 14.8018677348
1657 1657 0.00958264707446
1658 1658 0.00914378559143
1659 1659 216.778311916
1660 1660 47.6982751801
1661 1661 0.0064566164179
1662 1662 0.00586029253832
1663 1663 599.21900407
1664 1664 221.330713796
1665 1665 243.652329192
1666 1666 67.6005024784
1667 1667 531.265582738
1668 1668 0.00147353563016
1669 1669 153.037564513
1670 1670 384.518655666
1671 1671 0.00430324385183
1672 1672 458.754423266
1673 1673 272.377532871
1674 1674 200.796239605
1675 1675 179.6715974
1676 1676 16.4700172589
1677 1677 572.299105332
1678 1678 15.9232199866
1679 1679 112.055520951
1680 1680 374.036689007
1681 1681 106.054604131
1682 1682 0.006544035821
1683 1683 220.096033771
1684 1684 452.573301433
1685 1685 141.513199027
1686 1686 431.286402868
1687 1687 171.354265373
1688 1688 362.998670366
1689 1689 326.072363929
1690 1690 480.915918925
1691 1691 269.06818115
1692 1692 111.756234908
1693 1693 20.1819023212
1694 1694 241.308984088
1695 1695 166.642320019
1696 1696 395.48620091
1697 1697 56.0272588187
1698 1698 108.150273499
1699 1699 455.572949474
1700 1700 0.00693350381017
1701 1701 396.956559871
1702 1702 321.155351041
1703 1703 0.00968531482417
1704 1704 418.425489333
1705 1705 9.10655311401
1706 1706 44.4150797353
1707 1707 109.28729024
1708 1708 520.733223411
1709 1709 403.470534061
1710 1710 489.414010033
1711 1711 273.86523082
1712 1712 607.481752822
1713 1713 608.991715668
1714 1714 196.154160239
1715 1715 614.816137054
1716 1716 265.41767808
1717 1717 399.880961998
1718 1718 606.305809081
1719 1719 604.068131148
1720 1720 0.00533633068056
1721 1721 0.00417175974259
1722 1722 227.766289302
1723 1723 61.4821369157
1724 1724 322.60242257
1725 1725 516.966539651
1726 1726 0.00754030151247
1727 1727 98.4352394871
1728 1728 101.84241444
1729 1729 208.690604249
1730 1730 0.00954111231958
1731 1731 0.00344256865883
1732 1732 131.680512243
1733 1733 291.385330366
1734 1734 213.913456022
1735 1735 0.00500790901699
1736 1736 52.1697157779
1737 1737 542.388751704
1738 1738 0.00924477318797
1739 1739 0.26603603796
1740 1740 218.111154925
1741 1741 330.858743409
1742 1742 41.4604281448
1743 1743 186.143352327
1744 1744 0.00879551937106
1745 1745 286.707747282
1746 1746 69.0851002536
1747 1747 0.00781615267265
1748 1748 235.290667881
1749 1749 0.00100384304507
1750 1750 168.294411984
1751 1751 562.362585381
1752 1752 541.737519548
1753 1753 0.00554329171958
1754 1754 559.809043604
1755 1755 265.239297769
1756 1756 37.8993530839
1757 1757 529.986463718
1758 1758 619.469504494
1759 1759 75.1903241579
1760 1760 601.97484157
1761 1761 449.588664354
1762 1762 102.669705154
1763 1763 0.00461576583209
1764 1764 107.553504407
1765 1765 267.636819349
1766 1766 0.00741990299903
1767 1767 0.000809209109541
1768 1768 194.002621382
1769 1769 160.469995968
1770 1770 321.449270667
1771 1771 0.00281017684552
1772 1772 534.425163517
1773 1773 0.00176863689685
1774 1774 0.00466624553896
1775 1775 549.889464632
1776 1776 0.0056001036962
1777 1777 0.00190471943561
1778 1778 333.71533462
1779 1779 388.91963386
1780 1780 328.443258193
1781 1781 9.96047647153
1782 1782 0.00848616077564
1783 1783 453.59754816
1784 1784 586.859126623
1785 1785 0.00101148971603
1786 1786 105.837065632
1787 1787 46.5726970394
1788 1788 0.00788014804045
1789 1789 611.844885398
1790 1790 463.972708596
1791 1791 0.00473885225296
1792 1792 101.521573886
1793 1793 437.587937129
1794 1794 104.117545691
1795 1795 0.00561370268844
1796 1796 319.880627381
1797 1797 5.78963133306
1798 1798 0.0085970937863
1799 1799 0.00188266457988
1800 1800 470.087685114
1801 1801 361.694444428
1802 1802 0.00557214380092
1803 1803 187.558043284
1804 1804 0.00397044633186
1805 1805 378.509896662
1806 1806 233.137993205
1807 1807 431.561513169
1808 1808 610.105666455
1809 1809 585.974981992
1810 1810 0.00729810965106
1811 1811 276.517192255
1812 1812 73.6558013911
1813 1813 347.251845719
1814 1814 523.00323389
1815 1815 67.14956521
1816 1816 192.24701882
1817 1817 224.628412294
1818 1818 235.416766605
1819 1819 0.000198606786678
1820 1820 131.153494653
1821 1821 1.51793817838
1822 1822 403.931047956
1823 1823 577.004124123
1824 1824 147.715667296
1825 1825 0.00906643730901
1826 1826 0.00667120967927
1827 1827 492.409898531
1828 1828 493.607341673
1829 1829 278.476891581
1830 1830 54.230235955
1831 1831 464.204255329
1832 1832 234.08028201
1833 1833 351.998949827
1834 1834 183.713090064
1835 1835 624.544032
1836 1836 218.759524289
1837 1837 227.458564866
1838 1838 0.00834936023801
1839 1839 445.123354928
1840 1840 447.960609158
1841 1841 169.085474146
1842 1842 0.00565814738491
1843 1843 383.357977765
1844 1844 392.603047001
1845 1845 206.396377005
1846 1846 344.831255524
1847 1847 138.731116947
1848 1848 520.423821035
1849 1849 0.00253734031977
1850 1850 0.00358343346582
1851 1851 459.007671829
1852 1852 240.195235164
1853 1853 423.357460685
1854 1854 125.290525971
1855 1855 0.00417098632439
1856 1856 0.000602236840872
1857 1857 621.98661618
1858 1858 226.485343393
1859 1859 275.713088337
1860 1860 392.256155857
1861 1861 231.8212386
1862 1862 230.842670706
1863 1863 71.0057522893
1864 1864 137.67551124
1865 1865 469.951957165
1866 1866 199.310026555
1867 1867 469.868858131
1868 1868 0.00167951915275
1869 1869 543.617353193
1870 1870 0.00251959716676
1871 1871 516.647021985
1872 1872 472.853415801
1873 1873 282.349434315
1874 1874 292.73247298
1875 1875 343.554553178
1876 1876 0.00569364818849
1877 1877 0.00906944257502
1878 1878 601.494675807
1879 1879 202.500268488
1880 1880 0.00163037434932
1881 1881 320.448558945
1882 1882 253.225689108
1883 1883 109.946068717
1884 1884 283.450771266
1885 1885 93.1032984628
1886 1886 528.118052139
1887 1887 279.588957346
1888 1888 38.5861370047
1889 1889 0.000712544787952
1890 1890 576.325015696
1891 1891 427.180072808
1892 1892 273.285832123
1893 1893 611.038482855
1894 1894 443.479464126
1895 1895 177.750082505
1896 1896 306.229028481
1897 1897 432.061431235
1898 1898 293.478488848
1899 1899 277.968080912
1900 1900 131.099536044
1901 1901 55.3738529547
1902 1902 472.777938541
1903 1903 497.165101748
1904 1904 410.39221555
1905 1905 10.4170536738
1906 1906 0.00229247835257
1907 1907 392.71214481
1908 1908 325.706780647
1909 1909 388.33670779
1910 1910 388.747974294
1911 1911 561.041809963
1912 1912 270.830023352
1913 1913 505.154459568
1914 1914 196.836751944
1915 1915 585.395998405
1916 1916 0.00406978560364
1917 1917 43.4827919741
1918 1918 377.410309983
1919 1919 447.444357991
1920 1920 290.804485871
1921 1921 284.399702853
1922 1922 0.00694491751077
1923 1923 505.37653415
1924 1924 481.335248615
1925 1925 388.900721267
1926 1926 381.677895608
1927 1927 44.8646006671
1928 1928 0.00167445344407
1929 1929 520.066419638
1930 1930 97.5633424271
1931 1931 523.175424966
1932 1932 369.621739274
1933 1933 0.00286446270086
1934 1934 338.535600612
1935 1935 0.00444738638336
1936 1936 335.161392711
1937 1937 497.367493853
1938 1938 0.00796370811638
1939 1939 548.654955549
1940 1940 74.293433905
1941 1941 24.9239814746
1942 1942 460.059469026
1943 1943 171.73343184
1944 1944 105.129755599
1945 1945 624.452115459
1946 1946 605.482515124
1947 1947 541.969117766
1948 1948 0.00724264940739
1949 1949 196.300091318
1950 1950 130.834894662
1951 1951 426.718120728
1952 1952 0.606945662205
1953 1953 134.775677998
1954 1954 0.00306525206898
1955 1955 150.594913602
1956 1956 338.645836213
1957 1957 0.00160749438074
1958 1958 16.407732671
1959 1959 224.817711362
1960 1960 0.00730302071661
1961 1961 104.305971718
1962 1962 377.150230062
1963 1963 559.718659405
1964 1964 511.801855558
1965 1965 408.350559338
1966 1966 340.545696774
1967 1967 181.684166211
1968 1968 171.829205248
1969 1969 227.260459585
1970 1970 163.141812211
1971 1971 0.00364096885687
1972 1972 277.712126765
1973 1973 0.00305926080056
1974 1974 0.00129295907852
1975 1975 386.889602534
1976 1976 520.75856615
1977 1977 541.604843616
1978 1978 617.814504141
1979 1979 332.55112637
1980 1980 72.4593437128
1981 1981 409.463726705
1982 1982 340.296057167
1983 1983 72.2952470125
1984 1984 378.235156512
1985 1985 0.00951731259957
1986 1986 448.417450186
1987 1987 523.998696468
1988 1988 134.344065612
1989 1989 418.489125901
1990 1990 0.00956183344221
1991 1991 62.2705812714
1992 1992 226.355329794
1993 1993 0.00355713115485
1994 1994 304.951127447
1995 1995 36.5303079989
1996 1996 0.000829515436189
1997 1997 525.279444372
1998 1998 565.154595088
1999 1999 27.25233526
2000 2000 423.696916325
2001 2001 25.6766072041
2002 2002 512.336476674
2003 2003 21.3471889978
2004 2004 516.756311812
2005 2005 30.6088572276
2006 2006 29.4899423216
2007 2007 296.734303781
2008 2008 2.8291401913
2009 2009 0.00218825996916
2010 2010 0.00498310635074
2011 2011 387.721565377
2012 2012 263.343646837
2013 2013 33.8583001421
2014 2014 43.2326432239
2015 2015 452.933284777
2016 2016 53.6515800477
2017 2017 360.927336464
2018 2018 25.9724933088
2019 2019 329.009618415
2020 2020 607.218544453
2021 2021 601.528937723
2022 2022 19.4543633829
2023 2023 472.810402545
2024 2024 426.807296571
2025 2025 297.630747811
2026 2026 551.118555851
2027 2027 553.549338651
2028 2028 0.0047484344335
2029 2029 583.042383918
2030 2030 1.69418481301e-05
2031 2031 0.00648023234945
2032 2032 0.00985085572909
2033 2033 270.797828639
2034 2034 463.076986405
2035 2035 0.00219537315027
2036 2036 47.689087724
2037 2037 0.00819537847223
2038 2038 572.882123499
2039 2039 0.00452363560565
2040 2040 223.273392749
2041 2041 589.489709021
2042 2042 410.273895862
2043 2043 0.00737308095867
2044 2044 383.691046616
2045 2045 597.57135299
2046 2046 0.00800765065093
2047 2047 129.43236648
2048 2048 396.013592218
2049 2049 146.329428386
2050 2050 336.280139303
2051 2051 427.149866578
2052 2052 0.00397108559211
2053 2053 74.5423570842
2054 2054 0.00598586679839
2055 2055 0.00703028156922
2056 2056 405.840243437
2057 2057 0.00770896395359
2058 2058 145.102105847
2059 2059 279.155258618
2060 2060 0.00686178041799
2061 2061 405.421337205
2062 2062 381.114424959
2063 2063 251.934158878
2064 2064 505.780856465
2065 2065 174.512405015
2066 2066 0.00828445454501
2067 2067 0.00503761119033
2068 2068 296.117459117
2069 2069 0.00372770768885
2070 2070 174.261013993
2071 2071 397.490565214
2072 2072 0.00927012775439
2073 2073 0.000457748422977
2074 2074 506.503201582
2075 2075 392.140073191
2076 2076 389.247487665
2077 2077 506.667828243
2078 2078 595.505956822
2079 2079 0.000447060074138
2080 2080 333.539484706
2081 2081 0.00441984996406
2082 2082 73.2588195039
2083 2083 112.818884119
2084 2084 138.208651094
2085 2085 489.534201922
2086 2086 274.581129914
2087 2087 435.741515679
2088 2088 0.00776899507025
2089 2089 0.00871692925808
2090 2090 297.653302673
2091 2091 165.459939677
2092 2092 70.2318613344
2093 2093 44.0346673902
2094 2094 350.351364237
2095 2095 578.241694958
2096 2096 0.000358275026113
2097 2097 244.67477288
2098 2098 127.848557572
2099 2099 338.205444361
2100 2100 139.324975701
2101 2101 73.0310576371
2102 2102 0.00730346788741
2103 2103 602.971004381
2104 2104 361.758267424
2105 2105 507.813604252
2106 2106 619.969803078
2107 2107 286.02371661
2108 2108 219.762827552
2109 2109 283.34472709
2110 2110 0.00703370893384
2111 2111 234.437808539
2112 2112 399.871538735
2113 2113 0.00643840645103
2114 2114 298.8769502
2115 2115 32.0189886429
2116 2116 0.00195579246178
2117 2117 344.379527811
2118 2118 243.844238575
2119 2119 19.6119546998
2120 2120 0.00152940483341
2121 2121 0.00465301022796
2122 2122 0.00320852419904
2123 2123 0.00698356886675
2124 2124 0.00121425308051
2125 2125 229.100298607
2126 2126 559.286379992
2127 2127 457.087844434
2128 2128 189.485529739
2129 2129 253.356144435
2130 2130 275.383944162
2131 2131 0.000836605167228
2132 2132 220.236881235
2133 2133 532.295547612
2134 2134 52.9896522303
2135 2135 0.00412376908159
2136 2136 583.821688342
2137 2137 320.472674676
2138 2138 366.1969496
2139 2139 29.1397917778
2140 2140 201.732732949
2141 2141 282.581462907
2142 2142 0.00770014728988
2143 2143 144.703520395
2144 2144 291.533353495
2145 2145 164.673254051
2146 2146 543.5130319
2147 2147 519.924542696
2148 2148 74.9223640895
2149 2149 504.502266586
2150 2150 577.143401539
2151 2151 183.72531769
2152 2152 0.00859897783257
2153 2153 93.1529248876
2154 2154 0.00714502197604
2155 2155 44.5954612797
2156 2156 441.486545515
2157 2157 5.99585249855
2158 2158 266.576203191
2159 2159 501.038811813
2160 2160 118.13096203
2161 2161 0.00857296907481
2162 2162 263.889378434
2163 2163 549.401950479
2164 2164 335.408841244
2165 2165 520.430570226
2166 2166 257.86977475
2167 2167 89.6009276101
2168 2168 500.277137202
2169 2169 314.872139066
2170 2170 344.619036839
2171 2171 529.178025694
2172 2172 0.00919167253688
2173 2173 609.599367064
2174 2174 562.570698612
2175 2175 0.0055948306847
2176 2176 340.490855632
2177 2177 92.7005148059
2178 2178 464.47356143
2179 2179 247.661626034
2180 2180 496.213040438
2181 2181 372.281360189
2182 2182 491.97665391
2183 2183 484.976887725
2184 2184 280.257189136
2185 2185 621.763058185
2186 2186 201.181974052
2187 2187 486.28241713
2188 2188 275.999807892
2189 2189 0.00455324010612
2190 2190 0.00680461860296
2191 2191 93.6457385754
2192 2192 382.855842945
2193 2193 449.325100413
2194 2194 515.452514119
2195 2195 204.501358853
2196 2196 0.00153313843698
2197 2197 246.841943003
2198 2198 0.00172272181853
2199 2199 299.812399005
2200 2200 0.00697929790905
2201 2201 428.760282904
2202 2202 0.00219954120323
2203 2203 107.887339214
2204 2204 213.149028362
2205 2205 85.3093100066
2206 2206 0.00240900042748
2207 2207 0.00328505573341
2208 2208 0.00886336447749
2209 2209 0.00448400724953
2210 2210 370.116357386
2211 2211 307.302635827
2212 2212 254.258318237
2213 2213 0.00115517972677
2214 2214 607.963177332
2215 2215 0.00553829176347
2216 2216 102.025888816
2217 2217 621.413115244
2218 2218 0.00181435767926
2219 2219 251.925073436
2220 2220 459.315701192
2221 2221 0.00379742654312
2222 2222 362.958211231
2223 2223 614.266060262
2224 2224 250.781555939
2225 2225 311.308923762
2226 2226 505.025333257
2227 2227 443.91753465
2228 2228 522.872280123
2229 2229 63.153687035
2230 2230 423.902909358
2231 2231 381.853008231
2232 2232 475.792375922
2233 2233 119.847708443
2234 2234 235.60739126
2235 2235 0.00354070521434
2236 2236 0.00862686019786
2237 2237 0.00226545642311
2238 2238 555.406939562
2239 2239 317.58282458
2240 2240 568.221231291
2241 2241 353.594021788
2242 2242 0.00636216200245
2243 2243 485.465902058
2244 2244 0.00687805428192
2245 2245 543.461976494
2246 2246 256.414965694
2247 2247 0.00568055221888
2248 2248 70.8442744006
2249 2249 2.39230877968
2250 2250 462.726266991
2251 2251 142.83034893
2252 2252 357.573630333
2253 2253 0.00695845881852
2254 2254 218.258279171
2255 2255 157.386320695
2256 2256 242.816409658
2257 2257 0.00787348529913
2258 2258 123.949391889
2259 2259 0.00427528423226
2260 2260 310.203619994
2261 2261 419.601657402
2262 2262 405.796303006
2263 2263 55.7937321419
2264 2264 399.844175497
2265 2265 0.00255085282443
2266 2266 286.402075262
2267 2267 355.073711141
2268 2268 71.8596791205
2269 2269 254.454878871
2270 2270 537.290993014
2271 2271 361.473350642
2272 2272 493.900360203
2273 2273 183.940526774
2274 2274 550.62844702
2275 2275 239.584684784
2276 2276 444.773483639
2277 2277 508.601940256
2278 2278 169.649216372
2279 2279 63.9375548258
2280 2280 12.7419052407
2281 2281 625.402090339
2282 2282 363.590725397
2283 2283 70.2103666609
2284 2284 50.3790937657
2285 2285 195.890868377
2286 2286 237.048567879
2287 2287 387.891819556
2288 2288 143.039051538
2289 2289 581.655742548
2290 2290 64.0610425341
2291 2291 278.676458738
2292 2292 192.12721669
2293 2293 550.823974535
2294 2294 0.00867969480869
2295 2295 0.00769210737969
2296 2296 360.493475078
2297 2297 0.0025991780637
2298 2298 330.809754004
2299 2299 233.561434779
2300 2300 55.0763182902
2301 2301 624.482602388
2302 2302 0.00187762316054
2303 2303 431.516792944
2304 2304 401.774287197
2305 2305 470.26567463
2306 2306 363.621108001
2307 2307 15.9762756735
2308 2308 463.054595164
2309 2309 196.811570868
2310 2310 91.2232381696
2311 2311 526.32501435
2312 2312 528.028909412
2313 2313 0.00999745111254
2314 2314 371.458237616
2315 2315 540.486210754
2316 2316 0.00199793216936
2317 2317 394.088755429
2318 2318 0.00752296274882
2319 2319 0.00736168881586
2320 2320 540.81390954
2321 2321 36.6859509106
2322 2322 435.567697774
2323 2323 172.697584447
2324 2324 302.944860378
2325 2325 426.350304144
2326 2326 233.757238546
2327 2327 286.454262154
2328 2328 193.925270585
2329 2329 472.880615364
2330 2330 573.613998578
2331 2331 219.439296913
2332 2332 625.760163048
2333 2333 586.127021687
2334 2334 208.447836768
2335 2335 467.557198104
2336 2336 0.522004472453
2337 2337 0.00225713363052
2338 2338 513.990629396
2339 2339 107.56561497
2340 2340 244.799826958
2341 2341 0.00416769982709
2342 2342 199.137909399
2343 2343 29.1018709305
2344 2344 24.6752851203
2345 2345 609.505896561
2346 2346 377.859379177
2347 2347 469.821415183
2348 2348 551.768582267
2349 2349 322.695926389
2350 2350 0.00288671793557
2351 2351 183.34158553
2352 2352 0.00437499327437
2353 2353 0.00047723028459
2354 2354 0.00088708101835
2355 2355 580.602605501
2356 2356 145.204676682
2357 2357 0.00888164133989
2358 2358 457.01815108
2359 2359 193.854722294
2360 2360 308.838618958
2361 2361 610.124290981
2362 2362 516.810297487
2363 2363 546.720486141
2364 2364 593.821385754
2365 2365 0.00639102176209
2366 2366 181.301737352
2367 2367 0.00997883533319
2368 2368 118.171444436
2369 2369 89.6831462002
2370 2370 607.768219673
2371 2371 280.768015981
2372 2372 355.417371695
2373 2373 0.0055053722566
2374 2374 402.818816428
2375 2375 0.00894624750629
2376 2376 0.000437923974881
2377 2377 316.779332344
2378 2378 47.4520226889
2379 2379 124.815892877
2380 2380 0.00904664571041
2381 2381 131.540266192
2382 2382 0.000532718443297
2383 2383 608.181036775
2384 2384 0.00778615194089
2385 2385 0.00669055451044
2386 2386 467.756766321
2387 2387 341.941927481
2388 2388 248.11496699
2389 2389 87.2943095674
2390 2390 547.784465526
2391 2391 273.451626365
2392 2392 263.080295303
2393 2393 540.994573517
2394 2394 0.00425349538973
2395 2395 317.715051943
2396 2396 99.1800950475
2397 2397 0.00964698131994
2398 2398 0.00425604322155
2399 2399 528.207128351
2400 2400 584.556023622
2401 2401 368.48961002
2402 2402 350.985450758
2403 2403 0.0024789025237
2404 2404 1.4240656987
2405 2405 471.907964611
2406 2406 371.220845267
2407 2407 467.971783513
2408 2408 599.389397082
2409 2409 558.007186638
2410 2410 355.730238183
2411 2411 0.00184458757882
2412 2412 131.236430497
2413 2413 16.8354724875
2414 2414 223.934755789
2415 2415 132.860793365
2416 2416 496.732556914
2417 2417 456.39393041
2418 2418 0.00478845901458
2419 2419 590.806888981
2420 2420 224.763909218
2421 2421 229.765460224
2422 2422 351.59553341
2423 2423 0.00259006475726
2424 2424 94.9789300118
2425 2425 0.00646420237662
2426 2426 0.0092321226718
2427 2427 460.550149292
2428 2428 0.00715652494622
2429 2429 416.629435728
2430 2430 366.941178393
2431 2431 582.114079635
2432 2432 371.853813248
2433 2433 0.00049434654205
2434 2434 171.683165298
2435 2435 294.631951946
2436 2436 588.145076646
2437 2437 0.00656875672596
2438 2438 0.00239673829528
2439 2439 623.948268936
2440 2440 350.977375615
2441 2441 400.227193891
2442 2442 105.876611947
2443 2443 0.002507377969
2444 2444 123.074050979
2445 2445 470.950479318
2446 2446 157.169095532
2447 2447 561.824975073
2448 2448 20.5673675439
2449 2449 54.1671421213
2450 2450 538.57182643
2451 2451 486.047147673
2452 2452 533.558113603
2453 2453 581.099845701
2454 2454 549.47102434
2455 2455 212.774780195
2456 2456 0.00915781504177
2457 2457 243.422121056
2458 2458 132.464274803
2459 2459 0.00063556009691
2460 2460 59.2036287119
2461 2461 597.368567725
2462 2462 165.689391721
2463 2463 453.342550216
2464 2464 510.729101138
2465 2465 442.414472523
2466 2466 174.91750649
2467 2467 467.47939721
2468 2468 255.617460484
2469 2469 0.00351510613872
2470 2470 0.00168946033738
2471 2471 0.00671049108162
2472 2472 541.283732354
2473 2473 213.691650109
2474 2474 0.0082879934658
2475 2475 2.45737046175
2476 2476 0.000322129688753
2477 2477 21.2755091656
2478 2478 172.818384369
2479 2479 200.121410858
2480 2480 0.00979808821063
2481 2481 570.639997736
2482 2482 197.22411791
2483 2483 324.169372944
2484 2484 55.8212068484
2485 2485 0.00367222445469
2486 2486 0.00650842819682
2487 2487 40.099206429
2488 2488 256.084929448
2489 2489 370.380389298
2490 2490 515.184588868
2491 2491 607.981056232
2492 2492 277.310244176
2493 2493 153.052649156
2494 2494 0.000364500083705
2495 2495 515.51093495
2496 2496 341.3863997
2497 2497 251.782804542
2498 2498 579.70891628
2499 2499 27.7638554524
2500 2500 0.000701435646933
2501 2501 0.00199604040298
2502 2502 303.040826485
2503 2503 201.004017422
2504 2504 0.00673723517613
2505 2505 568.322071166
2506 2506 29.5338605601
2507 2507 57.289711253
2508 2508 405.221747805
2509 2509 369.190092261
2510 2510 135.713514889
2511 2511 20.3618855654
2512 2512 435.508652286
2513 2513 323.177455253
2514 2514 49.3619749444
2515 2515 260.53660767
2516 2516 183.370632554
2517 2517 336.787711178
2518 2518 84.0056516543
2519 2519 324.895796988
2520 2520 0.00158913939264
2521 2521 110.404811366
2522 2522 0.000475813973076
2523 2523 624.409949402
2524 2524 106.759067224
2525 2525 0.00844640454866
2526 2526 466.525078057
2527 2527 116.662456767
2528 2528 58.275163596
2529 2529 0.00632383618856
2530 2530 0.0092484708078
2531 2531 274.393532694
2532 2532 341.511848275
2533 2533 0.00923218602742
2534 2534 136.686988458
2535 2535 346.784918301
2536 2536 599.338895659
2537 2537 621.188418778
2538 2538 0.00345680764632
2539 2539 142.411502511
2540 2540 516.782259798
2541 2541 121.669775361
2542 2542 564.28617963
2543 2543 469.774540109
2544 2544 0.00416994223703
2545 2545 0.00116651138824
2546 2546 0.00942568211511
2547 2547 407.976353928
2548 2548 148.274609737
2549 2549 199.034242099
2550 2550 108.574742957
2551 2551 207.174154594
2552 2552 150.97706138
2553 2553 623.600233072
2554 2554 180.341180911
2555 2555 82.0465511529
2556 2556 263.48321047
2557 2557 252.662721944
2558 2558 0.00720168010298
2559 2559 3.89026561977
2560 2560 255.456788131
2561 2561 0.00280156641931
2562 2562 0.00987059151132
2563 2563 353.789631472
2564 2564 575.396331906
2565 2565 527.76436321
2566 2566 0.000660434864735
2567 2567 386.489283639
2568 2568 0.00269650480356
2569 2569 320.974164904
2570 2570 0.0039731228175
2571 2571 269.400791117
2572 2572 163.814103976
2573 2573 363.372404278
2574 2574 0.00287364704002
2575 2575 251.058056269
2576 2576 504.731825583
2577 2577 536.817476671
2578 2578 24.7258991368
2579 2579 579.405922792
2580 2580 587.10035392
2581 2581 165.822178862
2582 2582 0.00499680473587
2583 2583 0.00565221039984
2584 2584 0.000594772153856
2585 2585 0.00357836898853
2586 2586 225.743346703
2587 2587 106.376828175
2588 2588 457.610436598
2589 2589 122.18857581
2590 2590 366.518046845
2591 2591 141.224474678
2592 2592 443.305914455
2593 2593 492.34519075
2594 2594 242.060887126
2595 2595 58.2665841839
2596 2596 556.15523008
2597 2597 292.509903243
2598 2598 0.00801064297908
2599 2599 0.00957990240983
2600 2600 563.15413108
2601 2601 556.532562116
2602 2602 304.79814453
2603 2603 292.394576297
2604 2604 0.00323478759488
2605 2605 436.272840134
2606 2606 265.075062057
2607 2607 506.856631902
2608 2608 148.803551096
2609 2609 0.00532359093996
2610 2610 458.673181454
2611 2611 0.0085008821878
2612 2612 101.703748249
2613 2613 549.606296114
2614 2614 0.000892068762283
2615 2615 432.180136465
2616 2616 88.0817034957
2617 2617 429.214867687
2618 2618 468.335546131
2619 2619 0.00222188730127
2620 2620 255.365762814
2621 2621 347.211886427
2622 2622 54.8905738459
2623 2623 47.6000887371
2624 2624 364.409724687
2625 2625 46.1959209668
2626 2626 507.430180756
2627 2627 39.6008963668
2628 2628 552.221877713
2629 2629 321.79615947
2630 2630 0.00501311540741
2631 2631 588.832452365
2632 2632 0.00715457987988
2633 2633 308.933722381
2634 2634 459.108812465
2635 2635 469.432465979
2636 2636 187.860826923
2637 2637 138.163184119
2638 2638 340.173977607
2639 2639 0.00535789518704
2640 2640 152.787448922
2641 2641 569.301528535
2642 2642 550.22508409
2643 2643 554.612836862
2644 2644 379.678354903
2645 2645 617.857103457
2646 2646 478.140150691
2647 2647 481.805665554
2648 2648 563.017388772
2649 2649 345.391595303
2650 2650 0.0082695281685
2651 2651 0.00141730540769
2652 2652 284.82954983
2653 2653 161.950548079
2654 2654 348.24832448
2655 2655 162.57422885
2656 2656 0.00182694109517
2657 2657 485.988262013
2658 2658 581.422482879
2659 2659 0.00966689160233
2660 2660 575.481888771
2661 2661 435.389528588
2662 2662 20.1891835168
2663 2663 287.605502235
2664 2664 76.2806945342
2665 2665 0.000985166496952
2666 2666 127.905974769
2667 2667 0.0057706394885
2668 2668 320.913116792
2669 2669 0.00761422238335
2670 2670 448.119310831
2671 2671 453.460534911
2672 2672 42.5109327917
2673 2673 235.915851983
2674 2674 604.804508103
2675 2675 169.865979562
2676 2676 0.00812871563731
2677 2677 405.137757308
2678 2678 426.867246526
2679 2679 318.387514298
2680 2680 0.000733370940792
2681 2681 138.556998331
2682 2682 550.703978336
2683 2683 539.274634027
2684 2684 0.00760097725625
2685 2685 307.181793501
2686 2686 508.375739151
2687 2687 611.575894567
2688 2688 431.030839852
2689 2689 12.3963626291
2690 2690 0.00994996888418
2691 2691 240.950965822
2692 2692 197.47025745
2693 2693 540.27400706
2694 2694 47.1228789625
2695 2695 50.4167884438
2696 2696 263.567377522
2697 2697 458.886899122
2698 2698 248.897266354
2699 2699 337.771628108
2700 2700 0.00823764826416
2701 2701 273.488495119
2702 2702 526.27972073
2703 2703 118.162434959
2704 2704 0.00274908371349
2705 2705 73.0643131565
2706 2706 247.461864986
2707 2707 0.00454954169271
2708 2708 149.160955441
2709 2709 432.890665632
2710 2710 0.00526358417867
2711 2711 230.760368175
2712 2712 429.310662467
2713 2713 457.504369229
2714 2714 597.678693602
2715 2715 366.670449507
2716 2716 526.49642087
2717 2717 0.00782076609089
2718 2718 219.417970747
2719 2719 393.215665237
2720 2720 623.129732985
2721 2721 600.252954714
2722 2722 434.700153966
2723 2723 0.00452757605873
2724 2724 526.297055737
2725 2725 0.00801963120245
2726 2726 0.00907949610818
2727 2727 400.401963968
2728 2728 531.557181573
2729 2729 121.386835621
2730 2730 402.470191733
2731 2731 544.058845316
2732 2732 0.00611019856487
2733 2733 0.007381444083
2734 2734 429.357903582
2735 2735 196.75840207
2736 2736 146.798265947
2737 2737 0.00334218212264
2738 2738 620.673319483
2739 2739 454.940410342
2740 2740 282.542479103
2741 2741 434.184057476
2742 2742 0.00394016354389
2743 2743 0.00272522138765
2744 2744 547.976782468
2745 2745 581.531627291
2746 2746 234.289054517
2747 2747 485.314044748
2748 2748 506.45431593
2749 2749 385.562233478
2750 2750 539.285435028
2751 2751 0.00495320986281
2752 2752 254.781970556
2753 2753 197.532470105
2754 2754 483.204017307
2755 2755 106.581335138
2756 2756 0.00969052576375
2757 2757 312.556869732
2758 2758 27.8367832459
2759 2759 560.421516247
2760 2760 0.00532304434952
2761 2761 0.00488248322579
2762 2762 341.811348845
2763 2763 413.083372755
2764 2764 169.964163473
2765 2765 354.233307058
2766 2766 5.17214699004e-05
2767 2767 0.00917733411014
2768 2768 201.636111825
2769 2769 218.897146232
2770 2770 423.295527742
2771 2771 512.156685561
2772 2772 84.1961503173
2773 2773 103.739570411
2774 2774 447.08620464
2775 2775 597.503075385
2776 2776 383.326243525
2777 2777 407.991785105
2778 2778 45.1963172645
2779 2779 0.00444894596517
2780 2780 49.6841722122
2781 2781 0.0076194449168
2782 2782 329.112810592
2783 2783 289.575124113
2784 2784 333.28055092
2785 2785 107.756990786
2786 2786 516.047452749
2787 2787 0.00451913803118
2788 2788 313.285197662
2789 2789 117.007843815
2790 2790 210.723041161
2791 2791 314.967214696
2792 2792 599.679992393
2793 2793 165.17493272
2794 2794 76.0258014372
2795 2795 490.742650867
2796 2796 0.00457920895471
2797 2797 518.05186841
2798 2798 293.78677608
2799 2799 570.366931794
2800 2800 61.6739492311
2801 2801 0.00917140291598
2802 2802 451.495608852
2803 2803 370.351209903
2804 2804 329.246539258
2805 2805 465.987088819
2806 2806 0.00707106697331
2807 2807 38.2478364754
2808 2808 588.072155106
2809 2809 414.249685567
2810 2810 622.164708114
2811 2811 558.756406895
2812 2812 289.070338125
2813 2813 0.00536638626188
2814 2814 0.00772611288996
2815 2815 129.752675587
2816 2816 330.042380835
2817 2817 52.3341115523
2818 2818 0.00855844434743
2819 2819 267.92052089
2820 2820 140.982597718
2821 2821 465.961317487
2822 2822 368.755579421
2823 2823 7.39270427839
2824 2824 63.782549187
2825 2825 0.00471687327865
2826 2826 57.0972088938
2827 2827 604.287213802
2828 2828 0.00517330645762
2829 2829 400.282200005
2830 2830 186.691595093
2831 2831 219.466284164
2832 2832 596.32237371
2833 2833 0.00512267679191
2834 2834 76.7889807338
2835 2835 86.2220194257
2836 2836 219.588913694
2837 2837 97.2792367614
2838 2838 544.060627959
2839 2839 405.861823051
2840 2840 0.00502690460332
2841 2841 353.681301784
2842 2842 594.346395922
2843 2843 0.00359193329202
2844 2844 65.8364959748
2845 2845 547.25072343
2846 2846 412.738918075
2847 2847 0.00252403528278
2848 2848 250.16831848
2849 2849 318.668968236
2850 2850 489.819226804
2851 2851 496.410613399
2852 2852 266.987254726
2853 2853 381.354611382
2854 2854 199.829614916
2855 2855 464.035854868
2856 2856 521.910175954
2857 2857 392.957568684
2858 2858 89.3218103525
2859 2859 183.355157675
2860 2860 198.471278394
2861 2861 332.312344537
2862 2862 132.882765865
2863 2863 0.0027834333806
2864 2864 398.089962338
2865 2865 225.211695813
2866 2866 478.892995767
2867 2867 221.275819069
2868 2868 329.58560354
2869 2869 0.0056342273323
2870 2870 225.911969341
2871 2871 0.000312885363156
2872 2872 46.073855565
2873 2873 0.00580626039385
2874 2874 443.700034668
2875 2875 595.537718807
2876 2876 0.00730524969778
2877 2877 307.73428536
2878 2878 70.8519605324
2879 2879 572.272803007
2880 2880 310.82206675
2881 2881 0.00507186450981
2882 2882 11.6404925859
2883 2883 0.00313290188736
2884 2884 8.55893827246
2885 2885 79.2376115698
2886 2886 215.597708879
2887 2887 0.00883356846381
2888 2888 0.00370773409097
2889 2889 541.515097707
2890 2890 533.366735283
2891 2891 76.9783788587
2892 2892 444.123191832
2893 2893 498.940547621
2894 2894 535.65022257
2895 2895 144.648336548
2896 2896 0.00418107660365
2897 2897 257.49229927
2898 2898 544.156163523
2899 2899 353.367738369
2900 2900 477.617425669
2901 2901 383.392904992
2902 2902 340.210478095
2903 2903 0.000893809037811
2904 2904 578.538520927
2905 2905 485.938986972
2906 2906 406.355005815
2907 2907 23.1279382892
2908 2908 0.00207058851182
2909 2909 0.00314265307148
2910 2910 552.910300687
2911 2911 333.046541767
2912 2912 134.735329669
2913 2913 481.786194541
2914 2914 123.215570615
2915 2915 442.520980793
2916 2916 0.00707633831974
2917 2917 489.348339609
2918 2918 255.33657508
2919 2919 109.615189988
2920 2920 0.00569598190416
2921 2921 324.898650033
2922 2922 140.653619208
2923 2923 0.00768157903579
2924 2924 237.225201788
2925 2925 172.503578899
2926 2926 7.50455792161
2927 2927 478.595617035
2928 2928 442.697953715
2929 2929 0.00753943871167
2930 2930 318.357918992
2931 2931 0.00221449969452
2932 2932 504.43086231
2933 2933 380.692732975
2934 2934 305.320120234
2935 2935 20.3246044129
2936 2936 529.521188385
2937 2937 432.153419648
2938 2938 448.444332432
2939 2939 384.462875454
2940 2940 575.803931099
2941 2941 439.826622578
2942 2942 90.6671411932
2943 2943 0.00879067109539
2944 2944 104.546956527
2945 2945 100.115348162
2946 2946 563.940503115
2947 2947 6.00672302203e-05
2948 2948 461.447535834
2949 2949 583.812338119
2950 2950 163.47917738
2951 2951 402.278495026
2952 2952 164.395197521
2953 2953 618.958228304
2954 2954 442.941659805
2955 2955 475.629733769
2956 2956 233.985185368
2957 2957 217.877312704
2958 2958 590.097613208
2959 2959 457.257996289
2960 2960 0.000145866762275
2961 2961 294.63658594
2962 2962 420.662472957
2963 2963 0.00443368876727
2964 2964 275.373868824
2965 2965 535.584733472
2966 2966 197.264662733
2967 2967 573.553630935
2968 2968 125.69911115
2969 2969 318.774452512
2970 2970 0.00624611815751
2971 2971 453.006546944
2972 2972 0.00044542466794
2973 2973 149.267560288
2974 2974 0.0015568691236
2975 2975 361.379621667
2976 2976 145.330687613
2977 2977 177.192655866
2978 2978 266.951092754
2979 2979 397.333258218
2980 2980 430.061967983
2981 2981 387.55668014
2982 2982 0.00911772478989
2983 2983 0.00529024748537
2984 2984 0.00586919207936
2985 2985 13.7037186583
2986 2986 0.00031113952724
2987 2987 122.217955681
2988 2988 562.590136472
2989 2989 388.306601762
2990 2990 612.109039404
2991 2991 505.073637583
2992 2992 405.620392501
2993 2993 0.00324209378062
2994 2994 352.085025182
2995 2995 617.988734165
2996 2996 254.718917742
2997 2997 190.447542007
2998 2998 534.383599305
2999 2999 0.0011886502162
3000 3000 0.00990448262811
3001 3001 0.00643642644431
3002 3002 0.00569679294918
3003 3003 591.716400096
3004 3004 0.00556591014133
3005 3005 264.284218932
3006 3006 412.628353625
3007 3007 12.5064173172
3008 3008 371.766392175
3009 3009 524.040978317
3010 3010 188.869648471
3011 3011 228.472175686
3012 3012 580.197691026
3013 3013 122.842865794
3014 3014 78.1686315242
3015 3015 450.529264975
3016 3016 227.170778944
3017 3017 52.1528472917
3018 3018 443.926212308
3019 3019 161.497922193
3020 3020 39.7164679121
3021 3021 560.46108162
3022 3022 413.06269957
3023 3023 358.390886357
3024 3024 414.852706433
3025 3025 190.088318364
3026 3026 255.706366775
3027 3027 575.10323488
3028 3028 502.374183247
3029 3029 574.093186989
3030 3030 0.000620415994516
3031 3031 0.00738507038287
3032 3032 0.00666431936706
3033 3033 606.701777795
3034 3034 331.371514667
3035 3035 225.155442362
3036 3036 601.944239325
3037 3037 0.00779612409484
3038 3038 0.000233884865036
3039 3039 579.354468235
3040 3040 0.00120178071436
3041 3041 0.00933132448459
3042 3042 183.700932128
3043 3043 322.381827334
3044 3044 0.000630029169984
3045 3045 330.436892614
3046 3046 547.633732925
3047 3047 117.812282786
3048 3048 313.631786268
3049 3049 446.268885178
3050 3050 209.314586768
3051 3051 597.745103606
3052 3052 290.433762375
3053 3053 303.885391702
3054 3054 0.00900501761507
3055 3055 0.00517584558717
3056 3056 0.00791469981982
3057 3057 0.00797683638597
3058 3058 389.950722598
3059 3059 197.095767527
3060 3060 96.7431211297
3061 3061 0.00509962866584
3062 3062 610.355548852
3063 3063 0.00315683322041
3064 3064 291.824323791
3065 3065 0.00977737294383
3066 3066 305.7004469
3067 3067 185.828469093
3068 3068 0.00221515355102
3069 3069 338.949365122
3070 3070 146.05147834
3071 3071 557.871993981
