1 1 7.47836210689e-05
2 2 2738.99506875
3 3 8.37742706294e-05
4 4 9.04023274618e-05
5 5 3.38776657236e-05
6 6 8.86092997071e-05
7 7 5092.76071056
8 8 7.36807945428e-05
9 9 2.51558969005e-05
10 10 4.65523953056e-05
11 11 9.94159441748e-05
12 12 3.99309320129e-05
13 13 5.57681739552e-05
14 14 4.01299531599e-06
15 15 2.86812552984e-05
16 16 3.98999430178e-05
17 17 4371.39766655
18 18 3650.31721841
19 19 4410.9928025
20 20 4.45548950535e-05
21 21 3.88289357607e-05
22 22 6.95674490433e-05
23 23 4.6236489515e-05
24 24 1.03781936621e-05
25 25 2596.57958832
26 26 365.608134194
27 27 4.2298412773e-05
28 28 2.71313915448e-05
29 29 479.790648356
30 30 6.87211808496e-05
31 31 8.56708681533e-05
32 32 2985.08683114
33 33 1.79921052269e-05
34 34 3671.55525452
35 35 7.82590833936e-05
36 36 7.04238976588e-05
37 37 7.30162184072e-05
38 38 8.58958883211e-05
39 39 5.86291139075e-05
40 40 3.25143218647e-05
41 41 8.09598534077e-05
42 42 8.1893145022e-06
43 43 366.464896625
44 44 1.97561633082e-05
45 45 6.66379746162e-05
46 46 4.87966582358e-05
47 47 1.60540729778e-06
48 48 6.88177562899e-05
49 49 5322.85355325
50 50 5.98786682685e-05
51 51 5.2910306282e-05
52 52 4608.65143658
53 53 3188.31954657
54 54 1.54020773258e-05
55 55 4.00876670843e-05
56 56 8.25250815547e-05
57 57 1412.92069034
58 58 8.41156992588e-05
59 59 5600.94925573
60 60 1.99452473717e-05
61 61 1584.34636941
62 62 3.919033141e-05
63 63 2.94194187229e-06
64 64 7.16730191566e-05
65 65 5.87258556675e-05
66 66 4011.79227111
67 67 7.24387629775e-05
68 68 2.23443438196e-05
69 69 4990.71974419
70 70 8.54695910469e-05
71 71 4537.8535236
72 72 3317.0041657
73 73 5415.26612341
74 74 4.59375682762e-05
75 75 512.708525847
76 76 2.92263934969e-05
77 77 9.55914035289e-05
78 78 8.17454385926e-05
79 79 1.78488702298e-05
80 80 359.678236418
81 81 4.89618971189e-06
82 82 4.58350943693e-05
83 83 8.30220338158e-05
84 84 9.57510721124e-06
85 85 2.54760060735e-05
86 86 4.48395508748e-05
87 87 8.55602498215e-05
88 88 391.021697333
89 89 4.30016887671e-05
90 90 1010.25642025
91 91 9.8487523303e-06
92 92 6.23603172598e-05
93 93 5.00727178442e-05
94 94 1518.40907816
95 95 3953.51418303
96 96 1.06785099026e-05
97 97 9.77857287966e-05
98 98 9.38357549003e-05
99 99 9.49401961946e-05
100 100 9.77646134739e-05
101 101 4.44741830182e-05
102 102 4705.83588543
103 103 1545.30273716
104 104 9.44191931391e-05
105 105 7.91962861226e-05
106 106 7.51113578518e-05
107 107 9.10203057814e-05
108 108 1.35859771849e-06
109 109 2.5251727207e-05
110 110 7.7526172541e-06
111 111 9.05825684052e-05
112 112 4526.68158442
113 113 2.17243662302e-05
114 114 6.62027428694e-05
115 115 5534.81528734
116 116 4.86063209979e-05
117 117 2.32596295327e-05
118 118 2365.5149241
119 119 6.14852442159e-05
120 120 6.34113786947e-05
121 121 5.22969453128e-05
122 122 7.38108843224e-05
123 123 1426.65962614
124 124 9.59428982726e-06
125 125 7.25065606966e-05
126 126 24.4393536202
127 127 2096.24177842
128 128 3484.50541748
129 129 3072.436617
130 130 6.42642212797e-05
131 131 9.69311980822e-05
132 132 4.79214773449e-05
133 133 1.7710412276e-05
134 134 3.40195603297e-05
135 135 2.13179080405e-05
136 136 2.7175086379e-05
137 137 8.81164493046e-05
138 138 3.15985048271e-05
139 139 5.76554983503e-05
140 140 7.49887922033e-05
141 141 2.94878205833e-05
142 142 3.12520980134e-05
143 143 3.68856173171e-05
144 144 9.42330928894e-05
145 145 2.62228107396e-05
146 146 1.15862507565e-05
147 147 4.32381402313e-05
148 148 3.61442066168e-05
149 149 2861.12313387
150 150 4.60724038829e-06
151 151 3.50207340003e-05
152 152 7.60387874387e-05
153 153 7.83011462974e-05
154 154 6.17309143008e-05
155 155 4.06726108665e-05
156 156 8.0072545809e-05
157 157 3008.13216461
158 158 4.87687859073e-05
159 159 6.05722622709e-05
160 160 8.21788049378e-05
161 161 5.31225787881e-05
162 162 8.96504930177e-05
163 163 4.14695849124e-05
164 164 9.53554124487e-05
165 165 144.949681011
166 166 8.20222621283e-05
167 167 2086.12919246
168 168 8.16085815335e-05
169 169 8.18181568087e-05
170 170 5.4873005365e-05
171 171 4.4433802525e-05
172 172 3325.91318344
173 173 8.22245899128e-05
174 174 9.81380618931e-05
175 175 7.82286197381e-05
176 176 1.46271469481e-05
177 177 8.42826406538e-05
178 178 7.40828895882e-05
179 179 4759.09348947
180 180 2.7237242922e-05
181 181 6.81877990821e-05
182 182 1.15421142391e-05
183 183 4741.81139143
184 184 5.31834680535e-06
185 185 8.19964881932e-05
186 186 1.59298892187e-05
187 187 4.97286954565e-05
188 188 5596.86685466
189 189 9.81047611628e-05
190 190 1250.39474862
191 191 7.24641085733e-05
192 192 3.07969897415e-05
193 193 4.55524624408e-05
194 194 6.2639413623e-05
195 195 8.40238797138e-05
196 196 2.39741895796e-05
197 197 4499.74685186
198 198 2.81945382263e-06
199 199 6.45430329558e-05
200 200 9.31009853813e-05
201 201 2702.47882889
202 202 1.55767117792e-05
203 203 9.57137034151e-05
204 204 5297.65001999
205 205 1.64943159393e-05
206 206 6.86544126761e-05
207 207 7.9966397282e-05
208 208 5250.91127315
209 209 8.06484899692e-05
210 210 4.34735221974e-05
211 211 2.80739114035e-05
212 212 4.28337698284e-05
213 213 8.85627577365
214 214 5.70021222673e-05
215 215 3791.87887132
216 216 6.91773019265e-05
217 217 5.8730067245e-05
218 218 3767.83981674
219 219 2895.69317107
220 220 3974.36480557
221 221 5.77278545825e-05
222 222 3.28093401122e-05
223 223 1190.81789385
224 224 1.53509224509e-05
225 225 2.59073447872e-05
226 226 7.81291849921e-05
227 227 7.84071181344e-06
228 228 4801.43476101
229 229 3.62198786953e-05
230 230 7.88507080659e-05
231 231 4.35651572134e-05
232 232 3530.34435939
233 233 4.4179596858e-05
234 234 4.44772197272e-05
235 235 5.94693254707e-05
236 236 7.97346893491e-05
237 237 2120.59433125
238 238 8.31995701369e-05
239 239 9.21784478611e-05
240 240 7.74549674665e-05
241 241 6.66966196259e-05
242 242 8.6610538573e-06
243 243 3.44971080946e-05
244 244 2363.09519739
245 245 6.07224893932e-05
246 246 1.14849487365e-05
247 247 4.886965718e-05
248 248 1.97027160607e-05
249 249 5.81429336773e-05
250 250 1.58511574419e-05
251 251 6.41238300477e-05
252 252 8.57476833155e-05
253 253 6.0224863222e-05
254 254 4.10626449421e-05
255 255 7.69784943724e-05
256 256 8.8959386979e-05
257 257 8.39413218304e-05
258 258 4.77720504063e-05
259 259 5.86393954443e-05
260 260 3.05955095356e-05
261 261 5.35645495301e-05
262 262 2.49662172297e-05
263 263 3.35511082407e-05
264 264 8.79367668185e-05
265 265 4.16138720461e-05
266 266 1.98577151045e-05
267 267 1870.31778426
268 268 4.34908295304e-06
269 269 6.58755128547e-05
270 270 8.7798236592e-05
271 271 2.62851061398e-05
272 272 4.43910304513e-05
273 273 5.07263239503e-06
274 274 3.50699389032e-05
275 275 5.63612837443e-06
276 276 808.068758008
277 277 9.21624534467e-05
278 278 1172.43559979
279 279 2530.20957193
280 280 4288.25830303
281 281 1971.03286416
282 282 7.84122642853e-06
283 283 5.41695503667e-05
284 284 3.52456391137e-06
285 285 4589.17596154
286 286 2.58677358279e-05
287 287 7.15657793009e-05
288 288 2.09930989472e-05
289 289 7.80740500581e-06
290 290 5.06371821418e-05
291 291 4.05426357889e-05
292 292 2266.26835743
293 293 9.85610478129e-05
294 294 508.97061649
295 295 4.13285534018e-05
296 296 2.95973704114e-05
297 297 7.61216146585e-05
298 298 4.96079468731e-05
299 299 5.72296228292e-06
300 300 6.11827539256e-05
301 301 1052.31169845
302 302 3.02325174842e-05
303 303 5.631954199e-05
304 304 8.16184994942e-05
305 305 1.10418301867e-05
306 306 1713.55624387
307 307 5.64070329205e-05
308 308 7.10873075386e-06
309 309 2960.53608156
310 310 2.83444574712e-05
311 311 4.08857778361e-05
312 312 3.52321249804e-05
313 313 6.94254896474e-06
314 314 3808.37005979
315 315 5.2718230663e-05
316 316 7.88619892769e-05
317 317 3.97113897599e-05
318 318 5.50376594745e-05
319 319 7.2308472116e-05
320 320 1461.35124497
321 321 1003.13115759
322 322 7.31228068583e-05
323 323 8.36375856795e-05
324 324 7.7794290994e-05
325 325 2.72117036618e-05
326 326 4365.44412431
327 327 7.76484608758e-05
328 328 9.57611087087e-05
329 329 3321.77407187
330 330 5.530902456e-05
331 331 604.7747872
332 332 2.91045375207e-07
333 333 6.88930898904e-05
334 334 1911.86742716
335 335 5.05781854834e-05
336 336 9.17929451489e-05
337 337 7.82787742517e-05
338 338 7.1930739405e-05
339 339 3.93487667066e-05
340 340 6.45961135858e-05
341 341 6.09320056723e-05
342 342 8.36664811562e-05
343 343 8.95882597476e-05
344 344 1534.80775361
345 345 7.41036324813e-05
346 346 8.7232434345e-05
347 347 9.4327045414e-05
348 348 7.86000745886e-05
349 349 4157.15880076
350 350 9.20415623433e-05
351 351 6.66983734552e-05
352 352 5.59043341043e-05
353 353 4.67963627661e-05
354 354 7.71722831152e-05
355 355 5.85411370734e-05
356 356 3314.99621022
357 357 9.34804755814e-05
358 358 7.85365908835e-05
359 359 9.72321079442e-05
360 360 7.95850282876e-05
361 361 2810.99437714
362 362 14.1633170754
363 363 7.40173817375e-05
364 364 9.66322055301e-05
365 365 720.163574343
366 366 3260.16801374
367 367 2.17430224096e-05
368 368 5.15623205209e-05
369 369 1.40583991228e-05
370 370 6.47947776738e-06
371 371 2.89668363603e-05
372 372 3.35198354738e-05
373 373 1726.05744603
374 374 7.07809956336e-06
375 375 5.05220025025e-05
376 376 1.02948396074e-05
377 377 3.46411189587e-05
378 378 3.169121245e-05
379 379 930.751493371
380 380 4.57782647399e-05
381 381 3.2042829652e-05
382 382 5.34890066649e-05
383 383 9.90213685741e-05
384 384 4837.88360149
385 385 1798.0333444
386 386 3.96080192555e-05
387 387 3662.30957804
388 388 8.33009501356e-06
389 389 2.80674025441e-05
390 390 4.35965491059e-05
391 391 1160.76672099
392 392 9.01956330902e-05
393 393 2.68064468316e-05
394 394 3.35890651155e-05
395 395 6.23427194143e-05
396 396 4.27875097898e-05
397 397 3.24874024797e-05
398 398 5.61428227005e-05
399 399 8.16190191691e-05
400 400 2303.75161021
401 401 7.77237833859e-05
402 402 8.39551436861e-05
403 403 4754.37368755
404 404 5.15226295222e-05
405 405 7.70628235433e-05
406 406 2.9322785221e-05
407 407 8.09620776647e-05
408 408 3.58328539151e-05
409 409 2.00960652781e-06
410 410 5244.31647369
411 411 2111.252872
412 412 5490.20245312
413 413 1.28462858423e-05
414 414 1.56887673312e-05
415 415 9.07972138026e-05
416 416 2.08814512499e-05
417 417 7.33479320682e-05
418 418 1.98095926345e-05
419 419 997.497963893
420 420 4197.40729751
421 421 6.12472577057e-05
422 422 7.26940907922e-05
423 423 9.86098355329e-05
424 424 6.8825431137e-05
425 425 9.02918859914e-05
426 426 5.20863526576e-05
427 427 7.39987064127e-05
428 428 3.81138739803e-05
429 429 4489.65977799
430 430 8.76844134205e-05
431 431 4.5237080121e-05
432 432 4.60367313927e-05
433 433 4.09666373862e-05
434 434 3.79131949825e-05
435 435 9.78746125271e-05
436 436 2.77688741656e-05
437 437 3.51260921287e-05
438 438 9.43790260057e-08
439 439 3.64539502546e-06
440 440 9.37391910602e-05
441 441 7.96851610078e-05
442 442 6.99098863081e-05
443 443 5253.2272534
444 444 7.98299979995e-05
445 445 2.66839393665e-05
446 446 2345.01835582
447 447 7.73971098078e-05
448 448 8.11497285413e-05
449 449 3.93452102128e-05
450 450 1.68426748283e-08
451 451 1.3690219422e-05
452 452 3.81676332634e-05
453 453 1.40854758278e-05
454 454 8.87951994258e-05
455 455 3906.80351106
456 456 3244.42186123
457 457 5.60682014249e-05
458 458 146.913489443
459 459 1.33506020295e-05
460 460 8.39562691688e-05
461 461 7.88741248281e-05
462 462 5.12592807543e-05
463 463 4.57470043958e-05
464 464 3898.68894782
465 465 8.58542630831e-05
466 466 1763.36922512
467 467 9.84571417572e-06
468 468 1304.64502281
469 469 7.46634789404e-05
470 470 8.77805310308e-05
471 471 3489.90163799
472 472 4.04332735666e-05
473 473 4.92575089339e-05
474 474 942.575126821
475 475 6.37200249173e-05
476 476 6.07285920136e-05
477 477 2.52333120862e-05
478 478 1.10473790526e-05
479 479 3.99743037605e-05
480 480 4.6766020129e-05
481 481 5338.55657077
482 482 2.42360648903e-05
483 483 3.11468250905e-05
484 484 3.85579965147e-06
485 485 8.76711612463e-05
486 486 2.19175396908e-05
487 487 1.80356331893e-05
488 488 3.61604333898e-05
489 489 8.59240915351e-05
490 490 4.4884405505e-05
491 491 4.24757753977e-05
492 492 1.38209793966e-05
493 493 1.4290027566e-05
494 494 2.12529811745e-05
495 495 9.81937245579e-05
496 496 7.73011706794e-05
497 497 3.05251195115e-05
498 498 4.07038161694e-06
499 499 2993.04957863
500 500 3787.37257563
501 501 4454.96176238
502 502 2189.33543378
503 503 1.18389988029e-05
504 504 324.685472771
505 505 3.20634783861e-05
506 506 4.24502329284e-05
507 507 1579.31394724
508 508 1.67198486486e-06
509 509 1.30759217685e-05
510 510 2037.79733546
511 511 1.7610144166e-05
512 512 4.70172930974e-05
513 513 8.44588479932e-05
514 514 7.18384084126e-05
515 515 4.57156347787e-05
516 516 9.70867204736e-05
517 517 7.34075967762e-05
518 518 1.15241016982e-05
519 519 4.39253441223e-05
520 520 2.30123252702e-05
521 521 9.42485059403e-05
522 522 1989.84079187
523 523 4334.18592965
524 524 9.77975644407e-05
525 525 2854.46495041
526 526 9.15361616805e-05
527 527 9.6764428519e-05
528 528 4.81288739555e-06
529 529 3275.50335585
530 530 2.15668077863e-05
531 531 4.5220143687e-06
532 532 2.11944672507e-05
533 533 3.81049174812e-05
534 534 3.1210834628e-05
535 535 8.70344397862e-05
536 536 9.02175381e-05
537 537 3.1785259034e-05
538 538 9.58948709827e-05
539 539 219.633370747
540 540 1.46603949468e-07
541 541 3736.19479741
542 542 4.06531519575e-05
543 543 3560.86327407
544 544 3641.90071491
545 545 5.98080053135e-06
546 546 1.86419135754e-05
547 547 5269.55771689
548 548 4.77872380642e-05
549 549 6.21171303685e-05
550 550 1.95377354872e-05
551 551 5.74768142212e-05
552 552 8.81147847932e-05
553 553 2.51306173068e-06
554 554 5.14610216275e-05
555 555 2.84809021806e-05
556 556 704.5963459
557 557 5.99673754044e-05
558 558 1.59667371094e-05
559 559 3.4561347838e-05
560 560 5.81330489313e-05
561 561 2.51999244787e-05
562 562 2.53920157894e-05
563 563 7.09681432735e-05
564 564 7.68193474735e-05
565 565 3846.1747079
566 566 5.83681290194e-05
567 567 5.12397657756e-05
568 568 4003.93756224
569 569 7.96002591977e-05
570 570 6.05563182388e-05
571 571 6.95244926491e-06
572 572 2858.17343361
573 573 2.04329660769e-05
574 574 5.65679383416e-05
575 575 2.16480631312e-05
576 576 2.93764225444e-05
577 577 4.22973425743e-05
578 578 4.64538640075e-05
579 579 3.26808217077e-06
580 580 9.68528750246e-05
581 581 1185.2616413
582 582 3071.80500423
583 583 2539.90207538
584 584 2309.49564411
585 585 9.83949537234e-05
586 586 1.86343648647e-05
587 587 741.645022597
588 588 5107.30580734
589 589 5.68722681601e-06
590 590 7.33324276742e-05
591 591 5.35778155615e-05
592 592 5.31143750505e-05
593 593 1986.62268462
594 594 1727.17763683
595 595 9.34772780327e-05
596 596 3006.75154645
597 597 4.9913956553e-06
598 598 2452.40169158
599 599 1.37822456446e-05
600 600 8.52304638474e-05
601 601 4.15991195122e-05
602 602 3.0324070383e-05
603 603 1460.10220795
604 604 8.52721319206e-05
605 605 5.82675807626e-05
606 606 7.17303077043e-05
607 607 2.6731241081e-07
608 608 6.11949793434e-05
609 609 5.6474896294e-05
610 610 7.74134809167e-05
611 611 8.38656792474e-05
612 612 1.23731119203e-05
613 613 4.5024585313e-05
614 614 2863.18989354
615 615 1.68520283852e-05
616 616 9.81817166553e-05
617 617 576.058817698
618 618 232.835597822
619 619 6.14110973125e-05
620 620 143.310128606
621 621 9.7328374955e-05
622 622 4572.92689468
623 623 5581.88866369
624 624 6.88675972847e-05
625 625 1547.06274763
626 626 1475.63073652
627 627 6.32769667997e-05
628 628 3322.50073213
629 629 5260.87819627
630 630 4239.14609241
631 631 1.95002363621e-05
632 632 4.56070791095e-05
633 633 1892.66716709
634 634 7.28284250419e-05
635 635 2985.21968043
636 636 4.09692987487e-05
637 637 6.07473934425e-05
638 638 3.48818149384e-05
639 639 3.02564764003e-05
640 640 4.30879040723e-05
641 641 9.40795270998e-05
642 642 2.12882456064e-05
643 643 6.91857045054e-05
644 644 2958.44818234
645 645 6.27299811508e-06
646 646 9.46847662551e-05
647 647 1.38975340511e-05
648 648 4.22488117142e-05
649 649 3.07374466263e-05
650 650 8.30967426833e-05
651 651 2.08213172086e-05
652 652 8.44358780104e-05
653 653 8.54877325553e-05
654 654 6.33795845194e-05
655 655 3.10193368135e-05
656 656 6.80948351326e-05
657 657 3.94744119368e-05
658 658 1.20113857152e-05
659 659 2.14432362729e-05
660 660 2131.31760506
661 661 6.92495277972e-05
662 662 2.6978929349e-05
663 663 4.39498387568e-05
664 664 4.68014205087e-05
665 665 689.99329997
666 666 7.06465403335e-05
667 667 4459.6662932
668 668 8.63920662326e-05
669 669 3.68448910922e-05
670 670 4.81855089075e-06
671 671 5.25568820026e-05
672 672 2.66085655453e-05
673 673 7.38919005228e-05
674 674 9.16731080096e-05
675 675 2859.60511067
676 676 4.5301324744e-05
677 677 1.81455261533e-05
678 678 3744.32084777
679 679 5106.31212971
680 680 5.13390643331e-05
681 681 9.60823552096e-05
682 682 134.064736709
683 683 7.97404893578e-05
684 684 8.35388617115e-05
685 685 9.86254563511e-05
686 686 1.7610332115e-05
687 687 2.86135920066e-05
688 688 1.83612040357e-05
689 689 3179.74711086
690 690 3914.25751178
691 691 9.64530463332e-05
692 692 8.56339772327e-05
693 693 1191.63767776
694 694 9.28981669506e-05
695 695 6.18062685462e-06
696 696 2.72738006709e-05
697 697 7.81157159205e-05
698 698 8.26951276869e-05
699 699 9.45559380663e-05
700 700 3585.25173166
701 701 6.24999547487e-06
702 702 3.09608808447e-05
703 703 7.42664769037e-05
704 704 4.67949562838e-05
705 705 8.47504232172e-07
706 706 6.05392343112e-05
707 707 3124.17964798
708 708 3316.04085259
709 709 3.58697684516e-05
710 710 3.22425446098e-05
711 711 5.48305950196e-05
712 712 9.80620232286e-05
713 713 5.11604231445e-05
714 714 8.03721711811e-05
715 715 2.63230101478e-05
716 716 3.53005814186e-05
717 717 9.55631388109e-06
718 718 2.72233359362e-06
719 719 6.20411465231e-05
720 720 7.77054014132e-05
721 721 8.14425192105e-05
722 722 2.2588163169e-05
723 723 2.60657447447e-05
724 724 6.24963078904e-05
725 725 2941.84325928
726 726 7.55394207894e-05
727 727 4132.14263714
728 728 5.70306430501e-05
729 729 9.65137259295e-05
730 730 7.6358407216e-05
731 731 3302.7691015
732 732 3.43237355789e-05
733 733 4222.83831293
734 734 9.25197482269e-05
735 735 5.37232887028e-05
736 736 3.64388362496e-05
737 737 7.32569071901e-06
738 738 2.72233374197e-05
739 739 2.66253257215e-05
740 740 4.798768955e-05
741 741 7.89866277753e-05
742 742 5258.14712996
743 743 3.76113317577e-05
744 744 2.46950836143e-05
745 745 4194.08844204
746 746 8.443342396e-05
747 747 1.39072943878e-05
748 748 9.72436162715e-05
749 749 3.60678160059e-05
750 750 7.51204831537e-05
751 751 8.76367108984e-05
752 752 1438.68649838
753 753 2.74704267888e-05
754 754 5.70413648397e-06
755 755 9.74168851027e-05
756 756 4.36680302432e-05
757 757 150.637075572
758 758 1819.94671975
759 759 63.5041765391
760 760 9.29173573014e-05
761 761 5.27764950851e-05
762 762 8.04479103148e-05
763 763 8.98331903927e-06
764 764 4.727869102e-05
765 765 7.56293602942e-05
766 766 1987.76419279
767 767 2140.3766673
768 768 1.91521411183e-05
769 769 4.51964598747e-05
770 770 7.16497606727e-05
771 771 2419.8891242
772 772 2.91359503028e-05
773 773 2.4772828723e-05
774 774 9.61788457804e-05
775 775 9.63248162207e-07
776 776 1.27894667066e-05
777 777 3371.07984568
778 778 3.16477878602e-05
779 779 1128.38276883
780 780 6.70081862467e-05
781 781 4.31376061754e-05
782 782 2.78658168207e-05
783 783 3.33809685267e-05
784 784 7.76558037317e-05
785 785 2268.05059258
786 786 5608.30201543
787 787 3850.97870356
788 788 8.2721264776e-05
789 789 2.91446271775e-05
790 790 5.69562050627e-05
791 791 1.6897892225e-05
792 792 8.28278885095e-05
793 793 8.87422996347e-05
794 794 5.17939327104e-05
795 795 4.60838079688e-05
796 796 3.4556118379e-05
797 797 9.60644514475e-05
798 798 3995.52310007
799 799 9.93870007988e-06
800 800 8.02147546412e-05
801 801 832.693097388
802 802 3.01507211573e-05
803 803 7.97151131969e-05
804 804 4.83152307356e-05
805 805 9.99235754994e-05
806 806 7.7243140224e-05
807 807 5.31064489416e-05
808 808 9.03534466622e-06
809 809 8.51907202451e-05
810 810 5422.24512394
811 811 175.92416519
812 812 1.25584430968e-05
813 813 6.69146700376e-05
814 814 7.18569073956e-05
815 815 9.38256119445e-05
816 816 3936.6926543
817 817 7.81943662187e-05
818 818 5.60195613612e-05
819 819 3.42808583572e-05
820 820 2425.11494488
821 821 2.8303851479e-05
822 822 4.97168283325e-05
823 823 1.10485503281e-06
824 824 6.04249922365e-05
825 825 1.4918469751e-05
826 826 752.061353378
827 827 6.19092490034e-05
828 828 1.97543774851e-05
829 829 110.156354913
830 830 8.04187760253e-05
831 831 9.70821402004e-05
832 832 9.90462479838e-05
833 833 3.58677082085e-05
834 834 6.27771355918e-05
835 835 940.091697927
836 836 1.06260155439e-05
837 837 4.11323012684e-06
838 838 5.83898687584e-05
839 839 6.34108627027e-05
840 840 4.09926937974e-05
841 841 3588.28654391
842 842 1.52058457844e-06
843 843 6.07380576228e-05
844 844 2.45192940334e-05
845 845 9.04828704624e-05
846 846 2682.93121886
847 847 5.89104988174e-05
848 848 2567.1252571
849 849 1.89581198561e-05
850 850 1689.11099099
851 851 6.4598706815e-05
852 852 5221.09722799
853 853 2999.12659679
854 854 4.7581611931e-05
855 855 6.74366483136e-06
856 856 1.48531199219e-05
857 857 2807.38885076
858 858 7.63882238905e-06
859 859 4389.32147993
860 860 8.80499414445e-05
861 861 3.15698089274e-05
862 862 9.68125200466e-05
863 863 2.63847751397e-05
864 864 5.94175554198e-05
865 865 1.6844813978e-05
866 866 3820.45771437
867 867 8.40208898586e-05
868 868 4.19001378546e-05
869 869 1.91623464646e-06
870 870 2.13112808971e-05
871 871 5455.68468215
872 872 3454.38592575
873 873 3943.41115102
874 874 4.04205057809e-05
875 875 9.62271496771e-05
876 876 2200.02917724
877 877 4464.03382022
878 878 7.86257344806e-05
879 879 3079.211359
880 880 5.97549053693e-05
881 881 1.56333256338e-05
882 882 9.3640657102e-05
883 883 7.88169288059e-05
884 884 6.43970108341e-05
885 885 5.16152462821e-05
886 886 2123.26640494
887 887 3.93143201537e-05
888 888 9.27291408896e-05
889 889 3414.93665516
890 890 4808.61358316
891 891 6.19545128701e-06
892 892 2820.14776327
893 893 5.53272517855e-05
894 894 2.83840747538e-05
895 895 2997.31873947
896 896 5.00346444606e-05
897 897 5073.38912066
898 898 278.85918868
899 899 4.90849664141e-05
900 900 5.88778219869e-05
901 901 8.07544160941e-06
902 902 3.04951798839e-05
903 903 8.98607695438e-05
904 904 1031.20079048
905 905 4.02486881549e-05
906 906 7.02430094881e-05
907 907 6.92831888623e-05
908 908 8.21347240647e-05
909 909 2.83036501567e-05
910 910 7.61674140796e-05
911 911 271.077192183
912 912 981.907186187
913 913 1005.4863351
914 914 4.01191663208e-05
915 915 4668.88205685
916 916 192.926436377
917 917 4.25240255911e-05
918 918 5.07890931843e-05
919 919 3.20895957352e-06
920 920 1418.51775149
921 921 1.03706548891e-05
922 922 6.1250424136e-05
923 923 9.92832884789e-05
924 924 3.73982670273e-05
925 925 5612.983107
926 926 6.45906870966e-05
927 927 7.8525857784e-05
928 928 5.92164004487e-05
929 929 7.08625570507e-05
930 930 4559.13984595
931 931 6.11449910235e-05
932 932 2.32529835413e-05
933 933 7.30064271258e-05
934 934 9.84182008596e-05
935 935 1.03176458192e-05
936 936 3282.45106058
937 937 1319.08958427
938 938 1.62856968255e-05
939 939 1.01505250583e-05
940 940 3767.21602088
941 941 8.28675893406e-05
942 942 9.84162457648e-05
943 943 8.08264168934e-05
944 944 1.93131310356e-05
945 945 7.27382638959e-05
946 946 1765.55690417
947 947 5.61448924208e-05
948 948 6.121101962e-06
949 949 1204.33224015
950 950 5.86741347588e-05
951 951 4.87749797615e-05
952 952 9.14178638814e-05
953 953 9.77698968108e-05
954 954 3.82941687463e-06
955 955 6.50131712462e-05
956 956 1.78533174159e-05
957 957 3.09639870756e-05
958 958 9.82539745535e-05
959 959 7.17049062608e-05
960 960 4249.5053273
961 961 4.45980428229e-05
962 962 5.97914543514e-06
963 963 2.10613270004e-05
964 964 2508.27372002
965 965 5158.64304946
966 966 1.14056765326e-05
967 967 810.779661574
968 968 9.488925163e-05
969 969 1208.53185826
970 970 7.76952008057e-05
971 971 1.40858816635e-05
972 972 3.96477649044e-05
973 973 4444.76757309
974 974 1947.66455621
975 975 8.54964982721e-05
976 976 6.56103644553e-05
977 977 1.21146368351e-05
978 978 2.363715578e-05
979 979 290.538842553
980 980 922.997310297
981 981 7.77903849859e-05
982 982 1561.52470096
983 983 8.68297752557e-05
984 984 6.90325337208e-05
985 985 4826.33905813
986 986 6.50754610469e-05
987 987 3.30889754638e-06
988 988 2.65443715333e-05
989 989 6.07816070721e-05
990 990 6.29660406446e-05
991 991 7.35846734265e-05
992 992 9.93129618478e-05
993 993 4.86679173534e-05
994 994 4.31478756143e-05
995 995 7.58508017775e-05
996 996 8.18136874487e-05
997 997 1.14852417541e-05
998 998 827.805857198
999 999 2.10873364867e-05
1000 1000 5.14218044289e-05
1001 1001 3.53437880661e-05
1002 1002 9.34475387271e-05
1003 1003 6.00957579464e-05
1004 1004 1.20794489888e-05
1005 1005 7.10186045571e-05
1006 1006 1.91447639419e-05
1007 1007 1166.2405506
1008 1008 8.35207506539e-05
1009 1009 9.3848881233e-05
1010 1010 4115.08066743
1011 1011 6.24578221416e-06
1012 1012 4.28720479204e-05
1013 1013 2.2577531922e-06
1014 1014 1.71497062827e-05
1015 1015 750.612227161
1016 1016 2.73420528685e-05
1017 1017 3378.87885535
1018 1018 3.83561931723e-05
1019 1019 4.94156474486e-05
1020 1020 3.68358594172e-05
1021 1021 1147.46788152
1022 1022 3.89798314465e-05
1023 1023 9.12389907073e-05
1024 1024 1.35534412367e-05
1025 1025 1100.9765196
1026 1026 2.20615254314e-05
1027 1027 9.85860963697e-05
1028 1028 3.2390886951e-05
1029 1029 2813.69170458
1030 1030 7.58317949193e-05
1031 1031 2916.24188722
1032 1032 6.93595517876e-06
1033 1033 2.84745128037e-05
1034 1034 2.47241277198e-05
1035 1035 6.15316468361e-05
1036 1036 7.29341170265e-05
1037 1037 8.92865814375e-05
1038 1038 201.12247208
1039 1039 5.65915616004e-07
1040 1040 4.21354619112e-06
1041 1041 9.54036145376e-05
1042 1042 6.26934715768e-05
1043 1043 4.76508155749e-05
1044 1044 9.93801787724e-05
1045 1045 8.78268039526e-05
1046 1046 2.19048536759e-05
1047 1047 2.42041880215e-05
1048 1048 4312.80915473
1049 1049 5.10712608399e-05
1050 1050 5.49611376474e-05
1051 1051 7.72819837559e-05
1052 1052 2253.3900685
1053 1053 1.58011093336e-05
1054 1054 8.52655327282e-05
1055 1055 208.763544424
1056 1056 1248.40333981
1057 1057 9.74255476711e-05
1058 1058 9.89543982569e-06
1059 1059 1.58733047153e-05
1060 1060 724.07907817
1061 1061 3.95348130431e-05
1062 1062 1.6840172345e-05
1063 1063 4.96370995844e-05
1064 1064 7.84536830154e-05
1065 1065 2.86819470147e-05
1066 1066 4407.14529738
1067 1067 9.47956878669e-05
1068 1068 3872.75598073
1069 1069 6.72301803652e-05
1070 1070 6.28675019693e-05
1071 1071 3.45361573853e-05
1072 1072 6.11346991706e-06
1073 1073 5.55003165083e-05
1074 1074 8.46233230284e-05
1075 1075 3678.65380715
1076 1076 6.78738113753e-05
1077 1077 5.14682423742e-05
1078 1078 4313.63823434
1079 1079 6.38189352967e-05
1080 1080 1259.34096118
1081 1081 2.53362018886e-06
1082 1082 2922.35165317
1083 1083 2006.34080757
1084 1084 5.3644970428e-05
1085 1085 1141.19284851
1086 1086 5222.95562247
1087 1087 8.70590589064e-05
1088 1088 9.92790663016e-05
1089 1089 3.03936936504e-05
1090 1090 4.63244755699e-05
1091 1091 6.24281837856e-05
1092 1092 8.16254275817e-05
1093 1093 4192.29640878
1094 1094 2147.75195885
1095 1095 8.99435207903e-05
1096 1096 3.26632127462e-05
1097 1097 4.21629735095e-05
1098 1098 3.32328800046e-05
1099 1099 3413.65461221
1100 1100 1.38024159141e-05
1101 1101 2.5362245407e-05
1102 1102 6.4554077569e-05
1103 1103 6.61863209759e-05
1104 1104 8.05641612322e-05
1105 1105 8.38419350601e-05
1106 1106 3.15797343465e-05
1107 1107 1.57532619488e-05
1108 1108 551.253132034
1109 1109 2.62304244241e-05
1110 1110 8.49977827118e-05
1111 1111 6.89625262588e-05
1112 1112 9.61942936619e-05
1113 1113 1700.26818333
1114 1114 1.34579131315e-05
1115 1115 6.24471011455e-05
1116 1116 1.74995604154e-05
1117 1117 4.16868660708e-05
1118 1118 1220.54010864
1119 1119 9.37634418087e-05
1120 1120 8.02274090883e-05
1121 1121 9.16814847194e-05
1122 1122 2.47738930788e-05
1123 1123 3765.97968611
1124 1124 9.59717935357e-05
1125 1125 6.17577897309e-06
1126 1126 8.69682829615e-05
1127 1127 4.28071513255e-05
1128 1128 6.03444032298e-05
1129 1129 3.09666591374e-05
1130 1130 7.73196007748e-06
1131 1131 6.26945008867e-05
1132 1132 8.31358081072e-05
1133 1133 1.46859591507e-05
1134 1134 8.51237383885e-05
1135 1135 2.47357588366e-05
1136 1136 5511.61746551
1137 1137 5.65917367016e-05
1138 1138 8.9816657783e-05
1139 1139 3.88180993688e-05
1140 1140 9.4178482464e-05
1141 1141 6.8003330835e-05
1142 1142 1.408868669e-05
1143 1143 4932.7406086
1144 1144 1.9770986135e-05
1145 1145 2910.17802256
1146 1146 5213.78225332
1147 1147 4.32694063099e-06
1148 1148 5257.14998826
1149 1149 5.37064717051e-05
1150 1150 5145.49005763
1151 1151 9.59784728794e-05
1152 1152 9.54316622854e-05
1153 1153 2.68898565763e-05
1154 1154 6.08993825883e-05
1155 1155 5419.08271084
1156 1156 5.89643578324e-05
1157 1157 8.19295749172e-05
1158 1158 6.85949041531e-05
1159 1159 3.73167354647e-05
1160 1160 3665.93621284
1161 1161 6.26746923585e-05
1162 1162 6.60454446018e-06
1163 1163 5541.95642678
1164 1164 9.18970041217e-05
1165 1165 8.60343002071e-05
1166 1166 1432.8664803
1167 1167 8.15051548849e-06
1168 1168 2066.33032731
1169 1169 9.51261778109e-05
1170 1170 3327.49850045
1171 1171 5.54869159392e-05
1172 1172 8.05116109768e-05
1173 1173 8.161375177e-05
1174 1174 2183.25375901
1175 1175 1320.65358778
1176 1176 4.91416624789e-05
1177 1177 2.98044661681e-05
1178 1178 5.58103006921e-05
1179 1179 3.18923802726e-05
1180 1180 2.55370937358e-05
1181 1181 8.50630042281e-06
1182 1182 6.38170379997e-05
1183 1183 7.59369691587e-06
1184 1184 8.1338179866e-05
1185 1185 2.93522122447e-05
1186 1186 9.07867727188e-05
1187 1187 4.26370057055e-05
1188 1188 8.57715074004e-05
1189 1189 7.72963124597e-05
1190 1190 5.77616377919e-05
1191 1191 1.46731296916e-05
1192 1192 6.54526374805e-05
1193 1193 3.35440138423e-05
1194 1194 7.83596573451e-05
1195 1195 5.19330700321e-05
1196 1196 8.34963373388e-05
1197 1197 8.22083789243e-05
1198 1198 2084.01314676
1199 1199 2907.72651104
1200 1200 2228.71370791
1201 1201 1768.36080879
1202 1202 4.21506280134e-05
1203 1203 6.87827741205e-06
1204 1204 8.45647587115e-05
1205 1205 7.93172538688e-05
1206 1206 5.65585101413e-05
1207 1207 9.3221058172e-05
1208 1208 4364.3633743
1209 1209 4.41055932242e-05
1210 1210 1699.61598999
1211 1211 7.25417269439e-05
1212 1212 752.047064246
1213 1213 224.169150054
1214 1214 9.79021610052e-05
1215 1215 2.42306930172e-05
1216 1216 1.2767507898e-05
1217 1217 2.37742613265e-05
1218 1218 4.21143966913e-05
1219 1219 5.97801028573e-05
1220 1220 5.78464490919e-05
1221 1221 3.51054014628e-06
1222 1222 5.13796809777e-05
1223 1223 2.21306849127e-06
1224 1224 6.27798501549e-05
1225 1225 618.321126301
1226 1226 802.002273878
1227 1227 4892.71331421
1228 1228 4050.57941825
1229 1229 1.46980114447e-05
1230 1230 5.54629638799e-05
1231 1231 2.3223447999e-05
1232 1232 4679.66083517
1233 1233 9.63623158437e-06
1234 1234 6.69805884318e-05
1235 1235 5.13446668658e-05
1236 1236 1127.69485099
1237 1237 6.26508230614e-05
1238 1238 2.23014501378e-05
1239 1239 7.1076422859e-05
1240 1240 3322.2033581
1241 1241 3.46785910396e-05
1242 1242 4940.42848092
1243 1243 2405.8447069
1244 1244 1.85189828814e-05
1245 1245 3.71179050613e-06
1246 1246 4442.48167779
1247 1247 5.50997546426e-05
1248 1248 4.14629200101e-05
1249 1249 7.0989795329e-05
1250 1250 5.36978037831e-05
1251 1251 5.39412868274e-05
1252 1252 4.87358011258e-05
1253 1253 1.2290852937e-05
1254 1254 3406.3701692
1255 1255 3.73929868626e-05
1256 1256 3.79149161923e-05
1257 1257 4.09902725123e-05
1258 1258 2755.87302599
1259 1259 928.04763089
1260 1260 4.49141024119e-05
1261 1261 1.28591672738e-05
1262 1262 4.97495429598e-05
1263 1263 6.01333131602e-05
1264 1264 4308.48578474
1265 1265 1.6408611868e-05
1266 1266 3044.16659796
1267 1267 4.50555755012e-05
1268 1268 7.40309003929e-05
1269 1269 8.68791461877e-05
1270 1270 3.02533482477e-05
1271 1271 3355.27017516
1272 1272 4.15748054235e-05
1273 1273 5599.80694578
1274 1274 5.7446220824e-05
1275 1275 4.0137745411e-05
1276 1276 9.0908288762e-05
1277 1277 1.31100750223e-05
1278 1278 4.57080498264e-05
1279 1279 5.74660009909e-05
1280 1280 4903.93358054
1281 1281 2.222433019e-05
1282 1282 2.50311172211e-05
1283 1283 3.56121458416e-05
1284 1284 7.49105823171e-05
1285 1285 9.30742271743e-06
1286 1286 2.86797485052e-05
1287 1287 707.793858258
1288 1288 3816.85399874
1289 1289 5152.64875319
1290 1290 4.44221603133e-05
1291 1291 1.66307547841e-05
1292 1292 6.18922745539e-05
1293 1293 5.03722305777e-05
1294 1294 3.0519565383e-05
1295 1295 4.78236122411e-05
1296 1296 4.37373406099e-05
1297 1297 9.782062978e-05
1298 1298 2.22604882307e-05
1299 1299 3.0107788469e-05
1300 1300 1.38397600032e-05
1301 1301 922.259437915
1302 1302 2.90330477748e-05
1303 1303 6.54869579478e-05
1304 1304 3.38507013999e-06
1305 1305 5.42490907199e-05
1306 1306 2812.28870411
1307 1307 598.840158868
1308 1308 3.64440524752e-05
1309 1309 2.84096877375e-05
1310 1310 3.84438598185e-05
1311 1311 4.46567022359e-05
1312 1312 2.14656237227e-05
1313 1313 4393.01003255
1314 1314 8.39546915709e-05
1315 1315 2086.60034473
1316 1316 459.14008979
1317 1317 1.93098353923e-05
1318 1318 5.1529094411e-05
1319 1319 1.65543246571e-05
1320 1320 7.32861885111e-07
1321 1321 4.02750253029e-05
1322 1322 6.11424456743e-05
1323 1323 2.99320461839e-05
1324 1324 7.90314814609e-05
1325 1325 6.4516634434e-05
1326 1326 1.90858644898e-05
1327 1327 2239.6506844
1328 1328 1.36416784625e-05
1329 1329 9.05027034946e-05
1330 1330 903.587931929
1331 1331 7.88137837833e-05
1332 1332 4.76261558452e-05
1333 1333 1478.0910768
1334 1334 9.20158570105e-05
1335 1335 4144.19101957
1336 1336 3.46078885347e-05
1337 1337 1.30555057499e-05
1338 1338 4350.57445835
1339 1339 6.27470548198e-05
1340 1340 1.22498677875e-05
1341 1341 9.25687156416e-05
1342 1342 7.93352970497e-05
1343 1343 8.77366789981e-05
1344 1344 8.77263284472e-05
1345 1345 5.83798051124e-06
1346 1346 9.30944483012e-05
1347 1347 2.10746150732e-05
1348 1348 1.72834864266e-05
1349 1349 2311.61150694
1350 1350 3504.64650786
1351 1351 8.37251022362e-06
1352 1352 4.5606290308e-05
1353 1353 5.78801681278e-05
1354 1354 1.23505357432e-05
1355 1355 5.809133086e-05
1356 1356 1.52621690083e-05
1357 1357 3138.48444141
1358 1358 2.20639825751e-05
1359 1359 5.90098635922e-05
1360 1360 9.54439204305e-05
1361 1361 6.97655888937e-05
1362 1362 1011.15180232
1363 1363 6.18872818636e-06
1364 1364 2046.60296322
1365 1365 1629.91268811
1366 1366 5.47019201166e-05
1367 1367 7.04902068145e-06
1368 1368 3.32806888193e-05
1369 1369 8.86274324419e-05
1370 1370 5482.42539289
1371 1371 6.49607455304e-05
1372 1372 5477.96431411
1373 1373 7.48940422519e-05
1374 1374 7.38975164119e-05
1375 1375 8.10627091554e-05
1376 1376 8.46930572323e-05
1377 1377 1802.30048631
1378 1378 4.98464917502e-05
1379 1379 1.83840304263e-05
1380 1380 7.71016175706e-05
1381 1381 9.66203257743e-05
1382 1382 7.18824574589e-05
1383 1383 6.51331082363e-05
1384 1384 909.932438237
1385 1385 4703.59380252
1386 1386 2127.64577007
1387 1387 4852.6364504
1388 1388 3.95308669429e-06
1389 1389 1.84102379713e-05
1390 1390 9.45475735979e-05
1391 1391 8.58403081806e-05
1392 1392 449.401892052
1393 1393 1883.63902961
1394 1394 3.43779170007e-05
1395 1395 6.13620470921e-05
1396 1396 5.99135542992e-05
1397 1397 9.65015951473e-05
1398 1398 5.39920060378e-05
1399 1399 1.92374724677e-05
1400 1400 9.14865361372e-05
1401 1401 4309.3692604
1402 1402 3.20511942046e-05
1403 1403 6.79094815061e-05
1404 1404 3.8510618919e-05
1405 1405 6.05483342099e-05
1406 1406 7.87042234012e-05
1407 1407 8.61567232135e-05
1408 1408 1.8131673749e-05
1409 1409 1.09898645766e-05
1410 1410 1433.06681724
1411 1411 8.87084266054e-05
1412 1412 8.4533426106e-06
1413 1413 2.32306451079e-05
1414 1414 5.10240892425e-05
1415 1415 4.07742307327e-05
1416 1416 4.1190097813e-06
1417 1417 1.92637525457e-05
1418 1418 3.95211109318e-05
1419 1419 8.83119578878e-05
1420 1420 6.58206066055e-05
1421 1421 6.3945498855e-05
1422 1422 7.78370018623e-05
1423 1423 4.07215907157e-05
1424 1424 3625.24126862
1425 1425 363.068806565
1426 1426 2.82704852751e-05
1427 1427 2.49615619754e-05
1428 1428 5071.87172081
1429 1429 2.67220588417e-05
1430 1430 5.00320814116e-05
1431 1431 5.37225985329e-05
1432 1432 7.36800438528e-05
1433 1433 1.81715326159e-05
1434 1434 3759.9955431
1435 1435 2.63562059099e-05
1436 1436 4.50000923599e-05
1437 1437 1.83116815035e-06
1438 1438 2.62387487395e-05
1439 1439 8.50564894166e-05
1440 1440 6.65749728472e-05
1441 1441 6.87396613531e-05
1442 1442 1323.5349948
1443 1443 2951.33167002
1444 1444 369.345791269
1445 1445 9.6512433988e-06
1446 1446 9.33291411237e-05
1447 1447 6.9796125557e-05
1448 1448 7.56509627956e-05
1449 1449 4.79273403759e-05
1450 1450 2.82316456891e-05
1451 1451 1.70249801158e-06
1452 1452 1741.75958739
1453 1453 5.63137496143e-05
1454 1454 7.26944455719e-05
1455 1455 8.20280522754e-05
1456 1456 4886.06194283
1457 1457 2.63685430485e-05
1458 1458 5.41722209986e-05
1459 1459 9.16914010019e-05
1460 1460 4.68349266567e-05
1461 1461 3.83320133526e-05
1462 1462 4.84282026107e-05
1463 1463 4.94993467401e-05
1464 1464 5.00372737992e-05
1465 1465 4898.79486529
1466 1466 9.40781687732e-05
1467 1467 5.26916316497e-05
1468 1468 4506.71017015
1469 1469 7.26679318405e-05
1470 1470 5.03665786725e-05
1471 1471 1.94509827101e-05
1472 1472 3.29282639013e-05
1473 1473 3.92015086524e-05
1474 1474 3.41511774659e-05
1475 1475 5.31341881519e-05
1476 1476 1367.75074649
1477 1477 964.390588074
1478 1478 3.32364632562e-05
1479 1479 7.93152528107e-06
1480 1480 3.37638236509e-05
1481 1481 183.668604043
1482 1482 3.37507578838e-05
1483 1483 2.04841893278e-05
1484 1484 2.79475291289e-06
1485 1485 4593.76099151
1486 1486 1.32026185623e-05
1487 1487 3805.52378723
1488 1488 8.47774247454e-05
1489 1489 9.11540534023e-05
1490 1490 7.69126554405e-05
1491 1491 9.84831590739e-05
1492 1492 1082.53936283
1493 1493 3209.52486668
1494 1494 3432.32252202
1495 1495 4.82233597723e-05
1496 1496 1876.22446538
1497 1497 2.96985184572e-05
1498 1498 7.9427908811e-05
1499 1499 30.6509564896
1500 1500 8.08611794984e-05
1501 1501 1933.49911675
1502 1502 4.42463946024e-05
1503 1503 1.79226898826e-05
1504 1504 3.29002526944e-05
1505 1505 8.12242711881e-05
1506 1506 2.5685731656e-05
1507 1507 4.85360343472e-05
1508 1508 3.06784806447e-05
1509 1509 6.9399124322e-05
1510 1510 3.58942999194e-05
1511 1511 4.96842694501e-05
1512 1512 2295.65153055
1513 1513 8.53110133631e-05
1514 1514 9.2062185263e-05
1515 1515 1826.35166862
1516 1516 8.90989041498e-06
1517 1517 7.56875386974e-05
1518 1518 5098.47565906
1519 1519 5212.04610098
1520 1520 5.11625483294e-07
1521 1521 5563.96090748
1522 1522 4.44689957305e-05
1523 1523 9.7292456827e-05
1524 1524 5.45455232792e-05
1525 1525 1.20753034297e-05
1526 1526 6.88309217128e-05
1527 1527 1.04712526116e-05
1528 1528 7.82851873965e-05
1529 1529 2.03398652539e-07
1530 1530 9.40521751225e-05
1531 1531 1188.95708932
1532 1532 6.24548825054e-05
1533 1533 7.04290521648e-05
1534 1534 4998.26277865
1535 1535 3.38652576173e-05
1536 1536 1.22517715862e-05
1537 1537 5.04534942964e-05
1538 1538 5.85112730147e-05
1539 1539 5.92281432565e-05
1540 1540 5.65981970559e-05
1541 1541 5228.42880548
1542 1542 8.61461855415e-06
1543 1543 4.19692957428e-05
1544 1544 2255.51199541
1545 1545 684.179347961
1546 1546 9.8131062019e-05
1547 1547 3763.91000274
1548 1548 6.60416282374e-05
1549 1549 1533.32915659
1550 1550 8.2337167938e-06
1551 1551 1323.71646857
1552 1552 4324.71619927
1553 1553 8.26057923048e-06
1554 1554 5.19403601292e-05
1555 1555 7.1745644303e-05
1556 1556 9.65758580198e-05
1557 1557 5306.49201637
1558 1558 3.23764929952e-05
1559 1559 4.12729418733e-06
1560 1560 7.95551755084e-05
1561 1561 3.39294774554e-05
1562 1562 1178.30546065
1563 1563 3816.36186279
1564 1564 535.11461169
1565 1565 1.49412496661e-07
1566 1566 8.85988457758e-05
1567 1567 8.57879853315e-05
1568 1568 6.08664321132e-05
1569 1569 2.98596509138e-05
1570 1570 8.61439561687e-05
1571 1571 6.71438962702e-05
1572 1572 4.43636358072e-05
1573 1573 8.305585139e-05
1574 1574 1.51299868567e-05
1575 1575 4.95314605371e-05
1576 1576 3515.5249112
1577 1577 9.81948942096e-05
1578 1578 1.04001926954e-06
1579 1579 7.7344291839e-06
1580 1580 1991.1002273
1581 1581 1.66406960587e-05
1582 1582 1.31159155383e-05
1583 1583 4663.02782225
1584 1584 7.42522444355e-05
1585 1585 1495.68506624
1586 1586 3.91084299686e-05
1587 1587 5422.39379072
1588 1588 2.26596899335e-05
1589 1589 3.94732864805e-05
1590 1590 7.60269953544e-05
1591 1591 911.796839368
1592 1592 3895.82369235
1593 1593 6.82898291992e-05
1594 1594 3078.78154474
1595 1595 9.59348945675e-05
1596 1596 9.94251394724e-05
1597 1597 9.72501167664e-05
1598 1598 9.11535883908e-05
1599 1599 7.72773693626e-05
1600 1600 4.08835193621e-05
1601 1601 5.54410046922e-05
1602 1602 6.63240775731e-05
1603 1603 5.76920231681e-05
1604 1604 3.60377220387e-05
1605 1605 6.64199413532e-05
1606 1606 4161.82141692
1607 1607 5.5742353946e-05
1608 1608 7.38865232879e-05
1609 1609 1.76618241551e-05
1610 1610 10.6494938826
1611 1611 3.17998272898e-05
1612 1612 5240.84728683
1613 1613 2355.34845048
1614 1614 3.63970626977e-05
1615 1615 647.687513365
1616 1616 4.71831498434e-05
1617 1617 4820.60569649
1618 1618 9.35541189408e-05
1619 1619 4601.52102554
1620 1620 6.10523983909e-05
1621 1621 8.79989260416e-05
1622 1622 6.69222838153e-05
1623 1623 5.62921305449e-05
1624 1624 2.77723626767e-05
1625 1625 5.07075295327e-05
1626 1626 3794.05081622
1627 1627 8.17969585307e-05
1628 1628 2.44045002796e-05
1629 1629 8.95876599198e-05
1630 1630 3.07330317023e-05
1631 1631 1.8877847404e-05
1632 1632 8.99370860832e-05
1633 1633 1344.94881409
1634 1634 1398.73721683
1635 1635 1771.77234703
1636 1636 1.82126405372e-05
1637 1637 4956.64357352
1638 1638 934.058794097
1639 1639 7.3134679471e-05
1640 1640 2.47594120557e-05
1641 1641 1.12659688624e-05
1642 1642 9.64435460608e-05
1643 1643 7.92416595311e-05
1644 1644 6.06972786143e-05
1645 1645 8.18365514912e-05
1646 1646 5.41426235631e-05
1647 1647 6.66825451408e-06
1648 1648 1.93848692704e-05
1649 1649 4.66024611299e-05
1650 1650 3.39389289782e-05
1651 1651 3088.9359549
1652 1652 5.93831034182e-05
1653 1653 6.75834676086e-05
1654 1654 3.08462254163e-05
1655 1655 2.45077130946e-05
1656 1656 607.017838975
1657 1657 1565.30185418
1658 1658 110.654800385
1659 1659 8.72719534896e-05
1660 1660 7.4094231596e-05
1661 1661 4.55853527057e-05
1662 1662 5.72065528908e-05
1663 1663 1.43969334533e-05
1664 1664 3.30163476094e-05
1665 1665 7.34031890902e-05
1666 1666 1.47168620447e-05
1667 1667 2503.18649362
1668 1668 1831.71903109
1669 1669 5.44630627938e-05
1670 1670 4.46346700515e-05
1671 1671 7.85378107642e-05
1672 1672 4905.25073875
1673 1673 8.9984699089e-05
1674 1674 9.81396112115e-05
1675 1675 5186.72527884
1676 1676 5.00688569746e-05
1677 1677 3.30234283678e-05
1678 1678 7.22439019613e-05
1679 1679 3950.94016252
1680 1680 9.84176788109e-05
1681 1681 3.4537690652e-05
1682 1682 6.91415940084e-05
1683 1683 5.60381205205e-06
1684 1684 4100.94494674
1685 1685 4.89775607863e-05
1686 1686 5469.6895079
1687 1687 9.04608994317e-05
1688 1688 6.39286647168e-05
1689 1689 2.17139229554e-05
1690 1690 9.2275156244e-05
1691 1691 5180.42018137
1692 1692 1559.32854041
1693 1693 2920.70418335
1694 1694 3.76021610549e-06
1695 1695 1.20299294629e-05
1696 1696 1922.20108662
1697 1697 3.04384745725e-05
1698 1698 9.66091402149e-05
1699 1699 6.41533406288e-05
1700 1700 4.84886767352e-05
1701 1701 2.62808436595e-05
1702 1702 1.02744166408e-05
1703 1703 6.7071109686e-05
1704 1704 6.19494631856e-06
1705 1705 3.65394450453e-05
1706 1706 9.2775475023e-05
1707 1707 4192.91834724
1708 1708 3.97726122133e-05
1709 1709 827.214256543
1710 1710 8.61009611678e-05
1711 1711 9.15697688044e-05
1712 1712 8.63990675911e-05
1713 1713 1.55803200889e-05
1714 1714 4.13822815583e-05
1715 1715 4728.73532746
1716 1716 2.43984771929e-05
1717 1717 9.71130429831e-05
1718 1718 4.84881691727e-05
1719 1719 9.12735879458e-05
1720 1720 5.77370723223e-05
1721 1721 4808.88413524
1722 1722 2189.26156919
1723 1723 6.23320904064e-05
1724 1724 4.95337724704e-05
1725 1725 1.1835488545e-06
1726 1726 8.87845307494e-05
1727 1727 5385.32049051
1728 1728 2.90748211487e-05
1729 1729 7.5078116509e-05
1730 1730 2.81526497127e-05
1731 1731 7.0956064295e-05
1732 1732 5162.50961527
1733 1733 428.095515624
1734 1734 3.52257416509e-05
1735 1735 1.8135722857e-05
1736 1736 5.2217860899e-05
1737 1737 9.09122549091e-05
1738 1738 8.38916728363e-05
1739 1739 1228.58630265
1740 1740 8.93252205877e-05
1741 1741 1729.638986
1742 1742 2188.0609674
1743 1743 3688.25071261
1744 1744 1.17161315803e-05
1745 1745 9.84521812444e-06
1746 1746 4.06307461063e-05
1747 1747 2557.55923037
1748 1748 3575.73820047
1749 1749 7.21983086542e-05
1750 1750 9.6651177013e-05
1751 1751 3916.28747107
1752 1752 5.33108711544e-05
1753 1753 5.21906376059e-05
1754 1754 144.422163175
1755 1755 3.69304941739e-05
1756 1756 7.3269323383e-05
1757 1757 9.07835027146e-05
1758 1758 9.16313972662e-06
1759 1759 6.76013854479e-05
1760 1760 9.36975851753e-05
1761 1761 7.50638911264e-05
1762 1762 3.42300158957e-05
1763 1763 1.60978792976e-05
1764 1764 4.16419984774e-05
1765 1765 2.67185586266e-05
1766 1766 8.04410751962e-05
1767 1767 91.5932687998
1768 1768 7.57601418763e-05
1769 1769 7.24844457059e-06
1770 1770 1.96115457513e-05
1771 1771 1.7855099707e-05
1772 1772 1.15255313125e-05
1773 1773 138.730354527
1774 1774 6.1327659189e-06
1775 1775 9.67975851948e-05
1776 1776 1.45982619846e-05
1777 1777 1610.79386205
1778 1778 1.32939675383e-05
1779 1779 7.09252077217e-06
1780 1780 4492.90003531
1781 1781 2152.4218643
1782 1782 2.96392005523e-05
1783 1783 284.411205515
1784 1784 1.16311533828e-06
1785 1785 1.61250714059e-05
1786 1786 1.59472810957e-05
1787 1787 2.29452838123e-05
1788 1788 2927.91471752
1789 1789 4172.10207909
1790 1790 9.34589605999e-05
1791 1791 9.22608038524e-06
1792 1792 4166.24580087
1793 1793 8.20671420328e-07
1794 1794 1.3525974102e-06
1795 1795 7.95608586067e-05
1796 1796 34.2231152037
1797 1797 5.01966216587e-05
1798 1798 2.0053582598e-05
1799 1799 5.60399122093e-05
1800 1800 5.34255044765e-05
1801 1801 5.71542404188e-05
1802 1802 1.2345277045e-05
1803 1803 5001.08838421
1804 1804 1542.70098877
1805 1805 2.28016347332e-05
1806 1806 8.33214468154e-05
1807 1807 8.59052434751e-05
1808 1808 5.88932216551e-05
1809 1809 4.64483074696e-06
1810 1810 5.84729980671e-05
1811 1811 4.83843882745e-05
1812 1812 3.26724145329e-05
1813 1813 3.86433548287e-05
1814 1814 8.01605505401e-05
1815 1815 6.63810164182e-05
1816 1816 3458.89471771
1817 1817 921.894742044
1818 1818 8.65768151174e-05
1819 1819 2436.41899619
1820 1820 1086.17336091
1821 1821 1419.99806014
1822 1822 5388.82839912
1823 1823 8.41653110369e-05
1824 1824 1633.17206734
1825 1825 5.21669531528e-05
1826 1826 3.28506472991e-05
1827 1827 9.36309772781e-05
1828 1828 5486.74344709
1829 1829 9.31695911562e-05
1830 1830 5.34810815924e-05
1831 1831 4.71372084018e-06
1832 1832 2938.4349268
1833 1833 3.19812572845e-05
1834 1834 5.13970157536e-05
1835 1835 6.90994262422e-05
1836 1836 1.61485087735e-05
1837 1837 4.40582298386e-05
1838 1838 3.94552908022e-05
1839 1839 8.66711628905e-05
1840 1840 2868.80850284
1841 1841 9.23618511572e-05
1842 1842 2.34160146008e-05
1843 1843 6.79277460654e-06
1844 1844 6.16992851891e-05
1845 1845 2634.45192709
1846 1846 9.99571064384e-05
1847 1847 6.65255957433e-05
1848 1848 9.21443585887e-05
1849 1849 3.58668382234e-05
1850 1850 3.4596380166e-05
1851 1851 2.70716751229e-05
1852 1852 615.004408535
1853 1853 6.62941364845e-05
1854 1854 8.83294450033e-06
1855 1855 5.45889944695e-05
1856 1856 420.56486775
1857 1857 6.02884802584e-05
1858 1858 3.98903002316e-05
1859 1859 9.09687909077e-05
1860 1860 6.48988944237e-05
1861 1861 4086.35206216
1862 1862 1.57972341773e-05
1863 1863 5.44311340154e-07
1864 1864 5.20106024942e-05
1865 1865 2.85868731554e-05
1866 1866 6.83363425036e-05
1867 1867 6.49125860487e-05
1868 1868 1.27201300555e-05
1869 1869 3.18673506967e-05
1870 1870 3.60587730683e-05
1871 1871 9.04129148678e-06
1872 1872 2.21841498789e-05
1873 1873 9.43837030914e-05
1874 1874 1.51206356457e-05
1875 1875 5.76912817931e-05
1876 1876 5.91548723073e-05
1877 1877 7.54321224816e-05
1878 1878 4.19211648921e-05
1879 1879 4.69657676956e-05
1880 1880 6.4485437788e-05
1881 1881 1.4139838149e-05
1882 1882 4.42323322639e-05
1883 1883 3.71648834624e-05
1884 1884 5.67114037433e-05
1885 1885 1328.49941676
1886 1886 8.29324917958e-05
1887 1887 2.10255466726e-05
1888 1888 2779.05304945
1889 1889 9.92864470577e-05
1890 1890 4263.98033467
1891 1891 8.91480725768e-06
1892 1892 6.22272389143e-05
1893 1893 1.19526137056e-06
1894 1894 8.53608344962e-05
1895 1895 1.53798468834e-05
1896 1896 1394.74689506
1897 1897 1551.85648811
1898 1898 381.749560849
1899 1899 1343.65215376
1900 1900 1846.97604971
1901 1901 1.68951309866e-05
1902 1902 4494.65055781
1903 1903 8.04809306097e-05
1904 1904 1.41633291019e-05
1905 1905 8.92466023416e-05
1906 1906 1.05456323563e-05
1907 1907 5.03348515822e-05
1908 1908 4.79981685158e-05
1909 1909 3.31759478039e-05
1910 1910 4.05825709901e-05
1911 1911 6.19352025175e-06
1912 1912 4.33254262212e-05
1913 1913 4.66360869042e-05
1914 1914 1.9608501395e-05
1915 1915 3.21336100838e-05
1916 1916 4.28421369123e-05
1917 1917 7.79066312573e-05
1918 1918 5.6415502801e-05
1919 1919 1596.20067103
1920 1920 3.3372190223e-05
1921 1921 1672.87504776
1922 1922 6.8639534616e-05
1923 1923 6.33300190482e-05
1924 1924 4.1560830759e-05
1925 1925 6.02076688946e-05
1926 1926 3.46454167332e-05
1927 1927 1.21978374287e-05
1928 1928 9.49088897647e-05
1929 1929 2.86374489876e-05
1930 1930 5.15668674173e-05
1931 1931 4.99479817018e-05
1932 1932 7.58700484218e-05
1933 1933 9.27281514676e-06
1934 1934 2828.37774984
1935 1935 5.49168506335e-05
1936 1936 2.51491857806e-05
1937 1937 6.84594990777e-05
1938 1938 3.62012933832e-06
1939 1939 2.03492289422e-05
1940 1940 6.11789321595e-06
1941 1941 1769.3895829
1942 1942 6.9360329025e-05
1943 1943 6.29143035157e-06
1944 1944 7.08759113478e-05
1945 1945 5.22440668987e-05
1946 1946 4950.48955952
1947 1947 9.72797302216e-05
1948 1948 4.25828272834e-05
1949 1949 3.7799704017e-05
1950 1950 83.3247840006
1951 1951 6.2076278396e-05
1952 1952 3.71090287947e-05
1953 1953 5.39033095e-05
1954 1954 1.04121543703e-05
1955 1955 2040.7254288
1956 1956 9.1832291426e-05
1957 1957 2.36804540317e-05
1958 1958 5.36367904722e-07
1959 1959 4.73798723419e-05
1960 1960 2.54455623322e-05
1961 1961 6.24273915244e-05
1962 1962 3125.38271926
1963 1963 6.51385886771e-05
1964 1964 1.04112511388e-05
1965 1965 6.37974079759e-05
1966 1966 1.97314432686e-05
1967 1967 2.5313043948e-05
1968 1968 4.41842089833e-05
1969 1969 2.77941588787e-05
1970 1970 7.8654111827e-05
1971 1971 2.80980010269e-06
1972 1972 8.32402477761e-05
1973 1973 2.1340372183e-05
1974 1974 3175.0990238
1975 1975 3427.18660642
1976 1976 4.64420858726e-05
1977 1977 7.57713538926e-05
1978 1978 2885.16980431
1979 1979 39.6422063552
1980 1980 7.07796586666e-05
1981 1981 3499.69701709
1982 1982 7.0368448409e-05
1983 1983 2799.7611485
1984 1984 3.12867984842e-05
1985 1985 8.20042100533e-05
1986 1986 3970.78842812
1987 1987 4.88350648257e-05
1988 1988 1130.3552772
1989 1989 9.48682489354e-05
1990 1990 4.21533537108e-06
1991 1991 8.28071361085e-05
1992 1992 9.18561480274e-05
1993 1993 8.49764110344e-05
1994 1994 7.4774979134e-05
1995 1995 5.09054229925e-05
1996 1996 8.89451895533e-05
1997 1997 7.35849064984e-05
1998 1998 4463.63856789
1999 1999 1.83387293918e-05
2000 2000 5.41457062955e-05
2001 2001 3.55861516227e-06
2002 2002 3.81908278726e-05
2003 2003 3763.13704581
2004 2004 2.29459354432e-05
2005 2005 1.15712847119e-05
2006 2006 9.36179306884e-05
2007 2007 1053.58778183
2008 2008 6.72159015672e-05
2009 2009 7.55593201034e-05
2010 2010 4.47886975996e-05
2011 2011 1327.75583705
2012 2012 8.55240742496e-05
2013 2013 8.88130105551e-05
2014 2014 1900.22820003
2015 2015 3631.27829286
2016 2016 2.44214654715e-05
2017 2017 2.39519280055e-05
2018 2018 4.75047801455e-05
2019 2019 4922.35792813
2020 2020 4.73204167479e-05
2021 2021 8.53210956881e-05
2022 2022 9.29730577565e-05
2023 2023 5.87499224354e-05
2024 2024 8.99029201305e-05
2025 2025 2548.57053793
2026 2026 2.17599475762e-06
2027 2027 4918.69712947
2028 2028 5.61170738774e-05
2029 2029 304.73651298
2030 2030 4.27149002924e-05
2031 2031 1.06907480695e-05
2032 2032 4.2777708374e-05
2033 2033 2.52010961077e-05
2034 2034 2129.14072484
2035 2035 3.23172582163e-05
2036 2036 4.52193888035e-05
2037 2037 1310.96148094
2038 2038 3.45038566089e-05
2039 2039 9.93522565361e-05
2040 2040 2.20776361529e-05
2041 2041 248.347360908
2042 2042 5305.44813279
2043 2043 1.88565676898e-05
2044 2044 496.986309263
2045 2045 4352.47150679
2046 2046 4.87636918353e-05
2047 2047 2.56908596291e-05
2048 2048 1.34345258771e-05
2049 2049 7.02037814806e-05
2050 2050 1.46541044165e-05
2051 2051 3.59875084692e-06
2052 2052 8.29715893567e-05
2053 2053 2.82741288088e-05
2054 2054 9.58760081975e-05
2055 2055 4.47871599238e-05
2056 2056 3493.55089129
2057 2057 6.02439545591e-05
2058 2058 9.8874991582e-05
2059 2059 9.31879116991e-05
2060 2060 8.98983136847e-05
2061 2061 6.89906336207e-05
2062 2062 4.09192505026e-05
2063 2063 2160.96669051
2064 2064 6.87980109491e-05
2065 2065 2734.86979607
2066 2066 6.55684046888e-05
2067 2067 3.49847931575e-05
2068 2068 1.39405454181e-05
2069 2069 5.04049484237e-06
2070 2070 2.09904750188e-05
2071 2071 1.80152623218e-05
2072 2072 4.31122361896e-05
2073 2073 3.27364220012e-05
2074 2074 3.08212326428e-05
2075 2075 1290.04841297
2076 2076 3.23830680545e-05
2077 2077 6.17509339765e-05
2078 2078 1.30668901262e-05
2079 2079 2948.58593148
2080 2080 1377.52270329
2081 2081 2.32746840895e-05
2082 2082 3.71875046956e-06
2083 2083 8.79815673644e-05
2084 2084 5.81045980194e-05
2085 2085 6.84373108637e-05
2086 2086 2.65418096416e-05
2087 2087 2.95163918001e-05
2088 2088 1.1113502147e-05
2089 2089 4301.64561159
2090 2090 1.45367115366e-05
2091 2091 7.63904193141e-05
2092 2092 4.5880477885e-05
2093 2093 1.54518618645e-05
2094 2094 431.195585513
2095 2095 6.09669077982e-05
2096 2096 1.14990684552e-06
2097 2097 1.06888902067e-05
2098 2098 2.86799468086e-06
2099 2099 850.087286628
2100 2100 4524.70179684
2101 2101 1.30959804988e-05
2102 2102 8.00183882506e-05
2103 2103 2.10792982417e-05
2104 2104 3.75661267479e-05
2105 2105 9.39734003677e-05
2106 2106 7.33652785375e-05
2107 2107 4.71207661231e-05
2108 2108 5.02956889439e-05
2109 2109 4075.98640118
2110 2110 6.7466557063e-05
2111 2111 3.72640689943e-05
2112 2112 9.42689745927e-06
2113 2113 5.78830909552e-06
2114 2114 8.54585617244e-05
2115 2115 2060.20060401
2116 2116 3.0554329399e-05
2117 2117 2.22312969128e-05
2118 2118 2.50884522105e-05
2119 2119 8.06979711284e-06
2120 2120 4.64735540552e-05
2121 2121 5.3844945996e-05
2122 2122 4.60575443949e-05
2123 2123 4.53553695212e-05
2124 2124 8.8681287939e-05
2125 2125 6.23920945839e-05
2126 2126 3.8441958311e-05
2127 2127 1142.91180882
2128 2128 4964.40625523
2129 2129 1.57687945024e-05
2130 2130 6.35106159952e-05
2131 2131 4.95349614815e-05
2132 2132 1.17300775903e-06
2133 2133 325.370937371
2134 2134 4.475347949e-05
2135 2135 1239.71333975
2136 2136 5.25304074045e-05
2137 2137 7.58048974553e-05
2138 2138 9.15979873356e-05
2139 2139 7.37609270064e-05
2140 2140 6.0491440511e-05
2141 2141 5.32361111629e-05
2142 2142 5621.85116829
2143 2143 8.11298669882e-06
2144 2144 4545.05872915
2145 2145 3416.60167635
2146 2146 3.13715331962e-05
2147 2147 5121.83592389
2148 2148 7.86090999159e-05
2149 2149 6.03329037788e-05
2150 2150 1.37656874234e-05
2151 2151 4319.11249212
2152 2152 3954.84797467
2153 2153 9.02297562057e-05
2154 2154 5.42596643301e-05
2155 2155 4836.4281714
2156 2156 1834.6457313
2157 2157 6.79437293578e-05
2158 2158 4.51035865535e-05
2159 2159 3.89780606123e-05
2160 2160 1.92814355133e-05
2161 2161 6.05563104502e-05
2162 2162 8.89345635136e-05
2163 2163 2.46169066548e-05
2164 2164 7.92488931928e-06
2165 2165 9.8696414399e-05
2166 2166 909.617527324
2167 2167 9.42738323828e-05
2168 2168 2.1602388328e-05
2169 2169 457.63602926
2170 2170 2.18321487903e-05
2171 2171 6.35395488684e-05
2172 2172 4635.37758559
2173 2173 3025.15238379
2174 2174 6.29759967033e-05
2175 2175 3113.23621451
2176 2176 2.52573068198e-05
2177 2177 8.57867359163e-05
2178 2178 4727.62065174
2179 2179 9.16941736094e-05
2180 2180 2.85322444488e-05
2181 2181 5.58181244167e-05
2182 2182 4.97293900919e-06
2183 2183 9.05024604468e-05
2184 2184 3105.93507536
2185 2185 9.12707576306e-05
2186 2186 9.22634191673e-05
2187 2187 7.63996190272e-05
2188 2188 8.47274590763e-05
2189 2189 6.91724092712e-05
2190 2190 8.56357694731e-05
2191 2191 6.93432227919e-05
2192 2192 3.66773564784e-05
2193 2193 5371.33406404
2194 2194 5232.62586225
2195 2195 6.95605439779e-05
2196 2196 1108.16535047
2197 2197 6.59797040943e-05
2198 2198 5.53052878253e-05
2199 2199 3.6570744908e-05
2200 2200 1005.59853372
2201 2201 3.3164784745e-05
2202 2202 4069.9090832
2203 2203 8.52833009122e-05
2204 2204 7.76188222168e-05
2205 2205 8.66228661568e-05
2206 2206 8.6678222939e-05
2207 2207 7.00866416336e-05
2208 2208 4418.0282768
2209 2209 8.80006690765e-06
2210 2210 5.93603401025e-05
2211 2211 7.69845295349e-05
2212 2212 7.70104630862e-05
2213 2213 9.54784942895e-05
2214 2214 4019.39503242
2215 2215 9.27579023962e-05
2216 2216 8.43569582905e-05
2217 2217 3.99541969831e-05
2218 2218 5.74699881511e-05
2219 2219 8.59761155702e-06
2220 2220 6.24443213139e-06
2221 2221 3923.92537432
2222 2222 5.91713899734e-05
2223 2223 8.88116755074e-06
2224 2224 6.87461128579e-05
2225 2225 3.93098855371e-06
2226 2226 2.94514206504e-05
2227 2227 4823.44531025
2228 2228 8.48858249662e-05
2229 2229 7.99261488337e-05
2230 2230 1725.29421704
2231 2231 6.39904754835e-05
2232 2232 1.63071460261e-05
2233 2233 9.82980991082e-05
2234 2234 3827.23302487
2235 2235 6.39996447321e-05
2236 2236 5.37520725922e-05
2237 2237 7.16893232377e-05
2238 2238 3073.59789619
2239 2239 5112.43949476
2240 2240 3667.40105817
2241 2241 5.00536660906e-05
2242 2242 4.56287908897e-05
2243 2243 8.51705669581e-05
2244 2244 8.42418977306e-05
2245 2245 5.15224592656e-05
2246 2246 3686.340038
2247 2247 9.52842635317e-05
2248 2248 1.28408467717e-05
2249 2249 4.19040133086e-05
2250 2250 9.51450802691e-05
2251 2251 7.75900491706e-05
2252 2252 5.5305993508e-05
2253 2253 8.77539860257e-05
2254 2254 8.13567022235e-05
2255 2255 2935.33263196
2256 2256 8.36990401527e-05
2257 2257 3.03141448643e-05
2258 2258 2.97811158126e-05
2259 2259 8.06871415696e-05
2260 2260 1.86306271361e-05
2261 2261 9.63805666951e-05
2262 2262 4178.1791828
2263 2263 2.39612143239e-05
2264 2264 7.2228411093e-05
2265 2265 1.11229128941e-05
2266 2266 1.81053798113e-06
2267 2267 5598.74963435
2268 2268 3.24040627731e-05
2269 2269 3373.71824557
2270 2270 3.34655930598e-06
2271 2271 5.69819562809e-05
2272 2272 7.40031785309e-05
2273 2273 4304.45714609
2274 2274 6.68738186254e-05
2275 2275 9.90459389761e-05
2276 2276 8.31806126585e-05
2277 2277 2.73018006617e-05
2278 2278 5.56186489517e-05
2279 2279 3.55285924624e-05
2280 2280 3984.4277109
2281 2281 8.10354101465e-05
2282 2282 4.18015875024e-05
2283 2283 5.75638778841e-05
2284 2284 9.42838414708e-05
2285 2285 8.66280407105e-05
2286 2286 4633.99336183
2287 2287 5.71290134634e-05
2288 2288 8.01134118601e-05
2289 2289 4.99234077767e-05
2290 2290 8.12817802828e-05
2291 2291 1.95975010378e-05
2292 2292 6.5205094889e-05
2293 2293 2541.51615976
2294 2294 1.88061377897e-05
2295 2295 8.11794294738e-05
2296 2296 7.88698589299e-05
2297 2297 9.15647022462e-05
2298 2298 8.82122675649e-08
2299 2299 3.21989379354e-05
2300 2300 2.83888669501e-05
2301 2301 4.6603417159e-05
2302 2302 5.51392002867e-06
2303 2303 7.48680820758e-05
2304 2304 4.69212218689e-05
2305 2305 6.99806847202e-05
2306 2306 7.96151174192e-05
2307 2307 7.60640988208e-05
2308 2308 8.74670993066e-05
2309 2309 2.70916316344e-05
2310 2310 8.02172029297e-05
2311 2311 3.36345747227e-05
2312 2312 6.95181803985e-05
2313 2313 4.2525097504e-05
2314 2314 6.8426484875e-05
2315 2315 4480.93673728
2316 2316 4676.52438712
2317 2317 9.53493248176e-05
2318 2318 3929.83797503
2319 2319 5.3110747824e-05
2320 2320 4.11000674816e-05
2321 2321 2.79184843516e-05
2322 2322 5.51277890234e-05
2323 2323 3483.88130709
2324 2324 5.67591966301e-05
2325 2325 3.8743029584e-05
2326 2326 8.20440208691e-05
2327 2327 6.90033936023e-05
2328 2328 8.54686171957e-05
2329 2329 1487.34330638
2330 2330 2344.90212413
2331 2331 5.23953990601e-05
2332 2332 3217.59456683
2333 2333 2.85288004503e-05
2334 2334 2129.27967542
2335 2335 1171.30295551
2336 2336 3758.8083647
2337 2337 3222.41663954
2338 2338 2.0395663179e-06
2339 2339 1273.50064331
2340 2340 6.39710341229e-05
2341 2341 1.40935757224e-05
2342 2342 5.60401286323e-05
2343 2343 4396.97504701
2344 2344 5.48177555273e-05
2345 2345 1603.6456714
2346 2346 2103.41137541
2347 2347 5.76963032925e-05
2348 2348 1.32700007705e-05
2349 2349 7.44051503536e-05
2350 2350 1.06649259516e-05
2351 2351 1.15261910017e-06
2352 2352 3.43463917229e-05
2353 2353 2.65145469758e-05
2354 2354 7.7573462906e-05
2355 2355 7.56932870505e-06
2356 2356 3763.35028208
2357 2357 7.76932571557e-05
2358 2358 7.54405420605e-06
2359 2359 9.85968727865e-05
2360 2360 8.34268410237e-05
2361 2361 6.96527360089e-06
2362 2362 6.13683875705e-05
2363 2363 851.252929627
2364 2364 9.99684363659e-05
2365 2365 5.32896386559e-05
2366 2366 4359.94587236
2367 2367 3058.54657707
2368 2368 42.2937131469
2369 2369 1.35968481849e-05
2370 2370 7.04918670929e-05
2371 2371 6.43578614502e-05
2372 2372 7.92160097697e-05
2373 2373 8.0376315343e-05
2374 2374 2.06061833123e-05
2375 2375 8.9338362917e-05
2376 2376 3.80364968903e-05
2377 2377 4.50332379741e-05
2378 2378 2714.88055241
2379 2379 2.98131675755e-05
2380 2380 3131.19064925
2381 2381 9.41597066091e-05
2382 2382 1610.27955443
2383 2383 7.57356151269e-05
2384 2384 8.40518005854e-05
2385 2385 9.31948007253e-05
2386 2386 9.86643621647e-05
2387 2387 495.426348473
2388 2388 8.28205128664e-05
2389 2389 2.75468488236e-05
2390 2390 2.15709952279e-05
2391 2391 4.52402151154e-05
2392 2392 4.96379669491e-05
2393 2393 4.7636609933e-05
2394 2394 3.95785940963e-05
2395 2395 3.62583647205e-05
2396 2396 8.04409781311e-05
2397 2397 2.53380429104e-05
2398 2398 4.29109878842e-05
2399 2399 1.02907285296e-05
2400 2400 7.37292790102e-05
2401 2401 2207.86195893
2402 2402 4.97170707258e-06
2403 2403 3.76640492442e-05
2404 2404 3748.59547571
2405 2405 4838.83359205
2406 2406 6.76317538274e-05
2407 2407 2941.61223295
2408 2408 1.00191947924e-06
2409 2409 3.47586873823e-05
2410 2410 2.89140864397e-05
2411 2411 7.06493741609e-05
2412 2412 2.8576368216e-05
2413 2413 8.53162289477e-05
2414 2414 3.82510788105e-05
2415 2415 6.60431711863e-05
2416 2416 2.47298185449e-05
2417 2417 8.15113366817e-05
2418 2418 6.72846541982e-05
2419 2419 9.61800685918e-05
2420 2420 1992.52998705
2421 2421 9.67943580017e-05
2422 2422 7.01796122477e-05
2423 2423 184.400240833
2424 2424 1.82567280492e-05
2425 2425 5.3955613189e-05
2426 2426 4.47342361686e-05
2427 2427 1.55655837878e-06
2428 2428 3248.20634461
2429 2429 9.82517907667e-05
2430 2430 4.86198225219e-05
2431 2431 2.91274055616e-05
2432 2432 4661.51153155
2433 2433 9.82175681313e-05
2434 2434 8.82417245583e-05
2435 2435 1.37218306044e-06
2436 2436 9.3504915623e-05
2437 2437 9.76225525096e-05
2438 2438 7.14387913325e-05
2439 2439 4.70289844369e-05
2440 2440 4330.649401
2441 2441 4.44093855262e-05
2442 2442 7.21668793167e-05
2443 2443 5.20111303101e-05
2444 2444 5.08305669198e-05
2445 2445 4.63143548251e-05
2446 2446 2.21424663577e-05
2447 2447 5.65515870397e-05
2448 2448 8.37528949443e-05
2449 2449 7.03205301179e-05
2450 2450 3.13750899472e-06
2451 2451 8.3238741094e-05
2452 2452 3.41772162772e-05
2453 2453 9.43399884787e-05
2454 2454 2050.14446699
2455 2455 5.30309580305e-05
2456 2456 574.653835009
2457 2457 7.57809289251e-05
2458 2458 4.76683025272e-05
2459 2459 3158.15774758
2460 2460 1.5147585329e-06
2461 2461 4810.92270385
2462 2462 2.19570843413e-05
2463 2463 6.96003112608e-05
2464 2464 9.04915348123e-05
2465 2465 4530.76694633
2466 2466 2.22161690052e-07
2467 2467 6.78929803586e-06
2468 2468 7.99522842965e-05
2469 2469 9.57756913111e-05
2470 2470 8.55984498015e-05
2471 2471 4.78258308678e-05
2472 2472 2147.60781504
2473 2473 2953.98766211
2474 2474 4221.76961144
2475 2475 1.89744556945e-05
2476 2476 3.52724984335e-05
2477 2477 1.09883182143e-05
2478 2478 1909.92278399
2479 2479 8.97610460932e-05
2480 2480 2024.61582913
2481 2481 824.906758153
2482 2482 1.65241452359e-05
2483 2483 2.57663735733e-05
2484 2484 4.16992742855e-05
2485 2485 6.6874502053e-05
2486 2486 1.28719874244e-05
2487 2487 8.86031936165e-05
2488 2488 9.55018625869e-05
2489 2489 6.26112781867e-05
2490 2490 5.46982444504e-05
2491 2491 2621.06969721
2492 2492 4.64490241558e-05
2493 2493 7.1669696571e-05
2494 2494 2.52853738797e-05
2495 2495 182.409480514
2496 2496 4.32838212576e-05
2497 2497 1.1124599637e-05
2498 2498 3212.7009881
2499 2499 9.67990422435e-05
2500 2500 5.45397589463e-05
2501 2501 8.85250489385e-05
2502 2502 1006.00819416
2503 2503 5.40095513194e-05
2504 2504 6.45515564327e-05
2505 2505 5.92727198586e-05
2506 2506 9.68813304392e-05
2507 2507 5.49905612088e-05
2508 2508 2.66255007481e-05
2509 2509 9.11751203816e-05
2510 2510 1516.86488468
2511 2511 8.87035735494e-05
2512 2512 8.36299346808e-05
2513 2513 2567.05625084
2514 2514 1453.02764658
2515 2515 1.73911047109e-05
2516 2516 5077.22119847
2517 2517 3233.21921214
2518 2518 6.81207958801e-05
2519 2519 3.89333214783e-06
2520 2520 3.54650898081e-05
2521 2521 4.17805694432e-06
2522 2522 7.69487785351e-05
2523 2523 5.56720192104e-05
2524 2524 5.35928940056e-05
2525 2525 3.48695172753e-05
2526 2526 3189.19112101
2527 2527 6.41387352867e-05
2528 2528 3090.63088792
2529 2529 4.42804628985e-06
2530 2530 2483.73028995
2531 2531 8.68100873439e-05
2532 2532 2.85557584688e-05
2533 2533 3469.50966811
2534 2534 3.69009351253e-05
2535 2535 3237.95308826
2536 2536 1.32643401302e-05
2537 2537 1.44313067873e-05
2538 2538 2.06673812757e-06
2539 2539 3.22544418318e-05
2540 2540 7.70779156981e-05
2541 2541 137.595213692
2542 2542 2100.68208712
2543 2543 1.42143513574e-05
2544 2544 8.69987809284e-05
2545 2545 4.94370287583e-05
2546 2546 4.69265598298e-05
2547 2547 8.79806990566e-05
2548 2548 6.57779247894e-06
2549 2549 1.4609175374e-05
2550 2550 8.32384742317e-06
2551 2551 2.00174568501e-05
2552 2552 2.2510035634e-05
2553 2553 9.22095808188e-05
2554 2554 1.64194022541e-05
2555 2555 3.86117814059e-05
2556 2556 1.32945525157e-05
2557 2557 3.46009820681e-05
2558 2558 8.81921871964e-05
2559 2559 9.80959864265e-05
2560 2560 4.20770721203e-05
2561 2561 7.77215833258e-05
2562 2562 2.28921446058e-05
2563 2563 3.40725901024e-05
2564 2564 5.62112865058e-05
2565 2565 3.68020051168e-05
2566 2566 3160.75868867
2567 2567 6.84930585965e-05
2568 2568 9.32087562177e-05
2569 2569 5292.43737273
2570 2570 2.49229015967e-05
2571 2571 9.14547910749e-07
2572 2572 4701.87796063
2573 2573 5.40200016423e-05
2574 2574 6.44781396016e-05
2575 2575 1.19973727314e-05
2576 2576 8.86486326763e-05
2577 2577 1705.20055476
2578 2578 2022.70857654
2579 2579 9.30441025814e-05
2580 2580 1.17358120053
2581 2581 5.78324638638e-06
2582 2582 9.92336410868e-06
2583 2583 9.29557103408e-05
2584 2584 6.22035554385e-05
2585 2585 6.58163340419e-05
2586 2586 4.52186389474e-05
2587 2587 1.67454674145e-05
2588 2588 7.91483347938e-05
2589 2589 1.22117688105e-05
2590 2590 7.74220698847e-05
2591 2591 6.75222971665e-05
2592 2592 6.4192673393e-05
2593 2593 1502.44626596
2594 2594 1.50606496146e-05
2595 2595 7.67810694195e-05
2596 2596 3.93734379729e-05
2597 2597 6.93517110343e-05
2598 2598 6.7844335448e-05
2599 2599 6.45468624885e-05
2600 2600 6.00248981924e-05
2601 2601 6.57878026621e-05
2602 2602 2.09096778171e-06
2603 2603 3.84177858423e-05
2604 2604 1.5202646535e-05
2605 2605 8.63258487543e-05
2606 2606 6.64852345682e-05
2607 2607 6.88550901593e-05
2608 2608 5.13801565384e-05
2609 2609 5.49102928092e-07
2610 2610 6.99386604199e-05
2611 2611 4.06595490158e-05
2612 2612 1.25673729277e-05
2613 2613 5.06572849915e-05
2614 2614 9.41828167287e-05
2615 2615 5.34940867333e-05
2616 2616 3.00568071952e-05
2617 2617 3.14435705629e-05
2618 2618 4.7251151434e-05
2619 2619 4.7909964168e-06
2620 2620 8.2902623992e-05
2621 2621 4.10745223661e-05
2622 2622 2017.81242751
2623 2623 9.96512821689e-05
2624 2624 2.2797440834e-05
2625 2625 6.06459424379e-05
2626 2626 1.76608981312e-05
2627 2627 2601.63565027
2628 2628 9.20110770889e-05
2629 2629 7.58241768669e-05
2630 2630 3982.99870142
2631 2631 4.0742911019e-05
2632 2632 9.64925913984e-05
2633 2633 4657.10161204
2634 2634 8.41630839586e-05
2635 2635 2.03496058335e-05
2636 2636 5340.36662873
2637 2637 731.044862122
2638 2638 1.58454518463e-05
2639 2639 7.59310922427e-05
2640 2640 1062.64910276
2641 2641 4804.49311375
2642 2642 9.2720950463e-06
2643 2643 3.91233000561e-05
2644 2644 4028.40291626
2645 2645 3.44609265103e-05
2646 2646 4.32748046626e-05
2647 2647 7.01630430151e-05
2648 2648 8.19774659057e-05
2649 2649 7.4764084509e-05
2650 2650 3.30904685281e-05
2651 2651 2.14264551261e-05
2652 2652 8.60320061914e-05
2653 2653 5.52286934385e-05
2654 2654 1.75537401272e-05
2655 2655 2.32817989662e-05
2656 2656 2278.96180163
2657 2657 7.77074387641e-05
2658 2658 7.20891122147e-05
2659 2659 6.82916944836e-05
2660 2660 7.13817891329e-05
2661 2661 6.33450377936e-05
2662 2662 7.40047118521e-05
2663 2663 2.03064309803e-05
2664 2664 7.65893187146e-05
2665 2665 2.87861738728e-06
2666 2666 9.77585894561e-05
2667 2667 9.37635451117e-05
2668 2668 2311.46974089
2669 2669 2088.37150895
2670 2670 1.94421927231e-05
2671 2671 5362.33188726
2672 2672 8.63457400791e-06
2673 2673 1347.12005753
2674 2674 4072.24644908
2675 2675 2.64242349185e-05
2676 2676 2.88786852955e-05
2677 2677 9.20209859808e-06
2678 2678 4.70146538689e-05
2679 2679 4.35361737489e-05
2680 2680 6.72900326228e-06
2681 2681 1.56571072255e-05
2682 2682 8.36943182373e-05
2683 2683 4.9785948951e-05
2684 2684 3877.65507091
2685 2685 7.14556649784e-05
2686 2686 3.5711348577e-06
2687 2687 8.73361373155e-05
2688 2688 9.19291335663e-05
2689 2689 5.79106042776e-05
2690 2690 8.10865396864e-05
2691 2691 9.79686472545e-05
2692 2692 1.06590869145e-05
2693 2693 7.41950802892e-05
2694 2694 9.98879765507e-06
2695 2695 908.713443267
2696 2696 5065.76766967
2697 2697 1.99960962249e-05
2698 2698 7.96905030428e-05
2699 2699 4.59615315781e-05
2700 2700 5.79092008349e-05
2701 2701 2.81346361851e-05
2702 2702 6.1523064086e-05
2703 2703 7.60400130425e-05
2704 2704 1.44548487441e-05
2705 2705 9.7433618428e-05
2706 2706 8.29878201762e-05
2707 2707 1.42524281833e-05
2708 2708 4339.91568851
2709 2709 2.88735550566e-05
2710 2710 1.25583507097e-05
2711 2711 3.09984918887e-05
2712 2712 2034.68774763
2713 2713 6.52127357178e-05
2714 2714 3.27729420796e-05
2715 2715 2.93736539125e-05
2716 2716 4.162317745e-06
2717 2717 8.57080188287e-05
2718 2718 2139.63012293
2719 2719 6.10936546191e-05
2720 2720 1.04075223958e-05
2721 2721 2.10912854492e-05
2722 2722 1261.78872574
2723 2723 3693.29507225
2724 2724 8.2904606765e-05
2725 2725 802.181852384
2726 2726 3.17869025117e-05
2727 2727 1.14827965221e-05
2728 2728 4.60886780225e-06
2729 2729 5240.4987775
2730 2730 8.03743753915e-05
2731 2731 3679.29770582
2732 2732 2162.16669305
2733 2733 4.43771418812e-07
2734 2734 8.80677652468e-05
2735 2735 6.16957618659e-06
2736 2736 5.45220544402e-05
2737 2737 8.46063268669e-05
2738 2738 2.37007690656e-06
2739 2739 5.34700517437e-05
2740 2740 6.62292615979e-05
2741 2741 2.29454817129e-05
2742 2742 9.00298651298e-05
2743 2743 4.64551765785e-05
2744 2744 8.97905849047e-05
2745 2745 3.97385240291e-05
2746 2746 5548.32515222
2747 2747 5413.77352681
2748 2748 2067.40474777
2749 2749 6.73980293562e-05
2750 2750 5.87521507707e-05
2751 2751 8.4785279443e-05
2752 2752 7.93319244217e-05
2753 2753 9.31134040381e-05
2754 2754 9.77341592628e-05
2755 2755 5532.71993755
2756 2756 3154.01887882
2757 2757 4.08093520029e-05
2758 2758 461.750267312
2759 2759 1.29238429256e-05
2760 2760 7.18524936801e-05
2761 2761 5.57752969813e-05
2762 2762 3.1011432107e-05
2763 2763 1.11722586373e-05
2764 2764 4.4949668555e-06
2765 2765 1.65131826031e-05
2766 2766 1476.25883627
2767 2767 3198.35353546
2768 2768 8.48200132386e-05
2769 2769 707.27425162
2770 2770 7.461600312e-05
2771 2771 3.98929453656e-05
2772 2772 8.53772096446e-05
2773 2773 9.94783068292e-05
2774 2774 1.75091250534e-05
2775 2775 5.19398960471e-05
2776 2776 1.7852583606e-05
2777 2777 4.79136424914e-05
2778 2778 1076.04651395
2779 2779 3630.9534048
2780 2780 1673.45216557
2781 2781 1.16272453098e-05
2782 2782 7.39120433365e-05
2783 2783 3.88171196112e-05
2784 2784 4.76272528023e-05
2785 2785 5.72838892902e-05
2786 2786 1.84905270375e-05
2787 2787 5.91187009342e-05
2788 2788 1.31665450673e-05
2789 2789 9.49011722199e-05
2790 2790 9.2913058637e-05
2791 2791 838.149565743
2792 2792 3441.05496899
2793 2793 9.01153825378e-05
2794 2794 3.81707819852e-05
2795 2795 1885.7234048
2796 2796 7.85586252795e-05
2797 2797 9.67705407137e-05
2798 2798 8.4415107211e-05
2799 2799 6.64338792612e-05
2800 2800 3.10312227648e-05
2801 2801 9.02085803354e-05
2802 2802 1.48962210765e-05
2803 2803 3.8599427764e-05
2804 2804 4.35650056797e-05
2805 2805 352.751815604
2806 2806 4987.06528816
2807 2807 15.0996783279
2808 2808 7.53309441539e-06
2809 2809 4.92647426915e-05
2810 2810 7.42348734758e-05
2811 2811 1.7733479434e-05
2812 2812 3.68822579379e-05
2813 2813 4.70754914274e-05
2814 2814 5.63733609067e-05
2815 2815 5.77144147937e-05
2816 2816 5.98050903571e-05
2817 2817 4.76113365954e-05
2818 2818 1489.9432462
2819 2819 8.10492793075e-05
2820 2820 2.93971335243e-05
2821 2821 3.67371061621e-05
2822 2822 8.07012342583e-05
2823 2823 5.44104207454e-05
2824 2824 6.51728240443e-05
2825 2825 5.33996905211e-05
2826 2826 1.01885344658e-06
2827 2827 3361.67082115
2828 2828 7.43701926095e-05
2829 2829 1.59770570016e-05
2830 2830 4.89337347657e-05
2831 2831 3.77298569544e-05
2832 2832 2143.10454854
2833 2833 1241.56446727
2834 2834 9.30666854104e-06
2835 2835 8.03793365612e-05
2836 2836 4.75126332413e-05
2837 2837 1.76982779701e-05
2838 2838 8.93640021266e-05
2839 2839 5496.3505267
2840 2840 8.54335443184e-05
2841 2841 3.84928755057e-07
2842 2842 8.44709558251e-05
2843 2843 3427.59365616
2844 2844 3529.24758294
2845 2845 3.64542906904e-05
2846 2846 1.56125406153e-06
2847 2847 1.90454335685e-07
2848 2848 3.5181739744e-05
2849 2849 5327.33417847
2850 2850 2.03376402854e-05
2851 2851 3534.30860697
2852 2852 1908.70628213
2853 2853 1591.37947476
2854 2854 7.79724707435e-05
2855 2855 2.63737299553e-05
2856 2856 8.89982767299e-05
2857 2857 5.93046358715e-05
2858 2858 4.68585833404e-05
2859 2859 2.35717615109e-05
2860 2860 8.76720132282e-05
2861 2861 8.51600422602e-05
2862 2862 4.05460166064e-05
2863 2863 3587.92485478
2864 2864 6.65810586457e-05
2865 2865 7.35386343978e-05
2866 2866 5082.12036992
2867 2867 9.86028855797e-05
2868 2868 2.36768016705e-05
2869 2869 8.16517038831e-06
2870 2870 6.74697474006e-05
2871 2871 9.13671037001e-05
2872 2872 4393.18903704
2873 2873 7.09852954891e-05
2874 2874 9.98922300131e-05
2875 2875 8.73646488792e-05
2876 2876 6.22175899664e-05
2877 2877 4.63928834472e-06
2878 2878 5.808355233e-05
2879 2879 8.30768832123e-05
2880 2880 2.48459202014e-07
2881 2881 172.721401889
2882 2882 4.57969781442e-06
2883 2883 9.35477903703e-05
2884 2884 3136.54221819
2885 2885 3204.26286458
2886 2886 4465.80528537
2887 2887 7.64674928039e-05
2888 2888 9.98292705007e-05
2889 2889 2558.96368053
2890 2890 1016.02795366
2891 2891 7.42478799106e-05
2892 2892 3.50173871295e-05
2893 2893 4.6503864382e-05
2894 2894 832.329072733
2895 2895 6.69267942406e-05
2896 2896 5.79712893972e-05
2897 2897 4.08500835913e-05
2898 2898 8.16758052714e-05
2899 2899 6.23882108037e-06
2900 2900 8.43796154083e-05
2901 2901 5.5168616076e-05
2902 2902 5.11350008423e-05
2903 2903 3.61698182646e-06
2904 2904 5.27610986665e-05
2905 2905 6.48405510015e-05
2906 2906 1393.91063918
2907 2907 4.6213504686e-05
2908 2908 4.75991980829e-05
2909 2909 6.13959770094e-06
2910 2910 3.98429961483e-05
2911 2911 8.0541236527e-05
2912 2912 2861.2474751
2913 2913 4.31068486112e-05
2914 2914 1938.42949909
2915 2915 4018.88818637
2916 2916 4583.14740047
2917 2917 7.94458043532e-06
2918 2918 6.09606051308e-06
2919 2919 5427.54398068
2920 2920 5.91010529151e-05
2921 2921 2.97576745032e-05
2922 2922 5.2873223493e-05
2923 2923 4.49429366666e-05
2924 2924 3.67519191047e-05
2925 2925 5.88909945523e-05
2926 2926 3738.77740938
2927 2927 3.97075930824e-06
2928 2928 2.11459812708e-05
2929 2929 9.24868530813e-05
2930 2930 8.09602767263e-05
2931 2931 3.88508158521e-05
2932 2932 7.44303570564e-05
2933 2933 7.20793409008e-05
2934 2934 8.72818486061e-05
2935 2935 5270.83015145
2936 2936 8.11261616395e-05
2937 2937 1.35071698042e-05
2938 2938 1.87190854812e-05
2939 2939 5.60541762886e-05
2940 2940 2721.91057904
2941 2941 3494.79037408
2942 2942 7.20775511684e-05
2943 2943 2.95270848943e-05
2944 2944 3.90586940579e-06
2945 2945 6.51910344977e-05
2946 2946 2.56426915412e-05
2947 2947 3.72037117566e-06
2948 2948 4.42273839035e-05
2949 2949 3.83353305722e-05
2950 2950 1.23689361535e-05
2951 2951 5.64151069696e-05
2952 2952 8.43102586384e-05
2953 2953 7.7870972286e-05
2954 2954 3797.27898378
2955 2955 1.91641578136e-05
2956 2956 3.22916598528e-05
2957 2957 4.56696623532e-05
2958 2958 6.21293286536e-05
2959 2959 5.89966588314e-05
2960 2960 42.4720071032
2961 2961 3144.29313193
2962 2962 9.92839271526e-06
2963 2963 6.25191517084e-05
2964 2964 7.56150556588e-06
2965 2965 5.72018362734e-05
2966 2966 4693.95646017
2967 2967 4.36903925659e-05
2968 2968 7.69263830949e-05
2969 2969 5191.16371156
2970 2970 8.15425407542e-05
2971 2971 568.217811441
2972 2972 1085.99168004
2973 2973 9.64472646532e-05
2974 2974 8.07072291901e-05
2975 2975 1.40906481761e-07
2976 2976 7.20662400217e-05
2977 2977 2781.71205165
2978 2978 4.93472113527e-05
2979 2979 1351.70257592
2980 2980 3.24257492523e-05
2981 2981 9.72289535269e-05
2982 2982 4331.0028588
2983 2983 1.79927392178e-05
2984 2984 7.08202189622e-06
2985 2985 6.02832830304e-05
2986 2986 2.26769445314e-06
2987 2987 7.31791676496e-05
2988 2988 5.05858467741e-05
2989 2989 9.07235871604e-05
2990 2990 1.12539669338e-05
2991 2991 2.95358476562e-05
2992 2992 2.36227510366e-05
2993 2993 8.06037930164e-05
2994 2994 7.53328746082e-05
2995 2995 5614.20248154
2996 2996 4.87852690103e-05
2997 2997 9.56453537169e-05
2998 2998 4.38976574494e-05
2999 2999 1.57352783863e-05
3000 3000 1929.47413472
3001 3001 2.94938877292e-06
3002 3002 2243.94105395
3003 3003 1.23992681716e-05
3004 3004 480.5808194
3005 3005 1.79689039306e-06
3006 3006 4.66840098469e-06
3007 3007 9.37786948023e-05
3008 3008 4.77196086187e-05
3009 3009 9.5605130629e-05
3010 3010 8.89245555094e-06
3011 3011 5230.03954304
3012 3012 5.91955878947e-05
3013 3013 7.84069008336e-05
3014 3014 2565.28286933
3015 3015 3172.70969211
3016 3016 2.30903691104e-07
3017 3017 1.73276219944e-05
3018 3018 9.40556525441e-05
3019 3019 1.47022861881e-05
3020 3020 1.02373416992e-05
3021 3021 2.22369597791e-05
3022 3022 5.93192512686e-05
3023 3023 4.1484292533e-05
3024 3024 1.82435068236e-05
3025 3025 6.18512106254e-05
3026 3026 6.06646093334e-05
3027 3027 9.72650577643e-06
3028 3028 1.74876206346e-05
3029 3029 2.53431528389e-05
3030 3030 7.03510988721e-05
3031 3031 7.91138408199e-05
3032 3032 1.24168784571e-06
3033 3033 7.24534312939e-05
3034 3034 2.58815136509e-05
3035 3035 8.6286105736e-05
3036 3036 9.57713069832e-05
3037 3037 4.22201092664e-05
3038 3038 5571.13795367
3039 3039 2.09291137916e-05
3040 3040 593.765484059
3041 3041 2899.46256278
3042 3042 2300.8070172
3043 3043 9.18690946314e-05
3044 3044 5.84525144909e-07
3045 3045 1.2752251127e-05
3046 3046 4.74010777295e-05
3047 3047 2.82118384779e-05
3048 3048 3.94586295365e-05
3049 3049 9.03511300116e-05
3050 3050 3929.63723546
3051 3051 5.04553156361e-05
3052 3052 3.80002334182e-05
3053 3053 7.97396690551e-06
3054 3054 2.71858761004e-05
3055 3055 8.24337179445e-06
3056 3056 3.95398018079e-05
3057 3057 4631.63830897
3058 3058 4321.54635492
3059 3059 8.94592440195e-05
3060 3060 7.77029162736e-05
3061 3061 2.32567679584e-05
3062 3062 3.13665482254e-05
3063 3063 1432.14992611
3064 3064 5.54233879397e-05
3065 3065 5.7452897144e-05
3066 3066 9.36317115369e-05
3067 3067 6.52609599968e-05
3068 3068 7.78006829698e-05
3069 3069 8.00866367492e-05
3070 3070 4.84499424834e-05
3071 3071 1.20013266191e-05
3072 3072 7.69268356961e-05
3073 3073 3.68922455046e-05
3074 3074 2452.46157438
3075 3075 3.82272678763e-05
3076 3076 6.28493136249e-05
3077 3077 9.52496985723e-05
3078 3078 942.610894927
3079 3079 4.19539468386e-05
