1 1 124.712849079
2 2 68.8471921212
3 3 25.0511237491
4 4 138.207621692
5 5 433.220290937
6 6 444.971948553
7 7 445.210314081
8 8 0.00216624096029
9 9 371.003520694
10 10 104.102806162
11 11 0.00952058022967
12 12 0.0078350376916
13 13 473.049529473
14 14 0.00990326026115
15 15 69.6246487293
16 16 205.207252611
17 17 243.274887193
18 18 91.0062734423
19 19 0.00264722752421
20 20 235.797231564
21 21 0.00553683401973
22 22 96.293252038
23 23 0.00868455616618
24 24 475.362267765
25 25 281.455998865
26 26 0.00441218564534
27 27 290.919476522
28 28 429.651212906
29 29 0.00381324642726
30 30 363.994672205
31 31 291.537041829
32 32 0.00112934804039
33 33 580.306952576
34 34 369.878568627
35 35 298.469824631
36 36 336.990230692
37 37 222.050625621
38 38 0.000231030497404
39 39 623.064541837
40 40 0.00111338677122
41 41 65.9517749663
42 42 425.504421825
43 43 498.654529509
44 44 359.76448798
45 45 311.353383126
46 46 0.000728181986157
47 47 559.982782707
48 48 346.547732736
49 49 560.748158125
50 50 76.8247146007
51 51 366.752606378
52 52 0.00362416851446
53 53 386.81893333
54 54 0.00129829765226
55 55 615.523250332
56 56 348.361987649
57 57 571.247545558
58 58 125.920956993
59 59 225.344713561
60 60 129.454242473
61 61 269.206740577
62 62 443.464272349
63 63 0.00799670975891
64 64 0.0064066052022
65 65 0.00893610006151
66 66 0.00756428201687
67 67 0.00039595137163
68 68 128.292677742
69 69 191.330599098
70 70 0.00653182258399
71 71 0.0013307393503
72 72 172.626927788
73 73 570.49587049
74 74 609.260523626
75 75 0.00737258348538
76 76 0.000421769809221
77 77 0.00478723988218
78 78 146.268860428
79 79 0.00250779056859
80 80 172.658776178
81 81 0.000182181276117
82 82 34.1830522713
83 83 23.9928365108
84 84 492.55897626
85 85 218.45621752
86 86 0.00529994550907
87 87 213.136110091
88 88 423.992362853
89 89 249.040611174
90 90 7.07683137545
91 91 33.4109918163
92 92 318.546013395
93 93 345.369610201
94 94 59.1270107452
95 95 517.538345126
96 96 0.00531543362977
97 97 183.978320304
98 98 267.461856031
99 99 134.882803956
100 100 52.8582999906
101 101 353.565550291
102 102 20.2441908021
103 103 440.662409661
104 104 482.26121236
105 105 484.193160994
106 106 193.667100824
107 107 315.398029791
108 108 114.057795736
109 109 0.00504420639612
110 110 74.825786428
111 111 95.6900076626
112 112 17.3306583232
113 113 228.315914276
114 114 0.00201647116438
115 115 543.376896076
116 116 0.00941286285971
117 117 0.00853693246255
118 118 333.759871915
119 119 0.00849839808443
120 120 383.92117159
121 121 583.654582326
122 122 0.000720836868782
123 123 0.00765352869999
124 124 0.00886196234792
125 125 553.362913678
126 126 321.828874952
127 127 589.101925634
128 128 502.985154426
129 129 282.758956744
130 130 294.924610747
131 131 446.636718009
132 132 0.0064412727417
133 133 11.0802377145
134 134 62.0071588443
135 135 0.00736458091823
136 136 607.072013143
137 137 255.191872164
138 138 0.00855245191015
139 139 0.00352702812794
140 140 502.99415137
141 141 148.484518879
142 142 57.2152007867
143 143 0.00823355098401
144 144 186.479199078
145 145 0.00723592254004
146 146 0.00825317571625
147 147 0.00141151921572
148 148 0.00782225164663
149 149 58.4777614507
150 150 380.703626937
151 151 296.227383977
152 152 501.899185922
153 153 430.674396912
154 154 223.96884227
155 155 133.387404549
156 156 0.0057229029268
157 157 0.00287139062291
158 158 0.00987724800345
159 159 0.00420720959403
160 160 0.00121665962102
161 161 444.141396926
162 162 262.380570632
163 163 0.00727534128739
164 164 436.261206398
165 165 481.771881853
166 166 31.1622167548
167 167 0.00833673994538
168 168 32.5271589574
169 169 585.543373656
170 170 0.00243423945479
171 171 330.055649857
172 172 364.973340104
173 173 0.00467367847727
174 174 82.8650945171
175 175 0.00214239747186
176 176 0.00316026796077
177 177 490.141804793
178 178 0.00656458674276
179 179 0.00206480478675
180 180 42.9807724983
181 181 0.00879123786422
182 182 206.944697588
183 183 0.00792097438101
184 184 192.284555264
185 185 255.792546469
186 186 522.020241488
187 187 24.8064501928
188 188 539.250860179
189 189 0.00238791968534
190 190 0.000855195915897
191 191 475.503344935
192 192 0.00934349148102
193 193 436.054270352
194 194 573.294555798
195 195 184.646500889
196 196 333.467563505
197 197 454.048284069
198 198 491.791955843
199 199 623.613390164
200 200 615.574906485
201 201 287.775819257
202 202 591.857299782
203 203 293.104942829
204 204 102.476792328
205 205 497.995642166
206 206 308.85183293
207 207 0.00305081274393
208 208 579.684425511
209 209 348.927829916
210 210 529.293100239
211 211 55.8148818601
212 212 0.0051662042635
213 213 0.00958875762098
214 214 236.033564126
215 215 215.450661197
216 216 378.509755701
217 217 0.00728140102635
218 218 471.488734229
219 219 164.790266757
220 220 19.921870844
221 221 441.049575695
222 222 47.2660074386
223 223 171.523697685
224 224 569.889581237
225 225 452.60609201
226 226 378.6633017
227 227 590.475926345
228 228 94.2102084021
229 229 77.0229205669
230 230 0.00770648027163
231 231 443.057801631
232 232 230.8388657
233 233 45.0114388047
234 234 209.697280733
235 235 548.456476455
236 236 329.344972248
237 237 313.222017227
238 238 113.523818087
239 239 135.200555594
240 240 0.00977618148781
241 241 486.455602918
242 242 492.235952784
243 243 0.00253330710921
244 244 587.655154079
245 245 0.00782684386233
246 246 211.947180737
247 247 441.901220237
248 248 111.869399644
249 249 0.00705479670341
250 250 110.41489873
251 251 0.00742448646038
252 252 0.00404718597341
253 253 40.508492993
254 254 227.420760147
255 255 0.00552269831375
256 256 4.64669494641
257 257 58.5592006805
258 258 0.00755884136257
259 259 9.68670256971e-05
260 260 0.00476183759358
261 261 354.242491832
262 262 572.64617925
263 263 0.00201024618815
264 264 560.412603667
265 265 276.630154391
266 266 381.833247981
267 267 273.521943596
268 268 0.00941087363574
269 269 0.00852021404673
270 270 415.410626206
271 271 321.002520375
272 272 320.102464358
273 273 0.00016845655735
274 274 194.317642143
275 275 0.00151099821526
276 276 0.00831729205947
277 277 508.19731312
278 278 152.114818543
279 279 368.422393182
280 280 88.9400768686
281 281 542.340781442
282 282 0.00914270162404
283 283 0.00364042341982
284 284 545.231535676
285 285 0.00411326339622
286 286 486.691169103
287 287 494.48941906
288 288 221.20401484
289 289 365.917134371
290 290 506.541774882
291 291 299.823872558
292 292 0.882317173161
293 293 142.023441536
294 294 0.00866333517843
295 295 239.582088302
296 296 509.759569254
297 297 486.586478772
298 298 183.675633857
299 299 24.8727968949
300 300 588.999457846
301 301 0.00597860206324
302 302 349.411953115
303 303 497.253255461
304 304 245.340581092
305 305 164.562449274
306 306 37.6386581307
307 307 387.410545405
308 308 411.055820238
309 309 505.216850971
310 310 0.0077572327333
311 311 437.075261044
312 312 0.000710087719924
313 313 25.7109981551
314 314 0.00712072420577
315 315 312.762651918
316 316 233.501044627
317 317 255.749761574
318 318 0.00880937013565
319 319 0.00242344320005
320 320 588.646860916
321 321 18.2214087234
322 322 0.000683325314879
323 323 0.00177226152277
324 324 611.955456839
325 325 71.9544554376
326 326 0.000851569600015
327 327 133.168949282
328 328 253.15305128
329 329 134.573650304
330 330 181.713979658
331 331 119.12620891
332 332 0.0068955371925
333 333 129.050077992
334 334 489.328174458
335 335 369.661625204
336 336 506.38071306
337 337 231.191901775
338 338 0.00219403580634
339 339 0.00581643370238
340 340 0.00739342374172
341 341 265.687203447
342 342 429.356577026
343 343 0.0021578123058
344 344 0.00162161315356
345 345 120.634966115
346 346 562.226699553
347 347 0.0049587277726
348 348 324.599389992
349 349 205.726059962
350 350 0.00348304738305
351 351 0.00578295454924
352 352 0.00673225172478
353 353 32.3404865832
354 354 152.470844005
355 355 588.053195186
356 356 294.471381101
357 357 557.408648445
358 358 568.325152848
359 359 586.410523854
360 360 0.00947822219674
361 361 251.931532532
362 362 0.00688261073553
363 363 278.172809823
364 364 546.536191097
365 365 32.6354781447
366 366 604.414382985
367 367 295.546460854
368 368 527.202078284
369 369 42.9788188194
370 370 0.0095054540789
371 371 611.815767282
372 372 401.535475775
373 373 489.38783406
374 374 0.00395988118845
375 375 160.895265718
376 376 11.276559808
377 377 362.929430306
378 378 281.910528331
379 379 45.8529802229
380 380 2.27406176948
381 381 318.167705193
382 382 449.505116964
383 383 0.00927522034517
384 384 0.00818059121833
385 385 0.00212132394151
386 386 522.331404389
387 387 514.810248417
388 388 141.12632502
389 389 0.00323655587951
390 390 213.586086518
391 391 0.000589510267405
392 392 0.000443597770902
393 393 0.00167974284643
394 394 236.348164032
395 395 307.650145989
396 396 432.349310321
397 397 0.000348902678499
398 398 0.000443368212379
399 399 258.17967931
400 400 260.771803966
401 401 473.479912656
402 402 478.515168845
403 403 42.6029801886
404 404 34.7032769474
405 405 579.579593988
406 406 140.494514578
407 407 0.00492856959253
408 408 0.00795881927441
409 409 175.864529521
410 410 301.591431309
411 411 597.151180389
412 412 389.479926794
413 413 259.13206162
414 414 0.00960138733822
415 415 0.00555824608022
416 416 256.05971868
417 417 436.045222913
418 418 227.370603387
419 419 431.916330197
420 420 506.695009059
421 421 128.701782521
422 422 410.848440463
423 423 127.477062848
424 424 324.912819076
425 425 0.00793200489981
426 426 302.28173509
427 427 331.955314047
428 428 353.679640799
429 429 561.89890742
430 430 574.551766313
431 431 0.00789064342293
432 432 323.85744028
433 433 215.330872112
434 434 553.031148923
435 435 557.765559671
436 436 107.559283282
437 437 0.00471632070281
438 438 395.52570698
439 439 0.00856314324511
440 440 599.63724815
441 441 432.827639404
442 442 41.8001124761
443 443 619.100103994
444 444 523.979372398
445 445 481.855780168
446 446 130.823062035
447 447 265.684816671
448 448 203.963626899
449 449 0.00639064244006
450 450 170.210904933
451 451 556.761657382
452 452 251.294205535
453 453 549.954985334
454 454 231.441586954
455 455 0.0011672125937
456 456 463.471059481
457 457 161.766422881
458 458 486.294400112
459 459 0.00404050462175
460 460 15.765247474
461 461 524.425436966
462 462 607.528448341
463 463 0.00769317698966
464 464 477.159015626
465 465 0.0094804401755
466 466 0.00900338010147
467 467 275.402514995
468 468 247.931909919
469 469 0.00400535817167
470 470 0.00727112691483
471 471 291.976780894
472 472 247.573144139
473 473 565.506966159
474 474 556.038801235
475 475 65.4044488106
476 476 202.814249661
477 477 534.204316532
478 478 504.457849007
479 479 0.0019103348626
480 480 213.364032955
481 481 0.000511384833911
482 482 0.00772229800008
483 483 194.798442462
484 484 228.068958222
485 485 444.716312815
486 486 0.00492552075256
487 487 565.735284795
488 488 523.232006534
489 489 0.00781976216496
490 490 102.887765723
491 491 89.2861851326
492 492 38.4994304765
493 493 481.675452038
494 494 0.00205598854411
495 495 0.00878254184802
496 496 0.00648450306307
497 497 548.215198337
498 498 303.951905247
499 499 229.362902044
500 500 425.253262553
501 501 376.266848893
502 502 620.507935587
503 503 29.7345983791
504 504 0.00163816455964
505 505 37.4075676766
506 506 209.809830162
507 507 0.00875869155116
508 508 155.537004055
509 509 458.400790812
510 510 406.406953608
511 511 0.00831923469487
512 512 542.648316196
513 513 307.954925165
514 514 323.949749783
515 515 395.059068466
516 516 39.0193856149
517 517 0.00357569079408
518 518 438.565837815
519 519 536.445092851
520 520 514.375056636
521 521 479.48744728
522 522 542.059129108
523 523 38.5924877756
524 524 484.993881573
525 525 88.3955371693
526 526 374.924820131
527 527 319.260610549
528 528 35.5602803551
529 529 477.903379403
530 530 303.144393482
531 531 525.705428898
532 532 403.192550149
533 533 0.00844101644524
534 534 0.0093904748241
535 535 563.859556778
536 536 202.971170117
537 537 0.00709976982394
538 538 0.00468940696105
539 539 147.967923663
540 540 0.00296235593636
541 541 393.438026998
542 542 0.00187411524238
543 543 128.250628533
544 544 270.335631777
545 545 493.912531268
546 546 0.00519818449377
547 547 386.214717371
548 548 319.8825135
549 549 368.787791559
550 550 0.000246170323062
551 551 600.18620827
552 552 323.976555563
553 553 527.425937037
554 554 540.69620776
555 555 377.409073588
556 556 0.00483901017973
557 557 590.867221257
558 558 269.488560756
559 559 582.062366608
560 560 98.1970479957
561 561 590.307670505
562 562 152.524492502
563 563 39.6781850726
564 564 0.000495416384824
565 565 557.114890329
566 566 321.887631911
567 567 336.773953293
568 568 169.97972482
569 569 121.904177011
570 570 180.343964382
571 571 195.465421865
572 572 242.243302488
573 573 278.905387545
574 574 62.8528110972
575 575 291.791871284
576 576 264.62034294
577 577 416.767548239
578 578 0.00230351290417
579 579 0.00625217818689
580 580 595.912118861
581 581 357.604301229
582 582 65.1976277505
583 583 481.309214966
584 584 454.451576729
585 585 13.8808921128
586 586 451.304544739
587 587 493.462842397
588 588 582.738303572
589 589 415.16076611
590 590 36.617296091
591 591 192.981786796
592 592 490.462078832
593 593 403.840961542
594 594 0.00809518991148
595 595 528.602690138
596 596 279.533342855
597 597 0.00295926334228
598 598 466.409480466
599 599 16.774071504
600 600 625.920624364
601 601 0.00878787651488
602 602 376.228619716
603 603 0.0015674017518
604 604 565.265984342
605 605 0.00656947045852
606 606 592.496266113
607 607 378.33361162
608 608 362.056428461
609 609 546.871126459
610 610 0.00815415442917
611 611 317.413136831
612 612 101.561391915
613 613 368.560587391
614 614 0.00768105334054
615 615 0.00207867629953
616 616 0.00610689941129
617 617 276.492033898
618 618 0.000188609529541
619 619 579.040523764
620 620 244.702710832
621 621 521.628220032
622 622 113.941001765
623 623 352.337428139
624 624 81.3295786762
625 625 37.1008917164
626 626 499.411575965
627 627 0.00272345310347
628 628 31.0883654682
629 629 0.00366609904556
630 630 437.068082554
631 631 0.0041931519715
632 632 140.421268186
633 633 113.676565132
634 634 254.851929921
635 635 0.00572794047354
636 636 283.165085102
637 637 141.04074004
638 638 403.020159057
639 639 107.458326151
640 640 70.8734086664
641 641 128.357364513
642 642 571.266814631
643 643 586.210027524
644 644 362.716494543
645 645 0.00960150040496
646 646 0.00463490125734
647 647 267.41023735
648 648 313.808505376
649 649 0.00519981588663
650 650 294.053450145
651 651 531.89501741
652 652 87.2610647459
653 653 50.790319215
654 654 193.745970579
655 655 47.978433723
656 656 572.857557016
657 657 96.2803030303
658 658 0.00120799274271
659 659 259.962105419
660 660 605.529037116
661 661 524.522487377
662 662 0.000586179352599
663 663 0.00956331263201
664 664 0.00810676960961
665 665 610.825210151
666 666 98.718025265
667 667 469.067817722
668 668 91.8130395993
669 669 197.325309939
670 670 393.888679502
671 671 314.182945123
672 672 0.00374477048872
673 673 85.6643429706
674 674 576.605765109
675 675 235.140166944
676 676 477.546847123
677 677 332.624280898
678 678 0.00765726992736
679 679 0.00185684635065
680 680 196.840310156
681 681 161.224199592
682 682 503.895342934
683 683 432.918288355
684 684 182.956110637
685 685 0.00123011955706
686 686 0.00509901940745
687 687 389.298069188
688 688 65.905852717
689 689 174.508437095
690 690 294.720651254
691 691 542.493116561
692 692 297.275045766
693 693 9.42092293065
694 694 0.00945482695692
695 695 308.447521024
696 696 562.306104948
697 697 0.0038551540577
698 698 0.00328787509055
699 699 214.866079367
700 700 358.35462539
701 701 295.106310783
702 702 602.736992295
703 703 606.324996133
704 704 492.040341818
705 705 442.248791179
706 706 0.00322754019528
707 707 360.693754331
708 708 508.91666646
709 709 175.290642682
710 710 596.917267649
711 711 219.944212729
712 712 526.772412882
713 713 0.00820935822637
714 714 0.00805291555561
715 715 258.56036513
716 716 516.221389272
717 717 11.8576154305
718 718 195.102573014
719 719 0.00221887110117
720 720 468.251531895
721 721 0.00952536392165
722 722 230.815518974
723 723 403.077527643
724 724 181.134244905
725 725 0.00805885153169
726 726 0.00454888793504
727 727 0.000403345757389
728 728 230.888706652
729 729 0.000655747076825
730 730 15.6050026773
731 731 253.174780988
732 732 0.00295222702798
733 733 177.979034392
734 734 0.00644322288697
735 735 458.173955166
736 736 515.394287033
737 737 270.008054665
738 738 0.00866420828995
739 739 180.82355225
740 740 326.194497791
741 741 0.00624614030699
742 742 514.899759187
743 743 0.00702806300197
744 744 0.00561110237127
745 745 608.601167902
746 746 135.091658663
747 747 108.713850765
748 748 67.5824976369
749 749 470.036684164
750 750 0.000164320610264
751 751 203.119350458
752 752 367.729716934
753 753 6.78806848167
754 754 0.0011259412449
755 755 0.00094746475244
756 756 90.0772420146
757 757 226.70042017
758 758 356.197267255
759 759 191.928128781
760 760 166.599107287
761 761 310.07372668
762 762 158.01177377
763 763 0.00916488939563
764 764 422.562657934
765 765 437.200382285
766 766 593.623152458
767 767 125.313476868
768 768 368.493346423
769 769 165.900439017
770 770 0.0047948569966
771 771 232.330182356
772 772 485.178381959
773 773 0.000866802371803
774 774 248.722021267
775 775 563.908845298
776 776 430.133284241
777 777 282.563854256
778 778 365.693561577
779 779 145.539401835
780 780 0.00506519699693
781 781 200.043988702
782 782 549.221521593
783 783 260.662302775
784 784 124.095730726
785 785 285.874041137
786 786 297.517649421
787 787 318.753987751
788 788 0.0066882662313
789 789 280.862854203
790 790 0.00619022819633
791 791 50.1934356473
792 792 624.774477178
793 793 474.933956032
794 794 574.543925208
795 795 178.954279705
796 796 0.00490841803892
797 797 582.316398967
798 798 12.7053720779
799 799 341.923597762
800 800 528.719386577
801 801 452.93448659
802 802 551.098755481
803 803 412.95460916
804 804 23.0994842825
805 805 325.879767255
806 806 77.8632340673
807 807 329.729860562
808 808 296.100963946
809 809 185.565679
810 810 0.00546404203053
811 811 606.039323622
812 812 0.00223522893973
813 813 612.491961427
814 814 448.793020145
815 815 0.0011165424171
816 816 343.860758843
817 817 542.976437594
818 818 339.60524375
819 819 257.11518867
820 820 69.0865976331
821 821 467.799038946
822 822 353.785702078
823 823 0.00999232826902
824 824 31.3600559008
825 825 0.00884001213186
826 826 518.153849925
827 827 148.414190681
828 828 32.5957246625
829 829 442.36311623
830 830 258.137621841
831 831 0.000696295355715
832 832 0.00543458661756
833 833 241.452883403
834 834 0.00156462398161
835 835 0.00396985446971
836 836 0.00150562145609
837 837 65.1844112592
838 838 0.00591615119332
839 839 604.037228421
840 840 0.00711657974259
841 841 27.4548797356
842 842 10.1446335439
843 843 239.672931833
844 844 0.00864010158251
845 845 0.00836970473977
846 846 568.647536058
847 847 0.00644243869369
848 848 215.587717264
849 849 182.981433699
850 850 204.412202871
851 851 165.927087642
852 852 556.682198196
853 853 460.578723815
854 854 0.00193831722564
855 855 308.722428046
856 856 400.222698302
857 857 602.23312986
858 858 0.00896580265144
859 859 419.294205473
860 860 0.00436020103444
861 861 0.00974259582707
862 862 554.845268625
863 863 285.727020571
864 864 0.00267476137313
865 865 343.228343299
866 866 82.1344346163
867 867 34.4384744767
868 868 0.00466219936232
869 869 0.00266784494833
870 870 528.000506268
871 871 271.358317935
872 872 362.682252102
873 873 311.959514098
874 874 186.310182519
875 875 214.636682295
876 876 485.500086016
877 877 170.744281875
878 878 167.394525684
879 879 516.664977539
880 880 523.373229525
881 881 128.630141946
882 882 111.60406531
883 883 590.630542825
884 884 507.013796423
885 885 319.29110786
886 886 67.2602045136
887 887 547.835708745
888 888 532.171363516
889 889 0.00554034951428
890 890 262.585253222
891 891 403.816857464
892 892 523.374211639
893 893 0.00520157519067
894 894 0.00552078610182
895 895 609.506775247
896 896 175.336391509
897 897 104.435283816
898 898 114.898516677
899 899 603.678682493
900 900 581.388240128
901 901 243.733925564
902 902 496.598935234
903 903 587.509131848
904 904 0.00472557946114
905 905 294.211370868
906 906 46.9456259469
907 907 514.266087094
908 908 334.631591064
909 909 0.00835081446421
910 910 0.00828203198138
911 911 346.25789469
912 912 546.768452693
913 913 303.626225161
914 914 218.537304056
915 915 262.974249772
916 916 299.900887035
917 917 309.629106813
918 918 215.54504007
919 919 372.073629881
920 920 577.319304581
921 921 0.00801779890006
922 922 400.571581646
923 923 0.00658703090178
924 924 0.0027921830789
925 925 195.165474588
926 926 26.9358661948
927 927 0.0035229682647
928 928 4.68792639321
929 929 5.44544337252e-05
930 930 526.754942474
931 931 348.710817118
932 932 480.76733988
933 933 442.274574548
934 934 58.9048819074
935 935 263.075768877
936 936 193.778032342
937 937 294.641491029
938 938 189.090250953
939 939 503.230165505
940 940 0.00771059361028
941 941 0.00888340797656
942 942 7.56125237189e-05
943 943 220.740682608
944 944 81.2367826402
945 945 167.310399779
946 946 442.418704601
947 947 0.00763576783831
948 948 607.26273794
949 949 0.00424656614595
950 950 26.7944631844
951 951 333.145370174
952 952 0.00589666776127
953 953 0.00292247159991
954 954 108.892613543
955 955 221.661183705
956 956 196.327070386
957 957 298.986882088
958 958 621.642395606
959 959 0.0042887060054
960 960 596.73862451
961 961 60.4370702315
962 962 186.157000666
963 963 281.565381322
964 964 0.00367446147407
965 965 49.8846510595
966 966 412.830651981
967 967 587.249303405
968 968 275.159215752
969 969 579.416902293
970 970 101.486625009
971 971 567.589100078
972 972 55.5726388325
973 973 0.00818935407796
974 974 413.629759039
975 975 0.00211236450238
976 976 555.701122361
977 977 427.519442522
978 978 0.00852324234084
979 979 70.1686713198
980 980 0.00677575609127
981 981 452.442071911
982 982 23.5355931413
983 983 0.00164446113096
984 984 290.052532397
985 985 595.496535901
986 986 54.524917154
987 987 346.810743447
988 988 174.701210853
989 989 561.952294777
990 990 0.00755810032685
991 991 407.28067419
992 992 395.723860791
993 993 60.9149776237
994 994 44.1433807025
995 995 0.00956594840684
996 996 71.3774422795
997 997 370.391729335
998 998 116.871395821
999 999 84.4136285674
1000 1000 405.974919277
1001 1001 0.00344427862352
1002 1002 521.345830737
1003 1003 168.745169025
1004 1004 0.00949777295047
1005 1005 0.00360592311673
1006 1006 101.380852804
1007 1007 601.10075817
1008 1008 507.11925618
1009 1009 391.592093281
1010 1010 286.273723451
1011 1011 620.760003433
1012 1012 0.00121770811632
1013 1013 460.065823504
1014 1014 0.00130813668836
1015 1015 207.731667573
1016 1016 0.000908313088634
1017 1017 623.713340442
1018 1018 263.939227888
1019 1019 0.00783022671615
1020 1020 0.00862530435092
1021 1021 507.456340459
1022 1022 538.62646653
1023 1023 0.00179204762708
1024 1024 89.9222380025
1025 1025 402.129593742
1026 1026 251.552602692
1027 1027 296.874215168
1028 1028 267.598354936
1029 1029 148.805281519
1030 1030 486.746625498
1031 1031 370.67541127
1032 1032 324.092348526
1033 1033 0.00838677435117
1034 1034 429.814380847
1035 1035 245.241712476
1036 1036 0.000969893186989
1037 1037 0.00776220361747
1038 1038 251.565287363
1039 1039 313.109211134
1040 1040 447.809936365
1041 1041 2.82134991988
1042 1042 242.010833688
1043 1043 166.507937839
1044 1044 0.00938110056869
1045 1045 371.411012076
1046 1046 86.524989203
1047 1047 234.076198616
1048 1048 233.520971399
1049 1049 468.584698928
1050 1050 0.000706132658413
1051 1051 0.0075356838318
1052 1052 132.633787639
1053 1053 201.589604839
1054 1054 611.308125849
1055 1055 556.94846926
1056 1056 0.00402342819465
1057 1057 0.00439503996126
1058 1058 527.190734902
1059 1059 0.00650344140028
1060 1060 274.860189947
1061 1061 22.0144563889
1062 1062 272.047932171
1063 1063 204.095395532
1064 1064 391.104831659
1065 1065 445.60688171
1066 1066 147.734009763
1067 1067 320.568227216
1068 1068 385.496045067
1069 1069 241.699324212
1070 1070 298.150213347
1071 1071 22.5410497008
1072 1072 57.2881957949
1073 1073 0.00786019798867
1074 1074 0.00869126895797
1075 1075 593.490040663
1076 1076 293.802262047
1077 1077 348.328649395
1078 1078 402.769000665
1079 1079 0.00068723047863
1080 1080 373.524244655
1081 1081 303.041240704
1082 1082 31.0559436889
1083 1083 37.7060129888
1084 1084 0.00186583538846
1085 1085 0.00224901067189
1086 1086 293.765399526
1087 1087 418.683771864
1088 1088 303.004178306
1089 1089 326.916283711
1090 1090 227.245644282
1091 1091 94.648789196
1092 1092 355.726495046
1093 1093 62.6072436405
1094 1094 534.001327589
1095 1095 527.978682062
1096 1096 49.9858457917
1097 1097 34.079090516
1098 1098 345.394160003
1099 1099 162.700377972
1100 1100 0.00612771241162
1101 1101 166.211570444
1102 1102 498.071723918
1103 1103 0.00564584051999
1104 1104 401.325692493
1105 1105 0.00842318144783
1106 1106 596.808968559
1107 1107 270.47041287
1108 1108 472.723643674
1109 1109 0.00781005279869
1110 1110 0.00899783214898
1111 1111 52.127934612
1112 1112 429.018078962
1113 1113 135.176232367
1114 1114 173.972775568
1115 1115 84.2216647059
1116 1116 0.00332745665038
1117 1117 337.43779474
1118 1118 48.522930315
1119 1119 0.00426688732881
1120 1120 83.547188124
1121 1121 606.339642897
1122 1122 36.4785368054
1123 1123 449.99075091
1124 1124 305.578256171
1125 1125 68.419129878
1126 1126 195.852269445
1127 1127 542.529735405
1128 1128 0.00716737512973
1129 1129 308.278188131
1130 1130 511.964873424
1131 1131 0.0038001574469
1132 1132 0.00199279212021
1133 1133 15.8270219344
1134 1134 0.00194067496504
1135 1135 0.00743103986778
1136 1136 342.484657386
1137 1137 84.797183037
1138 1138 132.263023778
1139 1139 279.255903838
1140 1140 550.162489046
1141 1141 467.768071598
1142 1142 296.925548365
1143 1143 0.000482834130124
1144 1144 0.00441848999108
1145 1145 6.71032278806
1146 1146 31.5944690323
1147 1147 441.397946432
1148 1148 515.230839413
1149 1149 0.00140015535401
1150 1150 424.231496962
1151 1151 0.00715081436685
1152 1152 358.192680116
1153 1153 572.899528556
1154 1154 324.674706407
1155 1155 389.145270123
1156 1156 281.006978352
1157 1157 28.66824704
1158 1158 612.77380201
1159 1159 0.00104182558484
1160 1160 0.00815606384062
1161 1161 429.429909675
1162 1162 431.936718873
1163 1163 381.688521274
1164 1164 9.73474036793
1165 1165 0.00436162865259
1166 1166 71.6418413455
1167 1167 262.766604849
1168 1168 178.019549449
1169 1169 0.21293750364
1170 1170 488.597134564
1171 1171 101.726654871
1172 1172 0.00940225982646
1173 1173 334.504049996
1174 1174 42.2739134204
1175 1175 608.352063564
1176 1176 620.600486212
1177 1177 0.000620096002764
1178 1178 275.827991505
1179 1179 108.638098246
1180 1180 316.032367311
1181 1181 312.421100735
1182 1182 0.00795325641011
1183 1183 0.00457098638792
1184 1184 105.989344616
1185 1185 10.5208250471
1186 1186 238.882962638
1187 1187 0.00756871671027
1188 1188 63.3250236696
1189 1189 556.166906247
1190 1190 371.122235297
1191 1191 0.00273747252288
1192 1192 578.864903567
1193 1193 115.619897101
1194 1194 148.040943233
1195 1195 610.229535528
1196 1196 148.255398828
1197 1197 272.813564795
1198 1198 12.8882424457
1199 1199 580.248399691
1200 1200 461.86668601
1201 1201 612.307647694
1202 1202 0.00998976664459
1203 1203 96.5299474921
1204 1204 326.020991083
1205 1205 126.938681924
1206 1206 85.9952983165
1207 1207 623.613749856
1208 1208 229.82952935
1209 1209 0.00340344614248
1210 1210 260.038768313
1211 1211 0.00925754867857
1212 1212 232.70897044
1213 1213 0.00955994238281
1214 1214 201.095204558
1215 1215 0.00927892580078
1216 1216 329.907243057
1217 1217 23.3460228327
1218 1218 0.00654930988697
1219 1219 252.160824742
1220 1220 289.992755364
1221 1221 512.299457149
1222 1222 19.9226959822
1223 1223 375.480043328
1224 1224 144.880087973
1225 1225 0.00850529459878
1226 1226 0.790385592715
1227 1227 0.00314194647473
1228 1228 386.055572357
1229 1229 364.125321952
1230 1230 479.020245302
1231 1231 77.3257359098
1232 1232 224.579227573
1233 1233 43.0980810323
1234 1234 5.38269659442
1235 1235 271.318073598
1236 1236 0.00494598785047
1237 1237 376.976424329
1238 1238 288.532313739
1239 1239 0.00170556916585
1240 1240 0.00289174145058
1241 1241 414.18763968
1242 1242 588.981762758
1243 1243 610.002330036
1244 1244 296.984536024
1245 1245 398.374822737
1246 1246 612.383590461
1247 1247 456.240797841
1248 1248 37.0053028841
1249 1249 187.580495494
1250 1250 305.847387176
1251 1251 0.00766509214527
1252 1252 382.295522383
1253 1253 98.7541116437
1254 1254 246.78737021
1255 1255 0.00962664900795
1256 1256 203.321765837
1257 1257 443.686512716
1258 1258 332.030113994
1259 1259 599.47378661
1260 1260 166.94155258
1261 1261 572.207064241
1262 1262 211.086440869
1263 1263 246.104893054
1264 1264 592.9994895
1265 1265 388.900524099
1266 1266 432.936251898
1267 1267 237.167928701
1268 1268 270.906985587
1269 1269 407.840415965
1270 1270 109.57953493
1271 1271 563.669021559
1272 1272 0.00525469106768
1273 1273 0.00196685567812
1274 1274 436.102387772
1275 1275 0.00571719402028
1276 1276 456.652657762
1277 1277 565.342108528
1278 1278 489.636452914
1279 1279 593.870471913
1280 1280 325.613388179
1281 1281 0.00395314043666
1282 1282 0.00756825817141
1283 1283 0.00603344806763
1284 1284 0.00867630724284
1285 1285 214.7357194
1286 1286 197.654734088
1287 1287 72.1306630017
1288 1288 64.9493407766
1289 1289 229.576186567
1290 1290 552.867404589
1291 1291 451.839944313
1292 1292 375.987969653
1293 1293 214.698069471
1294 1294 0.00274672078347
1295 1295 0.00266478722347
1296 1296 0.00774192431756
1297 1297 103.367242187
1298 1298 142.66086608
1299 1299 427.754349557
1300 1300 253.194545982
1301 1301 596.33546284
1302 1302 570.233901667
1303 1303 170.263414694
1304 1304 15.0122978974
1305 1305 346.850445797
1306 1306 551.528517141
1307 1307 452.764613293
1308 1308 312.866857992
1309 1309 0.0097742828935
1310 1310 167.556450045
1311 1311 0.00200929897764
1312 1312 312.605336636
1313 1313 254.312390293
1314 1314 0.00912798571008
1315 1315 584.898775205
1316 1316 246.706259888
1317 1317 240.125515443
1318 1318 394.574040696
1319 1319 0.00645589003924
1320 1320 623.763079154
1321 1321 575.871974948
1322 1322 319.885164663
1323 1323 559.44989032
1324 1324 0.00874103074624
1325 1325 481.361482742
1326 1326 0.00685262173531
1327 1327 458.942723987
1328 1328 530.315132855
1329 1329 356.438988552
1330 1330 607.120425029
1331 1331 498.312806108
1332 1332 49.8874503646
1333 1333 516.496615029
1334 1334 110.614214856
1335 1335 54.883050682
1336 1336 432.067287117
1337 1337 614.9747117
1338 1338 0.00129165806163
1339 1339 158.205140663
1340 1340 313.512503151
1341 1341 453.738651777
1342 1342 0.00102553136273
1343 1343 0.00583513710721
1344 1344 540.050322697
1345 1345 89.747039575
1346 1346 203.553172586
1347 1347 591.887694167
1348 1348 130.038430342
1349 1349 283.925110982
1350 1350 0.00908569519921
1351 1351 46.0884728931
1352 1352 0.00372539897389
1353 1353 337.710635045
1354 1354 498.610647227
1355 1355 323.531405223
1356 1356 353.033454426
1357 1357 470.666209367
1358 1358 108.38549635
1359 1359 218.0404165
1360 1360 326.061907173
1361 1361 132.611980393
1362 1362 547.6953761
1363 1363 488.106132488
1364 1364 0.00510336426046
1365 1365 618.277910686
1366 1366 228.869403844
1367 1367 563.714828473
1368 1368 0.000548399658347
1369 1369 0.00244712627353
1370 1370 177.560464668
1371 1371 511.913012221
1372 1372 185.160993075
1373 1373 33.3654929705
1374 1374 114.294593514
1375 1375 325.086417227
1376 1376 0.00133109726752
1377 1377 0.00614008250551
1378 1378 265.782985038
1379 1379 0.00508842076253
1380 1380 0.00470260860777
1381 1381 442.326444209
1382 1382 333.591437672
1383 1383 239.341969296
1384 1384 347.861641508
1385 1385 110.036968722
1386 1386 29.5411269592
1387 1387 0.00876826224157
1388 1388 417.014774366
1389 1389 371.718103087
1390 1390 466.29605861
1391 1391 150.525132741
1392 1392 506.971235245
1393 1393 439.26111496
1394 1394 17.1133612077
1395 1395 15.8396287759
1396 1396 0.00561352652932
1397 1397 0.0090567415849
1398 1398 486.756591569
1399 1399 533.60990816
1400 1400 379.956257184
1401 1401 0.00270813607021
1402 1402 497.998611339
1403 1403 0.00602634542847
1404 1404 287.845787083
1405 1405 0.000755949690432
1406 1406 527.849903557
1407 1407 0.000430924622682
1408 1408 239.855288813
1409 1409 163.014622387
1410 1410 352.881034529
1411 1411 68.3158839639
1412 1412 303.295151197
1413 1413 0.00574302042096
1414 1414 101.628795955
1415 1415 137.100201453
1416 1416 570.920678135
1417 1417 341.702821586
1418 1418 515.116240755
1419 1419 300.097963889
1420 1420 0.00875886739317
1421 1421 485.722721305
1422 1422 0.00680619109836
1423 1423 391.464561064
1424 1424 0.00744588502193
1425 1425 216.267288019
1426 1426 78.6482184762
1427 1427 257.32403589
1428 1428 455.478777961
1429 1429 0.00692451682594
1430 1430 174.35610346
1431 1431 122.891684134
1432 1432 248.37173265
1433 1433 541.616346313
1434 1434 220.338401374
1435 1435 375.207276375
1436 1436 621.978401853
1437 1437 483.635653058
1438 1438 288.492983741
1439 1439 0.00168748406947
1440 1440 74.8275450129
1441 1441 341.729281921
1442 1442 53.0629183613
1443 1443 188.156598586
1444 1444 346.777149022
1445 1445 149.306228808
1446 1446 306.982353914
1447 1447 58.6139223482
1448 1448 94.4512056254
1449 1449 421.197217546
1450 1450 616.14485031
1451 1451 431.374914327
1452 1452 0.0021631485505
1453 1453 331.181884394
1454 1454 7.72294826745
1455 1455 511.647753088
1456 1456 0.00147370679401
1457 1457 55.766131337
1458 1458 387.824702871
1459 1459 348.783279259
1460 1460 176.274764063
1461 1461 310.536441254
1462 1462 482.007895899
1463 1463 390.089089055
1464 1464 415.051648365
1465 1465 15.2527227195
1466 1466 152.002557192
1467 1467 28.7950584841
1468 1468 2.54241272948
1469 1469 0.00336634136589
1470 1470 0.00310070366811
1471 1471 0.00803827289547
1472 1472 406.07796704
1473 1473 0.00542681624065
1474 1474 382.051409576
1475 1475 582.444589916
1476 1476 0.000442645652006
1477 1477 570.802286626
1478 1478 213.013236413
1479 1479 209.372244032
1480 1480 0.00399553073542
1481 1481 0.0037359256554
1482 1482 30.7793770509
1483 1483 0.000925732747036
1484 1484 219.223629505
1485 1485 389.05182437
1486 1486 478.574267859
1487 1487 101.125214461
1488 1488 417.787522509
1489 1489 354.337681113
1490 1490 86.2932953225
1491 1491 50.4703008749
1492 1492 530.012025587
1493 1493 155.530730286
1494 1494 0.00938407442201
1495 1495 6.48228874116
1496 1496 404.324673384
1497 1497 0.00891339245118
1498 1498 0.00989580505967
1499 1499 316.420337452
1500 1500 308.486300055
1501 1501 379.656432628
1502 1502 613.054308035
1503 1503 293.18906074
1504 1504 621.54543564
1505 1505 0.0019926000432
1506 1506 121.215712734
1507 1507 492.176594621
1508 1508 14.0451411017
1509 1509 356.046463276
1510 1510 526.887012507
1511 1511 0.00242166512643
1512 1512 0.00124279814143
1513 1513 251.691645738
1514 1514 202.289500321
1515 1515 24.5820384058
1516 1516 605.900768074
1517 1517 0.00795906631013
1518 1518 0.00728755124096
1519 1519 499.830063201
1520 1520 0.00364585293751
1521 1521 181.316352996
1522 1522 135.080578447
1523 1523 329.841680442
1524 1524 618.48042128
1525 1525 0.00193997864959
1526 1526 609.927240534
1527 1527 531.647580937
1528 1528 0.00884202887821
1529 1529 0.00439970252164
1530 1530 0.00034068137205
1531 1531 352.457273558
1532 1532 610.05283022
1533 1533 364.846943803
1534 1534 470.843872996
1535 1535 0.00218510601551
1536 1536 0.002337853477
1537 1537 159.72837819
1538 1538 384.719132426
1539 1539 0.00320033656823
1540 1540 215.055855143
1541 1541 189.825683284
1542 1542 156.943242269
1543 1543 0.000129296079967
1544 1544 321.538675586
1545 1545 42.9782972552
1546 1546 599.297404318
1547 1547 411.975977991
1548 1548 0.00469843361599
1549 1549 14.1340625367
1550 1550 213.685168665
1551 1551 0.000889176080534
1552 1552 269.258116813
1553 1553 0.00494556208429
1554 1554 358.166955089
1555 1555 449.117635907
1556 1556 0.00909534298958
1557 1557 532.519681579
1558 1558 100.527650764
1559 1559 491.515230293
1560 1560 0.00420022664319
1561 1561 0.002108915343
1562 1562 237.600123279
1563 1563 13.3992143904
1564 1564 481.639381345
1565 1565 57.445795925
1566 1566 0.00616238040519
1567 1567 131.626502944
1568 1568 615.170336512
1569 1569 111.135227903
1570 1570 357.881413014
1571 1571 0.00464576471803
1572 1572 365.596545238
1573 1573 360.670673675
1574 1574 118.20350746
1575 1575 533.522787509
1576 1576 0.00513159503805
1577 1577 257.853596484
1578 1578 0.00790915885691
1579 1579 174.921222389
1580 1580 512.257525132
1581 1581 532.418630341
1582 1582 526.42217099
1583 1583 0.00818034527402
1584 1584 99.8019771051
1585 1585 0.00666082679452
1586 1586 452.95583548
1587 1587 315.939328175
1588 1588 605.265721053
1589 1589 0.00774747028537
1590 1590 0.00263097228522
1591 1591 499.348768836
1592 1592 295.932875939
1593 1593 499.789385532
1594 1594 436.923867573
1595 1595 401.883109554
1596 1596 72.8101380835
1597 1597 308.163544709
1598 1598 0.00912938378165
1599 1599 484.002465362
1600 1600 0.000112643636087
1601 1601 494.666310159
1602 1602 417.278717664
1603 1603 499.689044571
1604 1604 0.00293366840361
1605 1605 289.438620046
1606 1606 567.129672631
1607 1607 126.102709049
1608 1608 119.730863785
1609 1609 82.3482435205
1610 1610 185.976523938
1611 1611 382.05493043
1612 1612 415.638102205
1613 1613 23.7812046943
1614 1614 624.5773461
1615 1615 192.577266794
1616 1616 338.126198081
1617 1617 195.416278959
1618 1618 0.0020500469865
1619 1619 222.789421665
1620 1620 246.978352991
1621 1621 390.801188466
1622 1622 110.466635782
1623 1623 510.573895659
1624 1624 611.968006011
1625 1625 154.724350776
1626 1626 624.798770168
1627 1627 78.1174781274
1628 1628 589.175765021
1629 1629 224.44371139
1630 1630 0.00276979564169
1631 1631 0.00473401866472
1632 1632 0.00365983188355
1633 1633 587.666274885
1634 1634 71.577935344
1635 1635 301.997425946
1636 1636 258.289393073
1637 1637 0.00793439350819
1638 1638 553.73086977
1639 1639 214.584184279
1640 1640 430.591179532
1641 1641 545.229267367
1642 1642 254.295874376
1643 1643 0.00719140689593
1644 1644 186.910032883
1645 1645 2.51431776683e-05
1646 1646 182.311729205
1647 1647 160.572722471
1648 1648 0.000806337696404
1649 1649 474.332807073
1650 1650 104.434268845
1651 1651 158.911709301
1652 1652 81.4378905094
1653 1653 446.834630474
1654 1654 582.444617708
1655 1655 599.84538261
1656 1656 381.379504879
1657 1657 0.0025740073169
1658 1658 327.304063338
1659 1659 594.27935088
1660 1660 413.177922019
1661 1661 142.435761373
1662 1662 209.887661123
1663 1663 332.987956087
1664 1664 479.360193125
1665 1665 553.356996396
1666 1666 0.00190192485691
1667 1667 389.126787104
1668 1668 0.00115156959178
1669 1669 76.2152029814
1670 1670 112.859844708
1671 1671 70.6576907613
1672 1672 0.00481459667041
1673 1673 75.1152121437
1674 1674 454.462663648
1675 1675 546.193027952
1676 1676 0.00128901237708
1677 1677 597.48541409
1678 1678 0.00129324130616
1679 1679 59.5102533607
1680 1680 324.847179436
1681 1681 0.00320331455707
1682 1682 111.641202158
1683 1683 0.0061638213243
1684 1684 535.171801301
1685 1685 31.6679386161
1686 1686 558.606106232
1687 1687 90.1442538956
1688 1688 501.808102502
1689 1689 470.013892036
1690 1690 515.271872787
1691 1691 209.741129257
1692 1692 251.984357533
1693 1693 214.359136964
1694 1694 0.000560720100048
1695 1695 0.00281307789678
1696 1696 208.105730847
1697 1697 237.890108429
1698 1698 0.00614414456703
1699 1699 325.540009706
1700 1700 539.118741324
1701 1701 454.223812061
1702 1702 165.415379789
1703 1703 533.987979955
1704 1704 66.6580444751
1705 1705 0.00713097064819
1706 1706 612.891216458
1707 1707 279.760153488
1708 1708 480.422184606
1709 1709 425.91946797
1710 1710 0.00139860460029
1711 1711 288.38935728
1712 1712 0.00597672653893
1713 1713 335.436162981
1714 1714 111.665158664
1715 1715 605.560704118
1716 1716 0.0094156961066
1717 1717 0.00453520382201
1718 1718 400.913116793
1719 1719 0.000508381719916
1720 1720 28.2867362925
1721 1721 415.650877379
1722 1722 581.049278712
1723 1723 283.901198548
1724 1724 254.094725244
1725 1725 0.0031094963973
1726 1726 315.405303587
1727 1727 10.8700621994
1728 1728 261.884014165
1729 1729 412.343495662
1730 1730 82.9583768833
1731 1731 0.00839722292496
1732 1732 410.549557144
1733 1733 215.436100709
1734 1734 0.00294744519486
1735 1735 120.013914237
1736 1736 461.480000712
1737 1737 0.00591059063703
1738 1738 467.816285302
1739 1739 426.90653619
1740 1740 130.768568983
1741 1741 0.00247300651182
1742 1742 619.624933441
1743 1743 419.077340382
1744 1744 223.231713485
1745 1745 0.00064109322703
1746 1746 35.0050684629
1747 1747 113.888834613
1748 1748 610.183119214
1749 1749 75.6597507987
1750 1750 590.958263196
1751 1751 0.00409376461514
1752 1752 491.673516906
1753 1753 508.999710454
1754 1754 0.00661962059599
1755 1755 319.287662294
1756 1756 0.0058259362095
1757 1757 461.771653028
1758 1758 341.229180944
1759 1759 56.9958469139
1760 1760 0.00105139641815
1761 1761 511.860474822
1762 1762 108.265958998
1763 1763 0.00938799412396
1764 1764 111.293939902
1765 1765 0.000239010947905
1766 1766 272.024823039
1767 1767 60.1476642966
1768 1768 0.00124989431288
1769 1769 0.00609398688366
1770 1770 252.74411382
1771 1771 347.822386356
1772 1772 57.779216644
1773 1773 130.934457724
1774 1774 387.674974032
1775 1775 601.383343495
1776 1776 512.12370544
1777 1777 136.847692292
1778 1778 479.874970255
1779 1779 0.00394357722449
1780 1780 421.929620675
1781 1781 174.410415047
1782 1782 195.408055933
1783 1783 25.3548960938
1784 1784 273.017937551
1785 1785 172.979603118
1786 1786 256.01942497
1787 1787 0.00265383118394
1788 1788 145.561706095
1789 1789 432.760580249
1790 1790 443.358512521
1791 1791 120.690501355
1792 1792 42.8538256972
1793 1793 320.024794071
1794 1794 428.450016992
1795 1795 386.675948298
1796 1796 0.00361249477075
1797 1797 56.5929021581
1798 1798 470.630672091
1799 1799 42.8620756843
1800 1800 376.86335358
1801 1801 265.32462499
1802 1802 14.3054997229
1803 1803 89.1760686961
1804 1804 342.182229441
1805 1805 490.23167333
1806 1806 409.357455867
1807 1807 308.116608815
1808 1808 205.179946622
1809 1809 273.125471586
1810 1810 372.127347142
1811 1811 0.00466568229286
1812 1812 611.180672209
1813 1813 578.610831096
1814 1814 120.325383211
1815 1815 490.735971182
1816 1816 136.763372522
1817 1817 0.00458687922075
1818 1818 361.680397278
1819 1819 0.00572228672233
1820 1820 0.00978884245953
1821 1821 273.378309873
1822 1822 211.209688596
1823 1823 0.000307444337452
1824 1824 0.001751722384
1825 1825 35.937451206
1826 1826 574.789631684
1827 1827 539.629722327
1828 1828 95.0284595619
1829 1829 104.438580201
1830 1830 0.0037168266378
1831 1831 0.00551960517427
1832 1832 166.301582699
1833 1833 0.00672128001259
1834 1834 30.33682134
1835 1835 26.6028369288
1836 1836 257.270943053
1837 1837 0.000441665469222
1838 1838 610.049371735
1839 1839 0.00831193989313
1840 1840 528.946274852
1841 1841 0.00786655350129
1842 1842 70.0444296928
1843 1843 411.486941908
1844 1844 231.620488257
1845 1845 378.923384143
1846 1846 416.701612322
1847 1847 422.684335228
1848 1848 0.00548486945984
1849 1849 458.418940439
1850 1850 281.821257338
1851 1851 455.438889822
1852 1852 192.077910943
1853 1853 1.81865375037
1854 1854 247.404309851
1855 1855 0.943923031114
1856 1856 0.00811015744824
1857 1857 426.613959261
1858 1858 0.00965331846524
1859 1859 0.00244156658323
1860 1860 567.276539494
1861 1861 496.923619738
1862 1862 0.00209977354232
1863 1863 0.00368648864973
1864 1864 571.253580919
1865 1865 184.026155674
1866 1866 483.861605379
1867 1867 180.057769746
1868 1868 87.1131488312
1869 1869 321.341864961
1870 1870 0.00350883756264
1871 1871 49.9434549939
1872 1872 478.189572366
1873 1873 447.319152545
1874 1874 0.00463536304818
1875 1875 5.727627424
1876 1876 220.107718728
1877 1877 0.0010367330222
1878 1878 411.135686166
1879 1879 0.00511379267099
1880 1880 162.350340491
1881 1881 58.4313231926
1882 1882 206.45782898
1883 1883 0.00110809985664
1884 1884 434.61047631
1885 1885 0.00311848504352
1886 1886 45.464484704
1887 1887 613.6626059
1888 1888 555.506633945
1889 1889 608.349410556
1890 1890 28.6257206189
1891 1891 197.326249419
1892 1892 29.5119499433
1893 1893 0.00310969497591
1894 1894 233.768266244
1895 1895 565.337931617
1896 1896 597.76872617
1897 1897 589.174660779
1898 1898 131.236965988
1899 1899 455.559193123
1900 1900 557.107703577
1901 1901 0.000165573775497
1902 1902 495.998131288
1903 1903 0.00659195059333
1904 1904 321.943813642
1905 1905 514.614027077
1906 1906 0.00756781522544
1907 1907 389.609820777
1908 1908 0.00575875181145
1909 1909 294.253446706
1910 1910 188.747426355
1911 1911 138.912183986
1912 1912 419.382095708
1913 1913 380.306662882
1914 1914 0.00911999997282
1915 1915 577.178587861
1916 1916 492.738139882
1917 1917 244.487872459
1918 1918 594.174134305
1919 1919 509.432955244
1920 1920 327.047607507
1921 1921 0.00792750872141
1922 1922 406.837667835
1923 1923 573.996263385
1924 1924 427.055546334
1925 1925 0.00388276524939
1926 1926 75.5108216612
1927 1927 313.530130579
1928 1928 6.44748942166e-05
1929 1929 29.8876360945
1930 1930 0.00720868187859
1931 1931 275.032753759
1932 1932 543.943756876
1933 1933 0.00628531801975
1934 1934 0.000176154249981
1935 1935 573.877353298
1936 1936 23.2859991277
1937 1937 497.27530305
1938 1938 0.00897599175383
1939 1939 138.362571726
1940 1940 0.00300567749217
1941 1941 78.4798729302
1942 1942 305.193972523
1943 1943 0.00857635185543
1944 1944 0.00299476828374
1945 1945 0.00318563727606
1946 1946 287.106122686
1947 1947 402.84278442
1948 1948 70.6629588891
1949 1949 498.142068417
1950 1950 0.00448265612943
1951 1951 0.00674161083718
1952 1952 612.531134429
1953 1953 264.552138372
1954 1954 0.0019331271878
1955 1955 391.859288149
1956 1956 358.419706402
1957 1957 385.001123452
1958 1958 248.703952809
1959 1959 233.633830857
1960 1960 0.00513460323689
1961 1961 403.30540101
1962 1962 394.485332974
1963 1963 603.970253693
1964 1964 20.3745620865
1965 1965 399.481899941
1966 1966 0.00456487512007
1967 1967 490.239299305
1968 1968 108.906325083
1969 1969 129.295485549
1970 1970 568.847855308
1971 1971 0.000320546041148
1972 1972 310.743057956
1973 1973 98.6475707949
1974 1974 255.124513264
1975 1975 151.57952314
1976 1976 135.113941149
1977 1977 415.609200269
1978 1978 0.00505116853704
1979 1979 77.370573847
1980 1980 0.000437413695536
1981 1981 209.232965835
1982 1982 265.172856927
1983 1983 0.0062485140581
1984 1984 514.783799527
1985 1985 191.455220981
1986 1986 328.040348329
1987 1987 229.546562741
1988 1988 275.025370654
1989 1989 0.00336239074586
1990 1990 338.351503068
1991 1991 50.0114131571
1992 1992 32.6275307564
1993 1993 580.323946372
1994 1994 54.5549493162
1995 1995 42.2462451661
1996 1996 0.00966140882809
1997 1997 0.00709784600134
1998 1998 151.168955589
1999 1999 204.107153913
2000 2000 527.028571384
2001 2001 10.7946474711
2002 2002 8.88776349959e-05
2003 2003 199.173610229
2004 2004 609.791653531
2005 2005 309.224235921
2006 2006 32.3060173941
2007 2007 190.469128735
2008 2008 0.00851968599534
2009 2009 42.601988288
2010 2010 252.849951335
2011 2011 0.00481171633835
2012 2012 95.7889172392
2013 2013 343.700476122
2014 2014 0.00409677223044
2015 2015 143.710095618
2016 2016 372.013357017
2017 2017 0.0028636181464
2018 2018 266.064977559
2019 2019 0.00658264949354
2020 2020 0.00268908807275
2021 2021 99.3815422671
2022 2022 0.00887940262657
2023 2023 475.936924567
2024 2024 92.4698334709
2025 2025 219.03171105
2026 2026 44.8457625222
2027 2027 45.9682555156
2028 2028 230.109380312
2029 2029 622.828149281
2030 2030 41.2903751784
2031 2031 425.447797568
2032 2032 390.94079235
2033 2033 4.28320357847
2034 2034 530.067751826
2035 2035 619.74855402
2036 2036 560.782650331
2037 2037 396.082643707
2038 2038 405.857993387
2039 2039 431.390464952
2040 2040 263.462132165
2041 2041 376.972392194
2042 2042 585.276077356
2043 2043 220.200201143
2044 2044 430.532756927
2045 2045 444.679834015
2046 2046 0.00325323665358
2047 2047 409.40698389
2048 2048 0.00502946926103
2049 2049 0.00593818446728
2050 2050 316.390180661
2051 2051 605.343202134
2052 2052 578.668064893
2053 2053 0.000241095058014
2054 2054 0.00882596602144
2055 2055 0.00793517027124
2056 2056 121.521624447
2057 2057 513.954257854
2058 2058 0.00153314513914
2059 2059 74.0770341739
2060 2060 560.542968929
2061 2061 518.636983144
2062 2062 273.285953268
2063 2063 258.998718324
2064 2064 501.342272754
2065 2065 105.148714224
2066 2066 0.00886918907993
2067 2067 171.126473003
2068 2068 156.462632813
2069 2069 473.336145881
2070 2070 298.712212137
2071 2071 432.694902858
2072 2072 0.00873536851111
2073 2073 0.00442974652725
2074 2074 124.48724318
2075 2075 164.338178114
2076 2076 527.122243899
2077 2077 329.461320059
2078 2078 229.544321978
2079 2079 0.00600767087459
2080 2080 283.13568512
2081 2081 245.245192647
2082 2082 0.00316157532382
2083 2083 82.5882522573
2084 2084 0.00309592640943
2085 2085 76.7003203449
2086 2086 323.165172988
2087 2087 126.255688461
2088 2088 475.509313865
2089 2089 325.633294041
2090 2090 492.101791575
2091 2091 150.005196943
2092 2092 304.611196416
2093 2093 378.894319819
2094 2094 102.753880728
2095 2095 373.987956258
2096 2096 0.0085623520015
2097 2097 197.571459306
2098 2098 142.838754705
2099 2099 69.3219826924
2100 2100 579.214601694
2101 2101 601.029961606
2102 2102 0.00503314389224
2103 2103 276.055338469
2104 2104 331.191160589
2105 2105 254.626822776
2106 2106 0.00115961410494
2107 2107 118.341317953
2108 2108 63.7322217377
2109 2109 222.210291567
2110 2110 460.653468282
2111 2111 556.000185292
2112 2112 572.331302513
2113 2113 500.405158936
2114 2114 0.00693714752129
2115 2115 299.217550292
2116 2116 309.347623354
2117 2117 560.62847096
2118 2118 0.00481345995089
2119 2119 0.00877790986959
2120 2120 0.00377310924426
2121 2121 554.866859798
2122 2122 226.464340269
2123 2123 390.455300123
2124 2124 23.7102888376
2125 2125 559.913252265
2126 2126 0.00775863514453
2127 2127 0.00633925756308
2128 2128 174.028910516
2129 2129 0.00711609897847
2130 2130 210.728525426
2131 2131 44.3700604555
2132 2132 18.2571509311
2133 2133 0.00389202985669
2134 2134 425.840413891
2135 2135 473.437173206
2136 2136 0.00154662355584
2137 2137 0.00176346514081
2138 2138 0.00125010616427
2139 2139 34.2117878919
2140 2140 511.223264542
2141 2141 0.00811528233826
2142 2142 16.7202424346
2143 2143 0.000317503437392
2144 2144 11.5835308616
2145 2145 83.5790209259
2146 2146 0.00872520184207
2147 2147 141.739022001
2148 2148 307.681439616
2149 2149 221.506659086
2150 2150 301.389176202
2151 2151 257.389182042
2152 2152 224.799248055
2153 2153 610.811395647
2154 2154 0.00134676802253
2155 2155 507.286201975
2156 2156 98.5640716798
2157 2157 315.870121786
2158 2158 22.8599572263
2159 2159 33.9819430161
2160 2160 237.727268488
2161 2161 184.721050102
2162 2162 511.942331105
2163 2163 0.00838220538539
2164 2164 525.646797725
2165 2165 487.780079663
2166 2166 317.806359367
2167 2167 167.777243755
2168 2168 514.272526672
2169 2169 428.349223376
2170 2170 380.63654735
2171 2171 424.300213604
2172 2172 491.7344542
2173 2173 618.935930261
2174 2174 0.00960861212785
2175 2175 607.565167049
2176 2176 477.729875235
2177 2177 209.12332447
2178 2178 185.32803928
2179 2179 258.317002649
2180 2180 263.062335156
2181 2181 0.00112254994873
2182 2182 0.00127309234298
2183 2183 256.676865833
2184 2184 337.732167863
2185 2185 474.532645874
2186 2186 272.944776061
2187 2187 53.7380190306
2188 2188 585.727089438
2189 2189 198.861159907
2190 2190 0.00770207599284
2191 2191 344.728028429
2192 2192 532.536385684
2193 2193 0.00918360166837
2194 2194 468.467755964
2195 2195 71.4592528108
2196 2196 0.00349104526846
2197 2197 345.019169931
2198 2198 587.143895463
2199 2199 535.922214583
2200 2200 0.00541007506307
2201 2201 466.269987311
2202 2202 237.007044281
2203 2203 0.00333200039787
2204 2204 122.60997474
2205 2205 560.199156236
2206 2206 0.00223426204188
2207 2207 0.00613009480067
2208 2208 0.00471571120661
2209 2209 0.0010783954071
2210 2210 494.486425617
2211 2211 509.915048239
2212 2212 0.00687757398289
2213 2213 0.00450954572629
2214 2214 420.609067504
2215 2215 609.350370149
2216 2216 602.337388672
2217 2217 568.312540812
2218 2218 32.3064949022
2219 2219 0.00542633808109
2220 2220 586.218549493
2221 2221 238.019548309
2222 2222 184.137365307
2223 2223 344.988089923
2224 2224 221.698558027
2225 2225 535.615999552
2226 2226 0.000510021457291
2227 2227 406.726983204
2228 2228 0.00641523889687
2229 2229 236.526096758
2230 2230 0.00990279794896
2231 2231 0.00325409718161
2232 2232 0.00903937993419
2233 2233 0.00701367193946
2234 2234 178.452719309
2235 2235 147.661123133
2236 2236 180.140400158
2237 2237 100.880076654
2238 2238 0.00306290156237
2239 2239 411.784548146
2240 2240 5.63224316099e-05
2241 2241 0.00137178936704
2242 2242 39.9340606591
2243 2243 545.672606304
2244 2244 385.576262458
2245 2245 0.00373407950234
2246 2246 513.980306869
2247 2247 147.068065115
2248 2248 157.786620405
2249 2249 266.143782363
2250 2250 415.479761582
2251 2251 0.00693260395633
2252 2252 368.12384947
2253 2253 602.766791575
2254 2254 331.635134274
2255 2255 141.777122243
2256 2256 590.248825053
2257 2257 368.799217968
2258 2258 461.805711148
2259 2259 41.9279931406
2260 2260 14.1508264344
2261 2261 436.429647285
2262 2262 145.113986213
2263 2263 0.00245113110774
2264 2264 133.583111702
2265 2265 254.660779757
2266 2266 0.00493812328073
2267 2267 62.4506503212
2268 2268 583.067290388
2269 2269 0.00111583480432
2270 2270 84.8709962545
2271 2271 0.00230118918638
2272 2272 0.00615330430287
2273 2273 599.544258852
2274 2274 0.00548749961227
2275 2275 177.169915881
2276 2276 436.777809742
2277 2277 0.0072014326438
2278 2278 0.00450216091539
2279 2279 34.0602228868
2280 2280 0.00888204742761
2281 2281 578.758907975
2282 2282 0.00112634899412
2283 2283 0.00596966840555
2284 2284 160.439379965
2285 2285 0.00110508521166
2286 2286 400.237319284
2287 2287 7.80603750164
2288 2288 242.752033274
2289 2289 281.826838823
2290 2290 105.241214223
2291 2291 0.00782232440666
2292 2292 117.286011523
2293 2293 0.00255157961629
2294 2294 0.00158869228531
2295 2295 572.384718837
2296 2296 0.00279922691637
2297 2297 0.0013745984357
2298 2298 94.9215001072
2299 2299 381.99360334
2300 2300 298.975991096
2301 2301 142.956828256
2302 2302 115.378005812
2303 2303 158.245309818
2304 2304 0.00405895158551
2305 2305 192.416765069
2306 2306 90.4537270243
2307 2307 361.059079714
2308 2308 214.283615948
2309 2309 607.371027925
2310 2310 409.261200711
2311 2311 221.510840687
2312 2312 0.00336984233667
2313 2313 579.94468157
2314 2314 206.440720761
2315 2315 620.950575112
2316 2316 483.684731133
2317 2317 84.8505288415
2318 2318 0.0051211520652
2319 2319 228.271929113
2320 2320 159.23799305
2321 2321 341.322825351
2322 2322 0.00217486078719
2323 2323 571.847922567
2324 2324 610.394914509
2325 2325 0.00228121066903
2326 2326 95.4654215217
2327 2327 289.094102941
2328 2328 270.731124354
2329 2329 0.00251760523367
2330 2330 615.670963972
2331 2331 277.890257894
2332 2332 561.716006182
2333 2333 197.879402144
2334 2334 240.208480117
2335 2335 41.9850073842
2336 2336 486.231226284
2337 2337 246.381634568
2338 2338 402.240034188
2339 2339 393.132447655
2340 2340 306.015970921
2341 2341 266.189914587
2342 2342 193.971258284
2343 2343 0.00465580175113
2344 2344 299.250731835
2345 2345 300.751471852
2346 2346 348.218104504
2347 2347 201.475773994
2348 2348 420.995459297
2349 2349 0.00172341595908
2350 2350 405.410334158
2351 2351 310.392147155
2352 2352 377.479604456
2353 2353 295.656866349
2354 2354 619.952682169
2355 2355 0.00437633805716
2356 2356 0.000311913591812
2357 2357 260.623286616
2358 2358 315.311007168
2359 2359 430.494928745
2360 2360 605.575547516
2361 2361 258.291989172
2362 2362 210.310244909
2363 2363 517.296940798
2364 2364 208.014847026
2365 2365 0.00452192416456
2366 2366 279.623806566
2367 2367 43.9357829547
2368 2368 23.6854699858
2369 2369 283.568571045
2370 2370 403.664426796
2371 2371 515.195996692
2372 2372 0.00620925314573
2373 2373 229.201156561
2374 2374 555.756356681
2375 2375 436.588140358
2376 2376 363.300561847
2377 2377 505.245562761
2378 2378 0.00346342851931
2379 2379 514.691300875
2380 2380 201.100521584
2381 2381 537.034806259
2382 2382 0.00925765440645
2383 2383 10.6384522046
2384 2384 564.630046802
2385 2385 7.6746874369
2386 2386 0.00643020430484
2387 2387 401.349329865
2388 2388 0.00605691371931
2389 2389 344.520983858
2390 2390 529.487287004
2391 2391 484.394455272
2392 2392 493.408797272
2393 2393 0.00799088339607
2394 2394 265.201974177
2395 2395 176.179371972
2396 2396 558.108814804
2397 2397 0.00969732801578
2398 2398 0.00951954803346
2399 2399 0.00511797648562
2400 2400 430.905297511
2401 2401 135.662768571
2402 2402 0.0089046430213
2403 2403 0.00501626471618
2404 2404 493.762476666
2405 2405 70.0576944078
2406 2406 64.6492258785
2407 2407 0.00738568729894
2408 2408 284.141550524
2409 2409 0.00410153703273
2410 2410 138.961224161
2411 2411 55.3713562888
2412 2412 95.466188781
2413 2413 588.872538187
2414 2414 340.510860593
2415 2415 163.371632292
2416 2416 163.452904492
2417 2417 0.00247036056074
2418 2418 227.839576608
2419 2419 0.000122330462935
2420 2420 541.743435743
2421 2421 403.704708668
2422 2422 622.085854711
2423 2423 71.6509268672
2424 2424 179.965422451
2425 2425 58.1555014259
2426 2426 620.583431466
2427 2427 532.617821344
2428 2428 0.00422230431065
2429 2429 12.4841710463
2430 2430 0.869315445921
2431 2431 342.516877701
2432 2432 0.00777380757102
2433 2433 180.507254441
2434 2434 406.708723821
2435 2435 57.5314058518
2436 2436 0.00406359596931
2437 2437 0.00870196091866
2438 2438 512.606034822
2439 2439 582.458856617
2440 2440 278.507905602
2441 2441 0.00580324716396
2442 2442 586.415450185
2443 2443 109.111306048
2444 2444 199.440742578
2445 2445 348.607939678
2446 2446 407.908063305
2447 2447 0.00151290675271
2448 2448 0.00189259621918
2449 2449 0.00460390644594
2450 2450 161.07274035
2451 2451 233.151578886
2452 2452 260.729978899
2453 2453 530.518857837
2454 2454 68.545864122
2455 2455 532.430588348
2456 2456 574.358533905
2457 2457 169.669469776
2458 2458 0.00569495336544
2459 2459 0.00739705077114
2460 2460 195.442459719
2461 2461 34.3520317873
2462 2462 0.00106022270949
2463 2463 66.4477265149
2464 2464 536.222569849
2465 2465 0.000676999398529
2466 2466 14.0732979332
2467 2467 136.8192233
2468 2468 0.00423784463841
2469 2469 434.69049475
2470 2470 6.43880983003e-05
2471 2471 39.9267716662
2472 2472 342.847258341
2473 2473 40.6636090513
2474 2474 488.445845524
2475 2475 7.96892511836
2476 2476 487.587674372
2477 2477 250.442760839
2478 2478 53.8891184523
2479 2479 0.00786617083225
2480 2480 0.000731034639409
2481 2481 0.00523999425196
2482 2482 238.049041313
2483 2483 551.08789356
2484 2484 612.786328412
2485 2485 276.359590227
2486 2486 0.00865659560055
2487 2487 274.73699578
2488 2488 300.976136663
2489 2489 213.416519303
2490 2490 590.877012213
2491 2491 539.774817658
2492 2492 311.24342986
2493 2493 605.880517556
2494 2494 21.0219164672
2495 2495 56.5314294606
2496 2496 87.3389654099
2497 2497 578.611558654
2498 2498 579.224720981
2499 2499 0.00831152611597
2500 2500 58.6444627215
2501 2501 362.473942683
2502 2502 43.3374127367
2503 2503 0.00270748577333
2504 2504 0.00807245192464
2505 2505 175.552036972
2506 2506 0.00893155710184
2507 2507 52.0176131757
2508 2508 251.048022093
2509 2509 0.00753490638458
2510 2510 275.714470782
2511 2511 363.977718547
2512 2512 42.8129289773
2513 2513 290.338693232
2514 2514 0.00318667774149
2515 2515 438.567882196
2516 2516 0.00810694203298
2517 2517 179.473302978
2518 2518 94.0055080026
2519 2519 352.412177065
2520 2520 0.00967910697785
2521 2521 334.542789691
2522 2522 0.00443401247386
2523 2523 226.860146829
2524 2524 69.6389994859
2525 2525 355.689189473
2526 2526 142.721437912
2527 2527 141.495146709
2528 2528 305.922343651
2529 2529 0.000591375531948
2530 2530 215.476203468
2531 2531 453.717643964
2532 2532 0.00999576110056
2533 2533 367.426701959
2534 2534 193.187718509
2535 2535 407.155864213
2536 2536 24.5736503957
2537 2537 108.383492603
2538 2538 211.779119496
2539 2539 525.543979629
2540 2540 358.793330752
2541 2541 376.266161175
2542 2542 0.00257668666526
2543 2543 459.337888975
2544 2544 451.003250866
2545 2545 331.357475731
2546 2546 0.000971772961105
2547 2547 0.00905512731953
2548 2548 128.031026451
2549 2549 149.479882295
2550 2550 0.00133398774784
2551 2551 291.179838902
2552 2552 316.416585319
2553 2553 0.00422667518768
2554 2554 130.477993337
2555 2555 294.40757183
2556 2556 593.167334814
2557 2557 5.25473900023
2558 2558 0.000364987460949
2559 2559 450.39000818
2560 2560 468.322045233
2561 2561 0.00354376593632
2562 2562 329.641962018
2563 2563 286.776351769
2564 2564 40.9423923958
2565 2565 585.070303241
2566 2566 0.00390307483646
2567 2567 0.00353755605946
2568 2568 307.017593422
2569 2569 518.771694293
2570 2570 0.00860406322392
2571 2571 367.790323055
2572 2572 0.000421715262769
2573 2573 397.058014861
2574 2574 14.658491051
2575 2575 443.605972585
2576 2576 478.936987964
2577 2577 276.551298785
2578 2578 0.000901225071443
2579 2579 188.488469284
2580 2580 533.919991005
2581 2581 570.081610379
2582 2582 167.151321787
2583 2583 186.174786108
2584 2584 0.00342337916226
2585 2585 0.00699550951687
2586 2586 200.74137766
2587 2587 377.172962966
2588 2588 415.052786952
2589 2589 487.853575571
2590 2590 0.00474955201589
2591 2591 0.00650203625002
2592 2592 5.79663812141
2593 2593 0.00328166235462
2594 2594 7.67066427397
2595 2595 164.989697921
2596 2596 386.969581947
2597 2597 0.00967850621343
2598 2598 284.963419536
2599 2599 607.215886556
2600 2600 581.553852281
2601 2601 327.161072193
2602 2602 567.507644806
2603 2603 532.123236066
2604 2604 3.41587747868
2605 2605 184.95319805
2606 2606 157.559845764
2607 2607 0.00807132542662
2608 2608 574.712850301
2609 2609 385.307750317
2610 2610 284.581678775
2611 2611 365.470123472
2612 2612 154.243717817
2613 2613 610.759278981
2614 2614 0.0056952741319
2615 2615 457.772634522
2616 2616 0.00813242982802
2617 2617 57.7235484739
2618 2618 0.000313873551555
2619 2619 0.00730931812642
2620 2620 0.00508022437757
2621 2621 281.060652211
2622 2622 580.69273783
2623 2623 0.0094891408483
2624 2624 343.45758153
2625 2625 210.932915844
2626 2626 163.141129724
2627 2627 0.00664772468721
2628 2628 98.1261967797
2629 2629 0.00695402381544
2630 2630 210.279574341
2631 2631 0.00469689947508
2632 2632 312.533143458
2633 2633 245.79762653
2634 2634 24.8972842921
2635 2635 0.00952173724532
2636 2636 613.730459543
2637 2637 0.000428739188306
2638 2638 134.567751838
2639 2639 36.365586141
2640 2640 220.592051334
2641 2641 458.139269295
2642 2642 0.00213134699572
2643 2643 474.577046215
2644 2644 70.1348886614
2645 2645 111.223071678
2646 2646 0.00120262091032
2647 2647 284.913291958
2648 2648 439.581963176
2649 2649 211.613904676
2650 2650 352.54814872
2651 2651 277.779452821
2652 2652 600.684489214
2653 2653 0.00170999021248
2654 2654 353.708344931
2655 2655 0.00342331974678
2656 2656 0.00484522015073
2657 2657 325.148790921
2658 2658 549.714599846
2659 2659 0.00570667675351
2660 2660 186.229228218
2661 2661 383.523482695
2662 2662 564.743576502
2663 2663 597.127114589
2664 2664 54.2921602638
2665 2665 241.726552211
2666 2666 0.00216743748797
2667 2667 241.796148772
2668 2668 57.9850494257
2669 2669 344.575637882
2670 2670 574.383758835
2671 2671 411.860039412
2672 2672 523.31938946
2673 2673 535.688957828
2674 2674 594.459432439
2675 2675 0.00592363765089
2676 2676 304.978714973
2677 2677 432.172650731
2678 2678 45.6194421142
2679 2679 40.6141511827
2680 2680 260.117656498
2681 2681 95.8013040377
2682 2682 397.906752427
2683 2683 0.00589747255592
2684 2684 479.838843154
2685 2685 5.73383903649
2686 2686 62.4515305529
2687 2687 418.33480916
2688 2688 0.00165738515845
2689 2689 579.595097739
2690 2690 600.80642779
2691 2691 263.357062895
2692 2692 166.926690217
2693 2693 8.12004675594
2694 2694 0.00194262151672
2695 2695 236.912500993
2696 2696 0.00397684367945
2697 2697 227.140167538
2698 2698 62.1124594538
2699 2699 138.202458761
2700 2700 87.3406854587
2701 2701 567.575997145
2702 2702 0.000494780140193
2703 2703 0.00723757082616
2704 2704 476.078831328
2705 2705 286.435567498
2706 2706 88.979570545
2707 2707 176.732403086
2708 2708 43.118095282
2709 2709 44.3443929653
2710 2710 265.190953629
2711 2711 37.4272589284
2712 2712 164.790284255
2713 2713 0.00991084497914
2714 2714 123.832519887
2715 2715 613.421287261
2716 2716 571.92240547
2717 2717 430.131534197
2718 2718 313.934110463
2719 2719 132.766467697
2720 2720 0.00648200073295
2721 2721 0.0099086245343
2722 2722 0.00542399650908
2723 2723 56.4187316544
2724 2724 371.210788985
2725 2725 531.7437364
2726 2726 391.249662351
2727 2727 253.522930569
2728 2728 0.00911884047669
2729 2729 0.00860775352277
2730 2730 56.8806875778
2731 2731 0.00172960172501
2732 2732 278.889729924
2733 2733 0.00384744697658
2734 2734 177.164923908
2735 2735 348.020285642
2736 2736 0.000252918488578
2737 2737 0.000714729700643
2738 2738 0.00257619613615
2739 2739 0.00820032612968
2740 2740 180.266360812
2741 2741 31.418530354
2742 2742 409.37848584
2743 2743 324.090306144
2744 2744 0.00830624246882
2745 2745 350.455687388
2746 2746 0.00867894249949
2747 2747 216.286868332
2748 2748 93.088384828
2749 2749 87.9014159163
2750 2750 370.526908873
2751 2751 35.0972595329
2752 2752 608.674082843
2753 2753 238.564863695
2754 2754 401.579860492
2755 2755 0.00580775448705
2756 2756 0.00326017122649
2757 2757 244.925326962
2758 2758 0.00206689799657
2759 2759 0.00232803406286
2760 2760 284.071138667
2761 2761 565.211629975
2762 2762 560.452397057
2763 2763 96.7216996237
2764 2764 492.327297093
2765 2765 0.000335068692306
2766 2766 24.2777382101
2767 2767 295.228641811
2768 2768 513.486013726
2769 2769 488.983412629
2770 2770 481.38155656
2771 2771 546.090416058
2772 2772 293.694708321
2773 2773 123.879386162
2774 2774 217.458918291
2775 2775 351.193782255
2776 2776 441.99796574
2777 2777 0.00588524380925
2778 2778 67.3456005785
2779 2779 584.95396576
2780 2780 579.325421969
2781 2781 0.00132426859373
2782 2782 0.00557775936485
2783 2783 336.047058258
2784 2784 260.594913927
2785 2785 169.464910134
2786 2786 71.7205882985
2787 2787 138.658029731
2788 2788 263.667065936
2789 2789 101.260082216
2790 2790 580.522549546
2791 2791 154.970721624
2792 2792 290.462783752
2793 2793 284.001412478
2794 2794 264.553640497
2795 2795 129.300246187
2796 2796 100.297059393
2797 2797 539.262714204
2798 2798 618.561150367
2799 2799 0.0035477217523
2800 2800 29.8674686868
2801 2801 158.959223695
2802 2802 68.2367526177
2803 2803 0.00328887811692
2804 2804 88.4071003052
2805 2805 404.728563603
2806 2806 279.463437564
2807 2807 87.9734032985
2808 2808 0.00102881133022
2809 2809 242.557687636
2810 2810 287.787233858
2811 2811 610.510621786
2812 2812 204.910481242
2813 2813 73.6197045962
2814 2814 0.00336093792938
2815 2815 192.899623685
2816 2816 452.40382869
2817 2817 557.637775632
2818 2818 207.987805202
2819 2819 0.00475841251988
2820 2820 0.00781150043932
2821 2821 0.00595167601509
2822 2822 0.00276141875081
2823 2823 116.969143444
2824 2824 0.00796396659894
2825 2825 411.006210989
2826 2826 304.61270746
2827 2827 326.642602927
2828 2828 411.168091495
2829 2829 219.518714039
2830 2830 617.594192633
2831 2831 0.00714327702357
2832 2832 0.00600137796673
2833 2833 551.982518575
2834 2834 601.497885944
2835 2835 413.054123224
2836 2836 186.199246871
2837 2837 131.608914482
2838 2838 276.902483514
2839 2839 530.692162463
2840 2840 0.00396518470783
2841 2841 475.767524151
2842 2842 292.465980411
2843 2843 337.370199122
2844 2844 0.00512032083492
2845 2845 132.818608972
2846 2846 512.289636139
2847 2847 325.107808603
2848 2848 0.00605015101871
2849 2849 387.225585515
2850 2850 119.238012585
2851 2851 371.17913532
2852 2852 223.361837928
2853 2853 363.320355042
2854 2854 44.5746851406
2855 2855 0.00474843828441
2856 2856 87.8431209185
2857 2857 531.309735892
2858 2858 212.292788773
2859 2859 0.00662247949749
2860 2860 346.251505303
2861 2861 473.689814025
2862 2862 0.00488906140516
2863 2863 0.00500946055537
2864 2864 601.911240059
2865 2865 170.91419169
2866 2866 0.00959322952209
2867 2867 233.55604685
2868 2868 583.553646392
2869 2869 0.00465880832109
2870 2870 512.259987709
2871 2871 219.565891655
2872 2872 121.336504147
2873 2873 171.400428763
2874 2874 489.280877897
2875 2875 239.330122864
2876 2876 0.00165888643421
2877 2877 559.729974689
2878 2878 605.65800786
2879 2879 249.467079108
2880 2880 318.206248781
2881 2881 0.00083454600924
2882 2882 0.00990257329995
2883 2883 143.048565177
2884 2884 406.302569257
2885 2885 546.36281839
2886 2886 111.250280929
2887 2887 529.859953737
2888 2888 182.920563967
2889 2889 387.849127381
2890 2890 188.330437972
2891 2891 107.981415107
2892 2892 546.577735285
2893 2893 495.135310605
2894 2894 0.00170580915014
2895 2895 0.00974075014949
2896 2896 36.9986541919
2897 2897 4.50894066368
2898 2898 83.9693793338
2899 2899 316.060190832
2900 2900 0.00516664941494
2901 2901 107.538920933
2902 2902 0.00605905914715
2903 2903 597.300515145
2904 2904 0.00989367692535
2905 2905 0.00184193815286
2906 2906 516.372003099
2907 2907 300.232205323
2908 2908 316.330475719
2909 2909 559.129816011
2910 2910 187.190762453
2911 2911 0.00693650783256
2912 2912 515.04951681
2913 2913 74.676562412
2914 2914 365.9480074
2915 2915 8.96781247876e-05
2916 2916 0.00876525672836
2917 2917 45.7664655765
2918 2918 120.843940273
2919 2919 588.26603905
2920 2920 36.4969411011
2921 2921 379.382708373
2922 2922 0.00144497012431
2923 2923 174.369226804
2924 2924 0.0057088803005
2925 2925 64.7831285983
2926 2926 0.00805797888021
2927 2927 412.254633782
2928 2928 41.7736253798
2929 2929 518.227223359
2930 2930 0.00453415654096
2931 2931 0.00662795494277
2932 2932 234.417872994
2933 2933 0.00332467700772
2934 2934 0.00432423690481
2935 2935 0.00118619302611
2936 2936 290.872097621
2937 2937 0.00716781107621
2938 2938 353.849521081
2939 2939 0.0015863926406
2940 2940 488.24086855
2941 2941 511.049592417
2942 2942 90.3832200327
2943 2943 0.00536134305731
2944 2944 0.00655639586163
2945 2945 433.921621172
2946 2946 568.781711006
2947 2947 287.017191599
2948 2948 0.00239416820938
2949 2949 398.713806649
2950 2950 513.631401998
2951 2951 587.028690779
2952 2952 101.370294381
2953 2953 0.000860218326215
2954 2954 321.594945609
2955 2955 53.0667140478
2956 2956 0.00663462674625
2957 2957 374.485972087
2958 2958 499.385919872
2959 2959 502.916066501
2960 2960 0.00103274511732
2961 2961 311.615544439
2962 2962 332.353442119
2963 2963 0.00348163255949
2964 2964 306.408440339
2965 2965 464.531481041
2966 2966 361.328213417
2967 2967 0.00455975021799
2968 2968 476.43971694
2969 2969 230.491674229
2970 2970 567.111870603
2971 2971 0.00583008856689
2972 2972 408.485175856
2973 2973 374.624082207
2974 2974 538.298897214
2975 2975 567.978674705
2976 2976 0.0062334265473
2977 2977 93.8606635611
2978 2978 86.9611677057
2979 2979 428.572479986
2980 2980 454.35630971
2981 2981 115.72828191
2982 2982 289.955071511
2983 2983 0.00892497222748
2984 2984 0.000666544112411
2985 2985 349.050951518
2986 2986 346.027255348
2987 2987 125.412429988
2988 2988 74.078708485
2989 2989 0.00765426735044
2990 2990 524.056175567
2991 2991 113.393230883
2992 2992 332.286694452
2993 2993 0.00324815991011
2994 2994 388.48115444
2995 2995 9.85704677503
2996 2996 125.883030629
2997 2997 441.364604968
2998 2998 280.608571668
2999 2999 621.150746985
3000 3000 25.7730981711
3001 3001 289.557935021
3002 3002 557.753198541
3003 3003 0.00499402697037
3004 3004 49.3842877049
3005 3005 91.6107908286
3006 3006 383.617177486
3007 3007 282.308694365
3008 3008 0.00289717511032
3009 3009 596.633594186
3010 3010 264.472190722
3011 3011 0.0091490498513
3012 3012 0.00418782558063
3013 3013 358.782205228
3014 3014 0.00233863819468
3015 3015 551.894032686
3016 3016 0.00804966864486
3017 3017 300.565952295
3018 3018 344.860725118
3019 3019 538.070601821
3020 3020 223.535704049
3021 3021 46.0364868491
3022 3022 238.028741099
3023 3023 160.891614081
3024 3024 462.930476247
3025 3025 0.00514942889344
3026 3026 625.367288171
3027 3027 203.067404212
3028 3028 300.1529902
3029 3029 452.927979955
3030 3030 183.425416159
3031 3031 0.00440103052679
3032 3032 434.825524736
3033 3033 585.987957806
3034 3034 577.375249622
3035 3035 93.6476757538
3036 3036 421.457726952
3037 3037 0.00191444383234
3038 3038 386.69065101
3039 3039 51.4337557829
3040 3040 306.459535218
3041 3041 470.83824443
3042 3042 0.00368855646275
3043 3043 361.609923791
3044 3044 0.00893095660571
3045 3045 152.425587941
3046 3046 484.512996053
3047 3047 351.386880791
3048 3048 243.91839219
3049 3049 186.813057701
3050 3050 0.00213527490481
3051 3051 73.3871651541
3052 3052 405.637683362
3053 3053 337.316500034
3054 3054 289.624812833
3055 3055 75.716664361
3056 3056 0.00949894752893
3057 3057 95.5901878338
3058 3058 0.000919978182308
3059 3059 582.20287936
3060 3060 0.00689303541386
3061 3061 93.4390682305
3062 3062 449.244811818
3063 3063 0.00706361481332
3064 3064 513.992379376
3065 3065 593.030678064
3066 3066 124.71132428
3067 3067 571.038889433
3068 3068 38.5495818248
3069 3069 0.00778747430561
3070 3070 376.818935196
3071 3071 0.0082277705865
3072 3072 262.108964029
3073 3073 0.00473486813558
3074 3074 293.661365523
3075 3075 201.26302108
3076 3076 75.4257211043
3077 3077 476.089572372
3078 3078 0.00886487466364
3079 3079 0.00456675984518
3080 3080 164.726695302
