1 1 8.11196342426e-05
2 2 3.31343949478e-05
3 3 6.34724478707e-05
4 4 7.60655799143e-05
5 5 6.5038962348e-05
6 6 1.99895387937e-05
7 7 2.98118810181e-05
8 8 6.6318875386e-05
9 9 4658.53992538
10 10 4036.0210755
11 11 3257.89803301
12 12 5.56452753051e-07
13 13 5549.49536291
14 14 2.05489384681e-05
15 15 8.61771477748e-05
16 16 2964.20817477
17 17 5.93996043763e-05
18 18 2.75217996867e-05
19 19 3712.87724253
20 20 3.72186928799e-05
21 21 7.05311016048e-05
22 22 7.91286673497e-05
23 23 5.94991864701e-05
24 24 9.46932682677e-05
25 25 1.47843591462e-05
26 26 5.80747235355e-05
27 27 7.08096460036e-05
28 28 1.15060764639e-05
29 29 2714.70602396
30 30 4.38967210946e-05
31 31 4.98344253291e-06
32 32 1.49526723227e-05
33 33 4920.08781126
34 34 4321.11290675
35 35 3.73282958126e-05
36 36 2.47103523691e-05
37 37 2.98427366322e-05
38 38 3.83193891171e-06
39 39 4.1309125912e-05
40 40 5.71768832465e-05
41 41 1.15915047378e-05
42 42 3.54500496682e-05
43 43 5.03194086741e-05
44 44 3.53391313778e-05
45 45 1.99916235673e-05
46 46 2.73639080359e-05
47 47 3.38560138779e-05
48 48 1.01021669295e-05
49 49 8.92286382334e-05
50 50 8.52455228686e-05
51 51 1.19700312723e-05
52 52 7.27357274141e-05
53 53 1502.76348933
54 54 3.22210481553e-05
55 55 4395.52865216
56 56 4806.01737239
57 57 4.60217173839e-05
58 58 9.36998154256e-05
59 59 6.27417467505e-05
60 60 4649.64249387
61 61 9.90160258922e-05
62 62 550.363248548
63 63 5.66966873198e-05
64 64 5.31282622998e-05
65 65 8.4725244638e-05
66 66 2.53571516858e-05
67 67 3241.67529544
68 68 6.6343542431e-05
69 69 4.8585536475e-05
70 70 6.72057732063e-07
71 71 1.72629584586e-05
72 72 3364.64661356
73 73 6.12512366244e-05
74 74 8.65006113627e-05
75 75 8.45566511783e-05
76 76 4.17712357007e-05
77 77 2809.88748257
78 78 9.95344807817e-05
79 79 9.77140385614e-05
80 80 6.74191975778e-05
81 81 2.56729780086e-05
82 82 5.02776597026e-06
83 83 6.70293553567e-05
84 84 4.5197623366e-05
85 85 1.79995571291e-05
86 86 3.36809629115e-05
87 87 6.28093715622e-05
88 88 2460.1960037
89 89 4132.94327382
90 90 2.67847104268e-05
91 91 3.39242814729e-05
92 92 7.02423069005e-07
93 93 3025.87693306
94 94 8.70077619815e-05
95 95 8.14444976441e-05
96 96 6.61268063197e-05
97 97 3.10085740103e-05
98 98 3459.44583178
99 99 2.64814896479e-05
100 100 4.26413804518e-05
101 101 2.22468303165e-05
102 102 4.3036648437e-05
103 103 8.36665500886e-05
104 104 9.55481695154e-05
105 105 5.01835254219e-05
106 106 5187.3377211
107 107 6.48520715066e-05
108 108 4.78835952628e-05
109 109 882.578056942
110 110 7.65232432412e-08
111 111 9.04254346327e-05
112 112 5.41060193941e-05
113 113 4789.36361102
114 114 7.365300158e-05
115 115 9.23117830436e-08
116 116 5547.94361885
117 117 5.54321472846e-05
118 118 2.16515300638e-05
119 119 4.10433822921e-05
120 120 4289.77845234
121 121 7.11697593125e-05
122 122 5.10047375737e-05
123 123 9.48174885633e-06
124 124 9.64053384269e-05
125 125 1426.3923889
126 126 4.84693891109e-05
127 127 3.56841781718e-05
128 128 9.56383295027e-05
129 129 3.82773521346e-05
130 130 2.96028608057e-05
131 131 6.94171338703e-05
132 132 3.89000794459e-05
133 133 6.98991091925e-05
134 134 7.43245607002e-05
135 135 5181.80786181
136 136 7.91450313752e-05
137 137 7.35947629329e-05
138 138 4.70719593244e-05
139 139 9.22649032374e-05
140 140 4.80296701051e-05
141 141 4.29723494982e-05
142 142 9.74550272512e-05
143 143 1.56755584767e-05
144 144 2.58213890699e-05
145 145 5.8565924542e-07
146 146 2.49222371754e-06
147 147 1.86198544586e-05
148 148 6.68051934102e-05
149 149 4566.99623431
150 150 1.73927592126e-05
151 151 6.38837910037e-05
152 152 1.47376341086e-05
153 153 1.05120153372e-05
154 154 3638.7472909
155 155 3906.24884031
156 156 3018.76795706
157 157 3.34175171058e-05
158 158 9.04889412913e-05
159 159 4428.56794715
160 160 4.12025374814e-05
161 161 7.30585342996e-05
162 162 2.08033022529e-05
163 163 1.37318737435e-05
164 164 6.36099878519e-06
165 165 2.38530314224e-05
166 166 4.49618355153e-05
167 167 2.63461944513e-05
168 168 1205.09793642
169 169 8.1828088857e-05
170 170 409.598934235
171 171 2.52303176063e-05
172 172 8.79207536947e-05
173 173 9.12839395825e-05
174 174 3.30879363174e-05
175 175 3.25295153475e-05
176 176 7.13574128031e-05
177 177 4019.45893426
178 178 1.82743619081e-05
179 179 7.45976401059e-05
180 180 6.06742043752e-05
181 181 3.87187654487e-05
182 182 4.39025775115e-05
183 183 2.27984071972e-05
184 184 2.17296176452e-05
185 185 5.48799749492e-05
186 186 6.97406915183e-05
187 187 3.95284182001e-05
188 188 4.58772730029e-05
189 189 1849.90153774
190 190 7.60511023404e-05
191 191 966.260530615
192 192 7.1661203295e-05
193 193 2.76012496082e-05
194 194 151.26911542
195 195 3711.78859576
196 196 9.57481991326e-07
197 197 5206.69620631
198 198 3.29826058142e-05
199 199 1405.40416291
200 200 1.61330747616e-05
201 201 2.5737703975e-06
202 202 8.86968974024e-05
203 203 2.86025752478e-05
204 204 9.42120348876e-05
205 205 2.78334606154e-05
206 206 5111.87676085
207 207 3.26001158836e-05
208 208 5.87492219496e-05
209 209 2.05566200756e-05
210 210 3.80105592597e-05
211 211 8.26001849081e-05
212 212 9.0562491728e-05
213 213 3928.85066507
214 214 2.18511852606e-05
215 215 6.59276092894e-06
216 216 2.98292797587e-05
217 217 6.34738400785e-05
218 218 259.987983127
219 219 2657.6957844
220 220 1165.26992977
221 221 6.51895777153e-05
222 222 2.59901317772e-05
223 223 1.877159321e-05
224 224 6.02860063992e-05
225 225 1.0545889984e-05
226 226 1.38276080857e-05
227 227 3.64805239674e-05
228 228 3.65643908308e-05
229 229 7.76553427749e-05
230 230 9.98079961536e-05
231 231 2.21646486639e-05
232 232 7.46241362616e-05
233 233 6.17320065814e-05
234 234 1.83574088081e-07
235 235 9.56960882344e-05
236 236 9.70340143111e-05
237 237 7.81413153265e-05
238 238 9.51483150169e-06
239 239 1.45295829996e-05
240 240 1539.64816368
241 241 6.01415267089e-05
242 242 8.03938474563e-05
243 243 7.68243578062e-05
244 244 5.35711049268e-05
245 245 1.57102320015e-05
246 246 2.44989510465e-05
247 247 5.60120072269e-05
248 248 4.69521234011e-05
249 249 9.16637549768e-05
250 250 1231.35981536
251 251 5464.3651434
252 252 7.16660258081e-05
253 253 6.72055852228e-06
254 254 1.07696324176e-05
255 255 8.80037629953e-05
256 256 6.52282884846e-06
257 257 7.26203202193e-05
258 258 1.47699101661e-05
259 259 2518.71870159
260 260 3865.66876213
261 261 5.22253606244e-05
262 262 9.68310145739e-05
263 263 6.38522758951e-05
264 264 6.12699519849e-05
265 265 5.31717160207e-05
266 266 6.9239871719e-05
267 267 5.75509098691e-05
268 268 6.50178223196e-06
269 269 3.53031925419e-05
270 270 2.29318756267e-06
271 271 3.72296670248e-05
272 272 6.48916846854e-05
273 273 8.4651085894e-05
274 274 9.3404121029e-05
275 275 4737.98576245
276 276 6.54747173971e-05
277 277 8.94197738003e-05
278 278 4365.26721708
279 279 5.64055986358e-05
280 280 5.60368481992e-05
281 281 2.25920980731e-05
282 282 1061.54594707
283 283 3.77834881402e-06
284 284 4456.37413951
285 285 5.0976350916e-05
286 286 5316.17767488
287 287 253.087616099
288 288 2.09039500815e-05
289 289 1.80978179039e-05
290 290 4643.92046347
291 291 2.19611505084e-05
292 292 1196.82314533
293 293 5.19344422811e-05
294 294 1251.06446435
295 295 8.51283050872e-05
296 296 9.46081304566e-05
297 297 9.17682916079e-05
298 298 7.30906099925e-06
299 299 4.35026844359e-05
300 300 6.52910528202e-05
301 301 1.94850471004e-05
302 302 6.55385983193e-05
303 303 5.32518984292e-05
304 304 507.980918659
305 305 2.72790625716e-05
306 306 7.26967529136e-05
307 307 8.83244581294e-05
308 308 2.82030828053e-05
309 309 5281.68048256
310 310 4.08317439126e-05
311 311 2.29396931031e-05
312 312 1.80302484246e-06
313 313 2.90061744009e-05
314 314 5.21520362073e-05
315 315 5.72421471084e-05
316 316 2.07390643444e-05
317 317 4608.9545595
318 318 5.65733886097e-05
319 319 7.99410052361e-06
320 320 8.24582521763e-05
321 321 7.18407512539e-05
322 322 9.46863229266e-05
323 323 9.03046489518e-05
324 324 3.13162184988e-05
325 325 5052.27200442
326 326 3.06444109828e-05
327 327 3750.75425193
328 328 8.19167819041e-05
329 329 1.65606791376e-05
330 330 5.52423209376e-05
331 331 6.89933916172e-06
332 332 4.01280277729e-05
333 333 4.90657129649e-05
334 334 2.47689907482e-05
335 335 3.41910613035e-07
336 336 2.87434951868e-05
337 337 9.01859291651e-05
338 338 544.015837817
339 339 7.48375747575e-06
340 340 5396.57989145
341 341 5.66838454934e-05
342 342 4151.29604992
343 343 67.2795426919
344 344 2.65316341307e-05
345 345 9.49132950913e-05
346 346 5.31649244942e-05
347 347 1.42142322748e-05
348 348 5.25252936538e-07
349 349 5.82883627189e-05
350 350 4.03946068392e-05
351 351 5.74402459495e-05
352 352 844.736549862
353 353 4094.88032717
354 354 1.62833595283e-05
355 355 9.67197896039e-05
356 356 7.0060551646e-05
357 357 2.39945490752e-05
358 358 2.63589721551e-05
359 359 2.24819952929e-05
360 360 1626.58021276
361 361 6.30928846434e-05
362 362 5461.83468354
363 363 9.80610312204e-05
364 364 8.01227517305e-05
365 365 1849.98418753
366 366 3.47723053563e-05
367 367 1.0280241104e-05
368 368 1760.26795112
369 369 7.87898906115e-05
370 370 4.83038277541e-05
371 371 4.97587417644e-05
372 372 8.60133894949e-05
373 373 8.95542362187e-05
374 374 4.04907773946e-06
375 375 6.62550319802e-05
376 376 4.3618562936e-05
377 377 7.85304331731e-05
378 378 3.49090865922e-05
379 379 1.3327588508e-05
380 380 9.58495358891e-05
381 381 9.24149797215e-05
382 382 1.82084288615e-05
383 383 8.50093997559e-05
384 384 4.43297768262e-05
385 385 9.52889867815e-05
386 386 5.69046331605e-05
387 387 9.85677209364e-05
388 388 4.71078215166e-05
389 389 7.72215187307e-05
390 390 899.103209459
391 391 1.12128166308e-05
392 392 2.47456131548e-05
393 393 6.88099133823e-08
394 394 2.17597208171e-05
395 395 3.52057582348e-05
396 396 9.45269279137e-05
397 397 2.74998904581e-05
398 398 8.4724900237e-05
399 399 8.62594260154e-05
400 400 9.30946399271e-06
401 401 6.07963725662e-05
402 402 4.72389421861e-05
403 403 7.88678175042e-06
404 404 4.30776966805e-05
405 405 8.68612042001e-05
406 406 5.96547118842e-05
407 407 5.08211360535e-05
408 408 5253.26228388
409 409 4.44302391852e-05
410 410 2.35623521027e-05
411 411 8.71636990319e-05
412 412 4.64600048189e-05
413 413 2567.60174907
414 414 4187.85568515
415 415 6.86820189376e-05
416 416 1817.47163811
417 417 7.61363334326e-05
418 418 1.97132677666e-05
419 419 9.77850115953e-05
420 420 5243.16427548
421 421 8.08870554407e-05
422 422 5.12605998584e-06
423 423 5621.30574682
424 424 878.316702057
425 425 7.1547293237e-05
426 426 9.13606467175e-05
427 427 4440.11265315
428 428 1.28646775269e-05
429 429 4408.7504086
430 430 6.56614785201e-05
431 431 3863.97203063
432 432 3501.72074522
433 433 1184.10183967
434 434 3.31280361059e-06
435 435 7.20789686365e-06
436 436 3755.54357205
437 437 2.52255906965e-05
438 438 3.7402745247e-05
439 439 6.10383521552e-05
440 440 2.13105025688e-05
441 441 4.75547005323e-05
442 442 4856.7213149
443 443 4132.85181564
444 444 3.90157310537e-05
445 445 2.73654792479e-05
446 446 3.94332075028e-05
447 447 4.02326706075e-05
448 448 4.50045075389e-06
449 449 9.56691058874e-05
450 450 9.76937150855e-05
451 451 1.65167342057e-05
452 452 2847.8821712
453 453 2.18072890592e-05
454 454 5.38459183896e-05
455 455 3.76472787136e-05
456 456 1580.56087192
457 457 3.90703411805e-06
458 458 4069.97414
459 459 4.56978061557e-05
460 460 9.64329663293e-05
461 461 9.07607179275e-05
462 462 4.45665243103e-05
463 463 4719.2657222
464 464 4629.10391074
465 465 2.16962900159e-05
466 466 2.09441252311e-05
467 467 3.3598408638e-05
468 468 3.71039753282e-05
469 469 5599.90448223
470 470 9.17111895146e-05
471 471 2.67186047402e-05
472 472 3.41266555258e-05
473 473 3.38914230435e-05
474 474 8.89729707114e-05
475 475 7.910731172e-05
476 476 263.535459601
477 477 9.91194757982e-05
478 478 9.50190977786e-05
479 479 3.71022724803e-05
480 480 4807.3540823
481 481 8.31657870415e-05
482 482 4897.14439736
483 483 3.6303258018e-05
484 484 6.24317311958e-05
485 485 8.14694525527e-06
486 486 1750.61305508
487 487 4305.07784423
488 488 1.09549242977e-05
489 489 2581.30726264
490 490 8.96874482298e-05
491 491 6.90350886415e-05
492 492 8.25134896067e-05
493 493 8.77928259891e-05
494 494 2.58295952863e-05
495 495 1227.72473332
496 496 7.01488234337e-05
497 497 9.02342101056e-05
498 498 8.23201043541e-05
499 499 7.74752532249e-05
500 500 7.47577388244e-07
501 501 1.88998302537e-05
502 502 2.76093790012e-05
503 503 4.12077589054e-05
504 504 5385.69871779
505 505 3.23145061397e-05
506 506 2501.31964797
507 507 7.43822577074e-05
508 508 6.4584135923e-05
509 509 1.03424162246e-06
510 510 9.96839934413e-05
511 511 1.73494074496e-05
512 512 9.86381896784e-05
513 513 4354.54311029
514 514 2.94306882159e-05
515 515 1415.57467353
516 516 3.86048309948e-05
517 517 357.545200693
518 518 1.7487132178e-05
519 519 3.14767271615e-06
520 520 6.88007486433e-06
521 521 2794.18796341
522 522 1.57399763365e-05
523 523 1980.86922704
524 524 2241.4389547
525 525 7.72566527668e-05
526 526 7.01437077035e-05
527 527 2.56074909561e-05
528 528 1.80530503278e-05
529 529 8.19106853837e-05
530 530 6.27580657133e-05
531 531 8.13519912327e-05
532 532 2.5842056555e-05
533 533 4.64579613465e-05
534 534 8.26982624633e-05
535 535 8.65273173212e-05
536 536 9.57018552468e-05
537 537 4.72169429873e-05
538 538 2.28119281801e-05
539 539 4.39907453842e-05
540 540 5.43668095105e-05
541 541 3.91226394514e-05
542 542 8.76783620158e-05
543 543 4.1152961105e-05
544 544 6.75395632079e-05
545 545 3531.99627042
546 546 5.88667039673e-05
547 547 2497.36246896
548 548 9.39472675302e-05
549 549 9.88822050483e-05
550 550 3.27816032049e-05
551 551 8.43263314622e-05
552 552 2.50641442449e-05
553 553 9.35456408826e-05
554 554 1.62977548374e-05
555 555 9.3428611259e-05
556 556 6.69789945098e-05
557 557 1.89608315927e-06
558 558 6.43741831196e-05
559 559 4.75087841172e-05
560 560 1.3487018632e-05
561 561 4.09091975861e-05
562 562 7.70561695698e-05
563 563 1821.40187121
564 564 3.56882802027e-05
565 565 2072.62843374
566 566 2.70761144931e-06
567 567 5456.04358667
568 568 2623.22596519
569 569 9.68260836063e-05
570 570 5.04493030278e-05
571 571 6.16477928444e-06
572 572 2.47234886346e-05
573 573 4.24716060915e-05
574 574 5359.75904027
575 575 5.9515955346e-05
576 576 6.98913041357e-05
577 577 7.9839211818e-05
578 578 7.85073986646e-05
579 579 1.70220134973e-05
580 580 8.34243588208e-05
581 581 618.246069081
582 582 4.72082647904e-05
583 583 1.60131863361e-05
584 584 2.65565130985e-06
585 585 6.21013026439e-05
586 586 9.47952076299e-05
587 587 3235.98112269
588 588 5095.12008293
589 589 7.39635423013e-05
590 590 3.49318666084e-05
591 591 8.31737999784e-05
592 592 6.41598568923e-05
593 593 3.08086224109e-06
594 594 9.39243602113e-06
595 595 4677.69584304
596 596 2.14172840236e-05
597 597 8.6540813937e-05
598 598 1618.25419275
599 599 8.72703405447e-05
600 600 6.9220618297e-05
601 601 2.2606958837e-05
602 602 7.59098154949e-05
603 603 2116.55096447
604 604 3.58326833392e-05
605 605 5.84751179798e-07
606 606 3.13207821533e-06
607 607 2.30376536496e-05
608 608 9.83488878464e-05
609 609 4.3992893221e-05
610 610 8.35110403411e-05
611 611 3.18370625351e-05
612 612 3114.00904468
613 613 9.8279076658e-05
614 614 1.4750686911e-05
615 615 2403.39401053
616 616 3.37198900636e-05
617 617 5381.98126208
618 618 5456.31369444
619 619 2.55907806379e-05
620 620 2.7056207374e-05
621 621 8.45209227422e-05
622 622 9.9395844621e-05
623 623 3589.8485856
624 624 8.42570729286e-05
625 625 1836.40971658
626 626 8.17709748406e-05
627 627 9.10314134596e-05
628 628 1688.75417659
629 629 3.99008359152e-05
630 630 2.08986330995e-06
631 631 6.94627555497e-05
632 632 7.87626259154e-05
633 633 847.413096213
634 634 7.56135890645e-05
635 635 3.34819972903e-05
636 636 4769.93268361
637 637 2.89864044737e-05
638 638 3.39181133024e-05
639 639 5.2723340246e-05
640 640 9.2620060016e-06
641 641 8.69326367661e-05
642 642 3685.85134782
643 643 1.45591867099e-05
644 644 5.23698576244e-05
645 645 7.44598329968e-05
646 646 9.91204432644e-05
647 647 7.29915404238e-05
648 648 2.15998839075e-05
649 649 8.41894845582e-05
650 650 755.189874851
651 651 4.88365283178e-05
652 652 8.56748468359e-06
653 653 1.15928033553e-05
654 654 4.75478274314e-05
655 655 5.70533846101e-05
656 656 6.44796533325e-05
657 657 4.13505421061e-06
658 658 6.18398553993e-05
659 659 7.12193663782e-05
660 660 6.63884538621e-06
661 661 4.84017471323e-05
662 662 8.60908561001e-05
663 663 3753.89119185
664 664 5523.07634396
665 665 7.18513381707e-05
666 666 2.0321522608e-05
667 667 4.84454930127e-05
668 668 2.10877648133e-05
669 669 1.86268233713e-05
670 670 4.72509862535e-05
671 671 3.3297243958e-06
672 672 6.33287598949e-05
673 673 4.02842559108e-06
674 674 9.17461289239e-05
675 675 1.07832100976e-05
676 676 6.9955805039e-06
677 677 3.59428811438e-05
678 678 2781.47849175
679 679 6.35627605945e-05
680 680 7.10525858567e-06
681 681 454.885257921
682 682 8.61637622491e-05
683 683 9.11313158596e-05
684 684 8.96349866429e-05
685 685 4.04373848256e-05
686 686 264.331553525
687 687 5.00960207542e-05
688 688 7.65972296281e-05
689 689 7.20808057377e-05
690 690 1277.97754687
691 691 1807.20605923
692 692 1132.88130069
693 693 5.99011667809e-06
694 694 4.74381842094e-06
695 695 2.4153965383e-05
696 696 6.62675067367e-05
697 697 4.55359628109e-06
698 698 9.81716979058e-05
699 699 2.34203150149e-05
700 700 9.43309564395e-05
701 701 7.93125430175e-05
702 702 2020.78073482
703 703 6.1736529198e-05
704 704 1.85052662518e-05
705 705 5054.14618482
706 706 3488.2288414
707 707 1.89750516051e-05
708 708 2.4102243089e-05
709 709 3.64974758028e-05
710 710 1.97361403328e-05
711 711 8.53083916173e-05
712 712 7.60671805399e-05
713 713 2.65473135008e-05
714 714 3.141292326e-05
715 715 9.38419983295e-05
716 716 4.68070507083e-05
717 717 2.05333219272e-05
718 718 933.821105696
719 719 8.66041056021e-05
720 720 9.12060658404e-05
721 721 8.38005021112e-05
722 722 7.48501266062e-05
723 723 5404.46064166
724 724 4.49889408253e-05
725 725 3981.82787534
726 726 3.85671106868e-05
727 727 2.85769345171e-05
728 728 5.50630914917e-05
729 729 7.56709717422e-05
730 730 663.337708377
731 731 6.62938287455e-05
732 732 3973.57396096
733 733 3218.47328817
734 734 4.555848726e-05
735 735 1333.44238005
736 736 884.922389062
737 737 7.94577594648e-05
738 738 1439.09244239
739 739 9.33188073199e-07
740 740 4052.90585614
741 741 1.71517053537e-05
742 742 675.308366543
743 743 7.80302793882e-05
744 744 4744.6206913
745 745 3.26259770629e-05
746 746 6.10966734463e-05
747 747 3764.59913956
748 748 6.03877707195e-07
749 749 6.17084982703e-05
750 750 2467.61036728
751 751 4.9585306524e-05
752 752 6.089877962e-05
753 753 5.59549562831e-05
754 754 944.63993883
755 755 2484.68291819
756 756 5.63361952704e-05
757 757 4575.77704984
758 758 5.59463135751e-05
759 759 6.07401857488e-05
760 760 3.87701709737e-05
761 761 5.96671531131e-05
762 762 3464.15755734
763 763 2345.9249112
764 764 2.55820450997e-05
765 765 2.21625614809e-05
766 766 7.05785079901e-05
767 767 3.23439336733e-05
768 768 2.10174580762e-05
769 769 7.18000432883e-05
770 770 9.36638542063e-05
771 771 1177.04798955
772 772 2.76927915305e-05
773 773 1.24523203768e-05
774 774 3.61261970483e-05
775 775 4167.19920673
776 776 5.97882245316e-05
777 777 3373.93399515
778 778 9.21923396562e-05
779 779 7.10141499172e-05
780 780 3707.43594708
781 781 2.76232163382e-05
782 782 4678.2877317
783 783 2.89214399371e-05
784 784 4.50018805288e-05
785 785 5.979848281e-05
786 786 5.86413254957e-05
787 787 3321.26778885
788 788 3184.2048956
789 789 7.02378367793e-05
790 790 2.12223616646e-05
791 791 5.07511569132e-05
792 792 7.69181848567e-05
793 793 2.90464544882e-05
794 794 5.95027867554e-05
795 795 4180.71064298
796 796 7.40700066397e-05
797 797 4.60225653785e-05
798 798 2.37205322525e-05
799 799 7.84818503511e-06
800 800 7.10694870157e-05
801 801 1592.87228361
802 802 3010.16250159
803 803 4.2794407681e-05
804 804 4.11411509065e-06
805 805 3875.4652777
806 806 7.23846780002e-05
807 807 1.4523212164e-05
808 808 2553.84618586
809 809 3.12982664336e-05
810 810 4063.93341722
811 811 6.32993876678e-05
812 812 3.14133735331e-05
813 813 3842.77491904
814 814 9.27786953808e-05
815 815 2132.509827
816 816 2.08946094521e-05
817 817 4.48057623544e-05
818 818 8.46577874631e-06
819 819 5.65055123538e-05
820 820 2.18793609306e-05
821 821 9.02722941716e-06
822 822 1.20116586464e-05
823 823 7.30558954681e-05
824 824 2.88026603018e-06
825 825 1.13014859922e-05
826 826 5.07765282633e-06
827 827 8.95983421482e-05
828 828 6.28160341826e-05
829 829 4260.43404951
830 830 5202.43329059
831 831 5108.35347817
832 832 4.63741630154e-05
833 833 3846.76664531
834 834 847.646398389
835 835 1.30998455071e-05
836 836 2220.18947909
837 837 4.28399743004e-05
838 838 3464.64713385
839 839 3870.58091434
840 840 6.50261119208e-05
841 841 7.64624823452e-05
842 842 3.17525290432e-05
843 843 3.40758779879e-05
844 844 7.83828661314e-05
845 845 8.6197181357e-05
846 846 1.67784644096e-05
847 847 5234.01130084
848 848 3650.06386152
849 849 3.04653577314e-05
850 850 8.85156316487e-05
851 851 2.84142175835e-05
852 852 5.21145245506e-05
853 853 1.893529089e-05
854 854 7.49341864378e-05
855 855 9.91784638893e-05
856 856 7.60863966282e-06
857 857 7.61698056752e-05
858 858 1.95247580016e-05
859 859 8.74316800998e-05
860 860 2.45504546092e-05
861 861 9.85047610801e-05
862 862 2150.55769254
863 863 2.28767457561e-05
864 864 4.91165586975e-05
865 865 7.72622768429e-05
866 866 2.22247766432e-07
867 867 1.57228354233e-05
868 868 95.4336774054
869 869 152.793099273
870 870 2.5294917077e-05
871 871 6.49343346348e-05
872 872 2212.05652639
873 873 7.018566038e-05
874 874 5.65043032225e-05
875 875 9.37185388655e-05
876 876 2601.32576749
877 877 9.97913697889e-05
878 878 386.264314263
879 879 5.31085961746e-05
880 880 2297.9827315
881 881 3.81249632788e-05
882 882 5.26412523939e-05
883 883 3.86308237522e-05
884 884 2198.07334908
885 885 8.99549970391e-05
886 886 7.14660724297e-05
887 887 2.62814446719e-05
888 888 2358.52467461
889 889 1.73631860868e-05
890 890 9.15257386259e-05
891 891 8.48105093197e-05
892 892 7.70619876855e-05
893 893 6.76286770124e-05
894 894 3.80747884837e-05
895 895 2.65712860791e-05
896 896 1.95586621466e-06
897 897 2.18580407866e-05
898 898 1.44321692899e-05
899 899 3724.86017973
900 900 2.96014687309e-05
901 901 5.21386602492e-05
902 902 2104.01379011
903 903 1048.38258735
904 904 9.86838899943e-06
905 905 6.08369675178e-05
906 906 6.49792332367e-05
907 907 8.52570898444e-05
908 908 9.79420423418e-05
909 909 6.97099081617e-05
910 910 7.9007669219e-05
911 911 1.35607165859e-05
912 912 7.60723290689e-05
913 913 1.28835608699e-05
914 914 4362.58123209
915 915 1.89170031167e-05
916 916 6.54807190154e-05
917 917 5510.61616983
918 918 5292.10580337
919 919 2.12019788687e-05
920 920 3.787803152e-05
921 921 3.15438763757e-05
922 922 3170.64340882
923 923 4.10951531738e-05
924 924 4.38690441612e-06
925 925 9.08153476867e-05
926 926 9.76710562473e-05
927 927 372.749752234
928 928 9.2002747523e-05
929 929 8.16673575334e-06
930 930 5.30172936078e-05
931 931 5445.56849054
932 932 4.20468534987e-05
933 933 4.98123461076e-05
934 934 3429.38686191
935 935 4.16651135124e-05
936 936 7.7650005292e-05
937 937 9.33471397748e-05
938 938 3.24122952446e-05
939 939 3.34071178523e-05
940 940 3.58118116815e-05
941 941 3.21383546764e-05
942 942 6.34534738315e-06
943 943 1.77611888715e-05
944 944 6.67789655083e-05
945 945 5570.37644686
946 946 1.48140642147e-05
947 947 1.99838089541e-05
948 948 4.01466903723e-05
949 949 9.09402697553e-05
950 950 2.59663137377e-05
951 951 6.87875280563e-05
952 952 4.14995100328e-05
953 953 9.58524146819e-05
954 954 9.44278589897e-05
955 955 9.99242200349e-05
956 956 9.51681019973e-05
957 957 6.18068369145e-05
958 958 5.60342206993e-05
959 959 2109.7015335
960 960 859.53839841
961 961 2996.9907607
962 962 9.03762053701e-05
963 963 4755.01038748
964 964 6.22707852526e-05
965 965 5.17738911572e-05
966 966 6.84594724116e-05
967 967 3.3922258198e-06
968 968 5372.97021608
969 969 7.34163382318e-05
970 970 8.05592630482e-05
971 971 9.16184892575e-05
972 972 7.90353617743e-05
973 973 8.47467902861e-05
974 974 662.478607962
975 975 3.48972833995e-05
976 976 3.9039501695e-06
977 977 3655.68877573
978 978 4847.82838948
979 979 5.65038393274e-05
980 980 4.80484656683e-05
981 981 1504.41881334
982 982 2.77700300621e-05
983 983 4.30705256359e-05
984 984 9.54282507454e-06
985 985 1.24666203528e-05
986 986 8.54416759288e-05
987 987 9.33536578117e-05
988 988 3849.55800737
989 989 1994.37656189
990 990 3.31527175653e-05
991 991 9.09343355083e-05
992 992 3.98849280919e-05
993 993 9.64913876485e-05
994 994 4.03124020197e-05
995 995 4.46280795345e-05
996 996 6.16637242474e-05
997 997 7.87617705671e-05
998 998 8.78884740476e-05
999 999 9.53333996756e-05
1000 1000 7.97074846181e-05
1001 1001 5222.56081422
1002 1002 7.42387292649e-05
1003 1003 4666.59597591
1004 1004 1.72334092888e-05
1005 1005 6.6144673398e-05
1006 1006 3875.55786098
1007 1007 4672.13334112
1008 1008 2.60338567645e-05
1009 1009 9.57105082763e-05
1010 1010 3999.95896588
1011 1011 942.100627841
1012 1012 6.9087621577e-05
1013 1013 2145.29971112
1014 1014 8.59536856557e-05
1015 1015 2731.1200788
1016 1016 3400.78894601
1017 1017 4003.82354137
1018 1018 8.36723917824e-05
1019 1019 8.80283743682e-05
1020 1020 6.17938498515e-05
1021 1021 7.96244423148e-05
1022 1022 4248.90505819
1023 1023 9.11392475001e-05
1024 1024 7.08112112019e-05
1025 1025 1.71891323912e-05
1026 1026 4.78933819693e-06
1027 1027 5.02612812968e-05
1028 1028 4.62582951879e-05
1029 1029 1431.69190427
1030 1030 9.08151811146e-06
1031 1031 2.85212131024e-05
1032 1032 5.25817645353e-05
1033 1033 9.82741062118e-05
1034 1034 1.29740669338e-05
1035 1035 4.21014914834e-05
1036 1036 9.12590664203e-05
1037 1037 1348.74499044
1038 1038 2.67636349617e-05
1039 1039 2.97279819162e-05
1040 1040 2097.92289403
1041 1041 6.84348164028e-05
1042 1042 6.61384658784e-05
1043 1043 2790.38182552
1044 1044 1.39250999955e-05
1045 1045 5.35341736313e-06
1046 1046 6.676538501e-05
1047 1047 5.5735426916e-05
1048 1048 3632.58921735
1049 1049 1.97929662328e-05
1050 1050 6.65820286375e-05
1051 1051 1291.6855817
1052 1052 7.47998004873e-05
1053 1053 1073.96234256
1054 1054 6.09198528833e-05
1055 1055 8.28990989729e-05
1056 1056 3.14130419392e-05
1057 1057 8.31192458276e-05
1058 1058 4.180858733e-05
1059 1059 7.57494499913e-05
1060 1060 5.73928899514e-05
1061 1061 6.65132860167e-05
1062 1062 1157.44972534
1063 1063 4041.70683247
1064 1064 3.13532494741e-05
1065 1065 7.47587771721e-05
1066 1066 5.16081704177e-05
1067 1067 2.94303057589e-05
1068 1068 8.45604935322e-05
1069 1069 9.93820261343e-06
1070 1070 2.58567056739e-05
1071 1071 7.23512376771e-05
1072 1072 507.85593735
1073 1073 5.79006828887e-06
1074 1074 2.10481811672e-05
1075 1075 4.27279607142e-05
1076 1076 2926.49983339
1077 1077 3.11868541316e-05
1078 1078 8.4630278696e-05
1079 1079 5.12221587091e-05
1080 1080 4002.3643362
1081 1081 2.57145206381e-05
1082 1082 4.62477967967e-05
1083 1083 5.83347720175e-05
1084 1084 693.023430926
1085 1085 4147.48342132
1086 1086 2.58451915182e-05
1087 1087 4.01222165728e-05
1088 1088 1304.58915404
1089 1089 7.07754942317e-05
1090 1090 3.29968962061e-05
1091 1091 1.96132577754e-05
1092 1092 6.16566052482e-05
1093 1093 7.30969423498e-05
1094 1094 1145.60758603
1095 1095 6.44729753424e-05
1096 1096 7.95232650149e-05
1097 1097 4295.36993187
1098 1098 5.91100294418e-05
1099 1099 5.70925468527e-05
1100 1100 5.30458349077e-05
1101 1101 1.29622515386e-05
1102 1102 4.3718657397e-05
1103 1103 4938.93601863
1104 1104 6.25249154232e-05
1105 1105 6.89659444085e-05
1106 1106 2.15604935345e-05
1107 1107 5.91377626057e-05
1108 1108 9.45064713544e-05
1109 1109 8.73898898884e-05
1110 1110 7.71492509794e-06
1111 1111 5.84870529015e-05
1112 1112 3.05315112502e-05
1113 1113 9.48329756341e-05
1114 1114 8.1886238702e-05
1115 1115 2332.51925044
1116 1116 6.94498599212e-05
1117 1117 9.46071051326e-05
1118 1118 4.06266922298e-05
1119 1119 7.50347466405e-05
1120 1120 2505.41345603
1121 1121 4730.94146061
1122 1122 7.84486798896e-05
1123 1123 4.28218346735e-05
1124 1124 2.97280424423e-05
1125 1125 5.92317923894e-05
1126 1126 5.85506861366e-05
1127 1127 8.3893277479e-05
1128 1128 6.58189397335e-05
1129 1129 4.17370913932e-05
1130 1130 1.95824703708e-05
1131 1131 4.86633092504e-05
1132 1132 4929.54063822
1133 1133 7.02181754517e-05
1134 1134 9.35803868173e-05
1135 1135 8.27453460894e-05
1136 1136 4.56936724045e-05
1137 1137 5.52449942384e-05
1138 1138 3.13378263638e-05
1139 1139 6.72634982504e-05
1140 1140 5168.88311389
1141 1141 9.14312096094e-05
1142 1142 3.61295383573e-06
1143 1143 4.178751409e-05
1144 1144 1.64512027781e-05
1145 1145 3.71511711721e-05
1146 1146 5.54290764509e-05
1147 1147 865.356262977
1148 1148 9.82645855599e-05
1149 1149 5.28227646774e-05
1150 1150 6.0085514324e-05
1151 1151 3.54313840385e-05
1152 1152 3820.49672351
1153 1153 1306.29065464
1154 1154 2042.07937638
1155 1155 8.36973041999e-05
1156 1156 4.71878428073e-06
1157 1157 2362.73335258
1158 1158 8.3088228133e-05
1159 1159 4417.03855262
1160 1160 1059.37012097
1161 1161 1046.58655582
1162 1162 3.62225595993e-05
1163 1163 1193.53252953
1164 1164 1.50767833784e-05
1165 1165 1.03443329599e-05
1166 1166 6.08917828611e-05
1167 1167 2.67293617237e-05
1168 1168 6.76842728151e-05
1169 1169 2.28504189826e-05
1170 1170 7.13706346086e-05
1171 1171 2097.76848655
1172 1172 7.03868362799e-05
1173 1173 5.14699278834e-05
1174 1174 3593.96446579
1175 1175 1.70292753998e-05
1176 1176 2.59409947295e-05
1177 1177 4.95006028201e-05
1178 1178 2.32713786367e-05
1179 1179 374.70796841
1180 1180 8.14804131933e-05
1181 1181 1398.13775382
1182 1182 561.385876291
1183 1183 2.01225908173e-05
1184 1184 6.02456391902e-05
1185 1185 4755.75007246
1186 1186 3.37124611999e-05
1187 1187 4.75124040644e-05
1188 1188 8.29587454462e-05
1189 1189 6.42808806949e-05
1190 1190 8.00532708103e-05
1191 1191 6.02624270902e-06
1192 1192 8.13794682855e-05
1193 1193 3905.64064451
1194 1194 9.17627395617e-05
1195 1195 3.73029384448e-06
1196 1196 5166.2882084
1197 1197 9.37044828383e-05
1198 1198 7.02130116092e-05
1199 1199 4.21511657401e-05
1200 1200 2592.08441296
1201 1201 9.36917769557e-05
1202 1202 3670.59480541
1203 1203 2.03387011335e-05
1204 1204 1057.09955078
1205 1205 1474.83009368
1206 1206 9.41322524422e-05
1207 1207 6.10556068206e-05
1208 1208 3593.03169556
1209 1209 7.54933527055e-05
1210 1210 5.95058231543e-05
1211 1211 6.88472290057e-05
1212 1212 1177.71273117
1213 1213 7.42209683439e-05
1214 1214 1.62754803859e-05
1215 1215 8.88905547645e-06
1216 1216 7.81218183366e-05
1217 1217 3.29788507912e-05
1218 1218 7.08284083595e-06
1219 1219 4.10441210961e-05
1220 1220 2.56123004623e-05
1221 1221 7.89961717049e-05
1222 1222 420.67988754
1223 1223 3227.71664291
1224 1224 9.23044004652e-05
1225 1225 2835.52502348
1226 1226 7.19241776771e-05
1227 1227 3.42787525085e-05
1228 1228 3.46405402297e-05
1229 1229 5.45822534818e-05
1230 1230 4721.83812697
1231 1231 6.51957760635e-05
1232 1232 8.29559284936e-05
1233 1233 5.84129298138e-05
1234 1234 2.38514970878e-05
1235 1235 8.27587233948e-05
1236 1236 2.49128073334e-05
1237 1237 8.06033200162e-05
1238 1238 989.025718418
1239 1239 5.97210466786e-05
1240 1240 4.30268507864e-05
1241 1241 4.42672123271e-05
1242 1242 7.18726993637e-05
1243 1243 4.24509884495e-05
1244 1244 6.87619327522e-05
1245 1245 6.4104911982e-06
1246 1246 3.73444442624e-05
1247 1247 5200.19933189
1248 1248 8.61611191325e-06
1249 1249 3.36412179413e-05
1250 1250 2964.68222506
1251 1251 3.26491716947e-05
1252 1252 8.95117196357e-05
1253 1253 9.06980045076e-05
1254 1254 1.64314947205e-05
1255 1255 1485.17962354
1256 1256 6.53938594018e-05
1257 1257 4.57398684945e-05
1258 1258 7.49834616823e-05
1259 1259 9.98077661532e-06
1260 1260 7.47920212747e-05
1261 1261 5.75613542242e-05
1262 1262 8.37001302665e-05
1263 1263 5.4911777109e-05
1264 1264 5.96224273655e-05
1265 1265 3967.85297072
1266 1266 1871.6882394
1267 1267 3954.62555655
1268 1268 6.79808331726e-05
1269 1269 1.58407032941e-06
1270 1270 8.53074173537e-05
1271 1271 7.64481744321e-05
1272 1272 9.20057005128e-05
1273 1273 2481.28380352
1274 1274 3.76309667157e-05
1275 1275 5.66289426184e-05
1276 1276 4483.82619477
1277 1277 5.05149965652e-05
1278 1278 4.2288064586e-05
1279 1279 9.68883058919e-05
1280 1280 9.87318069502e-05
1281 1281 2.28536490285e-05
1282 1282 4.22940577295e-05
1283 1283 480.056990317
1284 1284 7.5017280119e-05
1285 1285 1.84613484744e-05
1286 1286 7.39229317443e-05
1287 1287 2.81244937815e-05
1288 1288 1000.87830349
1289 1289 8.17743641965e-05
1290 1290 6.16259184737e-05
1291 1291 981.332807783
1292 1292 6.96694080662e-05
1293 1293 3802.6280439
1294 1294 8.44083782883e-05
1295 1295 7.25593954998e-06
1296 1296 4.57803350716e-06
1297 1297 2874.63567967
1298 1298 8.8462237909e-05
1299 1299 8.13499088486e-06
1300 1300 7.44398704064e-05
1301 1301 4.15116421393e-05
1302 1302 7.23254526875e-05
1303 1303 1.97588855405e-05
1304 1304 1.11494250137e-05
1305 1305 3.18839616148e-06
1306 1306 5.36889776907e-05
1307 1307 4027.06636064
1308 1308 4.28216607226e-07
1309 1309 1479.6436328
1310 1310 1757.65929596
1311 1311 9.8344029361e-05
1312 1312 5.84368094103e-06
1313 1313 2187.7366061
1314 1314 3.15483565809e-05
1315 1315 4730.83801807
1316 1316 5.55710826507e-05
1317 1317 5.67169594737e-05
1318 1318 9.09851686474e-05
1319 1319 6.21997241562e-05
1320 1320 1.30879595996e-05
1321 1321 3786.36226371
1322 1322 6.84947041588e-05
1323 1323 2344.30207273
1324 1324 7.9858522636e-05
1325 1325 3586.53391924
1326 1326 4471.18415779
1327 1327 1406.84455934
1328 1328 9.0478394741e-05
1329 1329 4.50914611574e-05
1330 1330 4.24407955413e-05
1331 1331 4.41202149427e-05
1332 1332 1.4525119962e-05
1333 1333 300.676936102
1334 1334 6.32408563409e-05
1335 1335 3.84718540943e-05
1336 1336 7.8080365013e-05
1337 1337 3092.10913815
1338 1338 2794.32746764
1339 1339 4568.31592135
1340 1340 2191.3070819
1341 1341 2.7879070923e-05
1342 1342 3.91615077422e-05
1343 1343 2209.20432742
1344 1344 1.53223471707e-05
1345 1345 7.29843921461e-05
1346 1346 9.08989178938e-05
1347 1347 9.32950169142e-05
1348 1348 2.44933239652e-05
1349 1349 2.63253497504e-05
1350 1350 9.60116206087e-05
1351 1351 4225.83554346
1352 1352 1802.71465042
1353 1353 9.06241020328e-05
1354 1354 4.16902837521e-05
1355 1355 9.24743498206e-05
1356 1356 2.2952569997e-05
1357 1357 5.64259531785e-05
1358 1358 1.44157811885e-05
1359 1359 4458.680792
1360 1360 4.62096394103e-05
1361 1361 8.10082383077e-05
1362 1362 1.87694921759e-05
1363 1363 616.60621749
1364 1364 1706.31547153
1365 1365 5.20389900638e-05
1366 1366 2187.34287077
1367 1367 1.87127324414e-05
1368 1368 8.13020777425e-05
1369 1369 5.54811015741e-05
1370 1370 4.11596838373e-05
1371 1371 6.50016173042e-05
1372 1372 3.70313952215e-05
1373 1373 4686.07096823
1374 1374 2.99185902194e-05
1375 1375 5.26806759138e-05
1376 1376 9.82709626652e-05
1377 1377 9.82573253888e-05
1378 1378 8.27967095706e-05
1379 1379 1601.99472015
1380 1380 7.03726610147e-05
1381 1381 1.96907584476e-05
1382 1382 4246.66621368
1383 1383 3863.5468672
1384 1384 6.95772827171e-05
1385 1385 1.05564130882e-05
1386 1386 2755.73373911
1387 1387 1.62187880155e-05
1388 1388 1.14466378528e-05
1389 1389 3286.638894
1390 1390 2.13464620252e-05
1391 1391 7.67824000745e-05
1392 1392 1.3732849661e-05
1393 1393 1.6940697767e-05
1394 1394 4891.61989034
1395 1395 7.86468701207e-05
1396 1396 5.73948196707e-05
1397 1397 9.11980446517e-05
1398 1398 2540.28610403
1399 1399 3417.79521436
1400 1400 8.14483775616e-05
1401 1401 4.32294569879e-05
1402 1402 1.54125938171e-05
1403 1403 5.61996642905e-05
1404 1404 8.9325724633e-05
1405 1405 7.78599916738e-05
1406 1406 3489.7057137
1407 1407 2.06966451896e-05
1408 1408 6.27190265865e-05
1409 1409 6.68124638567e-05
1410 1410 2201.88470642
1411 1411 8.93991819994e-06
1412 1412 3293.65543707
1413 1413 4.66250090602e-05
1414 1414 5.44479591334e-05
1415 1415 3.51426428333e-05
1416 1416 9.70079889455e-05
1417 1417 4.47841499592e-05
1418 1418 1.38530451364e-05
1419 1419 1.29296961117e-05
1420 1420 5.20611305617e-05
1421 1421 2.88449059838e-05
1422 1422 7.78072043276e-05
1423 1423 2376.91146209
1424 1424 6.99314626254e-05
1425 1425 5.5968834827e-06
1426 1426 5.47965249074e-05
1427 1427 5.80966944514e-05
1428 1428 3809.18045324
1429 1429 6.80366994924e-05
1430 1430 5.67147039205e-05
1431 1431 5364.23718461
1432 1432 5.71131101793e-05
1433 1433 2459.5321114
1434 1434 7.39735075184e-05
1435 1435 9.80828869145e-05
1436 1436 7.48641874969e-05
1437 1437 8.7904368225e-05
1438 1438 2.88435174329e-05
1439 1439 6.30152916651e-05
1440 1440 8.74050212007e-05
1441 1441 4077.84153137
1442 1442 436.302309157
1443 1443 1.85286387992e-05
1444 1444 2.39655866026e-05
1445 1445 7.376324076e-05
1446 1446 2.07009536569e-05
1447 1447 4.99536050257e-05
1448 1448 7.52240763177e-05
1449 1449 1.93370359203e-05
1450 1450 3.48088872811e-05
1451 1451 5.07649521097e-05
1452 1452 7.15860012444e-05
1453 1453 7.01378484609e-05
1454 1454 8.47337382456e-05
1455 1455 6.01068065582e-05
1456 1456 2.32524769851e-05
1457 1457 2.69668172146e-05
1458 1458 4.63820348933e-06
1459 1459 2599.7496391
1460 1460 3.49350029973e-05
1461 1461 3311.68031179
1462 1462 8.00120137926e-06
1463 1463 3059.74375585
1464 1464 7.33619893367e-05
1465 1465 9.0750641363e-05
1466 1466 5.76687698302e-05
1467 1467 7.48365663369e-05
1468 1468 5.81099767901e-05
1469 1469 3.82855449427e-05
1470 1470 4.09102360796e-05
1471 1471 8.75607709071e-05
1472 1472 1.62396977395e-05
1473 1473 9.04039496882e-05
1474 1474 2.95016904916e-05
1475 1475 2.33815845049e-05
1476 1476 510.195106989
1477 1477 4419.61974954
1478 1478 4523.45260428
1479 1479 2409.69367491
1480 1480 4286.73597821
1481 1481 9.88866119514e-05
1482 1482 2365.56712001
1483 1483 606.217442046
1484 1484 1.64568763805e-05
1485 1485 5394.89766504
1486 1486 6.79303490953e-05
1487 1487 9.83133406309e-05
1488 1488 9.39784198288e-05
1489 1489 1.05905698049e-05
1490 1490 8.1655253816e-05
1491 1491 3.43003274865e-05
1492 1492 3.32385720371e-05
1493 1493 7.73190877579e-05
1494 1494 3165.56609798
1495 1495 109.64612355
1496 1496 4.32948142093e-05
1497 1497 5.63030916702e-05
1498 1498 946.232031972
1499 1499 5620.92694442
1500 1500 3.76504948142e-05
1501 1501 8.63697007402e-05
1502 1502 5340.94652749
1503 1503 2452.51427487
1504 1504 4.43960181971e-05
1505 1505 2.24709036807e-05
1506 1506 3829.84436333
1507 1507 8.94155849001e-05
1508 1508 2.38547386669e-05
1509 1509 3.03312263626e-05
1510 1510 5.87193630085e-05
1511 1511 8.79724511606e-05
1512 1512 2.9601049209e-05
1513 1513 6.79265570698e-05
1514 1514 8.03054883183e-05
1515 1515 6.15868583421e-05
1516 1516 6.15042477259e-05
1517 1517 3.96543048867e-05
1518 1518 9.2970443531e-05
1519 1519 1744.70816085
1520 1520 1408.65944693
1521 1521 6.15200745994e-05
1522 1522 1.59231952748e-05
1523 1523 5473.8066332
1524 1524 4.31278292689e-05
1525 1525 3025.50727978
1526 1526 7.69144624146e-05
1527 1527 4.3932912836e-05
1528 1528 4.43798135524e-05
1529 1529 8.39738900515e-05
1530 1530 9.54438499489e-05
1531 1531 5543.83778039
1532 1532 9.05038961756e-05
1533 1533 5.51290877407e-05
1534 1534 2.08339385371e-05
1535 1535 7.48622860352e-05
1536 1536 2.54044330318e-05
1537 1537 8.9372893651e-06
1538 1538 4.63991076505e-05
1539 1539 4.80968467331e-05
1540 1540 1.02527746289e-05
1541 1541 5129.38014773
1542 1542 4.45070153225e-05
1543 1543 7.32077010227e-05
1544 1544 3347.77298424
1545 1545 4.68082220504e-05
1546 1546 6.49393553064e-05
1547 1547 2.06374040716e-05
1548 1548 7.44263350296e-05
1549 1549 2379.97784275
1550 1550 7.5104922151e-05
1551 1551 8.42515919325e-05
1552 1552 5.10984193208e-05
1553 1553 1.01897732393e-05
1554 1554 7.31114215719e-05
1555 1555 8.35522041822e-05
1556 1556 9.77720578926e-06
1557 1557 7.90586529914e-05
1558 1558 6.92464119102e-05
1559 1559 2.76191963108e-05
1560 1560 6.33219027379e-05
1561 1561 5.06029303303e-05
1562 1562 5.02909823756e-05
1563 1563 999.891210438
1564 1564 156.260271596
1565 1565 5.21896449644e-05
1566 1566 1633.63121425
1567 1567 8.1210639825e-06
1568 1568 2217.34814689
1569 1569 1.2030375352e-06
1570 1570 5.21979275619e-05
1571 1571 6.85872065785e-05
1572 1572 1616.40532374
1573 1573 6.48643399744e-05
1574 1574 8.32034049418e-05
1575 1575 709.969795477
1576 1576 5.08796274259e-05
1577 1577 4733.57698874
1578 1578 390.829869581
1579 1579 2.07748346887e-05
1580 1580 1862.78919059
1581 1581 4.34795917321e-05
1582 1582 6.69744015217e-05
1583 1583 1618.85638167
1584 1584 9.55442768568e-05
1585 1585 9.80644254527e-05
1586 1586 1.42916208872e-05
1587 1587 1906.8741153
1588 1588 9.60861803597e-06
1589 1589 2.3943422911e-05
1590 1590 2.92160144803e-05
1591 1591 2086.12870899
1592 1592 5.2240778132e-05
1593 1593 2098.3584975
1594 1594 8.98609513559e-05
1595 1595 4.88035099976e-05
1596 1596 4985.96858795
1597 1597 9.72522082022e-05
1598 1598 430.487756337
1599 1599 2385.89624598
1600 1600 4.58399695528e-05
1601 1601 5.41883759678e-05
1602 1602 6.30651570243e-05
1603 1603 406.244383534
1604 1604 2470.18868117
1605 1605 3.8337508219e-06
1606 1606 5.12860201795e-06
1607 1607 1.15564690967e-05
1608 1608 3.66834104818e-05
1609 1609 1.72797592219e-05
1610 1610 7.38794744071e-05
1611 1611 4893.92008298
1612 1612 8.41685195185e-05
1613 1613 3.63759730379e-06
1614 1614 1709.39781526
1615 1615 6.7162383948e-05
1616 1616 3.34524029229e-07
1617 1617 5.05556159466e-05
1618 1618 5447.28256524
1619 1619 7.51087161548e-05
1620 1620 2.84643017113e-05
1621 1621 4.78203054838e-05
1622 1622 5298.30104756
1623 1623 8.77741785792e-05
1624 1624 4.65775465782e-06
1625 1625 9.11012391342e-05
1626 1626 4435.04978073
1627 1627 9.15884490888e-05
1628 1628 5.87148126186e-05
1629 1629 660.829355514
1630 1630 7.26277162738e-05
1631 1631 7.46653141995e-05
1632 1632 2.37610163049e-05
1633 1633 2285.60541363
1634 1634 2095.75594098
1635 1635 1.17773944671e-05
1636 1636 103.134230403
1637 1637 3.05963925781e-05
1638 1638 1977.83183188
1639 1639 3583.16883516
1640 1640 507.671116328
1641 1641 1.78799098378e-05
1642 1642 1.5731610987e-06
1643 1643 3.94962211166e-05
1644 1644 3152.64468613
1645 1645 2.10206478422e-05
1646 1646 7.92763108191e-05
1647 1647 1.0606614833e-05
1648 1648 7.69103021945e-05
1649 1649 7.60985629434e-05
1650 1650 1478.67345379
1651 1651 7.45685755495e-05
1652 1652 3.27542973334e-05
1653 1653 9.30666915116e-05
1654 1654 2.33801413349e-05
1655 1655 7.63009201462e-05
1656 1656 2.22469632705e-05
1657 1657 7.77767357222e-05
1658 1658 5335.33858764
1659 1659 8.11175859624e-05
1660 1660 9.51384019164e-05
1661 1661 1.41577990298e-06
1662 1662 6.24265483913e-05
1663 1663 3.12795102183e-05
1664 1664 1952.44291228
1665 1665 7.53101735836e-05
1666 1666 8.52496511373e-05
1667 1667 4.45176265845e-06
1668 1668 8.27096934397e-05
1669 1669 1301.34352728
1670 1670 7.050938959e-05
1671 1671 5.77744495323e-05
1672 1672 1913.08847133
1673 1673 4.66935548586e-05
1674 1674 3.86980157547e-05
1675 1675 5.4355986739e-05
1676 1676 1367.84957451
1677 1677 4.96364062066e-05
1678 1678 4102.80740256
1679 1679 3237.88612758
1680 1680 9.36115146372e-05
1681 1681 7.77709296567e-05
1682 1682 4.79788281388e-05
1683 1683 5.6897868799e-05
1684 1684 1.95256375861e-05
1685 1685 9.9364508697e-05
1686 1686 8.3301574261e-05
1687 1687 1.31939100164e-05
1688 1688 1.63059964322e-05
1689 1689 3.8149071952e-05
1690 1690 2.26303302543e-05
1691 1691 1.39466438588e-05
1692 1692 8.04878812756e-05
1693 1693 21.4867285402
1694 1694 3802.128526
1695 1695 3.4548064121e-05
1696 1696 4924.99264116
1697 1697 2441.30207986
1698 1698 4420.97322272
1699 1699 2.08458226181e-05
1700 1700 1611.40340628
1701 1701 3.97402159614e-05
1702 1702 2.34764585689e-05
1703 1703 7.66979562729e-05
1704 1704 670.879115094
1705 1705 840.088616952
1706 1706 3914.71939429
1707 1707 7.76349066869e-05
1708 1708 3.62507291726e-05
1709 1709 3560.89186235
1710 1710 4.68868901258e-05
1711 1711 116.426421894
1712 1712 4367.23781002
1713 1713 2151.8865246
1714 1714 4.01905670624e-05
1715 1715 8.30752539634e-05
1716 1716 2.89536479027e-05
1717 1717 1711.0128737
1718 1718 3.88946703847e-05
1719 1719 5410.9480913
1720 1720 3478.44946626
1721 1721 1477.32442837
1722 1722 4965.82278821
1723 1723 5.42424392938e-05
1724 1724 2.1362846556e-05
1725 1725 6.78215613018e-05
1726 1726 8.2427162605e-05
1727 1727 4562.17831984
1728 1728 7.0543661645e-05
1729 1729 8.36020391677e-05
1730 1730 4856.39070564
1731 1731 5337.48716895
1732 1732 508.879743925
1733 1733 9.98895872239e-05
1734 1734 266.819557864
1735 1735 5578.37242137
1736 1736 4.80529417115e-06
1737 1737 9.03960394224e-05
1738 1738 4080.92021057
1739 1739 7.25295820537e-05
1740 1740 5.13595791936e-05
1741 1741 6.33847682438e-05
1742 1742 6.16823296366e-05
1743 1743 6.50530650158e-05
1744 1744 5.87700213736e-05
1745 1745 2321.39144687
1746 1746 3.58071068228e-05
1747 1747 9.4191782629e-07
1748 1748 8.16472656901e-06
1749 1749 903.191752798
1750 1750 7.49255673397e-05
1751 1751 1690.33887339
1752 1752 2.46721952496e-05
1753 1753 8.01054328886e-05
1754 1754 4250.31322937
1755 1755 1514.42016793
1756 1756 2079.72982984
1757 1757 4401.15496122
1758 1758 8.46863629528e-05
1759 1759 9.83653314931e-05
1760 1760 2.55233455473e-05
1761 1761 3.13662670162e-05
1762 1762 1.59382979146e-06
1763 1763 7.57362010243e-05
1764 1764 3.3963760304e-05
1765 1765 7.35376528398e-06
1766 1766 2.40044868992e-05
1767 1767 5454.31329769
1768 1768 6.76088798822e-05
1769 1769 9.03985582505e-05
1770 1770 5.84701814408e-05
1771 1771 8.40798301711e-05
1772 1772 1.44036599766e-05
1773 1773 5053.46915244
1774 1774 9.36335259605e-05
1775 1775 3.57833737706e-05
1776 1776 2.15548413829e-05
1777 1777 2952.65294555
1778 1778 4.45599866025e-06
1779 1779 1.00965551118e-05
1780 1780 7.36272468274e-05
1781 1781 8.11962199155e-05
1782 1782 1.81050090796e-05
1783 1783 2.6004362049e-05
1784 1784 1680.55803292
1785 1785 3.00619527567e-05
1786 1786 2181.80902537
1787 1787 5.9228914862e-05
1788 1788 2.21174135877e-05
1789 1789 8.90695181104e-05
1790 1790 7.77145228355e-06
1791 1791 7.4406650059e-05
1792 1792 9.33540493786e-05
1793 1793 6.40238134927e-05
1794 1794 148.772032244
1795 1795 4.39918371818e-05
1796 1796 4480.28989411
1797 1797 3541.49988857
1798 1798 5.14101053662e-05
1799 1799 2.62202724734e-05
1800 1800 1873.80881968
1801 1801 4.10755769027e-05
1802 1802 2.09113815224e-05
1803 1803 9.10332958915e-05
1804 1804 9.38825614939e-05
1805 1805 2.81993972224e-05
1806 1806 4.6041727891e-05
1807 1807 3.14501363337e-05
1808 1808 1.82756701448e-05
1809 1809 2855.7752872
1810 1810 6.04988219712e-05
1811 1811 7.33441615173e-05
1812 1812 7.73093629536e-05
1813 1813 7.07452907172e-05
1814 1814 1815.81352195
1815 1815 9.54803727635e-05
1816 1816 9.77619071663e-05
1817 1817 2823.6407743
1818 1818 6.39841937034e-05
1819 1819 4103.88090804
1820 1820 9.39589968132e-05
1821 1821 5.05873392013e-05
1822 1822 1.98275121966e-05
1823 1823 3.39702585829e-05
1824 1824 3.02242096557e-05
1825 1825 3339.48520346
1826 1826 3.3187546826e-05
1827 1827 709.587850307
1828 1828 3.86204835476e-05
1829 1829 5.66076691961e-05
1830 1830 1.05642637111e-05
1831 1831 4497.8909976
1832 1832 3.39482569113e-05
1833 1833 2781.60116498
1834 1834 431.743242388
1835 1835 4476.64776458
1836 1836 3.36420594903e-05
1837 1837 8.9943296533e-05
1838 1838 7.59054557226e-05
1839 1839 1939.20865922
1840 1840 8.16863595286e-05
1841 1841 7.40955665443e-05
1842 1842 8.99705252411e-05
1843 1843 2.60040944435e-05
1844 1844 5555.43271287
1845 1845 4.08055032229e-05
1846 1846 6.58906846002e-05
1847 1847 2.56008561669e-06
1848 1848 2.07428649371e-05
1849 1849 5444.92209305
1850 1850 2.46405479707e-05
1851 1851 7.59946188603e-05
1852 1852 9.78755216988e-05
1853 1853 1.21408225073e-05
1854 1854 3126.52907384
1855 1855 5.64625059075e-05
1856 1856 3.03992123287e-05
1857 1857 2.00046817745e-06
1858 1858 9.53786612926e-05
1859 1859 5.24904506012e-05
1860 1860 21.9065755957
1861 1861 8.35944515256e-05
1862 1862 2.16976045234e-06
1863 1863 5.21431206023e-05
1864 1864 2.60702505428e-05
1865 1865 2657.91501688
1866 1866 4.64080413897e-05
1867 1867 1.19694453446e-05
1868 1868 5.54998598852e-05
1869 1869 3.83497393763e-05
1870 1870 1.48469867768e-05
1871 1871 4.7427883615e-05
1872 1872 2.95131684159e-06
1873 1873 109.133595891
1874 1874 9.95678566004e-05
1875 1875 2824.84893886
1876 1876 3.37843069779e-05
1877 1877 1.29285402434e-05
1878 1878 6.35798733578e-05
1879 1879 6.05524340689e-06
1880 1880 1.36467995325e-05
1881 1881 2.15728011993e-05
1882 1882 4811.24847139
1883 1883 5076.26095476
1884 1884 4400.41932949
1885 1885 9.41177282962e-05
1886 1886 4002.08014238
1887 1887 2.98560617598e-05
1888 1888 1510.0686856
1889 1889 5381.32536415
1890 1890 5.89590329783e-05
1891 1891 6.70042352388e-05
1892 1892 3650.31565141
1893 1893 4.28577141966e-05
1894 1894 3.62976453311e-05
1895 1895 5612.43061246
1896 1896 5484.77278266
1897 1897 2.0323832934e-05
1898 1898 6.3641635106e-05
1899 1899 5.79296722101e-05
1900 1900 9.72744989331e-05
1901 1901 7.76492622951e-06
1902 1902 5.39204007657e-05
1903 1903 2054.25838515
1904 1904 3.75603972481e-05
1905 1905 4552.73154378
1906 1906 18.0520678584
1907 1907 4.34871719725e-05
1908 1908 6.9598422769e-05
1909 1909 3.93281547137e-05
1910 1910 9.81562707872e-05
1911 1911 5456.96865102
1912 1912 1.94001822171e-05
1913 1913 7.57741252832e-05
1914 1914 9.22400715712e-05
1915 1915 5.69213288728e-06
1916 1916 5303.94862206
1917 1917 899.564451214
1918 1918 4.75230400749e-05
1919 1919 2062.17719863
1920 1920 7.01881717475e-05
1921 1921 9.49256716953e-05
1922 1922 5.52582014285e-05
1923 1923 2777.90968156
1924 1924 4.2395939804e-05
1925 1925 8.75881186094e-05
1926 1926 8.2856995514e-05
1927 1927 4942.78637846
1928 1928 8.58881179714e-05
1929 1929 1.5893987885e-05
1930 1930 2.88018190622e-05
1931 1931 1684.16488829
1932 1932 7.08064440283e-05
1933 1933 4.62135587838e-06
1934 1934 2.56128950724e-05
1935 1935 6.91634022127e-05
1936 1936 5274.72311598
1937 1937 2.91249886108e-05
1938 1938 8.56817038108e-06
1939 1939 9.91082679646e-05
1940 1940 3.79114512093e-06
1941 1941 4.11604000081e-06
1942 1942 1.44306996947e-05
1943 1943 9.76783706923e-05
1944 1944 5540.89162178
1945 1945 6.68334078922e-05
1946 1946 4795.34404127
1947 1947 9.40600742505e-05
1948 1948 4.97105137886e-05
1949 1949 4.2924346239e-05
1950 1950 2.67840161374e-05
1951 1951 3.48491962679e-06
1952 1952 5.29447594735e-05
1953 1953 3791.41377967
1954 1954 3.26475113011e-05
1955 1955 2.65426854996e-05
1956 1956 2.9552697933e-05
1957 1957 1.84236392095e-05
1958 1958 5.24549723857e-05
1959 1959 1.57139365093e-05
1960 1960 646.079969458
1961 1961 3528.12624399
1962 1962 1323.76680479
1963 1963 2.10433012572e-05
1964 1964 1.0364963183e-05
1965 1965 8.90451544368e-05
1966 1966 6.55509709432e-05
1967 1967 9.14171264908e-05
1968 1968 4.95065620203e-05
1969 1969 7.00781041017e-05
1970 1970 3233.16308371
1971 1971 8.06294211586e-05
1972 1972 3211.02287169
1973 1973 6.44857044643e-05
1974 1974 1662.18799803
1975 1975 1187.91610926
1976 1976 2.70512091378e-05
1977 1977 5.10617945764e-05
1978 1978 1638.63352344
1979 1979 2049.3837291
1980 1980 1.2616391577e-05
1981 1981 9.32575272738e-05
1982 1982 57.920826553
1983 1983 573.473021693
1984 1984 7.84936383659e-05
1985 1985 5424.39146577
1986 1986 815.066238684
1987 1987 9.71048209175e-05
1988 1988 2.60964972319e-05
1989 1989 4.63894446621e-05
1990 1990 1.25454202597e-07
1991 1991 1.89760558015e-05
1992 1992 9.12885602724e-06
1993 1993 728.589848185
1994 1994 1.99399209451e-05
1995 1995 330.224401657
1996 1996 6.10159518127e-05
1997 1997 5.65381775454e-05
1998 1998 1837.35412613
1999 1999 5.39464279334e-06
2000 2000 9.54786600231e-06
2001 2001 1.53250510768e-05
2002 2002 1.9707665022e-05
2003 2003 3.57573545286e-05
2004 2004 9.30845266002e-05
2005 2005 7.44656329029e-05
2006 2006 2502.63003665
2007 2007 4274.89991021
2008 2008 5.5670168759e-05
2009 2009 3.50327405529e-05
2010 2010 4.21015944297e-05
2011 2011 3.774574104e-05
2012 2012 4.1721956278e-05
2013 2013 4.09758130818e-05
2014 2014 4.43547554457e-05
2015 2015 7.67317623205e-05
2016 2016 1.10366105877e-05
2017 2017 1367.08108452
2018 2018 5180.65552443
2019 2019 2.48364081839e-06
2020 2020 6.65144229588e-05
2021 2021 5264.6574981
2022 2022 9.09930807187e-05
2023 2023 6.1755460768e-05
2024 2024 3.0354526556e-05
2025 2025 8.84880571325e-05
2026 2026 4.9567721758e-06
2027 2027 4776.19352148
2028 2028 3423.02803537
2029 2029 6.73857556854e-05
2030 2030 6.52631658432e-05
2031 2031 1.40470132657e-05
2032 2032 5.90760593968e-05
2033 2033 4.87610361819e-05
2034 2034 3.25693553676e-05
2035 2035 6.04671963784e-05
2036 2036 8.41414964216e-05
2037 2037 5.44929740262e-05
2038 2038 2119.26709676
2039 2039 4.51830646856e-05
2040 2040 2.17567413695e-05
2041 2041 3.93699421184e-06
2042 2042 7.54189940105e-05
2043 2043 6.28249496885e-05
2044 2044 2619.29267245
2045 2045 5.51002583835e-05
2046 2046 1.62257819096e-06
2047 2047 1567.87100205
2048 2048 9.46069167074e-05
2049 2049 3300.40117689
2050 2050 1.04054652396e-05
2051 2051 5.82169032409e-05
2052 2052 3.36706858229e-05
2053 2053 2.22925761172e-06
2054 2054 6.82099964721e-05
2055 2055 4.73114987669e-06
2056 2056 9.64120949972e-05
2057 2057 3490.51728218
2058 2058 7.14951589808e-05
2059 2059 2.36286246484e-05
2060 2060 8.31184126725e-05
2061 2061 7.42254002306e-05
2062 2062 8.90218762098e-05
2063 2063 647.806345909
2064 2064 8.43591223e-05
2065 2065 1.97446083228e-05
2066 2066 9.14396962365e-05
2067 2067 3.0275767087e-05
2068 2068 3976.74156407
2069 2069 2509.50666421
2070 2070 4.46345717468e-05
2071 2071 9.16190825311e-05
2072 2072 1676.20024816
2073 2073 578.127843105
2074 2074 7.54117541724e-05
2075 2075 5.32488239614e-05
2076 2076 1.0584389963e-05
2077 2077 7.2021142613e-05
2078 2078 2.43579915276e-05
2079 2079 5.06592015142e-05
2080 2080 1.1512058416e-06
2081 2081 9.50550963179e-05
2082 2082 5.38992190151e-05
2083 2083 9.73856507452e-05
2084 2084 9.69182510304e-05
2085 2085 2831.19904249
2086 2086 3.74382861833e-05
2087 2087 9.18479679407e-05
2088 2088 6.67618474173e-05
2089 2089 1.94333256998e-05
2090 2090 6.99127011559e-05
2091 2091 7.29425234488e-05
2092 2092 6.83638613454e-05
2093 2093 6.10967666199e-05
2094 2094 3.1542298382e-05
2095 2095 8.63365542686e-06
2096 2096 9.85973915117e-05
2097 2097 6.86261586589e-05
2098 2098 7.44965369739e-05
2099 2099 2.88088029616e-05
2100 2100 1.31773919999e-05
2101 2101 3.14659998648e-05
2102 2102 3133.7254735
2103 2103 9.00509464144e-05
2104 2104 4.76231559198e-05
2105 2105 3.51467613089e-05
2106 2106 5.44810296765e-05
2107 2107 5.93218244557e-05
2108 2108 3.90116466208e-05
2109 2109 5.08682621186e-05
2110 2110 9.97613612377e-05
2111 2111 6.50812671563e-05
2112 2112 1760.20752678
2113 2113 5.53590063918e-05
2114 2114 6.25698327386e-05
2115 2115 2831.51572517
2116 2116 2423.86754479
2117 2117 1204.61132565
2118 2118 4.03379793942e-05
2119 2119 8.2503601259e-05
2120 2120 5.15393343113e-05
2121 2121 5.8526079881e-05
2122 2122 2.10276093132e-05
2123 2123 3.856590474e-05
2124 2124 6.84075945784e-06
2125 2125 6.49670279788e-05
2126 2126 5.71152430427e-05
2127 2127 4.70240044883e-05
2128 2128 4.79175340977e-05
2129 2129 3.65061080054e-05
2130 2130 8.63952811371e-05
2131 2131 5.29591569695e-05
2132 2132 1483.05027882
2133 2133 8.50993921401e-06
2134 2134 5.0678787433e-05
2135 2135 3681.28500813
2136 2136 776.024252468
2137 2137 680.968067244
2138 2138 3.94794825162e-05
2139 2139 1.75768042621e-05
2140 2140 7.12073039442e-05
2141 2141 7.23797537887e-05
2142 2142 8.3668576489e-05
2143 2143 9.74958522064e-05
2144 2144 4.02067441314e-05
2145 2145 3958.46542797
2146 2146 9.31650784492e-05
2147 2147 5.60982616448e-05
2148 2148 5463.48852561
2149 2149 4255.55103882
2150 2150 5.83041687705e-05
2151 2151 1.47971394927e-05
2152 2152 8.93732858955e-06
2153 2153 1.08814855267e-05
2154 2154 9.01321002686e-05
2155 2155 7.11071189631e-06
2156 2156 3415.91237791
2157 2157 5.87404577948e-05
2158 2158 5.35000669644e-05
2159 2159 4.85808473175e-05
2160 2160 5.56230610272e-06
2161 2161 224.159012188
2162 2162 7.29592647824e-05
2163 2163 4.17885884447e-06
2164 2164 1877.35176437
2165 2165 3.15168824613e-05
2166 2166 3010.81640581
2167 2167 1.90915665268e-05
2168 2168 8.00176530903e-05
2169 2169 1.5438201424e-05
2170 2170 9.17200506644e-05
2171 2171 3915.52353304
2172 2172 1477.68097484
2173 2173 2.55539970728e-06
2174 2174 8.85085450673e-05
2175 2175 5.00041188547e-05
2176 2176 1755.19820406
2177 2177 9.86558177475e-05
2178 2178 5.15609473302e-05
2179 2179 4340.7371405
2180 2180 3.69068613224e-05
2181 2181 4.3923654721e-05
2182 2182 9.09723742175e-05
2183 2183 3548.2854564
2184 2184 9.81311599874e-05
2185 2185 942.622204596
2186 2186 5.62103153475e-06
2187 2187 1.84314758215e-05
2188 2188 5489.17533698
2189 2189 1.99946497223e-05
2190 2190 3471.82846063
2191 2191 2.73293041914e-05
2192 2192 2.30245754606e-05
2193 2193 4.4479169629e-05
2194 2194 3.14658868937e-05
2195 2195 9.44300389551e-05
2196 2196 3.49487569596e-05
2197 2197 2993.64248012
2198 2198 3.56007946159e-05
2199 2199 2.84887540491e-05
2200 2200 1.71348293497e-05
2201 2201 1.22511679032e-05
2202 2202 1.08165427149e-05
2203 2203 3.46409906957e-05
2204 2204 2133.66163915
2205 2205 1.13944538615e-05
2206 2206 1.8416757314e-05
2207 2207 7.48458596549e-05
2208 2208 5.29472056299e-05
2209 2209 5.81504046068e-05
2210 2210 4741.51458593
2211 2211 1789.20703363
2212 2212 8.10019317967e-05
2213 2213 5430.17205525
2214 2214 3.19240099818e-05
2215 2215 6.73129273144e-05
2216 2216 5206.85979093
2217 2217 1.30068663148e-05
2218 2218 1.09750886324e-05
2219 2219 8.99976031301e-05
2220 2220 2.20144237332e-05
2221 2221 4.13099845411e-05
2222 2222 3895.09628995
2223 2223 1.42501109946e-05
2224 2224 4.52752552827e-05
2225 2225 204.542989449
2226 2226 7.40949109582e-06
2227 2227 4.58008441131e-05
2228 2228 1.75174295032e-05
2229 2229 5012.29855875
2230 2230 1036.18225514
2231 2231 3.67591364412e-05
2232 2232 6.19365457785e-05
2233 2233 2.80047609882e-06
2234 2234 6.86531847121e-05
2235 2235 5.63727806813e-05
2236 2236 3275.14807855
2237 2237 1.89320813269e-05
2238 2238 3.95895498264e-05
2239 2239 7.97265802731e-05
2240 2240 52.1555352986
2241 2241 1.80122607256e-05
2242 2242 4.72405227011e-05
2243 2243 3437.69796268
2244 2244 104.5971527
2245 2245 4658.58361036
2246 2246 2.58315888813e-05
2247 2247 7.36002206209e-05
2248 2248 4.8215867092e-05
2249 2249 7.0944210731e-05
2250 2250 2105.93684848
2251 2251 5169.62907356
2252 2252 7.98262725445e-05
2253 2253 7.26707181197e-06
2254 2254 9.52707978147e-05
2255 2255 5.00189352633e-06
2256 2256 9.67635768785e-05
2257 2257 736.473364232
2258 2258 1253.85484995
2259 2259 3.39131369432e-05
2260 2260 130.919661619
2261 2261 9.11094795877e-05
2262 2262 1787.9850932
2263 2263 5.64554229391e-05
2264 2264 2693.91490161
2265 2265 2.51717823657e-05
2266 2266 4.13142249093e-05
2267 2267 8.08017365436e-05
2268 2268 8.40102633269e-05
2269 2269 4.30156896693e-06
2270 2270 9.71540831994e-05
2271 2271 6.18746205563e-05
2272 2272 2.06843781172e-05
2273 2273 433.660475075
2274 2274 5.56965670468e-05
2275 2275 7.08097260122e-05
2276 2276 4.77322407448e-05
2277 2277 3.41009072992e-05
2278 2278 3915.13134705
2279 2279 1804.64829497
2280 2280 1072.67351886
2281 2281 7.25788885175e-05
2282 2282 1986.34326568
2283 2283 1.88637140683e-06
2284 2284 2.31719549929e-05
2285 2285 7.17804777167e-06
2286 2286 5.12309585112e-06
2287 2287 5128.6307323
2288 2288 4.57727543208e-05
2289 2289 3.67080106203e-05
2290 2290 2.48329128777e-05
2291 2291 7.46930581328e-06
2292 2292 2538.45752514
2293 2293 6.13282979019e-05
2294 2294 5.38259563696e-05
2295 2295 4.37349247618e-05
2296 2296 4927.72034503
2297 2297 3.89356939771e-05
2298 2298 6.26062357068e-05
2299 2299 9.8883452004e-05
2300 2300 3.96882241902e-05
2301 2301 5.79758223964e-05
2302 2302 1.95517916531e-05
2303 2303 1.17060512903e-05
2304 2304 2.74343496229e-05
2305 2305 1.57772213475e-06
2306 2306 2.24332907203e-05
2307 2307 715.050817833
2308 2308 4774.96523125
2309 2309 6.58563003072e-05
2310 2310 2.6798391333e-05
2311 2311 8.61066353762e-05
2312 2312 1.49042917126e-05
2313 2313 9.5929957194e-05
2314 2314 5.52755262494e-05
2315 2315 5.37055742363e-05
2316 2316 2.04983445713e-05
2317 2317 5.65230974836e-05
2318 2318 2039.6719941
2319 2319 2.3854276667e-05
2320 2320 3.78887173144e-06
2321 2321 8.2921684237e-05
2322 2322 1.53413107862e-06
2323 2323 9.49450461253e-05
2324 2324 1.83214055657e-05
2325 2325 5.68315037769e-05
2326 2326 9.68342814614e-05
2327 2327 618.482071223
2328 2328 4.18085348006e-05
2329 2329 4372.71680801
2330 2330 7.40055052031e-05
2331 2331 6.45794848104e-05
2332 2332 974.423400579
2333 2333 4.87972654301e-05
2334 2334 7.59882020991e-05
2335 2335 4.58134180218e-06
2336 2336 3.62920124992e-05
2337 2337 4.72439984877e-05
2338 2338 7.47090995645e-06
2339 2339 2.51905811505e-05
2340 2340 2215.05783545
2341 2341 6.76064438922e-05
2342 2342 2868.53355561
2343 2343 5134.60204475
2344 2344 6.00292536445e-05
2345 2345 3866.36516427
2346 2346 1.58184613514e-05
2347 2347 6.14522451824e-05
2348 2348 1.73080097714e-05
2349 2349 1256.31597141
2350 2350 5.43725404064e-05
2351 2351 2.56427685953e-05
2352 2352 7.63693078209e-05
2353 2353 5.11989063814e-06
2354 2354 7.09298679436e-05
2355 2355 4125.41049309
2356 2356 3480.37185775
2357 2357 9.9311375332e-05
2358 2358 1.33581191803e-06
2359 2359 8.63516835866e-05
2360 2360 4.64009529245e-05
2361 2361 6.45995645901e-05
2362 2362 7.87126476213e-05
2363 2363 7.15675487411e-05
2364 2364 9.23471800613e-05
2365 2365 4927.49607876
2366 2366 4.31396254041e-05
2367 2367 7.45113258473e-05
2368 2368 2.74250216796e-05
2369 2369 4553.27260191
2370 2370 4406.47782338
2371 2371 5.89468793403e-06
2372 2372 6.96541919095e-05
2373 2373 3.90773946407e-05
2374 2374 7.31699075849e-05
2375 2375 3.22292899942e-05
2376 2376 9.99640109454e-05
2377 2377 5548.93859679
2378 2378 4.91933655325e-06
2379 2379 6.50571692291e-06
2380 2380 4.43200195545e-05
2381 2381 4381.66678078
2382 2382 6.84121924467e-05
2383 2383 3.93450267788e-05
2384 2384 9.63384692841e-05
2385 2385 5530.59171219
2386 2386 3.56436442679e-06
2387 2387 5.37317175919e-05
2388 2388 3.66564581646e-05
2389 2389 2.96009882315e-05
2390 2390 7.85114409852e-05
2391 2391 5428.74369579
2392 2392 7.85975795754e-05
2393 2393 1.99509779801e-05
2394 2394 7.90517375939e-05
2395 2395 5.36868639842e-05
2396 2396 4.55642552532e-05
2397 2397 7.05087408853e-05
2398 2398 4245.78128045
2399 2399 7.45801085642e-05
2400 2400 1225.64673747
2401 2401 2.17070264418e-05
2402 2402 8.38710230268e-05
2403 2403 4.49462654535e-05
2404 2404 5.40515116548e-05
2405 2405 8.04971733575e-05
2406 2406 1.669262297e-06
2407 2407 7.58593160402e-05
2408 2408 714.294550994
2409 2409 3.72278145844e-05
2410 2410 2459.95077869
2411 2411 6.11896469175e-05
2412 2412 8.29271710937e-05
2413 2413 4.28057294709e-05
2414 2414 2.67637941471e-05
2415 2415 6.92959722848e-05
2416 2416 8.86949950588e-05
2417 2417 3.4201839886e-05
2418 2418 6.55933690517e-05
2419 2419 36.337290037
2420 2420 8.47088692043e-05
2421 2421 2.67333693685e-06
2422 2422 1.97889984016e-05
2423 2423 8.52106292008e-05
2424 2424 3.28270324739e-05
2425 2425 5209.89756903
2426 2426 9.45875653525e-05
2427 2427 5270.66054246
2428 2428 1.90899597154e-05
2429 2429 3.37580558326e-05
2430 2430 3.43171470123e-05
2431 2431 3.0722066912e-05
2432 2432 5.4238697028e-05
2433 2433 2.89308541234e-05
2434 2434 2137.68869115
2435 2435 752.849451097
2436 2436 3.2173934036e-06
2437 2437 6.88703972096e-06
2438 2438 7.10111735091e-05
2439 2439 5420.81022751
2440 2440 6.32506653434e-05
2441 2441 1.31301347539e-05
2442 2442 3.79330469564e-05
2443 2443 3.32659436933e-05
2444 2444 8.78746804826e-05
2445 2445 7.45046219416e-05
2446 2446 5134.15718447
2447 2447 2.04589569609e-05
2448 2448 2.25433079153e-05
2449 2449 1.71935567482e-05
2450 2450 4296.31869582
2451 2451 7.54260740726e-05
2452 2452 2.47837000433e-05
2453 2453 5.92011196911e-05
2454 2454 2931.67369949
2455 2455 9.5455396214e-05
2456 2456 1483.69697721
2457 2457 3602.12064522
2458 2458 5.19951187795e-05
2459 2459 9.14712280721e-05
2460 2460 5.0390954056e-07
2461 2461 5.32815857536e-05
2462 2462 2.30293860629e-05
2463 2463 4.99597655379e-05
2464 2464 5038.8247843
2465 2465 1.6922461623e-06
2466 2466 932.264267488
2467 2467 1.83570731791e-05
2468 2468 5563.16446693
2469 2469 2.21193796216e-05
2470 2470 1.2027404715e-05
2471 2471 3485.23386647
2472 2472 9.3347643621e-05
2473 2473 1814.12386187
2474 2474 8.57959513914e-05
2475 2475 2970.0464776
2476 2476 2704.17448018
2477 2477 1.02567395982e-05
2478 2478 5195.14107472
2479 2479 9.8403659531e-05
2480 2480 9.35413690138e-05
2481 2481 4.92750831705e-05
2482 2482 1.63919632319e-05
2483 2483 9.40632288768e-05
2484 2484 7.5738545962e-05
2485 2485 6.62233833792e-05
2486 2486 4989.91327006
2487 2487 1.3713328122e-05
2488 2488 3710.9987483
2489 2489 4.28115378497e-05
2490 2490 4558.61052412
2491 2491 1994.69087666
2492 2492 7.75155667434e-05
2493 2493 1.92372353964e-05
2494 2494 4.80970674669e-05
2495 2495 1730.50628039
2496 2496 8.4477314185e-05
2497 2497 1.928485112e-06
2498 2498 9.40704412739e-05
2499 2499 7.04448976945e-05
2500 2500 1569.64341341
2501 2501 3.24476406363e-05
2502 2502 6.84924471047e-05
2503 2503 1.63647989535e-05
2504 2504 4060.15515537
2505 2505 1495.79347579
2506 2506 4373.28951722
2507 2507 3090.59327678
2508 2508 4.29883760244e-05
2509 2509 9.15899176823e-05
2510 2510 5.93237444865e-05
2511 2511 7.17016768581e-05
2512 2512 5.80499371755e-05
2513 2513 6.48102019712e-05
2514 2514 6.62608047197e-05
2515 2515 2199.06655236
2516 2516 435.565102325
2517 2517 8.8578765677e-05
2518 2518 4640.14726171
2519 2519 9.66238340659e-06
2520 2520 2207.26445764
2521 2521 7.05617886043e-05
2522 2522 4837.88757391
2523 2523 3.73953820932e-05
2524 2524 8.59370508829e-05
2525 2525 4.76440138022e-05
2526 2526 3.01029041197e-05
2527 2527 8.96940825091e-05
2528 2528 4.45192578547e-05
2529 2529 1.73554159905e-05
2530 2530 3.4696273892e-05
2531 2531 8.70966477398e-05
2532 2532 1646.42968394
2533 2533 3.50617340416e-05
2534 2534 8.57382355325e-05
2535 2535 1.68112167837e-05
2536 2536 4.72824288218e-05
2537 2537 2824.52743938
2538 2538 6.94365058023e-06
2539 2539 1091.12294465
2540 2540 4.46917394011e-05
2541 2541 7.63106854527e-05
2542 2542 7.23692163483e-05
2543 2543 8.30737745066e-05
2544 2544 7.82934189654e-05
2545 2545 1.52219665383e-05
2546 2546 1333.77284356
2547 2547 8.86507003715e-05
2548 2548 9.82668515461e-05
2549 2549 3471.82865103
2550 2550 9.21567858138e-05
2551 2551 4739.56735695
2552 2552 2.12097384263e-05
2553 2553 5508.71032748
2554 2554 7.0809409808e-05
2555 2555 5.17537290663e-05
2556 2556 3.00112197443e-05
2557 2557 8.04586323685e-05
2558 2558 2.47272985891e-05
2559 2559 1.29211278932e-05
2560 2560 8.98684256283e-05
2561 2561 2269.16143874
2562 2562 5.30189288384e-06
2563 2563 5.03367680789e-05
2564 2564 9.68452581527e-05
2565 2565 5.04651940524e-05
2566 2566 9.37247452921e-05
2567 2567 1.7974405689e-05
2568 2568 4121.35743247
2569 2569 3110.12793849
2570 2570 1.33961943561e-05
2571 2571 5.53182865493e-05
2572 2572 9.24682713884e-05
2573 2573 4532.68832165
2574 2574 1.49339084685e-05
2575 2575 7.75670025949e-05
2576 2576 6.63206666569e-05
2577 2577 7.73044874359e-05
2578 2578 3.76186607849e-05
2579 2579 2.43679150533e-05
2580 2580 6.2746951376e-05
2581 2581 4.58393768547e-05
2582 2582 9.62667959368e-05
2583 2583 307.419566388
2584 2584 2339.08692744
2585 2585 7.66341821402e-05
2586 2586 2.62330029091e-05
2587 2587 1222.62240808
2588 2588 6.19552363591e-05
2589 2589 3.49678200751e-05
2590 2590 9.2232965524e-05
2591 2591 9.59782802933e-05
2592 2592 7.37858184564e-05
2593 2593 933.810127791
2594 2594 3.07535531904e-05
2595 2595 3368.23986973
2596 2596 4895.42869451
2597 2597 5.27657994776e-05
2598 2598 1647.80155659
2599 2599 5.37610795683e-05
2600 2600 6.08140048327e-05
2601 2601 8.37264680835e-05
2602 2602 2544.80805227
2603 2603 8.80239601895e-05
2604 2604 2.36452797287e-05
2605 2605 7.31312325181e-06
2606 2606 6.58277006378e-05
2607 2607 6.25277805693e-05
2608 2608 7.27396206925e-05
2609 2609 1.47627397162e-05
2610 2610 1.95351609528e-05
2611 2611 4.64620440119e-05
2612 2612 6.73697789276e-05
2613 2613 9.47464862535e-05
2614 2614 4.80234610735e-05
2615 2615 2.49604697359e-05
2616 2616 4.70347133004e-05
2617 2617 2.09564190105e-05
2618 2618 4.69990476256e-05
2619 2619 2.97093646485e-05
2620 2620 7.99664456321e-05
2621 2621 1.14274796461e-05
2622 2622 2.11550594363e-05
2623 2623 6.99439859896e-05
2624 2624 4407.03461692
2625 2625 1.4526884224e-05
2626 2626 1.54374045145e-05
2627 2627 2.35357753778e-05
2628 2628 4.52190378573e-05
2629 2629 5.03112119792e-05
2630 2630 5.65181421203e-05
2631 2631 4.88501118193e-05
2632 2632 9.81188751627e-05
2633 2633 1.18190963869e-05
2634 2634 1338.82282106
2635 2635 1.71927506081e-05
2636 2636 8.46276442106e-05
2637 2637 6.59776422489e-05
2638 2638 2.74082506916e-05
2639 2639 8.87649233992e-05
2640 2640 3038.61675541
2641 2641 2.94301376375e-05
2642 2642 1.91684258562e-05
2643 2643 7.83737044014e-05
2644 2644 2814.60468322
2645 2645 3.48940983614e-05
2646 2646 8.09218716882e-06
2647 2647 2.12013623788e-05
2648 2648 6.10233234275e-05
2649 2649 7.45247013531e-05
2650 2650 9.10666720221e-05
2651 2651 1070.76294101
2652 2652 3.86300857555e-05
2653 2653 4.95790346637e-05
2654 2654 924.965659409
2655 2655 5.43056214629e-05
2656 2656 2534.96285718
2657 2657 1.72933673622e-05
2658 2658 1089.38549278
2659 2659 1.36490453256e-05
2660 2660 4.56003285175e-05
2661 2661 3.94687720585e-05
2662 2662 8.76460685036e-06
2663 2663 2581.70451387
2664 2664 3.76085967862e-05
2665 2665 3.72148085174e-06
2666 2666 2526.57975292
2667 2667 8.95466551826e-05
2668 2668 4323.66695294
2669 2669 7.87380292725e-05
2670 2670 9.57288349194e-05
2671 2671 1.06990501055e-05
2672 2672 7.73091869643e-05
2673 2673 1.43230235718e-05
2674 2674 5.53002331073e-05
2675 2675 1.67781250894e-05
2676 2676 6.78807973951e-05
2677 2677 877.295345233
2678 2678 9.75268774664e-06
2679 2679 3.22774249681e-05
2680 2680 6.81763771329e-06
2681 2681 8.45374013143e-05
2682 2682 178.145718349
2683 2683 8.74216405697e-05
2684 2684 6.285120168e-05
2685 2685 9.91414981174e-05
2686 2686 1747.52456201
2687 2687 4414.32915468
2688 2688 3.22449027785e-05
2689 2689 2154.89085847
2690 2690 3417.25113414
2691 2691 5.96489330482e-05
2692 2692 870.102415575
2693 2693 17.6863968291
2694 2694 7.0075202972e-05
2695 2695 9.52338817894e-05
2696 2696 4.22182391831e-05
2697 2697 5.40302098265e-05
2698 2698 2412.31796808
2699 2699 5.57187144294e-05
2700 2700 9.51617320463e-05
2701 2701 4.44948327729e-05
2702 2702 7.86507970299e-05
2703 2703 5.51613005391e-05
2704 2704 1.61585563184e-06
2705 2705 6.39752593051e-05
2706 2706 5065.91425025
2707 2707 8.01688897673e-05
2708 2708 4138.02647068
2709 2709 4.43046736604e-05
2710 2710 3.50596900028e-05
2711 2711 2.99735938346e-05
2712 2712 725.143888883
2713 2713 6.27971831803e-05
2714 2714 8.04086736371e-05
2715 2715 9.03822937313e-05
2716 2716 3778.76093023
2717 2717 3.90350889833e-06
2718 2718 3.35667847921e-05
2719 2719 8.92129998727e-05
2720 2720 7.89627315284e-05
2721 2721 1.31118430146e-05
2722 2722 6.8173592511e-05
2723 2723 7.47912993793e-05
2724 2724 8.74729574397e-05
2725 2725 3606.37637213
2726 2726 2.54488042412e-05
2727 2727 9.45742920219e-06
2728 2728 9.43920106681e-05
2729 2729 1.26446163984e-05
2730 2730 7.5178720767e-05
2731 2731 2.1752749367e-05
2732 2732 8.5721051465e-05
2733 2733 2444.14980942
2734 2734 2525.61974222
2735 2735 9.31516881814e-05
2736 2736 3270.03271593
2737 2737 9.74721010884e-05
2738 2738 1.66278506752e-05
2739 2739 2051.95518411
2740 2740 6.31392189247e-05
2741 2741 8.38854167355e-05
2742 2742 4.64221162807e-05
2743 2743 3649.0693415
2744 2744 1.87884690665e-05
2745 2745 7.72978660167e-05
2746 2746 1001.25463741
2747 2747 7.27543131134e-05
2748 2748 4.34155765591e-05
2749 2749 5266.82867766
2750 2750 5.32690573501e-05
2751 2751 5.03316834951e-06
2752 2752 6.85991788396e-05
2753 2753 2445.62113055
2754 2754 929.191910771
2755 2755 4.92915713241e-06
2756 2756 7.99035011733e-05
2757 2757 9.27742127094e-05
2758 2758 2285.29122768
2759 2759 7.59803791184e-05
2760 2760 4.87128223717e-05
2761 2761 8.36807831214e-05
2762 2762 6.45986982422e-05
2763 2763 3.76718823003e-05
2764 2764 2.99322537905e-05
2765 2765 9.08273824205e-05
2766 2766 9.72017175378e-05
2767 2767 4.77268887425e-08
2768 2768 9.04802382159e-05
2769 2769 3.25535587903e-05
2770 2770 1777.31043157
2771 2771 9.61262584762e-05
2772 2772 5.14802107567e-05
2773 2773 2.44032058493e-06
2774 2774 5230.12302675
2775 2775 1.02106925244e-05
2776 2776 130.101743925
2777 2777 2281.99706693
2778 2778 9.93628843325e-05
2779 2779 6.91202917099e-05
2780 2780 5230.11931947
2781 2781 50.1342078951
2782 2782 5.3286335699e-05
2783 2783 8.87288594473e-05
2784 2784 3599.82290931
2785 2785 3.85472021683e-05
2786 2786 6.14360727707e-05
2787 2787 1678.15316605
2788 2788 2674.72227585
2789 2789 3982.58526601
2790 2790 1642.29613632
2791 2791 5.91335588379e-05
2792 2792 3971.5272244
2793 2793 1.31599129287e-05
2794 2794 7.33107948593e-05
2795 2795 1.41782383419e-05
2796 2796 4051.21683525
2797 2797 4.53267857096e-05
2798 2798 9.1566954099e-05
2799 2799 2.43934993407e-05
2800 2800 2.71226803908e-05
2801 2801 272.587620628
2802 2802 7.51664483042e-05
2803 2803 2.01875989662e-05
2804 2804 5.75811854704e-05
2805 2805 9.40101655008e-07
2806 2806 2476.64263122
2807 2807 1.99383978006e-05
2808 2808 5.30767252076e-05
2809 2809 2526.28702783
2810 2810 3.29512604103e-05
2811 2811 3.69523058012e-05
2812 2812 2.88982483409e-05
2813 2813 4128.32129184
2814 2814 4.54526772841e-05
2815 2815 4.11414479754e-05
2816 2816 2660.16739227
2817 2817 8.71046737356e-05
2818 2818 8.77849917155e-05
2819 2819 8.47952699674e-05
2820 2820 771.578358826
2821 2821 481.937919783
2822 2822 5.49479506172e-05
2823 2823 7.30791783074e-05
2824 2824 1.44549925331e-06
2825 2825 9.62532296739e-05
2826 2826 7.41721391936e-05
2827 2827 4.74884626395e-05
2828 2828 8.00087774742e-05
2829 2829 6.29454786326e-05
2830 2830 4.20661888843e-05
2831 2831 4093.25876678
2832 2832 3.08651716496e-05
2833 2833 2.05333607837e-05
2834 2834 7.26736607337e-05
2835 2835 1240.35498595
2836 2836 4240.54965065
2837 2837 8.27557885045e-06
2838 2838 7.65760776848e-05
2839 2839 1145.47694008
2840 2840 7.74964386498e-05
2841 2841 427.485828649
2842 2842 2707.76760831
2843 2843 3.13597010478e-05
2844 2844 4.1778707322e-07
2845 2845 1.27035659914e-05
2846 2846 9.08957638463e-05
2847 2847 1.87281871949e-05
2848 2848 3.48712676187e-05
2849 2849 1117.55605914
2850 2850 3.57565997678e-05
2851 2851 7.74343611509e-05
2852 2852 9.29108165813e-05
2853 2853 4.36252055446e-05
2854 2854 1.85952162574e-05
2855 2855 5215.82461774
2856 2856 1.23397045309e-05
2857 2857 5.46118619236e-06
2858 2858 5479.9100761
2859 2859 3689.64942367
2860 2860 5609.8183516
2861 2861 5.91532320511e-05
2862 2862 6.74031615404e-05
2863 2863 1.29682667642e-05
2864 2864 9.82638018011e-05
2865 2865 296.43594058
2866 2866 1.82734769334e-05
2867 2867 7.15255800366e-05
2868 2868 7.66354898713e-05
2869 2869 5.11050495658e-05
2870 2870 5.97302260276e-05
2871 2871 6.02103222744e-05
2872 2872 9.63897164589e-05
2873 2873 1.28385037264e-05
2874 2874 2.9723662049e-06
2875 2875 5.98556048864e-05
2876 2876 7.80307013469e-05
2877 2877 6.73834214164e-05
2878 2878 9.70463253291e-05
2879 2879 2178.01385727
2880 2880 5.85643949631e-05
2881 2881 903.31940343
2882 2882 3.84815654424e-05
2883 2883 1.70082407885e-05
2884 2884 5274.93630328
2885 2885 9.38483211948e-05
2886 2886 2312.36170931
2887 2887 7.52285871477e-05
2888 2888 3449.59838494
2889 2889 5.01285792216e-06
2890 2890 6.27382572106e-05
2891 2891 9.41996569643e-05
2892 2892 8.02049323172e-05
2893 2893 4.61997127262e-05
2894 2894 4.89103008136e-05
2895 2895 2534.92006426
2896 2896 5.78101520299e-05
2897 2897 6.87410571399e-05
2898 2898 8.74833860928e-05
2899 2899 3.97360590482e-05
2900 2900 8.4811251845e-05
2901 2901 4001.16939516
2902 2902 2.60435573339e-05
2903 2903 2671.2748673
2904 2904 2980.70730711
2905 2905 1.19531971904e-05
2906 2906 7.93440379073e-05
2907 2907 1.53183581568e-05
2908 2908 316.656015813
2909 2909 7.68687442638e-05
2910 2910 4.01807892585e-05
2911 2911 3706.27388455
2912 2912 7.55208998327e-05
2913 2913 6.52829586967e-06
2914 2914 6.07577758741e-05
2915 2915 8.14419864502e-05
2916 2916 3.28691012407e-05
2917 2917 2.65858333337e-05
2918 2918 6.9619747918e-05
2919 2919 2.48146280851e-05
2920 2920 3.94520386556e-05
2921 2921 3.96368942357e-05
2922 2922 1312.877682
2923 2923 8.13357738279e-05
2924 2924 3.12592369501e-05
2925 2925 5.44929949545e-05
2926 2926 4.95705134966e-05
2927 2927 2.33252195429e-05
2928 2928 7.70646732555e-05
2929 2929 3.44946034111e-05
2930 2930 5.86096427204e-06
2931 2931 2948.9004305
2932 2932 8.24246890986e-05
2933 2933 1139.94426569
2934 2934 5.21548159379e-05
2935 2935 3.25723785341e-05
2936 2936 2.03840923758e-05
2937 2937 3.20500078137e-05
2938 2938 6.87085578458e-05
2939 2939 2577.22334465
2940 2940 3676.27990934
2941 2941 1.67708162478e-05
2942 2942 6.12156064206e-05
2943 2943 7.60163995184e-06
2944 2944 2.11259117606e-05
2945 2945 392.194234784
2946 2946 947.302062918
2947 2947 3.56844629637e-05
2948 2948 5447.72147048
2949 2949 9.39141056239e-05
2950 2950 2.29858395173e-05
2951 2951 9.89591305064e-05
2952 2952 7.58695335545e-05
2953 2953 2.25025246493e-05
2954 2954 9.51048974117e-05
2955 2955 2885.7361471
2956 2956 2621.50240265
2957 2957 2.19820778697e-05
2958 2958 4.24561227732e-06
2959 2959 5.31530928398e-05
2960 2960 5.25567635553e-06
2961 2961 7.25034552707e-05
2962 2962 8.13301669568e-05
2963 2963 5.15457881437e-05
2964 2964 9.97464380599e-05
2965 2965 2.36946218919e-05
2966 2966 6.24545210603e-05
2967 2967 1762.25640292
2968 2968 6.67081778003e-06
2969 2969 2.39110946288e-05
2970 2970 6.32796462067e-05
2971 2971 4909.43425249
2972 2972 5.66852197308e-05
2973 2973 8.27103526338e-05
2974 2974 5474.77021365
2975 2975 4.33863640824e-05
2976 2976 859.576703432
2977 2977 9.68353166438e-05
2978 2978 7.72746799629e-05
2979 2979 5.46381289184e-05
2980 2980 7.76467701226e-05
2981 2981 7.73605841621e-05
2982 2982 2.19056070867e-05
2983 2983 3.24225342474e-05
2984 2984 5.29056221556e-05
2985 2985 6.97124515686e-05
2986 2986 3.02497152899e-05
2987 2987 3.84176578866e-05
2988 2988 2125.74314277
2989 2989 6.43933040725e-05
2990 2990 8.39073438694e-05
2991 2991 154.073246036
2992 2992 3.40509017457e-05
2993 2993 7.51396260527e-05
2994 2994 7.06153431009e-06
2995 2995 5.12304212696e-06
2996 2996 8.91511538459e-06
2997 2997 535.183918883
2998 2998 5.22428535621e-06
2999 2999 7.78940496488e-05
3000 3000 4.57194799331e-05
3001 3001 1928.90474677
3002 3002 2.55793187156e-05
3003 3003 3.56077351095e-05
3004 3004 6.46944634809e-05
3005 3005 1290.09454121
3006 3006 7.23833143362e-05
3007 3007 4.86965917008e-05
3008 3008 3.20966897639e-05
3009 3009 8.48246707088e-05
3010 3010 8.65085995887e-05
3011 3011 5.38761594411e-05
3012 3012 4.54034257126e-05
3013 3013 1374.7582127
3014 3014 8.31307095648e-06
3015 3015 8.49633193281e-06
3016 3016 3.38435865016e-05
3017 3017 2.58358290141e-06
3018 3018 6.15765413135e-05
3019 3019 7.04172794912e-05
3020 3020 8.49737767107e-05
3021 3021 2.7622452577e-05
3022 3022 1.53878861842e-05
3023 3023 8.41653091577e-05
3024 3024 8.91907998392e-05
3025 3025 8.33820766736e-05
3026 3026 6.01609955978e-05
3027 3027 5493.59090919
3028 3028 5.23534952074e-05
3029 3029 3306.74092812
3030 3030 6.85290645098e-05
3031 3031 3.73141679903e-05
3032 3032 5099.30076504
3033 3033 4807.67606125
3034 3034 7.38162826578e-06
3035 3035 4.55654788254e-05
3036 3036 3374.7357034
3037 3037 2.92365323182e-05
3038 3038 2192.94660597
3039 3039 1.30460147837e-05
3040 3040 1.60749682186e-06
3041 3041 36.723150674
3042 3042 5070.45042043
3043 3043 6.40381395789e-05
3044 3044 6.01124347599e-05
3045 3045 2.76737197528e-05
3046 3046 5.08420056017e-05
3047 3047 4702.55887607
3048 3048 4.89993734894e-05
3049 3049 5.03038103655e-05
3050 3050 7.46951054178e-05
3051 3051 1.26767556926e-06
3052 3052 4.75214244871e-05
3053 3053 6.05125009602e-05
3054 3054 4.23357272324e-05
3055 3055 2.34480459291e-05
3056 3056 7.34533169686e-06
3057 3057 3363.84030763
3058 3058 9.41592994925e-05
3059 3059 5298.29079075
3060 3060 1.72769355425e-05
3061 3061 2509.15127598
3062 3062 8.82546497516e-05
3063 3063 7.9082790973e-05
3064 3064 3434.24375798
3065 3065 2.90626063351e-05
3066 3066 7.4034990667e-05
3067 3067 1.16205769398e-05
3068 3068 580.86866951
3069 3069 8.90419103692e-05
3070 3070 2.31231966071e-05
3071 3071 8.02567024404e-05
