1 1 1
2 1 -1
2 2 1
1 2 -1
1 3 1
2 3 -1
3 4 1
1 4 -1
3 5 1
1 5 -1
1 6 1
3 6 -1
1 7 1
4 7 -1
1 8 1
4 8 -1
5 9 1
1 9 -1
5 10 1
1 10 -1
5 11 1
1 11 -1
1 12 1
6 12 -1
7 13 1
1 13 -1
1 14 1
7 14 -1
1 15 1
7 15 -1
7 16 1
1 16 -1
8 17 1
1 17 -1
1 18 1
8 18 -1
1 19 1
8 19 -1
1 20 1
9 20 -1
9 21 1
1 21 -1
1 22 1
10 22 -1
10 23 1
1 23 -1
10 24 1
1 24 -1
1 25 1
10 25 -1
11 26 1
1 26 -1
11 27 1
1 27 -1
11 28 1
1 28 -1
1 29 1
11 29 -1
1 30 1
12 30 -1
1 31 1
12 31 -1
13 32 1
1 32 -1
1 33 1
13 33 -1
14 34 1
1 34 -1
1 35 1
14 35 -1
14 36 1
1 36 -1
15 37 1
1 37 -1
1 38 1
15 38 -1
1 39 1
16 39 -1
1 40 1
17 40 -1
1 41 1
17 41 -1
17 42 1
1 42 -1
1 43 1
17 43 -1
18 44 1
1 44 -1
18 45 1
1 45 -1
18 46 1
1 46 -1
18 47 1
1 47 -1
1 48 1
19 48 -1
1 49 1
19 49 -1
1 50 1
19 50 -1
19 51 1
1 51 -1
1 52 1
20 52 -1
1 53 1
20 53 -1
1 54 1
21 54 -1
21 55 1
1 55 -1
1 56 1
21 56 -1
21 57 1
1 57 -1
22 58 1
1 58 -1
1 59 1
22 59 -1
22 60 1
1 60 -1
22 61 1
1 61 -1
23 62 1
1 62 -1
23 63 1
1 63 -1
23 64 1
1 64 -1
24 65 1
1 65 -1
24 66 1
1 66 -1
24 67 1
1 67 -1
1 68 1
25 68 -1
1 69 1
25 69 -1
25 70 1
1 70 -1
26 71 1
1 71 -1
27 72 1
1 72 -1
1 73 1
27 73 -1
1 74 1
27 74 -1
1 75 1
28 75 -1
28 76 1
1 76 -1
28 77 1
1 77 -1
1 78 1
28 78 -1
1 79 1
29 79 -1
29 80 1
1 80 -1
1 81 1
29 81 -1
29 82 1
1 82 -1
1 83 1
30 83 -1
30 84 1
1 84 -1
1 85 1
30 85 -1
1 86 1
30 86 -1
2 87 1
3 87 -1
2 88 1
4 88 -1
2 89 1
5 89 -1
6 90 1
2 90 -1
6 91 1
2 91 -1
2 92 1
6 92 -1
2 93 1
7 93 -1
7 94 1
2 94 -1
2 95 1
7 95 -1
2 96 1
8 96 -1
9 97 1
2 97 -1
10 98 1
2 98 -1
10 99 1
2 99 -1
2 100 1
11 100 -1
2 101 1
11 101 -1
12 102 1
2 102 -1
2 103 1
12 103 -1
13 104 1
2 104 -1
13 105 1
2 105 -1
14 106 1
2 106 -1
2 107 1
14 107 -1
14 108 1
2 108 -1
15 109 1
2 109 -1
15 110 1
2 110 -1
2 111 1
15 111 -1
2 112 1
15 112 -1
16 113 1
2 113 -1
16 114 1
2 114 -1
16 115 1
2 115 -1
17 116 1
2 116 -1
17 117 1
2 117 -1
18 118 1
2 118 -1
2 119 1
18 119 -1
18 120 1
2 120 -1
2 121 1
19 121 -1
2 122 1
19 122 -1
2 123 1
19 123 -1
2 124 1
20 124 -1
2 125 1
20 125 -1
2 126 1
20 126 -1
20 127 1
2 127 -1
2 128 1
21 128 -1
2 129 1
22 129 -1
2 130 1
22 130 -1
2 131 1
22 131 -1
22 132 1
2 132 -1
2 133 1
23 133 -1
23 134 1
2 134 -1
2 135 1
24 135 -1
25 136 1
2 136 -1
25 137 1
2 137 -1
2 138 1
25 138 -1
26 139 1
2 139 -1
2 140 1
26 140 -1
26 141 1
2 141 -1
26 142 1
2 142 -1
27 143 1
2 143 -1
27 144 1
2 144 -1
28 145 1
2 145 -1
2 146 1
28 146 -1
2 147 1
28 147 -1
28 148 1
2 148 -1
2 149 1
29 149 -1
29 150 1
2 150 -1
30 151 1
2 151 -1
30 152 1
2 152 -1
4 153 1
3 153 -1
4 154 1
3 154 -1
4 155 1
3 155 -1
3 156 1
5 156 -1
5 157 1
3 157 -1
3 158 1
5 158 -1
3 159 1
5 159 -1
6 160 1
3 160 -1
3 161 1
6 161 -1
3 162 1
7 162 -1
7 163 1
3 163 -1
7 164 1
3 164 -1
3 165 1
8 165 -1
3 166 1
8 166 -1
3 167 1
8 167 -1
8 168 1
3 168 -1
3 169 1
9 169 -1
3 170 1
9 170 -1
3 171 1
9 171 -1
3 172 1
10 172 -1
10 173 1
3 173 -1
11 174 1
3 174 -1
11 175 1
3 175 -1
11 176 1
3 176 -1
12 177 1
3 177 -1
12 178 1
3 178 -1
12 179 1
3 179 -1
12 180 1
3 180 -1
3 181 1
13 181 -1
3 182 1
14 182 -1
15 183 1
3 183 -1
15 184 1
3 184 -1
16 185 1
3 185 -1
16 186 1
3 186 -1
16 187 1
3 187 -1
16 188 1
3 188 -1
3 189 1
17 189 -1
17 190 1
3 190 -1
3 191 1
18 191 -1
3 192 1
18 192 -1
3 193 1
18 193 -1
18 194 1
3 194 -1
3 195 1
19 195 -1
3 196 1
19 196 -1
3 197 1
19 197 -1
3 198 1
20 198 -1
20 199 1
3 199 -1
20 200 1
3 200 -1
3 201 1
20 201 -1
3 202 1
21 202 -1
3 203 1
21 203 -1
3 204 1
21 204 -1
3 205 1
22 205 -1
22 206 1
3 206 -1
23 207 1
3 207 -1
23 208 1
3 208 -1
23 209 1
3 209 -1
24 210 1
3 210 -1
24 211 1
3 211 -1
3 212 1
24 212 -1
25 213 1
3 213 -1
3 214 1
25 214 -1
25 215 1
3 215 -1
26 216 1
3 216 -1
26 217 1
3 217 -1
3 218 1
26 218 -1
3 219 1
27 219 -1
3 220 1
27 220 -1
28 221 1
3 221 -1
3 222 1
29 222 -1
29 223 1
3 223 -1
3 224 1
29 224 -1
3 225 1
29 225 -1
30 226 1
3 226 -1
3 227 1
30 227 -1
3 228 1
30 228 -1
3 229 1
30 229 -1
4 230 1
5 230 -1
4 231 1
5 231 -1
5 232 1
4 232 -1
5 233 1
4 233 -1
4 234 1
6 234 -1
6 235 1
4 235 -1
7 236 1
4 236 -1
4 237 1
7 237 -1
7 238 1
4 238 -1
8 239 1
4 239 -1
8 240 1
4 240 -1
8 241 1
4 241 -1
8 242 1
4 242 -1
9 243 1
4 243 -1
9 244 1
4 244 -1
4 245 1
10 245 -1
10 246 1
4 246 -1
10 247 1
4 247 -1
10 248 1
4 248 -1
11 249 1
4 249 -1
4 250 1
11 250 -1
11 251 1
4 251 -1
12 252 1
4 252 -1
4 253 1
13 253 -1
13 254 1
4 254 -1
4 255 1
13 255 -1
14 256 1
4 256 -1
14 257 1
4 257 -1
4 258 1
14 258 -1
4 259 1
14 259 -1
4 260 1
15 260 -1
4 261 1
16 261 -1
4 262 1
16 262 -1
4 263 1
17 263 -1
17 264 1
4 264 -1
4 265 1
17 265 -1
4 266 1
18 266 -1
4 267 1
19 267 -1
19 268 1
4 268 -1
19 269 1
4 269 -1
19 270 1
4 270 -1
4 271 1
20 271 -1
20 272 1
4 272 -1
20 273 1
4 273 -1
20 274 1
4 274 -1
4 275 1
21 275 -1
21 276 1
4 276 -1
21 277 1
4 277 -1
4 278 1
22 278 -1
22 279 1
4 279 -1
22 280 1
4 280 -1
4 281 1
23 281 -1
4 282 1
23 282 -1
23 283 1
4 283 -1
23 284 1
4 284 -1
4 285 1
24 285 -1
4 286 1
25 286 -1
4 287 1
26 287 -1
27 288 1
4 288 -1
4 289 1
27 289 -1
4 290 1
27 290 -1
4 291 1
27 291 -1
4 292 1
28 292 -1
4 293 1
28 293 -1
28 294 1
4 294 -1
4 295 1
28 295 -1
4 296 1
29 296 -1
4 297 1
29 297 -1
29 298 1
4 298 -1
29 299 1
4 299 -1
30 300 1
4 300 -1
30 301 1
4 301 -1
4 302 1
30 302 -1
5 303 1
6 303 -1
5 304 1
6 304 -1
5 305 1
7 305 -1
5 306 1
8 306 -1
8 307 1
5 307 -1
8 308 1
5 308 -1
8 309 1
5 309 -1
9 310 1
5 310 -1
10 311 1
5 311 -1
10 312 1
5 312 -1
10 313 1
5 313 -1
10 314 1
5 314 -1
5 315 1
11 315 -1
11 316 1
5 316 -1
5 317 1
12 317 -1
12 318 1
5 318 -1
5 319 1
12 319 -1
5 320 1
12 320 -1
5 321 1
13 321 -1
5 322 1
14 322 -1
5 323 1
14 323 -1
5 324 1
15 324 -1
5 325 1
15 325 -1
5 326 1
15 326 -1
5 327 1
16 327 -1
5 328 1
16 328 -1
17 329 1
5 329 -1
5 330 1
17 330 -1
5 331 1
18 331 -1
18 332 1
5 332 -1
5 333 1
18 333 -1
5 334 1
19 334 -1
19 335 1
5 335 -1
5 336 1
19 336 -1
5 337 1
19 337 -1
5 338 1
20 338 -1
5 339 1
21 339 -1
21 340 1
5 340 -1
5 341 1
21 341 -1
5 342 1
22 342 -1
22 343 1
5 343 -1
5 344 1
22 344 -1
5 345 1
23 345 -1
5 346 1
23 346 -1
24 347 1
5 347 -1
24 348 1
5 348 -1
5 349 1
24 349 -1
24 350 1
5 350 -1
25 351 1
5 351 -1
5 352 1
25 352 -1
5 353 1
26 353 -1
26 354 1
5 354 -1
5 355 1
26 355 -1
27 356 1
5 356 -1
27 357 1
5 357 -1
5 358 1
27 358 -1
28 359 1
5 359 -1
5 360 1
28 360 -1
5 361 1
29 361 -1
29 362 1
5 362 -1
5 363 1
30 363 -1
7 364 1
6 364 -1
7 365 1
6 365 -1
7 366 1
6 366 -1
7 367 1
6 367 -1
6 368 1
8 368 -1
8 369 1
6 369 -1
6 370 1
8 370 -1
9 371 1
6 371 -1
6 372 1
10 372 -1
6 373 1
10 373 -1
11 374 1
6 374 -1
6 375 1
12 375 -1
6 376 1
12 376 -1
12 377 1
6 377 -1
6 378 1
12 378 -1
13 379 1
6 379 -1
6 380 1
14 380 -1
6 381 1
14 381 -1
14 382 1
6 382 -1
15 383 1
6 383 -1
6 384 1
15 384 -1
6 385 1
16 385 -1
6 386 1
17 386 -1
6 387 1
18 387 -1
19 388 1
6 388 -1
19 389 1
6 389 -1
19 390 1
6 390 -1
6 391 1
19 391 -1
20 392 1
6 392 -1
20 393 1
6 393 -1
20 394 1
6 394 -1
6 395 1
20 395 -1
21 396 1
6 396 -1
21 397 1
6 397 -1
6 398 1
22 398 -1
22 399 1
6 399 -1
23 400 1
6 400 -1
6 401 1
23 401 -1
6 402 1
24 402 -1
6 403 1
25 403 -1
6 404 1
25 404 -1
6 405 1
25 405 -1
26 406 1
6 406 -1
27 407 1
6 407 -1
6 408 1
28 408 -1
28 409 1
6 409 -1
28 410 1
6 410 -1
6 411 1
28 411 -1
6 412 1
29 412 -1
6 413 1
30 413 -1
30 414 1
6 414 -1
6 415 1
30 415 -1
30 416 1
6 416 -1
7 417 1
8 417 -1
8 418 1
7 418 -1
9 419 1
7 419 -1
10 420 1
7 420 -1
7 421 1
10 421 -1
10 422 1
7 422 -1
11 423 1
7 423 -1
11 424 1
7 424 -1
7 425 1
11 425 -1
7 426 1
12 426 -1
12 427 1
7 427 -1
7 428 1
13 428 -1
13 429 1
7 429 -1
7 430 1
13 430 -1
13 431 1
7 431 -1
14 432 1
7 432 -1
7 433 1
14 433 -1
14 434 1
7 434 -1
14 435 1
7 435 -1
15 436 1
7 436 -1
15 437 1
7 437 -1
15 438 1
7 438 -1
15 439 1
7 439 -1
7 440 1
16 440 -1
7 441 1
16 441 -1
16 442 1
7 442 -1
7 443 1
17 443 -1
17 444 1
7 444 -1
17 445 1
7 445 -1
7 446 1
17 446 -1
18 447 1
7 447 -1
18 448 1
7 448 -1
7 449 1
18 449 -1
7 450 1
18 450 -1
7 451 1
19 451 -1
7 452 1
20 452 -1
7 453 1
20 453 -1
7 454 1
20 454 -1
7 455 1
20 455 -1
21 456 1
7 456 -1
21 457 1
7 457 -1
7 458 1
21 458 -1
21 459 1
7 459 -1
22 460 1
7 460 -1
7 461 1
23 461 -1
7 462 1
23 462 -1
7 463 1
23 463 -1
23 464 1
7 464 -1
7 465 1
24 465 -1
24 466 1
7 466 -1
7 467 1
25 467 -1
25 468 1
7 468 -1
25 469 1
7 469 -1
25 470 1
7 470 -1
26 471 1
7 471 -1
26 472 1
7 472 -1
26 473 1
7 473 -1
27 474 1
7 474 -1
27 475 1
7 475 -1
7 476 1
27 476 -1
28 477 1
7 477 -1
7 478 1
29 478 -1
30 479 1
7 479 -1
7 480 1
30 480 -1
30 481 1
7 481 -1
8 482 1
9 482 -1
8 483 1
9 483 -1
8 484 1
10 484 -1
8 485 1
11 485 -1
11 486 1
8 486 -1
8 487 1
12 487 -1
12 488 1
8 488 -1
8 489 1
13 489 -1
8 490 1
13 490 -1
13 491 1
8 491 -1
8 492 1
13 492 -1
8 493 1
14 493 -1
8 494 1
14 494 -1
8 495 1
14 495 -1
8 496 1
14 496 -1
15 497 1
8 497 -1
8 498 1
15 498 -1
16 499 1
8 499 -1
8 500 1
16 500 -1
8 501 1
16 501 -1
8 502 1
17 502 -1
17 503 1
8 503 -1
17 504 1
8 504 -1
8 505 1
18 505 -1
18 506 1
8 506 -1
8 507 1
19 507 -1
19 508 1
8 508 -1
19 509 1
8 509 -1
20 510 1
8 510 -1
8 511 1
20 511 -1
8 512 1
21 512 -1
21 513 1
8 513 -1
8 514 1
21 514 -1
8 515 1
22 515 -1
8 516 1
23 516 -1
8 517 1
24 517 -1
24 518 1
8 518 -1
25 519 1
8 519 -1
8 520 1
25 520 -1
25 521 1
8 521 -1
8 522 1
25 522 -1
26 523 1
8 523 -1
8 524 1
26 524 -1
8 525 1
26 525 -1
26 526 1
8 526 -1
8 527 1
27 527 -1
8 528 1
27 528 -1
27 529 1
8 529 -1
8 530 1
28 530 -1
8 531 1
28 531 -1
8 532 1
28 532 -1
28 533 1
8 533 -1
8 534 1
29 534 -1
29 535 1
8 535 -1
29 536 1
8 536 -1
8 537 1
30 537 -1
8 538 1
30 538 -1
30 539 1
8 539 -1
9 540 1
10 540 -1
10 541 1
9 541 -1
11 542 1
9 542 -1
11 543 1
9 543 -1
9 544 1
11 544 -1
9 545 1
12 545 -1
13 546 1
9 546 -1
9 547 1
13 547 -1
9 548 1
13 548 -1
9 549 1
14 549 -1
15 550 1
9 550 -1
9 551 1
16 551 -1
9 552 1
16 552 -1
17 553 1
9 553 -1
17 554 1
9 554 -1
9 555 1
17 555 -1
18 556 1
9 556 -1
9 557 1
18 557 -1
9 558 1
18 558 -1
9 559 1
19 559 -1
19 560 1
9 560 -1
19 561 1
9 561 -1
19 562 1
9 562 -1
9 563 1
20 563 -1
9 564 1
20 564 -1
20 565 1
9 565 -1
9 566 1
20 566 -1
21 567 1
9 567 -1
21 568 1
9 568 -1
9 569 1
21 569 -1
9 570 1
22 570 -1
22 571 1
9 571 -1
22 572 1
9 572 -1
23 573 1
9 573 -1
23 574 1
9 574 -1
9 575 1
23 575 -1
23 576 1
9 576 -1
24 577 1
9 577 -1
25 578 1
9 578 -1
9 579 1
25 579 -1
9 580 1
25 580 -1
9 581 1
25 581 -1
9 582 1
26 582 -1
26 583 1
9 583 -1
9 584 1
26 584 -1
26 585 1
9 585 -1
9 586 1
27 586 -1
9 587 1
27 587 -1
27 588 1
9 588 -1
28 589 1
9 589 -1
9 590 1
28 590 -1
29 591 1
9 591 -1
29 592 1
9 592 -1
30 593 1
9 593 -1
10 594 1
11 594 -1
10 595 1
11 595 -1
10 596 1
11 596 -1
11 597 1
10 597 -1
12 598 1
10 598 -1
10 599 1
12 599 -1
10 600 1
12 600 -1
10 601 1
13 601 -1
10 602 1
13 602 -1
10 603 1
13 603 -1
13 604 1
10 604 -1
10 605 1
14 605 -1
10 606 1
14 606 -1
10 607 1
15 607 -1
10 608 1
15 608 -1
10 609 1
15 609 -1
16 610 1
10 610 -1
16 611 1
10 611 -1
16 612 1
10 612 -1
10 613 1
16 613 -1
17 614 1
10 614 -1
17 615 1
10 615 -1
17 616 1
10 616 -1
17 617 1
10 617 -1
10 618 1
18 618 -1
10 619 1
18 619 -1
10 620 1
18 620 -1
10 621 1
19 621 -1
19 622 1
10 622 -1
10 623 1
19 623 -1
19 624 1
10 624 -1
20 625 1
10 625 -1
10 626 1
20 626 -1
10 627 1
20 627 -1
20 628 1
10 628 -1
21 629 1
10 629 -1
10 630 1
21 630 -1
10 631 1
21 631 -1
10 632 1
21 632 -1
10 633 1
22 633 -1
22 634 1
10 634 -1
10 635 1
22 635 -1
10 636 1
23 636 -1
10 637 1
23 637 -1
10 638 1
23 638 -1
24 639 1
10 639 -1
10 640 1
24 640 -1
24 641 1
10 641 -1
10 642 1
24 642 -1
10 643 1
25 643 -1
25 644 1
10 644 -1
26 645 1
10 645 -1
26 646 1
10 646 -1
26 647 1
10 647 -1
10 648 1
26 648 -1
10 649 1
27 649 -1
10 650 1
27 650 -1
10 651 1
28 651 -1
10 652 1
28 652 -1
28 653 1
10 653 -1
10 654 1
29 654 -1
10 655 1
29 655 -1
10 656 1
29 656 -1
30 657 1
10 657 -1
12 658 1
11 658 -1
13 659 1
11 659 -1
11 660 1
13 660 -1
14 661 1
11 661 -1
14 662 1
11 662 -1
11 663 1
14 663 -1
14 664 1
11 664 -1
15 665 1
11 665 -1
11 666 1
16 666 -1
17 667 1
11 667 -1
17 668 1
11 668 -1
17 669 1
11 669 -1
18 670 1
11 670 -1
11 671 1
18 671 -1
11 672 1
18 672 -1
19 673 1
11 673 -1
20 674 1
11 674 -1
11 675 1
20 675 -1
11 676 1
20 676 -1
11 677 1
20 677 -1
11 678 1
21 678 -1
11 679 1
22 679 -1
22 680 1
11 680 -1
22 681 1
11 681 -1
23 682 1
11 682 -1
24 683 1
11 683 -1
11 684 1
24 684 -1
25 685 1
11 685 -1
11 686 1
25 686 -1
26 687 1
11 687 -1
11 688 1
27 688 -1
27 689 1
11 689 -1
11 690 1
28 690 -1
28 691 1
11 691 -1
11 692 1
28 692 -1
11 693 1
29 693 -1
11 694 1
29 694 -1
11 695 1
30 695 -1
11 696 1
30 696 -1
11 697 1
30 697 -1
11 698 1
30 698 -1
12 699 1
13 699 -1
12 700 1
14 700 -1
14 701 1
12 701 -1
12 702 1
14 702 -1
15 703 1
12 703 -1
12 704 1
16 704 -1
12 705 1
16 705 -1
16 706 1
12 706 -1
12 707 1
16 707 -1
17 708 1
12 708 -1
17 709 1
12 709 -1
17 710 1
12 710 -1
17 711 1
12 711 -1
18 712 1
12 712 -1
18 713 1
12 713 -1
18 714 1
12 714 -1
19 715 1
12 715 -1
19 716 1
12 716 -1
12 717 1
19 717 -1
20 718 1
12 718 -1
20 719 1
12 719 -1
12 720 1
21 720 -1
12 721 1
21 721 -1
12 722 1
21 722 -1
21 723 1
12 723 -1
22 724 1
12 724 -1
22 725 1
12 725 -1
12 726 1
22 726 -1
12 727 1
23 727 -1
12 728 1
23 728 -1
23 729 1
12 729 -1
23 730 1
12 730 -1
12 731 1
24 731 -1
12 732 1
24 732 -1
12 733 1
25 733 -1
25 734 1
12 734 -1
25 735 1
12 735 -1
26 736 1
12 736 -1
12 737 1
26 737 -1
26 738 1
12 738 -1
12 739 1
26 739 -1
27 740 1
12 740 -1
12 741 1
28 741 -1
12 742 1
29 742 -1
29 743 1
12 743 -1
30 744 1
12 744 -1
12 745 1
30 745 -1
13 746 1
14 746 -1
13 747 1
14 747 -1
14 748 1
13 748 -1
14 749 1
13 749 -1
15 750 1
13 750 -1
15 751 1
13 751 -1
15 752 1
13 752 -1
15 753 1
13 753 -1
16 754 1
13 754 -1
16 755 1
13 755 -1
17 756 1
13 756 -1
17 757 1
13 757 -1
13 758 1
17 758 -1
18 759 1
13 759 -1
13 760 1
18 760 -1
19 761 1
13 761 -1
20 762 1
13 762 -1
13 763 1
20 763 -1
21 764 1
13 764 -1
13 765 1
21 765 -1
21 766 1
13 766 -1
21 767 1
13 767 -1
22 768 1
13 768 -1
13 769 1
22 769 -1
22 770 1
13 770 -1
13 771 1
22 771 -1
13 772 1
23 772 -1
13 773 1
24 773 -1
13 774 1
24 774 -1
13 775 1
25 775 -1
25 776 1
13 776 -1
26 777 1
13 777 -1
13 778 1
26 778 -1
27 779 1
13 779 -1
13 780 1
27 780 -1
27 781 1
13 781 -1
13 782 1
28 782 -1
29 783 1
13 783 -1
13 784 1
29 784 -1
30 785 1
13 785 -1
13 786 1
30 786 -1
13 787 1
30 787 -1
13 788 1
30 788 -1
14 789 1
15 789 -1
15 790 1
14 790 -1
14 791 1
15 791 -1
14 792 1
15 792 -1
16 793 1
14 793 -1
16 794 1
14 794 -1
16 795 1
14 795 -1
14 796 1
16 796 -1
17 797 1
14 797 -1
14 798 1
17 798 -1
14 799 1
18 799 -1
18 800 1
14 800 -1
18 801 1
14 801 -1
14 802 1
18 802 -1
19 803 1
14 803 -1
14 804 1
20 804 -1
20 805 1
14 805 -1
20 806 1
14 806 -1
21 807 1
14 807 -1
14 808 1
21 808 -1
21 809 1
14 809 -1
22 810 1
14 810 -1
14 811 1
22 811 -1
14 812 1
22 812 -1
14 813 1
22 813 -1
23 814 1
14 814 -1
24 815 1
14 815 -1
25 816 1
14 816 -1
14 817 1
26 817 -1
26 818 1
14 818 -1
26 819 1
14 819 -1
27 820 1
14 820 -1
14 821 1
28 821 -1
14 822 1
29 822 -1
29 823 1
14 823 -1
14 824 1
29 824 -1
29 825 1
14 825 -1
14 826 1
30 826 -1
30 827 1
14 827 -1
30 828 1
14 828 -1
16 829 1
15 829 -1
15 830 1
17 830 -1
15 831 1
18 831 -1
19 832 1
15 832 -1
15 833 1
19 833 -1
15 834 1
20 834 -1
15 835 1
20 835 -1
15 836 1
20 836 -1
15 837 1
21 837 -1
15 838 1
21 838 -1
15 839 1
21 839 -1
22 840 1
15 840 -1
22 841 1
15 841 -1
22 842 1
15 842 -1
23 843 1
15 843 -1
23 844 1
15 844 -1
23 845 1
15 845 -1
23 846 1
15 846 -1
24 847 1
15 847 -1
15 848 1
24 848 -1
15 849 1
24 849 -1
25 850 1
15 850 -1
25 851 1
15 851 -1
15 852 1
26 852 -1
15 853 1
26 853 -1
26 854 1
15 854 -1
26 855 1
15 855 -1
27 856 1
15 856 -1
15 857 1
28 857 -1
29 858 1
15 858 -1
15 859 1
29 859 -1
30 860 1
15 860 -1
15 861 1
30 861 -1
16 862 1
17 862 -1
17 863 1
16 863 -1
17 864 1
16 864 -1
16 865 1
18 865 -1
19 866 1
16 866 -1
19 867 1
16 867 -1
20 868 1
16 868 -1
16 869 1
21 869 -1
22 870 1
16 870 -1
22 871 1
16 871 -1
23 872 1
16 872 -1
24 873 1
16 873 -1
16 874 1
24 874 -1
16 875 1
24 875 -1
16 876 1
25 876 -1
25 877 1
16 877 -1
16 878 1
26 878 -1
16 879 1
27 879 -1
27 880 1
16 880 -1
16 881 1
28 881 -1
16 882 1
28 882 -1
29 883 1
16 883 -1
16 884 1
29 884 -1
29 885 1
16 885 -1
30 886 1
16 886 -1
16 887 1
30 887 -1
16 888 1
30 888 -1
30 889 1
16 889 -1
18 890 1
17 890 -1
17 891 1
18 891 -1
17 892 1
18 892 -1
19 893 1
17 893 -1
20 894 1
17 894 -1
20 895 1
17 895 -1
17 896 1
20 896 -1
17 897 1
21 897 -1
22 898 1
17 898 -1
22 899 1
17 899 -1
23 900 1
17 900 -1
17 901 1
23 901 -1
17 902 1
24 902 -1
17 903 1
24 903 -1
17 904 1
24 904 -1
17 905 1
24 905 -1
25 906 1
17 906 -1
25 907 1
17 907 -1
17 908 1
26 908 -1
27 909 1
17 909 -1
17 910 1
28 910 -1
17 911 1
28 911 -1
17 912 1
29 912 -1
30 913 1
17 913 -1
17 914 1
30 914 -1
30 915 1
17 915 -1
30 916 1
17 916 -1
19 917 1
18 917 -1
19 918 1
18 918 -1
18 919 1
20 919 -1
18 920 1
20 920 -1
18 921 1
21 921 -1
21 922 1
18 922 -1
21 923 1
18 923 -1
18 924 1
21 924 -1
22 925 1
18 925 -1
18 926 1
22 926 -1
18 927 1
22 927 -1
22 928 1
18 928 -1
23 929 1
18 929 -1
18 930 1
23 930 -1
18 931 1
23 931 -1
24 932 1
18 932 -1
18 933 1
24 933 -1
18 934 1
25 934 -1
26 935 1
18 935 -1
26 936 1
18 936 -1
18 937 1
26 937 -1
26 938 1
18 938 -1
27 939 1
18 939 -1
18 940 1
27 940 -1
28 941 1
18 941 -1
29 942 1
18 942 -1
29 943 1
18 943 -1
30 944 1
18 944 -1
20 945 1
19 945 -1
21 946 1
19 946 -1
21 947 1
19 947 -1
19 948 1
22 948 -1
22 949 1
19 949 -1
23 950 1
19 950 -1
19 951 1
24 951 -1
25 952 1
19 952 -1
25 953 1
19 953 -1
19 954 1
25 954 -1
25 955 1
19 955 -1
19 956 1
26 956 -1
19 957 1
26 957 -1
19 958 1
27 958 -1
19 959 1
27 959 -1
19 960 1
27 960 -1
19 961 1
27 961 -1
19 962 1
28 962 -1
28 963 1
19 963 -1
29 964 1
19 964 -1
19 965 1
30 965 -1
30 966 1
19 966 -1
21 967 1
20 967 -1
20 968 1
22 968 -1
22 969 1
20 969 -1
22 970 1
20 970 -1
20 971 1
22 971 -1
23 972 1
20 972 -1
23 973 1
20 973 -1
20 974 1
23 974 -1
20 975 1
24 975 -1
25 976 1
20 976 -1
25 977 1
20 977 -1
25 978 1
20 978 -1
20 979 1
26 979 -1
20 980 1
26 980 -1
27 981 1
20 981 -1
20 982 1
27 982 -1
27 983 1
20 983 -1
20 984 1
27 984 -1
28 985 1
20 985 -1
28 986 1
20 986 -1
29 987 1
20 987 -1
29 988 1
20 988 -1
29 989 1
20 989 -1
20 990 1
30 990 -1
30 991 1
20 991 -1
20 992 1
30 992 -1
30 993 1
20 993 -1
21 994 1
22 994 -1
21 995 1
22 995 -1
21 996 1
22 996 -1
21 997 1
22 997 -1
23 998 1
21 998 -1
23 999 1
21 999 -1
23 1000 1
21 1000 -1
21 1001 1
23 1001 -1
21 1002 1
24 1002 -1
21 1003 1
24 1003 -1
24 1004 1
21 1004 -1
21 1005 1
25 1005 -1
26 1006 1
21 1006 -1
26 1007 1
21 1007 -1
26 1008 1
21 1008 -1
27 1009 1
21 1009 -1
21 1010 1
27 1010 -1
27 1011 1
21 1011 -1
21 1012 1
27 1012 -1
28 1013 1
21 1013 -1
29 1014 1
21 1014 -1
21 1015 1
29 1015 -1
21 1016 1
30 1016 -1
22 1017 1
23 1017 -1
23 1018 1
22 1018 -1
24 1019 1
22 1019 -1
24 1020 1
22 1020 -1
25 1021 1
22 1021 -1
22 1022 1
25 1022 -1
26 1023 1
22 1023 -1
26 1024 1
22 1024 -1
27 1025 1
22 1025 -1
27 1026 1
22 1026 -1
27 1027 1
22 1027 -1
27 1028 1
22 1028 -1
28 1029 1
22 1029 -1
22 1030 1
28 1030 -1
22 1031 1
28 1031 -1
22 1032 1
29 1032 -1
22 1033 1
29 1033 -1
29 1034 1
22 1034 -1
22 1035 1
29 1035 -1
22 1036 1
30 1036 -1
30 1037 1
22 1037 -1
23 1038 1
24 1038 -1
23 1039 1
25 1039 -1
23 1040 1
25 1040 -1
23 1041 1
25 1041 -1
23 1042 1
26 1042 -1
23 1043 1
26 1043 -1
23 1044 1
26 1044 -1
26 1045 1
23 1045 -1
23 1046 1
27 1046 -1
27 1047 1
23 1047 -1
27 1048 1
23 1048 -1
28 1049 1
23 1049 -1
23 1050 1
29 1050 -1
30 1051 1
23 1051 -1
23 1052 1
30 1052 -1
25 1053 1
24 1053 -1
24 1054 1
25 1054 -1
24 1055 1
25 1055 -1
24 1056 1
26 1056 -1
24 1057 1
26 1057 -1
27 1058 1
24 1058 -1
27 1059 1
24 1059 -1
27 1060 1
24 1060 -1
27 1061 1
24 1061 -1
28 1062 1
24 1062 -1
24 1063 1
28 1063 -1
29 1064 1
24 1064 -1
24 1065 1
29 1065 -1
24 1066 1
29 1066 -1
24 1067 1
30 1067 -1
30 1068 1
24 1068 -1
30 1069 1
24 1069 -1
25 1070 1
26 1070 -1
27 1071 1
25 1071 -1
25 1072 1
27 1072 -1
25 1073 1
27 1073 -1
25 1074 1
28 1074 -1
25 1075 1
29 1075 -1
25 1076 1
29 1076 -1
25 1077 1
29 1077 -1
25 1078 1
30 1078 -1
30 1079 1
25 1079 -1
30 1080 1
25 1080 -1
26 1081 1
27 1081 -1
27 1082 1
26 1082 -1
27 1083 1
26 1083 -1
26 1084 1
28 1084 -1
26 1085 1
28 1085 -1
26 1086 1
29 1086 -1
26 1087 1
29 1087 -1
26 1088 1
29 1088 -1
29 1089 1
26 1089 -1
30 1090 1
26 1090 -1
30 1091 1
26 1091 -1
26 1092 1
30 1092 -1
30 1093 1
26 1093 -1
27 1094 1
28 1094 -1
28 1095 1
27 1095 -1
29 1096 1
27 1096 -1
27 1097 1
29 1097 -1
29 1098 1
27 1098 -1
27 1099 1
30 1099 -1
27 1100 1
30 1100 -1
27 1101 1
30 1101 -1
27 1102 1
30 1102 -1
28 1103 1
29 1103 -1
29 1104 1
28 1104 -1
29 1105 1
28 1105 -1
28 1106 1
30 1106 -1
30 1107 1
28 1107 -1
29 1108 1
30 1108 -1
29 1109 1
30 1109 -1
