2 1 1
1 1 -1
2 2 1
1 2 -1
2 3 1
1 3 -1
1 4 1
2 4 -1
1 5 1
3 5 -1
1 6 1
3 6 -1
1 7 1
4 7 -1
4 8 1
1 8 -1
5 9 1
1 9 -1
1 10 1
5 10 -1
6 11 1
1 11 -1
1 12 1
7 12 -1
7 13 1
1 13 -1
8 14 1
1 14 -1
8 15 1
1 15 -1
1 16 1
9 16 -1
1 17 1
9 17 -1
1 18 1
9 18 -1
1 19 1
9 19 -1
1 20 1
10 20 -1
10 21 1
1 21 -1
1 22 1
11 22 -1
1 23 1
11 23 -1
1 24 1
11 24 -1
1 25 1
12 25 -1
12 26 1
1 26 -1
1 27 1
13 27 -1
1 28 1
14 28 -1
1 29 1
15 29 -1
1 30 1
15 30 -1
15 31 1
1 31 -1
1 32 1
15 32 -1
16 33 1
1 33 -1
1 34 1
17 34 -1
1 35 1
18 35 -1
1 36 1
18 36 -1
18 37 1
1 37 -1
1 38 1
18 38 -1
1 39 1
19 39 -1
1 40 1
19 40 -1
20 41 1
1 41 -1
20 42 1
1 42 -1
1 43 1
21 43 -1
21 44 1
1 44 -1
21 45 1
1 45 -1
22 46 1
1 46 -1
1 47 1
22 47 -1
1 48 1
22 48 -1
1 49 1
22 49 -1
1 50 1
23 50 -1
1 51 1
23 51 -1
1 52 1
23 52 -1
23 53 1
1 53 -1
24 54 1
1 54 -1
1 55 1
25 55 -1
25 56 1
1 56 -1
25 57 1
1 57 -1
1 58 1
26 58 -1
26 59 1
1 59 -1
26 60 1
1 60 -1
27 61 1
1 61 -1
1 62 1
28 62 -1
28 63 1
1 63 -1
1 64 1
28 64 -1
1 65 1
28 65 -1
1 66 1
29 66 -1
30 67 1
1 67 -1
30 68 1
1 68 -1
1 69 1
30 69 -1
3 70 1
2 70 -1
3 71 1
2 71 -1
2 72 1
3 72 -1
3 73 1
2 73 -1
4 74 1
2 74 -1
4 75 1
2 75 -1
5 76 1
2 76 -1
5 77 1
2 77 -1
5 78 1
2 78 -1
6 79 1
2 79 -1
2 80 1
6 80 -1
2 81 1
7 81 -1
2 82 1
7 82 -1
8 83 1
2 83 -1
2 84 1
8 84 -1
2 85 1
8 85 -1
9 86 1
2 86 -1
2 87 1
9 87 -1
2 88 1
9 88 -1
2 89 1
9 89 -1
10 90 1
2 90 -1
10 91 1
2 91 -1
2 92 1
10 92 -1
2 93 1
10 93 -1
2 94 1
11 94 -1
11 95 1
2 95 -1
2 96 1
12 96 -1
2 97 1
12 97 -1
2 98 1
12 98 -1
2 99 1
12 99 -1
2 100 1
13 100 -1
14 101 1
2 101 -1
2 102 1
14 102 -1
14 103 1
2 103 -1
14 104 1
2 104 -1
2 105 1
15 105 -1
16 106 1
2 106 -1
16 107 1
2 107 -1
2 108 1
17 108 -1
2 109 1
18 109 -1
19 110 1
2 110 -1
20 111 1
2 111 -1
2 112 1
20 112 -1
2 113 1
20 113 -1
2 114 1
21 114 -1
2 115 1
21 115 -1
22 116 1
2 116 -1
2 117 1
23 117 -1
2 118 1
23 118 -1
2 119 1
23 119 -1
2 120 1
23 120 -1
24 121 1
2 121 -1
2 122 1
24 122 -1
25 123 1
2 123 -1
26 124 1
2 124 -1
26 125 1
2 125 -1
26 126 1
2 126 -1
27 127 1
2 127 -1
27 128 1
2 128 -1
2 129 1
27 129 -1
27 130 1
2 130 -1
2 131 1
28 131 -1
2 132 1
28 132 -1
2 133 1
28 133 -1
29 134 1
2 134 -1
29 135 1
2 135 -1
2 136 1
30 136 -1
2 137 1
30 137 -1
4 138 1
3 138 -1
3 139 1
4 139 -1
5 140 1
3 140 -1
5 141 1
3 141 -1
5 142 1
3 142 -1
3 143 1
6 143 -1
3 144 1
6 144 -1
3 145 1
6 145 -1
7 146 1
3 146 -1
3 147 1
7 147 -1
3 148 1
7 148 -1
3 149 1
7 149 -1
3 150 1
8 150 -1
3 151 1
8 151 -1
3 152 1
8 152 -1
3 153 1
8 153 -1
9 154 1
3 154 -1
3 155 1
9 155 -1
9 156 1
3 156 -1
10 157 1
3 157 -1
10 158 1
3 158 -1
10 159 1
3 159 -1
3 160 1
10 160 -1
11 161 1
3 161 -1
12 162 1
3 162 -1
12 163 1
3 163 -1
3 164 1
12 164 -1
3 165 1
13 165 -1
3 166 1
13 166 -1
13 167 1
3 167 -1
3 168 1
13 168 -1
3 169 1
14 169 -1
15 170 1
3 170 -1
15 171 1
3 171 -1
3 172 1
15 172 -1
3 173 1
16 173 -1
3 174 1
16 174 -1
16 175 1
3 175 -1
3 176 1
17 176 -1
3 177 1
18 177 -1
18 178 1
3 178 -1
18 179 1
3 179 -1
3 180 1
19 180 -1
3 181 1
20 181 -1
3 182 1
20 182 -1
20 183 1
3 183 -1
21 184 1
3 184 -1
21 185 1
3 185 -1
22 186 1
3 186 -1
3 187 1
23 187 -1
23 188 1
3 188 -1
23 189 1
3 189 -1
23 190 1
3 190 -1
3 191 1
24 191 -1
24 192 1
3 192 -1
25 193 1
3 193 -1
25 194 1
3 194 -1
3 195 1
25 195 -1
3 196 1
26 196 -1
3 197 1
26 197 -1
27 198 1
3 198 -1
3 199 1
27 199 -1
28 200 1
3 200 -1
3 201 1
28 201 -1
3 202 1
29 202 -1
29 203 1
3 203 -1
30 204 1
3 204 -1
4 205 1
5 205 -1
4 206 1
5 206 -1
4 207 1
6 207 -1
4 208 1
6 208 -1
4 209 1
6 209 -1
4 210 1
6 210 -1
4 211 1
7 211 -1
7 212 1
4 212 -1
8 213 1
4 213 -1
8 214 1
4 214 -1
9 215 1
4 215 -1
4 216 1
10 216 -1
11 217 1
4 217 -1
11 218 1
4 218 -1
11 219 1
4 219 -1
4 220 1
12 220 -1
12 221 1
4 221 -1
4 222 1
12 222 -1
4 223 1
13 223 -1
14 224 1
4 224 -1
4 225 1
15 225 -1
4 226 1
15 226 -1
15 227 1
4 227 -1
4 228 1
16 228 -1
4 229 1
16 229 -1
4 230 1
16 230 -1
4 231 1
17 231 -1
17 232 1
4 232 -1
17 233 1
4 233 -1
17 234 1
4 234 -1
18 235 1
4 235 -1
4 236 1
18 236 -1
4 237 1
18 237 -1
4 238 1
19 238 -1
4 239 1
19 239 -1
4 240 1
19 240 -1
4 241 1
20 241 -1
4 242 1
20 242 -1
20 243 1
4 243 -1
4 244 1
20 244 -1
21 245 1
4 245 -1
4 246 1
21 246 -1
22 247 1
4 247 -1
23 248 1
4 248 -1
23 249 1
4 249 -1
4 250 1
24 250 -1
4 251 1
24 251 -1
24 252 1
4 252 -1
4 253 1
25 253 -1
4 254 1
25 254 -1
4 255 1
25 255 -1
25 256 1
4 256 -1
26 257 1
4 257 -1
4 258 1
26 258 -1
4 259 1
27 259 -1
4 260 1
27 260 -1
28 261 1
4 261 -1
28 262 1
4 262 -1
28 263 1
4 263 -1
28 264 1
4 264 -1
29 265 1
4 265 -1
4 266 1
29 266 -1
4 267 1
29 267 -1
4 268 1
29 268 -1
30 269 1
4 269 -1
30 270 1
4 270 -1
6 271 1
5 271 -1
6 272 1
5 272 -1
7 273 1
5 273 -1
7 274 1
5 274 -1
7 275 1
5 275 -1
5 276 1
7 276 -1
8 277 1
5 277 -1
5 278 1
8 278 -1
8 279 1
5 279 -1
9 280 1
5 280 -1
5 281 1
9 281 -1
5 282 1
9 282 -1
10 283 1
5 283 -1
10 284 1
5 284 -1
11 285 1
5 285 -1
5 286 1
11 286 -1
11 287 1
5 287 -1
11 288 1
5 288 -1
12 289 1
5 289 -1
12 290 1
5 290 -1
5 291 1
13 291 -1
5 292 1
13 292 -1
14 293 1
5 293 -1
15 294 1
5 294 -1
5 295 1
15 295 -1
5 296 1
16 296 -1
16 297 1
5 297 -1
5 298 1
17 298 -1
17 299 1
5 299 -1
17 300 1
5 300 -1
17 301 1
5 301 -1
5 302 1
18 302 -1
19 303 1
5 303 -1
5 304 1
19 304 -1
5 305 1
20 305 -1
5 306 1
21 306 -1
5 307 1
21 307 -1
5 308 1
21 308 -1
22 309 1
5 309 -1
22 310 1
5 310 -1
23 311 1
5 311 -1
5 312 1
23 312 -1
5 313 1
24 313 -1
5 314 1
24 314 -1
24 315 1
5 315 -1
5 316 1
24 316 -1
25 317 1
5 317 -1
5 318 1
25 318 -1
5 319 1
25 319 -1
26 320 1
5 320 -1
26 321 1
5 321 -1
5 322 1
27 322 -1
5 323 1
27 323 -1
5 324 1
28 324 -1
29 325 1
5 325 -1
5 326 1
29 326 -1
5 327 1
29 327 -1
30 328 1
5 328 -1
7 329 1
6 329 -1
6 330 1
7 330 -1
6 331 1
7 331 -1
8 332 1
6 332 -1
6 333 1
8 333 -1
9 334 1
6 334 -1
9 335 1
6 335 -1
9 336 1
6 336 -1
9 337 1
6 337 -1
6 338 1
10 338 -1
11 339 1
6 339 -1
6 340 1
11 340 -1
6 341 1
11 341 -1
11 342 1
6 342 -1
12 343 1
6 343 -1
6 344 1
12 344 -1
13 345 1
6 345 -1
13 346 1
6 346 -1
6 347 1
13 347 -1
6 348 1
14 348 -1
14 349 1
6 349 -1
6 350 1
14 350 -1
6 351 1
14 351 -1
15 352 1
6 352 -1
6 353 1
15 353 -1
15 354 1
6 354 -1
15 355 1
6 355 -1
6 356 1
16 356 -1
17 357 1
6 357 -1
6 358 1
17 358 -1
6 359 1
17 359 -1
17 360 1
6 360 -1
18 361 1
6 361 -1
18 362 1
6 362 -1
6 363 1
18 363 -1
18 364 1
6 364 -1
6 365 1
19 365 -1
6 366 1
20 366 -1
6 367 1
20 367 -1
6 368 1
21 368 -1
21 369 1
6 369 -1
21 370 1
6 370 -1
21 371 1
6 371 -1
22 372 1
6 372 -1
6 373 1
22 373 -1
22 374 1
6 374 -1
22 375 1
6 375 -1
23 376 1
6 376 -1
6 377 1
23 377 -1
6 378 1
23 378 -1
23 379 1
6 379 -1
24 380 1
6 380 -1
24 381 1
6 381 -1
6 382 1
24 382 -1
6 383 1
24 383 -1
25 384 1
6 384 -1
6 385 1
26 385 -1
26 386 1
6 386 -1
6 387 1
27 387 -1
27 388 1
6 388 -1
27 389 1
6 389 -1
27 390 1
6 390 -1
28 391 1
6 391 -1
6 392 1
29 392 -1
29 393 1
6 393 -1
6 394 1
29 394 -1
6 395 1
29 395 -1
6 396 1
30 396 -1
7 397 1
8 397 -1
9 398 1
7 398 -1
7 399 1
9 399 -1
7 400 1
9 400 -1
7 401 1
10 401 -1
7 402 1
10 402 -1
11 403 1
7 403 -1
7 404 1
11 404 -1
11 405 1
7 405 -1
7 406 1
11 406 -1
12 407 1
7 407 -1
7 408 1
12 408 -1
7 409 1
12 409 -1
7 410 1
13 410 -1
13 411 1
7 411 -1
13 412 1
7 412 -1
13 413 1
7 413 -1
14 414 1
7 414 -1
14 415 1
7 415 -1
7 416 1
15 416 -1
7 417 1
15 417 -1
15 418 1
7 418 -1
7 419 1
15 419 -1
16 420 1
7 420 -1
16 421 1
7 421 -1
17 422 1
7 422 -1
7 423 1
17 423 -1
7 424 1
17 424 -1
7 425 1
17 425 -1
18 426 1
7 426 -1
18 427 1
7 427 -1
7 428 1
18 428 -1
7 429 1
19 429 -1
7 430 1
20 430 -1
21 431 1
7 431 -1
7 432 1
22 432 -1
22 433 1
7 433 -1
22 434 1
7 434 -1
7 435 1
23 435 -1
7 436 1
23 436 -1
23 437 1
7 437 -1
7 438 1
23 438 -1
7 439 1
24 439 -1
7 440 1
24 440 -1
24 441 1
7 441 -1
25 442 1
7 442 -1
7 443 1
25 443 -1
25 444 1
7 444 -1
25 445 1
7 445 -1
7 446 1
26 446 -1
7 447 1
27 447 -1
7 448 1
27 448 -1
27 449 1
7 449 -1
28 450 1
7 450 -1
28 451 1
7 451 -1
7 452 1
28 452 -1
29 453 1
7 453 -1
7 454 1
30 454 -1
7 455 1
30 455 -1
30 456 1
7 456 -1
9 457 1
8 457 -1
8 458 1
9 458 -1
8 459 1
9 459 -1
9 460 1
8 460 -1
8 461 1
10 461 -1
11 462 1
8 462 -1
12 463 1
8 463 -1
8 464 1
12 464 -1
12 465 1
8 465 -1
8 466 1
13 466 -1
13 467 1
8 467 -1
13 468 1
8 468 -1
14 469 1
8 469 -1
8 470 1
15 470 -1
15 471 1
8 471 -1
8 472 1
15 472 -1
16 473 1
8 473 -1
16 474 1
8 474 -1
8 475 1
16 475 -1
8 476 1
16 476 -1
17 477 1
8 477 -1
17 478 1
8 478 -1
8 479 1
18 479 -1
18 480 1
8 480 -1
18 481 1
8 481 -1
18 482 1
8 482 -1
19 483 1
8 483 -1
20 484 1
8 484 -1
8 485 1
20 485 -1
8 486 1
20 486 -1
21 487 1
8 487 -1
21 488 1
8 488 -1
21 489 1
8 489 -1
8 490 1
22 490 -1
23 491 1
8 491 -1
23 492 1
8 492 -1
24 493 1
8 493 -1
8 494 1
24 494 -1
24 495 1
8 495 -1
24 496 1
8 496 -1
25 497 1
8 497 -1
8 498 1
25 498 -1
26 499 1
8 499 -1
8 500 1
26 500 -1
26 501 1
8 501 -1
26 502 1
8 502 -1
8 503 1
27 503 -1
28 504 1
8 504 -1
28 505 1
8 505 -1
8 506 1
29 506 -1
29 507 1
8 507 -1
8 508 1
29 508 -1
29 509 1
8 509 -1
8 510 1
30 510 -1
30 511 1
8 511 -1
8 512 1
30 512 -1
30 513 1
8 513 -1
10 514 1
9 514 -1
9 515 1
10 515 -1
10 516 1
9 516 -1
9 517 1
10 517 -1
9 518 1
11 518 -1
9 519 1
11 519 -1
9 520 1
12 520 -1
9 521 1
12 521 -1
13 522 1
9 522 -1
9 523 1
13 523 -1
14 524 1
9 524 -1
14 525 1
9 525 -1
9 526 1
14 526 -1
15 527 1
9 527 -1
9 528 1
16 528 -1
17 529 1
9 529 -1
17 530 1
9 530 -1
17 531 1
9 531 -1
17 532 1
9 532 -1
9 533 1
18 533 -1
9 534 1
18 534 -1
9 535 1
19 535 -1
19 536 1
9 536 -1
9 537 1
19 537 -1
9 538 1
20 538 -1
9 539 1
20 539 -1
9 540 1
20 540 -1
9 541 1
20 541 -1
21 542 1
9 542 -1
9 543 1
22 543 -1
9 544 1
22 544 -1
22 545 1
9 545 -1
22 546 1
9 546 -1
9 547 1
23 547 -1
24 548 1
9 548 -1
9 549 1
24 549 -1
25 550 1
9 550 -1
25 551 1
9 551 -1
9 552 1
25 552 -1
9 553 1
25 553 -1
26 554 1
9 554 -1
26 555 1
9 555 -1
9 556 1
27 556 -1
9 557 1
28 557 -1
28 558 1
9 558 -1
9 559 1
28 559 -1
29 560 1
9 560 -1
9 561 1
29 561 -1
9 562 1
30 562 -1
9 563 1
30 563 -1
9 564 1
30 564 -1
30 565 1
9 565 -1
11 566 1
10 566 -1
12 567 1
10 567 -1
10 568 1
12 568 -1
10 569 1
13 569 -1
10 570 1
13 570 -1
14 571 1
10 571 -1
15 572 1
10 572 -1
10 573 1
15 573 -1
10 574 1
16 574 -1
16 575 1
10 575 -1
17 576 1
10 576 -1
18 577 1
10 577 -1
19 578 1
10 578 -1
10 579 1
20 579 -1
10 580 1
20 580 -1
10 581 1
20 581 -1
10 582 1
21 582 -1
10 583 1
21 583 -1
21 584 1
10 584 -1
10 585 1
21 585 -1
10 586 1
22 586 -1
23 587 1
10 587 -1
23 588 1
10 588 -1
10 589 1
23 589 -1
23 590 1
10 590 -1
24 591 1
10 591 -1
25 592 1
10 592 -1
25 593 1
10 593 -1
10 594 1
25 594 -1
10 595 1
26 595 -1
26 596 1
10 596 -1
10 597 1
26 597 -1
10 598 1
26 598 -1
10 599 1
27 599 -1
10 600 1
27 600 -1
10 601 1
28 601 -1
10 602 1
28 602 -1
28 603 1
10 603 -1
10 604 1
29 604 -1
29 605 1
10 605 -1
10 606 1
29 606 -1
10 607 1
30 607 -1
30 608 1
10 608 -1
12 609 1
11 609 -1
12 610 1
11 610 -1
11 611 1
12 611 -1
12 612 1
11 612 -1
13 613 1
11 613 -1
13 614 1
11 614 -1
11 615 1
13 615 -1
11 616 1
13 616 -1
11 617 1
14 617 -1
14 618 1
11 618 -1
14 619 1
11 619 -1
14 620 1
11 620 -1
15 621 1
11 621 -1
11 622 1
15 622 -1
11 623 1
16 623 -1
16 624 1
11 624 -1
11 625 1
17 625 -1
17 626 1
11 626 -1
17 627 1
11 627 -1
11 628 1
18 628 -1
11 629 1
18 629 -1
11 630 1
18 630 -1
11 631 1
19 631 -1
19 632 1
11 632 -1
19 633 1
11 633 -1
19 634 1
11 634 -1
11 635 1
20 635 -1
11 636 1
20 636 -1
21 637 1
11 637 -1
11 638 1
21 638 -1
11 639 1
22 639 -1
23 640 1
11 640 -1
11 641 1
23 641 -1
23 642 1
11 642 -1
23 643 1
11 643 -1
11 644 1
24 644 -1
24 645 1
11 645 -1
11 646 1
24 646 -1
11 647 1
24 647 -1
25 648 1
11 648 -1
11 649 1
25 649 -1
25 650 1
11 650 -1
25 651 1
11 651 -1
11 652 1
26 652 -1
27 653 1
11 653 -1
27 654 1
11 654 -1
11 655 1
27 655 -1
27 656 1
11 656 -1
11 657 1
28 657 -1
11 658 1
28 658 -1
11 659 1
29 659 -1
11 660 1
30 660 -1
11 661 1
30 661 -1
12 662 1
13 662 -1
13 663 1
12 663 -1
14 664 1
12 664 -1
14 665 1
12 665 -1
15 666 1
12 666 -1
12 667 1
16 667 -1
16 668 1
12 668 -1
16 669 1
12 669 -1
17 670 1
12 670 -1
17 671 1
12 671 -1
18 672 1
12 672 -1
12 673 1
18 673 -1
18 674 1
12 674 -1
12 675 1
19 675 -1
12 676 1
19 676 -1
12 677 1
19 677 -1
12 678 1
19 678 -1
20 679 1
12 679 -1
12 680 1
20 680 -1
12 681 1
20 681 -1
20 682 1
12 682 -1
12 683 1
21 683 -1
12 684 1
21 684 -1
12 685 1
22 685 -1
22 686 1
12 686 -1
23 687 1
12 687 -1
24 688 1
12 688 -1
24 689 1
12 689 -1
12 690 1
24 690 -1
24 691 1
12 691 -1
12 692 1
25 692 -1
12 693 1
25 693 -1
12 694 1
25 694 -1
12 695 1
26 695 -1
12 696 1
27 696 -1
12 697 1
28 697 -1
28 698 1
12 698 -1
12 699 1
29 699 -1
29 700 1
12 700 -1
29 701 1
12 701 -1
30 702 1
12 702 -1
13 703 1
14 703 -1
13 704 1
14 704 -1
14 705 1
13 705 -1
15 706 1
13 706 -1
13 707 1
16 707 -1
16 708 1
13 708 -1
17 709 1
13 709 -1
13 710 1
17 710 -1
13 711 1
18 711 -1
13 712 1
18 712 -1
19 713 1
13 713 -1
20 714 1
13 714 -1
13 715 1
20 715 -1
13 716 1
21 716 -1
13 717 1
21 717 -1
21 718 1
13 718 -1
13 719 1
22 719 -1
22 720 1
13 720 -1
22 721 1
13 721 -1
13 722 1
22 722 -1
23 723 1
13 723 -1
13 724 1
23 724 -1
13 725 1
23 725 -1
13 726 1
24 726 -1
25 727 1
13 727 -1
26 728 1
13 728 -1
13 729 1
27 729 -1
13 730 1
27 730 -1
27 731 1
13 731 -1
27 732 1
13 732 -1
28 733 1
13 733 -1
28 734 1
13 734 -1
28 735 1
13 735 -1
13 736 1
29 736 -1
29 737 1
13 737 -1
13 738 1
29 738 -1
13 739 1
29 739 -1
30 740 1
13 740 -1
15 741 1
14 741 -1
14 742 1
15 742 -1
14 743 1
15 743 -1
16 744 1
14 744 -1
14 745 1
16 745 -1
14 746 1
17 746 -1
14 747 1
17 747 -1
14 748 1
18 748 -1
14 749 1
19 749 -1
14 750 1
19 750 -1
14 751 1
20 751 -1
14 752 1
21 752 -1
14 753 1
21 753 -1
14 754 1
22 754 -1
14 755 1
23 755 -1
14 756 1
23 756 -1
23 757 1
14 757 -1
14 758 1
24 758 -1
24 759 1
14 759 -1
14 760 1
24 760 -1
14 761 1
24 761 -1
14 762 1
25 762 -1
14 763 1
25 763 -1
25 764 1
14 764 -1
25 765 1
14 765 -1
26 766 1
14 766 -1
14 767 1
26 767 -1
14 768 1
27 768 -1
27 769 1
14 769 -1
28 770 1
14 770 -1
28 771 1
14 771 -1
14 772 1
29 772 -1
14 773 1
29 773 -1
14 774 1
29 774 -1
14 775 1
29 775 -1
14 776 1
30 776 -1
30 777 1
14 777 -1
16 778 1
15 778 -1
16 779 1
15 779 -1
15 780 1
16 780 -1
17 781 1
15 781 -1
17 782 1
15 782 -1
17 783 1
15 783 -1
18 784 1
15 784 -1
18 785 1
15 785 -1
15 786 1
19 786 -1
19 787 1
15 787 -1
19 788 1
15 788 -1
20 789 1
15 789 -1
20 790 1
15 790 -1
20 791 1
15 791 -1
15 792 1
20 792 -1
21 793 1
15 793 -1
15 794 1
22 794 -1
15 795 1
22 795 -1
15 796 1
22 796 -1
15 797 1
23 797 -1
15 798 1
23 798 -1
15 799 1
23 799 -1
23 800 1
15 800 -1
24 801 1
15 801 -1
25 802 1
15 802 -1
15 803 1
25 803 -1
15 804 1
26 804 -1
15 805 1
26 805 -1
27 806 1
15 806 -1
27 807 1
15 807 -1
15 808 1
28 808 -1
15 809 1
28 809 -1
15 810 1
28 810 -1
15 811 1
29 811 -1
29 812 1
15 812 -1
15 813 1
29 813 -1
15 814 1
30 814 -1
15 815 1
30 815 -1
15 816 1
30 816 -1
17 817 1
16 817 -1
17 818 1
16 818 -1
17 819 1
16 819 -1
16 820 1
17 820 -1
16 821 1
18 821 -1
18 822 1
16 822 -1
16 823 1
19 823 -1
20 824 1
16 824 -1
16 825 1
20 825 -1
21 826 1
16 826 -1
16 827 1
21 827 -1
21 828 1
16 828 -1
21 829 1
16 829 -1
16 830 1
22 830 -1
22 831 1
16 831 -1
22 832 1
16 832 -1
16 833 1
23 833 -1
23 834 1
16 834 -1
16 835 1
23 835 -1
24 836 1
16 836 -1
16 837 1
24 837 -1
16 838 1
24 838 -1
25 839 1
16 839 -1
25 840 1
16 840 -1
25 841 1
16 841 -1
25 842 1
16 842 -1
16 843 1
26 843 -1
27 844 1
16 844 -1
27 845 1
16 845 -1
16 846 1
28 846 -1
16 847 1
28 847 -1
16 848 1
28 848 -1
16 849 1
29 849 -1
16 850 1
29 850 -1
29 851 1
16 851 -1
30 852 1
16 852 -1
17 853 1
18 853 -1
17 854 1
19 854 -1
17 855 1
20 855 -1
17 856 1
21 856 -1
17 857 1
21 857 -1
17 858 1
21 858 -1
17 859 1
22 859 -1
22 860 1
17 860 -1
17 861 1
23 861 -1
17 862 1
23 862 -1
24 863 1
17 863 -1
17 864 1
24 864 -1
24 865 1
17 865 -1
17 866 1
24 866 -1
17 867 1
25 867 -1
17 868 1
25 868 -1
25 869 1
17 869 -1
25 870 1
17 870 -1
26 871 1
17 871 -1
17 872 1
26 872 -1
17 873 1
27 873 -1
27 874 1
17 874 -1
17 875 1
28 875 -1
28 876 1
17 876 -1
17 877 1
29 877 -1
30 878 1
17 878 -1
17 879 1
30 879 -1
30 880 1
17 880 -1
19 881 1
18 881 -1
19 882 1
18 882 -1
18 883 1
20 883 -1
20 884 1
18 884 -1
20 885 1
18 885 -1
18 886 1
20 886 -1
18 887 1
21 887 -1
21 888 1
18 888 -1
21 889 1
18 889 -1
21 890 1
18 890 -1
18 891 1
22 891 -1
18 892 1
22 892 -1
22 893 1
18 893 -1
23 894 1
18 894 -1
18 895 1
23 895 -1
23 896 1
18 896 -1
18 897 1
24 897 -1
18 898 1
24 898 -1
24 899 1
18 899 -1
18 900 1
25 900 -1
18 901 1
25 901 -1
25 902 1
18 902 -1
18 903 1
25 903 -1
18 904 1
26 904 -1
26 905 1
18 905 -1
18 906 1
27 906 -1
28 907 1
18 907 -1
18 908 1
28 908 -1
18 909 1
29 909 -1
29 910 1
18 910 -1
18 911 1
29 911 -1
18 912 1
30 912 -1
30 913 1
18 913 -1
18 914 1
30 914 -1
19 915 1
20 915 -1
19 916 1
20 916 -1
20 917 1
19 917 -1
19 918 1
20 918 -1
19 919 1
21 919 -1
19 920 1
22 920 -1
22 921 1
19 921 -1
19 922 1
22 922 -1
19 923 1
22 923 -1
19 924 1
23 924 -1
19 925 1
23 925 -1
24 926 1
19 926 -1
19 927 1
25 927 -1
19 928 1
25 928 -1
19 929 1
25 929 -1
19 930 1
25 930 -1
26 931 1
19 931 -1
19 932 1
26 932 -1
27 933 1
19 933 -1
19 934 1
27 934 -1
27 935 1
19 935 -1
19 936 1
27 936 -1
19 937 1
28 937 -1
19 938 1
28 938 -1
19 939 1
28 939 -1
19 940 1
28 940 -1
19 941 1
29 941 -1
19 942 1
29 942 -1
19 943 1
29 943 -1
19 944 1
30 944 -1
19 945 1
30 945 -1
30 946 1
19 946 -1
21 947 1
20 947 -1
20 948 1
22 948 -1
20 949 1
23 949 -1
20 950 1
23 950 -1
24 951 1
20 951 -1
20 952 1
24 952 -1
20 953 1
25 953 -1
26 954 1
20 954 -1
20 955 1
26 955 -1
26 956 1
20 956 -1
27 957 1
20 957 -1
27 958 1
20 958 -1
27 959 1
20 959 -1
27 960 1
20 960 -1
28 961 1
20 961 -1
28 962 1
20 962 -1
20 963 1
28 963 -1
20 964 1
28 964 -1
20 965 1
29 965 -1
20 966 1
29 966 -1
29 967 1
20 967 -1
30 968 1
20 968 -1
30 969 1
20 969 -1
21 970 1
22 970 -1
21 971 1
22 971 -1
22 972 1
21 972 -1
23 973 1
21 973 -1
21 974 1
24 974 -1
24 975 1
21 975 -1
24 976 1
21 976 -1
21 977 1
25 977 -1
21 978 1
25 978 -1
21 979 1
26 979 -1
21 980 1
26 980 -1
26 981 1
21 981 -1
21 982 1
26 982 -1
27 983 1
21 983 -1
21 984 1
27 984 -1
21 985 1
27 985 -1
21 986 1
28 986 -1
21 987 1
28 987 -1
21 988 1
28 988 -1
29 989 1
21 989 -1
21 990 1
30 990 -1
30 991 1
21 991 -1
21 992 1
30 992 -1
30 993 1
21 993 -1
23 994 1
22 994 -1
23 995 1
22 995 -1
23 996 1
22 996 -1
24 997 1
22 997 -1
24 998 1
22 998 -1
25 999 1
22 999 -1
25 1000 1
22 1000 -1
22 1001 1
26 1001 -1
26 1002 1
22 1002 -1
22 1003 1
26 1003 -1
26 1004 1
22 1004 -1
22 1005 1
27 1005 -1
22 1006 1
28 1006 -1
22 1007 1
28 1007 -1
28 1008 1
22 1008 -1
22 1009 1
29 1009 -1
22 1010 1
29 1010 -1
22 1011 1
29 1011 -1
30 1012 1
22 1012 -1
30 1013 1
22 1013 -1
22 1014 1
30 1014 -1
30 1015 1
22 1015 -1
23 1016 1
24 1016 -1
23 1017 1
24 1017 -1
23 1018 1
25 1018 -1
23 1019 1
25 1019 -1
23 1020 1
25 1020 -1
26 1021 1
23 1021 -1
26 1022 1
23 1022 -1
23 1023 1
26 1023 -1
27 1024 1
23 1024 -1
23 1025 1
27 1025 -1
27 1026 1
23 1026 -1
23 1027 1
28 1027 -1
28 1028 1
23 1028 -1
23 1029 1
28 1029 -1
23 1030 1
29 1030 -1
29 1031 1
23 1031 -1
23 1032 1
29 1032 -1
23 1033 1
30 1033 -1
30 1034 1
23 1034 -1
24 1035 1
25 1035 -1
24 1036 1
26 1036 -1
24 1037 1
26 1037 -1
24 1038 1
27 1038 -1
27 1039 1
24 1039 -1
24 1040 1
27 1040 -1
24 1041 1
27 1041 -1
24 1042 1
28 1042 -1
24 1043 1
29 1043 -1
29 1044 1
24 1044 -1
24 1045 1
29 1045 -1
24 1046 1
30 1046 -1
24 1047 1
30 1047 -1
25 1048 1
26 1048 -1
25 1049 1
27 1049 -1
27 1050 1
25 1050 -1
27 1051 1
25 1051 -1
25 1052 1
27 1052 -1
25 1053 1
28 1053 -1
28 1054 1
25 1054 -1
29 1055 1
25 1055 -1
30 1056 1
25 1056 -1
25 1057 1
30 1057 -1
30 1058 1
25 1058 -1
26 1059 1
27 1059 -1
27 1060 1
26 1060 -1
26 1061 1
28 1061 -1
28 1062 1
26 1062 -1
26 1063 1
28 1063 -1
29 1064 1
26 1064 -1
26 1065 1
29 1065 -1
26 1066 1
30 1066 -1
27 1067 1
28 1067 -1
27 1068 1
28 1068 -1
27 1069 1
29 1069 -1
27 1070 1
29 1070 -1
27 1071 1
29 1071 -1
27 1072 1
30 1072 -1
30 1073 1
27 1073 -1
30 1074 1
27 1074 -1
27 1075 1
30 1075 -1
28 1076 1
29 1076 -1
29 1077 1
28 1077 -1
28 1078 1
30 1078 -1
30 1079 1
28 1079 -1
28 1080 1
30 1080 -1
28 1081 1
30 1081 -1
30 1082 1
29 1082 -1
29 1083 1
30 1083 -1
