2 1 1
1 1 -1
1 2 1
3 2 -1
1 3 1
3 3 -1
3 4 1
1 4 -1
1 5 1
3 5 -1
1 6 1
4 6 -1
1 7 1
5 7 -1
5 8 1
1 8 -1
1 9 1
5 9 -1
5 10 1
1 10 -1
6 11 1
1 11 -1
1 12 1
6 12 -1
6 13 1
1 13 -1
6 14 1
1 14 -1
1 15 1
7 15 -1
1 16 1
8 16 -1
8 17 1
1 17 -1
8 18 1
1 18 -1
1 19 1
9 19 -1
1 20 1
10 20 -1
10 21 1
1 21 -1
10 22 1
1 22 -1
1 23 1
11 23 -1
12 24 1
1 24 -1
12 25 1
1 25 -1
12 26 1
1 26 -1
12 27 1
1 27 -1
13 28 1
1 28 -1
13 29 1
1 29 -1
1 30 1
14 30 -1
14 31 1
1 31 -1
1 32 1
14 32 -1
1 33 1
15 33 -1
1 34 1
15 34 -1
1 35 1
16 35 -1
17 36 1
1 36 -1
17 37 1
1 37 -1
1 38 1
18 38 -1
1 39 1
18 39 -1
19 40 1
1 40 -1
1 41 1
19 41 -1
1 42 1
20 42 -1
20 43 1
1 43 -1
1 44 1
20 44 -1
21 45 1
1 45 -1
1 46 1
22 46 -1
23 47 1
1 47 -1
24 48 1
1 48 -1
24 49 1
1 49 -1
1 50 1
24 50 -1
25 51 1
1 51 -1
1 52 1
25 52 -1
25 53 1
1 53 -1
26 54 1
1 54 -1
26 55 1
1 55 -1
1 56 1
26 56 -1
27 57 1
1 57 -1
27 58 1
1 58 -1
27 59 1
1 59 -1
27 60 1
1 60 -1
28 61 1
1 61 -1
28 62 1
1 62 -1
28 63 1
1 63 -1
29 64 1
1 64 -1
30 65 1
1 65 -1
1 66 1
30 66 -1
1 67 1
30 67 -1
3 68 1
2 68 -1
2 69 1
3 69 -1
2 70 1
3 70 -1
2 71 1
3 71 -1
2 72 1
4 72 -1
4 73 1
2 73 -1
2 74 1
5 74 -1
2 75 1
5 75 -1
6 76 1
2 76 -1
2 77 1
6 77 -1
2 78 1
6 78 -1
2 79 1
7 79 -1
2 80 1
7 80 -1
7 81 1
2 81 -1
7 82 1
2 82 -1
8 83 1
2 83 -1
2 84 1
8 84 -1
2 85 1
8 85 -1
2 86 1
8 86 -1
9 87 1
2 87 -1
2 88 1
10 88 -1
2 89 1
10 89 -1
11 90 1
2 90 -1
2 91 1
11 91 -1
11 92 1
2 92 -1
11 93 1
2 93 -1
2 94 1
12 94 -1
12 95 1
2 95 -1
12 96 1
2 96 -1
12 97 1
2 97 -1
2 98 1
13 98 -1
14 99 1
2 99 -1
2 100 1
14 100 -1
2 101 1
14 101 -1
2 102 1
14 102 -1
15 103 1
2 103 -1
2 104 1
15 104 -1
15 105 1
2 105 -1
2 106 1
16 106 -1
2 107 1
16 107 -1
2 108 1
16 108 -1
2 109 1
16 109 -1
17 110 1
2 110 -1
17 111 1
2 111 -1
2 112 1
17 112 -1
2 113 1
18 113 -1
19 114 1
2 114 -1
19 115 1
2 115 -1
2 116 1
19 116 -1
19 117 1
2 117 -1
20 118 1
2 118 -1
21 119 1
2 119 -1
21 120 1
2 120 -1
22 121 1
2 121 -1
2 122 1
22 122 -1
2 123 1
22 123 -1
23 124 1
2 124 -1
2 125 1
24 125 -1
24 126 1
2 126 -1
24 127 1
2 127 -1
25 128 1
2 128 -1
25 129 1
2 129 -1
25 130 1
2 130 -1
2 131 1
25 131 -1
26 132 1
2 132 -1
2 133 1
26 133 -1
26 134 1
2 134 -1
26 135 1
2 135 -1
2 136 1
27 136 -1
2 137 1
28 137 -1
28 138 1
2 138 -1
29 139 1
2 139 -1
2 140 1
29 140 -1
29 141 1
2 141 -1
2 142 1
30 142 -1
3 143 1
4 143 -1
3 144 1
4 144 -1
3 145 1
5 145 -1
6 146 1
3 146 -1
3 147 1
6 147 -1
3 148 1
7 148 -1
3 149 1
7 149 -1
3 150 1
7 150 -1
3 151 1
7 151 -1
3 152 1
8 152 -1
8 153 1
3 153 -1
9 154 1
3 154 -1
9 155 1
3 155 -1
3 156 1
10 156 -1
3 157 1
10 157 -1
3 158 1
11 158 -1
3 159 1
11 159 -1
3 160 1
11 160 -1
3 161 1
12 161 -1
13 162 1
3 162 -1
13 163 1
3 163 -1
3 164 1
13 164 -1
3 165 1
14 165 -1
3 166 1
14 166 -1
3 167 1
14 167 -1
3 168 1
14 168 -1
3 169 1
15 169 -1
15 170 1
3 170 -1
15 171 1
3 171 -1
16 172 1
3 172 -1
3 173 1
17 173 -1
3 174 1
17 174 -1
3 175 1
17 175 -1
18 176 1
3 176 -1
18 177 1
3 177 -1
18 178 1
3 178 -1
19 179 1
3 179 -1
19 180 1
3 180 -1
3 181 1
20 181 -1
20 182 1
3 182 -1
21 183 1
3 183 -1
22 184 1
3 184 -1
3 185 1
22 185 -1
3 186 1
22 186 -1
23 187 1
3 187 -1
3 188 1
24 188 -1
24 189 1
3 189 -1
3 190 1
24 190 -1
24 191 1
3 191 -1
3 192 1
25 192 -1
25 193 1
3 193 -1
3 194 1
25 194 -1
3 195 1
25 195 -1
3 196 1
26 196 -1
3 197 1
27 197 -1
27 198 1
3 198 -1
3 199 1
27 199 -1
3 200 1
28 200 -1
3 201 1
29 201 -1
3 202 1
29 202 -1
3 203 1
29 203 -1
3 204 1
29 204 -1
30 205 1
3 205 -1
3 206 1
30 206 -1
30 207 1
3 207 -1
4 208 1
5 208 -1
4 209 1
5 209 -1
5 210 1
4 210 -1
6 211 1
4 211 -1
6 212 1
4 212 -1
7 213 1
4 213 -1
8 214 1
4 214 -1
8 215 1
4 215 -1
8 216 1
4 216 -1
4 217 1
9 217 -1
4 218 1
9 218 -1
4 219 1
9 219 -1
10 220 1
4 220 -1
10 221 1
4 221 -1
4 222 1
10 222 -1
4 223 1
10 223 -1
11 224 1
4 224 -1
4 225 1
11 225 -1
4 226 1
11 226 -1
4 227 1
12 227 -1
13 228 1
4 228 -1
13 229 1
4 229 -1
14 230 1
4 230 -1
4 231 1
14 231 -1
14 232 1
4 232 -1
14 233 1
4 233 -1
4 234 1
15 234 -1
15 235 1
4 235 -1
15 236 1
4 236 -1
16 237 1
4 237 -1
16 238 1
4 238 -1
16 239 1
4 239 -1
16 240 1
4 240 -1
17 241 1
4 241 -1
4 242 1
17 242 -1
17 243 1
4 243 -1
4 244 1
18 244 -1
18 245 1
4 245 -1
4 246 1
19 246 -1
4 247 1
19 247 -1
4 248 1
19 248 -1
19 249 1
4 249 -1
4 250 1
20 250 -1
20 251 1
4 251 -1
21 252 1
4 252 -1
4 253 1
22 253 -1
22 254 1
4 254 -1
4 255 1
22 255 -1
22 256 1
4 256 -1
23 257 1
4 257 -1
4 258 1
24 258 -1
4 259 1
24 259 -1
25 260 1
4 260 -1
26 261 1
4 261 -1
26 262 1
4 262 -1
27 263 1
4 263 -1
27 264 1
4 264 -1
4 265 1
27 265 -1
28 266 1
4 266 -1
28 267 1
4 267 -1
28 268 1
4 268 -1
4 269 1
28 269 -1
4 270 1
29 270 -1
4 271 1
29 271 -1
29 272 1
4 272 -1
4 273 1
29 273 -1
30 274 1
4 274 -1
4 275 1
30 275 -1
5 276 1
6 276 -1
7 277 1
5 277 -1
5 278 1
7 278 -1
5 279 1
7 279 -1
5 280 1
7 280 -1
5 281 1
8 281 -1
8 282 1
5 282 -1
8 283 1
5 283 -1
8 284 1
5 284 -1
5 285 1
9 285 -1
5 286 1
9 286 -1
10 287 1
5 287 -1
11 288 1
5 288 -1
11 289 1
5 289 -1
5 290 1
11 290 -1
5 291 1
12 291 -1
12 292 1
5 292 -1
5 293 1
13 293 -1
13 294 1
5 294 -1
13 295 1
5 295 -1
5 296 1
14 296 -1
5 297 1
14 297 -1
14 298 1
5 298 -1
14 299 1
5 299 -1
5 300 1
15 300 -1
15 301 1
5 301 -1
5 302 1
15 302 -1
5 303 1
15 303 -1
5 304 1
16 304 -1
16 305 1
5 305 -1
16 306 1
5 306 -1
5 307 1
17 307 -1
17 308 1
5 308 -1
5 309 1
17 309 -1
17 310 1
5 310 -1
18 311 1
5 311 -1
18 312 1
5 312 -1
19 313 1
5 313 -1
5 314 1
19 314 -1
5 315 1
19 315 -1
20 316 1
5 316 -1
5 317 1
20 317 -1
20 318 1
5 318 -1
5 319 1
21 319 -1
5 320 1
22 320 -1
22 321 1
5 321 -1
5 322 1
22 322 -1
22 323 1
5 323 -1
23 324 1
5 324 -1
24 325 1
5 325 -1
5 326 1
25 326 -1
26 327 1
5 327 -1
5 328 1
26 328 -1
27 329 1
5 329 -1
27 330 1
5 330 -1
5 331 1
28 331 -1
5 332 1
28 332 -1
28 333 1
5 333 -1
28 334 1
5 334 -1
5 335 1
29 335 -1
5 336 1
29 336 -1
29 337 1
5 337 -1
30 338 1
5 338 -1
6 339 1
7 339 -1
7 340 1
6 340 -1
6 341 1
8 341 -1
8 342 1
6 342 -1
9 343 1
6 343 -1
10 344 1
6 344 -1
10 345 1
6 345 -1
10 346 1
6 346 -1
6 347 1
11 347 -1
11 348 1
6 348 -1
6 349 1
12 349 -1
6 350 1
12 350 -1
6 351 1
12 351 -1
6 352 1
12 352 -1
6 353 1
13 353 -1
13 354 1
6 354 -1
6 355 1
13 355 -1
14 356 1
6 356 -1
15 357 1
6 357 -1
16 358 1
6 358 -1
16 359 1
6 359 -1
6 360 1
16 360 -1
6 361 1
17 361 -1
17 362 1
6 362 -1
17 363 1
6 363 -1
6 364 1
18 364 -1
6 365 1
19 365 -1
19 366 1
6 366 -1
19 367 1
6 367 -1
20 368 1
6 368 -1
20 369 1
6 369 -1
21 370 1
6 370 -1
22 371 1
6 371 -1
22 372 1
6 372 -1
23 373 1
6 373 -1
24 374 1
6 374 -1
25 375 1
6 375 -1
25 376 1
6 376 -1
25 377 1
6 377 -1
6 378 1
26 378 -1
6 379 1
26 379 -1
27 380 1
6 380 -1
27 381 1
6 381 -1
6 382 1
27 382 -1
6 383 1
28 383 -1
6 384 1
28 384 -1
6 385 1
29 385 -1
6 386 1
29 386 -1
30 387 1
6 387 -1
8 388 1
7 388 -1
7 389 1
8 389 -1
9 390 1
7 390 -1
7 391 1
10 391 -1
7 392 1
10 392 -1
10 393 1
7 393 -1
10 394 1
7 394 -1
7 395 1
11 395 -1
7 396 1
11 396 -1
12 397 1
7 397 -1
12 398 1
7 398 -1
7 399 1
12 399 -1
12 400 1
7 400 -1
13 401 1
7 401 -1
13 402 1
7 402 -1
7 403 1
13 403 -1
7 404 1
14 404 -1
14 405 1
7 405 -1
7 406 1
14 406 -1
15 407 1
7 407 -1
7 408 1
15 408 -1
7 409 1
16 409 -1
7 410 1
16 410 -1
7 411 1
17 411 -1
17 412 1
7 412 -1
17 413 1
7 413 -1
7 414 1
18 414 -1
19 415 1
7 415 -1
20 416 1
7 416 -1
21 417 1
7 417 -1
7 418 1
21 418 -1
21 419 1
7 419 -1
22 420 1
7 420 -1
23 421 1
7 421 -1
7 422 1
23 422 -1
7 423 1
23 423 -1
7 424 1
23 424 -1
7 425 1
24 425 -1
24 426 1
7 426 -1
24 427 1
7 427 -1
24 428 1
7 428 -1
7 429 1
25 429 -1
26 430 1
7 430 -1
26 431 1
7 431 -1
26 432 1
7 432 -1
26 433 1
7 433 -1
7 434 1
27 434 -1
28 435 1
7 435 -1
28 436 1
7 436 -1
28 437 1
7 437 -1
7 438 1
29 438 -1
30 439 1
7 439 -1
30 440 1
7 440 -1
7 441 1
30 441 -1
30 442 1
7 442 -1
9 443 1
8 443 -1
8 444 1
9 444 -1
8 445 1
9 445 -1
10 446 1
8 446 -1
11 447 1
8 447 -1
8 448 1
11 448 -1
8 449 1
12 449 -1
8 450 1
12 450 -1
12 451 1
8 451 -1
8 452 1
12 452 -1
8 453 1
13 453 -1
8 454 1
14 454 -1
14 455 1
8 455 -1
8 456 1
15 456 -1
15 457 1
8 457 -1
8 458 1
15 458 -1
15 459 1
8 459 -1
16 460 1
8 460 -1
8 461 1
17 461 -1
8 462 1
17 462 -1
8 463 1
17 463 -1
17 464 1
8 464 -1
8 465 1
18 465 -1
18 466 1
8 466 -1
8 467 1
18 467 -1
18 468 1
8 468 -1
19 469 1
8 469 -1
19 470 1
8 470 -1
20 471 1
8 471 -1
8 472 1
20 472 -1
20 473 1
8 473 -1
8 474 1
21 474 -1
21 475 1
8 475 -1
22 476 1
8 476 -1
8 477 1
22 477 -1
22 478 1
8 478 -1
23 479 1
8 479 -1
8 480 1
23 480 -1
8 481 1
24 481 -1
8 482 1
24 482 -1
8 483 1
24 483 -1
8 484 1
24 484 -1
25 485 1
8 485 -1
25 486 1
8 486 -1
25 487 1
8 487 -1
8 488 1
25 488 -1
26 489 1
8 489 -1
27 490 1
8 490 -1
8 491 1
27 491 -1
27 492 1
8 492 -1
27 493 1
8 493 -1
8 494 1
28 494 -1
29 495 1
8 495 -1
29 496 1
8 496 -1
29 497 1
8 497 -1
8 498 1
30 498 -1
8 499 1
30 499 -1
8 500 1
30 500 -1
8 501 1
30 501 -1
9 502 1
10 502 -1
11 503 1
9 503 -1
9 504 1
12 504 -1
12 505 1
9 505 -1
9 506 1
12 506 -1
9 507 1
12 507 -1
13 508 1
9 508 -1
13 509 1
9 509 -1
13 510 1
9 510 -1
9 511 1
13 511 -1
14 512 1
9 512 -1
9 513 1
14 513 -1
14 514 1
9 514 -1
14 515 1
9 515 -1
15 516 1
9 516 -1
15 517 1
9 517 -1
15 518 1
9 518 -1
16 519 1
9 519 -1
17 520 1
9 520 -1
18 521 1
9 521 -1
19 522 1
9 522 -1
19 523 1
9 523 -1
9 524 1
19 524 -1
9 525 1
20 525 -1
9 526 1
21 526 -1
9 527 1
21 527 -1
9 528 1
22 528 -1
9 529 1
22 529 -1
22 530 1
9 530 -1
22 531 1
9 531 -1
9 532 1
23 532 -1
23 533 1
9 533 -1
9 534 1
24 534 -1
25 535 1
9 535 -1
9 536 1
25 536 -1
9 537 1
26 537 -1
26 538 1
9 538 -1
26 539 1
9 539 -1
9 540 1
27 540 -1
28 541 1
9 541 -1
9 542 1
28 542 -1
29 543 1
9 543 -1
29 544 1
9 544 -1
29 545 1
9 545 -1
9 546 1
29 546 -1
9 547 1
30 547 -1
9 548 1
30 548 -1
10 549 1
11 549 -1
12 550 1
10 550 -1
12 551 1
10 551 -1
13 552 1
10 552 -1
10 553 1
13 553 -1
10 554 1
14 554 -1
14 555 1
10 555 -1
10 556 1
14 556 -1
10 557 1
15 557 -1
15 558 1
10 558 -1
15 559 1
10 559 -1
10 560 1
16 560 -1
10 561 1
16 561 -1
17 562 1
10 562 -1
10 563 1
17 563 -1
17 564 1
10 564 -1
10 565 1
17 565 -1
10 566 1
18 566 -1
10 567 1
18 567 -1
10 568 1
18 568 -1
10 569 1
19 569 -1
19 570 1
10 570 -1
19 571 1
10 571 -1
10 572 1
20 572 -1
10 573 1
20 573 -1
10 574 1
20 574 -1
20 575 1
10 575 -1
21 576 1
10 576 -1
10 577 1
22 577 -1
10 578 1
22 578 -1
10 579 1
23 579 -1
24 580 1
10 580 -1
25 581 1
10 581 -1
10 582 1
25 582 -1
10 583 1
25 583 -1
10 584 1
26 584 -1
26 585 1
10 585 -1
10 586 1
26 586 -1
10 587 1
27 587 -1
27 588 1
10 588 -1
27 589 1
10 589 -1
10 590 1
27 590 -1
28 591 1
10 591 -1
28 592 1
10 592 -1
28 593 1
10 593 -1
29 594 1
10 594 -1
10 595 1
29 595 -1
10 596 1
30 596 -1
12 597 1
11 597 -1
11 598 1
13 598 -1
11 599 1
13 599 -1
11 600 1
13 600 -1
13 601 1
11 601 -1
11 602 1
14 602 -1
11 603 1
15 603 -1
11 604 1
15 604 -1
16 605 1
11 605 -1
11 606 1
16 606 -1
11 607 1
17 607 -1
17 608 1
11 608 -1
11 609 1
17 609 -1
11 610 1
17 610 -1
11 611 1
18 611 -1
18 612 1
11 612 -1
11 613 1
18 613 -1
11 614 1
19 614 -1
11 615 1
19 615 -1
11 616 1
20 616 -1
20 617 1
11 617 -1
11 618 1
20 618 -1
20 619 1
11 619 -1
11 620 1
21 620 -1
11 621 1
22 621 -1
22 622 1
11 622 -1
22 623 1
11 623 -1
11 624 1
23 624 -1
23 625 1
11 625 -1
11 626 1
23 626 -1
24 627 1
11 627 -1
11 628 1
24 628 -1
24 629 1
11 629 -1
11 630 1
24 630 -1
25 631 1
11 631 -1
25 632 1
11 632 -1
25 633 1
11 633 -1
26 634 1
11 634 -1
27 635 1
11 635 -1
11 636 1
28 636 -1
28 637 1
11 637 -1
28 638 1
11 638 -1
28 639 1
11 639 -1
11 640 1
29 640 -1
11 641 1
29 641 -1
29 642 1
11 642 -1
11 643 1
30 643 -1
11 644 1
30 644 -1
30 645 1
11 645 -1
30 646 1
11 646 -1
12 647 1
13 647 -1
13 648 1
12 648 -1
12 649 1
13 649 -1
12 650 1
14 650 -1
12 651 1
14 651 -1
14 652 1
12 652 -1
12 653 1
15 653 -1
15 654 1
12 654 -1
12 655 1
15 655 -1
12 656 1
15 656 -1
12 657 1
16 657 -1
16 658 1
12 658 -1
16 659 1
12 659 -1
12 660 1
16 660 -1
17 661 1
12 661 -1
12 662 1
18 662 -1
12 663 1
19 663 -1
19 664 1
12 664 -1
12 665 1
19 665 -1
12 666 1
19 666 -1
12 667 1
20 667 -1
12 668 1
20 668 -1
12 669 1
21 669 -1
21 670 1
12 670 -1
12 671 1
22 671 -1
12 672 1
22 672 -1
12 673 1
22 673 -1
12 674 1
23 674 -1
23 675 1
12 675 -1
12 676 1
23 676 -1
12 677 1
23 677 -1
12 678 1
24 678 -1
12 679 1
24 679 -1
24 680 1
12 680 -1
12 681 1
24 681 -1
25 682 1
12 682 -1
12 683 1
25 683 -1
12 684 1
25 684 -1
12 685 1
25 685 -1
12 686 1
26 686 -1
26 687 1
12 687 -1
12 688 1
26 688 -1
27 689 1
12 689 -1
27 690 1
12 690 -1
27 691 1
12 691 -1
12 692 1
27 692 -1
28 693 1
12 693 -1
28 694 1
12 694 -1
29 695 1
12 695 -1
30 696 1
12 696 -1
30 697 1
12 697 -1
13 698 1
14 698 -1
15 699 1
13 699 -1
15 700 1
13 700 -1
15 701 1
13 701 -1
15 702 1
13 702 -1
13 703 1
16 703 -1
17 704 1
13 704 -1
13 705 1
17 705 -1
13 706 1
17 706 -1
13 707 1
18 707 -1
18 708 1
13 708 -1
18 709 1
13 709 -1
19 710 1
13 710 -1
13 711 1
19 711 -1
13 712 1
19 712 -1
19 713 1
13 713 -1
20 714 1
13 714 -1
20 715 1
13 715 -1
13 716 1
20 716 -1
13 717 1
20 717 -1
21 718 1
13 718 -1
21 719 1
13 719 -1
21 720 1
13 720 -1
21 721 1
13 721 -1
22 722 1
13 722 -1
22 723 1
13 723 -1
13 724 1
22 724 -1
23 725 1
13 725 -1
13 726 1
23 726 -1
23 727 1
13 727 -1
24 728 1
13 728 -1
24 729 1
13 729 -1
25 730 1
13 730 -1
13 731 1
25 731 -1
13 732 1
25 732 -1
25 733 1
13 733 -1
13 734 1
26 734 -1
26 735 1
13 735 -1
27 736 1
13 736 -1
13 737 1
27 737 -1
27 738 1
13 738 -1
27 739 1
13 739 -1
13 740 1
28 740 -1
28 741 1
13 741 -1
28 742 1
13 742 -1
13 743 1
28 743 -1
29 744 1
13 744 -1
29 745 1
13 745 -1
13 746 1
30 746 -1
30 747 1
13 747 -1
15 748 1
14 748 -1
14 749 1
15 749 -1
14 750 1
15 750 -1
16 751 1
14 751 -1
17 752 1
14 752 -1
18 753 1
14 753 -1
14 754 1
18 754 -1
18 755 1
14 755 -1
18 756 1
14 756 -1
19 757 1
14 757 -1
14 758 1
20 758 -1
20 759 1
14 759 -1
20 760 1
14 760 -1
20 761 1
14 761 -1
14 762 1
21 762 -1
22 763 1
14 763 -1
14 764 1
22 764 -1
22 765 1
14 765 -1
22 766 1
14 766 -1
23 767 1
14 767 -1
14 768 1
23 768 -1
23 769 1
14 769 -1
24 770 1
14 770 -1
14 771 1
24 771 -1
14 772 1
24 772 -1
25 773 1
14 773 -1
25 774 1
14 774 -1
14 775 1
25 775 -1
14 776 1
26 776 -1
26 777 1
14 777 -1
14 778 1
26 778 -1
26 779 1
14 779 -1
14 780 1
27 780 -1
27 781 1
14 781 -1
27 782 1
14 782 -1
14 783 1
27 783 -1
14 784 1
28 784 -1
14 785 1
28 785 -1
14 786 1
29 786 -1
29 787 1
14 787 -1
29 788 1
14 788 -1
14 789 1
29 789 -1
30 790 1
14 790 -1
15 791 1
16 791 -1
16 792 1
15 792 -1
15 793 1
17 793 -1
15 794 1
18 794 -1
15 795 1
18 795 -1
19 796 1
15 796 -1
19 797 1
15 797 -1
19 798 1
15 798 -1
15 799 1
19 799 -1
15 800 1
20 800 -1
20 801 1
15 801 -1
20 802 1
15 802 -1
20 803 1
15 803 -1
15 804 1
21 804 -1
15 805 1
21 805 -1
15 806 1
21 806 -1
15 807 1
21 807 -1
22 808 1
15 808 -1
23 809 1
15 809 -1
24 810 1
15 810 -1
25 811 1
15 811 -1
25 812 1
15 812 -1
26 813 1
15 813 -1
26 814 1
15 814 -1
15 815 1
26 815 -1
15 816 1
26 816 -1
15 817 1
27 817 -1
15 818 1
27 818 -1
28 819 1
15 819 -1
28 820 1
15 820 -1
15 821 1
28 821 -1
15 822 1
28 822 -1
15 823 1
29 823 -1
15 824 1
30 824 -1
16 825 1
17 825 -1
18 826 1
16 826 -1
18 827 1
16 827 -1
18 828 1
16 828 -1
16 829 1
19 829 -1
16 830 1
20 830 -1
20 831 1
16 831 -1
16 832 1
20 832 -1
21 833 1
16 833 -1
16 834 1
21 834 -1
21 835 1
16 835 -1
21 836 1
16 836 -1
16 837 1
22 837 -1
22 838 1
16 838 -1
22 839 1
16 839 -1
23 840 1
16 840 -1
24 841 1
16 841 -1
24 842 1
16 842 -1
16 843 1
25 843 -1
26 844 1
16 844 -1
16 845 1
26 845 -1
16 846 1
26 846 -1
26 847 1
16 847 -1
27 848 1
16 848 -1
28 849 1
16 849 -1
16 850 1
29 850 -1
16 851 1
29 851 -1
16 852 1
29 852 -1
29 853 1
16 853 -1
16 854 1
30 854 -1
16 855 1
30 855 -1
18 856 1
17 856 -1
17 857 1
19 857 -1
17 858 1
19 858 -1
20 859 1
17 859 -1
17 860 1
20 860 -1
21 861 1
17 861 -1
21 862 1
17 862 -1
22 863 1
17 863 -1
22 864 1
17 864 -1
17 865 1
22 865 -1
17 866 1
22 866 -1
17 867 1
23 867 -1
17 868 1
24 868 -1
17 869 1
25 869 -1
26 870 1
17 870 -1
26 871 1
17 871 -1
26 872 1
17 872 -1
17 873 1
27 873 -1
27 874 1
17 874 -1
27 875 1
17 875 -1
17 876 1
28 876 -1
28 877 1
17 877 -1
17 878 1
28 878 -1
28 879 1
17 879 -1
17 880 1
29 880 -1
17 881 1
30 881 -1
17 882 1
30 882 -1
30 883 1
17 883 -1
30 884 1
17 884 -1
19 885 1
18 885 -1
19 886 1
18 886 -1
18 887 1
20 887 -1
18 888 1
20 888 -1
18 889 1
21 889 -1
21 890 1
18 890 -1
22 891 1
18 891 -1
18 892 1
22 892 -1
18 893 1
23 893 -1
23 894 1
18 894 -1
24 895 1
18 895 -1
18 896 1
24 896 -1
25 897 1
18 897 -1
26 898 1
18 898 -1
18 899 1
26 899 -1
27 900 1
18 900 -1
27 901 1
18 901 -1
18 902 1
27 902 -1
27 903 1
18 903 -1
28 904 1
18 904 -1
18 905 1
28 905 -1
18 906 1
28 906 -1
18 907 1
29 907 -1
18 908 1
29 908 -1
18 909 1
29 909 -1
30 910 1
18 910 -1
19 911 1
20 911 -1
19 912 1
20 912 -1
20 913 1
19 913 -1
19 914 1
21 914 -1
21 915 1
19 915 -1
22 916 1
19 916 -1
23 917 1
19 917 -1
19 918 1
23 918 -1
19 919 1
23 919 -1
19 920 1
24 920 -1
19 921 1
24 921 -1
19 922 1
25 922 -1
19 923 1
25 923 -1
19 924 1
25 924 -1
25 925 1
19 925 -1
26 926 1
19 926 -1
27 927 1
19 927 -1
28 928 1
19 928 -1
19 929 1
28 929 -1
19 930 1
28 930 -1
29 931 1
19 931 -1
29 932 1
19 932 -1
29 933 1
19 933 -1
19 934 1
30 934 -1
30 935 1
19 935 -1
21 936 1
20 936 -1
20 937 1
22 937 -1
23 938 1
20 938 -1
20 939 1
23 939 -1
20 940 1
23 940 -1
24 941 1
20 941 -1
24 942 1
20 942 -1
20 943 1
25 943 -1
26 944 1
20 944 -1
26 945 1
20 945 -1
26 946 1
20 946 -1
26 947 1
20 947 -1
20 948 1
27 948 -1
27 949 1
20 949 -1
20 950 1
27 950 -1
20 951 1
27 951 -1
28 952 1
20 952 -1
29 953 1
20 953 -1
20 954 1
29 954 -1
20 955 1
29 955 -1
29 956 1
20 956 -1
20 957 1
30 957 -1
30 958 1
20 958 -1
22 959 1
21 959 -1
22 960 1
21 960 -1
22 961 1
21 961 -1
21 962 1
23 962 -1
21 963 1
23 963 -1
21 964 1
24 964 -1
24 965 1
21 965 -1
21 966 1
24 966 -1
21 967 1
24 967 -1
25 968 1
21 968 -1
21 969 1
25 969 -1
21 970 1
25 970 -1
21 971 1
26 971 -1
21 972 1
27 972 -1
21 973 1
27 973 -1
21 974 1
28 974 -1
28 975 1
21 975 -1
21 976 1
28 976 -1
29 977 1
21 977 -1
29 978 1
21 978 -1
29 979 1
21 979 -1
21 980 1
29 980 -1
21 981 1
30 981 -1
30 982 1
21 982 -1
23 983 1
22 983 -1
24 984 1
22 984 -1
22 985 1
24 985 -1
22 986 1
24 986 -1
22 987 1
25 987 -1
22 988 1
25 988 -1
26 989 1
22 989 -1
22 990 1
26 990 -1
22 991 1
26 991 -1
27 992 1
22 992 -1
22 993 1
28 993 -1
29 994 1
22 994 -1
22 995 1
29 995 -1
22 996 1
30 996 -1
30 997 1
22 997 -1
24 998 1
23 998 -1
23 999 1
24 999 -1
24 1000 1
23 1000 -1
23 1001 1
24 1001 -1
23 1002 1
25 1002 -1
23 1003 1
25 1003 -1
23 1004 1
25 1004 -1
23 1005 1
26 1005 -1
23 1006 1
27 1006 -1
23 1007 1
27 1007 -1
23 1008 1
28 1008 -1
23 1009 1
29 1009 -1
29 1010 1
23 1010 -1
30 1011 1
23 1011 -1
30 1012 1
23 1012 -1
25 1013 1
24 1013 -1
25 1014 1
24 1014 -1
26 1015 1
24 1015 -1
26 1016 1
24 1016 -1
24 1017 1
27 1017 -1
24 1018 1
27 1018 -1
27 1019 1
24 1019 -1
24 1020 1
28 1020 -1
28 1021 1
24 1021 -1
29 1022 1
24 1022 -1
24 1023 1
30 1023 -1
24 1024 1
30 1024 -1
24 1025 1
30 1025 -1
25 1026 1
26 1026 -1
25 1027 1
27 1027 -1
28 1028 1
25 1028 -1
25 1029 1
29 1029 -1
30 1030 1
25 1030 -1
25 1031 1
30 1031 -1
26 1032 1
27 1032 -1
26 1033 1
27 1033 -1
27 1034 1
26 1034 -1
26 1035 1
27 1035 -1
28 1036 1
26 1036 -1
26 1037 1
28 1037 -1
28 1038 1
26 1038 -1
26 1039 1
28 1039 -1
29 1040 1
26 1040 -1
26 1041 1
30 1041 -1
28 1042 1
27 1042 -1
27 1043 1
28 1043 -1
27 1044 1
28 1044 -1
27 1045 1
28 1045 -1
27 1046 1
29 1046 -1
29 1047 1
27 1047 -1
29 1048 1
27 1048 -1
29 1049 1
27 1049 -1
27 1050 1
30 1050 -1
30 1051 1
27 1051 -1
29 1052 1
28 1052 -1
29 1053 1
28 1053 -1
28 1054 1
29 1054 -1
28 1055 1
29 1055 -1
28 1056 1
30 1056 -1
28 1057 1
30 1057 -1
30 1058 1
28 1058 -1
30 1059 1
29 1059 -1
30 1060 1
29 1060 -1
30 1061 1
29 1061 -1
29 1062 1
30 1062 -1
