2 1 1
1 1 -1
3 2 1
1 2 -1
1 3 1
3 3 -1
1 4 1
3 4 -1
4 5 1
1 5 -1
4 6 1
1 6 -1
1 7 1
5 7 -1
1 8 1
5 8 -1
5 9 1
1 9 -1
5 10 1
1 10 -1
1 11 1
6 11 -1
6 12 1
1 12 -1
1 13 1
6 13 -1
1 14 1
6 14 -1
7 15 1
1 15 -1
1 16 1
7 16 -1
1 17 1
7 17 -1
8 18 1
1 18 -1
1 19 1
8 19 -1
1 20 1
9 20 -1
1 21 1
9 21 -1
9 22 1
1 22 -1
1 23 1
10 23 -1
11 24 1
1 24 -1
1 25 1
11 25 -1
12 26 1
1 26 -1
1 27 1
13 27 -1
13 28 1
1 28 -1
1 29 1
13 29 -1
14 30 1
1 30 -1
1 31 1
15 31 -1
1 32 1
15 32 -1
1 33 1
15 33 -1
1 34 1
16 34 -1
1 35 1
17 35 -1
1 36 1
17 36 -1
1 37 1
18 37 -1
1 38 1
18 38 -1
18 39 1
1 39 -1
19 40 1
1 40 -1
1 41 1
19 41 -1
20 42 1
1 42 -1
1 43 1
21 43 -1
1 44 1
21 44 -1
22 45 1
1 45 -1
1 46 1
23 46 -1
23 47 1
1 47 -1
1 48 1
23 48 -1
24 49 1
1 49 -1
1 50 1
24 50 -1
1 51 1
24 51 -1
1 52 1
25 52 -1
26 53 1
1 53 -1
1 54 1
26 54 -1
27 55 1
1 55 -1
27 56 1
1 56 -1
28 57 1
1 57 -1
28 58 1
1 58 -1
28 59 1
1 59 -1
1 60 1
29 60 -1
29 61 1
1 61 -1
1 62 1
29 62 -1
1 63 1
30 63 -1
1 64 1
30 64 -1
3 65 1
2 65 -1
3 66 1
2 66 -1
2 67 1
4 67 -1
5 68 1
2 68 -1
5 69 1
2 69 -1
2 70 1
5 70 -1
2 71 1
6 71 -1
2 72 1
7 72 -1
2 73 1
7 73 -1
7 74 1
2 74 -1
7 75 1
2 75 -1
8 76 1
2 76 -1
2 77 1
8 77 -1
2 78 1
9 78 -1
2 79 1
9 79 -1
9 80 1
2 80 -1
2 81 1
9 81 -1
10 82 1
2 82 -1
2 83 1
11 83 -1
12 84 1
2 84 -1
2 85 1
12 85 -1
2 86 1
12 86 -1
2 87 1
12 87 -1
2 88 1
13 88 -1
2 89 1
13 89 -1
14 90 1
2 90 -1
14 91 1
2 91 -1
14 92 1
2 92 -1
14 93 1
2 93 -1
2 94 1
15 94 -1
2 95 1
16 95 -1
2 96 1
16 96 -1
2 97 1
16 97 -1
17 98 1
2 98 -1
2 99 1
17 99 -1
2 100 1
18 100 -1
2 101 1
18 101 -1
2 102 1
18 102 -1
19 103 1
2 103 -1
19 104 1
2 104 -1
19 105 1
2 105 -1
20 106 1
2 106 -1
2 107 1
20 107 -1
20 108 1
2 108 -1
21 109 1
2 109 -1
2 110 1
21 110 -1
2 111 1
21 111 -1
2 112 1
22 112 -1
22 113 1
2 113 -1
2 114 1
23 114 -1
2 115 1
23 115 -1
2 116 1
23 116 -1
24 117 1
2 117 -1
24 118 1
2 118 -1
2 119 1
25 119 -1
2 120 1
25 120 -1
26 121 1
2 121 -1
26 122 1
2 122 -1
27 123 1
2 123 -1
2 124 1
27 124 -1
28 125 1
2 125 -1
2 126 1
28 126 -1
2 127 1
29 127 -1
2 128 1
30 128 -1
30 129 1
2 129 -1
2 130 1
30 130 -1
30 131 1
2 131 -1
3 132 1
4 132 -1
3 133 1
5 133 -1
3 134 1
5 134 -1
3 135 1
5 135 -1
5 136 1
3 136 -1
3 137 1
6 137 -1
3 138 1
6 138 -1
7 139 1
3 139 -1
3 140 1
8 140 -1
3 141 1
8 141 -1
9 142 1
3 142 -1
3 143 1
10 143 -1
10 144 1
3 144 -1
3 145 1
11 145 -1
3 146 1
11 146 -1
3 147 1
12 147 -1
12 148 1
3 148 -1
12 149 1
3 149 -1
3 150 1
12 150 -1
13 151 1
3 151 -1
14 152 1
3 152 -1
15 153 1
3 153 -1
3 154 1
15 154 -1
3 155 1
15 155 -1
3 156 1
15 156 -1
3 157 1
16 157 -1
3 158 1
16 158 -1
16 159 1
3 159 -1
17 160 1
3 160 -1
17 161 1
3 161 -1
17 162 1
3 162 -1
3 163 1
18 163 -1
18 164 1
3 164 -1
18 165 1
3 165 -1
19 166 1
3 166 -1
3 167 1
19 167 -1
19 168 1
3 168 -1
20 169 1
3 169 -1
3 170 1
20 170 -1
3 171 1
21 171 -1
21 172 1
3 172 -1
21 173 1
3 173 -1
3 174 1
22 174 -1
22 175 1
3 175 -1
22 176 1
3 176 -1
3 177 1
22 177 -1
3 178 1
23 178 -1
23 179 1
3 179 -1
24 180 1
3 180 -1
25 181 1
3 181 -1
3 182 1
25 182 -1
25 183 1
3 183 -1
25 184 1
3 184 -1
26 185 1
3 185 -1
3 186 1
26 186 -1
27 187 1
3 187 -1
3 188 1
27 188 -1
3 189 1
28 189 -1
3 190 1
29 190 -1
3 191 1
30 191 -1
30 192 1
3 192 -1
30 193 1
3 193 -1
30 194 1
3 194 -1
5 195 1
4 195 -1
5 196 1
4 196 -1
6 197 1
4 197 -1
6 198 1
4 198 -1
6 199 1
4 199 -1
7 200 1
4 200 -1
7 201 1
4 201 -1
7 202 1
4 202 -1
8 203 1
4 203 -1
4 204 1
8 204 -1
9 205 1
4 205 -1
9 206 1
4 206 -1
4 207 1
9 207 -1
4 208 1
9 208 -1
10 209 1
4 209 -1
4 210 1
10 210 -1
11 211 1
4 211 -1
4 212 1
11 212 -1
4 213 1
11 213 -1
11 214 1
4 214 -1
12 215 1
4 215 -1
12 216 1
4 216 -1
4 217 1
12 217 -1
12 218 1
4 218 -1
13 219 1
4 219 -1
4 220 1
13 220 -1
4 221 1
13 221 -1
4 222 1
14 222 -1
14 223 1
4 223 -1
4 224 1
14 224 -1
15 225 1
4 225 -1
4 226 1
15 226 -1
16 227 1
4 227 -1
4 228 1
17 228 -1
17 229 1
4 229 -1
17 230 1
4 230 -1
4 231 1
17 231 -1
18 232 1
4 232 -1
4 233 1
18 233 -1
4 234 1
18 234 -1
19 235 1
4 235 -1
19 236 1
4 236 -1
4 237 1
19 237 -1
19 238 1
4 238 -1
4 239 1
20 239 -1
4 240 1
20 240 -1
20 241 1
4 241 -1
4 242 1
20 242 -1
4 243 1
21 243 -1
4 244 1
21 244 -1
21 245 1
4 245 -1
4 246 1
21 246 -1
4 247 1
22 247 -1
4 248 1
22 248 -1
23 249 1
4 249 -1
24 250 1
4 250 -1
25 251 1
4 251 -1
4 252 1
25 252 -1
4 253 1
25 253 -1
4 254 1
25 254 -1
26 255 1
4 255 -1
26 256 1
4 256 -1
4 257 1
26 257 -1
4 258 1
27 258 -1
4 259 1
27 259 -1
28 260 1
4 260 -1
4 261 1
28 261 -1
29 262 1
4 262 -1
4 263 1
29 263 -1
4 264 1
30 264 -1
4 265 1
30 265 -1
4 266 1
30 266 -1
5 267 1
6 267 -1
6 268 1
5 268 -1
5 269 1
6 269 -1
5 270 1
6 270 -1
5 271 1
7 271 -1
7 272 1
5 272 -1
8 273 1
5 273 -1
8 274 1
5 274 -1
8 275 1
5 275 -1
9 276 1
5 276 -1
5 277 1
9 277 -1
9 278 1
5 278 -1
9 279 1
5 279 -1
10 280 1
5 280 -1
5 281 1
10 281 -1
10 282 1
5 282 -1
5 283 1
11 283 -1
5 284 1
11 284 -1
5 285 1
12 285 -1
13 286 1
5 286 -1
13 287 1
5 287 -1
13 288 1
5 288 -1
5 289 1
13 289 -1
5 290 1
14 290 -1
14 291 1
5 291 -1
14 292 1
5 292 -1
5 293 1
15 293 -1
15 294 1
5 294 -1
5 295 1
16 295 -1
5 296 1
16 296 -1
16 297 1
5 297 -1
17 298 1
5 298 -1
17 299 1
5 299 -1
5 300 1
18 300 -1
5 301 1
18 301 -1
18 302 1
5 302 -1
19 303 1
5 303 -1
19 304 1
5 304 -1
19 305 1
5 305 -1
20 306 1
5 306 -1
5 307 1
20 307 -1
21 308 1
5 308 -1
5 309 1
21 309 -1
21 310 1
5 310 -1
22 311 1
5 311 -1
22 312 1
5 312 -1
22 313 1
5 313 -1
23 314 1
5 314 -1
5 315 1
23 315 -1
5 316 1
23 316 -1
23 317 1
5 317 -1
5 318 1
24 318 -1
5 319 1
24 319 -1
5 320 1
25 320 -1
25 321 1
5 321 -1
25 322 1
5 322 -1
5 323 1
25 323 -1
26 324 1
5 324 -1
5 325 1
27 325 -1
28 326 1
5 326 -1
29 327 1
5 327 -1
5 328 1
29 328 -1
5 329 1
29 329 -1
5 330 1
30 330 -1
7 331 1
6 331 -1
6 332 1
7 332 -1
6 333 1
7 333 -1
7 334 1
6 334 -1
8 335 1
6 335 -1
8 336 1
6 336 -1
6 337 1
9 337 -1
6 338 1
9 338 -1
6 339 1
10 339 -1
6 340 1
10 340 -1
10 341 1
6 341 -1
6 342 1
11 342 -1
6 343 1
11 343 -1
11 344 1
6 344 -1
12 345 1
6 345 -1
13 346 1
6 346 -1
14 347 1
6 347 -1
14 348 1
6 348 -1
14 349 1
6 349 -1
14 350 1
6 350 -1
6 351 1
15 351 -1
6 352 1
16 352 -1
6 353 1
17 353 -1
18 354 1
6 354 -1
6 355 1
18 355 -1
6 356 1
18 356 -1
18 357 1
6 357 -1
6 358 1
19 358 -1
6 359 1
20 359 -1
20 360 1
6 360 -1
6 361 1
20 361 -1
21 362 1
6 362 -1
21 363 1
6 363 -1
21 364 1
6 364 -1
6 365 1
21 365 -1
22 366 1
6 366 -1
6 367 1
23 367 -1
23 368 1
6 368 -1
24 369 1
6 369 -1
24 370 1
6 370 -1
6 371 1
24 371 -1
6 372 1
24 372 -1
6 373 1
25 373 -1
25 374 1
6 374 -1
25 375 1
6 375 -1
6 376 1
26 376 -1
26 377 1
6 377 -1
6 378 1
26 378 -1
6 379 1
27 379 -1
6 380 1
27 380 -1
28 381 1
6 381 -1
6 382 1
28 382 -1
6 383 1
28 383 -1
28 384 1
6 384 -1
6 385 1
29 385 -1
29 386 1
6 386 -1
30 387 1
6 387 -1
6 388 1
30 388 -1
8 389 1
7 389 -1
7 390 1
8 390 -1
8 391 1
7 391 -1
7 392 1
8 392 -1
9 393 1
7 393 -1
7 394 1
10 394 -1
7 395 1
10 395 -1
10 396 1
7 396 -1
10 397 1
7 397 -1
7 398 1
11 398 -1
12 399 1
7 399 -1
7 400 1
13 400 -1
7 401 1
14 401 -1
7 402 1
15 402 -1
15 403 1
7 403 -1
7 404 1
16 404 -1
7 405 1
16 405 -1
7 406 1
16 406 -1
17 407 1
7 407 -1
17 408 1
7 408 -1
7 409 1
17 409 -1
7 410 1
18 410 -1
19 411 1
7 411 -1
19 412 1
7 412 -1
19 413 1
7 413 -1
19 414 1
7 414 -1
20 415 1
7 415 -1
20 416 1
7 416 -1
7 417 1
20 417 -1
20 418 1
7 418 -1
21 419 1
7 419 -1
7 420 1
21 420 -1
7 421 1
21 421 -1
7 422 1
21 422 -1
7 423 1
22 423 -1
22 424 1
7 424 -1
23 425 1
7 425 -1
23 426 1
7 426 -1
24 427 1
7 427 -1
7 428 1
24 428 -1
7 429 1
24 429 -1
7 430 1
25 430 -1
25 431 1
7 431 -1
25 432 1
7 432 -1
26 433 1
7 433 -1
26 434 1
7 434 -1
7 435 1
26 435 -1
7 436 1
27 436 -1
27 437 1
7 437 -1
27 438 1
7 438 -1
7 439 1
28 439 -1
7 440 1
29 440 -1
7 441 1
29 441 -1
7 442 1
29 442 -1
7 443 1
30 443 -1
30 444 1
7 444 -1
30 445 1
7 445 -1
8 446 1
9 446 -1
8 447 1
10 447 -1
10 448 1
8 448 -1
8 449 1
11 449 -1
11 450 1
8 450 -1
8 451 1
11 451 -1
12 452 1
8 452 -1
8 453 1
12 453 -1
8 454 1
12 454 -1
8 455 1
13 455 -1
13 456 1
8 456 -1
13 457 1
8 457 -1
8 458 1
13 458 -1
14 459 1
8 459 -1
14 460 1
8 460 -1
14 461 1
8 461 -1
14 462 1
8 462 -1
15 463 1
8 463 -1
8 464 1
15 464 -1
16 465 1
8 465 -1
17 466 1
8 466 -1
8 467 1
18 467 -1
19 468 1
8 468 -1
8 469 1
20 469 -1
20 470 1
8 470 -1
20 471 1
8 471 -1
8 472 1
21 472 -1
8 473 1
21 473 -1
22 474 1
8 474 -1
8 475 1
22 475 -1
23 476 1
8 476 -1
23 477 1
8 477 -1
23 478 1
8 478 -1
24 479 1
8 479 -1
8 480 1
24 480 -1
8 481 1
25 481 -1
8 482 1
25 482 -1
25 483 1
8 483 -1
26 484 1
8 484 -1
26 485 1
8 485 -1
8 486 1
26 486 -1
8 487 1
26 487 -1
27 488 1
8 488 -1
27 489 1
8 489 -1
27 490 1
8 490 -1
27 491 1
8 491 -1
8 492 1
28 492 -1
8 493 1
28 493 -1
8 494 1
28 494 -1
8 495 1
28 495 -1
8 496 1
29 496 -1
8 497 1
29 497 -1
8 498 1
29 498 -1
30 499 1
8 499 -1
30 500 1
8 500 -1
10 501 1
9 501 -1
11 502 1
9 502 -1
11 503 1
9 503 -1
9 504 1
11 504 -1
12 505 1
9 505 -1
9 506 1
12 506 -1
13 507 1
9 507 -1
13 508 1
9 508 -1
13 509 1
9 509 -1
13 510 1
9 510 -1
9 511 1
14 511 -1
14 512 1
9 512 -1
9 513 1
14 513 -1
14 514 1
9 514 -1
15 515 1
9 515 -1
9 516 1
15 516 -1
9 517 1
15 517 -1
9 518 1
16 518 -1
9 519 1
16 519 -1
9 520 1
16 520 -1
16 521 1
9 521 -1
9 522 1
17 522 -1
18 523 1
9 523 -1
9 524 1
18 524 -1
18 525 1
9 525 -1
18 526 1
9 526 -1
19 527 1
9 527 -1
19 528 1
9 528 -1
20 529 1
9 529 -1
20 530 1
9 530 -1
9 531 1
21 531 -1
9 532 1
21 532 -1
9 533 1
21 533 -1
9 534 1
22 534 -1
9 535 1
22 535 -1
9 536 1
23 536 -1
9 537 1
23 537 -1
9 538 1
23 538 -1
24 539 1
9 539 -1
9 540 1
24 540 -1
24 541 1
9 541 -1
9 542 1
24 542 -1
25 543 1
9 543 -1
9 544 1
25 544 -1
9 545 1
25 545 -1
26 546 1
9 546 -1
26 547 1
9 547 -1
26 548 1
9 548 -1
9 549 1
27 549 -1
9 550 1
28 550 -1
28 551 1
9 551 -1
28 552 1
9 552 -1
9 553 1
29 553 -1
9 554 1
29 554 -1
9 555 1
29 555 -1
9 556 1
30 556 -1
11 557 1
10 557 -1
10 558 1
11 558 -1
10 559 1
11 559 -1
10 560 1
12 560 -1
10 561 1
12 561 -1
10 562 1
12 562 -1
12 563 1
10 563 -1
13 564 1
10 564 -1
10 565 1
13 565 -1
10 566 1
14 566 -1
10 567 1
14 567 -1
10 568 1
14 568 -1
14 569 1
10 569 -1
15 570 1
10 570 -1
10 571 1
16 571 -1
10 572 1
17 572 -1
17 573 1
10 573 -1
17 574 1
10 574 -1
18 575 1
10 575 -1
10 576 1
18 576 -1
19 577 1
10 577 -1
10 578 1
19 578 -1
20 579 1
10 579 -1
10 580 1
21 580 -1
10 581 1
21 581 -1
21 582 1
10 582 -1
10 583 1
22 583 -1
23 584 1
10 584 -1
10 585 1
23 585 -1
23 586 1
10 586 -1
10 587 1
23 587 -1
10 588 1
24 588 -1
10 589 1
24 589 -1
10 590 1
24 590 -1
25 591 1
10 591 -1
10 592 1
25 592 -1
25 593 1
10 593 -1
10 594 1
26 594 -1
10 595 1
26 595 -1
27 596 1
10 596 -1
10 597 1
27 597 -1
10 598 1
27 598 -1
10 599 1
28 599 -1
28 600 1
10 600 -1
29 601 1
10 601 -1
29 602 1
10 602 -1
29 603 1
10 603 -1
10 604 1
30 604 -1
10 605 1
30 605 -1
12 606 1
11 606 -1
11 607 1
13 607 -1
11 608 1
13 608 -1
11 609 1
14 609 -1
11 610 1
15 610 -1
16 611 1
11 611 -1
11 612 1
16 612 -1
11 613 1
17 613 -1
17 614 1
11 614 -1
11 615 1
17 615 -1
11 616 1
17 616 -1
18 617 1
11 617 -1
18 618 1
11 618 -1
19 619 1
11 619 -1
19 620 1
11 620 -1
11 621 1
20 621 -1
20 622 1
11 622 -1
11 623 1
20 623 -1
20 624 1
11 624 -1
21 625 1
11 625 -1
21 626 1
11 626 -1
11 627 1
21 627 -1
11 628 1
21 628 -1
11 629 1
22 629 -1
11 630 1
22 630 -1
22 631 1
11 631 -1
22 632 1
11 632 -1
11 633 1
23 633 -1
23 634 1
11 634 -1
23 635 1
11 635 -1
24 636 1
11 636 -1
11 637 1
25 637 -1
25 638 1
11 638 -1
11 639 1
25 639 -1
11 640 1
25 640 -1
26 641 1
11 641 -1
11 642 1
27 642 -1
11 643 1
27 643 -1
27 644 1
11 644 -1
27 645 1
11 645 -1
28 646 1
11 646 -1
11 647 1
28 647 -1
28 648 1
11 648 -1
29 649 1
11 649 -1
11 650 1
29 650 -1
11 651 1
29 651 -1
11 652 1
30 652 -1
30 653 1
11 653 -1
11 654 1
30 654 -1
30 655 1
11 655 -1
13 656 1
12 656 -1
12 657 1
13 657 -1
12 658 1
13 658 -1
13 659 1
12 659 -1
12 660 1
14 660 -1
12 661 1
14 661 -1
14 662 1
12 662 -1
12 663 1
14 663 -1
12 664 1
15 664 -1
12 665 1
16 665 -1
12 666 1
16 666 -1
16 667 1
12 667 -1
16 668 1
12 668 -1
12 669 1
17 669 -1
17 670 1
12 670 -1
12 671 1
18 671 -1
12 672 1
19 672 -1
19 673 1
12 673 -1
19 674 1
12 674 -1
12 675 1
19 675 -1
20 676 1
12 676 -1
20 677 1
12 677 -1
12 678 1
20 678 -1
12 679 1
21 679 -1
12 680 1
21 680 -1
12 681 1
21 681 -1
22 682 1
12 682 -1
12 683 1
22 683 -1
12 684 1
22 684 -1
12 685 1
23 685 -1
23 686 1
12 686 -1
12 687 1
23 687 -1
12 688 1
23 688 -1
12 689 1
24 689 -1
25 690 1
12 690 -1
25 691 1
12 691 -1
26 692 1
12 692 -1
26 693 1
12 693 -1
26 694 1
12 694 -1
12 695 1
26 695 -1
12 696 1
27 696 -1
12 697 1
28 697 -1
12 698 1
29 698 -1
30 699 1
12 699 -1
13 700 1
14 700 -1
14 701 1
13 701 -1
14 702 1
13 702 -1
14 703 1
13 703 -1
15 704 1
13 704 -1
15 705 1
13 705 -1
13 706 1
15 706 -1
16 707 1
13 707 -1
17 708 1
13 708 -1
13 709 1
17 709 -1
17 710 1
13 710 -1
18 711 1
13 711 -1
18 712 1
13 712 -1
18 713 1
13 713 -1
19 714 1
13 714 -1
13 715 1
19 715 -1
13 716 1
20 716 -1
13 717 1
21 717 -1
13 718 1
21 718 -1
21 719 1
13 719 -1
22 720 1
13 720 -1
22 721 1
13 721 -1
23 722 1
13 722 -1
13 723 1
23 723 -1
13 724 1
23 724 -1
13 725 1
23 725 -1
24 726 1
13 726 -1
13 727 1
25 727 -1
13 728 1
26 728 -1
26 729 1
13 729 -1
26 730 1
13 730 -1
13 731 1
26 731 -1
27 732 1
13 732 -1
28 733 1
13 733 -1
28 734 1
13 734 -1
13 735 1
29 735 -1
13 736 1
29 736 -1
13 737 1
29 737 -1
30 738 1
13 738 -1
15 739 1
14 739 -1
14 740 1
15 740 -1
16 741 1
14 741 -1
14 742 1
16 742 -1
14 743 1
17 743 -1
18 744 1
14 744 -1
18 745 1
14 745 -1
14 746 1
18 746 -1
14 747 1
19 747 -1
14 748 1
19 748 -1
14 749 1
19 749 -1
14 750 1
19 750 -1
14 751 1
20 751 -1
21 752 1
14 752 -1
22 753 1
14 753 -1
14 754 1
22 754 -1
22 755 1
14 755 -1
14 756 1
22 756 -1
23 757 1
14 757 -1
23 758 1
14 758 -1
24 759 1
14 759 -1
24 760 1
14 760 -1
14 761 1
24 761 -1
25 762 1
14 762 -1
14 763 1
25 763 -1
14 764 1
25 764 -1
14 765 1
25 765 -1
14 766 1
26 766 -1
14 767 1
26 767 -1
14 768 1
26 768 -1
14 769 1
26 769 -1
14 770 1
27 770 -1
28 771 1
14 771 -1
28 772 1
14 772 -1
28 773 1
14 773 -1
14 774 1
28 774 -1
29 775 1
14 775 -1
14 776 1
29 776 -1
29 777 1
14 777 -1
14 778 1
29 778 -1
14 779 1
30 779 -1
30 780 1
14 780 -1
14 781 1
30 781 -1
15 782 1
16 782 -1
15 783 1
16 783 -1
15 784 1
17 784 -1
17 785 1
15 785 -1
15 786 1
17 786 -1
15 787 1
18 787 -1
18 788 1
15 788 -1
18 789 1
15 789 -1
18 790 1
15 790 -1
15 791 1
19 791 -1
15 792 1
20 792 -1
15 793 1
21 793 -1
21 794 1
15 794 -1
15 795 1
21 795 -1
15 796 1
22 796 -1
15 797 1
22 797 -1
23 798 1
15 798 -1
23 799 1
15 799 -1
23 800 1
15 800 -1
24 801 1
15 801 -1
24 802 1
15 802 -1
24 803 1
15 803 -1
15 804 1
25 804 -1
25 805 1
15 805 -1
15 806 1
25 806 -1
15 807 1
25 807 -1
26 808 1
15 808 -1
27 809 1
15 809 -1
15 810 1
27 810 -1
27 811 1
15 811 -1
15 812 1
28 812 -1
15 813 1
28 813 -1
15 814 1
28 814 -1
15 815 1
28 815 -1
15 816 1
29 816 -1
30 817 1
15 817 -1
15 818 1
30 818 -1
17 819 1
16 819 -1
16 820 1
17 820 -1
17 821 1
16 821 -1
18 822 1
16 822 -1
16 823 1
18 823 -1
18 824 1
16 824 -1
19 825 1
16 825 -1
16 826 1
19 826 -1
16 827 1
19 827 -1
16 828 1
19 828 -1
20 829 1
16 829 -1
20 830 1
16 830 -1
16 831 1
20 831 -1
20 832 1
16 832 -1
21 833 1
16 833 -1
16 834 1
21 834 -1
21 835 1
16 835 -1
22 836 1
16 836 -1
23 837 1
16 837 -1
23 838 1
16 838 -1
23 839 1
16 839 -1
16 840 1
24 840 -1
16 841 1
24 841 -1
16 842 1
24 842 -1
25 843 1
16 843 -1
26 844 1
16 844 -1
16 845 1
26 845 -1
16 846 1
26 846 -1
16 847 1
27 847 -1
27 848 1
16 848 -1
27 849 1
16 849 -1
27 850 1
16 850 -1
28 851 1
16 851 -1
29 852 1
16 852 -1
16 853 1
29 853 -1
16 854 1
29 854 -1
16 855 1
29 855 -1
30 856 1
16 856 -1
30 857 1
16 857 -1
16 858 1
30 858 -1
16 859 1
30 859 -1
17 860 1
18 860 -1
17 861 1
18 861 -1
17 862 1
18 862 -1
17 863 1
19 863 -1
17 864 1
19 864 -1
19 865 1
17 865 -1
20 866 1
17 866 -1
21 867 1
17 867 -1
21 868 1
17 868 -1
17 869 1
21 869 -1
21 870 1
17 870 -1
17 871 1
22 871 -1
22 872 1
17 872 -1
22 873 1
17 873 -1
17 874 1
23 874 -1
17 875 1
23 875 -1
23 876 1
17 876 -1
17 877 1
24 877 -1
17 878 1
24 878 -1
25 879 1
17 879 -1
17 880 1
25 880 -1
25 881 1
17 881 -1
26 882 1
17 882 -1
26 883 1
17 883 -1
17 884 1
27 884 -1
27 885 1
17 885 -1
17 886 1
27 886 -1
17 887 1
28 887 -1
28 888 1
17 888 -1
29 889 1
17 889 -1
17 890 1
30 890 -1
30 891 1
17 891 -1
18 892 1
19 892 -1
18 893 1
20 893 -1
18 894 1
20 894 -1
20 895 1
18 895 -1
21 896 1
18 896 -1
21 897 1
18 897 -1
21 898 1
18 898 -1
21 899 1
18 899 -1
18 900 1
22 900 -1
18 901 1
22 901 -1
22 902 1
18 902 -1
23 903 1
18 903 -1
18 904 1
24 904 -1
18 905 1
24 905 -1
25 906 1
18 906 -1
18 907 1
26 907 -1
26 908 1
18 908 -1
18 909 1
26 909 -1
18 910 1
26 910 -1
27 911 1
18 911 -1
18 912 1
27 912 -1
27 913 1
18 913 -1
18 914 1
27 914 -1
18 915 1
28 915 -1
28 916 1
18 916 -1
18 917 1
29 917 -1
18 918 1
29 918 -1
18 919 1
30 919 -1
18 920 1
30 920 -1
18 921 1
30 921 -1
20 922 1
19 922 -1
19 923 1
20 923 -1
19 924 1
21 924 -1
21 925 1
19 925 -1
19 926 1
21 926 -1
22 927 1
19 927 -1
22 928 1
19 928 -1
19 929 1
23 929 -1
19 930 1
23 930 -1
23 931 1
19 931 -1
24 932 1
19 932 -1
24 933 1
19 933 -1
24 934 1
19 934 -1
25 935 1
19 935 -1
19 936 1
25 936 -1
26 937 1
19 937 -1
19 938 1
26 938 -1
19 939 1
26 939 -1
19 940 1
27 940 -1
19 941 1
27 941 -1
27 942 1
19 942 -1
28 943 1
19 943 -1
19 944 1
29 944 -1
19 945 1
30 945 -1
30 946 1
19 946 -1
30 947 1
19 947 -1
21 948 1
20 948 -1
20 949 1
22 949 -1
20 950 1
22 950 -1
22 951 1
20 951 -1
20 952 1
22 952 -1
23 953 1
20 953 -1
20 954 1
24 954 -1
25 955 1
20 955 -1
25 956 1
20 956 -1
26 957 1
20 957 -1
20 958 1
26 958 -1
20 959 1
27 959 -1
27 960 1
20 960 -1
20 961 1
28 961 -1
28 962 1
20 962 -1
28 963 1
20 963 -1
20 964 1
28 964 -1
29 965 1
20 965 -1
29 966 1
20 966 -1
29 967 1
20 967 -1
20 968 1
30 968 -1
30 969 1
20 969 -1
21 970 1
22 970 -1
21 971 1
23 971 -1
23 972 1
21 972 -1
21 973 1
24 973 -1
21 974 1
24 974 -1
24 975 1
21 975 -1
21 976 1
25 976 -1
21 977 1
26 977 -1
21 978 1
26 978 -1
26 979 1
21 979 -1
21 980 1
27 980 -1
28 981 1
21 981 -1
28 982 1
21 982 -1
21 983 1
28 983 -1
28 984 1
21 984 -1
29 985 1
21 985 -1
29 986 1
21 986 -1
29 987 1
21 987 -1
29 988 1
21 988 -1
30 989 1
21 989 -1
21 990 1
30 990 -1
21 991 1
30 991 -1
22 992 1
23 992 -1
24 993 1
22 993 -1
25 994 1
22 994 -1
26 995 1
22 995 -1
22 996 1
26 996 -1
26 997 1
22 997 -1
27 998 1
22 998 -1
22 999 1
27 999 -1
27 1000 1
22 1000 -1
27 1001 1
22 1001 -1
28 1002 1
22 1002 -1
28 1003 1
22 1003 -1
22 1004 1
28 1004 -1
22 1005 1
28 1005 -1
22 1006 1
29 1006 -1
29 1007 1
22 1007 -1
29 1008 1
22 1008 -1
22 1009 1
29 1009 -1
30 1010 1
22 1010 -1
22 1011 1
30 1011 -1
30 1012 1
22 1012 -1
24 1013 1
23 1013 -1
23 1014 1
24 1014 -1
23 1015 1
25 1015 -1
23 1016 1
25 1016 -1
25 1017 1
23 1017 -1
26 1018 1
23 1018 -1
23 1019 1
26 1019 -1
23 1020 1
26 1020 -1
23 1021 1
27 1021 -1
23 1022 1
27 1022 -1
23 1023 1
27 1023 -1
23 1024 1
27 1024 -1
28 1025 1
23 1025 -1
23 1026 1
28 1026 -1
28 1027 1
23 1027 -1
23 1028 1
29 1028 -1
23 1029 1
29 1029 -1
23 1030 1
29 1030 -1
23 1031 1
29 1031 -1
23 1032 1
30 1032 -1
25 1033 1
24 1033 -1
24 1034 1
25 1034 -1
24 1035 1
25 1035 -1
24 1036 1
25 1036 -1
24 1037 1
26 1037 -1
27 1038 1
24 1038 -1
24 1039 1
27 1039 -1
24 1040 1
28 1040 -1
24 1041 1
29 1041 -1
29 1042 1
24 1042 -1
24 1043 1
30 1043 -1
25 1044 1
26 1044 -1
25 1045 1
27 1045 -1
27 1046 1
25 1046 -1
27 1047 1
25 1047 -1
28 1048 1
25 1048 -1
25 1049 1
28 1049 -1
28 1050 1
25 1050 -1
25 1051 1
29 1051 -1
25 1052 1
29 1052 -1
29 1053 1
25 1053 -1
25 1054 1
30 1054 -1
30 1055 1
25 1055 -1
30 1056 1
25 1056 -1
25 1057 1
30 1057 -1
26 1058 1
27 1058 -1
26 1059 1
27 1059 -1
26 1060 1
27 1060 -1
26 1061 1
27 1061 -1
28 1062 1
26 1062 -1
28 1063 1
26 1063 -1
26 1064 1
28 1064 -1
26 1065 1
29 1065 -1
30 1066 1
26 1066 -1
26 1067 1
30 1067 -1
30 1068 1
26 1068 -1
28 1069 1
27 1069 -1
27 1070 1
28 1070 -1
29 1071 1
27 1071 -1
27 1072 1
29 1072 -1
30 1073 1
27 1073 -1
30 1074 1
27 1074 -1
27 1075 1
30 1075 -1
27 1076 1
30 1076 -1
29 1077 1
28 1077 -1
29 1078 1
28 1078 -1
29 1079 1
28 1079 -1
28 1080 1
30 1080 -1
30 1081 1
29 1081 -1
29 1082 1
30 1082 -1
29 1083 1
30 1083 -1
30 1084 1
29 1084 -1
