1 1 479.498663869
2 2 0.00464246193258
3 3 37.8869298811
4 4 618.008406211
5 5 0.00255284741812
6 6 625.668358936
7 7 0.00837740544416
8 8 418.868437407
9 9 0.00220560916402
10 10 379.597199576
11 11 387.223168768
12 12 0.00614334837764
13 13 0.00695789605083
14 14 67.9588462419
15 15 0.00791675711128
16 16 624.498161757
17 17 391.341567091
18 18 322.1524077
19 19 400.510579548
20 20 514.874017624
21 21 498.364607886
22 22 464.122799996
23 23 291.474085818
24 24 47.0574847002
25 25 284.349261464
26 26 303.764744922
27 27 174.705086515
28 28 359.95188297
29 29 429.885754961
30 30 338.886364225
31 31 45.3113455639
32 32 564.376301086
33 33 377.730805098
34 34 1.76912071592
35 35 580.694757208
36 36 198.076727202
37 37 376.546585099
38 38 77.7309785394
39 39 428.055243613
40 40 0.00264095274656
41 41 0.00555365376848
42 42 236.710062625
43 43 527.180358969
44 44 504.8769894
45 45 0.00776198277715
46 46 0.00883646594613
47 47 0.00203068319329
48 48 557.773789212
49 49 0.00841503767151
50 50 304.908768353
51 51 107.191797868
52 52 0.00849238534924
53 53 290.617807467
54 54 30.5846208021
55 55 375.825270018
56 56 446.959945754
57 57 0.000801672325641
58 58 148.139942358
59 59 0.00897319192172
60 60 379.346758712
61 61 72.4343476371
62 62 0.00853486539829
63 63 0.0043104806438
64 64 244.592332162
65 65 430.591603471
66 66 290.924881296
67 67 0.00893678284945
68 68 0.00572508619835
69 69 326.975536108
70 70 82.1893228254
71 71 143.069464273
72 72 412.330034783
73 73 405.794718321
74 74 210.522037017
75 75 0.00549668604645
76 76 460.836756781
77 77 390.905790577
78 78 91.3730314969
79 79 281.863372587
80 80 0.00309532424789
81 81 243.695011116
82 82 163.936246068
83 83 177.293737211
84 84 0.00757801451283
85 85 209.290372497
86 86 493.704106716
87 87 0.00597322278266
88 88 0.00471271576238
89 89 197.017664036
90 90 140.606007858
91 91 34.1072724656
92 92 0.0065095407759
93 93 623.833510339
94 94 182.860247663
95 95 56.9964847065
96 96 535.553131686
97 97 442.405599494
98 98 0.00750116028343
99 99 561.950192566
100 100 120.86450082
101 101 0.0058158190218
102 102 237.561651905
103 103 177.921486082
104 104 0.00953864732059
105 105 30.9170461583
106 106 95.7807566149
107 107 69.01502631
108 108 169.093550672
109 109 67.9290936067
110 110 388.184370673
111 111 0.00555242233969
112 112 0.00640565962188
113 113 242.807982388
114 114 0.00298205552945
115 115 0.00278054534638
116 116 136.338615405
117 117 0.00667580934473
118 118 445.55368642
119 119 240.743447106
120 120 65.6703894203
121 121 261.551482787
122 122 318.220577676
123 123 163.003706749
124 124 339.106358994
125 125 120.604583696
126 126 265.809903301
127 127 568.015031564
128 128 237.987952738
129 129 373.721968327
130 130 110.236844777
131 131 279.121250921
132 132 581.251045187
133 133 571.313566912
134 134 0.00199818861271
135 135 0.00919375433813
136 136 4.76692435783
137 137 339.065765369
138 138 332.25843225
139 139 0.00750517368013
140 140 245.557873156
141 141 0.0037476538397
142 142 337.217486728
143 143 513.075590205
144 144 0.0017529048727
145 145 84.8540493817
146 146 382.859434007
147 147 347.8970731
148 148 270.817705234
149 149 476.333091369
150 150 118.923877879
151 151 473.140912368
152 152 292.165874786
153 153 56.111247411
154 154 282.881113444
155 155 513.18994193
156 156 432.9790964
157 157 247.6054109
158 158 101.536969459
159 159 444.704562074
160 160 246.896465849
161 161 456.967397967
162 162 155.589623144
163 163 446.000116454
164 164 403.282528101
165 165 155.058703748
166 166 40.3590724415
167 167 0.00814616764596
168 168 551.030048402
169 169 496.040105039
170 170 350.911150481
171 171 118.111668302
172 172 353.285410536
173 173 198.989266901
174 174 578.517998466
175 175 531.209366278
176 176 0.00842195233745
177 177 273.866673281
178 178 0.00290750096063
179 179 26.2377809655
180 180 0.00216162962492
181 181 254.073761777
182 182 0.00393197806367
183 183 412.351580766
184 184 372.781350471
185 185 0.00148158695078
186 186 218.087761941
187 187 0.00736547193361
188 188 597.612037785
189 189 78.6995093501
190 190 388.029528941
191 191 606.952683304
192 192 0.00297622869337
193 193 496.909372001
194 194 0.00947231488981
195 195 557.101157119
196 196 526.301145773
197 197 34.519021247
198 198 0.000948527116948
199 199 512.976096597
200 200 306.799596922
201 201 496.321499026
202 202 0.0050294625121
203 203 0.00571583964303
204 204 228.547194952
205 205 581.50570155
206 206 0.00460669104258
207 207 453.807916179
208 208 0.00761778422744
209 209 0.00739200719856
210 210 264.230516346
211 211 455.407272539
212 212 0.00395202842468
213 213 0.00692616018608
214 214 170.342453739
215 215 0.00537182180118
216 216 0.000848115754227
217 217 353.70504894
218 218 210.639368974
219 219 405.215204991
220 220 366.304759907
221 221 0.00563550867838
222 222 98.7138540067
223 223 163.930829808
224 224 323.052844464
225 225 0.00492177901051
226 226 174.515252618
227 227 293.648959774
228 228 279.897637561
229 229 244.058447567
230 230 0.00648683516938
231 231 277.649193559
232 232 0.00106505060087
233 233 455.210570853
234 234 208.451370161
235 235 203.61109061
236 236 121.346834345
237 237 0.00718382456676
238 238 543.569450838
239 239 306.96778145
240 240 0.00977459963609
241 241 539.873795176
242 242 424.248104018
243 243 190.516342451
244 244 43.217336884
245 245 342.740134522
246 246 0.00942552545781
247 247 0.00901830958062
248 248 0.00375936793275
249 249 0.00982221798521
250 250 313.0848288
251 251 534.403223087
252 252 405.110493098
253 253 352.718295916
254 254 303.228538963
255 255 204.948237244
256 256 308.067128749
257 257 70.6123849763
258 258 0.0045799058822
259 259 106.517504983
260 260 0.00789406531475
261 261 525.983761373
262 262 473.83414228
263 263 502.060094884
264 264 5.13889860088e-05
265 265 177.367465953
266 266 154.910972569
267 267 466.688213818
268 268 93.7355782777
269 269 0.00306558796716
270 270 0.00202094348277
271 271 0.00853580479967
272 272 296.886459423
273 273 299.260996193
274 274 0.00207904898039
275 275 281.620646908
276 276 293.726746856
277 277 0.00267377405652
278 278 0.0085505887612
279 279 559.421048976
280 280 207.408270382
281 281 0.0041459708933
282 282 391.182540711
283 283 167.767332686
284 284 252.608201175
285 285 0.00518584505021
286 286 98.2832950177
287 287 529.040622884
288 288 524.639679443
289 289 0.000605425062051
290 290 15.6480089194
291 291 363.053782084
292 292 308.306423456
293 293 133.807357522
294 294 16.4566610539
295 295 423.851810914
296 296 333.043642867
297 297 260.621735423
298 298 541.98696679
299 299 0.00928133040546
300 300 1.90971908048
301 301 58.4762843549
302 302 0.00767933550305
303 303 361.388543504
304 304 440.582896765
305 305 389.746363453
306 306 340.177350323
307 307 424.951425598
308 308 9.40850457995
309 309 0.00167910885947
310 310 204.680107728
311 311 0.00810172553254
312 312 330.725542785
313 313 81.1439313997
314 314 411.838766204
315 315 0.00831960387758
316 316 505.907887249
317 317 17.3686748361
318 318 0.00222757896797
319 319 223.942854155
320 320 264.969833888
321 321 614.644158473
322 322 162.003098746
323 323 430.769990616
324 324 40.2164643471
325 325 0.00530737927957
326 326 314.028872849
327 327 25.3998650771
328 328 300.05159857
329 329 510.937542372
330 330 0.00301805796563
331 331 490.325775794
332 332 445.839387507
333 333 116.953351395
334 334 361.697481382
335 335 181.150813343
336 336 0.00957835632803
337 337 460.801414854
338 338 529.979903079
339 339 337.820464883
340 340 0.00816569778197
341 341 0.000812636201005
342 342 276.529845477
343 343 575.907102324
344 344 0.00118711479433
345 345 596.530889695
346 346 0.00954631184143
347 347 51.4168075237
348 348 84.1803280351
349 349 237.992971523
350 350 565.533030401
351 351 0.00624546533386
352 352 0.00790991133234
353 353 0.000780951441229
354 354 0.000815722483852
355 355 167.388509265
356 356 230.282804222
357 357 98.315745634
358 358 0.000143592098668
359 359 209.372604902
360 360 7.79184784334e-06
361 361 217.382646634
362 362 0.00295604800622
363 363 377.549422974
364 364 0.00139887258894
365 365 372.90526941
366 366 94.8770531608
367 367 432.762501945
368 368 0.00659580019557
369 369 58.3166084486
370 370 0.000493931127061
371 371 361.115961947
372 372 259.399411247
373 373 12.7183801575
374 374 0.00402585093704
375 375 1.42721463156
376 376 0.00808520143337
377 377 0.00601730361011
378 378 554.594714932
379 379 0.000457099647216
380 380 492.974939518
381 381 0.00379917949039
382 382 77.2077324466
383 383 391.258934593
384 384 189.965413229
385 385 516.791863979
386 386 0.000247913870201
387 387 82.9685334555
388 388 211.664013958
389 389 0.00978688106939
390 390 193.011832244
391 391 216.882921802
392 392 318.825812851
393 393 622.922946849
394 394 158.199711575
395 395 0.0072612763147
396 396 291.235258192
397 397 175.510311933
398 398 242.616126877
399 399 0.00314745433667
400 400 0.00519700098251
401 401 0.00445960831765
402 402 0.00052040878202
403 403 613.863514316
404 404 297.260269996
405 405 582.009957856
406 406 373.234333468
407 407 557.257080504
408 408 107.08870941
409 409 0.0064484835706
410 410 0.00168704480586
411 411 0.00638446783152
412 412 0.00699252014752
413 413 147.830426294
414 414 333.595627376
415 415 409.558211551
416 416 0.00544279312324
417 417 544.64701772
418 418 83.5774242177
419 419 258.573077136
420 420 0.00170482772979
421 421 50.9280667456
422 422 0.00603670543654
423 423 513.711846747
424 424 581.274767901
425 425 575.18370493
426 426 543.293578807
427 427 479.242210659
428 428 31.2003051461
429 429 193.427781816
430 430 78.8557230469
431 431 0.00273214611808
432 432 462.669180171
433 433 534.902188188
434 434 601.175636129
435 435 603.947796892
436 436 424.469475614
437 437 0.0064336350789
438 438 535.738628101
439 439 276.27249266
440 440 0.00373494671573
441 441 260.160258453
442 442 417.974196792
443 443 330.776600261
444 444 452.501095325
445 445 0.00378707980521
446 446 307.788752449
447 447 259.79836032
448 448 180.556956279
449 449 63.6004634541
450 450 0.00413914129981
451 451 111.144788285
452 452 0.00978760099305
453 453 0.00338590680432
454 454 406.478029448
455 455 183.153440047
456 456 0.00565756075667
457 457 0.00955462058331
458 458 340.923325659
459 459 597.443137262
460 460 26.5230034194
461 461 0.00184496393357
462 462 455.368608037
463 463 289.548633553
464 464 557.781651609
465 465 404.110465912
466 466 625.919258462
467 467 0.00124948992469
468 468 504.929645664
469 469 198.505099719
470 470 414.256256381
471 471 576.423168328
472 472 0.000700215114982
473 473 264.776019547
474 474 287.732157312
475 475 158.544704224
476 476 156.77784473
477 477 0.00336317138809
478 478 148.399648454
479 479 0.00284326263643
480 480 585.855592746
481 481 41.716016745
482 482 0.00315761453909
483 483 60.8874184134
484 484 175.657454382
485 485 499.922177775
486 486 451.824814956
487 487 586.283095123
488 488 396.205806016
489 489 0.00143933817197
490 490 214.921412351
491 491 435.009582875
492 492 108.705082186
493 493 504.543011836
494 494 0.00917301435495
495 495 0.0072698713151
496 496 174.358613479
497 497 375.446388106
498 498 247.906795487
499 499 300.531549148
500 500 105.152831001
501 501 0.00815090670912
502 502 0.00242121588305
503 503 530.141197527
504 504 0.00559312801931
505 505 440.195452409
506 506 416.892564199
507 507 0.00146755691194
508 508 263.632952545
509 509 484.813447444
510 510 320.407029401
511 511 0.000243731560994
512 512 532.595865311
513 513 0.00697932808499
514 514 130.347927339
515 515 0.00733701800692
516 516 184.863711071
517 517 429.123563774
518 518 339.118981231
519 519 176.176225359
520 520 0.00303435354444
521 521 400.593035476
522 522 71.4255353316
523 523 14.2585553039
524 524 0.0017916837612
525 525 0.00580794025344
526 526 228.650672215
527 527 336.023952713
528 528 0.00571450107358
529 529 0.00482656382544
530 530 331.11930844
531 531 273.941569365
532 532 255.153138158
533 533 131.614993066
534 534 444.754893651
535 535 262.499364016
536 536 0.00972292326205
537 537 393.700852956
538 538 441.938050075
539 539 30.114269212
540 540 0.00550082700729
541 541 567.452909018
542 542 443.735563276
543 543 88.4453613231
544 544 310.361026082
545 545 564.429449337
546 546 377.617226393
547 547 49.4317257309
548 548 0.00555731865319
549 549 0.00311148865505
550 550 0.00409322644678
551 551 62.5562430869
552 552 4.28473411126
553 553 309.026582302
554 554 184.422021923
555 555 0.00831479713436
556 556 29.9481550154
557 557 0.00114830820172
558 558 357.096345975
559 559 0.00260355796817
560 560 115.236319571
561 561 342.648063361
562 562 10.5394932708
563 563 462.634033383
564 564 503.248782077
565 565 0.00412672603902
566 566 270.506177295
567 567 330.014032408
568 568 298.123975943
569 569 290.046565589
570 570 338.075778029
571 571 0.00129246505022
572 572 409.550844901
573 573 2.16185648058e-05
574 574 476.484963197
575 575 584.308906281
576 576 348.000105436
577 577 515.158350786
578 578 0.00333107609736
579 579 0.00736834954509
580 580 342.363617953
581 581 59.7365993802
582 582 79.6439506507
583 583 0.00829510242648
584 584 86.7029890819
585 585 0.00802957542448
586 586 40.1957302681
587 587 307.793651004
588 588 418.170306433
589 589 187.355681001
590 590 0.00413399847937
591 591 0.00703969243684
592 592 603.195828367
593 593 607.472494679
594 594 378.988740613
595 595 206.235698135
596 596 214.383000558
597 597 0.00562389834105
598 598 507.234406088
599 599 578.348282305
600 600 15.5673575661
601 601 393.437569521
602 602 74.7384042701
603 603 441.253272089
604 604 249.253168408
605 605 322.301457955
606 606 0.00783272147978
607 607 203.67463031
608 608 0.00885157685273
609 609 585.908593057
610 610 562.461329884
611 611 424.067349531
612 612 427.546887602
613 613 240.377243555
614 614 107.615084812
615 615 0.00724105960241
616 616 427.121071897
617 617 7.16703706021
618 618 514.693135261
619 619 529.529390752
620 620 440.889327469
621 621 57.9470543904
622 622 144.680486989
623 623 0.00338589250928
624 624 510.941731355
625 625 428.607182422
626 626 0.00388071896968
627 627 309.17413905
628 628 264.78803085
629 629 494.429790847
630 630 0.00387179723117
631 631 57.7071131863
632 632 297.832137503
633 633 58.958197635
634 634 163.688902952
635 635 0.00702264698857
636 636 109.797006485
637 637 0.00804932326958
638 638 0.00480906499588
639 639 480.592912887
640 640 46.2800262234
641 641 224.354300968
642 642 581.835115721
643 643 0.00530982450148
644 644 184.048482629
645 645 321.026353491
646 646 0.00287080884865
647 647 19.7907282741
648 648 519.252563155
649 649 0.0027987149098
650 650 293.044797978
651 651 0.00088805489318
652 652 313.188781344
653 653 77.2705882523
654 654 132.963497133
655 655 264.563934592
656 656 22.2530811477
657 657 483.535175579
658 658 572.697471665
659 659 0.00691905976326
660 660 428.879910985
661 661 0.00524812281257
662 662 389.84421581
663 663 300.079442318
664 664 188.092774795
665 665 72.784251154
666 666 306.359725254
667 667 425.48344483
668 668 0.00264424353454
669 669 361.97200775
670 670 601.426129932
671 671 478.04225694
672 672 594.743621084
673 673 596.563598115
674 674 7.80097093633
675 675 485.702899889
676 676 312.748685319
677 677 116.574361924
678 678 23.0029843723
679 679 599.981611212
680 680 172.257856554
681 681 0.00655433109208
682 682 0.00538445312113
683 683 0.00828728958902
684 684 580.75468113
685 685 138.793806434
686 686 153.885406245
687 687 0.00083352944389
688 688 224.900089802
689 689 528.524053637
690 690 172.122355572
691 691 0.0061898636944
692 692 0.00319052089292
693 693 0.00648541901875
694 694 0.00176840540931
695 695 136.39327869
696 696 600.185586217
697 697 226.907094319
698 698 513.33389221
699 699 437.081179539
700 700 0.00333203096223
701 701 0.00367169263987
702 702 316.097471088
703 703 412.397295347
704 704 204.8242996
705 705 398.797370113
706 706 90.9176354397
707 707 78.1831416596
708 708 319.948398894
709 709 0.00458616052528
710 710 0.00831534709676
711 711 358.601421256
712 712 0.00370035864209
713 713 366.816982921
714 714 586.863525382
715 715 0.00588419254894
716 716 588.228157847
717 717 342.185055363
718 718 500.717098293
719 719 118.39497321
720 720 531.995681878
721 721 301.199615004
722 722 108.905767901
723 723 354.964610158
724 724 453.33774212
725 725 545.157748298
726 726 287.025307161
727 727 357.805497089
728 728 534.787585511
729 729 0.00940408345824
730 730 29.3784078551
731 731 456.514422405
732 732 125.875583485
733 733 176.619942362
734 734 404.316382582
735 735 0.00377964488809
736 736 382.478966352
737 737 0.00226951644774
738 738 0.000742246827709
739 739 324.466489927
740 740 241.506644533
741 741 588.172434832
742 742 602.745572752
743 743 506.521246821
744 744 0.00289620134883
745 745 0.000801378026877
746 746 618.046692013
747 747 372.426506975
748 748 299.697872447
749 749 591.399212421
750 750 226.470223057
751 751 126.098948651
752 752 144.689656133
753 753 0.00433168974626
754 754 173.627951307
755 755 0.00916989914679
756 756 301.000902841
757 757 599.490126032
758 758 433.332396737
759 759 168.528662584
760 760 0.00744323382599
761 761 473.349324524
762 762 508.767917106
763 763 120.494850815
764 764 533.959984788
765 765 0.00796653038263
766 766 440.797807431
767 767 156.638884586
768 768 534.297396067
769 769 602.307382368
770 770 307.088032509
771 771 0.00629520384164
772 772 0.00510118804577
773 773 318.092536024
774 774 268.68583671
775 775 0.000593164010652
776 776 0.00199932706891
777 777 375.965406748
778 778 407.766644192
779 779 38.0343230494
780 780 116.820864224
781 781 1.76516543338
782 782 162.709198268
783 783 557.250024581
784 784 256.541494979
785 785 21.6469214268
786 786 93.5747380694
787 787 500.878544271
788 788 100.42340633
789 789 0.00843342248112
790 790 0.0035352621456
791 791 405.352042409
792 792 531.114509685
793 793 351.330047793
794 794 368.283051954
795 795 287.181564315
796 796 0.00703570834578
797 797 0.00305128974989
798 798 58.7072906749
799 799 619.44398564
800 800 0.00292304249393
801 801 579.488633908
802 802 0.977659938938
803 803 0.00595522746071
804 804 215.721497803
805 805 201.928821177
806 806 455.228748369
807 807 512.89923516
808 808 156.592792324
809 809 32.1055302401
810 810 0.00296315523271
811 811 563.864068359
812 812 0.0011242777068
813 813 0.00333688522663
814 814 0.000756803774099
815 815 0.00834710031752
816 816 622.316889862
817 817 39.175538775
818 818 618.889025634
819 819 210.654322779
820 820 0.00101460081153
821 821 0.0037373043617
822 822 585.364626275
823 823 0.000694699686742
824 824 456.272511602
825 825 623.170744832
826 826 240.60786006
827 827 0.00754695037089
828 828 403.996173825
829 829 0.00252699245722
830 830 458.064269074
831 831 33.0724755216
832 832 5.86583628793e-05
833 833 411.735395067
834 834 0.00781777233512
835 835 0.00264840875489
836 836 0.00909716633435
837 837 494.172132478
838 838 445.73690973
839 839 351.891732564
840 840 318.659290959
841 841 461.987914069
842 842 558.289857642
843 843 325.545983044
844 844 232.961178908
845 845 189.683853411
846 846 437.235088878
847 847 599.26272373
848 848 0.00647821642341
849 849 0.00918704694103
850 850 595.190812626
851 851 0.00552993773285
852 852 395.743788573
853 853 345.60485725
854 854 16.0111453353
855 855 537.945428465
856 856 505.256655495
857 857 0.00812000915716
858 858 422.237259077
859 859 0.00651482403883
860 860 299.245118946
861 861 0.00837688127557
862 862 0.00458741238716
863 863 226.730907323
864 864 0.00264387903295
865 865 41.0925575521
866 866 514.880789248
867 867 523.608358684
868 868 572.240402889
869 869 0.00538829007502
870 870 251.201105563
871 871 0.0092783112274
872 872 334.502316717
873 873 116.50925444
874 874 483.835182829
875 875 0.00370587675517
876 876 557.160054861
877 877 99.0396887458
878 878 551.315580254
879 879 0.00677880765546
880 880 228.472070877
881 881 341.617580052
882 882 131.109036918
883 883 398.731995773
884 884 332.793322348
885 885 618.300965911
886 886 0.00237598924402
887 887 338.391386947
888 888 436.157708831
889 889 251.752684334
890 890 114.308326806
891 891 0.00862473510629
892 892 0.00421341564163
893 893 415.542039231
894 894 0.00757736715394
895 895 0.00658575841386
896 896 341.552059427
897 897 139.86811583
898 898 0.00949957604292
899 899 0.0036401797422
900 900 283.728636062
901 901 512.491309712
902 902 0.000924524271102
903 903 193.328967246
904 904 77.3113565075
905 905 284.077244827
906 906 0.00121051981734
907 907 428.771648678
908 908 0.00156937721286
909 909 0.00858266451428
910 910 0.00701233768092
911 911 0.00373778893727
912 912 330.666966388
913 913 279.207244747
914 914 181.84356175
915 915 219.527279788
916 916 0.00440948003553
917 917 593.787286251
918 918 511.659923952
919 919 0.00456212411002
920 920 0.00879484044254
921 921 521.304935825
922 922 382.230187825
923 923 374.159504574
924 924 0.00602134682832
925 925 0.0069202514579
926 926 340.261487693
927 927 206.843622708
928 928 97.1169435937
929 929 209.587436265
930 930 0.00704609583304
931 931 0.00488007826949
932 932 0.00191475354911
933 933 0.00289954160829
934 934 171.123922774
935 935 279.313997741
936 936 594.668914525
937 937 568.487639667
938 938 264.725978686
939 939 0.00423664625423
940 940 275.177579285
941 941 0.00991327065016
942 942 383.668415294
943 943 271.780922153
944 944 0.00411368883711
945 945 474.659317728
946 946 91.6519967686
947 947 459.64927139
948 948 600.893130422
949 949 0.00243515952283
950 950 170.839458049
951 951 33.8511435537
952 952 223.318520349
953 953 285.061194232
954 954 395.948455217
955 955 332.913502327
956 956 0.00239732707708
957 957 165.808857832
958 958 190.611949661
959 959 625.171255405
960 960 61.8269935826
961 961 116.134066621
962 962 0.00954373889775
963 963 0.00157834129497
964 964 383.64894179
965 965 322.108035406
966 966 383.01969331
967 967 548.196715882
968 968 248.693116584
969 969 0.00455392829418
970 970 209.934382539
971 971 0.00379049484863
972 972 1.90212076904
973 973 287.484054196
974 974 600.592261805
975 975 352.07838455
976 976 607.730844623
977 977 120.590811077
978 978 342.841651039
979 979 585.571931424
980 980 477.830372222
981 981 575.85931776
982 982 453.349365256
983 983 0.00488867860261
984 984 228.87529836
985 985 0.00585628929726
986 986 0.00430108955605
987 987 508.597842263
988 988 497.867137332
989 989 0.00347215720658
990 990 454.702112676
991 991 0.00629632824873
992 992 326.991664697
993 993 148.525651801
994 994 0.00687841121971
995 995 0.00627070948079
996 996 174.587832084
997 997 301.59260502
998 998 203.762091828
999 999 222.995115367
1000 1000 0.00947643650905
1001 1001 179.202524646
1002 1002 188.448359333
1003 1003 329.308975941
1004 1004 470.318542046
1005 1005 624.161722283
1006 1006 63.4880501313
1007 1007 0.00970427497953
1008 1008 586.06503218
1009 1009 55.4854620704
1010 1010 424.906849388
1011 1011 470.124380816
1012 1012 264.287548725
1013 1013 168.363811249
1014 1014 0.0010294961625
1015 1015 193.684890714
1016 1016 141.21092915
1017 1017 0.00313607267054
1018 1018 434.657268338
1019 1019 110.006387299
1020 1020 492.932570179
1021 1021 532.332985094
1022 1022 0.000532797072195
1023 1023 135.070419783
1024 1024 23.81534015
1025 1025 0.00489760700763
1026 1026 0.00396955072592
1027 1027 327.095609184
1028 1028 0.00361593703208
1029 1029 163.581358557
1030 1030 431.042474217
1031 1031 0.00106928283968
1032 1032 0.001125247969
1033 1033 0.00431797223699
1034 1034 422.178306082
1035 1035 0.00468120650973
1036 1036 439.028290069
1037 1037 159.928873639
1038 1038 13.0331684561
1039 1039 0.00571704661901
1040 1040 0.00759946160251
1041 1041 577.533073284
1042 1042 146.182980054
1043 1043 475.090531052
1044 1044 0.00470503649615
1045 1045 348.288590628
1046 1046 258.31503252
1047 1047 263.135824829
1048 1048 51.690925114
1049 1049 243.896502299
1050 1050 51.9720733517
1051 1051 0.00332660735023
1052 1052 0.00654110833312
1053 1053 330.2368899
1054 1054 0.00976481745212
1055 1055 0.00586619027522
1056 1056 595.513854971
1057 1057 84.4466938576
1058 1058 253.951526751
1059 1059 448.388694986
1060 1060 334.959576814
1061 1061 30.7860056988
1062 1062 417.89864556
1063 1063 467.137515677
1064 1064 333.421806444
1065 1065 178.272910178
1066 1066 398.541770161
1067 1067 18.3033036696
1068 1068 346.496940993
1069 1069 0.00456530966002
1070 1070 425.109029152
1071 1071 0.00877913104012
1072 1072 108.720932612
1073 1073 358.373988169
1074 1074 476.954880827
1075 1075 0.00879481893014
1076 1076 0.00138620418245
1077 1077 397.493926276
1078 1078 560.533038557
1079 1079 505.182505679
1080 1080 408.042539823
1081 1081 304.201335674
1082 1082 379.74237949
1083 1083 0.00103416873597
1084 1084 128.654729101
1085 1085 0.00939775031698
1086 1086 0.00887258716229
1087 1087 337.303323184
1088 1088 0.000201605552517
1089 1089 0.00593512588664
1090 1090 197.428208091
1091 1091 451.422543789
1092 1092 31.7229232083
1093 1093 518.990019747
1094 1094 273.98594075
1095 1095 117.404231372
1096 1096 280.771078371
1097 1097 0.00294274074511
1098 1098 439.968423517
1099 1099 0.00940207475451
1100 1100 418.403553033
1101 1101 0.00550317551197
1102 1102 133.632854594
1103 1103 191.329306273
1104 1104 0.00863553283389
1105 1105 233.556255552
1106 1106 585.182965997
1107 1107 614.624088571
1108 1108 0.00844002184615
1109 1109 589.797288537
1110 1110 342.942074776
1111 1111 596.963421161
1112 1112 153.619988226
1113 1113 459.580308149
1114 1114 191.643886034
1115 1115 0.000909095166969
1116 1116 0.00150882658449
1117 1117 86.0366495073
1118 1118 313.825821942
1119 1119 361.361308522
1120 1120 312.479953736
1121 1121 391.383361941
1122 1122 213.374316591
1123 1123 321.878282069
1124 1124 0.00116642140011
1125 1125 378.254310404
1126 1126 455.066825619
1127 1127 0.00534679826053
1128 1128 133.599312027
1129 1129 28.3301380702
1130 1130 65.7083179677
1131 1131 111.014155821
1132 1132 63.19980716
1133 1133 0.00806333313963
1134 1134 503.663854601
1135 1135 178.274265348
1136 1136 529.771586039
1137 1137 0.00243695899257
1138 1138 291.884244694
1139 1139 311.90535758
1140 1140 183.754798032
1141 1141 559.232396844
1142 1142 102.946849949
1143 1143 0.00398761007042
1144 1144 15.3338726137
1145 1145 103.119848458
1146 1146 215.80707806
1147 1147 0.00852900719539
1148 1148 101.792258328
1149 1149 0.371287809992
1150 1150 0.00347879076732
1151 1151 18.5995806346
1152 1152 83.6165550037
1153 1153 266.75978368
1154 1154 103.567872375
1155 1155 496.789869929
1156 1156 70.4590176968
1157 1157 0.00964373805934
1158 1158 421.617917124
1159 1159 294.856051187
1160 1160 178.333186749
1161 1161 0.00187261042709
1162 1162 0.0068207838001
1163 1163 0.00295288839328
1164 1164 0.00922491805528
1165 1165 204.322093432
1166 1166 164.113908647
1167 1167 4.3722257413
1168 1168 0.00164641570425
1169 1169 0.00219179951372
1170 1170 0.00116119549054
1171 1171 0.0054026726579
1172 1172 0.00248259443292
1173 1173 254.246636636
1174 1174 210.968448665
1175 1175 254.024053447
1176 1176 234.3253495
1177 1177 356.307238279
1178 1178 86.1575272092
1179 1179 0.00464260373735
1180 1180 386.858592524
1181 1181 322.104797383
1182 1182 0.00711700477166
1183 1183 477.634819106
1184 1184 116.286658413
1185 1185 530.271051906
1186 1186 555.338280332
1187 1187 365.013604088
1188 1188 59.8771955221
1189 1189 497.044947203
1190 1190 0.00291190677679
1191 1191 209.071790722
1192 1192 185.125628522
1193 1193 320.267751085
1194 1194 318.836500021
1195 1195 62.5312145895
1196 1196 161.363626767
1197 1197 0.00435248148181
1198 1198 545.314552336
1199 1199 6.89271300239
1200 1200 589.158157756
1201 1201 0.00301034967053
1202 1202 0.00959603295278
1203 1203 526.96419285
1204 1204 0.00902400999843
1205 1205 391.740639145
1206 1206 607.825125103
1207 1207 0.00118918984711
1208 1208 349.969096915
1209 1209 579.70832781
1210 1210 294.591560101
1211 1211 257.650856411
1212 1212 275.02336352
1213 1213 350.620431021
1214 1214 450.998401627
1215 1215 521.906971725
1216 1216 464.326320904
1217 1217 123.840276997
1218 1218 499.705314839
1219 1219 466.954079783
1220 1220 605.97471749
1221 1221 0.000771942733367
1222 1222 496.951699071
1223 1223 0.00325191352504
1224 1224 200.078609804
1225 1225 0.00061101062281
1226 1226 428.676291033
1227 1227 115.112203293
1228 1228 591.498015877
1229 1229 464.395776187
1230 1230 555.178006256
1231 1231 609.328870997
1232 1232 401.907749724
1233 1233 597.612163166
1234 1234 60.896034758
1235 1235 408.265826586
1236 1236 202.037898652
1237 1237 0.0083700303088
1238 1238 255.416089108
1239 1239 9.05701603191
1240 1240 379.298973118
1241 1241 165.71532769
1242 1242 507.732813538
1243 1243 235.587033911
1244 1244 309.588450853
1245 1245 33.3540202021
1246 1246 463.094314563
1247 1247 404.596250683
1248 1248 476.962024969
1249 1249 0.00465125928723
1250 1250 530.894442063
1251 1251 414.378795485
1252 1252 328.827698775
1253 1253 0.170071264383
1254 1254 63.8231397101
1255 1255 0.00920244361775
1256 1256 273.892120462
1257 1257 0.00793437360155
1258 1258 433.530456912
1259 1259 0.00138921851207
1260 1260 298.188137581
1261 1261 227.346290034
1262 1262 0.00531132646764
1263 1263 0.0083162295459
1264 1264 27.9613671347
1265 1265 464.762989772
1266 1266 192.962807361
1267 1267 331.640354041
1268 1268 0.00689205764017
1269 1269 246.18971726
1270 1270 400.515695798
1271 1271 0.00891846321794
1272 1272 372.054979917
1273 1273 85.5998415021
1274 1274 158.469060239
1275 1275 90.6312174572
1276 1276 244.949825486
1277 1277 135.682950362
1278 1278 0.00747735565634
1279 1279 335.26460754
1280 1280 0.00712911443118
1281 1281 125.42259685
1282 1282 537.800406968
1283 1283 80.3720448364
1284 1284 598.180798993
1285 1285 239.190891619
1286 1286 263.457881466
1287 1287 21.1949336201
1288 1288 198.758426837
1289 1289 489.58853395
1290 1290 72.1141166178
1291 1291 252.067596458
1292 1292 582.028348339
1293 1293 0.00808037334921
1294 1294 605.953654728
1295 1295 0.00157243117888
1296 1296 532.010843928
1297 1297 52.6485176488
1298 1298 0.00378363292559
1299 1299 0.00345870307339
1300 1300 0.00714224246045
1301 1301 142.133926652
1302 1302 39.3318954726
1303 1303 618.508951686
1304 1304 83.6356987727
1305 1305 597.194846181
1306 1306 510.687775592
1307 1307 0.00866159621362
1308 1308 0.00297164394163
1309 1309 0.00970678471197
1310 1310 0.00793848055588
1311 1311 622.142224554
1312 1312 606.516844521
1313 1313 374.585081302
1314 1314 53.2792161311
1315 1315 22.6007876192
1316 1316 0.00973606950324
1317 1317 6.73262003906
1318 1318 17.3028792285
1319 1319 0.000843679050302
1320 1320 352.694956885
1321 1321 246.754427656
1322 1322 60.0686141185
1323 1323 358.074056528
1324 1324 511.085476122
1325 1325 0.00351193851891
1326 1326 352.238866673
1327 1327 610.323895475
1328 1328 73.6219904613
1329 1329 0.00330246297703
1330 1330 126.09753881
1331 1331 248.538237342
1332 1332 523.552958408
1333 1333 539.854434937
1334 1334 562.110779721
1335 1335 573.995144712
1336 1336 0.00548726710242
1337 1337 418.89189492
1338 1338 34.1164091588
1339 1339 606.828098917
1340 1340 593.013784901
1341 1341 581.300247318
1342 1342 455.354444687
1343 1343 0.00826627607149
1344 1344 240.040032978
1345 1345 514.446105519
1346 1346 367.86502124
1347 1347 123.325900499
1348 1348 471.142079296
1349 1349 525.394719678
1350 1350 276.73037023
1351 1351 493.216406172
1352 1352 0.000250375762313
1353 1353 24.5081037054
1354 1354 0.00946174422164
1355 1355 351.083885731
1356 1356 99.6931010979
1357 1357 510.864182776
1358 1358 599.907003289
1359 1359 614.306051207
1360 1360 426.908786967
1361 1361 91.8832464388
1362 1362 162.602497023
1363 1363 41.0988617772
1364 1364 415.917730772
1365 1365 0.00230829972072
1366 1366 552.24003385
1367 1367 625.563318297
1368 1368 447.84600743
1369 1369 586.184134119
1370 1370 489.279413505
1371 1371 192.936839128
1372 1372 408.936020986
1373 1373 407.947688143
1374 1374 143.838662357
1375 1375 371.556272001
1376 1376 64.040501339
1377 1377 133.235757448
1378 1378 486.583660894
1379 1379 562.339307712
1380 1380 95.5327965472
1381 1381 0.00715329233263
1382 1382 440.252275435
1383 1383 9.65513921835
1384 1384 0.00928252950558
1385 1385 609.318152643
1386 1386 389.083806847
1387 1387 0.00765681695348
1388 1388 0.00644592802998
1389 1389 340.645352381
1390 1390 290.755444426
1391 1391 510.397060587
1392 1392 194.253143011
1393 1393 27.6348952831
1394 1394 0.00217258069389
1395 1395 580.557995893
1396 1396 98.7767178608
1397 1397 525.753931529
1398 1398 41.533031199
1399 1399 483.043224444
1400 1400 0.000371315107708
1401 1401 531.22394443
1402 1402 354.643402858
1403 1403 168.474224879
1404 1404 519.633029327
1405 1405 0.00230987784753
1406 1406 0.00638835982867
1407 1407 360.201087991
1408 1408 295.874174756
1409 1409 344.199019246
1410 1410 457.545100703
1411 1411 55.8855314269
1412 1412 0.00172843928348
1413 1413 0.00710901150604
1414 1414 550.975722988
1415 1415 431.652917458
1416 1416 518.839587133
1417 1417 535.559196052
1418 1418 79.3676074888
1419 1419 153.948972136
1420 1420 5.36046379291e-05
1421 1421 0.00260280532777
1422 1422 16.5018226427
1423 1423 0.0036793525742
1424 1424 0.00464721989978
1425 1425 270.081375763
1426 1426 0.00105851686486
1427 1427 567.741090078
1428 1428 29.7834876368
1429 1429 0.00137134355203
1430 1430 0.00200787674212
1431 1431 125.532437906
1432 1432 0.00230922227578
1433 1433 473.203428916
1434 1434 367.440454374
1435 1435 217.685189639
1436 1436 182.716352836
1437 1437 498.841920312
1438 1438 242.298538234
1439 1439 602.842205072
1440 1440 540.681450424
1441 1441 407.76173421
1442 1442 0.00536903251094
1443 1443 0.00397431354218
1444 1444 374.149920638
1445 1445 235.112328726
1446 1446 498.150062654
1447 1447 0.00539146414661
1448 1448 269.126248174
1449 1449 0.00312567598264
1450 1450 334.00751157
1451 1451 310.184674835
1452 1452 463.702475844
1453 1453 244.417435306
1454 1454 591.810261365
1455 1455 489.787770824
1456 1456 612.675435341
1457 1457 482.156439664
1458 1458 115.648448384
1459 1459 0.0077783894617
1460 1460 205.095812218
1461 1461 0.00413785925298
1462 1462 430.333553554
1463 1463 210.305678308
1464 1464 0.000156450165743
1465 1465 423.525921533
1466 1466 585.70584688
1467 1467 70.7674698115
1468 1468 298.538645111
1469 1469 8.11729304132
1470 1470 154.512576413
1471 1471 617.704965895
1472 1472 390.955948882
1473 1473 0.00256169768183
1474 1474 82.6712511572
1475 1475 474.492042424
1476 1476 36.4951579157
1477 1477 270.328868746
1478 1478 0.00962950856399
1479 1479 0.00888294092353
1480 1480 404.508002631
1481 1481 401.405703566
1482 1482 0.00281697463435
1483 1483 506.681048815
1484 1484 0.00665529548256
1485 1485 367.351848455
1486 1486 127.010871339
1487 1487 541.3611417
1488 1488 248.338656406
1489 1489 41.7111106853
1490 1490 533.709619014
1491 1491 490.288085496
1492 1492 0.00697876346037
1493 1493 195.900821723
1494 1494 318.882157353
1495 1495 502.16896074
1496 1496 0.00399288603266
1497 1497 501.521120195
1498 1498 484.435940987
1499 1499 177.22406767
1500 1500 594.470646975
1501 1501 0.00336462938472
1502 1502 440.53667292
1503 1503 499.535414223
1504 1504 0.00666018440867
1505 1505 0.00955812412066
1506 1506 444.411136147
1507 1507 186.817199272
1508 1508 92.3970524091
1509 1509 501.781586545
1510 1510 377.192225419
1511 1511 371.913239719
1512 1512 52.5470984395
1513 1513 318.156435608
1514 1514 352.958060893
1515 1515 336.07830661
1516 1516 0.00379079870173
1517 1517 162.579662276
1518 1518 0.00938998015924
1519 1519 504.651952864
1520 1520 82.5090909611
1521 1521 329.660846213
1522 1522 294.404396263
1523 1523 298.858530676
1524 1524 32.6228479368
1525 1525 597.771506837
1526 1526 0.00645077732891
1527 1527 564.841937161
1528 1528 67.185016721
1529 1529 0.00851146843001
1530 1530 0.000756058613198
1531 1531 0.00513523603602
1532 1532 0.00628880337434
1533 1533 534.003310985
1534 1534 337.395992913
1535 1535 1.26344502845
1536 1536 517.262897422
1537 1537 0.00219848947975
1538 1538 378.448246756
1539 1539 492.531345532
1540 1540 295.881327502
1541 1541 0.00607574198837
1542 1542 423.190730115
1543 1543 312.822092163
1544 1544 193.842608328
1545 1545 350.902843591
1546 1546 367.445879932
1547 1547 147.143454647
1548 1548 0.00832506732083
1549 1549 257.325260476
1550 1550 194.144252282
1551 1551 598.097662416
1552 1552 203.267096915
1553 1553 0.000405077041318
1554 1554 569.667542739
1555 1555 53.8315991181
1556 1556 377.259529463
1557 1557 522.424233088
1558 1558 437.193025307
1559 1559 0.00265707253828
1560 1560 0.00687106544541
1561 1561 245.988007293
1562 1562 79.5988203083
1563 1563 247.9179964
1564 1564 148.65629977
1565 1565 106.109179163
1566 1566 442.673792872
1567 1567 0.00520239051977
1568 1568 540.665402543
1569 1569 282.861388049
1570 1570 474.436263787
1571 1571 348.117020157
1572 1572 288.703996105
1573 1573 251.80831959
1574 1574 158.180166906
1575 1575 222.402548471
1576 1576 0.00478462812061
1577 1577 466.325613631
1578 1578 436.210818549
1579 1579 293.744249488
1580 1580 513.236856609
1581 1581 547.361908119
1582 1582 54.79162548
1583 1583 0.00696486610677
1584 1584 68.190140819
1585 1585 178.338976354
1586 1586 0.0071548337214
1587 1587 350.918680112
1588 1588 603.299632302
1589 1589 313.591176337
1590 1590 0.00965854439395
1591 1591 424.549159267
1592 1592 268.70180346
1593 1593 422.842165543
1594 1594 537.376941239
1595 1595 60.055192433
1596 1596 132.03824722
1597 1597 325.885807133
1598 1598 512.866990157
1599 1599 564.949911237
1600 1600 0.00383267722686
1601 1601 329.357804052
1602 1602 92.8457669489
1603 1603 278.094484714
1604 1604 463.557263757
1605 1605 0.00894505071661
1606 1606 322.645404211
1607 1607 544.521109705
1608 1608 391.744278423
1609 1609 157.103241149
1610 1610 601.878061119
1611 1611 447.186992353
1612 1612 124.457733787
1613 1613 0.00649165689057
1614 1614 30.5783656432
1615 1615 115.166811981
1616 1616 215.789988396
1617 1617 493.159384363
1618 1618 0.000517383592343
1619 1619 303.444022615
1620 1620 411.832391954
1621 1621 42.5481465346
1622 1622 280.508174793
1623 1623 333.69095705
1624 1624 48.7205340298
1625 1625 489.585369391
1626 1626 261.272385478
1627 1627 480.059957578
1628 1628 152.298280418
1629 1629 0.00610413250112
1630 1630 157.428900063
1631 1631 190.69157372
1632 1632 0.000963043619021
1633 1633 85.6111065281
1634 1634 396.944863229
1635 1635 0.00727530020913
1636 1636 430.775407051
1637 1637 238.307376604
1638 1638 0.00375532057497
1639 1639 253.451682294
1640 1640 361.115411117
1641 1641 419.433670531
1642 1642 181.230552001
1643 1643 0.00455405761538
1644 1644 0.00641867382445
1645 1645 562.138096804
1646 1646 166.533655474
1647 1647 455.446432948
1648 1648 273.436586651
1649 1649 601.735826689
1650 1650 87.4956932598
1651 1651 269.680954835
1652 1652 0.00549590991528
1653 1653 0.00535894560738
1654 1654 52.9561552897
1655 1655 0.00516654527781
1656 1656 506.239872204
1657 1657 0.00210561574896
1658 1658 398.047355989
1659 1659 376.656476123
1660 1660 0.00100344182184
1661 1661 508.507509996
1662 1662 0.00162091067552
1663 1663 281.394663233
1664 1664 0.00476577297706
1665 1665 143.679327696
1666 1666 424.577238999
1667 1667 493.929436698
1668 1668 91.9436232005
1669 1669 489.087733468
1670 1670 244.3348433
1671 1671 0.00776321967471
1672 1672 141.53035847
1673 1673 399.677143123
1674 1674 536.078438971
1675 1675 555.493686014
1676 1676 218.562005508
1677 1677 37.751527226
1678 1678 242.640388196
1679 1679 0.00280635398832
1680 1680 126.073757852
1681 1681 340.632197369
1682 1682 488.242523678
1683 1683 252.171771121
1684 1684 0.00342261005506
1685 1685 357.83628807
1686 1686 0.00328857578867
1687 1687 42.7907194457
1688 1688 0.000143987914989
1689 1689 97.2848903813
1690 1690 0.00729751564189
1691 1691 478.322192998
1692 1692 353.555129922
1693 1693 0.0012786970512
1694 1694 252.288638997
1695 1695 0.00952922848001
1696 1696 32.6927970924
1697 1697 222.394350205
1698 1698 480.091939337
1699 1699 281.856324549
1700 1700 26.1957880276
1701 1701 358.781035806
1702 1702 333.914656825
1703 1703 138.530731491
1704 1704 255.408122855
1705 1705 428.158938567
1706 1706 0.000496706173806
1707 1707 446.23710738
1708 1708 82.2570609365
1709 1709 230.231097342
1710 1710 0.0063572932711
1711 1711 0.00261617576479
1712 1712 313.654627109
1713 1713 104.536100881
1714 1714 605.24736527
1715 1715 158.304869484
1716 1716 446.921691789
1717 1717 244.750344365
1718 1718 0.000233245770483
1719 1719 149.636046561
1720 1720 243.251489494
1721 1721 90.6791628472
1722 1722 0.00759396630133
1723 1723 0.00645251929353
1724 1724 96.0626685057
1725 1725 0.00330609705644
1726 1726 432.601723787
1727 1727 166.249745484
1728 1728 178.100621823
1729 1729 0.000107861998619
1730 1730 13.4862296461
1731 1731 112.71849625
1732 1732 580.027387512
1733 1733 282.833258564
1734 1734 0.000864716511761
1735 1735 540.373167249
1736 1736 0.00769494317777
1737 1737 581.140317738
1738 1738 298.145320506
1739 1739 83.4883629499
1740 1740 113.323630333
1741 1741 0.00454749115372
1742 1742 398.983357486
1743 1743 0.00270869482146
1744 1744 463.328869955
1745 1745 0.00644643046999
1746 1746 312.670654308
1747 1747 342.049557385
1748 1748 0.000162012414974
1749 1749 134.024639092
1750 1750 0.00532254611525
1751 1751 510.305531365
1752 1752 421.124135428
1753 1753 0.00430892141887
1754 1754 274.804096388
1755 1755 0.00282446612214
1756 1756 444.175887761
1757 1757 0.000156716488412
1758 1758 376.915585859
1759 1759 47.7255133561
1760 1760 25.7128823073
1761 1761 411.391328946
1762 1762 0.00674777227679
1763 1763 112.69617733
1764 1764 164.705035693
1765 1765 0.000936846628444
1766 1766 95.4722883771
1767 1767 611.66797083
1768 1768 266.144797321
1769 1769 473.186515494
1770 1770 197.584467527
1771 1771 0.000363115053945
1772 1772 0.00780633029671
1773 1773 0.00324159924418
1774 1774 0.00951618604257
1775 1775 495.088860638
1776 1776 100.196888204
1777 1777 506.040038596
1778 1778 0.00550351240851
1779 1779 176.198685043
1780 1780 496.600058572
1781 1781 130.548540283
1782 1782 536.255883602
1783 1783 261.671431071
1784 1784 500.93363499
1785 1785 193.479297823
1786 1786 0.00981992049339
1787 1787 10.4074834725
1788 1788 82.6244894601
1789 1789 0.00244233247779
1790 1790 412.794574397
1791 1791 247.929921874
1792 1792 87.7822464645
1793 1793 78.3117539475
1794 1794 0.00981116755108
1795 1795 434.963674896
1796 1796 469.364558004
1797 1797 0.00886515982066
1798 1798 271.219581496
1799 1799 0.00585272424494
1800 1800 0.00227459380791
1801 1801 599.688603167
1802 1802 414.463916445
1803 1803 599.848523448
1804 1804 0.00112471516424
1805 1805 203.572305875
1806 1806 374.938328515
1807 1807 610.53161977
1808 1808 295.370093971
1809 1809 0.00872009759446
1810 1810 558.755010988
1811 1811 0.00827659975235
1812 1812 535.501526211
1813 1813 425.769861638
1814 1814 487.377280117
1815 1815 432.296395792
1816 1816 465.348975927
1817 1817 78.188457434
1818 1818 291.637369552
1819 1819 0.00130605365239
1820 1820 231.788200703
1821 1821 89.0762778874
1822 1822 162.797544227
1823 1823 218.259195682
1824 1824 592.699421323
1825 1825 194.115306329
1826 1826 164.303074907
1827 1827 580.059664302
1828 1828 127.345137709
1829 1829 0.00132771161486
1830 1830 540.274333611
1831 1831 173.338751562
1832 1832 372.327177931
1833 1833 65.0223678573
1834 1834 272.469938576
1835 1835 603.402370163
1836 1836 262.500118208
1837 1837 368.021620847
1838 1838 0.00245128026634
1839 1839 181.753622648
1840 1840 572.394740361
1841 1841 0.00677389272068
1842 1842 0.00385856657179
1843 1843 425.856235703
1844 1844 0.00503215182292
1845 1845 0.00506898756238
1846 1846 140.397869061
1847 1847 564.712555223
1848 1848 44.1015280885
1849 1849 0.00915356233774
1850 1850 126.254815738
1851 1851 461.393237181
1852 1852 21.7782892674
1853 1853 133.078289581
1854 1854 0.00549138645676
1855 1855 488.244630473
1856 1856 359.527548097
1857 1857 187.03660825
1858 1858 0.00563335062965
1859 1859 85.0032243507
1860 1860 388.100400102
1861 1861 281.469851911
1862 1862 517.431186155
1863 1863 0.00401666779655
1864 1864 0.00591693994993
1865 1865 466.530126902
1866 1866 0.000296883391959
1867 1867 537.081062412
1868 1868 0.0010207418335
1869 1869 0.00206060793347
1870 1870 182.269628492
1871 1871 219.412739598
1872 1872 210.369015978
1873 1873 490.875248671
1874 1874 584.095818751
1875 1875 63.1609971266
1876 1876 574.967002393
1877 1877 576.647805525
1878 1878 0.00925460304806
1879 1879 0.00632400864766
1880 1880 99.8730370502
1881 1881 354.149643108
1882 1882 0.00841455856975
1883 1883 279.987033754
1884 1884 594.866451863
1885 1885 201.897068346
1886 1886 156.894559292
1887 1887 606.308453297
1888 1888 0.000662246290461
1889 1889 596.169953949
1890 1890 137.877016228
1891 1891 0.00344277585437
1892 1892 319.177538656
1893 1893 0.007733663872
1894 1894 141.541002515
1895 1895 100.364583721
1896 1896 362.154702961
1897 1897 0.00244968007711
1898 1898 304.242837993
1899 1899 0.00106614662952
1900 1900 0.00923722713605
1901 1901 57.1677426292
1902 1902 523.521285189
1903 1903 166.618116615
1904 1904 313.041869588
1905 1905 470.658578647
1906 1906 433.10470377
1907 1907 6.81817181682
1908 1908 564.180922255
1909 1909 332.150334709
1910 1910 111.333126813
1911 1911 0.0051557095433
1912 1912 0.00111436745227
1913 1913 239.349441563
1914 1914 0.0053734040645
1915 1915 386.825080289
1916 1916 19.5661836798
1917 1917 0.00195744449266
1918 1918 559.168034698
1919 1919 0.00523423102505
1920 1920 544.346017128
1921 1921 487.792950537
1922 1922 484.942932913
1923 1923 155.583754601
1924 1924 89.8216822723
1925 1925 423.40482118
1926 1926 0.00225140546051
1927 1927 0.000482374661415
1928 1928 592.895131353
1929 1929 0.0092832820189
1930 1930 60.6230954825
1931 1931 0.00723884034865
1932 1932 564.383365012
1933 1933 291.228752141
1934 1934 0.00911835169705
1935 1935 42.7286656459
1936 1936 0.00673146664816
1937 1937 243.824629427
1938 1938 436.044339997
1939 1939 474.427454743
1940 1940 577.135287892
1941 1941 25.5929624516
1942 1942 0.00999035977796
1943 1943 499.789645934
1944 1944 624.160170296
1945 1945 0.00621316690119
1946 1946 0.00597867355281
1947 1947 316.879140202
1948 1948 0.000661847431855
1949 1949 389.53152243
1950 1950 368.416102495
1951 1951 584.910648269
1952 1952 29.6981381372
1953 1953 430.187956916
1954 1954 0.00974639741367
1955 1955 306.586577108
1956 1956 350.075497203
1957 1957 393.352056419
1958 1958 47.0311891845
1959 1959 5.12035456504
1960 1960 0.00883322629121
1961 1961 0.000772277159744
1962 1962 0.00577326965107
1963 1963 0.0093649449191
1964 1964 44.778829135
1965 1965 202.505951794
1966 1966 525.1125911
1967 1967 0.00544005251953
1968 1968 0.00624403463194
1969 1969 432.551701386
1970 1970 178.371243951
1971 1971 351.274207798
1972 1972 68.9414649121
1973 1973 407.901601
1974 1974 587.909694722
1975 1975 26.3555654144
1976 1976 492.672437023
1977 1977 59.5380805042
1978 1978 503.670828391
1979 1979 302.162678522
1980 1980 180.793955969
1981 1981 478.234426691
1982 1982 115.759773772
1983 1983 395.936884942
1984 1984 449.081766993
1985 1985 486.303260698
1986 1986 212.349659333
1987 1987 241.907534811
1988 1988 55.8291720262
1989 1989 468.001168973
1990 1990 517.777734844
1991 1991 47.8624564289
1992 1992 0.00130254151124
1993 1993 0.000155565115435
1994 1994 2.0663173837
1995 1995 54.4426445676
1996 1996 158.813513568
1997 1997 139.869126962
1998 1998 544.52569139
1999 1999 215.410071018
2000 2000 0.00325857728427
