1 1 0.00899051029147
2 2 472.797590438
3 3 452.862279603
4 4 580.790356798
5 5 15.9799075691
6 6 168.474228291
7 7 446.494646594
8 8 360.977002379
9 9 0.00811047366485
10 10 582.533803258
11 11 589.73356998
12 12 307.622850417
13 13 571.598865736
14 14 89.4674825664
15 15 462.835608784
16 16 0.0099309600382
17 17 0.00868606033002
18 18 254.890700098
19 19 464.934127912
20 20 567.237621028
21 21 126.296700107
22 22 21.9528319975
23 23 77.5927919666
24 24 0.000161321345984
25 25 416.340828799
26 26 18.1102949745
27 27 580.703912109
28 28 299.359312563
29 29 344.314800132
30 30 575.87997415
31 31 592.33452227
32 32 538.455441722
33 33 118.930795595
34 34 62.1124148802
35 35 436.416600971
36 36 312.80809646
37 37 493.120684818
38 38 479.524288991
39 39 376.895337103
40 40 122.46669853
41 41 191.795751654
42 42 0.00591280556279
43 43 111.854863403
44 44 42.0116847805
45 45 488.640921336
46 46 302.927535161
47 47 454.000538944
48 48 599.887323003
49 49 397.344550207
50 50 47.3084548606
51 51 453.72884284
52 52 56.4390240233
53 53 0.00459973702077
54 54 38.4141487631
55 55 0.00291264914864
56 56 0.00747787788973
57 57 610.419869493
58 58 33.369953434
59 59 0.0049136664453
60 60 407.489165974
61 61 338.185565788
62 62 611.102345998
63 63 483.357235797
64 64 625.828817083
65 65 0.00594764746988
66 66 498.063663977
67 67 541.175950038
68 68 526.550917961
69 69 27.1236328302
70 70 223.435106201
71 71 102.436669203
72 72 447.088690674
73 73 217.591318709
74 74 226.449821834
75 75 625.11908928
76 76 19.4116082463
77 77 346.329590424
78 78 611.682289419
79 79 0.00606225989623
80 80 526.542950522
81 81 118.336057774
82 82 144.836189563
83 83 153.089457963
84 84 144.465136344
85 85 425.652772019
86 86 38.5313976722
87 87 0.00398406955583
88 88 365.031356939
89 89 555.048437844
90 90 346.288425291
91 91 349.879506121
92 92 0.00993847710401
93 93 283.175849727
94 94 388.136488914
95 95 0.00962617830311
96 96 9.24309312487
97 97 114.730709251
98 98 132.345829082
99 99 45.2582194786
100 100 618.966322356
101 101 308.067393338
102 102 174.785635712
103 103 490.587616225
104 104 473.204797077
105 105 0.00916728440342
106 106 180.652367084
107 107 49.9929690718
108 108 120.614184957
109 109 175.374767001
110 110 428.112100774
111 111 511.291611035
112 112 0.00177749383719
113 113 425.016403227
114 114 159.934895496
115 115 31.8760746723
116 116 0.0050152278608
117 117 0.00940161272431
118 118 95.6965693582
119 119 324.348483326
120 120 312.943008786
121 121 0.00755914485117
122 122 0.00466404055283
123 123 324.741763252
124 124 12.9960872255
125 125 0.00385704555255
126 126 157.807236809
127 127 407.641025008
128 128 0.00419249253413
129 129 38.674687946
130 130 130.540238563
131 131 271.852975232
132 132 533.865366989
133 133 0.00739943646239
134 134 0.00936278355789
135 135 0.00755191181558
136 136 15.9572687412
137 137 0.00123511634692
138 138 0.00853979555576
139 139 0.00103129067006
140 140 158.935083927
141 141 99.9348001674
142 142 608.225295239
143 143 300.73404606
144 144 79.993494919
145 145 274.137669399
146 146 0.00340115203615
147 147 0.00383786271438
148 148 582.860346441
149 149 0.00998103694112
150 150 0.001149617044
151 151 364.158864314
152 152 67.832589032
153 153 297.905355612
154 154 53.3434187136
155 155 407.363895688
156 156 151.649379248
157 157 84.3352647739
158 158 275.046720889
159 159 0.00385792554957
160 160 0.00876470583907
161 161 0.00541184756122
162 162 411.038630928
163 163 546.005354403
164 164 379.828991471
165 165 174.276153126
166 166 32.8200295329
167 167 44.6466631076
168 168 242.530567606
169 169 272.29418398
170 170 1.50321563762
171 171 577.247973288
172 172 78.2897427291
173 173 427.068231699
174 174 497.631224337
175 175 590.952915898
176 176 0.00395222036964
177 177 457.761898757
178 178 79.6482182259
179 179 0.00537869691782
180 180 0.00975935933769
181 181 0.00295469826558
182 182 0.00638693325061
183 183 120.676105111
184 184 0.00790293509688
185 185 136.564511663
186 186 0.00626333306842
187 187 351.347041584
188 188 623.503087019
189 189 588.233947872
190 190 128.678443509
191 191 172.443063491
192 192 65.5686879128
193 193 422.47061057
194 194 0.0062874565832
195 195 112.244672177
196 196 620.481221164
197 197 0.00405111368054
198 198 0.00517512402551
199 199 35.7631441601
200 200 176.907050717
201 201 59.270455498
202 202 465.620356113
203 203 174.221894821
204 204 366.942164693
205 205 189.262974144
206 206 387.347840324
207 207 554.642766923
208 208 145.580034853
209 209 429.989861348
210 210 368.03352826
211 211 85.706118348
212 212 0.00108292863738
213 213 464.511142249
214 214 345.498057406
215 215 0.00249261939755
216 216 574.058557712
217 217 334.806889753
218 218 0.00370642510338
219 219 545.567379324
220 220 205.364837583
221 221 219.430576618
222 222 384.957523802
223 223 439.530769577
224 224 308.785961853
225 225 389.334148708
226 226 14.8392034031
227 227 515.585008912
228 228 554.697768281
229 229 0.00615851634557
230 230 340.298571874
231 231 0.00654350931172
232 232 0.00624159112171
233 233 555.05470846
234 234 181.042646206
235 235 170.918136215
236 236 68.0754634208
237 237 487.174101912
238 238 0.00903695234461
239 239 262.210062611
240 240 0.00208710090173
241 241 182.351276072
242 242 446.583643468
243 243 463.001331202
244 244 51.7138952392
245 245 270.505395173
246 246 574.257609192
247 247 152.859196511
248 248 468.481325221
249 249 477.999153844
250 250 0.00235787593663
251 251 0.00364753243445
252 252 570.219597357
253 253 209.626929841
254 254 284.312679294
255 255 0.00660953953301
256 256 147.495826766
257 257 239.23203675
258 258 388.822672191
259 259 0.00908815460654
260 260 551.726164467
261 261 0.00927319177385
262 262 519.881408192
263 263 284.300253059
264 264 0.00677600410608
265 265 162.120564986
266 266 0.00418844382351
267 267 320.086957885
268 268 0.00189904786746
269 269 515.65923452
270 270 343.371213715
271 271 0.00833026120538
272 272 260.731232971
273 273 113.22295651
274 274 0.0046262396183
275 275 0.00517504845129
276 276 56.1123908641
277 277 210.433298513
278 278 593.47334919
279 279 91.270426052
280 280 234.684754546
281 281 0.00988222250883
282 282 607.874984215
283 283 247.580156877
284 284 220.006297926
285 285 94.7117429774
286 286 0.00354211160226
287 287 0.00180203543312
288 288 385.226998983
289 289 476.870536271
290 290 202.529918661
291 291 0.00111311038954
292 292 130.223591861
293 293 613.581687556
294 294 0.0050045803185
295 295 0.00471383497168
296 296 0.00942383114945
297 297 615.768681414
298 298 79.2045871369
299 299 295.12182915
300 300 185.795913593
301 301 0.00446389277858
302 302 174.013260278
303 303 40.4179135054
304 304 195.456755032
305 305 128.843859842
306 306 42.5565016722
307 307 0.00491809164252
308 308 550.03356013
309 309 32.1277962666
310 310 0.00765261419429
311 311 38.6942591768
312 312 182.738298978
313 313 0.00220585124983
314 314 220.786303493
315 315 512.503962469
316 316 0.0081937090842
317 317 0.00667060592534
318 318 183.698019499
319 319 222.435689801
320 320 293.435216153
321 321 447.759028223
322 322 140.554872653
323 323 450.585906097
324 324 120.904076529
325 325 373.311799876
326 326 481.038928365
327 327 524.264394646
328 328 0.00887286428375
329 329 0.00291704719577
330 330 332.145681403
331 331 565.323431269
332 332 0.00257254718975
333 333 202.277204611
334 334 518.463753197
335 335 247.901330099
336 336 370.070534799
337 337 542.169218882
338 338 510.923319279
339 339 0.00218123110808
340 340 328.331572735
341 341 140.919479043
342 342 600.666880081
343 343 0.00704724420866
344 344 468.331970001
345 345 274.606040709
346 346 111.017543907
347 347 282.5790315
348 348 62.0711296965
349 349 547.200368024
350 350 200.20524226
351 351 478.440611678
352 352 191.455191886
353 353 0.00322041098177
354 354 330.935285085
355 355 0.00233745504184
356 356 584.781637419
357 357 97.9936426048
358 358 371.628699825
359 359 248.015928946
360 360 293.059270343
361 361 281.63648351
362 362 47.0347475247
363 363 14.4924269636
364 364 385.56000566
365 365 82.982264407
366 366 420.653570364
367 367 456.601317319
368 368 176.575250336
369 369 137.977150019
370 370 190.847726226
371 371 0.00364433584941
372 372 47.2669831967
373 373 70.1070066512
374 374 0.0054566893374
375 375 366.52569824
376 376 223.063152726
377 377 311.902027482
378 378 173.282092906
379 379 539.888481623
380 380 544.959180263
381 381 114.351385374
382 382 284.499834434
383 383 493.604588293
384 384 147.463709546
385 385 192.389602071
386 386 69.686363441
387 387 52.1479043284
388 388 410.243203445
389 389 506.729498649
390 390 588.690211044
391 391 0.00283079868509
392 392 122.289587561
393 393 243.924068891
394 394 0.00998566757743
395 395 529.368993274
396 396 17.4525700661
397 397 541.789719602
398 398 315.485568189
399 399 362.92617866
400 400 412.761860431
401 401 182.653023116
402 402 64.172055545
403 403 0.00629498836242
404 404 544.00689403
405 405 554.825261569
406 406 0.00685740328614
407 407 46.0135647567
408 408 487.583266022
409 409 575.274622234
410 410 393.318226538
411 411 111.703466959
412 412 13.2736288883
413 413 436.434684851
414 414 240.120563075
415 415 601.745123953
416 416 95.2900881156
417 417 0.00416556209971
418 418 0.00591446106065
419 419 0.00515942332874
420 420 240.487713496
421 421 373.293307806
422 422 461.720029786
423 423 421.334021537
424 424 287.944630222
425 425 324.518270646
426 426 3.82772641765
427 427 168.370889038
428 428 430.655052085
429 429 0.00346634602797
430 430 538.718555246
431 431 600.239843156
432 432 49.3689190735
433 433 0.00231099008663
434 434 294.864566394
435 435 0.00158324108151
436 436 270.58102556
437 437 540.074006935
438 438 503.430930651
439 439 351.669065201
440 440 0.00495871139436
441 441 472.345271114
442 442 274.683784687
443 443 0.00487283498785
444 444 364.845189292
445 445 138.069101978
446 446 0.00447681760933
447 447 49.143391468
448 448 70.8924314171
449 449 36.3578962515
450 450 152.958763346
451 451 0.00562762340575
452 452 11.4793369346
453 453 0.00933431235217
454 454 0.00447031951868
455 455 0.00619523209452
456 456 0.00398247749287
457 457 0.00841023184904
458 458 0.00105412433773
459 459 44.9525625027
460 460 0.00754027657992
461 461 0.00789411588421
462 462 294.733311155
463 463 569.015677276
464 464 591.579213106
465 465 0.0090809821759
466 466 500.548002567
467 467 85.4112664101
468 468 173.671133929
469 469 49.8762273373
470 470 0.00314026473865
471 471 583.911606644
472 472 132.586461159
473 473 399.517794997
474 474 399.002462619
475 475 134.264582186
476 476 97.9230906595
477 477 0.00731658711851
478 478 488.477346797
479 479 336.819709086
480 480 211.437191748
481 481 0.00456532229287
482 482 402.126372565
483 483 6.87512027592
484 484 239.137967126
485 485 0.00971173048988
486 486 182.596599214
487 487 0.00685901243749
488 488 364.068903717
489 489 389.170054306
490 490 342.166650785
491 491 0.00930305901119
492 492 244.054563123
493 493 549.883864382
494 494 498.917116097
495 495 112.443813786
496 496 300.412833262
497 497 269.114232968
498 498 505.672844509
499 499 25.4351513193
500 500 0.00919268098455
501 501 0.00598693996547
502 502 11.2177604917
503 503 204.865065997
504 504 0.00577788821773
505 505 15.4058190372
506 506 551.387209297
507 507 0.00503868716754
508 508 0.00306711002261
509 509 498.484181849
510 510 0.00841830854292
511 511 303.1595765
512 512 0.00740132768818
513 513 0.00698305425501
514 514 0.00958745440226
515 515 22.2895312654
516 516 139.613584151
517 517 580.768904389
518 518 0.0083921414803
519 519 162.233712703
520 520 608.800516556
521 521 490.423510059
522 522 0.00459054105162
523 523 237.632793922
524 524 211.624704176
525 525 0.00165073892789
526 526 563.118512244
527 527 103.90779177
528 528 0.00886251703065
529 529 0.00132180699512
530 530 0.0055962013627
531 531 456.722681218
532 532 184.627596414
533 533 196.046586752
534 534 78.6787240881
535 535 375.923690105
536 536 555.656113371
537 537 545.326253107
538 538 489.905901809
539 539 0.00713717456524
540 540 372.518809052
541 541 396.159302969
542 542 620.999212381
543 543 108.026144744
544 544 447.842454206
545 545 122.138526226
546 546 0.00556299694664
547 547 82.3569069867
548 548 144.08170888
549 549 241.716662982
550 550 0.00275379658942
551 551 0.00823602737722
552 552 0.00650145079373
553 553 252.025566614
554 554 512.883799595
555 555 13.8404335348
556 556 408.967342611
557 557 362.308332495
558 558 580.583326373
559 559 82.7213632087
560 560 291.650949596
561 561 100.034803184
562 562 526.753417756
563 563 0.00274899437955
564 564 0.00733652377994
565 565 604.408695851
566 566 45.0266138559
567 567 324.639368165
568 568 406.835841101
569 569 604.813597681
570 570 140.659714219
571 571 0.00651297236524
572 572 461.69887776
573 573 559.169849098
574 574 586.106752258
575 575 157.981134472
576 576 28.8039372165
577 577 0.00175233629753
578 578 260.820754293
579 579 610.180010408
580 580 0.0019091749025
581 581 345.571765267
582 582 3.01877202251e-05
583 583 179.644455407
584 584 0.00348919036728
585 585 453.236987112
586 586 237.311756502
587 587 30.5822191357
588 588 0.00738232495754
589 589 135.966644933
590 590 0.00472763345679
591 591 616.294120894
592 592 0.00776670047794
593 593 460.843267977
594 594 467.478684692
595 595 0.00352077170939
596 596 401.533892716
597 597 602.17057859
598 598 491.3315806
599 599 0.00372796795208
600 600 346.816800123
601 601 403.707407603
602 602 604.47314053
603 603 274.721427545
604 604 0.00191796912444
605 605 394.786588733
606 606 436.391124077
607 607 584.428436697
608 608 0.00750618788686
609 609 484.317855548
610 610 47.2825443899
611 611 584.842332897
612 612 0.000260904695132
613 613 505.4227939
614 614 222.23318999
615 615 568.252427834
616 616 199.850931842
617 617 487.051719193
618 618 129.724975661
619 619 0.00242505522296
620 620 0.00122562432473
621 621 600.49359818
622 622 516.188990057
623 623 92.2846204276
624 624 463.941544678
625 625 112.767303704
626 626 496.179813044
627 627 623.927891819
628 628 38.0777144171
629 629 522.143418841
630 630 96.0908736913
631 631 0.00698265741525
632 632 0.00932085801255
633 633 106.213507048
634 634 0.00805026980452
635 635 119.701638968
636 636 228.978033301
637 637 202.509091333
638 638 499.15627728
639 639 603.153108373
640 640 576.78417497
641 641 0.000952110649758
642 642 295.774666288
643 643 183.312695378
644 644 11.7883649727
645 645 289.305474434
646 646 0.00144585039755
647 647 0.00246373100744
648 648 0.00497723965168
649 649 466.602547465
650 650 407.350723443
651 651 396.779267127
652 652 0.00635418182824
653 653 176.056606722
654 654 623.185684436
655 655 0.00185810480572
656 656 514.242407307
657 657 0.0094052740156
658 658 459.659926544
659 659 0.000316808965824
660 660 349.12453891
661 661 285.987442396
662 662 65.9380006175
663 663 91.9310406774
664 664 0.00801231518538
665 665 360.313065657
666 666 111.79935697
667 667 199.082262048
668 668 546.630982846
669 669 554.316505287
670 670 0.00891332768836
671 671 0.00283368777014
672 672 233.877922759
673 673 243.177207029
674 674 0.00601429703884
675 675 0.00618084817877
676 676 613.599980156
677 677 0.00449721458612
678 678 98.4176088387
679 679 0.00571082273253
680 680 0.00925185127098
681 681 601.664279014
682 682 573.681559875
683 683 182.799527001
684 684 93.0774946133
685 685 108.515597511
686 686 267.43263966
687 687 490.201035061
688 688 504.670949418
689 689 68.6582804715
690 690 0.00433328747695
691 691 386.243641948
692 692 274.604496865
693 693 0.000604397131394
694 694 0.00414299365882
695 695 232.448169645
696 696 344.461831367
697 697 478.777225039
698 698 537.051669573
699 699 0.00586086710199
700 700 155.913060695
701 701 449.144144965
702 702 0.0031351619814
703 703 79.7051142806
704 704 506.586704532
705 705 0.00926443940764
706 706 271.727397427
707 707 240.57596019
708 708 231.694059334
709 709 474.669895941
710 710 556.97102931
711 711 0.007644648749
712 712 349.098804754
713 713 135.479796371
714 714 229.807612814
715 715 283.094383714
716 716 203.218261377
717 717 0.00345729222622
718 718 214.122188878
719 719 543.690803062
720 720 98.1081186321
721 721 422.254691692
722 722 569.538712448
723 723 0.00180910256094
724 724 355.59367508
725 725 0.00195684566194
726 726 393.456370517
727 727 27.4994820264
728 728 479.573247157
729 729 0.00165500415821
730 730 407.858849931
731 731 606.467217616
732 732 0.00719582848589
733 733 437.676856844
734 734 369.730419666
735 735 295.684526402
736 736 0.00241296009348
737 737 0.00220441899706
738 738 262.591727172
739 739 0.00393493758414
740 740 288.184732908
741 741 544.124179078
742 742 587.444580048
743 743 28.5575162693
744 744 0.00718591508328
745 745 135.837597206
746 746 363.100448453
747 747 55.9582505764
748 748 549.021575635
749 749 132.054694859
750 750 422.796912726
751 751 0.0752401994324
752 752 424.035013471
753 753 262.645332424
754 754 4.44333327197e-05
755 755 0.000751099355283
756 756 283.766173455
757 757 306.325371428
758 758 615.262354805
759 759 0.00937864834716
760 760 477.631945146
761 761 193.187521714
762 762 164.646900314
763 763 0.00759059380432
764 764 71.6459308541
765 765 321.617022997
766 766 14.9609131358
767 767 0.000822470520181
768 768 571.337293647
769 769 523.716214257
770 770 473.984711994
771 771 411.508242315
772 772 0.0080534348388
773 773 0.00905954510218
774 774 502.363077263
775 775 126.850938781
776 776 97.4019527921
777 777 379.811131538
778 778 0.0059704303502
779 779 422.650000814
780 780 177.985483578
781 781 0.00403528540902
782 782 554.34035781
783 783 157.046035344
784 784 473.762787665
785 785 0.0010257971882
786 786 257.40785849
787 787 189.754796077
788 788 0.00834019407765
789 789 117.666097478
790 790 363.912401392
791 791 436.525127324
792 792 0.00428726161455
793 793 0.00891725314755
794 794 455.035886847
795 795 131.934028689
796 796 327.314186548
797 797 367.136614501
798 798 100.90023302
799 799 463.816309967
800 800 0.000398453792059
801 801 0.00957423349833
802 802 0.00879862215561
803 803 0.00503865322851
804 804 160.109753635
805 805 566.61252473
806 806 0.00947761219425
807 807 423.370279916
808 808 490.7538649
809 809 508.006159888
810 810 116.515330047
811 811 133.878655429
812 812 460.300889862
813 813 394.020065063
814 814 589.68951852
815 815 170.524954993
816 816 535.006381562
817 817 0.00706115456045
818 818 0.000511550520491
819 819 0.00166296134952
820 820 534.723127284
821 821 348.574148261
822 822 0.0095521089621
823 823 20.5811845733
824 824 570.535384897
825 825 0.00119713901847
826 826 440.152899128
827 827 0.00581631278032
828 828 0.00169314115599
829 829 189.843572442
830 830 455.141343222
831 831 170.17436394
832 832 0.0039651965298
833 833 561.538587231
834 834 284.971229642
835 835 150.801712784
836 836 488.429589668
837 837 501.9872033
838 838 183.085445274
839 839 589.56721776
840 840 485.220625147
841 841 520.308088322
842 842 165.785747912
843 843 0.00557450168489
844 844 204.821174828
845 845 339.776789433
846 846 0.0011610897381
847 847 0.00828513099011
848 848 233.419026486
849 849 608.671637096
850 850 384.148202732
851 851 0.00522127498265
852 852 0.00818497244075
853 853 270.30797042
854 854 456.807128657
855 855 0.00884870982383
856 856 232.536835397
857 857 574.994384927
858 858 166.214015461
859 859 518.110024674
860 860 77.1432122015
861 861 611.451940965
862 862 214.093499514
863 863 551.446379482
864 864 199.453995161
865 865 0.00865978030434
866 866 0.00269114405658
867 867 0.00771480752763
868 868 0.00969854972849
869 869 279.148705465
870 870 370.378013543
871 871 304.214008564
872 872 198.515164274
873 873 389.565225752
874 874 14.9407235069
875 875 285.111433223
876 876 325.899703971
877 877 359.320092475
878 878 0.00717767198615
879 879 421.161555245
880 880 476.254204792
881 881 608.557534008
882 882 275.204801411
883 883 46.527329142
884 884 307.564427286
885 885 177.161767429
886 886 473.096058672
887 887 0.00681233693639
888 888 436.914504619
889 889 0.00405858993732
890 890 124.127091424
891 891 322.004879435
892 892 292.462062314
893 893 70.3807638042
894 894 538.66532926
895 895 552.116746935
896 896 199.364941455
897 897 226.852868337
898 898 183.442727843
899 899 540.708525583
900 900 0.00763612293897
901 901 608.597405321
902 902 389.217624183
903 903 548.679821201
904 904 591.890733714
905 905 0.00549014930898
906 906 11.1125167495
907 907 162.498836645
908 908 163.476332815
909 909 0.00832167477562
910 910 214.601461531
911 911 223.713451989
912 912 0.00372394559575
913 913 277.81125215
914 914 137.193910371
915 915 182.09718733
916 916 41.5076636839
917 917 499.320136965
918 918 382.601795325
919 919 242.064002689
920 920 334.944152496
921 921 431.268552211
922 922 150.170596132
923 923 616.35141246
924 924 0.00339615539165
925 925 430.313535897
926 926 0.00775524634296
927 927 289.628513023
928 928 129.516074197
929 929 242.682218115
930 930 45.4918222593
931 931 0.00303295182169
932 932 543.79325565
933 933 0.000333702551579
934 934 476.787300362
935 935 0.008977341201
936 936 192.484585657
937 937 374.295203024
938 938 428.180966596
939 939 0.000535956296216
940 940 407.662659963
941 941 362.437195498
942 942 249.764235955
943 943 621.378946254
944 944 0.00012322038806
945 945 0.00476911938739
946 946 0.00373793659153
947 947 0.000507482113337
948 948 300.248495299
949 949 391.583659878
950 950 274.100900554
951 951 0.00536004738929
952 952 323.007088245
953 953 268.399492127
954 954 221.450006568
955 955 585.030825172
956 956 441.02989818
957 957 349.403318012
958 958 482.043487407
959 959 230.470838778
960 960 0.00129608675303
961 961 268.836608602
962 962 0.00986017590296
963 963 228.299427918
964 964 536.808869129
965 965 174.566461626
966 966 0.00989688630984
967 967 113.076256522
968 968 236.105275793
969 969 182.480945923
970 970 217.636515387
971 971 332.88664031
972 972 497.529388343
973 973 0.00269357993215
974 974 47.5861476601
975 975 0.0015655970226
976 976 173.061184455
977 977 2.35572737714
978 978 0.000403043268027
979 979 518.182227551
980 980 93.3680280444
981 981 455.686355549
982 982 265.46768604
983 983 162.244938213
984 984 488.172201026
985 985 0.00377136276502
986 986 0.00109847320936
987 987 289.234346069
988 988 252.075370612
989 989 255.653557095
990 990 0.00272948433165
991 991 223.94151313
992 992 0.0020381053381
993 993 506.613687053
994 994 566.999215238
995 995 0.00623934948183
996 996 42.9319698284
997 997 2.87364245741e-05
998 998 0.00969252614547
999 999 292.532785315
1000 1000 236.16554583
1001 1001 233.437754163
1002 1002 391.133493979
1003 1003 44.1116137536
1004 1004 63.9458560149
1005 1005 0.00995346789157
1006 1006 555.324132893
1007 1007 0.899456590059
1008 1008 61.4604239523
1009 1009 603.649720859
1010 1010 9.20443935641
1011 1011 435.944542032
1012 1012 56.9562894718
1013 1013 455.892998865
1014 1014 435.482472646
1015 1015 11.5555766123
1016 1016 0.0030570443835
1017 1017 141.736072521
1018 1018 0.00636237442754
1019 1019 102.177201307
1020 1020 201.719202571
1021 1021 418.062699691
1022 1022 366.138372905
1023 1023 481.027226127
1024 1024 248.030748528
1025 1025 458.646363873
1026 1026 454.291114527
1027 1027 360.203955997
1028 1028 0.00257963624912
1029 1029 0.00774672797225
1030 1030 377.15675163
1031 1031 0.00026602900856
1032 1032 126.380599803
1033 1033 238.510029053
1034 1034 590.917583961
1035 1035 0.00168294298686
1036 1036 98.1544056251
1037 1037 482.169058592
1038 1038 486.843125776
1039 1039 34.4845102437
1040 1040 231.201297499
1041 1041 496.714523643
1042 1042 0.00523772048876
1043 1043 0.00418049982046
1044 1044 0.00826120891173
1045 1045 0.00128416874396
1046 1046 0.00653584445812
1047 1047 14.9130544278
1048 1048 200.63934548
1049 1049 304.678764187
1050 1050 100.014870189
1051 1051 324.565332449
1052 1052 164.069025853
1053 1053 565.513196219
1054 1054 429.751846519
1055 1055 495.095005224
1056 1056 419.046840125
1057 1057 178.858050133
1058 1058 393.483810244
1059 1059 46.4455123694
1060 1060 137.771158746
1061 1061 298.986253214
1062 1062 233.748880622
1063 1063 173.12059911
1064 1064 162.879758461
1065 1065 378.758922366
1066 1066 108.919050876
1067 1067 225.120419355
1068 1068 568.709644824
1069 1069 0.000450063796631
1070 1070 555.121748406
1071 1071 323.292653635
1072 1072 281.488402001
1073 1073 314.240527868
1074 1074 410.682779613
1075 1075 581.139600489
1076 1076 179.018001024
1077 1077 433.04503398
1078 1078 591.532762452
1079 1079 122.779823836
1080 1080 147.336501963
1081 1081 0.00993809202458
1082 1082 474.822279239
1083 1083 0.00762148582958
1084 1084 188.99669827
1085 1085 6.58804532636
1086 1086 40.9913818873
1087 1087 550.710422425
1088 1088 0.00733437119256
1089 1089 601.95889794
1090 1090 292.278392358
1091 1091 135.317182616
1092 1092 81.2847671665
1093 1093 439.658592596
1094 1094 536.098818646
1095 1095 0.00952756495213
1096 1096 0.00537593458903
1097 1097 281.446623946
1098 1098 164.063665983
1099 1099 346.132761091
1100 1100 238.911203883
1101 1101 278.446035613
1102 1102 324.425891656
1103 1103 0.00341975173118
1104 1104 72.8813500985
1105 1105 205.558173545
1106 1106 553.18975221
1107 1107 402.865881232
1108 1108 237.624850752
1109 1109 599.00877176
1110 1110 445.249626791
1111 1111 125.64557152
1112 1112 354.436179712
1113 1113 18.1531406455
1114 1114 531.60563295
1115 1115 0.00762833883117
1116 1116 0.00698184223545
1117 1117 315.526208414
1118 1118 0.00888006038853
1119 1119 0.00651743999381
1120 1120 573.74541173
1121 1121 561.493069448
1122 1122 574.104862537
1123 1123 386.330502732
1124 1124 87.2077667592
1125 1125 134.772886347
1126 1126 404.465758544
1127 1127 497.396928182
1128 1128 543.781293489
1129 1129 106.791704643
1130 1130 166.661736368
1131 1131 192.9090967
1132 1132 50.7996221337
1133 1133 49.0512393379
1134 1134 100.206123033
1135 1135 341.454981572
1136 1136 555.73436477
1137 1137 215.947722451
1138 1138 161.047391755
1139 1139 399.553671478
1140 1140 432.869099155
1141 1141 117.311530528
1142 1142 21.4536991106
1143 1143 0.00336033621665
1144 1144 0.00888813828001
1145 1145 0.0028789915274
1146 1146 534.364993351
1147 1147 0.0017827983243
1148 1148 0.00869494683939
1149 1149 0.00808417585595
1150 1150 0.00843037970227
1151 1151 183.528644183
1152 1152 0.000703924636756
1153 1153 153.571406147
1154 1154 546.909623948
1155 1155 36.8980845303
1156 1156 51.7973602532
1157 1157 0.00222958799745
1158 1158 0.00388430557282
1159 1159 26.4256168526
1160 1160 175.704864493
1161 1161 305.157304618
1162 1162 50.2691490245
1163 1163 69.3418140577
1164 1164 0.00454413239322
1165 1165 167.945983682
1166 1166 203.989992051
1167 1167 76.7904182631
1168 1168 0.00134857599587
1169 1169 138.123309354
1170 1170 69.9842374996
1171 1171 505.168618793
1172 1172 254.078803307
1173 1173 415.91262001
1174 1174 0.00849194551766
1175 1175 139.770866496
1176 1176 492.843174175
1177 1177 480.526044872
1178 1178 0.00482155572598
1179 1179 0.00752537093023
1180 1180 109.637571342
1181 1181 344.048151364
1182 1182 399.956449851
1183 1183 0.00309549485223
1184 1184 0.0043968571241
1185 1185 270.263210181
1186 1186 600.40969599
1187 1187 0.00174468399843
1188 1188 0.00841389776729
1189 1189 542.849999244
1190 1190 120.183010739
1191 1191 492.147869121
1192 1192 582.536676268
1193 1193 212.457441804
1194 1194 478.637689392
1195 1195 498.614057726
1196 1196 577.830730384
1197 1197 10.4718821404
1198 1198 0.000733204650955
1199 1199 0.00714201710605
1200 1200 365.693006279
1201 1201 0.00239617632072
1202 1202 75.9453861715
1203 1203 74.194457949
1204 1204 0.00768510709943
1205 1205 179.382332242
1206 1206 422.795561525
1207 1207 618.838588707
1208 1208 276.602126067
1209 1209 496.905415797
1210 1210 486.257278401
1211 1211 254.193613063
1212 1212 0.00130020023279
1213 1213 357.985111649
1214 1214 25.3726575401
1215 1215 132.280191644
1216 1216 76.5053133759
1217 1217 0.00409908524611
1218 1218 523.531107535
1219 1219 313.51645562
1220 1220 3.51359576901
1221 1221 0.00748209799977
1222 1222 376.126615229
1223 1223 156.135722639
1224 1224 5.94257914161
1225 1225 0.0025800146636
1226 1226 330.673757629
1227 1227 321.84580542
1228 1228 0.00752128678941
1229 1229 208.666096207
1230 1230 372.13534261
1231 1231 0.00183203800939
1232 1232 563.814708532
1233 1233 326.895602265
1234 1234 0.0077584196015
1235 1235 102.562286681
1236 1236 161.957668202
1237 1237 0.00149226795269
1238 1238 451.284821225
1239 1239 0.00345827494076
1240 1240 0.00186519463113
1241 1241 600.557892739
1242 1242 431.283295554
1243 1243 279.993195654
1244 1244 0.00190821835945
1245 1245 64.17306618
1246 1246 122.981011454
1247 1247 0.00198516662864
1248 1248 540.482182647
1249 1249 0.00135649176303
1250 1250 0.00623411609277
1251 1251 0.00152191485675
1252 1252 340.254345307
1253 1253 396.984975875
1254 1254 544.303726822
1255 1255 488.705846059
1256 1256 275.85016233
1257 1257 475.26110884
1258 1258 447.554234342
1259 1259 183.358438846
1260 1260 0.0080484253275
1261 1261 86.9138063815
1262 1262 295.9143495
1263 1263 0.006198438432
1264 1264 354.147218302
1265 1265 0.00289722159965
1266 1266 0.00240206850078
1267 1267 103.867724039
1268 1268 604.527661304
1269 1269 0.00444566636456
1270 1270 445.66205197
1271 1271 357.81196064
1272 1272 361.051601892
1273 1273 29.7586315349
1274 1274 518.507910934
1275 1275 307.879205514
1276 1276 266.513151405
1277 1277 591.39247283
1278 1278 227.333650681
1279 1279 0.00325325806356
1280 1280 56.8922725646
1281 1281 306.660628913
1282 1282 329.587979826
1283 1283 430.246220103
1284 1284 493.381789403
1285 1285 191.959939884
1286 1286 595.84967501
1287 1287 333.632367269
1288 1288 0.00793930273393
1289 1289 0.0043914124118
1290 1290 0.00742666402158
1291 1291 462.806545559
1292 1292 0.00369508787429
1293 1293 542.791375232
1294 1294 218.697473545
1295 1295 315.413283394
1296 1296 390.851384669
1297 1297 5.23146930449
1298 1298 99.7497303222
1299 1299 420.207920126
1300 1300 4.3424985887
1301 1301 38.643728315
1302 1302 544.069521097
1303 1303 391.045751166
1304 1304 416.005501894
1305 1305 132.679124335
1306 1306 0.00228164127164
1307 1307 297.249095986
1308 1308 76.9783684482
1309 1309 537.644189881
1310 1310 0.00347616512188
1311 1311 0.00683629983286
1312 1312 274.481090696
1313 1313 149.757255991
1314 1314 509.765946327
1315 1315 298.194805694
1316 1316 303.448776299
1317 1317 563.691208826
1318 1318 577.788352364
1319 1319 421.558317566
1320 1320 154.484012681
1321 1321 69.8854372183
1322 1322 0.00541190823638
1323 1323 0.00142888745064
1324 1324 172.930639193
1325 1325 143.039159954
1326 1326 277.154546823
1327 1327 377.962660704
1328 1328 0.00953151104195
1329 1329 314.781524104
1330 1330 432.925673653
1331 1331 65.6585878702
1332 1332 0.00260960945212
1333 1333 284.289582065
1334 1334 390.859310637
1335 1335 451.442757755
1336 1336 0.00826561022501
1337 1337 405.541766762
1338 1338 120.392475655
1339 1339 400.151023824
1340 1340 68.3107877011
1341 1341 27.9836857173
1342 1342 13.2007758359
1343 1343 195.997834899
1344 1344 0.00885917868404
1345 1345 0.00456572368667
1346 1346 100.13877603
1347 1347 611.576800119
1348 1348 19.6445995087
1349 1349 355.052614279
1350 1350 41.5336981873
1351 1351 520.207007292
1352 1352 0.00214451612995
1353 1353 130.239113056
1354 1354 0.006903848349
1355 1355 171.501865664
1356 1356 0.00241615234605
1357 1357 307.421748524
1358 1358 306.429880741
1359 1359 0.00649611060639
1360 1360 0.00966449008696
1361 1361 326.060566721
1362 1362 219.596351889
1363 1363 0.00472582801554
1364 1364 423.683665416
1365 1365 405.654431486
1366 1366 0.00291338467836
1367 1367 524.046984714
1368 1368 574.248019494
1369 1369 51.6470161932
1370 1370 261.155573346
1371 1371 274.876556867
1372 1372 40.138665615
1373 1373 472.804421874
1374 1374 0.00257856543228
1375 1375 58.9625262302
1376 1376 0.000347396251745
1377 1377 0.00867500033797
1378 1378 308.551413754
1379 1379 486.50640098
1380 1380 104.990454056
1381 1381 10.023899728
1382 1382 482.596614764
1383 1383 169.876439529
1384 1384 538.305744145
1385 1385 506.809045564
1386 1386 8.4942476655
1387 1387 3.62597917407
1388 1388 92.0617469332
1389 1389 257.518702864
1390 1390 563.090182491
1391 1391 26.936966725
1392 1392 579.199404432
1393 1393 322.852287505
1394 1394 585.954387996
1395 1395 35.868248626
1396 1396 0.00240625755137
1397 1397 393.849927174
1398 1398 0.00795226708603
1399 1399 0.00911871916321
1400 1400 0.00117489537155
1401 1401 285.179621028
1402 1402 0.00439381302383
1403 1403 0.00708145236425
1404 1404 609.442717605
1405 1405 289.7434363
1406 1406 461.287928905
1407 1407 299.40836675
1408 1408 0.00816609544178
1409 1409 605.104804877
1410 1410 96.8114159307
1411 1411 356.402366895
1412 1412 190.254984037
1413 1413 553.546065091
1414 1414 485.666432708
1415 1415 0.0057017595489
1416 1416 0.00708717404186
1417 1417 0.00417695145233
1418 1418 0.00798780646467
1419 1419 4.67019380105e-05
1420 1420 0.00348647243537
1421 1421 151.633430181
1422 1422 352.550141059
1423 1423 424.61431188
1424 1424 625.081060201
1425 1425 0.00605621869499
1426 1426 7.13787366308
1427 1427 83.547809247
1428 1428 0.00498692309232
1429 1429 0.0039009394383
1430 1430 285.762850888
1431 1431 397.517776089
1432 1432 251.908900608
1433 1433 22.5742073253
1434 1434 196.743902645
1435 1435 0.00501692034516
1436 1436 163.596904544
1437 1437 52.5632735461
1438 1438 73.7012128681
1439 1439 571.124088513
1440 1440 0.000558358991791
1441 1441 484.276973997
1442 1442 225.396343471
1443 1443 0.00772554688948
1444 1444 290.057172574
1445 1445 133.854347452
1446 1446 576.942254209
1447 1447 1.96642430698e-06
1448 1448 403.024157745
1449 1449 0.00897961454516
1450 1450 222.873279351
1451 1451 45.638166091
1452 1452 41.4225447989
1453 1453 26.1603594547
1454 1454 277.766077137
1455 1455 529.434708917
1456 1456 0.00555891433925
1457 1457 0.00443545892433
1458 1458 457.801930272
1459 1459 295.312130652
1460 1460 31.4120679428
1461 1461 595.006466896
1462 1462 578.037326037
1463 1463 415.710554092
1464 1464 508.929733825
1465 1465 421.269763081
1466 1466 268.81997082
1467 1467 0.00957875940926
1468 1468 414.49937918
1469 1469 171.801432591
1470 1470 351.82636414
1471 1471 509.430735924
1472 1472 418.19462976
1473 1473 237.074114828
1474 1474 0.00621511701094
1475 1475 356.037845106
1476 1476 0.00371526325833
1477 1477 136.220615478
1478 1478 366.566187224
1479 1479 0.00219591957661
1480 1480 434.425270036
1481 1481 0.00807865758541
1482 1482 417.554740576
1483 1483 188.090257982
1484 1484 6.58633924977
1485 1485 0.00446601205875
1486 1486 565.858829337
1487 1487 153.275828343
1488 1488 171.792693372
1489 1489 0.00725820036274
1490 1490 340.142675865
1491 1491 0.0043303587035
1492 1492 57.7674982553
1493 1493 291.445543411
1494 1494 362.064962898
1495 1495 334.823688867
1496 1496 31.1783063562
1497 1497 0.00553937352356
1498 1498 513.746487564
1499 1499 471.879708935
1500 1500 253.272041785
1501 1501 561.934919795
1502 1502 0.00846208575403
1503 1503 592.170831066
1504 1504 164.289585597
1505 1505 347.619128979
1506 1506 0.00511068826876
1507 1507 388.821364564
1508 1508 3.23370479808
1509 1509 497.164162561
1510 1510 12.3791548517
1511 1511 127.286538721
1512 1512 481.088515709
1513 1513 152.915839219
1514 1514 16.4468738267
1515 1515 0.00436234682221
1516 1516 0.00881214083083
1517 1517 359.593946826
1518 1518 103.276999759
1519 1519 333.994900128
1520 1520 0.00356720103352
1521 1521 360.476875408
1522 1522 246.897998808
1523 1523 225.454799351
1524 1524 67.1004250288
1525 1525 0.00606176632249
1526 1526 556.683747435
1527 1527 273.063590216
1528 1528 15.8068850203
1529 1529 150.195523512
1530 1530 0.0020921730063
1531 1531 302.274002752
1532 1532 183.302720582
1533 1533 151.859809812
1534 1534 0.0012457637791
1535 1535 0.00194359580383
1536 1536 152.520589118
1537 1537 172.452681787
1538 1538 511.258705059
1539 1539 501.197691754
1540 1540 421.82015774
1541 1541 0.0067278138774
1542 1542 274.597293123
1543 1543 0.0053256808557
1544 1544 115.501160661
1545 1545 39.7320131002
1546 1546 143.529501344
1547 1547 298.203384734
1548 1548 0.00245690689213
1549 1549 449.913648157
1550 1550 439.510471742
1551 1551 0.00706697223998
1552 1552 1.05268156063
1553 1553 283.497766903
1554 1554 0.00961399655722
1555 1555 37.1001174174
1556 1556 74.3032800416
1557 1557 395.61983956
1558 1558 204.708574757
1559 1559 31.2744942337
1560 1560 567.225630398
1561 1561 20.5355992767
1562 1562 369.890859821
1563 1563 544.987952559
1564 1564 0.00706582580534
1565 1565 327.015254239
1566 1566 148.606145216
1567 1567 0.00412010530446
1568 1568 433.251197708
1569 1569 0.0837617456291
1570 1570 0.00984852353953
1571 1571 442.445498585
1572 1572 497.012178956
1573 1573 574.209974671
1574 1574 37.1564109208
1575 1575 428.077524621
1576 1576 0.00234288267251
1577 1577 0.00679137885377
1578 1578 0.00266903304617
1579 1579 248.150122088
1580 1580 76.5960797385
1581 1581 539.7359129
1582 1582 30.8767303023
1583 1583 0.00477141270933
1584 1584 526.037293901
1585 1585 597.469011719
1586 1586 182.357786508
1587 1587 195.261545447
1588 1588 47.6172899561
1589 1589 63.4731626271
1590 1590 135.64541396
1591 1591 464.472471899
1592 1592 302.02345519
1593 1593 204.754653681
1594 1594 159.082849309
1595 1595 364.978065583
1596 1596 191.87047884
1597 1597 541.105581212
1598 1598 492.337902342
1599 1599 560.249116897
1600 1600 429.537040928
1601 1601 0.00112951223319
1602 1602 360.695288554
1603 1603 287.248956369
1604 1604 526.730854044
1605 1605 620.380983771
1606 1606 0.00941540710552
1607 1607 5.73344877841
1608 1608 0.00436312502082
1609 1609 88.3205510387
1610 1610 0.00208544196941
1611 1611 0.0039464166413
1612 1612 259.590980216
1613 1613 0.00095355223764
1614 1614 370.485406999
1615 1615 232.294143286
1616 1616 265.379366477
1617 1617 555.461230572
1618 1618 57.1477017093
1619 1619 198.042575623
1620 1620 13.6873655468
1621 1621 136.402899422
1622 1622 0.00151279566467
1623 1623 607.174991381
1624 1624 57.2665652438
1625 1625 236.48110391
1626 1626 279.485430705
1627 1627 0.00978856714035
1628 1628 131.33966111
1629 1629 0.00854816228176
1630 1630 0.00140790931244
1631 1631 370.238541455
1632 1632 0.00385140180107
1633 1633 105.52339112
1634 1634 190.795115571
1635 1635 51.5379906426
1636 1636 197.740256161
1637 1637 130.647617259
1638 1638 96.3680112805
1639 1639 490.647509339
1640 1640 0.00114158875262
1641 1641 332.781693414
1642 1642 405.56474773
1643 1643 63.3954935425
1644 1644 0.00899692057601
1645 1645 0.00633872015485
1646 1646 84.3729662583
1647 1647 202.760639917
1648 1648 31.5196767689
1649 1649 76.487361954
1650 1650 0.00882207495843
1651 1651 0.00756968335602
1652 1652 445.223636444
1653 1653 55.2634652242
1654 1654 0.003888341431
1655 1655 318.559464328
1656 1656 0.00106940969108
1657 1657 0.00588695805811
1658 1658 418.648077469
1659 1659 394.782173953
1660 1660 76.6446002901
1661 1661 88.0083372703
1662 1662 559.360012756
1663 1663 0.00232971180071
1664 1664 300.922847353
1665 1665 0.00828372040479
1666 1666 44.0390992486
1667 1667 569.550137777
1668 1668 0.000452923124362
1669 1669 309.678465434
1670 1670 516.452635446
1671 1671 0.0089860680599
1672 1672 0.00204581303133
1673 1673 434.437095479
1674 1674 0.0047254913065
1675 1675 286.509127188
1676 1676 372.875007191
1677 1677 556.537886168
1678 1678 399.169546754
1679 1679 371.919740308
1680 1680 574.223634054
1681 1681 185.296498173
1682 1682 288.425465317
1683 1683 364.774859629
1684 1684 166.30536525
1685 1685 604.630291126
1686 1686 579.795273797
1687 1687 262.50782389
1688 1688 309.748396535
1689 1689 498.979733216
1690 1690 109.178947065
1691 1691 156.78929147
1692 1692 56.517755251
1693 1693 482.584824976
1694 1694 162.977322399
1695 1695 332.77689378
1696 1696 263.937443773
1697 1697 502.314579188
1698 1698 258.86582681
1699 1699 533.759514808
1700 1700 53.566536765
1701 1701 328.270728
1702 1702 0.00723263515339
1703 1703 521.458736527
1704 1704 259.921535315
1705 1705 217.113735808
1706 1706 498.153273366
1707 1707 57.2052067274
1708 1708 378.085274735
1709 1709 0.00406943570851
1710 1710 404.955682956
1711 1711 230.928712525
1712 1712 0.00508528552763
1713 1713 382.365641067
1714 1714 0.00765322806287
1715 1715 54.5875327271
1716 1716 521.250419347
1717 1717 169.979957662
1718 1718 11.4593844585
1719 1719 574.61987458
1720 1720 28.4097989713
1721 1721 299.480748071
1722 1722 218.26721118
1723 1723 516.736991618
1724 1724 347.891246881
1725 1725 0.00616400716387
1726 1726 493.66565893
1727 1727 535.367282598
1728 1728 143.551639186
1729 1729 281.346587028
1730 1730 578.592553661
1731 1731 0.00500572878891
1732 1732 345.6731597
1733 1733 621.246794867
1734 1734 62.0184071001
1735 1735 453.161558199
1736 1736 108.360351437
1737 1737 221.920487948
1738 1738 535.036807263
1739 1739 0.00146419197961
1740 1740 71.6486842288
1741 1741 176.343329116
1742 1742 581.609816935
1743 1743 546.969327023
1744 1744 458.276849225
1745 1745 0.00838068839151
1746 1746 296.966252553
1747 1747 246.86204891
1748 1748 0.000394662201915
1749 1749 90.109690582
1750 1750 538.621141293
1751 1751 202.482298958
1752 1752 202.313766045
1753 1753 346.697007064
1754 1754 347.531629138
1755 1755 465.785774085
1756 1756 215.160265662
1757 1757 223.028941439
1758 1758 310.46925287
1759 1759 287.254458824
1760 1760 302.818981364
1761 1761 189.205165732
1762 1762 170.719550549
1763 1763 435.335870883
1764 1764 469.697912582
1765 1765 60.3264360512
1766 1766 530.358447749
1767 1767 217.233145632
1768 1768 95.8286502192
1769 1769 328.349373409
1770 1770 408.458698786
1771 1771 0.00354808677342
1772 1772 162.957641284
1773 1773 0.00346121697721
1774 1774 454.32299104
1775 1775 357.782971951
1776 1776 0.00572069178405
1777 1777 0.00771741170555
1778 1778 283.116184152
1779 1779 0.00583133104112
1780 1780 354.797718122
1781 1781 180.066633499
1782 1782 440.449365288
1783 1783 244.211981643
1784 1784 0.00605618942384
1785 1785 0.0013989305997
1786 1786 95.8623785032
1787 1787 20.2944099927
1788 1788 350.468943226
1789 1789 615.50442099
1790 1790 0.0046057610004
1791 1791 277.371102969
1792 1792 527.322204753
1793 1793 0.00898658253385
1794 1794 88.10540895
1795 1795 384.0009319
1796 1796 0.00592782207388
1797 1797 608.703587918
1798 1798 404.147980886
1799 1799 155.619408213
1800 1800 0.00717764273552
1801 1801 0.00606895002011
1802 1802 516.738807063
1803 1803 0.00114372357093
1804 1804 268.326160705
1805 1805 0.00558623619739
1806 1806 501.999323476
1807 1807 441.705225596
1808 1808 242.566057968
1809 1809 0.0041643374427
1810 1810 0.00656517068058
1811 1811 380.196702512
1812 1812 64.1239855692
1813 1813 0.00642085407825
1814 1814 430.461380263
1815 1815 60.606693978
1816 1816 374.79364758
1817 1817 531.229525422
1818 1818 0.000831254164778
1819 1819 0.00860563590805
1820 1820 57.1805431123
1821 1821 0.00606076270468
1822 1822 0.00834998035472
1823 1823 114.656183605
1824 1824 414.933069752
1825 1825 331.953705539
1826 1826 579.388183336
1827 1827 411.904339072
1828 1828 0.00312479996205
1829 1829 560.784950499
1830 1830 563.305443909
1831 1831 431.264335893
1832 1832 387.911560268
1833 1833 295.364015336
1834 1834 106.379275307
1835 1835 40.6554812451
1836 1836 433.992825227
1837 1837 0.00467171600887
1838 1838 466.872384549
1839 1839 427.69871639
1840 1840 500.413113261
1841 1841 607.49809628
1842 1842 343.497595744
1843 1843 283.119461875
1844 1844 244.984734481
1845 1845 147.364709821
1846 1846 605.742726082
1847 1847 0.00259648925511
1848 1848 286.558577325
1849 1849 414.376163406
1850 1850 569.655284797
1851 1851 537.685438522
1852 1852 0.00230143312382
1853 1853 109.790787986
1854 1854 0.00907167265495
1855 1855 127.68377591
1856 1856 0.00650024262769
1857 1857 37.5488039063
1858 1858 0.00686713434353
1859 1859 364.529561642
1860 1860 1.76514386141
1861 1861 0.00174367830971
1862 1862 625.195820878
1863 1863 35.2885654433
1864 1864 311.383004332
1865 1865 319.382484373
1866 1866 518.135985116
1867 1867 443.664223203
1868 1868 0.00369109767962
1869 1869 0.000985923399843
1870 1870 351.903034721
1871 1871 492.843792263
1872 1872 0.000559894091655
1873 1873 0.00366724606032
1874 1874 180.918939798
1875 1875 179.498575072
1876 1876 0.00352267583482
1877 1877 0.00180697482504
1878 1878 0.00335781078578
1879 1879 45.3511903174
1880 1880 97.9345923356
1881 1881 0.00298224033544
1882 1882 0.00463078829775
1883 1883 548.399682628
1884 1884 138.666041699
1885 1885 95.8569118808
1886 1886 0.00323223335278
1887 1887 522.807009534
1888 1888 417.235239793
1889 1889 443.227789339
1890 1890 458.58843272
1891 1891 102.219149361
1892 1892 109.937492316
1893 1893 297.971000684
1894 1894 113.13068857
1895 1895 379.633908669
1896 1896 0.000277660050105
1897 1897 0.00426010182419
1898 1898 0.00591163029798
1899 1899 0.00932208422507
1900 1900 286.113893422
1901 1901 125.392407156
1902 1902 81.5317631566
1903 1903 63.3567219218
1904 1904 0.0079101524223
1905 1905 177.038192405
1906 1906 543.906149917
1907 1907 352.577351661
1908 1908 342.627857094
1909 1909 265.467510921
1910 1910 0.000939204775222
1911 1911 99.007304536
1912 1912 386.243535493
1913 1913 51.8522509923
1914 1914 0.000936470810525
1915 1915 577.032892091
1916 1916 0.00985784702571
1917 1917 117.621162996
1918 1918 329.482761668
1919 1919 0.00671390635941
1920 1920 378.387290733
1921 1921 544.895483059
1922 1922 450.368695757
1923 1923 0.00807589501241
1924 1924 1.16801263889
1925 1925 351.972960041
1926 1926 441.684506813
1927 1927 0.00357527899483
1928 1928 0.00155246735877
1929 1929 0.00710033242978
1930 1930 38.1499757356
1931 1931 33.4748290667
1932 1932 179.170952735
1933 1933 0.000943355352857
1934 1934 376.221572057
1935 1935 40.4076993882
1936 1936 87.6270917733
1937 1937 493.900897262
1938 1938 615.980468673
1939 1939 4.18158986659
1940 1940 0.00756733711689
1941 1941 362.136069453
1942 1942 0.00910924608256
1943 1943 106.277453495
1944 1944 575.229637711
1945 1945 504.676154897
1946 1946 246.759894861
1947 1947 0.00896435829998
1948 1948 219.054997736
1949 1949 11.0619792698
1950 1950 0.00219831622565
1951 1951 428.967950564
1952 1952 129.890769829
1953 1953 179.374630127
1954 1954 0.00332381560383
1955 1955 8.16680445037
1956 1956 254.934918211
1957 1957 287.401260836
1958 1958 556.376295678
1959 1959 135.551919632
1960 1960 207.654640557
1961 1961 587.728913732
1962 1962 264.92105163
1963 1963 0.00611110660153
1964 1964 193.789830671
1965 1965 0.00381909845699
1966 1966 0.00561396554679
1967 1967 241.193662211
1968 1968 0.00561809578968
1969 1969 265.010375917
1970 1970 510.917345271
1971 1971 58.8342887099
1972 1972 267.194904562
1973 1973 485.68266668
1974 1974 374.22773687
1975 1975 0.00703965515736
1976 1976 0.00151268859604
1977 1977 4.46500021292
1978 1978 418.950910553
1979 1979 106.405541068
1980 1980 52.5698479462
1981 1981 597.796326538
1982 1982 586.127827955
1983 1983 0.00840669839012
1984 1984 468.452494366
1985 1985 0.00130114126272
1986 1986 450.461516835
1987 1987 227.477717593
1988 1988 135.963410186
1989 1989 0.00958663248649
1990 1990 137.322080054
1991 1991 448.299787832
1992 1992 510.182222698
1993 1993 594.982754529
1994 1994 157.444310002
1995 1995 0.000148023751971
1996 1996 0.00884979359674
1997 1997 0.00119009760939
1998 1998 304.262324756
1999 1999 493.355211676
2000 2000 49.1806681904
