1 1 2614.19313337
2 2 6.12591032653e-05
3 3 9.18236544037e-05
4 4 9.20564053523e-05
5 5 1.78503326067e-05
6 6 2.2822507537e-05
7 7 5144.39907624
8 8 6.95800836169e-05
9 9 2657.25122552
10 10 4.61788359685e-05
11 11 1.4618785192e-07
12 12 5.00797942246e-05
13 13 2.72047647187e-06
14 14 8.58096382126e-05
15 15 5006.74216834
16 16 9.36083803941e-05
17 17 2.98087099827e-05
18 18 3.09037277464e-06
19 19 6.16190487834e-05
20 20 5.38274347876e-05
21 21 4.03779025191e-05
22 22 5.46433626946e-05
23 23 3169.31920505
24 24 825.430681499
25 25 1.88669843788e-05
26 26 6.76744062646e-05
27 27 3427.78358242
28 28 5300.01871092
29 29 4.80992792672e-05
30 30 8.23416703761e-05
31 31 4109.74735761
32 32 5.76058591444e-05
33 33 5.4518141422e-05
34 34 5494.25671597
35 35 1.95552445703e-05
36 36 1.51828818093e-05
37 37 4.01906835237e-05
38 38 395.911484238
39 39 934.334695645
40 40 476.85583241
41 41 9.77934154549e-05
42 42 1.35232800551e-05
43 43 5.38225751851e-05
44 44 6.33354942692e-05
45 45 9.37780957677e-05
46 46 4756.50933712
47 47 4902.34272441
48 48 5391.56563708
49 49 9.90333307776e-05
50 50 3.06373077459e-05
51 51 4.28728078673e-05
52 52 6.78119394681e-05
53 53 5.52539505072e-05
54 54 8.01309016389e-06
55 55 2.41278577365e-05
56 56 5586.98178575
57 57 4.55095915158e-05
58 58 3.46298344871e-06
59 59 1.47163302359e-05
60 60 5015.0360897
61 61 2.95886366623e-06
62 62 5343.44147948
63 63 9.19576870731e-05
64 64 9.98230404939e-05
65 65 9.26940899757e-05
66 66 7.36189114862e-05
67 67 7.15096225329e-05
68 68 4934.64625963
69 69 2.18254523837e-05
70 70 8.74989974211e-05
71 71 4.42674633946e-05
72 72 1.02671100249e-05
73 73 4.80224093763e-05
74 74 4019.52590119
75 75 8.50059406665e-05
76 76 4.42990281137e-06
77 77 3.68862949703e-05
78 78 3667.58999021
79 79 8.80985969111e-05
80 80 3667.59849837
81 81 4504.73362311
82 82 4075.18784957
83 83 3630.49594295
84 84 7.17340479574e-05
85 85 1234.31607355
86 86 7.83331331745e-06
87 87 1.23134785207e-06
88 88 1.23590251559e-05
89 89 4.11811270889e-05
90 90 1.31220491624e-05
91 91 3.97392945711e-05
92 92 174.890694224
93 93 6.56835809737e-05
94 94 1.38119399738e-06
95 95 5.20029909685e-06
96 96 5.34805854381e-05
97 97 8.68907638291e-05
98 98 4.01891017958e-05
99 99 5.09502097995e-05
100 100 8.39823457748e-05
101 101 5.47681393749e-05
102 102 3439.23327075
103 103 4.34871265863e-05
104 104 5.84473567306e-05
105 105 9.08221966444e-05
106 106 7.96831477483e-05
107 107 5.05211182334e-05
108 108 373.428639661
109 109 8.53164370849e-05
110 110 8.48028751882e-05
111 111 3282.18899774
112 112 441.934983281
113 113 1.82339593222e-06
114 114 3.35305702364e-06
115 115 5.67629047982e-06
116 116 5040.78659625
117 117 6.89532766288e-05
118 118 5.8380390182e-05
119 119 2.79380788209e-05
120 120 2.56350462599e-05
121 121 7.13976243997e-05
122 122 3.89908636417e-05
123 123 4377.49468647
124 124 7.72851234028e-05
125 125 8.46700303604e-05
126 126 9.62633625451e-05
127 127 9.65918181137e-05
128 128 4.05696609071e-05
129 129 8.73098574548e-05
130 130 5565.89758909
131 131 3.95498506597e-05
132 132 5.0317486055e-06
133 133 801.582478068
134 134 4.54619270815e-05
135 135 2906.56342713
136 136 4.26049529411e-05
137 137 8.31100348194e-05
138 138 2324.69347678
139 139 6.68094961141e-05
140 140 1592.02604588
141 141 7.04271169328e-05
142 142 2.10125011831e-05
143 143 4472.83746119
144 144 2.50224180569e-05
145 145 4.95867660176e-05
146 146 4.67086839144e-05
147 147 9.2910787013e-05
148 148 4.95438123495e-05
149 149 5.35430989705e-05
150 150 2.22140465136e-05
151 151 5.7211889694e-05
152 152 7.4104060376e-05
153 153 3696.25820949
154 154 2.65076351769e-05
155 155 6.68083069638e-05
156 156 1.43935330901e-05
157 157 1737.92671666
158 158 3.81828661794e-05
159 159 2.2078514547e-05
160 160 9.21502789863e-05
161 161 5.1760220626e-05
162 162 2.78893654544e-05
163 163 5510.08984762
164 164 5.46320006973e-05
165 165 288.519602745
166 166 8.9243904991e-05
167 167 7.2421152378e-06
168 168 4.56912045689e-05
169 169 8.3251852527e-05
170 170 7.31180104538e-06
171 171 7.60759240755e-05
172 172 8.24168768777e-05
173 173 5.37844841423e-05
174 174 2.92528047824e-05
175 175 4351.46209463
176 176 7.20405253765e-05
177 177 9.43573842684e-05
178 178 1.90328113039e-05
179 179 9.86514430859e-05
180 180 4.08917411394e-05
181 181 1.78254724593e-05
182 182 3.85489592365e-05
183 183 327.31897697
184 184 1.95513883082e-06
185 185 6.06495581456e-06
186 186 9.77063861958e-05
187 187 5.29376936843e-05
188 188 1131.73938399
189 189 3.25849620053e-05
190 190 9.45462919225e-05
191 191 7.61656170424e-05
192 192 1945.12520911
193 193 5477.68921512
194 194 8.44775018155e-05
195 195 3.60681623488e-05
196 196 5.84797865663e-05
197 197 9.66065531866e-05
198 198 9.41100637418e-05
199 199 379.860307466
200 200 7.84137392048e-05
201 201 847.674134311
202 202 135.672326113
203 203 8.34664405225e-05
204 204 4.058359173e-05
205 205 7.17184667479e-05
206 206 4.11121119816e-05
207 207 6.7285265904e-05
208 208 2.34167763271e-05
209 209 4.24077849982e-05
210 210 3.38344238374e-05
211 211 6.61282243977e-05
212 212 4.57394714899e-05
213 213 7.95785666939e-05
214 214 2404.21733995
215 215 9.74198016043e-05
216 216 1.39757983175e-05
217 217 9.42772593495e-06
218 218 3605.59884868
219 219 6.69578351259e-05
220 220 6.36093185009e-05
221 221 6.44410126382e-06
222 222 3.71433720832e-05
223 223 7.68016159557e-05
224 224 4.17556639201e-05
225 225 2.53839935009e-05
226 226 2.04800911384e-05
227 227 2.88555749431e-05
228 228 1.01461437108e-05
229 229 9.65698604056e-05
230 230 2402.32812698
231 231 5527.81469998
232 232 4.90167859744e-05
233 233 4.19555586216e-05
234 234 4127.38684005
235 235 2.45648000103e-05
236 236 7.71065961771e-06
237 237 7.61094464472e-05
238 238 3433.30414463
239 239 4790.32015519
240 240 6.21529061359e-05
241 241 8.4728679564e-05
242 242 9.27698618997e-05
243 243 6.62863540914e-05
244 244 2.2959591651e-05
245 245 9.92671876651e-05
246 246 5.29799167721e-05
247 247 5175.33113623
248 248 4.26066587511e-06
249 249 2367.97697222
250 250 1.02982626492e-05
251 251 4.77554755474e-05
252 252 5.12701775122e-05
253 253 4.02448691817e-05
254 254 1.57183652725e-05
255 255 641.608776405
256 256 5517.62133001
257 257 2644.16911364
258 258 6.3375426095e-05
259 259 2832.71550657
260 260 6.18264300464e-05
261 261 8.26554515048e-05
262 262 7.55099769621e-05
263 263 3.42006603961e-05
264 264 4.99920818551e-05
265 265 1.53622508549e-05
266 266 1947.78372584
267 267 4204.07025735
268 268 1690.00118061
269 269 3.71082486034e-06
270 270 8.02877231697e-05
271 271 9.77504627134e-05
272 272 9.69149693608e-05
273 273 5.24533583354e-05
274 274 8.5872381262e-05
275 275 2.94381755119e-05
276 276 3.62858706543e-06
277 277 3776.9584052
278 278 2.66520189673e-06
279 279 4.74879890235e-06
280 280 1.83787775569e-05
281 281 3193.76208968
282 282 5.84084549195e-05
283 283 6.75448254495e-05
284 284 3.4526119044e-06
285 285 5534.68684358
286 286 4836.34468887
287 287 6.88355535676e-05
288 288 2.73334131548e-05
289 289 6.38043899679e-05
290 290 7.36039267582e-05
291 291 4.93028433248e-05
292 292 1139.41069557
293 293 7.78515748523e-05
294 294 7.50126483638e-05
295 295 2.69767497494e-05
296 296 1.80436369314e-05
297 297 7.05616507615e-05
298 298 8.31193890188e-05
299 299 6.8273700952e-05
300 300 2855.49801775
301 301 1084.07683983
302 302 2.41270053788e-06
303 303 2.92645060467e-06
304 304 8.48667077959e-05
305 305 9.59804536256e-06
306 306 4.55067999508e-05
307 307 4.58932003179e-05
308 308 2075.74699467
309 309 6.51003582878e-05
310 310 867.296555136
311 311 3549.88449368
312 312 3318.82036782
313 313 2.9141861031e-05
314 314 8.95299975802e-06
315 315 6.56864426279e-05
316 316 4.77593562804e-06
317 317 655.010376327
318 318 3523.37239511
319 319 7.26586301327e-05
320 320 4.16470034326e-05
321 321 5366.89075184
322 322 9.21121941707e-05
323 323 7.64065740335e-05
324 324 9.80601283922e-05
325 325 2.91044530796e-06
326 326 5.6777790324e-05
327 327 3368.35125606
328 328 123.516336234
329 329 7.4885778917e-05
330 330 6.85265898004e-05
331 331 3702.78776005
332 332 2324.65269348
333 333 2469.27635087
334 334 2.66126866277e-05
335 335 3.37428384685e-05
336 336 1.9682708619e-05
337 337 5.36364149401e-05
338 338 4.97337576344e-05
339 339 4370.14714139
340 340 2.82182944198e-05
341 341 877.363559372
342 342 4.85109841969e-05
343 343 5.15069673146e-05
344 344 4.49549453499e-06
345 345 8.89164869555e-05
346 346 2569.98264944
347 347 2707.00823447
348 348 2.6092389175e-05
349 349 6.85671907749e-06
350 350 1.59158074344e-05
351 351 5.00196503146e-05
352 352 6.36330458553e-05
353 353 1.06394249855e-05
354 354 9.70025334182e-05
355 355 8.15074333711e-05
356 356 8.24927054517e-05
357 357 8.60715263435e-05
358 358 2558.15679173
359 359 2.69367672202e-05
360 360 1303.30454566
361 361 8.78252872517e-05
362 362 9.16098555993e-05
363 363 1.89337700584e-05
364 364 8.45489196486e-05
365 365 6.9424411389e-05
366 366 9.46222535899e-05
367 367 6.94397230992e-05
368 368 936.016237164
369 369 5.00271981729e-05
370 370 3.85385440341e-05
371 371 2.64603018725e-05
372 372 1.59107201193e-05
373 373 5201.99142026
374 374 4672.91113267
375 375 5.84092158521e-06
376 376 9.59775440391e-05
377 377 3884.99338635
378 378 4378.99315024
379 379 2.61954938981e-05
380 380 7.84912647705e-05
381 381 4.9046922357e-05
382 382 3.99034075479e-07
383 383 2.66818121496e-05
384 384 9.38641881251e-05
385 385 9.1480540685e-05
386 386 6.02574169073e-05
387 387 3.29067631439e-05
388 388 3.03986486394e-05
389 389 3.81068671229e-06
390 390 6.10907448682e-05
391 391 7.16085971208e-05
392 392 2292.56551816
393 393 2.16932768362e-05
394 394 5.00739676963e-05
395 395 7.14044257855e-05
396 396 2770.31286627
397 397 3.81846724223e-05
398 398 1.14938951576e-05
399 399 3216.49511887
400 400 8.99842114207e-05
401 401 8.15723512162e-05
402 402 9.41906985263e-05
403 403 8.35264866867e-05
404 404 5.73157099941e-05
405 405 3.83887437256e-06
406 406 7.63209229347e-05
407 407 4.06150213601e-05
408 408 9.62906790143e-05
409 409 3.01370259925e-05
410 410 1502.42224821
411 411 2627.98671922
412 412 9.86812592178e-05
413 413 8.74789130276e-05
414 414 6.71964561104e-05
415 415 9.43547127275e-06
416 416 9.9728551882e-05
417 417 3.60619239041e-05
418 418 3574.72634044
419 419 6.19637697412e-05
420 420 2.20516566747e-05
421 421 7.30190498283e-05
422 422 9.61178402433e-08
423 423 3.52879881938e-05
424 424 1515.22894958
425 425 9.35294647491e-05
426 426 7.8302191022e-05
427 427 2.30116438858e-05
428 428 7.57272359122e-05
429 429 7.87898697573e-05
430 430 3943.49536869
431 431 7.01643547943e-05
432 432 6.56875102501e-06
433 433 1.15346624141e-06
434 434 7.16999820764e-05
435 435 1.56031832003e-05
436 436 2378.69880284
437 437 7.49483448249e-05
438 438 7.27512041675e-05
439 439 8.03264573232e-05
440 440 6.4208276063e-05
441 441 3.3304947683e-05
442 442 2.60345033338e-05
443 443 8.88905151167e-05
444 444 1955.84765808
445 445 8.5209223485e-05
446 446 8.4066617745e-05
447 447 8.70211704946e-05
448 448 3.31558658984e-05
449 449 5.77456052945e-06
450 450 2.59670482997e-05
451 451 1505.84628372
452 452 9.21580589764e-05
453 453 2231.53463784
454 454 4.74310955795e-05
455 455 2.9038790653e-06
456 456 387.244455816
457 457 9.85140002656e-05
458 458 2.90371032915e-06
459 459 3.29810015626e-05
460 460 7.79050209414e-05
461 461 5.3045494123e-05
462 462 9.67786280473e-06
463 463 4.63538204844e-05
464 464 2.30802756134e-05
465 465 2573.05109615
466 466 8.32154542534e-05
467 467 2.33679859438e-05
468 468 5.21083459825e-05
469 469 6.16198499763e-05
470 470 3.73232079613e-05
471 471 4.81538235557e-05
472 472 3.28432560629e-05
473 473 1.98007796315e-05
474 474 3.13727890203e-05
475 475 5343.84778501
476 476 9.74677298571e-05
477 477 6.21086755411e-05
478 478 5.53774141527e-05
479 479 8.91060656869e-05
480 480 9.94684971945e-05
481 481 4782.0893467
482 482 5516.81634782
483 483 204.613039104
484 484 2.96021925942e-05
485 485 6.53070017528e-05
486 486 9.74217552817e-05
487 487 3.34767418571e-05
488 488 8.98774065343e-05
489 489 6.94103162014e-05
490 490 9.08377047821e-05
491 491 3226.70652195
492 492 8.56994553882e-05
493 493 6.74784572576e-05
494 494 5.71251968166e-05
495 495 3.87144494409e-05
496 496 7.31132564764e-05
497 497 3149.55449533
498 498 3.37147282015e-05
499 499 3.59174748615e-05
500 500 1732.25024548
501 501 5489.3306411
502 502 6.98418312186e-05
503 503 4241.04947579
504 504 4635.9677023
505 505 3.76306467889e-06
506 506 5127.1025938
507 507 2.69604418803e-05
508 508 314.377131574
509 509 3802.73024141
510 510 3.00580920801e-05
511 511 6.35164659753e-05
512 512 8.15030399811e-06
513 513 2471.35030581
514 514 1.04889251094e-05
515 515 7.12141504903e-07
516 516 3.83560516184e-05
517 517 1750.58565068
518 518 6.59125128302e-06
519 519 4.42331912674e-05
520 520 2.35673344818e-05
521 521 5589.04054133
522 522 6.4357760693e-05
523 523 2.10281472246e-06
524 524 4537.30077166
525 525 6.00459764423e-05
526 526 7.93086986661e-05
527 527 420.171928211
528 528 2.26601680213e-05
529 529 3.72354701087e-05
530 530 5.74356327946e-05
531 531 3.82384229334e-05
532 532 4084.18936636
533 533 2352.99974983
534 534 6.66687267116e-05
535 535 1191.47234672
536 536 5.32890209197e-05
537 537 1.71854675719e-05
538 538 9.24925234009e-05
539 539 4.64948924112e-05
540 540 9.04494783183e-05
541 541 4.14779372289e-05
542 542 2.7410547162e-05
543 543 2.65839121883e-06
544 544 6.56364062565e-05
545 545 2.65001816126e-05
546 546 2.11348383239e-06
547 547 6.49950875927e-05
548 548 1461.3728433
549 549 6.26208697446e-05
550 550 2301.47657714
551 551 6.74458826638e-05
552 552 1.11641025632e-05
553 553 8.4635490549e-05
554 554 5556.94363787
555 555 6.19451886789e-05
556 556 6.46359518365e-05
557 557 3.70443302931e-05
558 558 3.36371274229e-05
559 559 3840.0794281
560 560 4352.29481954
561 561 7.7460935141e-05
562 562 5.23009305688e-05
563 563 7.77100173446e-05
564 564 8.94698644268e-05
565 565 5.39997223205e-05
566 566 3.51969180205e-05
567 567 7.20988349757e-05
568 568 1.26480623968e-05
569 569 3.13279144694e-05
570 570 3094.07455533
571 571 5.029784752e-05
572 572 6.78394412772e-05
573 573 7.06682986675e-05
574 574 4.51567013944e-05
575 575 1.20553810307e-05
576 576 6.12956297793e-05
577 577 2.14089325978e-05
578 578 5.88804604421e-05
579 579 3.08726658041e-05
580 580 5.13675007075e-05
581 581 5621.49290857
582 582 4.46180938146e-07
583 583 1571.58107416
584 584 7.06298193272e-05
585 585 9.2529420522e-06
586 586 1.79889404665e-05
587 587 1.82922111103e-05
588 588 2.93277856077e-05
589 589 3497.82319442
590 590 7.85437967543e-05
591 591 9.10260922049e-05
592 592 4.15001375987e-05
593 593 7.38585392546e-05
594 594 3.91726860429e-05
595 595 5.24823581743e-05
596 596 1.51661836408e-06
597 597 7.91048476946e-05
598 598 3162.17414574
599 599 8.70084418593e-05
600 600 600.945324154
601 601 3462.68965545
602 602 5596.66263434
603 603 8.0218300911e-05
604 604 9.24835172777e-05
605 605 7.16568191454e-05
606 606 6.6811219924e-06
607 607 4473.83527054
608 608 2.13639201737e-05
609 609 1.59127739275e-05
610 610 4.50654473708e-05
611 611 4922.87342043
612 612 5.39158634403e-05
613 613 3.02138579177e-06
614 614 2.93295611785e-05
615 615 4.0917926214e-05
616 616 5.19856220914e-05
617 617 7.55342056317e-05
618 618 9.64455682572e-05
619 619 5.17549893485e-05
620 620 869.091725321
621 621 7.80970481543e-06
622 622 1.30756562168e-05
623 623 6.85117051396e-05
624 624 5.9560358155e-05
625 625 4.66277421854e-05
626 626 1828.51769646
627 627 1.07289666257e-05
628 628 5.43527620295e-05
629 629 9.27669579188e-05
630 630 7.04893007844e-05
631 631 2.35974330819e-05
632 632 3.93665751581e-05
633 633 1795.23994488
634 634 4076.28385317
635 635 7.89070696114e-05
636 636 5.8841290316e-05
637 637 2610.73915089
638 638 4273.10812936
639 639 1.67023480276e-05
640 640 1.46975359317e-05
641 641 6.29410786358e-06
642 642 399.078606477
643 643 3.90913458085e-05
644 644 9.70394039888e-05
645 645 3.34635892602e-05
646 646 4.27282113268e-05
647 647 2.6885539519e-05
648 648 6.38700102899e-05
649 649 1.6927553544e-05
650 650 7.42342324952e-05
651 651 8.85694198681e-05
652 652 2.86537450051e-05
653 653 4.7230974204e-05
654 654 4.51165007397e-06
655 655 5.99572138975e-05
656 656 3185.84001852
657 657 8.42512097382e-05
658 658 9.86160052226e-06
659 659 7.01753854318e-05
660 660 9.74258423008e-05
661 661 1.66339286596e-06
662 662 4476.44431947
663 663 3544.22052848
664 664 363.44756216
665 665 1.90446254505e-05
666 666 1.73277327485e-05
667 667 5264.7658703
668 668 4.23956071535e-05
669 669 5.39730527259e-05
670 670 8.72586617726e-05
671 671 4320.08338561
672 672 3.74408023712e-05
673 673 8.61179799139e-05
674 674 5.18206619401e-05
675 675 7.07125688757e-05
676 676 5401.66425287
677 677 3.92564181523e-05
678 678 5239.85978957
679 679 4.52887280365e-05
680 680 3.6503770534e-05
681 681 2.92050657741e-05
682 682 4.97209512367e-05
683 683 6.10219355503e-05
684 684 4860.74903346
685 685 7.00157108415e-05
686 686 1.70606834152e-05
687 687 4.16757342222e-05
688 688 9.874499071e-05
689 689 593.163846355
690 690 3065.78083297
691 691 3995.77499176
692 692 8.49476933827e-06
693 693 6.13997185381e-05
694 694 8.21371669309e-05
695 695 5.93826394053e-05
696 696 2802.99168272
697 697 3.72729485691e-05
698 698 9.28559859429e-05
699 699 9.53142452651e-05
700 700 6.5775346896e-05
701 701 2450.50878126
702 702 5561.98279521
703 703 5.39788672573e-05
704 704 3.5054733673e-05
705 705 3.5703901621e-05
706 706 1.89650755903e-05
707 707 4.55797594607e-05
708 708 9.03320299717e-05
709 709 3.57954493286e-05
710 710 3229.34486026
711 711 9.69251671217e-05
712 712 7.43912702931e-05
713 713 2.31181234455e-06
714 714 2194.93090865
715 715 5.38327522651e-05
716 716 1326.20817212
717 717 597.068659206
718 718 2488.99593054
719 719 2.57685547361e-05
720 720 7.71612383911e-05
721 721 2.87021964283e-05
722 722 3.87912694143e-05
723 723 4.09607641557e-05
724 724 6.82858183567e-05
725 725 2.03258380115e-05
726 726 1434.25501897
727 727 8.54619575382e-05
728 728 9.42707517303e-06
729 729 1.1485159881e-05
730 730 2945.23887756
731 731 1.21454358039e-06
732 732 9.53043772161e-06
733 733 2.96119548547e-05
734 734 6.20017540205e-05
735 735 7.75069877488e-05
736 736 1239.07609032
737 737 8.69448212147e-05
738 738 4700.45250214
739 739 2401.79768402
740 740 9.05408500487e-05
741 741 3.68473193061e-06
742 742 4.28929444996e-05
743 743 6.88845679745e-05
744 744 3.51190378875e-05
745 745 6.23862158221e-05
746 746 4.66405094873e-05
747 747 5568.59019429
748 748 1.58821927626e-05
749 749 1.20286530795e-05
750 750 2154.99442786
751 751 4442.02447742
752 752 4.51908022833e-05
753 753 709.446026123
754 754 4.82288776065e-05
755 755 6.30011002373e-05
756 756 2.82323957562e-05
757 757 5.93918847994e-05
758 758 4.28484489595e-05
759 759 4.58919369814e-05
760 760 7.22603650493e-05
761 761 4.79318233146e-05
762 762 9.67288446062e-05
763 763 8.08581523849e-05
764 764 6.3212734343e-05
765 765 5.83696447454e-05
766 766 4740.20645463
767 767 598.646376652
768 768 9.83253524003e-05
769 769 4343.54498058
770 770 1.98253130376e-05
771 771 4.61984370483e-05
772 772 6.78409141419e-05
773 773 1.09661391957e-05
774 774 4850.44555693
775 775 2.10561779413e-05
776 776 5.08423188996e-06
777 777 4.89188655759e-05
778 778 6.92846729167e-05
779 779 5.85842765103e-07
780 780 4.0956487071e-05
781 781 3.94971245878e-05
782 782 256.066811282
783 783 5.37434438443e-06
784 784 6.77524935563e-05
785 785 2.42618389441e-05
786 786 2315.50373674
787 787 5225.74660739
788 788 9.7019544608e-05
789 789 3.23318102154e-05
790 790 5.50219428616e-05
791 791 333.5293963
792 792 9.41804066621e-05
793 793 3805.65544421
794 794 6.19453202434e-05
795 795 5330.19548052
796 796 3577.51057414
797 797 8.80513258511e-05
798 798 6.31072771837e-05
799 799 6.25754289868e-05
800 800 2.49048016666e-05
801 801 3561.80341455
802 802 8.95468104291e-05
803 803 1741.41509616
804 804 7.62616525813e-05
805 805 9.25642656483e-05
806 806 6.39485056557e-05
807 807 3.26695518458e-05
808 808 2.40448803941e-06
809 809 9.89871456382e-05
810 810 23.3322567493
811 811 1.20082664552e-05
812 812 3.90172680661e-05
813 813 8.38933848416e-05
814 814 8.7307032137e-05
815 815 9.66577544183e-05
816 816 3.27530776968e-05
817 817 1.79547394324e-05
818 818 4090.47093124
819 819 5.9169090461e-05
820 820 3.31416799629e-05
821 821 4.23590018968e-05
822 822 9.97535031828e-05
823 823 817.356263977
824 824 7.48521590438e-05
825 825 1342.95194544
826 826 7.07792298802e-05
827 827 5.97537011714e-05
828 828 8.4063994318e-05
829 829 3.46896067341e-05
830 830 127.40496141
831 831 4153.16878744
832 832 2.28600769547e-07
833 833 4907.77843263
834 834 7.00135832513e-05
835 835 2105.83460448
836 836 8.82586075683e-05
837 837 7.86362477462e-05
838 838 9.52460716019e-05
839 839 6.18027294953e-05
840 840 2074.18138541
841 841 8.28971265467e-05
842 842 6.97837382815e-05
843 843 7.75196704272e-06
844 844 5.14512103737e-05
845 845 6.40385699989e-05
846 846 1.33755534813e-05
847 847 8.56647614321e-05
848 848 5.22977158517e-05
849 849 7.54633000643e-05
850 850 2.70414831531e-05
851 851 8.46276727767e-05
852 852 7.17523320553e-05
853 853 4.60334950595e-05
854 854 9.24154250065e-05
855 855 3680.95475909
856 856 9.86950569729e-05
857 857 909.930033283
858 858 8.95679612059e-05
859 859 8.38764518332e-05
860 860 5.29455299094e-05
861 861 7.30130933219e-05
862 862 6.85786669814e-05
863 863 2.90039748762e-05
864 864 2520.1693857
865 865 9.6432323047e-06
866 866 4.80598757462e-05
867 867 2.49323160384e-05
868 868 2691.60890742
869 869 9.09824272259e-05
870 870 7.88505911087e-05
871 871 8.68592204583e-05
872 872 8.04594631227e-05
873 873 5.12162889848e-05
874 874 6.18734411538e-05
875 875 3.82340266205e-05
876 876 2966.39466638
877 877 3210.88750306
878 878 4678.89039292
879 879 2.96207077298e-05
880 880 6.49374295529e-06
881 881 9.08793672945e-05
882 882 362.25182615
883 883 6.01591745449e-05
884 884 1914.71658442
885 885 4.59732577882e-05
886 886 7.23250893239e-05
887 887 2990.14486716
888 888 2328.00450811
889 889 4.78643619774e-05
890 890 6.65860490182e-05
891 891 8.89893377414e-06
892 892 7.51469231787e-05
893 893 7.63001075709e-05
894 894 1.8584357645e-05
895 895 1912.00891071
896 896 3098.14852831
897 897 2.85790228428e-05
898 898 8.34679845467e-06
899 899 5.99655931907e-05
900 900 8.98294723762e-05
901 901 3234.15031797
902 902 4939.78245884
903 903 2930.26088257
904 904 2.62778074547e-05
905 905 5.32871199836e-05
906 906 7.82639989214e-05
907 907 4367.94452409
908 908 1.34356789468e-05
909 909 8.19457675302e-05
910 910 9.75616510228e-05
911 911 9.40556944989e-05
912 912 5.54164516248e-05
913 913 7.5673509163e-05
914 914 861.554390769
915 915 5117.79193299
916 916 882.373989932
917 917 1144.0888696
918 918 3.63658122954e-05
919 919 7.8739091668e-05
920 920 1.53718753422e-05
921 921 211.307807638
922 922 9.65593739406e-05
923 923 3.47269774564e-05
924 924 3.34715513298e-05
925 925 4.98896233776e-05
926 926 7.31764075074e-05
927 927 4.26101350987e-05
928 928 196.379885278
929 929 96.033007632
930 930 1836.27934596
931 931 3.4113073001e-05
932 932 3278.69263456
933 933 5.2635506707e-05
934 934 1465.56315403
935 935 3.23438449489e-05
936 936 6.90964097566e-05
937 937 3.22240735646e-05
938 938 3.67525389075e-06
939 939 9.64195369389e-05
940 940 1428.24194953
941 941 5.60829260263e-05
942 942 1.47120921126e-05
943 943 171.723393033
944 944 3.73755562866e-05
945 945 2.41785498033e-05
946 946 3973.50531905
947 947 6.73487643526e-05
948 948 2512.67056774
949 949 4.00742818764e-05
950 950 2.34181861766e-05
951 951 2943.1981369
952 952 9.36228152322e-05
953 953 2.39963034091e-05
954 954 3594.97522885
955 955 7.79320490964e-05
956 956 2994.77242491
957 957 9.26825201203e-05
958 958 2.35694008591e-05
959 959 9.27886063539e-05
960 960 9.63893286484e-05
961 961 6.6651135196e-05
962 962 6.99094633689e-05
963 963 538.773646363
964 964 5.42565018685e-05
965 965 1.86484134446e-05
966 966 401.339345313
967 967 5.91029939989e-05
968 968 7.31528400935e-05
969 969 6.53983830612e-05
970 970 9.02712241907e-05
971 971 4.01497336364e-05
972 972 3.56781448638e-05
973 973 410.913700443
974 974 2.86097313303e-05
975 975 1.566505007e-05
976 976 4.17532707814e-05
977 977 7.70194028803e-05
978 978 9.33487950151e-06
979 979 2644.4440562
980 980 1.41375286003e-05
981 981 4697.60733261
982 982 7.75502851741e-05
983 983 2.83334116221e-05
984 984 3.66908066971e-05
985 985 4.08112783007e-06
986 986 3146.47606595
987 987 2922.67954935
988 988 8.40341004111e-05
989 989 4416.24814288
990 990 8.91522167487e-05
991 991 6.43520556271e-05
992 992 4.26199678156e-05
993 993 8.86935039392e-05
994 994 1743.60099975
995 995 2938.32383168
996 996 262.739550285
997 997 9.3390635566e-05
998 998 9.38291912884e-05
999 999 3395.59098926
1000 1000 1647.82988232
1001 1001 1.07820060519e-05
1002 1002 6.29708244307e-05
1003 1003 3.76671180765e-05
1004 1004 8.36600022228e-05
1005 1005 8.92316398698e-05
1006 1006 8.47654945799e-05
1007 1007 4.53911789456e-05
1008 1008 7.63111542957e-06
1009 1009 4904.68192702
1010 1010 8.44946999936e-05
1011 1011 6.28307953711e-05
1012 1012 8.5987111241e-05
1013 1013 7.96235889936e-05
1014 1014 5434.91667434
1015 1015 1676.18120984
1016 1016 9.71593576852e-05
1017 1017 5.69168085574e-05
1018 1018 2.78256491009e-05
1019 1019 6.51269904089e-05
1020 1020 7.09854900211e-05
1021 1021 1.31293067804e-06
1022 1022 1762.29459229
1023 1023 9.35152127179e-05
1024 1024 3.33798925456e-05
1025 1025 5.21366131392e-06
1026 1026 1.70231092544e-05
1027 1027 2.76241237595e-05
1028 1028 4140.68328436
1029 1029 9.88691846016e-05
1030 1030 4567.554879
1031 1031 6.70921370357e-06
1032 1032 2462.03451086
1033 1033 6.90121949756e-05
1034 1034 4738.58670911
1035 1035 1034.81232792
1036 1036 8.03146726498e-06
1037 1037 7.71420909049e-05
1038 1038 4276.18123995
1039 1039 1.35163828377e-05
1040 1040 3141.39874572
1041 1041 4.14692001529e-05
1042 1042 8.60685387235e-05
1043 1043 593.211322945
1044 1044 9.1180714794e-05
1045 1045 7.83132701567e-06
1046 1046 4.06790380341e-05
1047 1047 4.74555282756e-05
1048 1048 9.16270638614e-05
1049 1049 6.00122550423e-05
1050 1050 4071.51734363
1051 1051 5.28593596264e-05
1052 1052 9.97053940901e-05
1053 1053 6.96928157281e-06
1054 1054 4.16425896043e-06
1055 1055 3518.23053739
1056 1056 4.27987732365e-05
1057 1057 3.29899207763e-05
1058 1058 4390.19917754
1059 1059 5.50670277334e-05
1060 1060 1.04419457362e-05
1061 1061 9.22946431656e-05
1062 1062 3.68198779139e-05
1063 1063 8.45006649842e-05
1064 1064 3876.49026509
1065 1065 9.62240149662e-06
1066 1066 5.80817605843e-05
1067 1067 1.3439373728e-05
1068 1068 8.02648975674e-07
1069 1069 7.81108954472e-06
1070 1070 9.35018289807e-05
1071 1071 4.42473851442e-06
1072 1072 3.14084533908e-06
1073 1073 9.74975332915e-05
1074 1074 9.2456109073e-05
1075 1075 1.65984774783e-05
1076 1076 7.31203795105e-05
1077 1077 8.36197973648e-05
1078 1078 3.3103858959e-05
1079 1079 9.95704696916e-05
1080 1080 1818.84384851
1081 1081 9.29347290761e-05
1082 1082 6.24265562525e-05
1083 1083 1.72854851202e-05
1084 1084 2972.39976916
1085 1085 7.56706007631e-05
1086 1086 2.35387331516e-05
1087 1087 639.26057829
1088 1088 3929.57593464
1089 1089 5.90002507172e-05
1090 1090 3188.24081196
1091 1091 2.48033711759e-05
1092 1092 7.08392256053e-05
1093 1093 4495.24341294
1094 1094 1.98763822819e-05
1095 1095 4.75306466878e-05
1096 1096 4.99787461257e-05
1097 1097 9.84729438487e-05
1098 1098 8.19075088127e-05
1099 1099 2.65648784215e-05
1100 1100 1.987038536e-05
1101 1101 9.3775547327e-05
1102 1102 2341.35125653
1103 1103 2.07702378911e-05
1104 1104 8.90585722026e-05
1105 1105 3693.40839144
1106 1106 2737.89842704
1107 1107 6.57730631154e-05
1108 1108 1.87992255666e-05
1109 1109 4087.63852184
1110 1110 1.8452850627e-05
1111 1111 6.74035057352e-05
1112 1112 9.65673522235e-05
1113 1113 1.1088676425e-05
1114 1114 2053.3626839
1115 1115 5.00588343719e-05
1116 1116 7.31763336701e-05
1117 1117 4.84681820967e-06
1118 1118 2.62757470313e-05
1119 1119 3.80929939224e-05
1120 1120 3.50246831504e-05
1121 1121 9.29121701099e-05
1122 1122 3.55594534197e-05
1123 1123 6.05338636509e-06
1124 1124 5030.8966347
1125 1125 4.82184403017e-05
1126 1126 3.11737593032e-05
1127 1127 5211.40474185
1128 1128 9.78300384461e-05
1129 1129 3.43908024703e-05
1130 1130 9.91509411644e-05
1131 1131 6.38126428757e-05
1132 1132 4148.38342517
1133 1133 4.44377780568e-06
1134 1134 7.81135894916e-05
1135 1135 1417.16199041
1136 1136 5.67890100967e-05
1137 1137 6.5436577128e-05
1138 1138 6.35789207576e-05
1139 1139 1.74367790834e-06
1140 1140 1044.40800253
1141 1141 1.62454558472e-05
1142 1142 6.26968820075e-05
1143 1143 8.30921407255e-06
1144 1144 2980.28764929
1145 1145 4217.74749245
1146 1146 5054.42475376
1147 1147 6.44678147651e-05
1148 1148 1.71181707505e-05
1149 1149 3.5119540156e-05
1150 1150 7.03871158681e-05
1151 1151 8.02829797679e-05
1152 1152 2.01231654933e-05
1153 1153 5.0539848406e-05
1154 1154 1292.11065324
1155 1155 1.36722698988e-05
1156 1156 3.30905550387e-05
1157 1157 6.96623480327e-05
1158 1158 6.38744413638e-05
1159 1159 666.628093694
1160 1160 4.79561869465e-05
1161 1161 4.51678510701e-05
1162 1162 4693.95602469
1163 1163 959.872590101
1164 1164 5.77762370117e-06
1165 1165 3.28260106663e-05
1166 1166 3.5594512402e-05
1167 1167 5444.46179029
1168 1168 3537.79486194
1169 1169 7.01970523339e-05
1170 1170 5.39083760607e-05
1171 1171 1042.7579008
1172 1172 7.64171197378e-05
1173 1173 5.55507846476e-05
1174 1174 2582.0294271
1175 1175 5239.79562061
1176 1176 3.14327464926e-05
1177 1177 1.34458603193e-08
1178 1178 2808.97397548
1179 1179 5.64606503168e-05
1180 1180 2.0011357401e-05
1181 1181 2456.38107945
1182 1182 4433.72189108
1183 1183 4.29926168604e-05
1184 1184 7.97775558201e-05
1185 1185 2684.66880319
1186 1186 2.22614079334e-05
1187 1187 2.05928250474e-05
1188 1188 5.99610043065e-05
1189 1189 968.619697656
1190 1190 9.82656592605e-05
1191 1191 6.86448402234e-05
1192 1192 385.017196155
1193 1193 6.33615699972e-05
1194 1194 7.02070540896e-05
1195 1195 1.00419191192e-05
1196 1196 3079.33666742
1197 1197 2.94283394098e-05
1198 1198 5.7886304238e-05
1199 1199 5.34216134915e-05
1200 1200 5.18426218516e-05
1201 1201 3510.04889683
1202 1202 4.20565157977e-05
1203 1203 9.38599090968e-05
1204 1204 3.92783647537e-05
1205 1205 2.86320648036e-05
1206 1206 3505.92206265
1207 1207 2269.90016527
1208 1208 4.18711119414e-05
1209 1209 2780.05964098
1210 1210 5.70304550177e-05
1211 1211 9.15514811322e-05
1212 1212 5.05669594625e-05
1213 1213 2.60195780551e-05
1214 1214 5.83049831066e-05
1215 1215 867.856093445
1216 1216 1.89181779745e-05
1217 1217 2.14982035608e-05
1218 1218 4.97568858707e-06
1219 1219 8.79311121527e-05
1220 1220 1722.38560129
1221 1221 3.2903644487e-05
1222 1222 1360.69855401
1223 1223 2.64268398586e-05
1224 1224 4.64272018389e-05
1225 1225 8.17288082818e-05
1226 1226 1.09882717905e-06
1227 1227 4.47295630893e-05
1228 1228 7.71351518676e-05
1229 1229 5501.59386434
1230 1230 4912.87283289
1231 1231 4.76202685618e-05
1232 1232 5.80806662166e-05
1233 1233 8.2801146151e-05
1234 1234 1.97323542725e-05
1235 1235 3.94127491329e-05
1236 1236 934.748698692
1237 1237 5287.2799617
1238 1238 7.64873946811e-05
1239 1239 2.94399592659e-05
1240 1240 7.41988397063e-05
1241 1241 4546.98741458
1242 1242 5.6138036181e-05
1243 1243 2265.34796865
1244 1244 9.30697701642e-05
1245 1245 3.09988141378e-05
1246 1246 9.97187449909e-05
1247 1247 5.47529384985e-05
1248 1248 115.044485021
1249 1249 3.11318768936e-05
1250 1250 9.2948391745e-05
1251 1251 7.17312928047e-05
1252 1252 2.4735164287e-05
1253 1253 2.98194690516e-05
1254 1254 9.91079647277e-05
1255 1255 9.59630900176e-05
1256 1256 1.67215386326e-05
1257 1257 1111.86523211
1258 1258 2.86221680131e-06
1259 1259 5152.07662806
1260 1260 7.27360986753e-05
1261 1261 2755.97633472
1262 1262 7.02179460102e-05
1263 1263 8.61302316252e-06
1264 1264 6.22259978936e-05
1265 1265 1653.1352446
1266 1266 5.89927993197e-05
1267 1267 1704.00412069
1268 1268 5.62748686521e-05
1269 1269 9.05319023814e-05
1270 1270 6.01234379019e-05
1271 1271 9.1732782458e-05
1272 1272 4.9914843102e-05
1273 1273 2472.80028121
1274 1274 3.9187971326e-05
1275 1275 5.85006850158e-05
1276 1276 2.54272729529e-05
1277 1277 4.8194175756e-05
1278 1278 2357.40330889
1279 1279 7.43831212849e-05
1280 1280 1232.5208643
1281 1281 6.65704399311e-05
1282 1282 7.91839641119e-05
1283 1283 5.94749170084e-05
1284 1284 6.14375443561e-05
1285 1285 1.97578409154e-05
1286 1286 2.41191272079e-05
1287 1287 3.74739746975e-05
1288 1288 8.60525314895e-05
1289 1289 4.70181269166e-05
1290 1290 2.8178322924e-05
1291 1291 8.94055920139e-05
1292 1292 8.63754509987e-05
1293 1293 4275.51081184
1294 1294 7.66922865505e-05
1295 1295 3.12634589016e-05
1296 1296 2154.50413569
1297 1297 3.78879791515e-06
1298 1298 1.6628613619e-05
1299 1299 1768.83416076
1300 1300 5001.97572431
1301 1301 4.10428709755e-06
1302 1302 5.88240484833e-05
1303 1303 1.77694059524e-05
1304 1304 6.79306688431e-05
1305 1305 3.13063671777e-05
1306 1306 4868.9619753
1307 1307 7.04008198492e-05
1308 1308 1062.93830502
1309 1309 8.15798713268e-05
1310 1310 2134.94293674
1311 1311 5253.56671765
1312 1312 2093.8930018
1313 1313 7.78218308959e-06
1314 1314 8.94256242876e-05
1315 1315 6.7200152779e-05
1316 1316 4444.79106495
1317 1317 4.47308395943e-05
1318 1318 1.25924038499e-05
1319 1319 5.50006546136e-05
1320 1320 8.32789599267e-05
1321 1321 1.68931120102e-05
1322 1322 2.0278063619e-05
1323 1323 4.88937261719e-06
1324 1324 2530.55395876
1325 1325 4.97631944885e-05
1326 1326 3.82783095397e-05
1327 1327 7.69186459911e-05
1328 1328 4942.4867379
1329 1329 2.25253428807e-06
1330 1330 6.36926378166e-05
1331 1331 6.68024814476e-05
1332 1332 9.34858195829e-05
1333 1333 8.37879610891e-05
1334 1334 3.10832449751e-05
1335 1335 4.42333708859e-05
1336 1336 1.25307983222e-05
1337 1337 3.55641038445e-05
1338 1338 3.44462371959e-05
1339 1339 9.9678644e-05
1340 1340 8.20116278874e-05
1341 1341 5.16512286088e-05
1342 1342 8.16099911693e-05
1343 1343 6.14024252812e-06
1344 1344 9.91823519241e-05
1345 1345 8.42745001676e-05
1346 1346 1.09484710713e-06
1347 1347 1.29445065965e-05
1348 1348 6.88443844303e-05
1349 1349 3.96998715271e-05
1350 1350 2526.70856846
1351 1351 4667.70643213
1352 1352 8.70185663617e-05
1353 1353 1799.53818491
1354 1354 2.04169992068e-05
1355 1355 2936.64498039
1356 1356 2.1972045414e-05
1357 1357 2.68108492858e-05
1358 1358 7.5827094963e-05
1359 1359 591.544094488
1360 1360 2.7221713264e-05
1361 1361 5.92032338112e-05
1362 1362 9.10423382787e-05
1363 1363 2325.97220386
1364 1364 5509.0322908
1365 1365 5460.38731025
1366 1366 1.2039146652e-05
1367 1367 9.45797232353e-05
1368 1368 6.89776164502e-05
1369 1369 7.95689435577e-05
1370 1370 8.07236727388e-05
1371 1371 2.84645814096e-05
1372 1372 3.03513551833e-06
1373 1373 9.4332173868e-05
1374 1374 4.20708953382e-05
1375 1375 5.45458212272e-05
1376 1376 8.8885363923e-05
1377 1377 1.83785807588e-06
1378 1378 4156.7741465
1379 1379 1.27954254327e-05
1380 1380 5.82587543348e-05
1381 1381 8.59125753824e-05
1382 1382 8.88930947982e-05
1383 1383 5.12618411991e-05
1384 1384 3.0567642674e-05
1385 1385 2.81530620989e-05
1386 1386 2.47463826922e-05
1387 1387 7.61119837791e-05
1388 1388 2374.68498435
1389 1389 2198.96227879
1390 1390 8.95877388635e-05
1391 1391 876.07236248
1392 1392 3703.62372528
1393 1393 2.33833431893e-05
1394 1394 2.8391505129e-06
1395 1395 6.69395171444e-05
1396 1396 6.34250851603e-05
1397 1397 6.37585648281e-05
1398 1398 5.58536823513e-05
1399 1399 915.946298335
1400 1400 8.34188714835e-05
1401 1401 6.93023684778e-05
1402 1402 84.2260169254
1403 1403 2.84455238758e-07
1404 1404 4.72515937722e-05
1405 1405 3.53002018171e-05
1406 1406 6.55362752265e-05
1407 1407 8.68468860192e-05
1408 1408 1.36909210485e-05
1409 1409 8.08991962045e-05
1410 1410 6.1513099557e-05
1411 1411 7.9676863399e-05
1412 1412 1.31621487197e-05
1413 1413 4148.44950005
1414 1414 5.4003092312e-05
1415 1415 5.82584493425e-05
1416 1416 6.01229872214e-05
1417 1417 4942.38640528
1418 1418 7.75794039506e-05
1419 1419 4325.62386921
1420 1420 676.558166411
1421 1421 3.42042862094e-05
1422 1422 1.38178065066e-05
1423 1423 3.46707747835e-05
1424 1424 9.23132676129e-05
1425 1425 4472.0339763
1426 1426 8.2417613767e-05
1427 1427 6.40895787769e-05
1428 1428 9.45955019073e-05
1429 1429 8.87112727181e-05
1430 1430 408.294569489
1431 1431 6.66252389166e-06
1432 1432 3241.01125487
1433 1433 1.17004515442e-05
1434 1434 3486.51292179
1435 1435 4.12918432361e-05
1436 1436 2.08292627609e-05
1437 1437 9.52443553401e-05
1438 1438 6.2411365401e-05
1439 1439 4015.37198469
1440 1440 8.6110306006e-05
1441 1441 3.01883184523e-05
1442 1442 4351.09741562
1443 1443 4421.14990612
1444 1444 9.03293952554e-05
1445 1445 1551.28025532
1446 1446 1.7662841019e-05
1447 1447 4.26338537726e-05
1448 1448 2509.35219064
1449 1449 9.0248513905e-05
1450 1450 3825.20435336
1451 1451 1.62135108891e-05
1452 1452 6.49569438266e-05
1453 1453 5.50434261791e-05
1454 1454 7.80993220769e-05
1455 1455 8.53896558393e-05
1456 1456 7.5496889538e-05
1457 1457 1.44245412985e-05
1458 1458 2.18071982161e-05
1459 1459 6.1750850347e-05
1460 1460 1482.51894285
1461 1461 5.16180167013e-05
1462 1462 3157.49994732
1463 1463 2866.87737276
1464 1464 6.56571912651e-05
1465 1465 2044.69179739
1466 1466 1.21463941075e-05
1467 1467 2.38325505783e-05
1468 1468 9.20281336146e-06
1469 1469 3.93211989565e-05
1470 1470 4.08872740568e-06
1471 1471 7.90512878845e-05
1472 1472 1.43836395883e-05
1473 1473 4.7118156722e-05
1474 1474 7.68801507858e-05
1475 1475 8.80519590279e-05
1476 1476 5.38486600065e-05
1477 1477 2914.40954866
1478 1478 4802.39082207
1479 1479 1.50481787472e-05
1480 1480 2.90454958878e-05
1481 1481 1981.0901864
1482 1482 5.42591436022e-05
1483 1483 2.84605487781e-05
1484 1484 4248.74176894
1485 1485 6.18290464307e-06
1486 1486 7.24534938971e-05
1487 1487 4.87181794865e-05
1488 1488 9.99482694715e-05
1489 1489 8.43265587556e-05
1490 1490 6.32875616845e-05
1491 1491 6.3015256689e-05
1492 1492 5.48147745008e-05
1493 1493 9.56221686949e-05
1494 1494 5525.50777275
1495 1495 9.01190472972e-05
1496 1496 8.01205152952e-05
1497 1497 2794.42421411
1498 1498 4.14343705814e-05
1499 1499 4.91927509335e-05
1500 1500 1.70366901381e-05
1501 1501 3221.38748916
1502 1502 632.427069102
1503 1503 9.63180793219e-05
1504 1504 4.42420435127e-05
1505 1505 3.38984187547e-05
1506 1506 7.99326015025e-07
1507 1507 4.94058011493e-05
1508 1508 6.05489465158e-05
1509 1509 6.78280929338e-05
1510 1510 3.75776910227e-05
1511 1511 1.25370656615e-05
1512 1512 2.30789606104e-05
1513 1513 2.04050798275e-05
1514 1514 5.36676328031e-05
1515 1515 3.05404622029e-05
1516 1516 9.83954801665e-05
1517 1517 8.43099689839e-05
1518 1518 3558.88897698
1519 1519 9.57970948098e-05
1520 1520 6.01570472591e-05
1521 1521 5.6207458817e-05
1522 1522 6.71589528382e-05
1523 1523 8.22135641402e-05
1524 1524 7.41653974833e-05
1525 1525 8.39112328346e-05
1526 1526 1.74200963632e-05
1527 1527 9.06573391102e-05
1528 1528 5525.88748031
1529 1529 9.21583730052e-05
1530 1530 5.15555300454e-05
1531 1531 3.63750103334e-06
1532 1532 1.37649533026e-05
1533 1533 4.89369358588e-05
1534 1534 5.15346229913e-05
1535 1535 2035.57271221
1536 1536 6.20547759446e-05
1537 1537 7.90745961902e-06
1538 1538 2.12376668353e-05
1539 1539 3567.49567532
1540 1540 9.52981479911e-05
1541 1541 4843.28789947
1542 1542 4.09738727774e-05
1543 1543 7.60983160011e-05
1544 1544 4.05404114016e-05
1545 1545 8.22798668058e-05
1546 1546 4840.98643067
1547 1547 9.82681481333e-05
1548 1548 329.425264762
1549 1549 7.40279677036e-05
1550 1550 6.92703240509e-06
1551 1551 4.07530859068e-05
1552 1552 7.34060200661e-05
1553 1553 3801.74828254
1554 1554 5.44687653893e-05
1555 1555 3320.25637526
1556 1556 4.9092765821e-05
1557 1557 1.6164083476e-05
1558 1558 9.18692621999e-05
1559 1559 4.77903434924e-05
1560 1560 636.758808646
1561 1561 6.80239936039e-05
1562 1562 8.59376616658e-05
1563 1563 4808.40946446
1564 1564 4.93271563135e-05
1565 1565 1.2372956734e-05
1566 1566 2513.69044763
1567 1567 6.43109978995e-05
1568 1568 5314.24754127
1569 1569 9.55889405192e-05
1570 1570 7.28905664219e-06
1571 1571 8.8115564499e-05
1572 1572 1.25507053674e-06
1573 1573 3.81899541364e-05
1574 1574 3.58445355109e-05
1575 1575 3624.69357862
1576 1576 5.47861833758e-05
1577 1577 7.51316105311e-05
1578 1578 6.61788513499e-05
1579 1579 5.01726398259e-06
1580 1580 3335.58358998
1581 1581 8.97786061697e-05
1582 1582 6.38742701552e-05
1583 1583 5559.16181686
1584 1584 8.13072182489e-05
1585 1585 3.5866410329e-05
1586 1586 6.99670839572e-05
1587 1587 4297.35701613
1588 1588 5.65849337343e-05
1589 1589 9.56595982175e-06
1590 1590 5.47037881307e-05
1591 1591 3.022338753e-06
1592 1592 7.84537783723e-05
1593 1593 9.51889417231e-05
1594 1594 5.68999341416e-05
1595 1595 1.87907760919e-05
1596 1596 5220.52507043
1597 1597 2518.96053064
1598 1598 6.75567464131e-05
1599 1599 3615.62681316
1600 1600 1155.4780061
1601 1601 1.80585069872e-05
1602 1602 3.64131549298e-05
1603 1603 9.25238197793e-05
1604 1604 5.41185116915e-05
1605 1605 5.58703924632e-05
1606 1606 2748.43041799
1607 1607 7.98468022935e-05
1608 1608 4850.12461172
1609 1609 1143.83792735
1610 1610 6.21765834318e-05
1611 1611 9.25770527389e-05
1612 1612 3721.19117781
1613 1613 2.74864538645e-05
1614 1614 4.68854554879e-06
1615 1615 8.23951632057e-05
1616 1616 3697.92240824
1617 1617 9.77942700477e-05
1618 1618 6.86730161216e-06
1619 1619 7.47693261825e-05
1620 1620 8.41522507595e-05
1621 1621 1.77828690596e-07
1622 1622 1.16329711821e-05
1623 1623 1.90065622181e-06
1624 1624 5.15567973166e-05
1625 1625 7.3186357107e-06
1626 1626 7.38888944517e-06
1627 1627 254.135401736
1628 1628 5.55724048859e-05
1629 1629 2.88117225618e-05
1630 1630 9.79289710017e-05
1631 1631 7.97497548101e-05
1632 1632 2.18904434123e-05
1633 1633 6.26434451915e-05
1634 1634 3.59135682272e-05
1635 1635 910.191181894
1636 1636 3.21552424078e-05
1637 1637 8.52317598011e-05
1638 1638 2358.10078405
1639 1639 9.44205661326e-05
1640 1640 4.95042883458e-05
1641 1641 6.98686082103e-05
1642 1642 5.56353415582e-05
1643 1643 4044.24568657
1644 1644 9.01259603884e-05
1645 1645 8.69142934165e-05
1646 1646 2518.76298573
1647 1647 3448.71281708
1648 1648 1.61684174026e-05
1649 1649 3.43711160938e-05
1650 1650 9.76074970118e-05
1651 1651 5.68903707719e-06
1652 1652 8.59363760059e-05
1653 1653 2553.50017537
1654 1654 9.58167083702e-05
1655 1655 4.62653257615e-05
1656 1656 2.74701297849e-05
1657 1657 6.71708693238e-05
1658 1658 5575.39369527
1659 1659 4241.01922009
1660 1660 852.233055165
1661 1661 9.28051859749e-05
1662 1662 2.96499509428e-05
1663 1663 2345.45776949
1664 1664 6.0688157824e-05
1665 1665 2297.3379104
1666 1666 3.82282509219e-05
1667 1667 9.61803983088e-05
1668 1668 5.79518282948e-05
1669 1669 8.99598002188e-05
1670 1670 5.77537302558e-05
1671 1671 4942.26403423
1672 1672 4810.07720342
1673 1673 3.90520961412e-05
1674 1674 8.41961249362e-05
1675 1675 2.11259909878e-05
1676 1676 1.67689529049e-05
1677 1677 8.42852430299e-05
1678 1678 7.94638595783e-05
1679 1679 3076.22470922
1680 1680 303.760472143
1681 1681 9.82580261545e-05
1682 1682 4.94086010246e-05
1683 1683 2.1364801395e-05
1684 1684 2.4868331482e-05
1685 1685 4678.74956526
1686 1686 7.32659945066e-05
1687 1687 2132.5123165
1688 1688 9.32112497056e-05
1689 1689 1433.42199033
1690 1690 3.25649224614e-05
1691 1691 2.77663668377e-05
1692 1692 9.4888867299e-05
1693 1693 7.40129365218e-05
1694 1694 4.70788514467e-05
1695 1695 3.72898016624e-05
1696 1696 2.34614029478e-05
1697 1697 9.1616004712e-05
1698 1698 3214.12798998
1699 1699 4.90785357626e-05
1700 1700 4671.20494807
1701 1701 4.07240601904e-05
1702 1702 6.14128436216e-06
1703 1703 3.52764500868e-06
1704 1704 8.24716841411e-05
1705 1705 7.36659268498e-05
1706 1706 5143.7427058
1707 1707 3449.6258512
1708 1708 4.34328089774e-05
1709 1709 1.58045296508e-05
1710 1710 3.56637385592e-06
1711 1711 1.92131638395e-05
1712 1712 275.575116914
1713 1713 4.35702889867e-05
1714 1714 3.9394038335e-05
1715 1715 5150.34902279
1716 1716 4.66263998367e-05
1717 1717 2922.17940833
1718 1718 773.704571594
1719 1719 6.24589029509e-05
1720 1720 1.5644698148e-05
1721 1721 1.36263866483e-06
1722 1722 2157.31730056
1723 1723 1708.69861047
1724 1724 153.881359021
1725 1725 6.51712676961e-05
1726 1726 1.79986746432e-05
1727 1727 3331.64790304
1728 1728 1.70961728083e-05
1729 1729 3.58147572526e-05
1730 1730 2.57819191106e-05
1731 1731 1.74073718617e-05
1732 1732 5.7550761955e-05
1733 1733 2028.9043644
1734 1734 8.54271638283e-05
1735 1735 2413.36139222
1736 1736 8.21140147719e-05
1737 1737 4.04311064552e-05
1738 1738 9.9541892316e-05
1739 1739 6.44078339684e-05
1740 1740 6.15141021437e-05
1741 1741 6.6934571168e-05
1742 1742 9.55375218173e-05
1743 1743 8.51978763016e-05
1744 1744 4.93666857306e-05
1745 1745 4.23355130467e-05
1746 1746 1.17644129559e-06
1747 1747 3.65287598174e-05
1748 1748 5.33856742896e-05
1749 1749 3.5217387004e-05
1750 1750 1.00841146893e-05
1751 1751 5552.42200083
1752 1752 6.35495926181e-05
1753 1753 2.5595361528e-05
1754 1754 5.30678325836e-06
1755 1755 8.37838389912e-05
1756 1756 4.55142626054e-06
1757 1757 4.92010071209e-05
1758 1758 1.09799137892e-05
1759 1759 6.47446951006e-05
1760 1760 1.15481155943e-05
1761 1761 1129.42029962
1762 1762 2.46955310888e-05
1763 1763 8.2894872964e-05
1764 1764 1509.8695935
1765 1765 2987.95659991
1766 1766 6.04806618509e-05
1767 1767 2.71233044819e-05
1768 1768 620.777837642
1769 1769 6.58875117795e-05
1770 1770 9.64671167897e-05
1771 1771 6.77419851792e-05
1772 1772 1.28471660923e-05
1773 1773 1066.89735345
1774 1774 3770.88390273
1775 1775 89.0834167338
1776 1776 8.30171230055e-05
1777 1777 185.600454515
1778 1778 4.91301882105e-06
1779 1779 7.97917930145e-06
1780 1780 1.79922850988e-05
1781 1781 6.1023889514e-05
1782 1782 9.4780048841e-05
1783 1783 3.29202498147e-05
1784 1784 1.61325697189e-05
1785 1785 7.44101584884e-05
1786 1786 8.62789705545e-05
1787 1787 477.693579302
1788 1788 5299.57534185
1789 1789 3769.67204236
1790 1790 679.573843751
1791 1791 7.5328726299e-05
1792 1792 8.0266520323e-05
1793 1793 8.72454846176e-05
1794 1794 8.29148976322e-05
1795 1795 3.44963885584e-05
1796 1796 8.18076698608e-05
1797 1797 1.91478074156e-05
1798 1798 5.48004590427e-06
1799 1799 2243.20257029
1800 1800 3478.75475214
1801 1801 6.24464072546e-05
1802 1802 4.97507128607e-05
1803 1803 4.22835492925e-05
1804 1804 8.23878202642e-05
1805 1805 6.84900072571e-05
1806 1806 2163.63059513
1807 1807 1030.10199797
1808 1808 2.59130552001e-05
1809 1809 4179.08511109
1810 1810 7.74833166778e-06
1811 1811 5.76499383997e-05
1812 1812 5197.64210532
1813 1813 5384.43440499
1814 1814 2.71749490612e-05
1815 1815 4.27942566916e-05
1816 1816 3.13103859313e-05
1817 1817 3.18751546441e-05
1818 1818 4064.40109797
1819 1819 6.83225914998e-05
1820 1820 9.91691559958e-05
1821 1821 7.3774720313e-05
1822 1822 3.06247890696e-05
1823 1823 9.32401872274e-06
1824 1824 3.73279679684e-05
1825 1825 5.25305163194e-05
1826 1826 6.46927369892e-06
1827 1827 9.24406451148e-05
1828 1828 4134.37867243
1829 1829 6.82186348657e-05
1830 1830 2232.04221951
1831 1831 4.69097086871e-05
1832 1832 9.52474770992e-05
1833 1833 5.32980587951e-05
1834 1834 8.44169903926e-05
1835 1835 2.13821444261e-05
1836 1836 8.98636208163e-05
1837 1837 2.75282560192e-05
1838 1838 1.2421952368e-05
1839 1839 2709.69096026
1840 1840 5.09557894294e-06
1841 1841 5239.90125639
1842 1842 2.11229386174e-05
1843 1843 4.1356980186e-05
1844 1844 1.01697508328e-05
1845 1845 2851.22650876
1846 1846 5.54608791559e-05
1847 1847 5.64870766312e-05
1848 1848 5.95108430627e-05
1849 1849 1.66049568343e-05
1850 1850 4.7073400013e-05
1851 1851 3607.43048988
1852 1852 2.37617459089e-05
1853 1853 5.24351615382e-05
1854 1854 7.44682182317e-05
1855 1855 8.29388088768e-05
1856 1856 7.42387257715e-05
1857 1857 7.52423778984e-05
1858 1858 4.25103417085e-05
1859 1859 2.31642211008e-05
1860 1860 6.05802586964e-05
1861 1861 3.52639432825e-05
1862 1862 4.75687603151e-05
1863 1863 3.37739616826e-05
1864 1864 4087.89503414
1865 1865 2.19472615396e-06
1866 1866 6.58794177546e-05
1867 1867 3.87650333334e-05
1868 1868 4.05469137642e-05
1869 1869 1597.63542329
1870 1870 9.64318745204e-06
1871 1871 822.584709123
1872 1872 7.99052286421e-06
1873 1873 9.36858081295e-05
1874 1874 9.59562917292e-05
1875 1875 3486.07993302
1876 1876 1361.39081444
1877 1877 6.77953513057e-05
1878 1878 4.90069877057e-05
1879 1879 7.73887752536e-05
1880 1880 9.61685133289e-05
1881 1881 5.56365478276e-05
1882 1882 2080.34640531
1883 1883 4501.6782819
1884 1884 3.74497266093e-05
1885 1885 9.24443653719e-05
1886 1886 9.55564455818e-05
1887 1887 3948.60809052
1888 1888 6.7937474163e-05
1889 1889 2539.1729711
1890 1890 1.44756402865e-05
1891 1891 2.70513020491e-05
1892 1892 6.67206410716e-05
1893 1893 4.84320599618e-05
1894 1894 1844.82630405
1895 1895 8.21839903348e-05
1896 1896 9.92469102913e-05
1897 1897 4.95255710353e-05
1898 1898 8.15784689187e-05
1899 1899 7.49203859641e-05
1900 1900 3078.77429589
1901 1901 3.91470679599e-05
1902 1902 8.57899979888e-05
1903 1903 9.30034642612e-05
1904 1904 4.54864573011e-05
1905 1905 7.30935464322e-05
1906 1906 4.65537368867e-05
1907 1907 9.89282532244e-05
1908 1908 9.85698194121e-05
1909 1909 4815.79454183
1910 1910 2.49102759236e-05
1911 1911 2.8168394021e-05
1912 1912 2.95372039043e-05
1913 1913 790.532680759
1914 1914 4023.04928613
1915 1915 3351.54466129
1916 1916 3557.76395361
1917 1917 1.21265522773e-05
1918 1918 4.10290580907e-05
1919 1919 4.02004942826e-05
1920 1920 7.32647394299e-05
1921 1921 2.08606908858e-05
1922 1922 1.99955851345e-05
1923 1923 3.47106416275e-05
1924 1924 6.29237712976e-05
1925 1925 8.7945124531e-05
1926 1926 8.02433099e-05
1927 1927 7.06926941642e-05
1928 1928 3.01968137578e-05
1929 1929 474.846170075
1930 1930 8.10493540323e-05
1931 1931 5.8526326283e-05
1932 1932 3.47217658677e-05
1933 1933 1.32147169565e-06
1934 1934 9.45247681022e-05
1935 1935 5.57341537951e-06
1936 1936 3.05831589552e-05
1937 1937 6.81782597133e-05
1938 1938 3.91148179305e-05
1939 1939 5.8875726088e-05
1940 1940 9.74479967976e-05
1941 1941 1419.38994781
1942 1942 9.56750090713e-05
1943 1943 3167.61174331
1944 1944 8.20156025138e-06
1945 1945 1.37084359956e-06
1946 1946 28.3729944145
1947 1947 3.89477061613e-07
1948 1948 3.84456625676e-05
1949 1949 1.73478299329e-05
1950 1950 8.36463819656e-05
1951 1951 3.24672012499e-05
1952 1952 1925.46715635
1953 1953 7.89041259065e-05
1954 1954 4.35243963768e-05
1955 1955 1593.82082484
1956 1956 5.78209590016e-06
1957 1957 3.19312916359e-05
1958 1958 2.05003925577e-05
1959 1959 5113.69681788
1960 1960 1549.44680865
1961 1961 2457.24476386
1962 1962 3471.01541498
1963 1963 6.72768009252e-07
1964 1964 1029.07285357
1965 1965 31.3847351168
1966 1966 4.38182158027e-05
1967 1967 2.26662103763e-05
1968 1968 5.12553030592e-05
1969 1969 4495.82249611
1970 1970 2000.63380552
1971 1971 5.58944193232e-05
1972 1972 5028.22751428
1973 1973 1608.23082036
1974 1974 2515.90210974
1975 1975 7.67890422332e-05
1976 1976 7.1887405753e-05
1977 1977 3797.83979029
1978 1978 7.30711560905e-06
1979 1979 4.9011963353e-06
1980 1980 4743.66527075
1981 1981 4.21149480637e-05
1982 1982 9.11439124459e-05
1983 1983 6.08371568612e-05
1984 1984 9.31647423729e-05
1985 1985 3.85146776945e-05
1986 1986 7.80121179976e-05
1987 1987 319.316277004
1988 1988 5.1258067616e-05
1989 1989 2.01948442033e-05
1990 1990 5.83104034852e-05
1991 1991 8.22266345502e-05
1992 1992 9.34963928091e-05
1993 1993 2.40635990974e-05
1994 1994 8.252935074e-05
1995 1995 1.63624695602e-05
1996 1996 2556.37943701
1997 1997 5.88115673871e-05
1998 1998 2775.83478082
1999 1999 3159.92512832
2000 2000 8.9492029224e-05
