1 1 4.76014245404e-05
2 2 8.39051692705e-05
3 3 4.92569744685e-05
4 4 3232.73324515
5 5 7.53974941129e-05
6 6 3.41327889888e-05
7 7 8.69247753826e-05
8 8 5133.2665878
9 9 3.43275722762e-05
10 10 3396.40180426
11 11 585.906248455
12 12 5.83121073769e-05
13 13 9.93640361034e-05
14 14 3.57450074677e-05
15 15 4.82509699214e-05
16 16 3.9436277835e-05
17 17 3.20331808338e-05
18 18 1.87037646511e-05
19 19 3.65968651424e-05
20 20 9.91459371707e-05
21 21 1925.19652267
22 22 9.94038586616e-05
23 23 1374.54339399
24 24 6.55741437605e-05
25 25 1.19500837156e-05
26 26 3.47518906363e-05
27 27 6.51950285716e-05
28 28 6.90113504962e-05
29 29 802.265352925
30 30 7.92614026351e-05
31 31 5222.71754796
32 32 8.78519380914e-05
33 33 7.27163016527e-05
34 34 1682.21798323
35 35 2691.41264911
36 36 4.91122469191e-05
37 37 1990.85030324
38 38 3.81133893726e-05
39 39 3.65375498455e-05
40 40 7.75286705046e-05
41 41 5.61600210261e-05
42 42 8.53635332488e-05
43 43 5.47490741803e-05
44 44 2.06480257648e-05
45 45 4.29854768204e-06
46 46 2198.17160663
47 47 4966.86181763
48 48 5.8483815631e-05
49 49 2.78091722299e-05
50 50 9.30095406399e-05
51 51 4833.7823872
52 52 6.56320095678e-05
53 53 3.44384072338e-05
54 54 3.60025556947e-05
55 55 5.96428394289e-05
56 56 2.45741313049e-05
57 57 4.27741363197e-05
58 58 8.38834152938e-05
59 59 8.70276555249e-05
60 60 2.16363614074e-05
61 61 2075.61866859
62 62 9.65464444807e-05
63 63 2.46571602016e-05
64 64 1.37204749198e-05
65 65 961.373155203
66 66 5283.23867444
67 67 3843.37927144
68 68 3.69400255484e-05
69 69 2.98190188484e-05
70 70 2964.16363624
71 71 7.5360419641e-05
72 72 2.12378338747e-05
73 73 3.03462844219e-05
74 74 2237.72821804
75 75 6.68372263383e-05
76 76 8.9672531793e-05
77 77 3.86935547572e-05
78 78 1.08638286096e-05
79 79 4.75834837821e-05
80 80 2.92019433061e-05
81 81 5.55501020024e-05
82 82 3926.89952082
83 83 9.72743192661e-05
84 84 42.4528751878
85 85 2.07267043962e-05
86 86 262.603182572
87 87 5.06122938016e-05
88 88 7.29812600386e-05
89 89 2139.95686841
90 90 6.22096744538e-05
91 91 1.91185477655e-05
92 92 5.34592099732e-05
93 93 7.61737169944e-05
94 94 4365.96835813
95 95 5.34679341379e-05
96 96 6.4266860011e-05
97 97 7.99652041218e-05
98 98 4.91850916516e-05
99 99 5.80209504893e-05
100 100 6.0943407352e-05
101 101 3.79679401085e-05
102 102 7.56263592049e-05
103 103 3.07279965916e-05
104 104 1.26182936757e-06
105 105 2.0568289997e-05
106 106 725.526762811
107 107 9.76745741705e-05
108 108 7.34075513268e-05
109 109 4.72118468224e-05
110 110 2927.11773654
111 111 6.1661640701e-05
112 112 2.2009096401e-05
113 113 3.42196348866e-05
114 114 5338.73870355
115 115 1368.79004999
116 116 4011.72088165
117 117 7.27038977235e-05
118 118 3.88340580774e-05
119 119 3.66387255204e-06
120 120 4.93820688888e-05
121 121 7.72853494855e-05
122 122 6.60475805094e-05
123 123 8.26440939066e-05
124 124 9.85466131092e-05
125 125 5506.62147231
126 126 9.44183086102e-05
127 127 2.51735036036e-06
128 128 3.06377454755e-05
129 129 2.87869798183e-05
130 130 1796.05614059
131 131 4.20712158463e-06
132 132 2.7126088747e-06
133 133 6.08608044773e-05
134 134 3.33634740654e-05
135 135 4.76191529782e-05
136 136 2.91692477403e-05
137 137 1.99382461634e-05
138 138 1.26103083184e-05
139 139 8.66353009249e-05
140 140 1.76659899461e-05
141 141 1.98146280243e-05
142 142 2353.2974085
143 143 3.6032208522e-05
144 144 8.02008516716e-05
145 145 2.57098582892e-05
146 146 4.23276265789e-05
147 147 2891.14543297
148 148 601.346212228
149 149 9.84950460251e-06
150 150 9.14747943234e-05
151 151 3969.84600199
152 152 3.90073933221e-05
153 153 6.6649874011e-05
154 154 4.3809358665e-05
155 155 4.75719322861e-05
156 156 5.3727653449e-05
157 157 2.84375989286e-05
158 158 5.8095979932e-05
159 159 1586.47999572
160 160 3641.41390017
161 161 6.00586216116e-05
162 162 1.91371698035e-05
163 163 8.90358877648e-05
164 164 2.73174251687e-05
165 165 2160.9812398
166 166 4.0778163877e-05
167 167 3909.31861723
168 168 8.69529663347e-05
169 169 1.57678851303e-05
170 170 858.126520143
171 171 4014.67293793
172 172 630.377310956
173 173 8.38269392349e-05
174 174 9.23700669154e-05
175 175 8.50266704703e-05
176 176 5501.55834443
177 177 8.49031536032e-05
178 178 5.1334271764e-06
179 179 3.43920183278e-05
180 180 5.71718344296e-06
181 181 1582.27896397
182 182 5011.68276137
183 183 3.764828864e-05
184 184 4450.16657954
185 185 5.44402722781e-05
186 186 5.24216404334e-05
187 187 7.37224839475e-05
188 188 7.0737235948e-05
189 189 2997.82684381
190 190 3376.1081465
191 191 7.77347995963e-05
192 192 8.26687176111e-05
193 193 8.01651376836e-05
194 194 6.81615666279e-05
195 195 3638.49554357
196 196 2.98030816686e-05
197 197 7.30621620215e-05
198 198 8.45741499175e-05
199 199 1145.88444942
200 200 7.57002810797e-05
201 201 5286.87974112
202 202 1.59038000644e-05
203 203 3.38386287768e-05
204 204 7.22231420383e-05
205 205 1.28437349076e-05
206 206 1.44857650753e-05
207 207 4.46539547368e-05
208 208 5.32486330066e-06
209 209 1618.1520604
210 210 4.84214747047e-05
211 211 2.59546816964e-05
212 212 4.2760018546e-05
213 213 1473.92628872
214 214 4088.69629792
215 215 2.43266207272e-05
216 216 6.07754730834e-05
217 217 9.00328299304e-05
218 218 4.20303949734e-05
219 219 7.798929773e-05
220 220 276.829671355
221 221 1.94364833981e-05
222 222 5.48345061401e-05
223 223 5.79884436135e-05
224 224 4.82199299273e-05
225 225 8.46195240124e-05
226 226 4.31187388202e-07
227 227 3.96424404032e-05
228 228 9.12811313391e-05
229 229 8.71920900636e-05
230 230 9.12794227318e-06
231 231 1.67123400718e-05
232 232 9.89270652739e-05
233 233 6.40934802654e-06
234 234 2.12895051168e-05
235 235 9.67353662516e-05
236 236 5.8002659736e-05
237 237 4693.04106746
238 238 2.54305518558e-05
239 239 9.47718275897e-05
240 240 1.21566078348e-05
241 241 1565.37889244
242 242 6.15567715781e-05
243 243 3.67998507962e-05
244 244 9.91813239546e-05
245 245 5229.95659305
246 246 4.81192800047e-05
247 247 7.12233648546e-05
248 248 8.15655551192e-05
249 249 3.11195060611e-05
250 250 933.41896823
251 251 3.56751698022e-05
252 252 5209.40761458
253 253 7.70977931756e-05
254 254 5.896264773e-05
255 255 5.77054709351e-05
256 256 3438.35034784
257 257 4.07785713893e-06
258 258 2.58679076715e-05
259 259 2.34555690118e-05
260 260 6.37524823305e-05
261 261 1386.5347539
262 262 2241.70527933
263 263 3073.14323504
264 264 1.27448168967e-06
265 265 5.46714311118e-05
266 266 2.26416728851e-06
267 267 2.67840274857e-05
268 268 1161.69940829
269 269 9.04508786366e-05
270 270 1.82540342631e-05
271 271 3590.3915447
272 272 589.319251539
273 273 9.32529840404e-05
274 274 5.14227010238e-05
275 275 2.22154734932e-05
276 276 1.89093914461e-05
277 277 4460.45093164
278 278 3.41599908507e-05
279 279 4.14220208119e-05
280 280 8.42778407863e-05
281 281 9.51270659725e-06
282 282 6.09979140623e-05
283 283 1586.83869741
284 284 1.32683312755e-05
285 285 3.91407363865e-06
286 286 5.61200002196e-05
287 287 2.94397913434e-05
288 288 2.10669238537e-05
289 289 911.722592942
290 290 2.59333952316e-05
291 291 2.09577225423e-05
292 292 1657.27324935
293 293 3184.1556023
294 294 3.76548694944e-05
295 295 3383.5941913
296 296 9.16522622458e-05
297 297 3.32617635696e-05
298 298 8.69185249868e-05
299 299 6.8101656434e-05
300 300 3579.26814274
301 301 4826.44593975
302 302 1.88852196576e-05
303 303 3144.82937852
304 304 7.72401872296e-05
305 305 9.01936009983e-05
306 306 7.90557293172e-05
307 307 9.46744703198e-05
308 308 3502.25848138
309 309 1.99458460969e-05
310 310 1.12467257436e-05
311 311 8.98825616511e-05
312 312 137.387306036
313 313 4231.59545917
314 314 2.07409870249e-05
315 315 9.05598161813e-05
316 316 2.38032455945e-05
317 317 5.02882863715e-05
318 318 9.48033780718e-06
319 319 4.74595092681e-05
320 320 9.41178525358e-05
321 321 8.50858585112e-05
322 322 1683.18542078
323 323 8.9735304247e-06
324 324 6.22014546105e-05
325 325 5.77543413089e-06
326 326 2.002561986e-05
327 327 4.63595163845e-05
328 328 6.22748904035e-05
329 329 5.78399525227e-05
330 330 4589.29373571
331 331 7.92060524003e-05
332 332 3.09180355659e-05
333 333 8.60017245354e-05
334 334 5.66435978468e-05
335 335 4899.40548984
336 336 3438.78467252
337 337 2.9567721721e-05
338 338 4.25804313902e-05
339 339 3766.9720913
340 340 6.17460238279e-05
341 341 1.27346213735e-05
342 342 4709.77474952
343 343 5.94962382992e-05
344 344 5.15699779436e-05
345 345 5.21960452266e-05
346 346 1.93443436439e-06
347 347 2.73230750554e-05
348 348 2.40850373193e-05
349 349 3.41723535221e-06
350 350 1.10414992906e-05
351 351 949.573917901
352 352 4116.78416533
353 353 6.18837269134e-05
354 354 3.95936547253e-05
355 355 3.67705624229e-05
356 356 7.02143706245e-05
357 357 7.97686639403e-05
358 358 2343.36794358
359 359 7.89135405382e-05
360 360 1.36726508734e-05
361 361 2361.16577369
362 362 2539.9506032
363 363 2.70354565055e-05
364 364 6.69406345538e-05
365 365 659.130098458
366 366 1.91704478728e-05
367 367 3.08046656381e-05
368 368 2.91295797191e-05
369 369 6.5712978535e-05
370 370 3937.00321666
371 371 1.82420662039e-05
372 372 6.20815454487e-05
373 373 7.8836440715e-05
374 374 3659.93645817
375 375 6.57213285023e-05
376 376 4.31799812798e-05
377 377 1.96314077679e-05
378 378 6.86740856084e-05
379 379 4.89734579478e-06
380 380 9.99685693744e-05
381 381 3.77092514209e-05
382 382 5.61381103161e-05
383 383 2.71278561246e-05
384 384 8.21000265157e-05
385 385 1.43208147531e-05
386 386 1495.81080407
387 387 9.16260984562e-05
388 388 2543.3220258
389 389 9.08943168465e-05
390 390 4.18540354435e-05
391 391 9.93354920911e-05
392 392 6.96571473065e-05
393 393 6.09988850705e-05
394 394 1.60066973459e-05
395 395 97.0338602022
396 396 7.16442614163e-05
397 397 3636.24300084
398 398 55.6151548612
399 399 5.07621932689e-05
400 400 6.26559727072e-06
401 401 6.83254665458e-05
402 402 4741.33250392
403 403 1079.76489523
404 404 7.45486459139e-05
405 405 7.07111280774e-05
406 406 2489.27691059
407 407 3.82537137912e-06
408 408 2422.56280658
409 409 5.20110979472e-05
410 410 5.5083563446e-05
411 411 5.65405037601e-05
412 412 2.8471525594e-05
413 413 9.72044160039e-05
414 414 8.10238318694e-05
415 415 2.36785260525e-05
416 416 3.22811223436e-05
417 417 8.28593403668e-05
418 418 39.6467659296
419 419 1055.71714861
420 420 7.20774414871e-06
421 421 3650.49820966
422 422 5.34833690156e-05
423 423 1.58531504895e-05
424 424 1638.17886859
425 425 6.3972006488e-05
426 426 4972.24979782
427 427 7.40296437475e-05
428 428 2.71651186753e-05
429 429 1.72084004588e-05
430 430 1123.56012834
431 431 8.03328051153e-06
432 432 4529.0521179
433 433 3006.74972656
434 434 3.78500734086e-05
435 435 4.47026968032e-05
436 436 3992.77349546
437 437 9.81654630859e-05
438 438 1.34352083363e-05
439 439 4.02503224546e-05
440 440 2.75920920904e-05
441 441 5.97956654009e-05
442 442 4.05021235057e-05
443 443 5293.003002
444 444 9.56661533587e-05
445 445 1.0476311227e-05
446 446 1.21576953983e-05
447 447 4.492734048e-05
448 448 6.05914148554e-05
449 449 3.54318169201e-05
450 450 8.47463979291e-05
451 451 7.59423687903e-05
452 452 1175.3939779
453 453 4809.19288398
454 454 24.1259763541
455 455 552.21456343
456 456 755.931040093
457 457 6.56142036289e-05
458 458 4809.60154128
459 459 5535.87436034
460 460 3.79525744653e-05
461 461 4.9169966808e-05
462 462 1524.74278134
463 463 2615.6054942
464 464 4.32270542548e-05
465 465 8.07866770065e-05
466 466 9.40613360142e-05
467 467 5542.43182963
468 468 3249.3485252
469 469 1.22415158265e-05
470 470 7.86777955517e-06
471 471 8.1426966411e-06
472 472 5.9257278103e-05
473 473 4481.57816439
474 474 4720.63796285
475 475 1.27544097734e-05
476 476 5.50058921973e-05
477 477 1.5644456568e-06
478 478 3.99200511344e-05
479 479 4.26670004938e-05
480 480 4.90115705266e-05
481 481 4.02568015681e-05
482 482 5.7318826418e-05
483 483 3.02700367277e-05
484 484 8.49976373546e-05
485 485 9.52366948554e-06
486 486 3.63752292948e-05
487 487 3.43044779029e-05
488 488 1606.93562961
489 489 7.33926504148e-05
490 490 5.12781336257e-05
491 491 9.41307635734e-05
492 492 3.65370111298e-05
493 493 3.40138853586e-06
494 494 1.69937793182e-05
495 495 7.8617347743e-05
496 496 1135.55497281
497 497 6.75237222961e-05
498 498 298.122896579
499 499 9.31134221494e-05
500 500 1092.97701103
501 501 5.3637068938e-05
502 502 7.20292503176e-05
503 503 4.79572651348e-05
504 504 9.91649476025e-05
505 505 524.725663698
506 506 2941.09388346
507 507 3628.58532662
508 508 6.92572255467e-05
509 509 8.32616314054e-05
510 510 1.7935021897e-05
511 511 9.92497941087e-05
512 512 6.17592682367e-06
513 513 6.28367054351e-05
514 514 8.46935798073e-05
515 515 5.47404254887e-07
516 516 917.001807179
517 517 1235.40516179
518 518 6.41071694654e-05
519 519 2.52145215367e-05
520 520 8.25004948212e-05
521 521 9.11718118502e-05
522 522 5.84451052258e-05
523 523 1421.34367582
524 524 4454.7952311
525 525 5.95018812494e-05
526 526 2.1039494642e-05
527 527 1.12575199816e-05
528 528 4.50955410948e-05
529 529 735.907668419
530 530 5.00867839487e-05
531 531 4.46168864192e-05
532 532 4441.44552353
533 533 6.45544211115e-05
534 534 3.10555721113e-05
535 535 1.86637136546e-05
536 536 2.16432694844e-05
537 537 4588.92383168
538 538 6.58015278056e-06
539 539 9.09787518147e-05
540 540 902.947715343
541 541 3454.72085181
542 542 4.75120859316e-05
543 543 9.8316301934e-05
544 544 3523.4170727
545 545 3002.23330452
546 546 8.25663965364e-05
547 547 2.23150650503e-05
548 548 8.74289458153e-05
549 549 6.56773277632e-05
550 550 6.41848920485e-05
551 551 4.28189214993e-05
552 552 292.894204372
553 553 8.03792352418e-05
554 554 683.831120628
555 555 6.75202130428e-05
556 556 7.13383151771e-05
557 557 9.43387162989e-05
558 558 9.15866096637e-05
559 559 3.45167309647e-05
560 560 1.64075664796e-05
561 561 1768.7359473
562 562 7.2851942042e-06
563 563 5.38995372685e-05
564 564 4.31645240681e-05
565 565 9.84659062078e-05
566 566 6.37976000393e-05
567 567 2124.368442
568 568 4.84674489915e-05
569 569 9.79218812413e-05
570 570 5.47811860474e-05
571 571 5.01170475261e-05
572 572 2.07400074416e-05
573 573 3.58318422339e-05
574 574 5.93582848677e-05
575 575 4181.56890999
576 576 4.2408734229e-05
577 577 4.22160696706e-05
578 578 5.13688948174e-05
579 579 8.47350501768e-05
580 580 1445.96527694
581 581 2541.12861119
582 582 5.49542143452e-05
583 583 2.95235899443e-05
584 584 3.00163631002e-05
585 585 7.38863666138e-05
586 586 8.03770802642e-05
587 587 3.25603934833e-05
588 588 5.37695497918e-05
589 589 8.57302841586e-05
590 590 4.64193339031e-05
591 591 2.27848925743e-05
592 592 6.36488688903e-05
593 593 4.28219581646e-05
594 594 5.25587480316e-05
595 595 7.34699741692e-05
596 596 5.31203167883e-05
597 597 2701.52432939
598 598 7.76095392329e-05
599 599 2.21091953255e-05
600 600 7.28699292545e-05
601 601 6.857894593e-05
602 602 1.32931928658e-05
603 603 2.25600342821e-05
604 604 6.3509627865e-05
605 605 9.81044273322e-05
606 606 9.54047420915e-05
607 607 5191.14424107
608 608 2.69292522353e-05
609 609 8.28530843211e-05
610 610 3.65778556918e-06
611 611 5.19435414189e-05
612 612 2.94332258859e-05
613 613 8.7570578653e-05
614 614 7.47965694787e-05
615 615 5.85854958545e-05
616 616 3.20822651469e-06
617 617 7.73769882138e-05
618 618 641.739791633
619 619 4910.48407897
620 620 1.41685075853e-05
621 621 4166.85234568
622 622 1.76642005349e-05
623 623 4359.43748549
624 624 8.67197882749e-06
625 625 4978.37859173
626 626 6.45938464577e-05
627 627 4.36653350257e-05
628 628 3535.80446549
629 629 9.25907530168e-05
630 630 5.11278170333e-05
631 631 2.31195305067e-05
632 632 3.97641963091e-05
633 633 4.99066034439e-05
634 634 8.37700778233e-05
635 635 3268.19375675
636 636 9.90638664313e-05
637 637 9.97359784855e-05
638 638 5360.99735298
639 639 5.99318711547e-05
640 640 4.47547307073e-05
641 641 22.4606976209
642 642 1.26076080623e-05
643 643 6.97683216898e-05
644 644 406.540624764
645 645 4.0369269481e-05
646 646 3121.280552
647 647 5581.35458392
648 648 8.63401829798e-05
649 649 4447.9877883
650 650 5.12805935984e-05
651 651 2.14338171763e-05
652 652 1203.58708501
653 653 5.51507892231e-05
654 654 2.73380440464e-05
655 655 2.3406548365e-06
656 656 9.35728594865e-05
657 657 5.76704060826e-06
658 658 8.72316458167e-05
659 659 4342.80077322
660 660 2.99860914414e-05
661 661 3490.59339779
662 662 8.43652101831e-05
663 663 7.90568284052e-05
664 664 3354.33825725
665 665 2.15449923836e-05
666 666 7.03374770462e-05
667 667 8.15941998654e-05
668 668 2.44012662044e-05
669 669 2.37436009975e-05
670 670 5235.83045773
671 671 4112.06298533
672 672 606.444535088
673 673 7.50319588675e-05
674 674 3.93627952822e-05
675 675 3.83152033225e-05
676 676 3446.55790851
677 677 6.28717394351e-05
678 678 2.42279923946e-05
679 679 4.55243807277e-05
680 680 2.17783847282e-05
681 681 5.01054935513e-05
682 682 2.58173524341e-05
683 683 7.55215420518e-05
684 684 8.16483977996e-05
685 685 8.05657998336e-05
686 686 2.1946099458e-05
687 687 9.78127670466e-05
688 688 4.84463317288e-05
689 689 8.26413357581e-05
690 690 7.57644402483e-05
691 691 3.72569646216e-05
692 692 420.020730057
693 693 3.45050932021e-05
694 694 2933.21266525
695 695 9.20989257627e-05
696 696 5.60199491907e-05
697 697 3.36521295139e-05
698 698 8.33189206201e-05
699 699 6.50632771915e-05
700 700 6.24864312735e-05
701 701 7.26458993266e-05
702 702 5.25331702138e-05
703 703 4.60430958403e-05
704 704 6.87269007052e-05
705 705 1277.89407864
706 706 5589.02365803
707 707 2.15888794246e-05
708 708 4.23089642599e-05
709 709 9.04695608595e-05
710 710 5.09424856252e-05
711 711 2.33317875255e-05
712 712 3.766746572e-05
713 713 3.30432272905e-06
714 714 3689.26873072
715 715 6.81070582428e-05
716 716 1.6670474342e-05
717 717 2.73597207588e-05
718 718 6.51962256468e-05
719 719 2.73913458914e-05
720 720 1076.16926236
721 721 4226.69700833
722 722 7.12523461271e-06
723 723 8.83810624531e-05
724 724 3.68195367041e-05
725 725 8.04315489039e-05
726 726 3064.2329215
727 727 5304.09725827
728 728 5.20258377575e-06
729 729 2.9223516689e-05
730 730 2953.00633089
731 731 3762.33785738
732 732 9.3887201919e-05
733 733 8.72139437217e-05
734 734 1.27801037471e-05
735 735 5.80123172237e-05
736 736 2.80604630774e-05
737 737 2.08622235716e-05
738 738 6.62827437947e-06
739 739 5333.15918182
740 740 4.69734583415e-05
741 741 4142.33037229
742 742 8.81067626886e-05
743 743 6.68144312885e-05
744 744 5004.76929103
745 745 5319.47221188
746 746 6.75637260239e-06
747 747 7.89745417896e-07
748 748 7.15342161962e-06
749 749 975.742168736
750 750 4518.99305359
751 751 7.36453788878e-06
752 752 2881.59415336
753 753 1.99587934969e-05
754 754 2.86405552804e-05
755 755 2.75652164406e-06
756 756 4000.07869393
757 757 2.25869146933e-05
758 758 206.595522013
759 759 1411.42785699
760 760 3.60083676249e-05
761 761 8.20850106977e-05
762 762 3.42093187563e-05
763 763 2.57674813949e-06
764 764 3385.81670128
765 765 2.86516798726e-05
766 766 1.87622203395e-05
767 767 5.31047259037e-05
768 768 4.82417744358e-05
769 769 7.01160856355e-05
770 770 7.03528791559e-05
771 771 7.20625442055e-05
772 772 3.64523684003e-05
773 773 1675.84192453
774 774 4.98474908694e-05
775 775 2.70866794001e-05
776 776 8.0241183753e-05
777 777 3.91562119448e-05
778 778 3745.16776434
779 779 6.34204759051e-05
780 780 3.20755091772e-05
781 781 5.10414827106e-05
782 782 4.6572121749e-05
783 783 5.13715069058e-05
784 784 5.96429359154e-06
785 785 1.73782124182e-05
786 786 8.49230788475e-05
787 787 4.84944997406e-05
788 788 3.63784352364e-05
789 789 3.87482756995e-05
790 790 3.3153911514e-05
791 791 1.26278818477e-05
792 792 2512.01203445
793 793 5.73648427909e-05
794 794 3.65050207155e-05
795 795 8.58183026219e-06
796 796 1.03932364992e-05
797 797 1968.73784182
798 798 5.56529245091e-05
799 799 2.02998374178e-05
800 800 9.34830357844e-05
801 801 7.97545953663e-05
802 802 8.90003194207e-05
803 803 1532.60488668
804 804 885.503928465
805 805 2.74721955745e-05
806 806 7.63971137765e-05
807 807 1.90172082421e-05
808 808 9.73320378308e-05
809 809 2775.88512215
810 810 2.9105429206e-05
811 811 6.96757106389e-05
812 812 4.98928083626e-05
813 813 4110.50659186
814 814 5.28940120847e-05
815 815 1.86355300594e-05
816 816 6.22857263592e-05
817 817 6.55449145892e-05
818 818 4.80037506225e-06
819 819 5.16418998935e-05
820 820 1179.69061052
821 821 4029.60232604
822 822 8.36737669092e-05
823 823 6.22832242473e-05
824 824 2511.24791561
825 825 3838.76594606
826 826 1205.24827313
827 827 1589.0134009
828 828 6.64731628682e-06
829 829 2706.31661824
830 830 3.08768557605e-05
831 831 8.48433052758e-05
832 832 5.3938054267e-05
833 833 4.31993359406e-05
834 834 1337.2221188
835 835 5109.7619611
836 836 2164.79888416
837 837 3.45512238996e-05
838 838 1879.28959128
839 839 7.7679711581e-05
840 840 4.1662671897e-05
841 841 1762.02652243
842 842 6.77210059726e-05
843 843 6.692200736e-05
844 844 1492.25926214
845 845 6.77575614556e-05
846 846 3938.82856326
847 847 2.6535280155e-07
848 848 7.67319604318e-05
849 849 7.92132375593e-05
850 850 1.2464239824e-05
851 851 8.74794097687e-05
852 852 866.46215665
853 853 3.7273249389e-05
854 854 6.83688499962e-05
855 855 2630.39529029
856 856 7.21036358417e-05
857 857 3.30294156683e-05
858 858 7.73439152921e-06
859 859 5.91439462109e-05
860 860 9.042648929e-05
861 861 345.716165061
862 862 4.76197350407e-05
863 863 5.04311703397e-05
864 864 2865.04471287
865 865 2.84625538399e-05
866 866 3.45172517837e-05
867 867 3.51109719479e-05
868 868 9.23980202742e-05
869 869 1.5066759832e-05
870 870 8.45354618666e-05
871 871 3.74253044083e-05
872 872 5.55642052883e-05
873 873 8.00321616744e-05
874 874 8.189013035e-05
875 875 3923.58060562
876 876 3.59716534827e-06
877 877 8.07314184674e-06
878 878 2360.80591646
879 879 6.90343973658e-05
880 880 3770.20356639
881 881 3356.92971467
882 882 2.33705503109e-05
883 883 4.32428083755e-05
884 884 3.25982433438e-05
885 885 918.502652141
886 886 3624.01330353
887 887 4.88881852637e-05
888 888 1.13501429858e-05
889 889 3.87568109302e-05
890 890 7.61584224124e-05
891 891 4.22848187009e-05
892 892 9.31130813884e-05
893 893 5.46872019719e-05
894 894 5.19689254911e-05
895 895 5.15510881242e-05
896 896 7.58425886145e-05
897 897 6.96155211185e-05
898 898 9.66670109485e-05
899 899 2284.64403342
900 900 1.26547003489e-05
901 901 5.39285900348e-05
902 902 5.15811631899e-06
903 903 2.89754303172e-06
904 904 5.80241418807e-05
905 905 9.82416678564e-05
906 906 9.07982373539e-05
907 907 1441.08882182
908 908 9.24609847665e-05
909 909 1.44538551376e-05
910 910 6.72353099277e-05
911 911 1.17679762059e-05
912 912 2189.60157902
913 913 488.875782979
914 914 2611.97993843
915 915 6.80910414389e-05
916 916 9.96684949058e-05
917 917 4.81578819404e-05
918 918 3.76321914353e-05
919 919 9.38700846982e-05
920 920 5339.15754988
921 921 5.03984738379e-05
922 922 5.3748137204e-05
923 923 3.50321898104e-05
924 924 3.19033389963e-05
925 925 2656.32523386
926 926 6.1874751257e-05
927 927 2.05862909218e-05
928 928 4527.5141524
929 929 3.52394769175e-05
930 930 1900.61342543
931 931 5.26925233278e-05
932 932 2.13859592596e-05
933 933 2.56235804235e-05
934 934 9.69434738971e-05
935 935 7.17505212939e-05
936 936 7.52390272237e-06
937 937 157.874266793
938 938 1.96890957137e-05
939 939 2.80843042326e-05
940 940 7.21367089126e-05
941 941 4791.23932219
942 942 4.10274270949e-05
943 943 2117.44710055
944 944 5.07961720776e-05
945 945 6.39767378905e-05
946 946 9.29389313169e-05
947 947 1673.84593529
948 948 3.58394371378e-05
949 949 6.48060776331e-05
950 950 3.42266250409e-05
951 951 6.76125337726e-05
952 952 4057.12801023
953 953 9.3363215852e-05
954 954 1603.11493348
955 955 7.12198219528e-06
956 956 9.54782422938e-06
957 957 3.27756065939e-05
958 958 6.03602377276e-05
959 959 9.42895557981e-05
960 960 2.57491305825e-05
961 961 2.47168820717e-08
962 962 6.26377034332e-05
963 963 5.96920200799e-05
964 964 8.99706159082e-05
965 965 3582.81866195
966 966 2787.7795501
967 967 7.34176343416e-05
968 968 9.07341154472e-05
969 969 5.33452571403e-05
970 970 5.22959256928e-05
971 971 7.64599824022e-05
972 972 6.85214766336e-05
973 973 297.779157471
974 974 1.92648688403e-05
975 975 6.89667049437e-05
976 976 1819.10275683
977 977 2.76918234606e-05
978 978 7.35756839737e-05
979 979 4338.50397783
980 980 6.53933697565e-05
981 981 5473.24565935
982 982 4.94221316109e-05
983 983 7.92683479364e-05
984 984 8.10088685886e-05
985 985 2.66247918159e-05
986 986 8.9117834086e-05
987 987 4.79224645789e-05
988 988 2525.27042847
989 989 6.6328485649e-05
990 990 6.9116641366e-05
991 991 1.87101757764e-05
992 992 7.26370784738e-05
993 993 5.65266445969e-05
994 994 2933.16923037
995 995 7.88974122242e-05
996 996 9.95173990672e-05
997 997 5.3549626237e-05
998 998 7.27700679679e-05
999 999 4.47784448686e-05
1000 1000 354.262425533
1001 1001 3.40727760708e-05
1002 1002 1.30204599167e-05
1003 1003 4084.8828278
1004 1004 3.00093209977e-06
1005 1005 7.30929119287e-05
1006 1006 1.23028904631e-05
1007 1007 2401.09769357
1008 1008 6.78896870876e-05
1009 1009 2181.31275984
1010 1010 2.75300072723e-05
1011 1011 5.32485487002e-05
1012 1012 8.9806178817e-05
1013 1013 4.65660699315e-05
1014 1014 3170.28320135
1015 1015 1.15867609096e-05
1016 1016 1082.64572804
1017 1017 1.04258356574e-05
1018 1018 6.21783046118e-05
1019 1019 5.7956714518e-05
1020 1020 829.217235415
1021 1021 341.438444624
1022 1022 6.22795989753e-05
1023 1023 7.52847877483e-05
1024 1024 6.67088795542e-05
1025 1025 7.56806454878e-05
1026 1026 5.4274738727e-05
1027 1027 5284.17882769
1028 1028 3.0490041088e-05
1029 1029 1.66011845552e-05
1030 1030 3.37119820401e-05
1031 1031 1.34345566955e-05
1032 1032 9.70618935484e-05
1033 1033 3.68967848103e-06
1034 1034 6.57945441736e-05
1035 1035 3.97006520986e-06
1036 1036 2.92472258374e-05
1037 1037 2798.22796759
1038 1038 2.14665739795e-05
1039 1039 8.8167918127e-05
1040 1040 4982.13466849
1041 1041 1.14922745263e-05
1042 1042 3.48341581406e-08
1043 1043 5.51753022655e-05
1044 1044 2.07773401925e-05
1045 1045 4.62704062917e-05
1046 1046 3.77632401119e-05
1047 1047 1.00589866428e-05
1048 1048 5.11524873571e-05
1049 1049 7.32017599623e-05
1050 1050 5.94894865807e-05
1051 1051 6.82330364797e-05
1052 1052 5.00518720964e-06
1053 1053 5.20632869297e-05
1054 1054 5.81601007415e-06
1055 1055 2508.58974103
1056 1056 6.85347756972e-05
1057 1057 1.28878572365e-05
1058 1058 4.2871038778e-06
1059 1059 8.17741808121e-05
1060 1060 1.32028479714e-05
1061 1061 3.43725209913e-05
1062 1062 8.35001466287e-05
1063 1063 2.51464258472e-05
1064 1064 8.77909334038e-05
1065 1065 836.631551088
1066 1066 5.08502126803e-05
1067 1067 6.95812349228e-05
1068 1068 8.75517477539e-05
1069 1069 2218.78617303
1070 1070 5239.19858744
1071 1071 2699.79700273
1072 1072 3.37767791693e-05
1073 1073 4970.87769142
1074 1074 5.90610721382e-05
1075 1075 3592.33034782
1076 1076 8.57593130899e-05
1077 1077 9.50898322548e-05
1078 1078 4.68853723295e-05
1079 1079 1.4415092817e-05
1080 1080 3993.5292554
1081 1081 5.04539512147e-05
1082 1082 3.11832473452e-05
1083 1083 5.21220166392e-05
1084 1084 2.49637883644e-06
1085 1085 2.82067440962e-05
1086 1086 1.999872501e-05
1087 1087 2.11428319364e-05
1088 1088 3198.57521355
1089 1089 7.33261647051e-05
1090 1090 3195.61016686
1091 1091 3.82986361063e-05
1092 1092 9.6661076559e-05
1093 1093 3512.10200179
1094 1094 6.96388092855e-05
1095 1095 5014.2462455
1096 1096 4098.14340565
1097 1097 4.86059429021e-05
1098 1098 4344.778415
1099 1099 6.81708996524e-05
1100 1100 1.87638191768e-05
1101 1101 4.50842269885e-05
1102 1102 3.38721441975e-05
1103 1103 9.19017430917e-06
1104 1104 8.82821639435e-05
1105 1105 3394.60178962
1106 1106 1.70757095802e-05
1107 1107 3.23423676487e-05
1108 1108 4.47055727111e-05
1109 1109 4298.83212139
1110 1110 9.96869786798e-05
1111 1111 1218.04833163
1112 1112 4.01956384799e-05
1113 1113 5.03796785213e-05
1114 1114 2411.08593315
1115 1115 7.8808199335e-05
1116 1116 8.26536232149e-05
1117 1117 3.79578501768e-05
1118 1118 7.72653195294e-05
1119 1119 4.29807373789e-05
1120 1120 3.34263800292e-05
1121 1121 5453.7416806
1122 1122 8.95639545909e-05
1123 1123 3699.44991081
1124 1124 6.08277370934e-05
1125 1125 4286.24037668
1126 1126 3.07178735466e-05
1127 1127 6.85347194225e-05
1128 1128 2.80279297113e-05
1129 1129 3448.15098987
1130 1130 5.23994506473e-05
1131 1131 1.57417249675e-05
1132 1132 7.24621184918e-05
1133 1133 9.91327511225e-05
1134 1134 6.81963386038e-05
1135 1135 592.174010611
1136 1136 4363.63192063
1137 1137 6.3955222025e-05
1138 1138 3950.14261666
1139 1139 192.463471024
1140 1140 2228.95439903
1141 1141 5.67564107741e-05
1142 1142 5058.74463238
1143 1143 1.67839867396e-05
1144 1144 6.84063788699e-05
1145 1145 4.255315777e-05
1146 1146 6.22733506232e-05
1147 1147 3300.83790688
1148 1148 2.74445976149e-05
1149 1149 3427.02872099
1150 1150 4.69994148393e-05
1151 1151 4.6884007902e-05
1152 1152 1.18921785025e-05
1153 1153 5.05767728437e-05
1154 1154 2489.46720769
1155 1155 4.18942176198e-05
1156 1156 3.46421855188e-05
1157 1157 5087.43205828
1158 1158 4.62628114401e-05
1159 1159 7.88517540871e-05
1160 1160 1.66222369604e-05
1161 1161 4.92174306382e-05
1162 1162 4371.52069381
1163 1163 8.92448881971e-05
1164 1164 774.701923913
1165 1165 2271.65768475
1166 1166 817.115914932
1167 1167 4765.45319482
1168 1168 3.25449641993e-05
1169 1169 5.90465039443e-05
1170 1170 3.34407126986e-05
1171 1171 360.555208854
1172 1172 7.68295600592e-05
1173 1173 2125.48043401
1174 1174 4.82136135402e-05
1175 1175 1.57332478338e-05
1176 1176 5.71857211859e-05
1177 1177 3.37388628746e-05
1178 1178 1.04049527938e-05
1179 1179 441.717838777
1180 1180 2.52627910112e-05
1181 1181 4.04133026636e-05
1182 1182 7.42203012187e-05
1183 1183 8.4948046707e-05
1184 1184 8.61383385095e-06
1185 1185 7.08879018701e-05
1186 1186 6.83424718495e-05
1187 1187 892.894112777
1188 1188 3.25275911408e-05
1189 1189 3905.08655429
1190 1190 1.03279853354e-05
1191 1191 7.79204853694e-05
1192 1192 7.85928534786e-05
1193 1193 1.33120545268e-05
1194 1194 1.31908406392e-05
1195 1195 299.925894484
1196 1196 8.82710902993e-05
1197 1197 4.68003720778e-05
1198 1198 2612.18548018
1199 1199 1.15672167839e-05
1200 1200 1679.55628564
1201 1201 1.15274232814e-05
1202 1202 1.14702512246e-05
1203 1203 1.04074704231e-05
1204 1204 4447.48416191
1205 1205 1.92507516135e-05
1206 1206 4.38081169559e-07
1207 1207 4165.2298383
1208 1208 7.6017223016e-06
1209 1209 6.01705792631e-05
1210 1210 4.71024455761e-05
1211 1211 2788.54297816
1212 1212 5.66629298001e-05
1213 1213 8.46453985866e-05
1214 1214 317.551046098
1215 1215 9.26518838873e-05
1216 1216 4.92126240531e-05
1217 1217 7.62958273371e-05
1218 1218 6.63884246218e-05
1219 1219 1.72224719191e-05
1220 1220 5.39400903578e-05
1221 1221 5.57384400981e-05
1222 1222 3961.18851785
1223 1223 3682.35515119
1224 1224 5.54413361745e-05
1225 1225 4.78471671906e-05
1226 1226 7.80448183868e-05
1227 1227 6.46543566685e-05
1228 1228 1264.24981759
1229 1229 8.84135709268e-05
1230 1230 3.4627418579e-05
1231 1231 4.35370757683e-05
1232 1232 1835.84452413
1233 1233 6.89565556754e-05
1234 1234 3.80499957876e-05
1235 1235 6.24999372808e-05
1236 1236 5.61056789802e-05
1237 1237 2.88467719602e-05
1238 1238 3.73176524517e-05
1239 1239 8.38590245082e-05
1240 1240 7.00959402932e-05
1241 1241 1607.08870285
1242 1242 3532.75719621
1243 1243 3.94771765114e-05
1244 1244 6.76393542484e-05
1245 1245 3.53151049013e-06
1246 1246 1318.17627552
1247 1247 3.70854757394e-05
1248 1248 6.02498145721e-05
1249 1249 2.83749814452e-05
1250 1250 661.675109665
1251 1251 1.83513515049e-05
1252 1252 8.83217073355e-05
1253 1253 2493.51860538
1254 1254 3.51371639878e-05
1255 1255 8.49062142148e-05
1256 1256 2.9621482028e-05
1257 1257 6.51307122754e-05
1258 1258 2.45993286221e-05
1259 1259 7.01277647939e-05
1260 1260 5.5814864639e-05
1261 1261 2177.56030264
1262 1262 2.89340883484e-07
1263 1263 4.89778690245e-05
1264 1264 3989.29073935
1265 1265 4.56848561736e-05
1266 1266 8.38452633579e-06
1267 1267 2.9589533289e-05
1268 1268 9.80560898325e-06
1269 1269 8.84242531903e-05
1270 1270 4.61278197802e-05
1271 1271 6.90200958853e-05
1272 1272 3.59322314208e-05
1273 1273 1.79790032472e-05
1274 1274 4.54343169066e-05
1275 1275 3.95606700377e-05
1276 1276 2.23738359383e-06
1277 1277 1.43513652959e-05
1278 1278 3.15283211904e-05
1279 1279 2.71727734014e-05
1280 1280 8.86890884729e-06
1281 1281 5.38034492378e-05
1282 1282 6.89711538719e-05
1283 1283 6.67036334036e-05
1284 1284 2.32463554369e-05
1285 1285 2404.62528182
1286 1286 8.50132536788e-05
1287 1287 5.59069383499e-05
1288 1288 4443.83767435
1289 1289 3.75054919418e-05
1290 1290 8.74171019328e-05
1291 1291 1.35655327086e-05
1292 1292 9.90971977469e-05
1293 1293 6.84252228002e-05
1294 1294 4.92003974126e-05
1295 1295 4402.96664904
1296 1296 5.45555199172e-06
1297 1297 7.49763941245e-06
1298 1298 1101.71655385
1299 1299 8.90370623003e-05
1300 1300 327.524434369
1301 1301 1.31176606443e-05
1302 1302 5.08736827853e-05
1303 1303 1949.60632219
1304 1304 4032.47197062
1305 1305 7.98563545387e-05
1306 1306 8.13768158758e-05
1307 1307 7.95822325385e-05
1308 1308 872.963558526
1309 1309 8.56589665551e-05
1310 1310 2.79135974639e-05
1311 1311 4.2639198837e-05
1312 1312 1.682719895e-05
1313 1313 7.3168674128e-05
1314 1314 3.07015885099e-05
1315 1315 499.981095779
1316 1316 5.48085748887e-06
1317 1317 4.71416423075e-05
1318 1318 1.76576679816e-05
1319 1319 3444.15235285
1320 1320 2.57990779631e-05
1321 1321 8.07829259335e-05
1322 1322 8.99024469123e-05
1323 1323 967.826625238
1324 1324 8.48171348073e-05
1325 1325 6.15008030602e-05
1326 1326 2.13172260293e-05
1327 1327 3.82364987205e-05
1328 1328 4.93775439606e-06
1329 1329 7.88247007929e-07
1330 1330 1.88220199852e-05
1331 1331 3683.96608669
1332 1332 8.04277828122e-05
1333 1333 8.39852559387e-05
1334 1334 5.37540153659e-05
1335 1335 1005.80699849
1336 1336 1928.93845752
1337 1337 7.73981417401e-05
1338 1338 7.31988354833e-05
1339 1339 8.78907007292e-05
1340 1340 3.59199618874e-05
1341 1341 1.38934153318e-05
1342 1342 4.59357989577e-05
1343 1343 3.92166310582e-05
1344 1344 4188.74937391
1345 1345 5.73593186278e-05
1346 1346 7.64198466974e-05
1347 1347 2.40861280306e-05
1348 1348 4.16288837889e-05
1349 1349 6.91793130684e-05
1350 1350 2.62383456095e-05
1351 1351 1.56805027165e-05
1352 1352 4.94043731865e-05
1353 1353 3209.99693432
1354 1354 1.14819862515e-05
1355 1355 400.700249225
1356 1356 9.17269011983e-05
1357 1357 1705.87198123
1358 1358 3656.10571913
1359 1359 3.16815914948e-05
1360 1360 3.74253844962e-05
1361 1361 1.12527135361e-05
1362 1362 2.79305955744e-05
1363 1363 2161.83130599
1364 1364 9.20281025463e-05
1365 1365 1.25185283949e-05
1366 1366 7.85666995981e-05
1367 1367 2.15949523775e-05
1368 1368 8.51932023857e-05
1369 1369 5.40457100201e-06
1370 1370 9.99065489497e-05
1371 1371 9.88746780571e-05
1372 1372 1181.58947677
1373 1373 4.15631658241e-05
1374 1374 4.6254375899e-05
1375 1375 8.07351973892e-05
1376 1376 2.962561544e-05
1377 1377 368.152696475
1378 1378 9.22378339144e-05
1379 1379 5.46461734286e-05
1380 1380 5.65265176171e-05
1381 1381 8.25045440683e-05
1382 1382 4280.87078639
1383 1383 3.04757510655e-05
1384 1384 5.74723546715e-05
1385 1385 3.53996789461e-05
1386 1386 1.32041688669e-05
1387 1387 392.991980558
1388 1388 3.18509559999e-05
1389 1389 3.46484542492e-05
1390 1390 4998.412974
1391 1391 7.15770507624e-05
1392 1392 5.57049571673e-05
1393 1393 7.53640954073e-05
1394 1394 5.46105873189e-05
1395 1395 7.92017187312e-05
1396 1396 827.452310882
1397 1397 6.57550671205e-05
1398 1398 6.52785097265e-05
1399 1399 8.26401980129e-05
1400 1400 5.94057994697e-05
1401 1401 9.13216752525e-05
1402 1402 4.99721149994e-05
1403 1403 3073.34456914
1404 1404 5.00521954532e-05
1405 1405 7.73816217784e-05
1406 1406 5.70181778341e-05
1407 1407 4.74884911628e-05
1408 1408 1.83352754223e-05
1409 1409 5.04770808241e-05
1410 1410 1.9374222198e-05
1411 1411 9.96711422034e-05
1412 1412 1341.98772809
1413 1413 9.16869315401e-05
1414 1414 7.97856551445e-05
1415 1415 2.89094934601e-05
1416 1416 1.25330849293e-05
1417 1417 4.91873090323e-06
1418 1418 9.76169464422e-05
1419 1419 8.78134420468e-05
1420 1420 3.54902167408e-05
1421 1421 5.74451283043e-05
1422 1422 2238.64668644
1423 1423 4616.8179156
1424 1424 1622.72942384
1425 1425 6.20711800057e-05
1426 1426 2912.69391024
1427 1427 3.54550183034e-05
1428 1428 7.78167035932e-05
1429 1429 5174.90632463
1430 1430 3.78034677164e-05
1431 1431 8.1674411106e-05
1432 1432 1.43317270557e-05
1433 1433 5.45435623532e-05
1434 1434 4.2941400707e-05
1435 1435 6.72244065156e-05
1436 1436 1276.43202722
1437 1437 3.48492849622e-07
1438 1438 1.58861258386e-05
1439 1439 1779.27978418
1440 1440 6.94059178723e-05
1441 1441 4.87768910517e-05
1442 1442 2.49712939377e-05
1443 1443 1134.85864684
1444 1444 8.04310078856e-06
1445 1445 3.10744878985e-05
1446 1446 1.14282591722e-05
1447 1447 4.12246537268e-06
1448 1448 4240.97773214
1449 1449 5.38276286273e-05
1450 1450 5.82802080663e-05
1451 1451 6.74360319255e-05
1452 1452 4.1448720288e-05
1453 1453 9.1351671542e-05
1454 1454 8.47374289022e-05
1455 1455 1719.45908881
1456 1456 2955.87768835
1457 1457 9.57268312064e-05
1458 1458 2537.11750588
1459 1459 8.71381412918e-05
1460 1460 6.64745486949e-05
1461 1461 3.00834503349e-05
1462 1462 5.3524241541e-05
1463 1463 3.30713588224e-05
1464 1464 2.80012395925e-05
1465 1465 5250.09512375
1466 1466 7.97271545595e-05
1467 1467 6.88297421461e-05
1468 1468 2.81484861557e-06
1469 1469 3.34535756959e-05
1470 1470 5483.89050686
1471 1471 1.95592330543e-05
1472 1472 4312.88078924
1473 1473 7.0504364259e-06
1474 1474 3.27539533943e-05
1475 1475 4.93267991242e-05
1476 1476 9.90177717949e-05
1477 1477 3.39877722812e-05
1478 1478 1.12557234293e-05
1479 1479 9.30541160501e-05
1480 1480 7.30249903183e-05
1481 1481 3176.3262578
1482 1482 2264.45361712
1483 1483 201.452521196
1484 1484 7.65536435297e-05
1485 1485 2015.82704387
1486 1486 7.28000183973e-05
1487 1487 6.66142474829e-08
1488 1488 1.32804730701e-05
1489 1489 2503.95929204
1490 1490 1521.7896852
1491 1491 1.98290096143e-06
1492 1492 813.283725766
1493 1493 4.15994513498e-05
1494 1494 2697.01016949
1495 1495 5.23857084762e-05
1496 1496 9.02357173728e-05
1497 1497 5.31913147681e-05
1498 1498 6.93160874276e-05
1499 1499 6.74065859011e-05
1500 1500 2.75996524214e-05
1501 1501 4.32465887239e-05
1502 1502 1.21036013445e-05
1503 1503 8.785938716e-05
1504 1504 3.3841544767e-05
1505 1505 1.9788906829e-05
1506 1506 7.87870984838e-05
1507 1507 5.6425088459e-05
1508 1508 9.75741229992e-05
1509 1509 3058.44937054
1510 1510 7.62229596072e-05
1511 1511 419.702148303
1512 1512 4.83691848794e-05
1513 1513 5.43390779491e-05
1514 1514 6.1771756604e-05
1515 1515 4.23686251706e-05
1516 1516 7.64397682506e-06
1517 1517 5.71796056723e-05
1518 1518 179.640575548
1519 1519 4.6610605851e-05
1520 1520 2232.23275218
1521 1521 8.74523703517e-05
1522 1522 2326.56626368
1523 1523 2667.56383677
1524 1524 4457.18450469
1525 1525 1.47836176612e-05
1526 1526 9.88493457609e-05
1527 1527 3967.9618462
1528 1528 1.2008776512e-06
1529 1529 1874.31750434
1530 1530 8.18536349014e-05
1531 1531 8.31702859987e-05
1532 1532 9.55862817053e-05
1533 1533 3.96275805388e-05
1534 1534 8.66133043112e-05
1535 1535 4.17386316664e-05
1536 1536 2276.50559322
1537 1537 4.31071830958e-05
1538 1538 7.00672579831e-05
1539 1539 4.48320727521e-05
1540 1540 5.64133433737e-05
1541 1541 1.26262869023e-05
1542 1542 7.5196022273e-05
1543 1543 5.41268144045e-05
1544 1544 4.99575844563e-05
1545 1545 3292.90862945
1546 1546 3.21132817296e-05
1547 1547 3.11465037869e-05
1548 1548 2.03875980784e-05
1549 1549 2.42814950124e-06
1550 1550 8.31500629655e-05
1551 1551 5.84288779019e-05
1552 1552 4.0941389537e-05
1553 1553 8.68280908977e-05
1554 1554 9.3367138172e-05
1555 1555 9.87797441914e-05
1556 1556 3.95072767083e-06
1557 1557 3.99167475629e-06
1558 1558 1.00345151886e-06
1559 1559 5.96216412685e-05
1560 1560 6.41735852458e-05
1561 1561 2.61446633589e-05
1562 1562 4.91205099076e-05
1563 1563 5.13447772776e-05
1564 1564 6.13947971076e-05
1565 1565 4589.29361976
1566 1566 820.229455549
1567 1567 6.69008110075e-05
1568 1568 6.86996084414e-05
1569 1569 8.21861985955e-05
1570 1570 1.33529585208e-06
1571 1571 5.26351441175e-05
1572 1572 4167.66485083
1573 1573 3.66659553102e-05
1574 1574 6.66364212106e-05
1575 1575 5.43319486056e-05
1576 1576 1.75470546287e-06
1577 1577 8.04547993161e-06
1578 1578 2.7186915762e-05
1579 1579 5.32382272713e-05
1580 1580 673.546429528
1581 1581 6.11472920174e-05
1582 1582 7.21981048463e-05
1583 1583 2.96210140411e-05
1584 1584 8.8572197492e-05
1585 1585 6.57932973968e-05
1586 1586 2.18162846042e-05
1587 1587 5.07334195e-05
1588 1588 9.28696215595e-05
1589 1589 4.39358348581e-05
1590 1590 6.57529631532e-05
1591 1591 8.76001504481e-05
1592 1592 7.48350047676e-05
1593 1593 8.17791155109e-05
1594 1594 3.6121870279e-05
1595 1595 8.45462866702e-05
1596 1596 2.03370789234e-05
1597 1597 5.95171181612e-05
1598 1598 5208.96061237
1599 1599 2435.7756161
1600 1600 2806.40127295
1601 1601 4403.07496686
1602 1602 3.21237824047e-05
1603 1603 6.01470681235e-05
1604 1604 6.71460442228e-05
1605 1605 1879.61020214
1606 1606 4.10120031558e-05
1607 1607 6.78859720671e-06
1608 1608 3.44563277704e-05
1609 1609 4.68448108717e-05
1610 1610 5.83369767129e-05
1611 1611 4779.68317622
1612 1612 5.81406375975e-05
1613 1613 9.75262194303e-05
1614 1614 9.28258236337e-05
1615 1615 3.0328000318e-05
1616 1616 8.04602771753e-05
1617 1617 3.30739320944e-05
1618 1618 9.66964427561e-05
1619 1619 254.957308107
1620 1620 1.12930513253e-05
1621 1621 3.79699126112e-05
1622 1622 2724.21437604
1623 1623 8.7721511548e-05
1624 1624 4.01825065784e-05
1625 1625 7.71920683602e-05
1626 1626 4.77673300473e-05
1627 1627 4862.25492321
1628 1628 1.02185100386e-05
1629 1629 449.60524339
1630 1630 2738.19262155
1631 1631 5.54036899743e-06
1632 1632 2.45161102358e-05
1633 1633 3.80197941971e-05
1634 1634 1.64578836066e-05
1635 1635 1453.90313948
1636 1636 1.64162209654e-06
1637 1637 2.12523805396e-09
1638 1638 8.26301829742e-05
1639 1639 5.70539693377e-05
1640 1640 1.79106860869e-05
1641 1641 3.93321279994e-05
1642 1642 3.95065159773e-05
1643 1643 8.31090886748e-05
1644 1644 9.82621960265e-05
1645 1645 1.20203938448e-05
1646 1646 3.01935679814e-05
1647 1647 8.94479946332e-05
1648 1648 7.76035517899e-05
1649 1649 9.3036076367e-05
1650 1650 3.64002939433e-05
1651 1651 8.90753471636e-05
1652 1652 2.08123040551e-05
1653 1653 8.2247852211e-05
1654 1654 4779.00101763
1655 1655 2066.16497538
1656 1656 3.15132252658e-05
1657 1657 4122.95427373
1658 1658 9.45504850812e-05
1659 1659 4.20753672739e-05
1660 1660 8.41987146266e-05
1661 1661 5458.44842241
1662 1662 6.14406681533e-05
1663 1663 5.8551478442e-05
1664 1664 8.84589470508e-05
1665 1665 1.73410791393e-05
1666 1666 7.92594387498e-05
1667 1667 2830.85825345
1668 1668 2.78300997645e-06
1669 1669 8.32062544973e-05
1670 1670 9.10491800198e-05
1671 1671 2038.7618729
1672 1672 3.35087933632e-05
1673 1673 5.9843143333e-05
1674 1674 5101.38245605
1675 1675 4.0842737131e-05
1676 1676 656.726669314
1677 1677 3.90374566382e-05
1678 1678 2.89705548645e-05
1679 1679 3.25130297433e-05
1680 1680 7.90612561147e-06
1681 1681 2.35562159715e-05
1682 1682 1.36369420316e-05
1683 1683 5.37400160228e-05
1684 1684 6.03694295501e-05
1685 1685 5123.56390287
1686 1686 3.39446030792e-05
1687 1687 5333.03853468
1688 1688 7.91022734261e-05
1689 1689 4.72406424206e-05
1690 1690 5.07156856975e-06
1691 1691 1.38324198194e-07
1692 1692 6.41423123831e-05
1693 1693 2579.89424931
1694 1694 9.19777082239e-05
1695 1695 4.01376765777e-05
1696 1696 8.97641123609e-05
1697 1697 846.494770078
1698 1698 6.09157397716e-05
1699 1699 7.85736012694e-05
1700 1700 2.29443405557e-05
1701 1701 7.55340893185e-05
1702 1702 2.93902712121e-05
1703 1703 1930.19890368
1704 1704 4.22628137576e-05
1705 1705 2506.75396082
1706 1706 3124.18286878
1707 1707 7.99192953989e-05
1708 1708 2581.26840565
1709 1709 9.31012853415e-05
1710 1710 7.80929646686e-05
1711 1711 4.00637166966e-05
1712 1712 1.29909806347e-05
1713 1713 3.7139830353e-05
1714 1714 5470.45116437
1715 1715 4062.29166111
1716 1716 5191.84910137
1717 1717 2879.17805657
1718 1718 7.80178672983e-05
1719 1719 4.1267543196e-05
1720 1720 5443.67420419
1721 1721 1928.66885184
1722 1722 9.26891510883e-05
1723 1723 2889.16430668
1724 1724 7.05505698426e-05
1725 1725 1111.93434593
1726 1726 5370.25620376
1727 1727 2911.46185237
1728 1728 3178.50815604
1729 1729 726.573020532
1730 1730 1.17574720136e-05
1731 1731 2.65619176844e-05
1732 1732 8.31944657562e-05
1733 1733 1085.23486759
1734 1734 5.51420553245e-05
1735 1735 5.13155847696e-05
1736 1736 5.14294774901e-05
1737 1737 216.167595171
1738 1738 3.12947952128e-05
1739 1739 1.72598479252e-05
1740 1740 2.17801299476e-05
1741 1741 1.95945839054e-05
1742 1742 5.06230626898e-05
1743 1743 9.40639522974e-05
1744 1744 9.01995323886e-05
1745 1745 1373.95892974
1746 1746 6.71945078234e-05
1747 1747 1.53311952022e-06
1748 1748 6.01336541282e-05
1749 1749 2.42393114173e-05
1750 1750 9.68315277054e-05
1751 1751 3.68371867707e-05
1752 1752 8.56408978092e-05
1753 1753 5.37088933092e-05
1754 1754 9.53050752431e-05
1755 1755 2.42227982801e-05
1756 1756 9.96295965313e-05
1757 1757 4.71825083376e-05
1758 1758 2.48006558604e-05
1759 1759 9.81873463051e-05
1760 1760 9.14879203998e-05
1761 1761 4.86349466052e-05
1762 1762 5.45200083247e-05
1763 1763 4516.56223234
1764 1764 1.96401419243e-05
1765 1765 6.69869213377e-05
1766 1766 7.90838489107e-05
1767 1767 5.94979582963e-05
1768 1768 8.21414522986e-05
1769 1769 3.43653715536e-05
1770 1770 1645.25229606
1771 1771 4.93332988759e-05
1772 1772 1022.87637161
1773 1773 9.33298461956e-05
1774 1774 1536.62491597
1775 1775 7.80918683864e-05
1776 1776 8.67799232026e-05
1777 1777 8.42036407416e-05
1778 1778 9.7979216971e-05
1779 1779 5.50439300861e-05
1780 1780 4.13993352631e-05
1781 1781 5130.45768716
1782 1782 2.79981652024e-05
1783 1783 8.30784822127e-05
1784 1784 6.76306231837e-05
1785 1785 3.30064459214e-05
1786 1786 7.61397933444e-05
1787 1787 7.6756913784e-05
1788 1788 6.42485216412e-05
1789 1789 4.7915953243e-06
1790 1790 8.27708705942e-05
1791 1791 7.36335343716e-05
1792 1792 1.74297337802e-05
1793 1793 4.01142128092e-05
1794 1794 7.40537900878e-05
1795 1795 1.55989181734e-05
1796 1796 9.98001065252e-05
1797 1797 7.59761672486e-05
1798 1798 8.74591847032e-05
1799 1799 2.47792130363e-06
1800 1800 7.36439416806e-05
1801 1801 2.80167984394e-05
1802 1802 4.91406994305e-05
1803 1803 3.67763690151e-05
1804 1804 8.77336657811e-05
1805 1805 888.66917859
1806 1806 9.35303523056e-05
1807 1807 3.07940329269e-05
1808 1808 6.44660262875e-05
1809 1809 5526.43093673
1810 1810 9.2224851153e-05
1811 1811 9.6051765839e-05
1812 1812 1.30537161719e-05
1813 1813 1.06168823811e-05
1814 1814 7.96125764571e-05
1815 1815 2.20225932217e-05
1816 1816 3.29025145573e-05
1817 1817 6.91934684428e-05
1818 1818 2.47593038392e-05
1819 1819 4.87342970206e-05
1820 1820 4.17271361637e-05
1821 1821 2183.77786946
1822 1822 6.45626146732e-05
1823 1823 3.00376686965e-05
1824 1824 1756.45720448
1825 1825 5422.4289473
1826 1826 6.8259439189e-05
1827 1827 8.52458121335e-05
1828 1828 2907.31088388
1829 1829 4.3578292485e-05
1830 1830 9.8636200091e-05
1831 1831 9.17144034005e-05
1832 1832 5558.58465157
1833 1833 4.919185689e-05
1834 1834 2.90185618915e-05
1835 1835 3.23959407116e-05
1836 1836 9.9138972358e-05
1837 1837 3003.56271167
1838 1838 2.52462067704e-05
1839 1839 1.31534939668e-05
1840 1840 5607.33389603
1841 1841 9.02694323477e-05
1842 1842 1.56260499995e-05
1843 1843 4290.05307841
1844 1844 4.64290593983e-05
1845 1845 8.0278097612e-05
1846 1846 1242.92369425
1847 1847 2.22565822037e-06
1848 1848 4.05033700564e-05
1849 1849 1.36256853624e-05
1850 1850 1.92604603859e-05
1851 1851 5.06260495031e-05
1852 1852 1.91033877505e-05
1853 1853 7.20417232222e-05
1854 1854 4.62089960523e-06
1855 1855 1.7449665281e-07
1856 1856 3.78414946311e-05
1857 1857 4.29791838042e-05
1858 1858 7.45145230336e-05
1859 1859 2298.58429056
1860 1860 9.80778226632e-05
1861 1861 1.77709852825e-05
1862 1862 6.93497718819e-05
1863 1863 620.835908291
1864 1864 1.03973139443e-06
1865 1865 2334.44005406
1866 1866 4910.90841391
1867 1867 8.29725592048e-05
1868 1868 1.16307136867e-05
1869 1869 1187.49096612
1870 1870 493.89961917
1871 1871 7.59007194764e-05
1872 1872 1.59624083385e-05
1873 1873 3182.47968538
1874 1874 5590.01612253
1875 1875 728.39932308
1876 1876 8.5403656388e-05
1877 1877 1.20461961138e-05
1878 1878 4212.02686514
1879 1879 4.8330466807e-05
1880 1880 4.88163845748e-05
1881 1881 1.4569689944e-05
1882 1882 3.06464287371e-05
1883 1883 658.3605821
1884 1884 8.4237685177e-05
1885 1885 1.52273920965e-05
1886 1886 5245.47632338
1887 1887 8.83586031593e-05
1888 1888 2.92746629913e-05
1889 1889 3160.14510282
1890 1890 3666.26798312
1891 1891 2.23854381746e-05
1892 1892 7.06175459159e-05
1893 1893 3.11849237035e-05
1894 1894 9.89012594429e-05
1895 1895 9.46030087014e-06
1896 1896 8.49878977697e-06
1897 1897 3504.9100449
1898 1898 1.56183942502e-05
1899 1899 9.92138309968e-05
1900 1900 1.06748880513e-06
1901 1901 5.66341938667e-05
1902 1902 2.46785056849e-05
1903 1903 1.34082447291e-05
1904 1904 3.6762696674e-05
1905 1905 5.04357458672e-05
1906 1906 7.39954241715e-05
1907 1907 3017.29590186
1908 1908 4.99088014322e-05
1909 1909 1246.93826484
1910 1910 8.78787420011e-05
1911 1911 2730.46617761
1912 1912 4.75742272859e-05
1913 1913 7.19290319202e-05
1914 1914 4676.86862949
1915 1915 249.287442452
1916 1916 5302.57685531
1917 1917 5192.50199118
1918 1918 7.2639510764e-06
1919 1919 4.91667256047e-05
1920 1920 2.76559627238e-05
1921 1921 2.33862841958e-05
1922 1922 3370.98221271
1923 1923 9.13607559848e-05
1924 1924 3.70938829956e-05
1925 1925 7.02394361472e-05
1926 1926 4.69057356222e-05
1927 1927 2525.97725587
1928 1928 697.284023958
1929 1929 1.84936948082e-06
1930 1930 9.5133322298e-05
1931 1931 9.04410732577e-05
1932 1932 3.11027702886e-05
1933 1933 9.17051964877e-07
1934 1934 4.83595966036e-05
1935 1935 8.08995126572e-05
1936 1936 9.74399197824e-05
1937 1937 1124.65892811
1938 1938 6.81376729873e-05
1939 1939 5.09596340353e-05
1940 1940 4700.94459217
1941 1941 5.65225407128e-05
1942 1942 2.93938871156e-05
1943 1943 5.98287513675e-05
1944 1944 1.57525099557e-05
1945 1945 8.15984967368e-05
1946 1946 4.91957887158e-05
1947 1947 2.90509906698e-05
1948 1948 1.23875876244e-05
1949 1949 7.18804927856e-05
1950 1950 4611.43283625
1951 1951 1356.90756556
1952 1952 9.05796469383e-06
1953 1953 2.00179039966e-05
1954 1954 2.48606686952e-05
1955 1955 6.34910177415e-05
1956 1956 7.95679964394e-05
1957 1957 8.74837178486e-05
1958 1958 5298.47786888
1959 1959 3711.0632824
1960 1960 4891.24843111
1961 1961 4.14812593956e-06
1962 1962 3.64621509193e-05
1963 1963 6.7689361861e-06
1964 1964 718.109136432
1965 1965 6.89763817598e-05
1966 1966 1758.53542275
1967 1967 7.40113576612e-05
1968 1968 1.23652900555e-05
1969 1969 4.08454275015e-05
1970 1970 5.43284252724e-05
1971 1971 5128.23896436
1972 1972 8.6324931984e-05
1973 1973 9.17555990414e-05
1974 1974 2.57428497871e-05
1975 1975 2922.29718859
1976 1976 2.70359676957e-05
1977 1977 4.26491599493e-05
1978 1978 6.76290125163e-05
1979 1979 4.15691844151e-05
1980 1980 4216.50574778
1981 1981 231.830283392
1982 1982 2.5204390954e-06
1983 1983 5.02534726903e-05
1984 1984 715.266835223
1985 1985 1.82353069315e-05
1986 1986 1.76758201044e-05
1987 1987 3.59229630297e-05
1988 1988 4.52974529894e-05
1989 1989 7.81242350536e-05
1990 1990 6.92999853143e-05
1991 1991 5.85936766596e-05
1992 1992 2.19254949355e-05
1993 1993 5.21243805061e-05
1994 1994 4.48882908322e-05
1995 1995 9.04009437252e-05
1996 1996 6.23577065722e-05
1997 1997 7.42822072507e-05
1998 1998 7.22759981822e-05
1999 1999 4.17698718786e-06
2000 2000 4.50580435656e-05
