1 1 1.19216535305e-05
2 2 5.38736461822e-05
3 3 4.13316717595e-05
4 4 7.54369612189e-05
5 5 1179.94054016
6 6 6.54229641969e-05
7 7 7.6234845533e-05
8 8 2.09956012409e-05
9 9 1.62768088267e-05
10 10 6.28703296887e-05
11 11 1.65925073115e-07
12 12 8.92539682703e-05
13 13 1.06013901445e-05
14 14 5133.47477
15 15 9.58743160325e-05
16 16 7.75182579494e-06
17 17 1.22113281387e-05
18 18 3.7779225016e-05
19 19 4113.0149422
20 20 3.45577021512e-05
21 21 2025.99663491
22 22 5114.02221299
23 23 6.11068371786e-05
24 24 748.727833401
25 25 2407.85468065
26 26 4.41573907807e-05
27 27 8.3900461924e-05
28 28 9.11426073063e-06
29 29 6.07432593857e-05
30 30 9.69553681737e-05
31 31 7.29437556201e-05
32 32 147.683952834
33 33 5.60018827501e-05
34 34 6.6947405618e-06
35 35 7.79737945634e-05
36 36 7.98360397978e-05
37 37 4.67746556335e-05
38 38 9.49133883841e-05
39 39 3426.18320737
40 40 4864.97384398
41 41 78.9827706057
42 42 6.52129203832e-05
43 43 1707.55736535
44 44 2.47033395251e-05
45 45 8.41861475725e-06
46 46 9.9399500717e-05
47 47 6.65177257136e-05
48 48 9.59287390036e-05
49 49 7.65408665002e-06
50 50 2.74285443386e-05
51 51 9.5433825877e-05
52 52 9.22215743522e-05
53 53 1911.50199
54 54 1.6262835481e-05
55 55 2.77281653178e-05
56 56 7.42932432158e-05
57 57 4.71310294958e-05
58 58 2.6407888825e-05
59 59 5.26470328755e-05
60 60 1.1298238298e-05
61 61 1.05661631583e-05
62 62 7.59292981669e-05
63 63 686.985103672
64 64 2.79952482457e-05
65 65 8.49210493376e-05
66 66 3.50833935899e-05
67 67 3.34673175585e-05
68 68 6.02573452852e-05
69 69 1.77669504919e-05
70 70 3.30609106516e-05
71 71 9.06582881623e-05
72 72 2623.66610455
73 73 4748.19246817
74 74 8.1239187022e-05
75 75 4.03536870573e-05
76 76 4.74024003442e-05
77 77 2.9398874128e-06
78 78 1.36203294944e-05
79 79 9.5546816425e-05
80 80 3113.83556401
81 81 7.78666815086e-05
82 82 9.87607675405e-05
83 83 6.66404206582e-05
84 84 6.99888769775e-05
85 85 2.17103800163e-05
86 86 6.75643870954e-05
87 87 5082.14110331
88 88 1.71863664173e-05
89 89 1.28144036239e-05
90 90 7.34709901253e-05
91 91 1.05346605304e-05
92 92 4850.52880247
93 93 2.15408190337e-05
94 94 3248.89506566
95 95 9.31723246397e-06
96 96 7.30914900873e-06
97 97 605.296565368
98 98 6.38084167415e-05
99 99 2880.26518993
100 100 3.48070388976e-05
101 101 1.0010872783e-05
102 102 8.25156550296e-05
103 103 9.13678380384e-05
104 104 3517.09266616
105 105 7.51558166657e-05
106 106 2693.16736679
107 107 7.43738834297e-06
108 108 6.51165808976e-05
109 109 8.73404303454e-05
110 110 5.26278591175e-05
111 111 5.6176710406e-05
112 112 5.41013959909e-05
113 113 2.95732912365e-05
114 114 7.24171849006e-05
115 115 4.23274665142e-06
116 116 7.76877924641e-05
117 117 4981.59609224
118 118 7.80975203705e-05
119 119 4.52321096393e-05
120 120 4695.4575425
121 121 7.44450125091e-05
122 122 788.694070619
123 123 8.77334462594e-05
124 124 8.73802984317e-05
125 125 6.65234517668e-05
126 126 2.28064323147e-05
127 127 5.46156902628e-05
128 128 1.13055911782e-05
129 129 2.89455018479e-05
130 130 4068.36614974
131 131 1.94802436753e-05
132 132 7.00118166823e-05
133 133 5.25666953347e-05
134 134 7.50801967765e-06
135 135 1.06420499796e-05
136 136 5.27123207826e-05
137 137 428.210276704
138 138 9.1998751444e-05
139 139 5.75983639334e-05
140 140 4.59620307715e-05
141 141 1.22975318078e-05
142 142 2718.09171139
143 143 3.16581000528e-05
144 144 2.42739143621e-05
145 145 7.84596050523e-05
146 146 4.87898007194e-05
147 147 7.99534546828e-05
148 148 2.73013592565e-05
149 149 7.7668600284e-06
150 150 9.69353303566e-05
151 151 9.86060781578e-05
152 152 3.35899009292e-05
153 153 9.89904028351e-05
154 154 9.47978215961e-05
155 155 4.72342338864e-05
156 156 3467.11345812
157 157 1.51707839662e-05
158 158 1.74571396651e-05
159 159 4825.03315171
160 160 4.76275381937e-05
161 161 5180.74596455
162 162 1.78688401391e-05
163 163 5.8861960934e-05
164 164 3.15077443278e-06
165 165 9.46746162556e-05
166 166 5.21566750382e-05
167 167 3.45895002776e-05
168 168 2632.9109368
169 169 6.9278952341e-05
170 170 8.30367347573e-05
171 171 2.05975306283e-05
172 172 1.31236821148e-06
173 173 1777.62220889
174 174 9.51411588363e-07
175 175 8.9532184342e-05
176 176 5.7768211223e-05
177 177 662.927614946
178 178 4.23471715268e-05
179 179 8.81940151851e-05
180 180 2836.17254478
181 181 4.26920833788e-05
182 182 3.93977888843e-05
183 183 9.55238916932e-05
184 184 8.13849920864e-05
185 185 7.79177739406e-05
186 186 7.36970522623e-05
187 187 9.48241663036e-06
188 188 5264.00093383
189 189 2.02206030801e-05
190 190 6.53449404165e-05
191 191 1201.91631775
192 192 7.3593529759e-05
193 193 5.80859260859e-05
194 194 3.34907815926e-06
195 195 3.98472524785e-05
196 196 6.85369261559e-05
197 197 6.44235247473e-05
198 198 1893.96295359
199 199 6.94504218681e-05
200 200 6.50251108446e-05
201 201 2.24798901463e-05
202 202 4121.3712656
203 203 6.38277350597e-06
204 204 8.10802145745e-05
205 205 4213.43769147
206 206 4.73887122113e-05
207 207 4.63398543658e-05
208 208 2.13085661037e-05
209 209 9.54613305152e-05
210 210 6.93372452524e-05
211 211 2089.77710918
212 212 8.81261661747e-06
213 213 6.41852207554e-05
214 214 3.82065904115e-05
215 215 6.67865765907e-05
216 216 9.10956515669e-05
217 217 5.75555995485e-05
218 218 3876.10143983
219 219 3.6882906448e-05
220 220 7.74198563332e-05
221 221 3.93709211632e-05
222 222 4.30360430896e-05
223 223 1.20087747447e-05
224 224 8.07110021772e-05
225 225 3871.34438537
226 226 772.255901463
227 227 67.3077246121
228 228 3756.37811572
229 229 8.887090718e-05
230 230 5.16382296258e-05
231 231 7.46504618573e-05
232 232 9.55182487467e-05
233 233 8.37694712583e-05
234 234 3896.07312021
235 235 1.56769779377e-05
236 236 2.57948257694e-05
237 237 2.82801001589e-05
238 238 4.41559094333e-05
239 239 6.36047385286e-05
240 240 9.17464414929e-05
241 241 2.95449401473e-05
242 242 1.39438311543e-05
243 243 9.85062972637e-05
244 244 8.4089398469e-05
245 245 5.03386526901e-06
246 246 2932.97453495
247 247 5.70624339548e-05
248 248 1.06912965188e-05
249 249 5.78333551401e-05
250 250 5.21335063375e-05
251 251 5.74279675212e-05
252 252 4.40976795503e-05
253 253 5.67598565299e-05
254 254 2.87406497715e-05
255 255 5073.03441801
256 256 7.39554578763e-05
257 257 2481.79455754
258 258 4.0667558795e-05
259 259 5.92654409029e-05
260 260 6.17226154894e-05
261 261 2.46528985861e-05
262 262 9.51829487126e-05
263 263 1802.98748735
264 264 2.97859567319e-05
265 265 4.92070340014e-05
266 266 8.69774216227e-05
267 267 3163.90949419
268 268 1.12102637818e-05
269 269 9.4317709038e-05
270 270 5.83359056942e-06
271 271 1.94291878939e-05
272 272 1611.45783056
273 273 4.46212649545e-05
274 274 9.44489515146e-05
275 275 6.87980058364e-05
276 276 9.99149924431e-05
277 277 3.91973911265e-05
278 278 2.47218481162e-05
279 279 9.59715110883e-05
280 280 1.21178432026e-05
281 281 1.85850585061e-05
282 282 5.36491061543e-05
283 283 6.02892150281e-05
284 284 9.66271604204e-05
285 285 4.07177843742e-05
286 286 514.243144537
287 287 4636.22656273
288 288 1.54008993775e-05
289 289 5232.01138549
290 290 4.45756667499e-05
291 291 2320.72706144
292 292 8.89440445794e-06
293 293 7.67603466314e-05
294 294 5.35456138785e-06
295 295 3.80776103101e-05
296 296 7.19233217868e-05
297 297 7.20191454522e-05
298 298 1.56333751956e-05
299 299 3481.67764913
300 300 6.71069596327e-06
301 301 3.14192665474e-05
302 302 2.9491828223e-05
303 303 6.71967144345e-06
304 304 6.99452579926e-05
305 305 3.7006365046e-05
306 306 8.27795311825e-05
307 307 1.2410108537e-05
308 308 7.67280429458e-05
309 309 3446.67282244
310 310 8.67006984742e-05
311 311 9.15578830409e-05
312 312 7.89011368074e-06
313 313 4.65212342717e-07
314 314 8.01275841071e-05
315 315 3844.5676027
316 316 270.292285423
317 317 4.19283224903e-05
318 318 1.34559211077e-05
319 319 4.7862397092e-05
320 320 9.66737550082e-05
321 321 4.11442152414e-05
322 322 3.77069024253e-05
323 323 8.29338411561e-05
324 324 3431.27934838
325 325 5.47722827274e-05
326 326 9.31389201642e-05
327 327 1913.99685206
328 328 4915.96039549
329 329 4.85053689599e-05
330 330 1.07491512759e-05
331 331 5.55626489988e-05
332 332 3.37276141951e-05
333 333 150.956330685
334 334 8.71472354663e-05
335 335 2.49340071773e-06
336 336 1316.28198319
337 337 4071.70979591
338 338 2.53746037137e-05
339 339 9.24899637984e-05
340 340 2.93123439021e-05
341 341 7.48665816649e-05
342 342 2459.00591122
343 343 8.30353641445e-05
344 344 4651.35594064
345 345 4243.81509995
346 346 9.66688676474e-05
347 347 9.24164265367e-05
348 348 6.9725769005e-05
349 349 3817.80789051
350 350 2083.13007732
351 351 9.24229268699e-05
352 352 1.2013602022e-05
353 353 8.24350061872e-05
354 354 5.37663933013e-05
355 355 2.88357388419e-05
356 356 1260.46115503
357 357 659.486071322
358 358 3.30766237395e-05
359 359 7.85037809906e-05
360 360 6.08026204424e-05
361 361 6.13086885133e-05
362 362 6.81229868584e-05
363 363 120.519847048
364 364 4.68377615411e-06
365 365 6.51889990804e-05
366 366 1293.65218417
367 367 6.11220873952e-05
368 368 2.08316528426e-05
369 369 6.95102389702e-05
370 370 3264.59150006
371 371 8.94697383769e-05
372 372 4148.40152703
373 373 9.3127578811e-05
374 374 8.19595404921e-06
375 375 5.28918219973e-06
376 376 2.76741657787e-05
377 377 3931.48326901
378 378 4138.81461561
379 379 1.24905706754e-05
380 380 9.7734471172e-05
381 381 3.95923581598e-05
382 382 3.65105335277e-05
383 383 2.9918843571e-05
384 384 3.00580663823e-05
385 385 7.57369193902e-05
386 386 7.1426588111e-05
387 387 6.03666201226e-05
388 388 3.73818841508e-05
389 389 7.57149681532e-06
390 390 3.11244394968e-05
391 391 9.56802148617e-05
392 392 2.11292795058e-05
393 393 2.28463343271e-05
394 394 8.14220188598e-05
395 395 5.32857700466e-05
396 396 4797.62589417
397 397 1.48002160544e-05
398 398 7.78288623762e-05
399 399 334.432717497
400 400 1.54143253401e-06
401 401 9.54311264885e-05
402 402 8.52414121679e-06
403 403 8.0926751786e-05
404 404 7.52006784489e-05
405 405 1.77687827456e-05
406 406 4.49617482845e-05
407 407 8.4436491941e-05
408 408 9.45724507136e-05
409 409 5.12384479426e-05
410 410 3.30265956763e-05
411 411 3646.26578717
412 412 3.01596405363e-05
413 413 7.39113492663e-05
414 414 7.38997002691e-05
415 415 1.95622843546e-05
416 416 7.35339726128e-05
417 417 3.36003245123e-05
418 418 1.8015412411e-05
419 419 8.91168353491e-05
420 420 6.82778242724e-05
421 421 8.82422194028e-05
422 422 8.60164650922e-05
423 423 8.77823033755e-05
424 424 2656.30712375
425 425 2044.5912163
426 426 7.5947226896e-05
427 427 4614.44791295
428 428 2068.09107916
429 429 4.53727259042e-05
430 430 1.66594412958e-05
431 431 1.46654120129e-05
432 432 949.927255258
433 433 2847.73090663
434 434 2.0821585242e-05
435 435 1.09487241315e-05
436 436 8.10618060508e-05
437 437 6.36002203175e-05
438 438 9.37456907479e-05
439 439 8.35272109708e-05
440 440 3.25535864263e-06
441 441 7.83149415094e-05
442 442 1740.85002537
443 443 7.37672328315e-05
444 444 3.83108325837e-05
445 445 3807.81024283
446 446 9.6842303235e-05
447 447 3573.10277708
448 448 7.75928662585e-05
449 449 1.03980104168e-05
450 450 9.98032740972e-05
451 451 2281.47129192
452 452 3.61499211054e-05
453 453 6.16459595441e-05
454 454 2348.63228756
455 455 2.17459556355e-05
456 456 2093.97655288
457 457 4.10469855162e-05
458 458 1.7398188386e-05
459 459 6.44741809497e-05
460 460 4.97471707204e-06
461 461 4.64821285072e-05
462 462 5.36820899466e-05
463 463 3.68213620228e-05
464 464 2419.88968996
465 465 8.64594317981e-05
466 466 2880.86405802
467 467 4.62188343811e-05
468 468 3.43095163682e-06
469 469 4484.58813479
470 470 2.96876423085e-05
471 471 4036.46590675
472 472 3816.77073991
473 473 5.61054684904e-05
474 474 5525.49272816
475 475 7.41386705052e-05
476 476 7.1176502458e-05
477 477 3738.05684346
478 478 82.1995608805
479 479 5156.6816229
480 480 3.95562367193e-05
481 481 5.67470788144e-05
482 482 8.31023524626e-05
483 483 4.996755056e-05
484 484 2.57249768017e-05
485 485 2303.22473281
486 486 6.73659176621e-05
487 487 5.9002869415e-05
488 488 3.04133915612e-05
489 489 1591.67260929
490 490 9.77189357766e-05
491 491 8.19434188517e-05
492 492 4842.95988746
493 493 1.05125978271e-05
494 494 1.18930977403e-05
495 495 2.41047109741e-05
496 496 2.92503099519e-05
497 497 4.17069739987e-05
498 498 9.72953574084e-05
499 499 1.19994934116e-05
500 500 8.24386434036e-05
501 501 2334.66503549
502 502 6.5479659869e-05
503 503 4.17297068335e-05
504 504 5.01214526624e-05
505 505 8.37079636639e-05
506 506 9.85860723534e-05
507 507 4.78180341428e-05
508 508 3412.78966397
509 509 1.7210181565e-05
510 510 8.47557050356e-05
511 511 7.09747956908e-05
512 512 4.16183558279e-05
513 513 5018.06856814
514 514 6.38177875386e-05
515 515 4.73346743068e-05
516 516 9.11500116617e-05
517 517 2.2406086852e-05
518 518 236.082299159
519 519 617.565695439
520 520 9.95608037421e-05
521 521 9.88606735478e-05
522 522 8.68553216098e-05
523 523 8.33996676088e-05
524 524 5.10400478354e-05
525 525 742.059409549
526 526 5.80254103592e-05
527 527 1.62194189252e-05
528 528 4926.99334491
529 529 8.90090887243e-05
530 530 7.93039492126e-05
531 531 3267.20429386
532 532 4.92092628539e-05
533 533 5.26075788174e-05
534 534 3.73111495942e-05
535 535 7.00960679407e-05
536 536 3931.40774798
537 537 3.53994479843e-05
538 538 4845.49457269
539 539 3716.32367098
540 540 99.0746805152
541 541 8.96161923869e-06
542 542 4791.24714304
543 543 3.31388181122e-05
544 544 4.44723910933e-06
545 545 2.994251909e-05
546 546 4697.83273471
547 547 2322.1855854
548 548 7.11466840843e-05
549 549 6.07857405026e-05
550 550 3.2277946865e-05
551 551 3.01480535704e-05
552 552 1.30819665654e-05
553 553 8.84795928944e-05
554 554 1868.93288101
555 555 6.65210498838e-05
556 556 3033.64355628
557 557 1.63168179204e-05
558 558 8.35964599218e-05
559 559 5.87030129963e-05
560 560 5.39861852393e-05
561 561 3.40953298962e-05
562 562 6.20826395369e-05
563 563 7.72682544659e-06
564 564 2714.85961061
565 565 1325.85215583
566 566 5.70629037142e-05
567 567 3402.21621265
568 568 8.35404100776e-05
569 569 4.37100388256e-05
570 570 9.49753259755e-05
571 571 4.24290414677e-05
572 572 4.02288748293e-05
573 573 4.75375712553e-05
574 574 4244.25477343
575 575 4.51182159233e-05
576 576 7.10921730835e-05
577 577 6.72402366184e-05
578 578 5.20297065189e-05
579 579 3.89252110643e-05
580 580 3917.25790945
581 581 3.31108410833e-05
582 582 2761.1412603
583 583 1.78194101421e-05
584 584 7.53468604134e-05
585 585 2.53845711052e-05
586 586 7.07673198338e-05
587 587 3.0222981099e-05
588 588 2.22974700254e-05
589 589 3260.9939406
590 590 6.18488489811e-05
591 591 1.59459855526e-05
592 592 708.159873619
593 593 4.70146585715e-05
594 594 4562.217707
595 595 4.70098989341e-05
596 596 5099.13850748
597 597 3242.20975326
598 598 9.46017352747e-05
599 599 5185.42388554
600 600 3.11772104e-05
601 601 8.86373343078e-05
602 602 1.80660865337e-05
603 603 6.80043485288e-05
604 604 6.07107567293e-05
605 605 9.79593224152e-05
606 606 6.77295915119e-05
607 607 7.60860758867e-05
608 608 9.08019131408e-05
609 609 7.15747941122e-05
610 610 1037.86964074
611 611 5.91478131916e-06
612 612 4.88622868955e-05
613 613 1.48200572519e-05
614 614 2853.23851453
615 615 8.2502148854e-05
616 616 5.46825105041e-05
617 617 5.07586228708e-05
618 618 5.44734882408e-05
619 619 109.079258611
620 620 8.74873853533e-05
621 621 1123.042518
622 622 2.30429843879e-05
623 623 6.86038745349e-06
624 624 3.99603913934e-05
625 625 1.11026012498e-05
626 626 1.74539338261e-05
627 627 5.95171065746e-05
628 628 757.272706158
629 629 8.62754573313e-05
630 630 8.59353774659e-06
631 631 6.18954685634e-05
632 632 4.4477964813e-05
633 633 8.93285890735e-05
634 634 2780.09336191
635 635 3.78499326309e-05
636 636 4812.70384249
637 637 9.81989099529e-05
638 638 4085.99982386
639 639 1.67769593368e-05
640 640 6.71137028456e-05
641 641 2.64526337786e-05
642 642 3846.07096071
643 643 5523.77879678
644 644 3291.5634944
645 645 2041.42746602
646 646 7.01939515535e-05
647 647 2622.88176039
648 648 1.06129122648e-06
649 649 1152.60371305
650 650 1.67544128623e-05
651 651 8.87678854969e-05
652 652 8.77017484624e-05
653 653 5.74159407804e-05
654 654 5.53983107539e-06
655 655 3854.64659595
656 656 2.19782817635e-05
657 657 2.83816935059e-05
658 658 3.9670839394e-05
659 659 4795.38490766
660 660 2878.1427097
661 661 3.5565792101e-05
662 662 8.40891763061e-05
663 663 3.13872748246e-05
664 664 4797.27567467
665 665 2885.914572
666 666 4609.27745125
667 667 3.63740254881e-05
668 668 1.5658482975e-05
669 669 1036.31019861
670 670 3.5541002601e-05
671 671 1473.73351721
672 672 9.63784743057e-05
673 673 6.14070186001e-05
674 674 3076.29931094
675 675 4850.96515262
676 676 7.17688259601e-05
677 677 2.86665690087e-05
678 678 4867.44230887
679 679 3099.45912888
680 680 2.39789766322e-05
681 681 4.35654658266e-05
682 682 5.97351387205e-05
683 683 7.06091535731e-05
684 684 9.21030521667e-05
685 685 8.47003754018e-06
686 686 6.54669186534e-05
687 687 3428.63366721
688 688 8.86082493808e-05
689 689 8.93103150219e-05
690 690 4.8543258864e-05
691 691 2710.79273437
692 692 7.48780809763e-05
693 693 3555.76001363
694 694 3844.19429096
695 695 3.95057210575e-05
696 696 2.8611726052e-05
697 697 7.18829621819e-05
698 698 1.74573874214e-05
699 699 8.67486554579e-05
700 700 6.3170605596e-06
701 701 3159.86541521
702 702 3.33521125159e-05
703 703 7.80443511505e-05
704 704 9.28531036426e-05
705 705 4209.29627204
706 706 6.11499064326e-05
707 707 2.24775272557e-05
708 708 3.88574219612e-05
709 709 5600.48989896
710 710 9.12249547867e-05
711 711 1.16632429805e-05
712 712 4344.42544933
713 713 2.57171706201e-05
714 714 3.84307929939e-05
715 715 604.991419933
716 716 4.66689583177e-05
717 717 6.26153365481e-05
718 718 1234.75385209
719 719 3.43174095592e-05
720 720 1.52523992374e-05
721 721 1.00311938801e-05
722 722 4.03148317882e-05
723 723 9.37491644499e-05
724 724 9.66304930699e-05
725 725 4595.21747708
726 726 3.69675551947e-05
727 727 1.91343170183e-05
728 728 2.88431823566e-05
729 729 7.93546084394e-05
730 730 4942.74124711
731 731 9.8402456775e-05
732 732 3865.10459305
733 733 8.61279496329e-05
734 734 5.64986454168e-05
735 735 5.41676933769e-05
736 736 8.83881838063e-05
737 737 9.81174829905e-05
738 738 2.14705538217e-05
739 739 2.62750838866e-05
740 740 134.186496884
741 741 3.11035965145e-05
742 742 1.23745062095e-05
743 743 4751.38651195
744 744 6.64169483689e-05
745 745 9.36850151023e-05
746 746 4197.15186318
747 747 1265.20171814
748 748 2.05170162916e-05
749 749 7.0923426203e-06
750 750 9.87428949447e-05
751 751 2507.07127592
752 752 7.43959307799e-05
753 753 3970.68967587
754 754 3795.37089172
755 755 9.15147840639e-05
756 756 2716.71075085
757 757 5.48021204601e-05
758 758 2266.10762215
759 759 6.63359378319e-05
760 760 4651.19263073
761 761 8.4265856051e-05
762 762 6.4115042884e-05
763 763 2669.76719222
764 764 4.88901534673e-05
765 765 1.59546436812e-05
766 766 1.2894222869e-06
767 767 2840.98774125
768 768 5.36579469827e-05
769 769 3.15005746234e-05
770 770 7.91008781267e-05
771 771 586.471739217
772 772 3036.50017128
773 773 4108.01012029
774 774 8.4032137599e-05
775 775 2.31636870512e-05
776 776 5420.84419506
777 777 2.02651505099e-05
778 778 1.55116886975e-05
779 779 1455.51000163
780 780 1.24139024521e-05
781 781 6.16049020299e-05
782 782 6.74194832561e-05
783 783 5.69781257953e-05
784 784 899.707249986
785 785 6.80899614731e-05
786 786 6.81983760756e-05
787 787 9.96395049412e-05
788 788 3837.11409019
789 789 4495.49901149
790 790 7.20810851307e-05
791 791 5.37434894513e-05
792 792 581.282220343
793 793 3626.831339
794 794 2.00456400973e-05
795 795 1389.62897742
796 796 3845.92936517
797 797 2462.14205362
798 798 2.35394747759e-05
799 799 4981.67941967
800 800 9.45910402317e-05
801 801 2240.99585854
802 802 3.84018286411e-05
803 803 4.60502234908e-05
804 804 9.80586712201e-05
805 805 6.95402691381e-05
806 806 5.18107792327e-05
807 807 9.38673652946e-05
808 808 3.20022763088e-05
809 809 3715.65990222
810 810 4.64040828597e-05
811 811 9.91738973861e-05
812 812 381.241238592
813 813 8.50638217062e-05
814 814 8.88524608935e-05
815 815 3.91900122268e-05
816 816 4918.18597868
817 817 8.43749557879e-05
818 818 9.06067378446e-05
819 819 678.015403971
820 820 5.39106668537e-05
821 821 5123.4726953
822 822 7.51099725333e-05
823 823 3270.50266585
824 824 2391.36894549
825 825 2.2493706165e-05
826 826 3059.34074766
827 827 6.10082870938e-05
828 828 4.43466168374e-05
829 829 7.99969178998e-05
830 830 5.45229862966e-05
831 831 5534.09383468
832 832 1.892526739e-05
833 833 6.41564477027e-05
834 834 3.87850263997e-05
835 835 4.02817466799e-05
836 836 1930.05694875
837 837 1.48405229815e-05
838 838 1322.55606632
839 839 6.61659264636e-05
840 840 5.95455818346e-05
841 841 3820.49969641
842 842 8.32757504981e-05
843 843 9.54866483366e-05
844 844 7.07970766525e-05
845 845 2.45963304633e-05
846 846 5116.38722097
847 847 6.6678115541e-05
848 848 5.21425964575e-05
849 849 1.40909535002e-05
850 850 1.0728776829e-05
851 851 3651.96885655
852 852 1422.48612976
853 853 1.34241851269e-05
854 854 1.15421347307e-05
855 855 2880.42382852
856 856 5.77572221033e-05
857 857 5.42740208943e-05
858 858 6.88789945431e-06
859 859 584.166060717
860 860 3.26202183097e-05
861 861 5.49241214089e-05
862 862 9.11177060231e-05
863 863 2407.85531552
864 864 7.11621700481e-06
865 865 8.34187451095e-05
866 866 5513.94061462
867 867 1797.24715915
868 868 2232.08997572
869 869 5.24493676367e-05
870 870 8.07105215082e-05
871 871 3953.57414185
872 872 53.4135115964
873 873 1.45688534587e-05
874 874 1.21868457388e-05
875 875 8.05949045138e-05
876 876 1840.59491477
877 877 7.12207978029e-05
878 878 5.7819085586e-06
879 879 6.24398286497e-05
880 880 4.1347018695e-05
881 881 2.15472917035e-06
882 882 6.53830984536e-05
883 883 2.23926526217e-05
884 884 5.39263376772e-05
885 885 6.0555989942e-05
886 886 3.7259505871e-05
887 887 7.71352210601e-05
888 888 7.1864004174e-05
889 889 9.54810772195e-05
890 890 7.38360067751e-05
891 891 6.28357551917e-06
892 892 3.02149978954e-05
893 893 4.24320627831e-05
894 894 1.82171826428e-05
895 895 1.50404291023e-05
896 896 5518.96221659
897 897 9.97274565868e-06
898 898 7.97939942874e-05
899 899 6.02625019621e-05
900 900 5.88444509294e-05
901 901 3.25151440162e-05
902 902 0.52060238802
903 903 977.539211819
904 904 2295.71632798
905 905 1.00063251326e-05
906 906 1.3960644293e-05
907 907 4.73742203366e-05
908 908 861.997004143
909 909 8.33420882971e-07
910 910 7.00365091359e-05
911 911 3323.26628553
912 912 3249.81132991
913 913 5.00536227125e-05
914 914 7.20324410879e-05
915 915 4.49470987051e-05
916 916 7.41082654458e-05
917 917 4.05443297344e-05
918 918 4519.84960391
919 919 5.62790674422e-06
920 920 8.17841899584e-05
921 921 1.28813437502e-06
922 922 6.86298578044e-05
923 923 7.86701095289e-05
924 924 4.02369492841e-05
925 925 4.89585265491e-05
926 926 8.99186602401e-05
927 927 2.58306570874e-05
928 928 6.922664342e-05
929 929 6.39930787151e-05
930 930 7.62809036341e-05
931 931 1.24527516402e-05
932 932 3202.89651666
933 933 5409.4567553
934 934 3.45365221474e-05
935 935 9.31736848908e-05
936 936 8.32405334147e-05
937 937 3.03283543655e-05
938 938 9.92609132858e-05
939 939 1.01555467315e-05
940 940 5.49771755204e-05
941 941 846.259207417
942 942 2.1683730085e-05
943 943 5.84628244323e-05
944 944 9.89662020211e-05
945 945 6.96388403322e-05
946 946 5053.71360687
947 947 1.77536069448e-05
948 948 2695.51210338
949 949 1.56969711748e-05
950 950 7.20219965108e-05
951 951 2.50010741509e-05
952 952 3579.41494522
953 953 2.03738924354e-05
954 954 6.46528112861e-05
955 955 8.16657001689e-05
956 956 5.47789108718e-05
957 957 1.75995977207e-05
958 958 9.19388538776e-05
959 959 9.62662572555e-05
960 960 3294.6944812
961 961 6.51491949373e-05
962 962 1.43481177443e-05
963 963 6.19675333062e-06
964 964 1363.23448021
965 965 8.1489676936e-05
966 966 3584.28321683
967 967 2.18345415021e-05
968 968 9.43512499225e-05
969 969 8.57496461476e-05
970 970 3185.63217976
971 971 4.48373352447e-05
972 972 5.30741408942e-05
973 973 8.87437592181e-05
974 974 1.40896104655e-05
975 975 7.54823684749e-05
976 976 6.84409759249e-05
977 977 4.16679478138e-05
978 978 2.68300997644e-05
979 979 2.67149801923e-05
980 980 3.30681260477e-05
981 981 4.75916982281e-05
982 982 5.15848576624e-05
983 983 3.70803945923e-05
984 984 3328.87344608
985 985 2660.08978233
986 986 5.50075780023e-05
987 987 5.77758714803e-05
988 988 6.88976166101e-05
989 989 9.08903741319e-07
990 990 7.20415557818e-05
991 991 7.00184062414e-05
992 992 9.91495850987e-05
993 993 6.62950609633e-05
994 994 6.12377919476e-05
995 995 3423.10080951
996 996 2.84112098797e-05
997 997 5425.64192601
998 998 4782.98949681
999 999 5353.14807448
1000 1000 8.67774265918e-06
1001 1001 5.71928687836e-05
1002 1002 3.76710223042e-05
1003 1003 2.24117697813e-05
1004 1004 1.17695159375e-05
1005 1005 9.27981236088e-05
1006 1006 3.87718503558e-05
1007 1007 9.1010184305e-05
1008 1008 5.14660499421e-05
1009 1009 9.03156097152e-05
1010 1010 9.25665325684e-05
1011 1011 9.24621086079e-05
1012 1012 3.78065232659e-05
1013 1013 3363.24646895
1014 1014 9.18545689517e-05
1015 1015 5068.99706624
1016 1016 9.67950574237e-05
1017 1017 5.95688282673e-05
1018 1018 1.87534414001e-05
1019 1019 3.94264596349e-05
1020 1020 6.63716714806e-05
1021 1021 8.3373615509e-05
1022 1022 4250.81669624
1023 1023 4442.95108821
1024 1024 1.74395163204e-06
1025 1025 8.93904546132e-05
1026 1026 1.14231595058e-05
1027 1027 3.74518022161e-06
1028 1028 2.94108510994e-05
1029 1029 8.70100719801e-05
1030 1030 1.69912206549e-05
1031 1031 6.52238300956e-05
1032 1032 1.94843544979e-05
1033 1033 6.07476476821e-05
1034 1034 3457.17099354
1035 1035 2517.86809399
1036 1036 3.82248269575e-05
1037 1037 4687.11935995
1038 1038 8.21036303428e-05
1039 1039 5410.85709854
1040 1040 8.73939926432e-05
1041 1041 1.03597674225e-06
1042 1042 6.97347345957e-05
1043 1043 920.644475408
1044 1044 4530.79076139
1045 1045 6.01284643051e-05
1046 1046 4868.07197225
1047 1047 2173.02224914
1048 1048 2.08079725102e-05
1049 1049 5.19162309552e-05
1050 1050 4950.18136206
1051 1051 2.18276157312e-05
1052 1052 1.56838639008e-05
1053 1053 2.41161749684e-05
1054 1054 7.78910331778e-05
1055 1055 4.65614416793e-05
1056 1056 4.86287692577e-05
1057 1057 2639.29669816
1058 1058 3790.3004875
1059 1059 2852.35053895
1060 1060 8.92397521516e-05
1061 1061 4631.16987303
1062 1062 4259.28611501
1063 1063 8.3216265423e-05
1064 1064 705.987895422
1065 1065 7.90088203553e-05
1066 1066 2046.97647798
1067 1067 3.30571930508e-05
1068 1068 5.09353982136e-05
1069 1069 1249.96413317
1070 1070 3.78379013088e-05
1071 1071 5.44483838522e-05
1072 1072 6.46913351543e-05
1073 1073 3.32587148951e-05
1074 1074 5540.95646636
1075 1075 6.98416218257e-05
1076 1076 4.53285837027e-05
1077 1077 1397.12006902
1078 1078 4.60244961096e-05
1079 1079 8.13239120583e-05
1080 1080 5.97482330566e-05
1081 1081 5336.24877189
1082 1082 2.41424223131e-05
1083 1083 4459.64664771
1084 1084 5.50589463529e-05
1085 1085 4.54709812151e-05
1086 1086 788.579855471
1087 1087 5.67151129644e-05
1088 1088 8.94876154763e-05
1089 1089 1654.79694071
1090 1090 5.81031990146e-05
1091 1091 7.23600875417e-05
1092 1092 4367.51601894
1093 1093 4.80460548531e-05
1094 1094 5538.49755094
1095 1095 1.95822045718e-05
1096 1096 1.21644695307e-05
1097 1097 6.05452145722e-05
1098 1098 7.14832602687e-05
1099 1099 6.66704404875e-05
1100 1100 8.39914977142e-05
1101 1101 6.01074679645e-05
1102 1102 5037.65311174
1103 1103 7.69260336474e-07
1104 1104 2.98674586564e-06
1105 1105 4.60769549942e-05
1106 1106 4912.38806586
1107 1107 124.052480869
1108 1108 3.93448928962e-05
1109 1109 9.66778905175e-05
1110 1110 8.76630679314e-05
1111 1111 1.87209597693e-05
1112 1112 7.08537079884e-05
1113 1113 8.53558932956e-05
1114 1114 908.017286421
1115 1115 1.92634946068e-05
1116 1116 6.87880266207e-05
1117 1117 4073.33274737
1118 1118 1.07864253369e-05
1119 1119 4.23028305001e-05
1120 1120 1658.58876243
1121 1121 797.041655472
1122 1122 7.67570718573e-05
1123 1123 1912.63809176
1124 1124 6.5487883375e-05
1125 1125 6.62662381126e-05
1126 1126 8.31506545968e-05
1127 1127 1.94547323823e-05
1128 1128 7.30442387998e-05
1129 1129 7.32599178958e-05
1130 1130 5440.92560627
1131 1131 5264.95777525
1132 1132 6.62896784137e-05
1133 1133 9.14980573985e-06
1134 1134 9.06799746933e-05
1135 1135 1433.48834775
1136 1136 5374.24813574
1137 1137 1118.61089636
1138 1138 1.51443222007e-05
1139 1139 2408.25764022
1140 1140 1.63544264871e-05
1141 1141 803.638227576
1142 1142 613.876706706
1143 1143 8.76837107204e-05
1144 1144 9.37705379285e-05
1145 1145 8.47757093967e-05
1146 1146 8.69446698629e-05
1147 1147 6.96915697044e-06
1148 1148 7.59324901116e-05
1149 1149 6.17945278753e-05
1150 1150 5.27698373937e-05
1151 1151 7.54054031775e-06
1152 1152 5174.69637998
1153 1153 4.14015904994e-05
1154 1154 1.68010618163e-05
1155 1155 4050.9162168
1156 1156 3.16397599086e-05
1157 1157 3.56153451206e-05
1158 1158 189.037268038
1159 1159 2.36328738324e-05
1160 1160 2.11468213676e-05
1161 1161 4.41109125062e-06
1162 1162 9.72844346321e-05
1163 1163 6.50175345535e-05
1164 1164 5029.84693105
1165 1165 7.38320848055e-05
1166 1166 7.70852732639e-05
1167 1167 7.21692146707e-05
1168 1168 2.49647355163e-05
1169 1169 7.07847645168e-05
1170 1170 4.95637458681e-05
1171 1171 6.86911123093e-05
1172 1172 6.69447678237e-05
1173 1173 9.94845180202e-06
1174 1174 3.99647311816e-05
1175 1175 855.191501565
1176 1176 2.82205061261e-05
1177 1177 1.74027124801e-05
1178 1178 4343.02191941
1179 1179 3.44321815405e-05
1180 1180 6.65172308867e-05
1181 1181 4.24736959458e-05
1182 1182 8.18779916893e-05
1183 1183 8.22600587332e-05
1184 1184 6.69116713157e-05
1185 1185 8.32200109086e-06
1186 1186 4.29731510712e-05
1187 1187 336.724643056
1188 1188 2976.51614374
1189 1189 1445.40579544
1190 1190 5.51545835491e-05
1191 1191 3964.02693283
1192 1192 6.58397898903e-05
1193 1193 2.86605445258e-05
1194 1194 9.23512791735e-05
1195 1195 8.0217789362e-06
1196 1196 6.55161426297e-05
1197 1197 4.2692007316e-05
1198 1198 3141.66940832
1199 1199 1448.27982863
1200 1200 2.8789824729e-05
1201 1201 2.58711233841e-05
1202 1202 3490.90291544
1203 1203 5534.6333302
1204 1204 4.44089660229e-05
1205 1205 1.37146373915e-05
1206 1206 2755.35186576
1207 1207 9.18211287058e-05
1208 1208 4.28077072869e-05
1209 1209 6.77394172919e-05
1210 1210 4913.13352249
1211 1211 138.266968216
1212 1212 3630.95470103
1213 1213 1785.55885895
1214 1214 6.58995005616e-05
1215 1215 4.92816601204e-05
1216 1216 3.05035564233e-05
1217 1217 7.95298466971e-05
1218 1218 1.93993258142e-05
1219 1219 7.81725835887e-05
1220 1220 2946.88460519
1221 1221 354.08889865
1222 1222 7.82259282553e-05
1223 1223 6.86788676e-05
1224 1224 7.0507154196e-05
1225 1225 5.71928995101e-05
1226 1226 1.11573791221e-05
1227 1227 1253.64114388
1228 1228 7.23508380867e-05
1229 1229 5.9251463298e-05
1230 1230 4.76551638451e-05
1231 1231 8.98499415193e-05
1232 1232 1.35369314509e-05
1233 1233 5.24514093104e-06
1234 1234 2113.38249775
1235 1235 4671.65697856
1236 1236 7.89063317193e-06
1237 1237 4669.53683516
1238 1238 5.86647217643e-05
1239 1239 4.47867536226e-05
1240 1240 3.3734105201e-05
1241 1241 6.20547616137e-05
1242 1242 4.85476018422e-05
1243 1243 1.47066335552e-05
1244 1244 4212.57989894
1245 1245 4.20526832539e-05
1246 1246 8.08664006367e-05
1247 1247 2711.15504504
1248 1248 2565.22485517
1249 1249 5.57968490469e-05
1250 1250 4.63821961512e-05
1251 1251 1.86726843979e-05
1252 1252 2328.65420422
1253 1253 7.19738993489e-05
1254 1254 7.60492199088e-05
1255 1255 2486.04722982
1256 1256 3402.56103636
1257 1257 2.53823394124e-05
1258 1258 1.87765453614e-06
1259 1259 1.40070546674e-06
1260 1260 1.28759517503e-05
1261 1261 3865.67376676
1262 1262 2.59431229233e-05
1263 1263 4510.22234226
1264 1264 8.77050253326e-05
1265 1265 7.81748551188e-05
1266 1266 1.34535073988e-05
1267 1267 6.65885003083e-05
1268 1268 4.69112988339e-05
1269 1269 5.29420521076e-05
1270 1270 3.09567359956e-05
1271 1271 7.14920220511e-05
1272 1272 3158.76566127
1273 1273 3.20358249065e-05
1274 1274 6.02705504711e-05
1275 1275 5.99792571623e-05
1276 1276 9.67819943593e-05
1277 1277 1.53157736061e-05
1278 1278 8.30249574888e-05
1279 1279 5.61644717098e-05
1280 1280 5.98624587398e-05
1281 1281 821.173410773
1282 1282 4.01034061482e-05
1283 1283 4857.26118274
1284 1284 6.66921606212e-05
1285 1285 2.90053180704e-05
1286 1286 9.77492065574e-06
1287 1287 9.36766144283e-05
1288 1288 8.52328060344e-06
1289 1289 5.25197921509e-05
1290 1290 7.95371682548e-05
1291 1291 6.95621445496e-05
1292 1292 7.57857305827e-05
1293 1293 8.15985923901e-06
1294 1294 2852.77367784
1295 1295 5606.08121209
1296 1296 1.01450372149e-05
1297 1297 9.23458853744e-05
1298 1298 5.16570988056e-05
1299 1299 5.69445112689e-05
1300 1300 2.22579327873e-05
1301 1301 3.33201708543e-05
1302 1302 2812.96457431
1303 1303 3.25605137607e-05
1304 1304 5.27441151754e-05
1305 1305 6.64562972889e-05
1306 1306 5.97777194529e-05
1307 1307 2761.15454625
1308 1308 3.56535793096e-05
1309 1309 9.00212641464e-05
1310 1310 1942.404736
1311 1311 7.20484715914e-05
1312 1312 6.00130184979e-05
1313 1313 3.74882632778e-05
1314 1314 2801.72895511
1315 1315 2.92437209e-05
1316 1316 4.57213143687e-05
1317 1317 4.69733047834e-06
1318 1318 5.89198270391e-05
1319 1319 2.08100784463e-05
1320 1320 8.96493723863e-05
1321 1321 4.66732265856e-05
1322 1322 6.17679706252e-05
1323 1323 2.6756780242e-05
1324 1324 5.72462243645e-05
1325 1325 4.60622756047e-05
1326 1326 4762.42003859
1327 1327 5.5335126104e-05
1328 1328 3.66665370793e-05
1329 1329 7.01258735038e-05
1330 1330 5.75246823431e-05
1331 1331 2.29398764177e-05
1332 1332 4779.90132536
1333 1333 3.44763734651e-05
1334 1334 8.09350107206e-05
1335 1335 4.37765028796e-05
1336 1336 3643.59826305
1337 1337 2.00267006328e-05
1338 1338 8.90413174107e-05
1339 1339 4.83983577724e-05
1340 1340 3.46252059325e-05
1341 1341 1.92967828678e-05
1342 1342 8.79884477107e-05
1343 1343 5.94108543273e-05
1344 1344 1.36007681321e-05
1345 1345 1.08550770958e-05
1346 1346 2.98212986554e-05
1347 1347 2.42870397926e-05
1348 1348 1.97923621516e-05
1349 1349 9.38172014059e-05
1350 1350 8.17455758732e-05
1351 1351 2.22004758551e-05
1352 1352 2927.87625485
1353 1353 8.20772190264e-05
1354 1354 2092.92584879
1355 1355 1.20959276351e-06
1356 1356 1.86291373206e-05
1357 1357 17.043801567
1358 1358 3.33188868969e-05
1359 1359 3.71802921453e-05
1360 1360 1.33189295509e-05
1361 1361 419.870178873
1362 1362 2.98187003107e-05
1363 1363 4569.76861668
1364 1364 9.17152473973e-06
1365 1365 2.58902352978e-05
1366 1366 8.99620324334e-05
1367 1367 4.55230148999e-05
1368 1368 592.321489109
1369 1369 2543.39768122
1370 1370 4.2911866071e-05
1371 1371 2.36347654254e-05
1372 1372 3352.89881187
1373 1373 8.82091845147e-06
1374 1374 7.96244189138e-05
1375 1375 4.61998758245e-05
1376 1376 1.5646999867e-05
1377 1377 1.28545111818e-05
1378 1378 7.14483860594e-05
1379 1379 4012.14439422
1380 1380 5.41979552911e-05
1381 1381 6.32275066037e-05
1382 1382 8.00457539755e-05
1383 1383 7.40856305866e-06
1384 1384 1.01569264864e-05
1385 1385 8.21248781888e-05
1386 1386 8.49017151236e-05
1387 1387 2.53590389464e-05
1388 1388 1.69183881599e-05
1389 1389 2.8545217905e-05
1390 1390 6.9379535424e-05
1391 1391 7.25333491407e-05
1392 1392 6.29670977145e-05
1393 1393 8.59644668137e-05
1394 1394 4244.33228067
1395 1395 7.77838493021e-05
1396 1396 5.55004103405e-05
1397 1397 5.62877113985e-05
1398 1398 5549.76680208
1399 1399 8.82999705749e-05
1400 1400 1.28048552349e-05
1401 1401 9.42093187793e-05
1402 1402 5.3771863138e-05
1403 1403 5.27425289948e-05
1404 1404 2.21988551138e-05
1405 1405 8.37281676003e-05
1406 1406 3109.15250532
1407 1407 4050.32799793
1408 1408 8.02349152329e-05
1409 1409 6.70016026969e-05
1410 1410 9.98539342028e-05
1411 1411 8.13503540446e-05
1412 1412 4188.68239403
1413 1413 4.29466071465e-05
1414 1414 2.36316137261e-05
1415 1415 5.47755984679e-06
1416 1416 2.20679156889e-05
1417 1417 4.41344907072e-05
1418 1418 1.48718923165e-05
1419 1419 6.8724266399e-05
1420 1420 4512.51472203
1421 1421 1.43681643971e-05
1422 1422 834.126578224
1423 1423 9.16873859573e-05
1424 1424 5.27776406222e-05
1425 1425 3.15420606535e-05
1426 1426 1785.60601223
1427 1427 5.84560022848e-05
1428 1428 9.46962710271e-06
1429 1429 1.48429593106e-06
1430 1430 3.26567992307e-05
1431 1431 7.54837204132e-05
1432 1432 5.12837466169e-05
1433 1433 3.71449863258e-06
1434 1434 7.22600887095e-05
1435 1435 5.62708735738e-05
1436 1436 5.28436126713e-05
1437 1437 3.46615187391e-05
1438 1438 3.77214019049e-06
1439 1439 5.79033247563e-05
1440 1440 4.36252087714e-05
1441 1441 3533.91235767
1442 1442 5.63199481038e-05
1443 1443 4.84124086857e-05
1444 1444 2.03216931108e-05
1445 1445 2.27266270703e-05
1446 1446 8.05469867495e-05
1447 1447 2.33804116863e-05
1448 1448 5.63168272893e-05
1449 1449 3.57795254446e-05
1450 1450 1449.19066266
1451 1451 6.16580797924e-07
1452 1452 6.43941507818e-05
1453 1453 2.58969258103e-05
1454 1454 4.61385003884e-05
1455 1455 5.03050393131e-05
1456 1456 1.89619262818e-05
1457 1457 5.93113783055e-05
1458 1458 7.47268040347e-05
1459 1459 8.60688217558e-05
1460 1460 5.53507471976e-05
1461 1461 6.266847094e-05
1462 1462 3.31415280075e-05
1463 1463 9.56390250558e-05
1464 1464 2.5773691196e-05
1465 1465 3.40853526164e-05
1466 1466 4.41637641389e-05
1467 1467 4514.40281914
1468 1468 2.79581024589e-05
1469 1469 4.7800765764e-05
1470 1470 2.34733856199e-05
1471 1471 5.72784450838e-05
1472 1472 5.15514267491e-06
1473 1473 4047.79585193
1474 1474 8.74192952479e-07
1475 1475 4.03467729354e-05
1476 1476 8.12478944522e-05
1477 1477 7.10153044516e-05
1478 1478 5.51998868569e-05
1479 1479 1924.84568008
1480 1480 7.28864976386e-05
1481 1481 4.02855356471e-05
1482 1482 7.16743899938e-05
1483 1483 9.06607048344e-06
1484 1484 8.21519970705e-05
1485 1485 5119.19634629
1486 1486 4801.44757877
1487 1487 4189.87129733
1488 1488 1782.0108197
1489 1489 4514.55685918
1490 1490 2.2608486655e-05
1491 1491 9.65275958379e-05
1492 1492 2.07003113168e-05
1493 1493 5432.89330351
1494 1494 1763.63875657
1495 1495 1.98171077242e-05
1496 1496 6.96117258819e-05
1497 1497 1.31542532779e-05
1498 1498 3165.44807939
1499 1499 4540.09413124
1500 1500 5268.8095904
1501 1501 5.8374335417e-05
1502 1502 3185.64531823
1503 1503 923.337391691
1504 1504 2.42347742631e-05
1505 1505 4.11112708079e-05
1506 1506 5134.72571913
1507 1507 2.40781204973e-06
1508 1508 3.42718015783e-05
1509 1509 4019.42627255
1510 1510 6.81867413918e-05
1511 1511 4002.11510969
1512 1512 9.22849098828e-08
1513 1513 3.76158414072e-05
1514 1514 7.37763413779e-05
1515 1515 6.2981068894e-05
1516 1516 2.41237293264e-05
1517 1517 154.662474811
1518 1518 7.2760878656e-05
1519 1519 2.3392172239e-05
1520 1520 2.97210093182e-05
1521 1521 8.89863423079e-05
1522 1522 5.99166439453e-06
1523 1523 4702.91168532
1524 1524 8.12178749016e-05
1525 1525 6.73888271366e-05
1526 1526 6.42588728382e-05
1527 1527 9.33987574266e-05
1528 1528 2.25477600542e-05
1529 1529 2.83612302064e-05
1530 1530 6.71996902243e-05
1531 1531 3.28544996985e-05
1532 1532 5.97929610923e-05
1533 1533 9.8972036099e-05
1534 1534 2958.39400926
1535 1535 4263.30047278
1536 1536 2.96796501786e-05
1537 1537 1963.44638915
1538 1538 8.22502842303e-06
1539 1539 8.51650218824e-05
1540 1540 3.06438882391e-05
1541 1541 2.02075291386e-05
1542 1542 1733.18714068
1543 1543 3.44235509886e-05
1544 1544 3.74959201155e-05
1545 1545 7.35936299347e-05
1546 1546 8.62340252293e-05
1547 1547 2.87775996752e-06
1548 1548 4635.35109117
1549 1549 9.11721262752e-05
1550 1550 2.00093747326e-05
1551 1551 3491.32599937
1552 1552 6.48535515287e-07
1553 1553 3.83479005153e-05
1554 1554 2474.52676268
1555 1555 7.49968080914e-05
1556 1556 3863.34028267
1557 1557 3.50299501746e-05
1558 1558 6.67022325362e-05
1559 1559 8.73172757505e-05
1560 1560 3.51585005016e-05
1561 1561 1761.580248
1562 1562 7.25744672162e-05
1563 1563 2.31091178945e-05
1564 1564 8.76637666064e-05
1565 1565 3.15964389884e-05
1566 1566 3.16562574347e-05
1567 1567 9.62580741662e-05
1568 1568 3.36665896281e-05
1569 1569 3675.91215387
1570 1570 1945.03421502
1571 1571 3.1751307355e-05
1572 1572 1.54361917611e-05
1573 1573 2052.48207699
1574 1574 8.27993827556e-05
1575 1575 6.83385526172e-05
1576 1576 4.44564930379e-05
1577 1577 2.11640029937e-05
1578 1578 9.35813254014e-05
1579 1579 3.62623424499e-05
1580 1580 2.99378664562e-05
1581 1581 7.61050444809e-05
1582 1582 4.62127064216e-05
1583 1583 4.95168213494e-05
1584 1584 1.12447031589e-05
1585 1585 7.08512674322e-05
1586 1586 5004.93046675
1587 1587 6.19862120295e-05
1588 1588 5272.54369016
1589 1589 1.09957662789e-05
1590 1590 5.41939004819e-06
1591 1591 8.91270002504e-06
1592 1592 42.177852158
1593 1593 3789.78494151
1594 1594 4987.4854401
1595 1595 1494.18964299
1596 1596 4.81057667486e-05
1597 1597 3995.89573109
1598 1598 4.67236843088e-05
1599 1599 8.92411304729e-05
1600 1600 1294.79049331
1601 1601 2276.12749927
1602 1602 4.65299539933e-05
1603 1603 6.16929067348e-05
1604 1604 7.01762616201e-05
1605 1605 5.33876958275e-05
1606 1606 2.37865423605e-05
1607 1607 1.72053437626e-05
1608 1608 3.19351624219e-05
1609 1609 7.45457683859e-05
1610 1610 7.15324843191e-05
1611 1611 3.6857808065e-06
1612 1612 1.01209799324e-05
1613 1613 1539.25700985
1614 1614 3.42345311632e-05
1615 1615 1.7559431139e-05
1616 1616 1.15625242638e-05
1617 1617 1498.81229866
1618 1618 9.95566806049e-05
1619 1619 4080.36685299
1620 1620 2.53272563501e-05
1621 1621 1.12442633146e-05
1622 1622 4.8319242845e-05
1623 1623 5.69478924272e-05
1624 1624 9.68622984542e-05
1625 1625 3.7742677473e-05
1626 1626 571.356540159
1627 1627 1855.17574198
1628 1628 6.45658223726e-05
1629 1629 4081.89092183
1630 1630 4.95235846124e-05
1631 1631 6.19002596546e-05
1632 1632 4322.0942433
1633 1633 2.06062377371e-05
1634 1634 6.41057849372e-05
1635 1635 6.8354842078e-05
1636 1636 2342.93256633
1637 1637 4978.76127385
1638 1638 7.02891808133e-05
1639 1639 625.699628689
1640 1640 7.97572504547e-05
1641 1641 8.9351784598e-05
1642 1642 3475.66066278
1643 1643 3340.04179
1644 1644 2.47401278498e-05
1645 1645 3.18517144905e-05
1646 1646 494.797773919
1647 1647 4736.73943084
1648 1648 2.54220608894e-05
1649 1649 7.87985534065e-05
1650 1650 8.86310360287e-06
1651 1651 3.34453222911e-05
1652 1652 5.24843123843e-05
1653 1653 7.77954627399e-05
1654 1654 3.08030094106e-05
1655 1655 3.15513891332e-05
1656 1656 9.62196590866e-05
1657 1657 7.48566559208e-05
1658 1658 6.18850952438e-05
1659 1659 5.13717977066e-05
1660 1660 8.69919239774e-05
1661 1661 1.28352764931e-06
1662 1662 6.14755681984e-05
1663 1663 2067.22275533
1664 1664 4963.97519817
1665 1665 6.96063330364e-05
1666 1666 3032.06421014
1667 1667 551.085006171
1668 1668 2.06774162782e-05
1669 1669 2493.30018898
1670 1670 8.08416486134e-05
1671 1671 9.54899627121e-05
1672 1672 5317.20263027
1673 1673 1.53163793019e-05
1674 1674 1.26392714e-05
1675 1675 4269.58695823
1676 1676 9.34317080996e-05
1677 1677 8.06118789825e-05
1678 1678 8.93410560959e-05
1679 1679 7.67723555637e-05
1680 1680 4308.78597337
1681 1681 5.79300392825e-05
1682 1682 3.92926365157e-05
1683 1683 3806.35159225
1684 1684 5452.56264133
1685 1685 3.84760602321e-05
1686 1686 8.48982425708e-05
1687 1687 3.9049221831e-05
1688 1688 2.30304270465e-05
1689 1689 1.03965134726e-07
1690 1690 3402.51819845
1691 1691 495.122930815
1692 1692 1.74589279655e-05
1693 1693 533.356568216
1694 1694 1892.24234978
1695 1695 3.00613391111e-05
1696 1696 8.99797358838e-05
1697 1697 7.44684267111e-05
1698 1698 8.32563682576e-05
1699 1699 2.0268909933e-05
1700 1700 2.29361309027e-05
1701 1701 8.9015582871e-05
1702 1702 3022.41129067
1703 1703 6.85163143444e-05
1704 1704 5.93059095567e-05
1705 1705 2.03390464987e-05
1706 1706 5090.44618538
1707 1707 9.71351712405e-05
1708 1708 5.21944329204e-05
1709 1709 7.74502699883e-05
1710 1710 6.06745260185e-05
1711 1711 4768.18753393
1712 1712 4.92809644879e-05
1713 1713 5400.64546873
1714 1714 4870.65999231
1715 1715 1.03563854593e-05
1716 1716 5.84812849178e-05
1717 1717 8.26221898323e-05
1718 1718 2.32805561559e-05
1719 1719 4.67762295925e-05
1720 1720 7.32505357467e-05
1721 1721 1.84531076551e-05
1722 1722 328.098322484
1723 1723 4.817683328e-05
1724 1724 5.93760751525e-06
1725 1725 8.99250664762e-05
1726 1726 1.31886091662e-05
1727 1727 1057.16149125
1728 1728 481.932064078
1729 1729 4.07755648301e-05
1730 1730 2.18890360471e-05
1731 1731 9.00010203884e-05
1732 1732 5.5433464483e-05
1733 1733 9.34184336923e-05
1734 1734 9.52091188767e-05
1735 1735 49.2049889279
1736 1736 4.10156447019e-06
1737 1737 2.73317258012e-06
1738 1738 8.82390434918e-05
1739 1739 6.3416666706e-06
1740 1740 9.54743988055e-05
1741 1741 7.47729217539e-05
1742 1742 1.88216391604e-05
1743 1743 9.52220089244e-05
1744 1744 1.43719367407e-05
1745 1745 7.77597482408e-05
1746 1746 3969.50521103
1747 1747 2.10257177685e-05
1748 1748 7.10903899914e-05
1749 1749 9.47604370482e-05
1750 1750 2621.50858434
1751 1751 9.32242611697e-05
1752 1752 7.95267647557e-05
1753 1753 2.60653774469e-05
1754 1754 923.358007173
1755 1755 1.4396826858e-05
1756 1756 9.04543712643e-05
1757 1757 4408.32065961
1758 1758 8.09604064593e-05
1759 1759 3973.18549093
1760 1760 7.79865705821e-05
1761 1761 2.79726938733e-05
1762 1762 6.55621614122e-05
1763 1763 3607.27626793
1764 1764 271.065773001
1765 1765 1707.05286015
1766 1766 5.97713723273e-05
1767 1767 2.35319154629e-05
1768 1768 1431.66897612
1769 1769 3.96349754318e-06
1770 1770 3458.98659642
1771 1771 5.7732282995e-05
1772 1772 3284.94715969
1773 1773 9.62327362131e-05
1774 1774 4.34398964394e-05
1775 1775 9.784109764e-05
1776 1776 600.732940668
1777 1777 5.98249217021e-05
1778 1778 1.0637784408e-05
1779 1779 3.95610049442e-05
1780 1780 1.39180758056e-05
1781 1781 5.07228673552e-05
1782 1782 4.96145025411e-05
1783 1783 3.87740668167e-05
1784 1784 9.39408137385e-05
1785 1785 1961.71888626
1786 1786 6.68773222967e-05
1787 1787 4.9029565576e-05
1788 1788 7.1861252906e-05
1789 1789 3.74568078199e-05
1790 1790 1458.52299861
1791 1791 3.23110390122e-05
1792 1792 9.82543408372e-05
1793 1793 3.38525616529e-05
1794 1794 4.20117030544e-05
1795 1795 2854.31600466
1796 1796 4857.77443632
1797 1797 2.69767807157e-05
1798 1798 9.02467379944e-05
1799 1799 5.66394268814e-06
1800 1800 1.24190569565e-05
1801 1801 4.97578715902e-05
1802 1802 8.59507807508e-05
1803 1803 4887.6507923
1804 1804 2.55511802862e-05
1805 1805 7.32870747279e-05
1806 1806 6.32004425049e-05
1807 1807 4269.99659481
1808 1808 3662.44259697
1809 1809 2299.73337699
1810 1810 1.48900393247e-05
1811 1811 5.5098945206e-05
1812 1812 5.60669767727e-05
1813 1813 7.19964692597e-05
1814 1814 5.63476799475e-05
1815 1815 4.73467366081e-05
1816 1816 8.11262123786e-05
1817 1817 3241.61179271
1818 1818 5.13079501366e-05
1819 1819 8.91966005597e-05
1820 1820 1537.43343811
1821 1821 9.57363945386e-05
1822 1822 4.56372881371e-05
1823 1823 3.68068856122e-05
1824 1824 1.6083662578e-05
1825 1825 2.55977695691e-05
1826 1826 9.49197082358e-05
1827 1827 5.23225400297e-05
1828 1828 3.41175987112e-05
1829 1829 2.383947859e-05
1830 1830 5.42504317411e-05
1831 1831 5.15316058253e-06
1832 1832 3.88006833283e-05
1833 1833 1790.34590401
1834 1834 5.28463441766e-05
1835 1835 2.48334094841e-05
1836 1836 1657.79740284
1837 1837 3.63121191575e-05
1838 1838 6.57278888286e-06
1839 1839 6.10062958204e-05
1840 1840 1.90152274925e-05
1841 1841 8.494669852e-05
1842 1842 9.46134893411e-05
1843 1843 2950.6065372
1844 1844 1135.79499058
1845 1845 2.44959308413e-05
1846 1846 5.15700018543e-05
1847 1847 2.43450079726e-05
1848 1848 6.22995434212e-05
1849 1849 6.4071594093e-05
1850 1850 1718.58312081
1851 1851 200.878277703
1852 1852 2653.15841283
1853 1853 8.30021442263e-06
1854 1854 7.98454838336e-05
1855 1855 9.88456473604e-05
1856 1856 3586.00897436
1857 1857 2470.33734811
1858 1858 6.27093905647e-05
1859 1859 651.979568065
1860 1860 2.14827866968e-05
1861 1861 9.8065460057e-05
1862 1862 5.87302971352e-05
1863 1863 1.84644622863e-05
1864 1864 2.76512671493e-05
1865 1865 4.71035524343e-05
1866 1866 5102.98589708
1867 1867 2.53752925249e-06
1868 1868 2849.00690366
1869 1869 816.728057697
1870 1870 6.57747114045e-05
1871 1871 5414.68796479
1872 1872 2.04491000254e-05
1873 1873 3.48290183575e-05
1874 1874 1829.65288829
1875 1875 6.0725513086e-05
1876 1876 7.34706914411e-05
1877 1877 1.01659042024e-05
1878 1878 3.21731688685e-05
1879 1879 1.90182669975e-06
1880 1880 2689.30402697
1881 1881 5.65229055019e-05
1882 1882 4370.8675639
1883 1883 8.82337632063e-05
1884 1884 1048.40912485
1885 1885 7.45236763525e-05
1886 1886 2192.55917194
1887 1887 2.16216257422e-05
1888 1888 4.12737891963e-05
1889 1889 6.42983807816e-05
1890 1890 4.47431983556e-05
1891 1891 1522.8822659
1892 1892 4.00013233179e-05
1893 1893 4109.86372082
1894 1894 9.810198852e-06
1895 1895 8.74368579717e-05
1896 1896 1.41785415267e-05
1897 1897 3.73563518955e-05
1898 1898 3.5206478028e-05
1899 1899 3.23425227271e-05
1900 1900 2255.2621808
1901 1901 6.36421574683e-05
1902 1902 3.83339572879e-05
1903 1903 1.72169324483e-05
1904 1904 5619.18604914
1905 1905 4.54481099766e-06
1906 1906 1.28872560113e-05
1907 1907 5.40934286028e-05
1908 1908 5.63757415574e-05
1909 1909 186.214189117
1910 1910 8.68603626354e-05
1911 1911 2319.54851385
1912 1912 8.65429003216e-05
1913 1913 1.35397772776e-05
1914 1914 90.3521369559
1915 1915 1.03025325006e-05
1916 1916 1.94852408823e-05
1917 1917 5275.87018364
1918 1918 3756.29144105
1919 1919 550.32757645
1920 1920 5.20823833753e-05
1921 1921 3.10747152339e-05
1922 1922 3559.6615193
1923 1923 5.67811533221e-05
1924 1924 6.23992104968e-05
1925 1925 2861.12420588
1926 1926 2.94815533875e-05
1927 1927 9.52689406309e-05
1928 1928 5.61304093643e-05
1929 1929 3162.40790318
1930 1930 8.26711558354e-05
1931 1931 3.02057782455e-05
1932 1932 7.15644136069e-05
1933 1933 5.16842994024e-06
1934 1934 6.21512495471e-05
1935 1935 4.86744890513e-05
1936 1936 5.0192964413e-05
1937 1937 2.51014764432e-05
1938 1938 4.95404014697e-05
1939 1939 6.4706832556e-06
1940 1940 5.78721906887e-05
1941 1941 1.2049292996e-05
1942 1942 3.00979014e-05
1943 1943 9.37715020411e-06
1944 1944 1703.86091963
1945 1945 8.49055418841e-05
1946 1946 7.41992238914e-05
1947 1947 4.98393240505e-05
1948 1948 2337.35104575
1949 1949 2267.28024569
1950 1950 153.568578772
1951 1951 7.31599326054e-05
1952 1952 8.17464343133e-05
1953 1953 736.263362791
1954 1954 3.68014979321e-05
1955 1955 7.52257972249e-05
1956 1956 1.86650200448e-05
1957 1957 3.72723518805e-05
1958 1958 8.13322598243e-06
1959 1959 1.61597213103e-05
1960 1960 8.39665833915e-06
1961 1961 4.49157381463e-05
1962 1962 3.65227580311e-06
1963 1963 4.99551088293e-05
1964 1964 8.67787067667e-05
1965 1965 2.40115139411e-05
1966 1966 2580.15224731
1967 1967 2.17596821159e-05
1968 1968 6.96868686603e-05
1969 1969 4587.43075796
1970 1970 4.46152485568e-05
1971 1971 4.31539635613e-06
1972 1972 3455.69287781
1973 1973 3201.91929741
1974 1974 2.2749286119e-05
1975 1975 5.21047036517e-05
1976 1976 9.37771646245e-05
1977 1977 3.99070063919e-05
1978 1978 8.07551822933e-05
1979 1979 1.97558994251e-05
1980 1980 4.40740863465e-05
1981 1981 8.05066611168e-05
1982 1982 7.14640786273e-05
1983 1983 6.19645676335e-05
1984 1984 6.64369588294e-05
1985 1985 8.56223679975e-05
1986 1986 9.05640074357e-05
1987 1987 722.593200084
1988 1988 3049.11530136
1989 1989 1.74132456307e-05
1990 1990 2031.02811329
1991 1991 5.36208834577e-05
1992 1992 8.42025888796e-08
1993 1993 1.93716274148e-05
1994 1994 1211.31133445
1995 1995 6.17374903624e-05
1996 1996 6.71724075814e-05
1997 1997 5.95687688631e-05
1998 1998 6.66559020699e-05
1999 1999 4201.01772056
2000 2000 1.17720565742e-05
