1 1 466.782945934
2 2 278.178126776
3 3 415.826325746
4 4 330.333430349
5 5 216.671608733
6 6 526.159402207
7 7 421.753020162
8 8 0.00904465851119
9 9 504.905403516
10 10 390.269673527
11 11 0.00254016013931
12 12 0.00517536106087
13 13 0.00673424073811
14 14 490.447085043
15 15 619.90236795
16 16 165.750042785
17 17 0.00328241111339
18 18 347.088125205
19 19 220.493470281
20 20 0.00377054487521
21 21 507.979815558
22 22 0.00342325921387
23 23 0.00763834376609
24 24 510.627017251
25 25 0.00719639632128
26 26 0.00789802753276
27 27 74.6177041003
28 28 601.154165067
29 29 267.637960321
30 30 278.588808583
31 31 45.3451634783
32 32 80.758563255
33 33 384.937682769
34 34 0.00520565565593
35 35 0.00956816805388
36 36 177.275548899
37 37 19.3483036046
38 38 514.33486747
39 39 518.213756804
40 40 0.000543648458937
41 41 241.905669386
42 42 204.095424993
43 43 194.285513707
44 44 410.163264709
45 45 458.392291107
46 46 0.00298789438192
47 47 394.272660407
48 48 614.9303669
49 49 40.7985553086
50 50 159.322214458
51 51 0.00121430741301
52 52 418.863323241
53 53 0.00822065133939
54 54 381.460953336
55 55 0.00974690407048
56 56 0.00645185724563
57 57 96.0700062636
58 58 305.085391213
59 59 271.266393374
60 60 533.595936255
61 61 436.635627189
62 62 0.00128727554362
63 63 27.8375263393
64 64 158.070716643
65 65 387.712652094
66 66 527.225290121
67 67 582.378262399
68 68 0.00475660501685
69 69 0.00298823321938
70 70 0.000436629377183
71 71 480.445073998
72 72 329.848613169
73 73 0.000224216457094
74 74 156.909521379
75 75 12.8607871961
76 76 602.076981036
77 77 256.917272205
78 78 0.00348348871158
79 79 0.00646257676772
80 80 0.00608719108402
81 81 614.341910066
82 82 344.75659219
83 83 0.00580610716674
84 84 0.000110754587447
85 85 111.239118442
86 86 603.766362843
87 87 32.1892545305
88 88 255.490800369
89 89 452.344144609
90 90 314.27633811
91 91 55.5509153444
92 92 347.086549528
93 93 422.115067547
94 94 210.379963656
95 95 277.892692926
96 96 431.064410112
97 97 0.00610238381085
98 98 521.446923728
99 99 381.999038546
100 100 0.00405865178822
101 101 0.00678317875007
102 102 0.00427594943891
103 103 320.489421578
104 104 136.373318993
105 105 140.492856535
106 106 596.297305398
107 107 569.794501672
108 108 0.00705538687067
109 109 384.343717024
110 110 369.349970262
111 111 14.7991607696
112 112 240.087087739
113 113 403.658154063
114 114 375.26180926
115 115 536.697385626
116 116 492.479992156
117 117 384.178085732
118 118 421.794645988
119 119 445.979848081
120 120 140.032359451
121 121 362.312557956
122 122 408.591047621
123 123 183.073374691
124 124 16.6441877568
125 125 8.9555362862
126 126 276.80059152
127 127 206.173341625
128 128 217.58369602
129 129 508.597505344
130 130 440.445639274
131 131 331.064686845
132 132 0.00804707667571
133 133 548.625090905
134 134 0.000824630439016
135 135 0.00759532163819
136 136 165.602465945
137 137 464.000460721
138 138 558.568965454
139 139 422.678865128
140 140 543.897924431
141 141 140.068495587
142 142 229.637990556
143 143 474.529976362
144 144 115.294897427
145 145 0.00484218375245
146 146 0.00716158643905
147 147 476.039674529
148 148 0.00217736918016
149 149 386.236564162
150 150 0.0064774927453
151 151 191.702736236
152 152 0.00366668327956
153 153 137.31792512
154 154 397.537805163
155 155 388.705163558
156 156 544.210221377
157 157 257.182205816
158 158 154.48363453
159 159 243.719890203
160 160 495.909653419
161 161 522.458581717
162 162 110.342578425
163 163 458.476971729
164 164 459.288640032
165 165 0.00781486277366
166 166 404.540961287
167 167 499.971090487
168 168 170.736464328
169 169 201.821951735
170 170 83.6810113846
171 171 36.2097105277
172 172 0.003409821871
173 173 0.000442833598227
174 174 339.910141362
175 175 273.342808429
176 176 0.000451092508493
177 177 579.499855405
178 178 441.452065123
179 179 457.884334546
180 180 0.00537750788516
181 181 566.850850499
182 182 150.876960065
183 183 432.690312322
184 184 139.906353292
185 185 0.00458441912164
186 186 482.813731784
187 187 122.993196458
188 188 169.951623481
189 189 531.804339845
190 190 239.065701254
191 191 0.00794530177352
192 192 356.616524821
193 193 0.00133497710659
194 194 319.58702315
195 195 440.606046149
196 196 107.866880986
197 197 7.40835468756
198 198 440.366336521
199 199 348.41082479
200 200 0.00380892265814
201 201 0.00618770015824
202 202 0.00964400692097
203 203 0.00164400754845
204 204 483.299357498
205 205 566.399871499
206 206 563.672215408
207 207 0.00737984750755
208 208 406.238161688
209 209 248.198355909
210 210 625.5080499
211 211 0.00894062645755
212 212 283.258299842
213 213 0.00893512482721
214 214 392.753561313
215 215 354.003701642
216 216 370.054928855
217 217 584.09804665
218 218 348.276200563
219 219 0.00298819937179
220 220 582.379897687
221 221 0.00660128879755
222 222 54.7675944078
223 223 567.502286952
224 224 0.0043917397109
225 225 153.936733304
226 226 208.322065072
227 227 72.191408687
228 228 295.47723473
229 229 172.232153936
230 230 414.969325232
231 231 605.004579043
232 232 581.749585456
233 233 4.68629434077
234 234 560.405706204
235 235 499.181352716
236 236 457.705007015
237 237 603.17935767
238 238 113.419315291
239 239 193.144393021
240 240 0.00470216124553
241 241 0.00821324597421
242 242 163.55211098
243 243 0.000510020644877
244 244 44.1741079041
245 245 0.00752165023175
246 246 277.057057285
247 247 516.508594156
248 248 315.850301725
249 249 0.00625053188987
250 250 0.00349945408247
251 251 164.144593026
252 252 456.947389375
253 253 327.872987774
254 254 591.372264852
255 255 569.179955859
256 256 598.791157485
257 257 468.73604234
258 258 70.5763516425
259 259 317.433003207
260 260 308.007875631
261 261 39.1096864618
262 262 144.845857921
263 263 0.0051060765228
264 264 170.249901919
265 265 389.134674486
266 266 0.00302321545397
267 267 594.759298115
268 268 479.866202998
269 269 0.00646258773739
270 270 498.633805852
271 271 362.819472802
272 272 387.460290981
273 273 0.00275598803758
274 274 278.378210991
275 275 66.9191018076
276 276 277.039709569
277 277 47.8321563881
278 278 577.595975393
279 279 448.735534292
280 280 147.024388381
281 281 389.607079695
282 282 309.686436769
283 283 253.117605001
284 284 618.9381423
285 285 0.00389229227272
286 286 354.980719794
287 287 142.32261319
288 288 380.552107841
289 289 198.69216732
290 290 322.506174667
291 291 425.987137504
292 292 73.1874751321
293 293 244.779859752
294 294 259.078207623
295 295 525.896241138
296 296 132.6760506
297 297 213.935016589
298 298 0.00767989320636
299 299 67.593149595
300 300 267.225388476
301 301 412.043685288
302 302 0.00497627285145
303 303 510.745803358
304 304 0.00620237143596
305 305 513.654864368
306 306 510.725814095
307 307 197.266690708
308 308 331.522169175
309 309 0.00895111664928
310 310 561.851742657
311 311 79.7644480369
312 312 0.00501056589813
313 313 0.00355470964545
314 314 604.25256386
315 315 154.415973759
316 316 0.00239822030776
317 317 0.0071042380142
318 318 557.886045465
319 319 165.776133528
320 320 0.000419175556574
321 321 0.00544744934554
322 322 465.381067553
323 323 344.281653675
324 324 518.149047101
325 325 336.402377081
326 326 440.195702485
327 327 379.94679069
328 328 221.672967189
329 329 23.9735314226
330 330 561.32411891
331 331 235.170424884
332 332 0.00667050862241
333 333 296.901006422
334 334 245.87194715
335 335 0.00143755524149
336 336 72.7571816067
337 337 471.299247918
338 338 343.341736241
339 339 377.543539671
340 340 0.00876507748308
341 341 486.515697618
342 342 7.68424196729
343 343 0.00205006512905
344 344 148.586891625
345 345 232.700629093
346 346 45.8093241737
347 347 597.701178026
348 348 315.559447897
349 349 565.04394764
350 350 494.186184543
351 351 0.00890816630235
352 352 0.00613619249061
353 353 44.5408931236
354 354 0.00623483352745
355 355 382.909693565
356 356 292.180438008
357 357 495.751478608
358 358 0.00551738189916
359 359 56.4364492018
360 360 567.994398851
361 361 430.386294148
362 362 100.62912976
363 363 197.020544755
364 364 0.00211069532394
365 365 406.316442239
366 366 0.0028733666529
367 367 313.585174914
368 368 81.8325930549
369 369 0.0061259455027
370 370 0.00982028095169
371 371 214.318212978
372 372 167.210520052
373 373 220.871637641
374 374 196.922132957
375 375 401.837979007
376 376 440.712485418
377 377 246.786378155
378 378 0.000410570176718
379 379 421.70229965
380 380 0.00627617297446
381 381 270.807792456
382 382 595.775649855
383 383 417.317233886
384 384 144.551701359
385 385 437.033590694
386 386 420.867012104
387 387 191.996989435
388 388 517.73342014
389 389 225.450663889
390 390 199.785241632
391 391 0.00806274232357
392 392 0.00494340166516
393 393 0.000683325223864
394 394 175.31837463
395 395 343.24419136
396 396 402.197653868
397 397 0.00492334275067
398 398 502.707679287
399 399 0.000367474269812
400 400 538.508041788
401 401 90.4300060194
402 402 0.00623425434859
403 403 118.018523569
404 404 2.8861364375
405 405 0.00394823292853
406 406 396.492823238
407 407 0.00806968903657
408 408 59.2069423928
409 409 163.041934972
410 410 218.320111788
411 411 170.006392063
412 412 67.7240284605
413 413 251.126558977
414 414 176.936561716
415 415 0.000374717218533
416 416 231.424485154
417 417 390.490233463
418 418 579.511909054
419 419 610.099237289
420 420 272.474005183
421 421 0.00748027964995
422 422 167.722187434
423 423 470.985403067
424 424 122.738938007
425 425 487.818779877
426 426 393.644276838
427 427 0.0015298659951
428 428 451.670483018
429 429 282.456538285
430 430 621.757956462
431 431 354.764563931
432 432 0.00723411636434
433 433 0.00074911391212
434 434 44.5321299864
435 435 0.00292601150004
436 436 203.453691846
437 437 0.00774868502063
438 438 259.008743467
439 439 350.562738365
440 440 279.118174148
441 441 339.793957119
442 442 588.399190871
443 443 0.000754201189188
444 444 0.00499430889552
445 445 14.7514994525
446 446 0.00885266650514
447 447 335.376032895
448 448 8.891381238e-05
449 449 70.1982329059
450 450 0.00892910849439
451 451 0.00320782428281
452 452 162.99752741
453 453 583.217510213
454 454 42.4072598557
455 455 149.95101542
456 456 285.26497089
457 457 0.00679867525187
458 458 465.36508769
459 459 463.961699949
460 460 199.776013008
461 461 0.001840565907
462 462 414.940663565
463 463 0.00700947591989
464 464 372.091127405
465 465 258.414627517
466 466 182.961512958
467 467 130.28432143
468 468 43.2270763616
469 469 311.812448492
470 470 137.164070164
471 471 129.868208637
472 472 0.00838612277554
473 473 111.057217358
474 474 115.558415394
475 475 0.00676037108421
476 476 0.00350503861096
477 477 0.00562887923479
478 478 343.372484403
479 479 228.514976202
480 480 537.116481353
481 481 578.1425684
482 482 0.00225287865444
483 483 285.697409724
484 484 34.0882235738
485 485 389.65075544
486 486 388.098973135
487 487 559.789635946
488 488 369.555387824
489 489 592.113659899
490 490 56.822896616
491 491 113.045160312
492 492 282.639678108
493 493 198.710477502
494 494 0.00205857896262
495 495 618.752487084
496 496 66.8833926698
497 497 0.00114845447573
498 498 604.227357405
499 499 0.00615413877651
500 500 268.393228647
501 501 0.00244402325468
502 502 512.384098776
503 503 384.985246132
504 504 422.139512978
505 505 0.00468569192817
506 506 0.00136897706022
507 507 0.000809774754311
508 508 0.00364134230465
509 509 476.318166433
510 510 564.579272021
511 511 440.942455787
512 512 102.739757762
513 513 366.360526166
514 514 0.0033845881318
515 515 61.7085434158
516 516 387.31011561
517 517 494.171681122
518 518 68.0444538118
519 519 568.25122976
520 520 96.9802046474
521 521 188.214359907
522 522 29.9942202817
523 523 83.4335828947
524 524 351.951102177
525 525 352.294622049
526 526 0.00439090063099
527 527 374.851958192
528 528 0.00862501013565
529 529 0.00186819969661
530 530 0.00165719532351
531 531 609.187990402
532 532 329.254288232
533 533 6.95197247376
534 534 235.037688688
535 535 294.106545618
536 536 0.000819712196812
537 537 306.117076646
538 538 297.042999199
539 539 384.990162823
540 540 388.648901258
541 541 250.744285412
542 542 580.378490158
543 543 315.908899373
544 544 198.503847686
545 545 542.547155554
546 546 0.0033863752828
547 547 87.7326229858
548 548 177.686015674
549 549 137.48037993
550 550 216.582685488
551 551 497.640935734
552 552 429.208840053
553 553 0.00459584790905
554 554 0.0072611040168
555 555 0.00903220072724
556 556 202.871224724
557 557 63.7821144007
558 558 248.799201541
559 559 587.143970612
560 560 126.704354935
561 561 0.00441618893942
562 562 137.293630439
563 563 0.00943301150503
564 564 427.678552016
565 565 0.00759617429904
566 566 308.396925704
567 567 300.593149896
568 568 0.00370307991993
569 569 537.890379667
570 570 0.00470040308097
571 571 186.590895872
572 572 0.00985509914181
573 573 127.192931598
574 574 80.048921534
575 575 0.00824299111323
576 576 331.35289216
577 577 94.2201620273
578 578 494.890497823
579 579 0.00597428001361
580 580 519.49257356
581 581 0.00768219023139
582 582 0.00546565412776
583 583 560.599252157
584 584 0.00955449770062
585 585 0.00317679342567
586 586 574.15193152
587 587 0.00148555650604
588 588 228.659813042
589 589 369.214116808
590 590 0.00308192439812
591 591 0.00178546998463
592 592 0.00863167524239
593 593 266.27391621
594 594 238.146696892
595 595 582.445282946
596 596 304.56530799
597 597 12.9038860771
598 598 0.0080742395655
599 599 157.639463138
600 600 79.5520451322
601 601 258.222352655
602 602 346.293662783
603 603 526.212030909
604 604 0.00791798453744
605 605 208.878687993
606 606 196.555339688
607 607 0.00941784627463
608 608 408.830854251
609 609 462.572862835
610 610 568.748048412
611 611 0.00989278785008
612 612 573.381539818
613 613 54.0203161019
614 614 169.13468794
615 615 480.893270391
616 616 49.6394054106
617 617 0.00635109035858
618 618 445.301540344
619 619 499.073079639
620 620 192.718019591
621 621 415.154649357
622 622 0.00630210433863
623 623 595.583447266
624 624 180.655802485
625 625 50.6683754772
626 626 0.000601597377291
627 627 249.953716983
628 628 375.025204853
629 629 79.230325103
630 630 86.4086106848
631 631 566.001410557
632 632 159.943676975
633 633 353.918870712
634 634 164.895351227
635 635 0.00428710560689
636 636 0.00569100247682
637 637 319.257327083
638 638 0.000816575580573
639 639 522.696224404
640 640 572.445106952
641 641 123.505714073
642 642 0.00574506060619
643 643 205.677402233
644 644 167.743846182
645 645 8.83631791092
646 646 345.391719235
647 647 0.00551305979883
648 648 159.674767147
649 649 577.866224797
650 650 219.70481541
651 651 0.000530866695615
652 652 151.09736197
653 653 200.30112833
654 654 0.00809267392651
655 655 0.000224387243837
656 656 570.062299935
657 657 569.592503932
658 658 130.789080446
659 659 30.7096281892
660 660 386.595072852
661 661 298.242422142
662 662 459.940450833
663 663 103.67101545
664 664 459.012166094
665 665 603.078528264
666 666 441.180773749
667 667 246.419667555
668 668 598.290993372
669 669 170.480592729
670 670 380.614581886
671 671 476.310280685
672 672 0.00375133928201
673 673 561.933612956
674 674 176.812694635
675 675 344.431576289
676 676 0.00485291234122
677 677 606.205794952
678 678 266.674976507
679 679 335.679772787
680 680 622.500759912
681 681 0.000607411918413
682 682 0.00865318499124
683 683 170.814020406
684 684 487.205121908
685 685 0.00388170916942
686 686 104.825383242
687 687 0.00418158183954
688 688 0.00856165421284
689 689 498.717300589
690 690 98.2505537485
691 691 381.832703115
692 692 0.00654471257125
693 693 0.00788825073145
694 694 155.265531777
695 695 0.00682664237041
696 696 580.047496335
697 697 475.756662385
698 698 377.649948603
699 699 476.382327403
700 700 33.2778065247
701 701 34.0093074217
702 702 546.919089869
703 703 220.945379984
704 704 460.830321223
705 705 73.2034336878
706 706 156.750442724
707 707 285.423913704
708 708 442.761966924
709 709 344.99358591
710 710 107.990819787
711 711 448.036585035
712 712 118.698444264
713 713 334.139593757
714 714 0.00930190047785
715 715 0.00935673902376
716 716 560.32600605
717 717 235.64511863
718 718 174.746992452
719 719 537.592016754
720 720 80.1353319368
721 721 172.47583682
722 722 110.598894926
723 723 519.951162974
724 724 30.4055791429
725 725 383.259058952
726 726 567.579440194
727 727 179.137932837
728 728 443.831268574
729 729 400.021131614
730 730 8.21141023937
731 731 160.16682083
732 732 103.837219178
733 733 0.00425152983013
734 734 290.46692644
735 735 197.941046126
736 736 33.2023420173
737 737 0.00765974128082
738 738 343.610699518
739 739 609.160235953
740 740 584.848096765
741 741 347.085389076
742 742 0.00625527062202
743 743 0.00966801261314
744 744 0.000578941522452
745 745 452.420876566
746 746 341.589457184
747 747 0.00377563208814
748 748 364.711557588
749 749 180.616503956
750 750 441.337439635
751 751 25.0196191075
752 752 119.279826342
753 753 352.219685773
754 754 80.0127469076
755 755 284.140639295
756 756 0.00232428821869
757 757 101.129941766
758 758 611.576112166
759 759 134.040471976
760 760 519.194686563
761 761 60.3652844517
762 762 409.791844071
763 763 74.8008877922
764 764 321.626972985
765 765 0.0047667649721
766 766 0.00172362757976
767 767 513.940658413
768 768 355.988077985
769 769 108.759869989
770 770 127.355340465
771 771 194.611981228
772 772 0.00190420326931
773 773 280.825297605
774 774 158.673514223
775 775 138.385942725
776 776 91.9362214572
777 777 343.674612943
778 778 0.0068007940474
779 779 0.00523043503573
780 780 0.00780768312609
781 781 0.000960097781056
782 782 468.473967193
783 783 0.00867394202712
784 784 92.2218741412
785 785 47.9929625819
786 786 8.40334148558
787 787 244.240250314
788 788 552.966319272
789 789 0.0046594961765
790 790 37.9518858983
791 791 339.058747385
792 792 289.958825134
793 793 237.923106929
794 794 0.0035856281746
795 795 243.288766228
796 796 100.994344343
797 797 0.00112504505389
798 798 0.00924648210493
799 799 100.928597601
800 800 154.073519836
801 801 452.710981194
802 802 317.504750048
803 803 185.451550885
804 804 150.509236627
805 805 490.575528665
806 806 0.00429038437557
807 807 0.00171770692048
808 808 405.694450365
809 809 491.800435699
810 810 261.153621775
811 811 334.910795415
812 812 0.00650866796554
813 813 91.9611906135
814 814 139.386659824
815 815 71.7189157953
816 816 22.367492153
817 817 621.552317488
818 818 17.2157968589
819 819 581.090781841
820 820 569.355028188
821 821 0.00910189175492
822 822 167.204167184
823 823 208.931353521
824 824 567.107473755
825 825 592.481446974
826 826 622.570402977
827 827 0.00900860667812
828 828 372.466926275
829 829 391.36357573
830 830 319.934486362
831 831 619.703685304
832 832 0.00325668139774
833 833 486.25072123
834 834 158.239686342
835 835 70.5256690916
836 836 370.100603661
837 837 0.0047617699117
838 838 0.00455352643081
839 839 9.89913027452
840 840 88.5102847565
841 841 424.23954444
842 842 61.8976381789
843 843 338.418296215
844 844 0.00312046946954
845 845 130.530495168
846 846 219.050129178
847 847 574.617554371
848 848 370.393766601
849 849 542.559264862
850 850 358.617811378
851 851 143.518558534
852 852 394.144998683
853 853 0.00100219692793
854 854 283.326972943
855 855 526.800839625
856 856 50.7933999028
857 857 0.00987416425589
858 858 529.381384206
859 859 135.378870269
860 860 120.305817777
861 861 34.8875126581
862 862 26.144548351
863 863 30.42404512
864 864 412.594488002
865 865 0.00573252009048
866 866 589.394249172
867 867 0.00222411638524
868 868 483.555305192
869 869 470.926852671
870 870 617.331697086
871 871 396.180451657
872 872 0.0058635903735
873 873 0.0076883106304
874 874 0.00495660266662
875 875 335.644036756
876 876 223.941451549
877 877 99.2122607173
878 878 106.692919753
879 879 492.430552987
880 880 447.811973183
881 881 576.38895534
882 882 410.895756077
883 883 0.00563535163974
884 884 72.9829546679
885 885 0.00275718789576
886 886 81.6783718716
887 887 0.00543977655578
888 888 4.76321197568
889 889 179.648023306
890 890 0.00887347219372
891 891 453.955809036
892 892 0.00717556787992
893 893 38.2847315893
894 894 171.599972391
895 895 318.749664931
896 896 148.834594627
897 897 0.00595825200837
898 898 0.00770720346758
899 899 328.509206176
900 900 220.3580113
901 901 0.00673265031026
902 902 0.00461008713683
903 903 508.730230171
904 904 269.370628712
905 905 79.5925430168
906 906 543.235840062
907 907 419.043944334
908 908 83.4322146428
909 909 547.142107356
910 910 158.468884954
911 911 0.00884595800148
912 912 624.0638688
913 913 291.9329291
914 914 414.441757717
915 915 87.1513813936
916 916 94.34040332
917 917 0.00833481276679
918 918 515.557694118
919 919 339.601361871
920 920 0.00738536982067
921 921 293.797914918
922 922 526.628851402
923 923 0.00428225773565
924 924 61.5800371994
925 925 220.206645965
926 926 81.81435113
927 927 527.260842458
928 928 254.326404671
929 929 37.1033638565
930 930 266.164655712
931 931 27.7924425477
932 932 243.442659375
933 933 31.8181561751
934 934 222.115352849
935 935 107.414684304
936 936 218.506022376
937 937 408.000218409
938 938 0.00801496078272
939 939 116.577848561
940 940 0.00107607815509
941 941 39.1017685247
942 942 0.00865453593762
943 943 452.766880175
944 944 398.012117526
945 945 143.100451181
946 946 369.377609932
947 947 237.331718256
948 948 518.359698133
949 949 154.770397744
950 950 260.205260714
951 951 151.76233833
952 952 539.287097337
953 953 285.563228868
954 954 301.378922063
955 955 416.98661705
956 956 0.000320791440938
957 957 613.000984988
958 958 0.00622819950382
959 959 0.00546886620174
960 960 117.393946168
961 961 208.820333101
962 962 79.9827389522
963 963 0.00923735768528
964 964 503.763504672
965 965 187.308290124
966 966 0.000688588762351
967 967 0.00575087203953
968 968 325.965506484
969 969 5.97845030751
970 970 524.173388876
971 971 315.026028747
972 972 65.5838722295
973 973 107.916578001
974 974 0.0027016426739
975 975 132.593590547
976 976 420.665628436
977 977 0.00861601333165
978 978 463.668933489
979 979 363.90555217
980 980 0.00227449544328
981 981 0.00439656610076
982 982 0.0050808670456
983 983 621.080509454
984 984 589.815644159
985 985 614.149478183
986 986 91.0515174338
987 987 0.00454986466946
988 988 266.969088894
989 989 376.318333775
990 990 527.784585434
991 991 0.000259491507814
992 992 355.05028414
993 993 554.769507468
994 994 0.000925830445813
995 995 621.606303554
996 996 0.0049491004859
997 997 39.2555549242
998 998 589.08714076
999 999 182.782868192
1000 1000 0.00296908714414
1001 1001 0.00424433099068
1002 1002 370.0095052
1003 1003 0.00420167088739
1004 1004 359.100571547
1005 1005 525.960427969
1006 1006 134.521325838
1007 1007 24.8537660035
1008 1008 303.68841427
1009 1009 341.318557535
1010 1010 14.3626900808
1011 1011 0.00616798084364
1012 1012 0.00393179975042
1013 1013 459.565649137
1014 1014 197.973073642
1015 1015 421.443671699
1016 1016 0.00264683507498
1017 1017 91.6340318655
1018 1018 0.00036707876937
1019 1019 0.00516480653401
1020 1020 459.317660161
1021 1021 0.00262279138343
1022 1022 285.726137913
1023 1023 0.000589650263129
1024 1024 0.000470996401435
1025 1025 401.17319352
1026 1026 0.00710830596745
1027 1027 0.000517644347991
1028 1028 223.001180272
1029 1029 597.815718689
1030 1030 100.490632673
1031 1031 338.48907379
1032 1032 217.267187812
1033 1033 398.824758536
1034 1034 621.628870311
1035 1035 302.68595739
1036 1036 0.00741299065332
1037 1037 194.318304468
1038 1038 151.971781631
1039 1039 0.00716491515596
1040 1040 328.565972424
1041 1041 0.00149628172401
1042 1042 167.187754188
1043 1043 263.742363726
1044 1044 84.9253817601
1045 1045 0.00878527832612
1046 1046 0.00452317660083
1047 1047 102.437165277
1048 1048 548.941092633
1049 1049 0.00157907377106
1050 1050 292.610811977
1051 1051 0.000973334913679
1052 1052 600.322603777
1053 1053 82.0097351568
1054 1054 530.485648727
1055 1055 1.11849335489
1056 1056 420.882267431
1057 1057 541.228163355
1058 1058 293.297359847
1059 1059 589.299290588
1060 1060 442.68041135
1061 1061 0.00352738105585
1062 1062 432.669199633
1063 1063 232.705821937
1064 1064 0.002192857115
1065 1065 454.506200451
1066 1066 316.133162951
1067 1067 251.877669082
1068 1068 421.245274521
1069 1069 0.00598855802773
1070 1070 167.206201072
1071 1071 508.822769902
1072 1072 355.483889154
1073 1073 282.044610157
1074 1074 0.000611578486673
1075 1075 491.699998861
1076 1076 286.820055861
1077 1077 283.820266433
1078 1078 75.9093930478
1079 1079 0.0078074066294
1080 1080 229.996856706
1081 1081 0.00434196389732
1082 1082 579.117195537
1083 1083 0.000565646814513
1084 1084 611.384968975
1085 1085 350.227305121
1086 1086 548.027121911
1087 1087 146.792326832
1088 1088 208.702820343
1089 1089 606.552468509
1090 1090 0.00909685020133
1091 1091 95.5780964096
1092 1092 567.121254012
1093 1093 485.091287341
1094 1094 282.577866646
1095 1095 336.722874761
1096 1096 117.52730008
1097 1097 0.00418774692102
1098 1098 0.00309903213324
1099 1099 69.4198451491
1100 1100 0.00668086568678
1101 1101 569.613062443
1102 1102 0.00843299361966
1103 1103 252.172524896
1104 1104 0.0070301806068
1105 1105 245.591725375
1106 1106 259.532087124
1107 1107 0.00972366860305
1108 1108 581.838465009
1109 1109 0.00348582745233
1110 1110 130.995965514
1111 1111 0.00675407898319
1112 1112 0.00581358229706
1113 1113 612.108105979
1114 1114 544.392953042
1115 1115 321.671918981
1116 1116 202.91364075
1117 1117 531.221338815
1118 1118 614.473679298
1119 1119 138.717430439
1120 1120 334.608853564
1121 1121 339.40621208
1122 1122 309.888083319
1123 1123 0.000132271738053
1124 1124 491.361201495
1125 1125 547.635256533
1126 1126 217.6887152
1127 1127 53.7058112958
1128 1128 398.752419844
1129 1129 0.000216739741067
1130 1130 200.26563664
1131 1131 486.485238621
1132 1132 0.00314628484062
1133 1133 352.668508462
1134 1134 3.1445499533
1135 1135 359.549385827
1136 1136 1.68357661944
1137 1137 0.00659805198856
1138 1138 545.302467481
1139 1139 24.2063256228
1140 1140 0.00510572308765
1141 1141 493.013076678
1142 1142 67.894369711
1143 1143 485.010851339
1144 1144 197.189578408
1145 1145 0.00596238787443
1146 1146 586.573350495
1147 1147 286.631111173
1148 1148 601.954349124
1149 1149 610.643393019
1150 1150 405.168393356
1151 1151 48.836740811
1152 1152 183.25902606
1153 1153 459.451324118
1154 1154 314.982434782
1155 1155 406.533445867
1156 1156 579.367837122
1157 1157 511.693838056
1158 1158 476.64703556
1159 1159 162.075277582
1160 1160 173.071473894
1161 1161 0.0079884534523
1162 1162 448.965023658
1163 1163 297.203534956
1164 1164 241.573413943
1165 1165 100.033357891
1166 1166 606.414986072
1167 1167 237.079830701
1168 1168 0.00145212519154
1169 1169 60.4311902265
1170 1170 363.090741617
1171 1171 337.80777835
1172 1172 0.00395403973198
1173 1173 95.4598801233
1174 1174 156.634660684
1175 1175 0.00254566006854
1176 1176 296.183921944
1177 1177 157.629673378
1178 1178 516.18103646
1179 1179 165.565901875
1180 1180 0.00768027166788
1181 1181 0.00333696194467
1182 1182 377.278218576
1183 1183 425.302186297
1184 1184 494.860626262
1185 1185 203.011335278
1186 1186 0.0073528224911
1187 1187 386.144692939
1188 1188 158.576620963
1189 1189 536.948946035
1190 1190 363.982197927
1191 1191 304.366501602
1192 1192 421.539420103
1193 1193 0.000261536847004
1194 1194 0.00456411296057
1195 1195 0.00708787877837
1196 1196 302.482801847
1197 1197 39.1752998451
1198 1198 185.05134884
1199 1199 95.7861868119
1200 1200 528.165048114
1201 1201 274.077649977
1202 1202 7.44916688913
1203 1203 0.00679928954247
1204 1204 39.2549785696
1205 1205 0.00717098328143
1206 1206 496.332865484
1207 1207 253.628063005
1208 1208 283.475742299
1209 1209 255.597104109
1210 1210 146.253502043
1211 1211 0.00338832429781
1212 1212 0.00959075360764
1213 1213 200.352737351
1214 1214 0.0097111529173
1215 1215 54.9985659833
1216 1216 252.834347618
1217 1217 345.104738706
1218 1218 0.00114501639719
1219 1219 471.438317397
1220 1220 586.600732557
1221 1221 622.428985528
1222 1222 111.733282691
1223 1223 160.199138148
1224 1224 78.8947333431
1225 1225 280.434127089
1226 1226 150.436953959
1227 1227 0.00656770673288
1228 1228 161.754019785
1229 1229 0.00583839476148
1230 1230 532.955664215
1231 1231 82.7673493078
1232 1232 0.00537748434687
1233 1233 399.149642491
1234 1234 0.00833919417623
1235 1235 228.753240008
1236 1236 212.430677288
1237 1237 484.754405972
1238 1238 517.147822184
1239 1239 133.046209852
1240 1240 320.087997666
1241 1241 281.025516356
1242 1242 524.216528735
1243 1243 82.3398516605
1244 1244 0.00515697996426
1245 1245 399.318790486
1246 1246 82.3361504739
1247 1247 532.819412566
1248 1248 269.007418606
1249 1249 483.061124245
1250 1250 150.704775175
1251 1251 411.129291441
1252 1252 128.213880125
1253 1253 293.181747204
1254 1254 476.866068853
1255 1255 0.00428325904905
1256 1256 107.694293133
1257 1257 478.306502302
1258 1258 0.00818026305199
1259 1259 169.972707886
1260 1260 607.88101619
1261 1261 147.560557913
1262 1262 369.594172375
1263 1263 2.64383353186
1264 1264 318.902634672
1265 1265 0.00878460261549
1266 1266 41.7323111732
1267 1267 574.196831591
1268 1268 12.4805150723
1269 1269 392.228292612
1270 1270 197.495238103
1271 1271 348.517394979
1272 1272 0.00969228311929
1273 1273 0.000533106182545
1274 1274 625.386080976
1275 1275 157.332571712
1276 1276 351.413560917
1277 1277 0.00288855392803
1278 1278 586.718084039
1279 1279 374.819383774
1280 1280 2.19821919976
1281 1281 351.545739621
1282 1282 0.00340170354957
1283 1283 455.384193158
1284 1284 94.1882688784
1285 1285 431.160865057
1286 1286 302.021830717
1287 1287 186.707527791
1288 1288 205.067273995
1289 1289 289.070177345
1290 1290 579.501876301
1291 1291 0.00752282610464
1292 1292 0.000391057991183
1293 1293 180.068859042
1294 1294 319.951997853
1295 1295 265.48320706
1296 1296 0.00857319826423
1297 1297 218.597291066
1298 1298 341.422540827
1299 1299 611.841457715
1300 1300 176.005216107
1301 1301 359.306769254
1302 1302 343.507721916
1303 1303 300.182523985
1304 1304 0.00393071963388
1305 1305 195.506443398
1306 1306 62.6142719734
1307 1307 149.173030015
1308 1308 24.6693069051
1309 1309 141.978351406
1310 1310 0.00538625511858
1311 1311 0.00283677248307
1312 1312 115.903779877
1313 1313 587.422685792
1314 1314 290.002592744
1315 1315 469.796340953
1316 1316 252.440971473
1317 1317 0.00210773692168
1318 1318 578.02328863
1319 1319 487.613653392
1320 1320 609.350312305
1321 1321 434.118955673
1322 1322 176.939165516
1323 1323 551.253416601
1324 1324 6.08677568761
1325 1325 426.138431049
1326 1326 32.871294864
1327 1327 295.617800262
1328 1328 516.866188066
1329 1329 0.00402959573091
1330 1330 430.510107087
1331 1331 308.486117519
1332 1332 96.0511332534
1333 1333 383.029873224
1334 1334 163.33656483
1335 1335 300.665391693
1336 1336 45.1442766814
1337 1337 0.00445827881164
1338 1338 365.399635947
1339 1339 227.480161754
1340 1340 0.00748648575658
1341 1341 271.487069476
1342 1342 0.00248587057969
1343 1343 408.286376802
1344 1344 165.946895724
1345 1345 576.470903515
1346 1346 350.525313764
1347 1347 0.00875446949383
1348 1348 404.968407998
1349 1349 296.117373494
1350 1350 161.856470764
1351 1351 536.622657663
1352 1352 0.000881677730091
1353 1353 304.235138871
1354 1354 318.908499188
1355 1355 0.00637442731988
1356 1356 418.533562616
1357 1357 0.00201389900577
1358 1358 19.7509554694
1359 1359 114.375988228
1360 1360 0.00761095979682
1361 1361 0.00315303285874
1362 1362 0.00944979217305
1363 1363 369.423862216
1364 1364 316.432943366
1365 1365 503.663995979
1366 1366 147.833192245
1367 1367 0.00333559942717
1368 1368 232.687063568
1369 1369 0.00782912847038
1370 1370 0.00335187587792
1371 1371 240.686466381
1372 1372 55.9826711201
1373 1373 479.373867073
1374 1374 0.00347690829123
1375 1375 491.613194446
1376 1376 262.166060528
1377 1377 599.905724005
1378 1378 238.199575021
1379 1379 390.405661927
1380 1380 113.720296192
1381 1381 214.992133253
1382 1382 525.25969517
1383 1383 0.0019383096684
1384 1384 261.22930753
1385 1385 278.213961811
1386 1386 193.454125593
1387 1387 294.086200191
1388 1388 452.855862606
1389 1389 89.9520300705
1390 1390 0.00144838378883
1391 1391 0.00976088934645
1392 1392 460.316399047
1393 1393 574.060313542
1394 1394 565.509088228
1395 1395 416.866403733
1396 1396 367.717819465
1397 1397 563.465990956
1398 1398 85.4410795825
1399 1399 181.145653919
1400 1400 69.182224607
1401 1401 329.09740832
1402 1402 0.00761827039163
1403 1403 206.676947677
1404 1404 149.909375387
1405 1405 163.424233227
1406 1406 7.54235552986
1407 1407 263.179074632
1408 1408 117.536628725
1409 1409 499.769720369
1410 1410 624.191894967
1411 1411 0.000635275513629
1412 1412 30.1930654273
1413 1413 565.945140813
1414 1414 0.00433855335527
1415 1415 295.543314645
1416 1416 303.054544709
1417 1417 37.0581795974
1418 1418 470.061753065
1419 1419 239.157637488
1420 1420 0.00926858355166
1421 1421 0.0023932147582
1422 1422 38.3171681193
1423 1423 134.423699568
1424 1424 0.00315466014583
1425 1425 0.0089478964678
1426 1426 0.00404596342438
1427 1427 122.294307295
1428 1428 0.00466748154249
1429 1429 86.2187685272
1430 1430 49.2950380569
1431 1431 382.309161419
1432 1432 93.3702155781
1433 1433 0.00580925156605
1434 1434 165.246426573
1435 1435 0.000122159627726
1436 1436 370.356061733
1437 1437 581.313592746
1438 1438 187.534151621
1439 1439 310.744849301
1440 1440 78.9550180189
1441 1441 274.467168968
1442 1442 592.965413504
1443 1443 485.327764926
1444 1444 0.00623703019201
1445 1445 0.00651661722165
1446 1446 155.540240295
1447 1447 554.319939478
1448 1448 196.53465859
1449 1449 607.599672753
1450 1450 0.00978841253831
1451 1451 50.6343729855
1452 1452 618.811602717
1453 1453 478.089432242
1454 1454 541.996405424
1455 1455 506.305199847
1456 1456 268.668059981
1457 1457 403.043738938
1458 1458 611.431558411
1459 1459 0.00560940541844
1460 1460 575.892017724
1461 1461 591.588480899
1462 1462 581.592635421
1463 1463 0.00455160030976
1464 1464 0.00407822666299
1465 1465 203.054071403
1466 1466 0.00933380314585
1467 1467 132.637178346
1468 1468 329.067095347
1469 1469 416.074108875
1470 1470 1.80755598228e-05
1471 1471 483.965558725
1472 1472 460.340649828
1473 1473 0.0058416087422
1474 1474 57.5815150008
1475 1475 241.062156495
1476 1476 287.369518491
1477 1477 507.15075797
1478 1478 60.1448804942
1479 1479 575.427662563
1480 1480 310.876726166
1481 1481 0.00846747468419
1482 1482 0.00583910206132
1483 1483 0.00100965247013
1484 1484 0.000479245568079
1485 1485 341.173082801
1486 1486 265.748910393
1487 1487 432.082891976
1488 1488 208.31051854
1489 1489 314.889230137
1490 1490 375.467251372
1491 1491 0.00597103259929
1492 1492 453.411188186
1493 1493 457.419074434
1494 1494 103.61371015
1495 1495 0.00824771390479
1496 1496 238.429598654
1497 1497 20.2218790772
1498 1498 556.235540779
1499 1499 0.00811083256588
1500 1500 0.00314937479265
1501 1501 429.21943461
1502 1502 0.00601273983938
1503 1503 0.00598738988731
1504 1504 397.531431762
1505 1505 4.71676167717
1506 1506 439.262284021
1507 1507 0.00829341250951
1508 1508 0.00177105163597
1509 1509 0.00728935736053
1510 1510 318.562199424
1511 1511 436.933084484
1512 1512 559.772014211
1513 1513 566.459503274
1514 1514 45.6221302317
1515 1515 209.052061698
1516 1516 466.763741248
1517 1517 398.780680021
1518 1518 350.872167055
1519 1519 0.00890564806533
1520 1520 0.00823501662438
1521 1521 246.000869063
1522 1522 273.717887355
1523 1523 324.716850471
1524 1524 0.00569987948064
1525 1525 74.0073941628
1526 1526 0.00277943547896
1527 1527 567.973704221
1528 1528 0.00762663412117
1529 1529 319.926557956
1530 1530 517.893623717
1531 1531 488.589202012
1532 1532 0.00108142893528
1533 1533 430.150402878
1534 1534 501.462977109
1535 1535 163.732002425
1536 1536 221.145316115
1537 1537 33.6305806924
1538 1538 439.88462689
1539 1539 280.908370575
1540 1540 128.099724226
1541 1541 231.605156467
1542 1542 466.329217056
1543 1543 388.60385698
1544 1544 0.00904643413931
1545 1545 99.1039879693
1546 1546 445.928193505
1547 1547 390.140439289
1548 1548 115.409199626
1549 1549 52.4421454487
1550 1550 486.098221903
1551 1551 177.29771866
1552 1552 84.5440008611
1553 1553 297.122763953
1554 1554 251.977695478
1555 1555 0.00820436528784
1556 1556 552.247152893
1557 1557 169.915838009
1558 1558 63.1894421634
1559 1559 0.0039827420806
1560 1560 572.489063454
1561 1561 568.436347162
1562 1562 0.00872746700894
1563 1563 18.9971572609
1564 1564 57.9230762493
1565 1565 331.516563595
1566 1566 339.906847316
1567 1567 475.16965196
1568 1568 375.10196252
1569 1569 505.686175259
1570 1570 200.559344481
1571 1571 572.590758701
1572 1572 301.480683425
1573 1573 355.424473706
1574 1574 87.5950077389
1575 1575 0.00741350071452
1576 1576 437.330302315
1577 1577 269.853389617
1578 1578 151.568772482
1579 1579 367.063481635
1580 1580 620.349398728
1581 1581 253.917615858
1582 1582 0.000743279213121
1583 1583 474.705215513
1584 1584 277.667619721
1585 1585 304.884046076
1586 1586 0.00855119827521
1587 1587 249.570460806
1588 1588 319.644468829
1589 1589 583.275011177
1590 1590 425.002068462
1591 1591 0.00835212130904
1592 1592 521.243345009
1593 1593 0.00867380146712
1594 1594 498.471897322
1595 1595 439.860395711
1596 1596 0.00441059507418
1597 1597 0.00126667961669
1598 1598 562.56330552
1599 1599 0.00126458925691
1600 1600 60.9694122013
1601 1601 0.000635963916384
1602 1602 91.8386058004
1603 1603 56.8717840658
1604 1604 0.00538692396791
1605 1605 195.640613895
1606 1606 527.343066595
1607 1607 0.00641502519654
1608 1608 536.83344416
1609 1609 0.0052376256262
1610 1610 59.6071614123
1611 1611 0.00470405931792
1612 1612 82.2612185692
1613 1613 281.590475384
1614 1614 56.4849425779
1615 1615 0.0052566848117
1616 1616 401.021235171
1617 1617 383.951980882
1618 1618 458.549293676
1619 1619 551.887182109
1620 1620 0.00828228991439
1621 1621 22.2374872213
1622 1622 282.499897909
1623 1623 439.302375937
1624 1624 599.766286848
1625 1625 504.94544229
1626 1626 257.037438541
1627 1627 156.457838099
1628 1628 0.00728676552174
1629 1629 113.491793688
1630 1630 531.073563886
1631 1631 332.976509066
1632 1632 508.556938997
1633 1633 510.815957825
1634 1634 190.877737529
1635 1635 0.0016820466726
1636 1636 0.00597424168002
1637 1637 418.67262839
1638 1638 181.827780982
1639 1639 366.266436432
1640 1640 145.240227915
1641 1641 609.357545317
1642 1642 0.00900304301434
1643 1643 86.2476852555
1644 1644 79.368394609
1645 1645 424.239206084
1646 1646 545.967344465
1647 1647 322.379888424
1648 1648 138.592093606
1649 1649 149.752639297
1650 1650 361.128637781
1651 1651 511.102413017
1652 1652 0.00860164984903
1653 1653 0.00333872695594
1654 1654 0.00471103216287
1655 1655 401.518063047
1656 1656 186.12693638
1657 1657 40.5825099155
1658 1658 347.767292295
1659 1659 0.00471008969686
1660 1660 379.251405334
1661 1661 128.010751921
1662 1662 237.720566853
1663 1663 578.000639227
1664 1664 157.910635676
1665 1665 11.8086437056
1666 1666 269.003339453
1667 1667 0.00260518042957
1668 1668 157.343898208
1669 1669 0.00526035838532
1670 1670 206.344267526
1671 1671 615.290448928
1672 1672 0.00665831636047
1673 1673 610.605181629
1674 1674 0.00759319690801
1675 1675 132.58630239
1676 1676 0.00391000539252
1677 1677 245.210411544
1678 1678 513.289610368
1679 1679 0.00590608024803
1680 1680 83.0595226208
1681 1681 0.00594099025343
1682 1682 584.46165646
1683 1683 51.5008135755
1684 1684 358.159879122
1685 1685 546.159114367
1686 1686 176.796481216
1687 1687 0.00708257632299
1688 1688 176.44374704
1689 1689 0.00787921920973
1690 1690 0.0019216734881
1691 1691 488.785440903
1692 1692 140.414847051
1693 1693 155.835891874
1694 1694 163.881510639
1695 1695 0.00907174531183
1696 1696 440.366434607
1697 1697 566.293477267
1698 1698 0.0044596011779
1699 1699 370.84371022
1700 1700 195.126719427
1701 1701 0.00128096140285
1702 1702 0.008289489267
1703 1703 321.933183017
1704 1704 418.25616981
1705 1705 372.095744998
1706 1706 110.924646255
1707 1707 198.665603855
1708 1708 334.742995667
1709 1709 334.768288317
1710 1710 552.217521218
1711 1711 587.965482327
1712 1712 131.760194891
1713 1713 187.539960225
1714 1714 567.917847107
1715 1715 440.886583628
1716 1716 471.492538334
1717 1717 0.000132389399795
1718 1718 535.861358097
1719 1719 0.00793587148441
1720 1720 473.191192025
1721 1721 397.964816392
1722 1722 0.00697322445614
1723 1723 624.479474318
1724 1724 385.070751854
1725 1725 322.095351976
1726 1726 0.00732661071377
1727 1727 474.245391869
1728 1728 0.00186394036361
1729 1729 0.00688325597935
1730 1730 0.00542232358376
1731 1731 0.00182069139052
1732 1732 446.609408293
1733 1733 368.995503287
1734 1734 577.587488942
1735 1735 0.00828170117819
1736 1736 403.951032236
1737 1737 180.88614099
1738 1738 327.752908745
1739 1739 420.481177349
1740 1740 295.104872751
1741 1741 254.650817551
1742 1742 0.000879744546768
1743 1743 319.589101787
1744 1744 185.581256632
1745 1745 289.450061084
1746 1746 562.82805712
1747 1747 92.5063223363
1748 1748 275.924836532
1749 1749 619.561576841
1750 1750 0.00712892518127
1751 1751 177.600134374
1752 1752 462.645269902
1753 1753 0.00785954263792
1754 1754 0.00251543006873
1755 1755 551.379925484
1756 1756 177.411353279
1757 1757 307.771627925
1758 1758 311.716406723
1759 1759 555.361544079
1760 1760 154.693538682
1761 1761 0.0050818784032
1762 1762 0.00499005355237
1763 1763 223.561555802
1764 1764 229.197112705
1765 1765 176.930918622
1766 1766 0.00521421168366
1767 1767 23.23322661
1768 1768 75.5549122551
1769 1769 90.3641075077
1770 1770 460.699061601
1771 1771 190.190004916
1772 1772 590.181382711
1773 1773 283.360008448
1774 1774 306.276621607
1775 1775 330.55696922
1776 1776 508.356988221
1777 1777 0.00613085118476
1778 1778 532.0130667
1779 1779 391.157921512
1780 1780 492.931646618
1781 1781 0.00251813688942
1782 1782 526.011652953
1783 1783 0.000650339964293
1784 1784 0.00273289936321
1785 1785 612.668128925
1786 1786 269.654173308
1787 1787 175.153806296
1788 1788 82.9824401134
1789 1789 0.000139760433264
1790 1790 18.700726701
1791 1791 307.584911436
1792 1792 33.2450151907
1793 1793 29.6702685625
1794 1794 0.00278312343053
1795 1795 342.0722493
1796 1796 497.578904476
1797 1797 0.00643935339947
1798 1798 106.687648272
1799 1799 0.00868281015354
1800 1800 580.131496887
1801 1801 410.577666806
1802 1802 75.4885430507
1803 1803 379.719367201
1804 1804 0.00600479716924
1805 1805 0.00518530854179
1806 1806 0.00746168631723
1807 1807 0.00871539573422
1808 1808 6.73091722672
1809 1809 222.821700282
1810 1810 101.234826848
1811 1811 285.672741212
1812 1812 0.00490571520132
1813 1813 0.0087066672457
1814 1814 126.707288161
1815 1815 107.879847138
1816 1816 277.311194795
1817 1817 384.056856654
1818 1818 162.463524543
1819 1819 518.062092975
1820 1820 77.3046525261
1821 1821 178.763385289
1822 1822 0.00693470411455
1823 1823 346.387973445
1824 1824 0.00505831677383
1825 1825 75.0717803657
1826 1826 79.8883880637
1827 1827 599.976727083
1828 1828 121.332474206
1829 1829 332.999628775
1830 1830 250.682098475
1831 1831 371.581482455
1832 1832 440.689247676
1833 1833 228.923181695
1834 1834 479.319747468
1835 1835 303.158831336
1836 1836 25.0076316115
1837 1837 0.00216345918662
1838 1838 0.00125056615089
1839 1839 0.000928908168879
1840 1840 201.714773278
1841 1841 428.931964903
1842 1842 145.076368379
1843 1843 325.742351226
1844 1844 417.801595257
1845 1845 134.511443107
1846 1846 140.233984818
1847 1847 556.959950716
1848 1848 0.000134393326813
1849 1849 101.548748613
1850 1850 145.497365226
1851 1851 171.939558733
1852 1852 600.016125274
1853 1853 249.279145055
1854 1854 600.079900612
1855 1855 50.9501920832
1856 1856 161.275447366
1857 1857 94.5176943384
1858 1858 554.903071845
1859 1859 454.004084006
1860 1860 0.00967816353457
1861 1861 560.073579823
1862 1862 539.700982413
1863 1863 534.370353915
1864 1864 512.224902809
1865 1865 0.0013042115231
1866 1866 198.898642773
1867 1867 571.713085697
1868 1868 320.125940449
1869 1869 293.687328847
1870 1870 460.611928747
1871 1871 322.379330225
1872 1872 143.877937829
1873 1873 541.943760873
1874 1874 0.000539796177351
1875 1875 0.00857359534153
1876 1876 9.59912854764
1877 1877 0.00260585095394
1878 1878 0.000707070595843
1879 1879 41.8728825648
1880 1880 586.819357878
1881 1881 349.212234581
1882 1882 300.584027467
1883 1883 486.497548967
1884 1884 0.00931520760151
1885 1885 66.3684133863
1886 1886 123.183477668
1887 1887 460.873002938
1888 1888 74.1163675153
1889 1889 0.000143565176352
1890 1890 170.617875092
1891 1891 0.00343502197047
1892 1892 211.225764452
1893 1893 396.966239614
1894 1894 492.84049255
1895 1895 372.718941725
1896 1896 0.00561503521367
1897 1897 542.740622705
1898 1898 432.173508352
1899 1899 403.898238739
1900 1900 0.00283952036146
1901 1901 322.246294345
1902 1902 0.00128679108428
1903 1903 85.5755068744
1904 1904 337.790668823
1905 1905 250.30011227
1906 1906 168.707628888
1907 1907 514.960053207
1908 1908 0.00583711746891
1909 1909 271.18866904
1910 1910 11.0067104798
1911 1911 376.935106032
1912 1912 193.176981623
1913 1913 385.052432105
1914 1914 0.00451471350913
1915 1915 557.240379643
1916 1916 602.486412112
1917 1917 130.925433034
1918 1918 0.00719976593289
1919 1919 145.778035534
1920 1920 55.9088550839
1921 1921 477.340849676
1922 1922 0.00457821525076
1923 1923 0.00186815397837
1924 1924 118.626421028
1925 1925 151.198180106
1926 1926 1.46391191366
1927 1927 0.00195312430529
1928 1928 0.00307016224245
1929 1929 563.140692648
1930 1930 584.380243954
1931 1931 534.185240292
1932 1932 445.32981148
1933 1933 491.079449911
1934 1934 167.033594381
1935 1935 0.00164522366904
1936 1936 29.7611469174
1937 1937 0.00260306816899
1938 1938 0.00854287186502
1939 1939 0.00816265465451
1940 1940 0.00607722355308
1941 1941 249.008887429
1942 1942 0.00968833895595
1943 1943 83.6523797378
1944 1944 13.7632092509
1945 1945 0.00666929644271
1946 1946 10.521535547
1947 1947 143.993945886
1948 1948 593.910309658
1949 1949 141.82936074
1950 1950 0.000886316850883
1951 1951 0.00118954932206
1952 1952 308.579775011
1953 1953 613.829027765
1954 1954 446.201829741
1955 1955 577.432099483
1956 1956 0.000112866524246
1957 1957 0.00213629408408
1958 1958 536.547684019
1959 1959 140.224542888
1960 1960 309.651853649
1961 1961 0.00404764698349
1962 1962 447.349446269
1963 1963 209.893322579
1964 1964 344.064324507
1965 1965 0.00945387724466
1966 1966 464.731316867
1967 1967 487.193287574
1968 1968 340.341683786
1969 1969 594.719026139
1970 1970 119.797835388
1971 1971 623.456088623
1972 1972 397.294154674
1973 1973 0.00284687394198
1974 1974 0.00741184969931
1975 1975 322.087992271
1976 1976 0.00876926389121
1977 1977 202.331911309
1978 1978 423.326649664
1979 1979 75.8442896904
1980 1980 483.853129527
1981 1981 380.967061478
1982 1982 289.540792248
1983 1983 289.06215922
1984 1984 0.00534084616522
1985 1985 603.780640395
1986 1986 582.703292621
1987 1987 35.8537499996
1988 1988 373.525603205
1989 1989 360.286021161
1990 1990 312.104627342
1991 1991 528.638959453
1992 1992 288.706497167
1993 1993 136.117420874
1994 1994 585.522853847
1995 1995 67.9311805134
1996 1996 441.220759084
1997 1997 490.457722661
1998 1998 263.375457792
1999 1999 0.00449032112061
2000 2000 194.090565682
