1 1 0.00266252045427
2 2 134.42714358
3 3 175.609168779
4 4 157.127911157
5 5 80.4455311408
6 6 0.000166520048068
7 7 147.468251849
8 8 100.2232995
9 9 0.0050540009209
10 10 471.719712245
11 11 0.00359474486513
12 12 0.0090700386885
13 13 194.199009531
14 14 237.98922954
15 15 38.455433817
16 16 0.0017658672429
17 17 397.342178528
18 18 12.4885192842
19 19 597.007617642
20 20 574.665095485
21 21 231.802486268
22 22 0.00961647215986
23 23 0.00117165146768
24 24 358.125809892
25 25 553.326321386
26 26 0.00308791391854
27 27 63.8604726881
28 28 123.764251129
29 29 383.760547762
30 30 573.030844939
31 31 288.432122083
32 32 591.157136416
33 33 161.315100136
34 34 575.50703755
35 35 616.073900461
36 36 517.92372532
37 37 513.425749852
38 38 283.911623449
39 39 606.436556665
40 40 448.075440071
41 41 484.376828892
42 42 0.0027562247216
43 43 587.886117944
44 44 385.13299982
45 45 58.229328795
46 46 552.738249427
47 47 362.91894548
48 48 54.7582713052
49 49 392.730207351
50 50 0.00948923960615
51 51 233.994478816
52 52 0.008344478051
53 53 0.00761051157313
54 54 415.514907779
55 55 128.255370393
56 56 360.262679629
57 57 544.050079475
58 58 169.730888127
59 59 138.496964875
60 60 0.00820387056547
61 61 0.00661803390464
62 62 494.648569257
63 63 398.804249936
64 64 244.909592569
65 65 101.416149567
66 66 62.7658212845
67 67 289.768724113
68 68 0.00203279907999
69 69 203.432933838
70 70 500.95722331
71 71 436.605456718
72 72 4.21015450401
73 73 222.384331383
74 74 422.783647045
75 75 494.662799689
76 76 446.93199241
77 77 0.00558215723051
78 78 0.00938100968431
79 79 41.9129273613
80 80 492.431251138
81 81 139.457299573
82 82 421.213574323
83 83 12.805178174
84 84 179.228136028
85 85 359.256791526
86 86 0.00647714604368
87 87 85.9249993114
88 88 313.622889279
89 89 255.440123948
90 90 575.079189706
91 91 399.118447115
92 92 291.069615086
93 93 437.417258915
94 94 0.00976100073017
95 95 470.7612427
96 96 259.238188189
97 97 188.765114459
98 98 0.000644637646192
99 99 0.00519047331956
100 100 431.275918498
101 101 468.624933771
102 102 328.030957322
103 103 551.372242127
104 104 0.000355954012032
105 105 0.00964240634894
106 106 6.79337737269
107 107 220.791313644
108 108 605.01613504
109 109 0.00618946839676
110 110 613.650962163
111 111 0.00795043970092
112 112 621.49057239
113 113 385.778737262
114 114 473.120489341
115 115 491.241285921
116 116 0.0081095085893
117 117 0.000938148199667
118 118 17.1546402767
119 119 75.8823845719
120 120 0.0050834051885
121 121 217.933480895
122 122 202.949735142
123 123 217.045029693
124 124 571.995088068
125 125 533.625872272
126 126 500.666916769
127 127 519.619637615
128 128 485.744124201
129 129 21.5359132077
130 130 534.204852482
131 131 295.332528838
132 132 0.00311687195433
133 133 255.86612129
134 134 409.615920974
135 135 0.00694090974472
136 136 0.00468437375951
137 137 328.380537329
138 138 260.686524736
139 139 442.092738673
140 140 35.22567909
141 141 549.464591996
142 142 528.30680809
143 143 0.00474484488925
144 144 418.528487055
145 145 14.809969585
146 146 583.263928627
147 147 610.755400113
148 148 234.843697414
149 149 548.832332911
150 150 0.00734616337447
151 151 380.455020122
152 152 285.115561736
153 153 0.00448658783199
154 154 149.48430008
155 155 160.965562425
156 156 116.144016897
157 157 406.341917095
158 158 353.986700017
159 159 564.694067843
160 160 373.920311933
161 161 0.00987143882359
162 162 585.515455985
163 163 544.880072049
164 164 292.06407664
165 165 558.057678397
166 166 247.809110658
167 167 7.30409787907
168 168 78.4815816008
169 169 0.00503477896851
170 170 356.791486589
171 171 225.803205603
172 172 551.513963176
173 173 0.00643857825951
174 174 606.509032601
175 175 299.82720536
176 176 252.603196289
177 177 251.846086626
178 178 625.267472055
179 179 48.2789003376
180 180 241.819729386
181 181 436.497873127
182 182 62.3280321126
183 183 459.498475218
184 184 12.0994658298
185 185 428.186014651
186 186 148.878522366
187 187 324.510071483
188 188 48.3217344093
189 189 382.47071882
190 190 0.00189175264387
191 191 572.292930034
192 192 0.00755509586923
193 193 0.00742082101069
194 194 0.00589950677836
195 195 0.00726394714423
196 196 0.00166206762627
197 197 296.381240969
198 198 560.010587089
199 199 553.459002734
200 200 503.185741399
201 201 315.323266257
202 202 100.567611525
203 203 127.672007415
204 204 0.00258679408767
205 205 0.00442465803913
206 206 422.18819542
207 207 155.179492073
208 208 86.8825546471
209 209 6.45484314864
210 210 121.542014386
211 211 367.361839926
212 212 0.00675463559054
213 213 29.8319361176
214 214 478.723866535
215 215 434.720327003
216 216 462.854622703
217 217 0.0064517751904
218 218 0.00112751846258
219 219 143.524089093
220 220 0.00980095687633
221 221 0.00908993208113
222 222 0.00713632830063
223 223 492.821988842
224 224 0.00883709817535
225 225 534.88475416
226 226 0.00729089340182
227 227 0.0085997624751
228 228 0.00756560641643
229 229 0.00699340201725
230 230 7.8913976915
231 231 183.215389676
232 232 0.0040510010664
233 233 572.840894396
234 234 0.00674531499346
235 235 195.051569867
236 236 535.828038128
237 237 0.00169078707851
238 238 606.532696027
239 239 582.834347852
240 240 203.696711074
241 241 454.75746764
242 242 614.727524603
243 243 546.809821068
244 244 26.3807450283
245 245 0.00580035702931
246 246 613.387367451
247 247 0.0070424873159
248 248 297.481439816
249 249 368.705603285
250 250 86.5572222914
251 251 279.70953647
252 252 288.663617545
253 253 441.056624422
254 254 370.884518065
255 255 0.00670532579615
256 256 154.118085889
257 257 372.043639948
258 258 143.650515063
259 259 419.510239535
260 260 251.901432813
261 261 0.0096908629189
262 262 0.00342665486779
263 263 284.459072208
264 264 255.209048403
265 265 493.896355941
266 266 356.933319349
267 267 18.6295325785
268 268 0.00141082116181
269 269 59.3811595955
270 270 473.743911945
271 271 267.849853229
272 272 99.856955036
273 273 63.8238860087
274 274 0.00603964822772
275 275 597.416643933
276 276 468.909105382
277 277 274.724786287
278 278 364.1776381
279 279 195.957056062
280 280 176.765925134
281 281 0.00220402996474
282 282 0.00920413795314
283 283 135.390343944
284 284 283.669510666
285 285 599.679435347
286 286 352.601753507
287 287 0.00503707114117
288 288 23.7547192939
289 289 271.562780051
290 290 368.991152298
291 291 539.384389061
292 292 552.348522101
293 293 286.940467367
294 294 573.459977798
295 295 546.759248325
296 296 321.965619348
297 297 427.582796173
298 298 0.00644642433869
299 299 387.519908052
300 300 370.998881132
301 301 215.986457235
302 302 495.001839987
303 303 263.752112665
304 304 92.5859436257
305 305 136.371627261
306 306 532.722128599
307 307 203.254541835
308 308 508.607673202
309 309 0.00727228293679
310 310 334.028268344
311 311 284.079464174
312 312 0.00991881843284
313 313 7.16855062868e-05
314 314 561.861049024
315 315 425.074291388
316 316 9.32789952931
317 317 0.00655633749997
318 318 73.683196436
319 319 0.000733483464441
320 320 0.0021657656027
321 321 199.601129568
322 322 149.846628047
323 323 18.6083978796
324 324 605.652025758
325 325 109.308350076
326 326 618.741076269
327 327 119.313286207
328 328 37.5327756696
329 329 392.1167695
330 330 455.068683832
331 331 142.4163617
332 332 0.000948257402994
333 333 242.693513898
334 334 442.844190427
335 335 603.602768937
336 336 597.521021109
337 337 0.00528580616485
338 338 60.5462972181
339 339 471.947299597
340 340 585.831843092
341 341 481.709977953
342 342 0.00556836430002
343 343 485.453707721
344 344 100.016355726
345 345 0.00268431644517
346 346 0.00357598317466
347 347 526.914776354
348 348 233.09526864
349 349 154.840803293
350 350 40.9668795275
351 351 102.307525016
352 352 234.320206174
353 353 385.97988315
354 354 313.727118114
355 355 374.349045579
356 356 609.350770917
357 357 0.000553317991553
358 358 168.642071354
359 359 615.114891236
360 360 218.984367284
361 361 454.716485813
362 362 0.00355956258358
363 363 179.886558578
364 364 0.00909814517668
365 365 0.00148713603703
366 366 290.034166978
367 367 522.627219239
368 368 612.882270905
369 369 348.676412156
370 370 396.912772924
371 371 62.4916628984
372 372 6.70143248567
373 373 15.5692304366
374 374 14.5275205871
375 375 38.9175143117
376 376 183.541257175
377 377 375.019620905
378 378 61.7939511635
379 379 515.035103164
380 380 510.791237665
381 381 364.511743032
382 382 390.709964176
383 383 412.234665872
384 384 589.131477252
385 385 499.678851997
386 386 323.28168137
387 387 105.751374978
388 388 458.219464068
389 389 314.892526664
390 390 17.8171389963
391 391 0.00206064846357
392 392 16.9728192197
393 393 0.00737936632867
394 394 0.0070875455578
395 395 0.00362999877111
396 396 564.888899477
397 397 253.611129769
398 398 294.909201103
399 399 345.109515939
400 400 0.00354622725706
401 401 579.336047565
402 402 528.302456865
403 403 0.00806997151935
404 404 287.650297917
405 405 99.7240420376
406 406 339.414969727
407 407 462.512154706
408 408 0.00505475780762
409 409 121.853061719
410 410 490.708190822
411 411 552.35009752
412 412 138.591294794
413 413 0.0035251122206
414 414 272.236169881
415 415 301.665573181
416 416 3.00002726373
417 417 478.223130724
418 418 535.668448147
419 419 221.440884307
420 420 331.697213251
421 421 173.516010367
422 422 347.186476001
423 423 39.9199465304
424 424 545.286246457
425 425 414.001290769
426 426 0.00385351882329
427 427 0.00563947237778
428 428 0.00594630071599
429 429 509.410855925
430 430 153.13277263
431 431 458.181698974
432 432 499.749944034
433 433 30.2950637106
434 434 595.691591911
435 435 555.497223996
436 436 226.260810476
437 437 620.063682883
438 438 273.574914706
439 439 170.611137591
440 440 518.499534203
441 441 160.222272609
442 442 464.923909363
443 443 0.00840903121519
444 444 409.196921555
445 445 0.00597541807548
446 446 312.914367731
447 447 0.00267001399496
448 448 0.00260976053764
449 449 217.378258711
450 450 12.1047669268
451 451 0.00278716911713
452 452 589.068664124
453 453 0.00174487742732
454 454 0.000606857283613
455 455 536.109952305
456 456 65.766193146
457 457 0.00839908782045
458 458 0.0029284438444
459 459 0.00457236390759
460 460 207.944984297
461 461 151.088993939
462 462 0.00666217444813
463 463 0.00638559262661
464 464 424.895725213
465 465 499.343543964
466 466 581.728834988
467 467 431.01479161
468 468 439.221281639
469 469 352.77567548
470 470 384.430145181
471 471 321.404732762
472 472 512.912713094
473 473 0.00171480630003
474 474 424.624693278
475 475 238.797933059
476 476 615.710282303
477 477 81.933211234
478 478 1.75621066766
479 479 293.93787114
480 480 75.0724237695
481 481 531.395828702
482 482 563.869523936
483 483 395.397745121
484 484 0.0091309065409
485 485 518.986959949
486 486 617.844782501
487 487 373.570930547
488 488 556.303516733
489 489 0.00209079646118
490 490 121.064543728
491 491 578.503873843
492 492 0.00826759406138
493 493 23.0055255063
494 494 0.00660059170343
495 495 392.267832084
496 496 409.944843973
497 497 462.703848735
498 498 341.106435952
499 499 105.556569845
500 500 368.289722578
501 501 0.00387453840398
502 502 112.05348532
503 503 0.00669993844039
504 504 185.527624639
505 505 44.8283625103
506 506 13.3687707877
507 507 559.99613967
508 508 0.00175062404307
509 509 15.9996194655
510 510 0.00693511569214
511 511 29.8833278234
512 512 616.398730417
513 513 571.338452912
514 514 330.445622953
515 515 435.568889233
516 516 0.00398689420601
517 517 552.830707225
518 518 156.379074445
519 519 394.6553466
520 520 501.99321163
521 521 270.887270745
522 522 355.608532455
523 523 514.831985696
524 524 197.317677295
525 525 568.657850806
526 526 541.959090232
527 527 590.253850247
528 528 432.866958336
529 529 236.504550729
530 530 0.00315178096573
531 531 539.522997653
532 532 595.978826443
533 533 584.318151896
534 534 122.242009703
535 535 614.840505751
536 536 265.733382019
537 537 589.739621554
538 538 433.518508195
539 539 232.89016644
540 540 0.00875423736756
541 541 486.207455421
542 542 265.978131914
543 543 292.703515529
544 544 305.857930042
545 545 382.249185243
546 546 287.494337176
547 547 0.00589032390929
548 548 1.25527622976e-05
549 549 145.130379958
550 550 0.0026296348694
551 551 334.707783804
552 552 128.401827502
553 553 293.333071695
554 554 437.633796659
555 555 0.00800057197933
556 556 0.000849092094617
557 557 34.5564283406
558 558 0.00624474334231
559 559 1.98618577784
560 560 537.301298288
561 561 150.629428318
562 562 273.594309767
563 563 398.716960779
564 564 0.00117073771093
565 565 236.157807127
566 566 0.00761383597389
567 567 198.907115751
568 568 0.0044225031643
569 569 0.00123495310628
570 570 561.436554611
571 571 0.00870485999675
572 572 0.00997427516261
573 573 0.00997375856426
574 574 258.484682529
575 575 42.5240696613
576 576 51.6008152161
577 577 0.00886367550097
578 578 21.2341691509
579 579 523.413612056
580 580 0.00176683494131
581 581 0.00429969806159
582 582 348.55147403
583 583 0.00653577484067
584 584 0.00255999640533
585 585 598.640230621
586 586 519.962501224
587 587 0.00594172639124
588 588 566.464176292
589 589 109.960553366
590 590 161.848296129
591 591 255.582023245
592 592 426.346641068
593 593 365.11584001
594 594 0.00907150260286
595 595 0.00598868497586
596 596 5.8762807075e-05
597 597 237.284140868
598 598 35.8720241005
599 599 533.506257487
600 600 234.533957742
601 601 240.078424988
602 602 189.067791795
603 603 0.00777779404527
604 604 92.7180219538
605 605 197.554746565
606 606 243.775024963
607 607 422.78502936
608 608 0.00774280896744
609 609 59.0941576376
610 610 487.123835243
611 611 0.00325455824639
612 612 0.00851639906849
613 613 31.2244181559
614 614 353.83669019
615 615 260.32081234
616 616 394.330109031
617 617 474.29644848
618 618 450.360912654
619 619 440.34928314
620 620 254.017684035
621 621 3.50286232418
622 622 0.00933902739831
623 623 85.0402958878
624 624 106.085094016
625 625 236.814772073
626 626 358.559240318
627 627 253.438601979
628 628 49.3549359011
629 629 393.884654558
630 630 436.583707856
631 631 318.077992473
632 632 263.80096991
633 633 141.042464726
634 634 3.1340884849
635 635 599.493791564
636 636 291.246350517
637 637 0.0096815742053
638 638 303.908299443
639 639 596.926415767
640 640 489.835288099
641 641 143.587918077
642 642 320.295151886
643 643 503.307370029
644 644 377.298048082
645 645 319.731800671
646 646 169.70283225
647 647 573.289616967
648 648 0.00936109799747
649 649 204.323214638
650 650 0.00940252639832
651 651 103.986123969
652 652 193.399675564
653 653 141.852400082
654 654 0.000165089141126
655 655 137.682186155
656 656 464.313220242
657 657 29.2955389663
658 658 121.702748837
659 659 254.824431618
660 660 229.709780127
661 661 432.939926312
662 662 159.839163035
663 663 0.00482142161746
664 664 0.00933457179395
665 665 176.394271191
666 666 424.705659065
667 667 396.748801751
668 668 210.48811261
669 669 0.00492670981654
670 670 296.567647296
671 671 326.34850372
672 672 594.403382347
673 673 387.677369003
674 674 548.214357159
675 675 481.068614228
676 676 265.256133596
677 677 0.00787077019194
678 678 566.727008366
679 679 510.949966033
680 680 364.885760803
681 681 16.3139492384
682 682 0.000199297312888
683 683 85.4828302806
684 684 567.98770914
685 685 211.452290552
686 686 0.00313003378537
687 687 374.337208383
688 688 0.0055335770257
689 689 447.302256073
690 690 114.926672178
691 691 218.582510303
692 692 378.24767592
693 693 19.6440286956
694 694 58.2134756103
695 695 554.978198042
696 696 456.65550625
697 697 370.508691506
698 698 59.4463676162
699 699 78.2552656562
700 700 217.684693428
701 701 446.79892636
702 702 336.410943881
703 703 98.0226791259
704 704 0.0032372204012
705 705 248.896069908
706 706 328.785945064
707 707 498.9692391
708 708 604.607806479
709 709 0.00738172962094
710 710 513.709618883
711 711 0.00737840364526
712 712 216.482269715
713 713 371.244804337
714 714 542.427375006
715 715 484.287386839
716 716 602.256715018
717 717 295.31450406
718 718 0.00926616634565
719 719 178.365118457
720 720 144.106959953
721 721 371.193915639
722 722 280.751765305
723 723 324.224431175
724 724 42.383289755
725 725 0.0060874997298
726 726 503.277987806
727 727 283.104300582
728 728 94.3684166613
729 729 176.79905101
730 730 281.122479766
731 731 618.395550625
732 732 92.1594030559
733 733 456.925842978
734 734 0.00355179769937
735 735 525.76667377
736 736 517.56835831
737 737 394.153064201
738 738 124.365613587
739 739 462.530288191
740 740 395.042699022
741 741 0.00125516798798
742 742 321.814823633
743 743 465.237055196
744 744 0.000725311508907
745 745 192.847313374
746 746 301.614374875
747 747 336.402234225
748 748 352.02893953
749 749 53.1322972552
750 750 40.9206861869
751 751 292.568548917
752 752 625.741370831
753 753 224.232544692
754 754 132.316433993
755 755 0.00498249311619
756 756 414.734744146
757 757 255.610743672
758 758 2.13022652506
759 759 293.173513821
760 760 0.00755760885377
761 761 0.000772431802062
762 762 262.705836494
763 763 6.6751313851
764 764 0.0040937447286
765 765 133.242626473
766 766 84.1557897911
767 767 253.345098589
768 768 0.0014332845615
769 769 319.809134762
770 770 0.0050253803945
771 771 0.00987739232485
772 772 11.5920716599
773 773 385.497468458
774 774 0.00499216647733
775 775 484.749070951
776 776 437.497248927
777 777 254.543286459
778 778 526.729610842
779 779 565.025946158
780 780 249.911046217
781 781 434.942209652
782 782 144.824955638
783 783 0.00602896179567
784 784 459.171651136
785 785 28.4124078429
786 786 443.605593049
787 787 355.457872385
788 788 203.999060858
789 789 468.496208109
790 790 199.724911465
791 791 529.556281196
792 792 94.0435066141
793 793 199.039354002
794 794 332.890376713
795 795 495.065651101
796 796 274.711109316
797 797 250.147114204
798 798 175.242491865
799 799 442.852281918
800 800 510.320711795
801 801 512.664916804
802 802 0.00258039833475
803 803 510.997910381
804 804 206.509579982
805 805 0.00542014191065
806 806 72.3918346128
807 807 87.2850310904
808 808 256.681906361
809 809 466.486430132
810 810 536.912852144
811 811 233.488775089
812 812 0.00336646518105
813 813 388.194785308
814 814 0.00162268790397
815 815 0.00482704260254
816 816 391.829793007
817 817 0.00870418166604
818 818 0.00888843735959
819 819 597.815335842
820 820 0.00685073000744
821 821 312.918813118
822 822 373.931733786
823 823 0.00100989631965
824 824 351.030333732
825 825 166.221649442
826 826 14.4082823989
827 827 0.00631385164324
828 828 22.7114496266
829 829 258.429736365
830 830 370.040324204
831 831 235.878618486
832 832 486.879465511
833 833 287.34360277
834 834 0.000983916037477
835 835 158.52911654
836 836 578.674971521
837 837 458.30525021
838 838 562.147841837
839 839 579.082600421
840 840 398.545243029
841 841 342.089688784
842 842 428.797886785
843 843 422.865882353
844 844 66.8677282964
845 845 95.9301698634
846 846 455.810819852
847 847 399.512433915
848 848 205.509382486
849 849 358.952788026
850 850 271.593375305
851 851 0.00207436940171
852 852 121.993160213
853 853 0.00670661228879
854 854 167.287772361
855 855 216.913285666
856 856 219.903344538
857 857 595.032544404
858 858 408.458551534
859 859 391.102185206
860 860 416.580218715
861 861 174.621646936
862 862 49.5576828219
863 863 0.00817126693019
864 864 134.737900244
865 865 79.1820049437
866 866 575.503457649
867 867 0.000448138085933
868 868 0.00856047767834
869 869 0.00780549124596
870 870 0.00106131218792
871 871 0.00997018651685
872 872 220.518181896
873 873 223.10368774
874 874 163.414685555
875 875 424.276055867
876 876 0.00388923354776
877 877 573.294583074
878 878 21.5751181902
879 879 0.00773079479358
880 880 0.0098919345619
881 881 0.00831193781186
882 882 92.3356901919
883 883 339.281480767
884 884 412.077850001
885 885 250.219601484
886 886 490.955193277
887 887 316.488209373
888 888 237.145980688
889 889 4.69734336323
890 890 234.638902939
891 891 0.00112795483346
892 892 461.634508067
893 893 603.550749741
894 894 315.195644849
895 895 531.289936027
896 896 12.8147993103
897 897 0.0005321679832
898 898 508.524878779
899 899 141.085059562
900 900 333.953469116
901 901 501.359235817
902 902 217.28253834
903 903 407.021487323
904 904 0.00101461457825
905 905 55.562833652
906 906 522.291890439
907 907 0.00860058607018
908 908 191.427801501
909 909 64.3823969784
910 910 0.00999998884526
911 911 219.769743127
912 912 201.851093337
913 913 278.78505113
914 914 0.00376948511753
915 915 351.492113501
916 916 284.533032316
917 917 0.00469702127142
918 918 97.1994934461
919 919 82.2235165793
920 920 622.111928419
921 921 262.828297609
922 922 35.8052557085
923 923 0.00834376466898
924 924 547.870676112
925 925 33.4062046563
926 926 537.56873932
927 927 391.227136371
928 928 547.516697418
929 929 141.96702956
930 930 85.835899897
931 931 0.00306009943522
932 932 0.00409745423987
933 933 148.536094369
934 934 184.822884317
935 935 417.950939848
936 936 2.69534766653
937 937 228.575050805
938 938 455.170243794
939 939 581.208933051
940 940 0.00291655008335
941 941 0.00473148832485
942 942 525.549936577
943 943 176.655568344
944 944 23.6606757117
945 945 25.1373727071
946 946 282.363072464
947 947 341.175617167
948 948 0.000637447970932
949 949 0.00495107602528
950 950 623.160042347
951 951 618.216076681
952 952 469.06915924
953 953 0.00211126777923
954 954 171.264914703
955 955 525.59264828
956 956 0.0053640226591
957 957 78.2054895983
958 958 134.344755706
959 959 227.760262093
960 960 414.628680505
961 961 149.738747591
962 962 90.9501221402
963 963 20.2199547628
964 964 0.00886262644265
965 965 511.046587802
966 966 537.68815178
967 967 119.521810833
968 968 104.059972324
969 969 300.946043348
970 970 345.94603904
971 971 534.980149707
972 972 0.0030848508376
973 973 43.2610393199
974 974 0.00986833694249
975 975 397.398424386
976 976 128.83067583
977 977 431.525686255
978 978 0.00448561873687
979 979 218.499877896
980 980 420.336166377
981 981 192.800467974
982 982 213.862510449
983 983 202.753135109
984 984 237.434430563
985 985 479.956694579
986 986 216.231631296
987 987 399.999553011
988 988 15.5917800097
989 989 0.000560411250817
990 990 125.98522612
991 991 462.052846435
992 992 468.105185618
993 993 608.237921886
994 994 191.389131397
995 995 346.698660472
996 996 156.573587514
997 997 404.423640869
998 998 273.630751562
999 999 325.048439848
1000 1000 415.174965436
1001 1001 614.458954132
1002 1002 228.507972583
1003 1003 0.00632061755209
1004 1004 0.00837176499979
1005 1005 43.7266892691
1006 1006 153.266169584
1007 1007 169.723833313
1008 1008 37.9223107414
1009 1009 371.692191197
1010 1010 579.446919371
1011 1011 286.600776972
1012 1012 436.131046354
1013 1013 247.421470395
1014 1014 114.867697271
1015 1015 105.696991134
1016 1016 538.638973508
1017 1017 0.00753349349265
1018 1018 404.384207782
1019 1019 0.00990490494753
1020 1020 284.832921288
1021 1021 342.198315509
1022 1022 124.441419817
1023 1023 516.718001032
1024 1024 603.592273576
1025 1025 619.727189074
1026 1026 0.00334041036696
1027 1027 0.00598729285211
1028 1028 559.801895257
1029 1029 410.595609635
1030 1030 561.31760798
1031 1031 75.706743483
1032 1032 158.23361915
1033 1033 448.532627874
1034 1034 531.887269683
1035 1035 477.052508338
1036 1036 0.00609003132996
1037 1037 91.6498161145
1038 1038 0.00877024060241
1039 1039 29.0563884717
1040 1040 0.00340246230089
1041 1041 337.624385976
1042 1042 590.809855474
1043 1043 61.0248578937
1044 1044 3.08955469803e-05
1045 1045 0.00655627491859
1046 1046 0.00375290095285
1047 1047 0.00889303624869
1048 1048 187.228366043
1049 1049 194.969254494
1050 1050 346.597980051
1051 1051 43.9754681155
1052 1052 119.23656922
1053 1053 129.660089329
1054 1054 0.00136569187699
1055 1055 427.337309042
1056 1056 219.536847637
1057 1057 418.014290008
1058 1058 377.056133429
1059 1059 405.176085901
1060 1060 524.630543983
1061 1061 0.00797676481984
1062 1062 153.651841772
1063 1063 226.444481892
1064 1064 612.798175247
1065 1065 382.585044179
1066 1066 396.257159873
1067 1067 455.85929499
1068 1068 465.072142293
1069 1069 90.4844676003
1070 1070 400.383711983
1071 1071 230.299126176
1072 1072 208.189043326
1073 1073 591.973541693
1074 1074 216.418729527
1075 1075 272.239213172
1076 1076 387.294629028
1077 1077 590.289723044
1078 1078 0.00622934097661
1079 1079 0.00822497550833
1080 1080 386.703471045
1081 1081 153.782839929
1082 1082 0.000480865984827
1083 1083 518.222582751
1084 1084 346.388676082
1085 1085 622.476212065
1086 1086 0.00483212161183
1087 1087 318.423209871
1088 1088 451.293960672
1089 1089 202.007252625
1090 1090 470.188035533
1091 1091 387.824183606
1092 1092 141.832246078
1093 1093 0.00301976546346
1094 1094 0.00364864691795
1095 1095 564.829245316
1096 1096 610.788251847
1097 1097 0.00491055053603
1098 1098 220.906519312
1099 1099 192.098625414
1100 1100 489.400249633
1101 1101 362.356787694
1102 1102 508.997966553
1103 1103 207.978090683
1104 1104 548.088998292
1105 1105 192.901759183
1106 1106 41.0617867716
1107 1107 195.320599902
1108 1108 329.366107333
1109 1109 297.646754753
1110 1110 427.721063908
1111 1111 297.408904881
1112 1112 523.268328883
1113 1113 424.490053103
1114 1114 362.13573655
1115 1115 0.00626005542176
1116 1116 342.716490681
1117 1117 481.863391251
1118 1118 505.088481378
1119 1119 142.160163853
1120 1120 0.00400255189471
1121 1121 57.4638035491
1122 1122 0.00862259138408
1123 1123 0.00178347608428
1124 1124 0.0098492298644
1125 1125 613.946338836
1126 1126 0.00370594923706
1127 1127 564.538525733
1128 1128 470.121230529
1129 1129 54.3662838012
1130 1130 544.302899156
1131 1131 0.00921772699563
1132 1132 128.462172745
1133 1133 11.0545462609
1134 1134 361.140237199
1135 1135 567.853357837
1136 1136 491.698667266
1137 1137 94.3615869722
1138 1138 582.934072908
1139 1139 339.050753073
1140 1140 525.374061739
1141 1141 521.041367301
1142 1142 318.029218633
1143 1143 0.00707603901264
1144 1144 341.655614216
1145 1145 0.00162448519033
1146 1146 560.91100576
1147 1147 0.00908640807547
1148 1148 283.274594308
1149 1149 48.7897076379
1150 1150 381.436092726
1151 1151 513.685086739
1152 1152 15.4427411698
1153 1153 275.357677458
1154 1154 121.829389327
1155 1155 620.867981197
1156 1156 370.47541638
1157 1157 417.344575492
1158 1158 302.475856478
1159 1159 234.020222082
1160 1160 0.00452495476669
1161 1161 0.00912792883595
1162 1162 134.362974554
1163 1163 0.00198921942919
1164 1164 0.00914523330409
1165 1165 70.9290269517
1166 1166 487.135246711
1167 1167 267.734388091
1168 1168 434.877136907
1169 1169 64.1407709404
1170 1170 501.676388113
1171 1171 0.00301662940592
1172 1172 64.9377810633
1173 1173 127.65104124
1174 1174 339.744185838
1175 1175 506.611257144
1176 1176 369.496107847
1177 1177 462.74586147
1178 1178 210.321855978
1179 1179 0.00265818540532
1180 1180 333.041217504
1181 1181 0.000901837749692
1182 1182 582.152051363
1183 1183 160.369053128
1184 1184 602.146544671
1185 1185 194.215124997
1186 1186 592.596505393
1187 1187 157.058732745
1188 1188 361.389990561
1189 1189 161.946420118
1190 1190 283.731697195
1191 1191 0.00110320137623
1192 1192 0.0052855395892
1193 1193 0.0095277604786
1194 1194 244.3725168
1195 1195 367.034860664
1196 1196 0.00811311096978
1197 1197 0.00783415417775
1198 1198 0.000706651416349
1199 1199 166.919650803
1200 1200 0.00518580986463
1201 1201 388.751560542
1202 1202 418.584793593
1203 1203 65.1589781888
1204 1204 446.116592372
1205 1205 595.22993096
1206 1206 551.243856144
1207 1207 251.777220501
1208 1208 284.43312004
1209 1209 24.2530491351
1210 1210 249.894673551
1211 1211 146.868367453
1212 1212 507.850799024
1213 1213 334.375275312
1214 1214 96.932356089
1215 1215 0.00737101322974
1216 1216 358.213443855
1217 1217 0.00856814426651
1218 1218 375.526362422
1219 1219 609.731277921
1220 1220 0.00883108643285
1221 1221 0.00932179212554
1222 1222 0.00659648546331
1223 1223 493.476927227
1224 1224 0.000517851832169
1225 1225 0.00207733073558
1226 1226 365.658835336
1227 1227 0.00145713870913
1228 1228 160.781561106
1229 1229 441.730488039
1230 1230 509.944416716
1231 1231 568.967513869
1232 1232 360.765584728
1233 1233 0.00897251661633
1234 1234 607.748205352
1235 1235 0.00966645257926
1236 1236 0.00608591007779
1237 1237 553.254381602
1238 1238 0.00609386643012
1239 1239 455.965792045
1240 1240 493.682860033
1241 1241 0.00387070117782
1242 1242 216.630959198
1243 1243 558.961832926
1244 1244 587.043791789
1245 1245 170.834690291
1246 1246 21.6514281313
1247 1247 545.523031198
1248 1248 0.00367778796188
1249 1249 21.6115019428
1250 1250 495.472324325
1251 1251 381.107207503
1252 1252 0.00263713946333
1253 1253 477.219808878
1254 1254 0.000759915234772
1255 1255 387.488421472
1256 1256 58.5390754117
1257 1257 0.00958934918361
1258 1258 434.434468129
1259 1259 567.292504392
1260 1260 0.00834447221872
1261 1261 451.30249169
1262 1262 154.587412761
1263 1263 470.25641314
1264 1264 93.5192949691
1265 1265 175.571281867
1266 1266 9.85825224582
1267 1267 226.105409039
1268 1268 0.00319830352446
1269 1269 499.069797872
1270 1270 402.076485744
1271 1271 607.473289025
1272 1272 121.872822773
1273 1273 0.00251546530429
1274 1274 290.651999048
1275 1275 43.9972018601
1276 1276 0.00256687809869
1277 1277 575.756845261
1278 1278 0.00875647864226
1279 1279 0.00284093669414
1280 1280 379.393944187
1281 1281 94.2731248038
1282 1282 373.426349033
1283 1283 434.318867404
1284 1284 49.1755194316
1285 1285 244.229107039
1286 1286 57.3110001018
1287 1287 0.00527151568273
1288 1288 438.364486544
1289 1289 524.864562722
1290 1290 432.215342544
1291 1291 303.480146757
1292 1292 10.9658733893
1293 1293 0.00356385489218
1294 1294 220.132584085
1295 1295 354.018214052
1296 1296 357.669766291
1297 1297 123.643884145
1298 1298 0.00453194496661
1299 1299 0.00599473694217
1300 1300 607.858509051
1301 1301 385.948930868
1302 1302 317.889821747
1303 1303 413.562271783
1304 1304 0.00888584922112
1305 1305 523.727678818
1306 1306 0.0095176658652
1307 1307 145.029269627
1308 1308 352.30458897
1309 1309 199.061642662
1310 1310 603.273606095
1311 1311 46.4554694692
1312 1312 0.00829289981052
1313 1313 0.00770489893571
1314 1314 0.00560371025816
1315 1315 140.681027152
1316 1316 0.00882754300578
1317 1317 0.00342277264894
1318 1318 392.603396137
1319 1319 585.468230716
1320 1320 0.00638989828019
1321 1321 270.172657436
1322 1322 467.216954388
1323 1323 272.416519255
1324 1324 524.224724449
1325 1325 287.488995478
1326 1326 0.00416256757257
1327 1327 550.431212705
1328 1328 0.00482013824104
1329 1329 572.921647577
1330 1330 184.191983445
1331 1331 437.517393321
1332 1332 0.00145165320618
1333 1333 340.341659789
1334 1334 119.875149565
1335 1335 38.6316213646
1336 1336 20.1772694292
1337 1337 60.6257628943
1338 1338 245.005248909
1339 1339 460.554703194
1340 1340 556.331561682
1341 1341 0.00362615016749
1342 1342 284.871222107
1343 1343 152.800009476
1344 1344 415.083170827
1345 1345 231.215263009
1346 1346 310.559165539
1347 1347 581.404155269
1348 1348 417.995402598
1349 1349 96.4408041845
1350 1350 0.00401903200502
1351 1351 528.968871416
1352 1352 232.604194189
1353 1353 103.839669069
1354 1354 0.0055179349908
1355 1355 0.00784917054042
1356 1356 135.515552365
1357 1357 386.202212895
1358 1358 209.340345557
1359 1359 136.624571074
1360 1360 474.263283191
1361 1361 377.917791792
1362 1362 0.00629282689802
1363 1363 182.145364665
1364 1364 136.618184568
1365 1365 558.724880463
1366 1366 408.772173879
1367 1367 324.231261345
1368 1368 335.75567646
1369 1369 566.994398067
1370 1370 217.022417907
1371 1371 0.00584935776316
1372 1372 0.0029609080091
1373 1373 540.003823351
1374 1374 391.516493847
1375 1375 374.010407289
1376 1376 225.994009696
1377 1377 185.042078024
1378 1378 509.410401902
1379 1379 0.00229201592742
1380 1380 137.359254148
1381 1381 302.984200739
1382 1382 71.3501589274
1383 1383 183.889908747
1384 1384 0.00196107229754
1385 1385 32.8954967018
1386 1386 229.164685392
1387 1387 0.00276852337372
1388 1388 592.923226981
1389 1389 0.000775499214786
1390 1390 31.1635271394
1391 1391 508.539815807
1392 1392 609.600859945
1393 1393 350.043672597
1394 1394 260.435118941
1395 1395 485.075648107
1396 1396 0.00687622875849
1397 1397 508.346150877
1398 1398 425.422591831
1399 1399 445.17758008
1400 1400 0.00484393814427
1401 1401 196.159776791
1402 1402 582.166957265
1403 1403 286.978247739
1404 1404 106.281995529
1405 1405 447.490318839
1406 1406 0.00673647581574
1407 1407 24.1197408476
1408 1408 547.320960099
1409 1409 159.356974355
1410 1410 593.642782395
1411 1411 0.00567510904964
1412 1412 210.450941487
1413 1413 570.629291847
1414 1414 608.121704447
1415 1415 349.285531152
1416 1416 469.147892541
1417 1417 249.724046902
1418 1418 0.00780156982716
1419 1419 530.147126293
1420 1420 262.360769514
1421 1421 579.037895876
1422 1422 0.00608268306517
1423 1423 540.418977603
1424 1424 385.234709276
1425 1425 500.025586051
1426 1426 0.00661257543512
1427 1427 0.0034932509624
1428 1428 0.00924902575301
1429 1429 313.616544936
1430 1430 190.301771749
1431 1431 0.00215519977373
1432 1432 194.464760532
1433 1433 0.00905996745532
1434 1434 118.644302108
1435 1435 586.852014841
1436 1436 48.7688973986
1437 1437 0.00775891471724
1438 1438 0.00373160513054
1439 1439 505.403920902
1440 1440 373.720544313
1441 1441 256.883123535
1442 1442 257.405569975
1443 1443 300.911182536
1444 1444 84.0889807142
1445 1445 321.405244427
1446 1446 309.835869486
1447 1447 192.810191686
1448 1448 574.53723534
1449 1449 265.282677537
1450 1450 145.98269351
1451 1451 0.00788891382607
1452 1452 451.769169319
1453 1453 132.261886194
1454 1454 493.984031512
1455 1455 557.094645605
1456 1456 0.00933292437881
1457 1457 444.591375041
1458 1458 449.272472439
1459 1459 44.6308389472
1460 1460 30.2380362842
1461 1461 0.00648874984579
1462 1462 317.433281586
1463 1463 256.693289796
1464 1464 0.001427417892
1465 1465 225.413602475
1466 1466 0.00855230481584
1467 1467 508.097641822
1468 1468 108.745991961
1469 1469 28.4299265505
1470 1470 230.544916118
1471 1471 248.69216815
1472 1472 461.774101701
1473 1473 241.091561771
1474 1474 556.237420249
1475 1475 12.632323548
1476 1476 0.0084711967635
1477 1477 108.000635781
1478 1478 0.00813871885769
1479 1479 413.819871393
1480 1480 0.00920193815356
1481 1481 24.3742325466
1482 1482 475.097330758
1483 1483 549.99096326
1484 1484 0.00471954455431
1485 1485 218.603368119
1486 1486 382.690487553
1487 1487 302.053836538
1488 1488 558.772084724
1489 1489 303.121238095
1490 1490 1.32297384595e-05
1491 1491 173.539349143
1492 1492 60.5343519495
1493 1493 24.6694761046
1494 1494 55.1562396834
1495 1495 166.438384551
1496 1496 314.778452991
1497 1497 613.444879226
1498 1498 0.00203504982912
1499 1499 460.942765004
1500 1500 333.826675938
1501 1501 191.319079779
1502 1502 353.527774233
1503 1503 0.00272450280597
1504 1504 457.902940132
1505 1505 0.00146267811207
1506 1506 615.18832148
1507 1507 102.483001443
1508 1508 102.700827796
1509 1509 0.00523483611147
1510 1510 0.00926052646101
1511 1511 291.683555952
1512 1512 266.567828543
1513 1513 536.777393718
1514 1514 0.00324503241702
1515 1515 0.00917086103527
1516 1516 0.00420357625869
1517 1517 0.00628460258356
1518 1518 402.756163465
1519 1519 0.00914624851842
1520 1520 167.940752369
1521 1521 146.175886324
1522 1522 255.389042509
1523 1523 280.89462279
1524 1524 254.695640813
1525 1525 519.712464726
1526 1526 131.247365153
1527 1527 571.672170095
1528 1528 521.926249883
1529 1529 202.518567809
1530 1530 113.428473134
1531 1531 13.8104764976
1532 1532 191.059477277
1533 1533 0.00787115331298
1534 1534 574.326296888
1535 1535 443.15054709
1536 1536 6.57753398112
1537 1537 67.9740517003
1538 1538 314.112339269
1539 1539 85.0209386732
1540 1540 491.050592932
1541 1541 0.00207615731153
1542 1542 591.568904635
1543 1543 0.0018866222074
1544 1544 320.407160387
1545 1545 156.449652658
1546 1546 80.982136661
1547 1547 0.00311833626703
1548 1548 64.4169846486
1549 1549 573.595472641
1550 1550 15.6961989046
1551 1551 293.164510905
1552 1552 0.0025614511021
1553 1553 491.508717274
1554 1554 152.544086236
1555 1555 47.3234940631
1556 1556 81.5946760311
1557 1557 141.478890075
1558 1558 0.00493540012362
1559 1559 240.253650775
1560 1560 625.581303435
1561 1561 306.477213949
1562 1562 614.20033356
1563 1563 184.152353592
1564 1564 484.50112046
1565 1565 356.727709753
1566 1566 16.5818539254
1567 1567 0.00809234844882
1568 1568 0.00740272056529
1569 1569 0.00358565022309
1570 1570 20.5634139326
1571 1571 0.000136232108752
1572 1572 306.398552253
1573 1573 618.336675856
1574 1574 266.643797023
1575 1575 497.135729121
1576 1576 220.841883113
1577 1577 283.817432315
1578 1578 0.00250482881305
1579 1579 245.822138462
1580 1580 556.076512066
1581 1581 505.474542209
1582 1582 0.00355359831041
1583 1583 0.0068776734968
1584 1584 431.577211527
1585 1585 610.512179121
1586 1586 416.639767765
1587 1587 0.00279589846656
1588 1588 403.909548103
1589 1589 233.637650222
1590 1590 33.1594306008
1591 1591 573.704009842
1592 1592 495.542719366
1593 1593 138.054096111
1594 1594 0.00808204006481
1595 1595 0.00310212025448
1596 1596 577.44360571
1597 1597 463.797277249
1598 1598 561.409853326
1599 1599 240.032349251
1600 1600 603.480224118
1601 1601 0.000898163937396
1602 1602 0.00930054864019
1603 1603 455.198682253
1604 1604 389.822879594
1605 1605 616.577637404
1606 1606 562.439350283
1607 1607 481.206810157
1608 1608 159.100631428
1609 1609 0.00223889992593
1610 1610 0.00526295367605
1611 1611 404.81054257
1612 1612 0.0037387523615
1613 1613 284.329943128
1614 1614 250.221586229
1615 1615 88.8784233002
1616 1616 124.439376231
1617 1617 0.00127630280434
1618 1618 201.99976795
1619 1619 0.0068376300631
1620 1620 0.00289961333152
1621 1621 589.230432237
1622 1622 462.189050415
1623 1623 502.554738332
1624 1624 400.90348096
1625 1625 603.159096632
1626 1626 427.348539257
1627 1627 262.965300871
1628 1628 577.61809581
1629 1629 80.7359593858
1630 1630 334.485116587
1631 1631 0.00591638345128
1632 1632 194.454941916
1633 1633 455.738114057
1634 1634 398.783191718
1635 1635 618.464445541
1636 1636 0.00381398865868
1637 1637 559.760667256
1638 1638 64.7724195247
1639 1639 501.125717179
1640 1640 145.662274537
1641 1641 0.00760541496963
1642 1642 278.130204286
1643 1643 0.0023369805425
1644 1644 0.00458535004988
1645 1645 383.74930925
1646 1646 0.0094482782467
1647 1647 116.093634804
1648 1648 24.8624913
1649 1649 351.900806926
1650 1650 0.00288646173585
1651 1651 515.401058357
1652 1652 256.979123547
1653 1653 420.182537077
1654 1654 0.00543009985185
1655 1655 115.27794692
1656 1656 602.7559207
1657 1657 414.377395335
1658 1658 0.00902414157658
1659 1659 0.00465053992405
1660 1660 0.00851583907755
1661 1661 0.00637310517178
1662 1662 552.134977629
1663 1663 0.0024533027539
1664 1664 587.315554342
1665 1665 0.00411021296972
1666 1666 431.15101283
1667 1667 173.466560441
1668 1668 192.624230189
1669 1669 0.000578636817904
1670 1670 360.780168319
1671 1671 0.00829674744333
1672 1672 380.2725843
1673 1673 0.00221926778164
1674 1674 619.03902918
1675 1675 0.00373428826777
1676 1676 28.7918682613
1677 1677 107.090811113
1678 1678 279.146779853
1679 1679 373.142085704
1680 1680 90.5792706471
1681 1681 220.93085836
1682 1682 0.000258122093176
1683 1683 0.00650913971011
1684 1684 237.586198289
1685 1685 411.02520762
1686 1686 252.458773281
1687 1687 350.213310897
1688 1688 355.957809401
1689 1689 153.254544168
1690 1690 0.00981260651711
1691 1691 0.00917620695172
1692 1692 0.00532985803935
1693 1693 191.91778062
1694 1694 68.3566044265
1695 1695 198.921872192
1696 1696 566.319147878
1697 1697 506.07290429
1698 1698 598.638243654
1699 1699 0.0081771958589
1700 1700 71.4832045867
1701 1701 566.720551647
1702 1702 590.010773009
1703 1703 181.787664477
1704 1704 478.35000566
1705 1705 317.103985764
1706 1706 182.703928518
1707 1707 134.01743404
1708 1708 528.790031572
1709 1709 394.010191581
1710 1710 344.601007034
1711 1711 0.00542562397382
1712 1712 136.992048352
1713 1713 271.956908066
1714 1714 0.00762580143499
1715 1715 559.490499611
1716 1716 0.00445786821918
1717 1717 0.00134190103843
1718 1718 282.092181309
1719 1719 113.443118588
1720 1720 84.7831973969
1721 1721 362.850338679
1722 1722 329.928438333
1723 1723 544.46008477
1724 1724 117.275929385
1725 1725 0.00174548671127
1726 1726 81.0902935981
1727 1727 0.00615449512854
1728 1728 0.00359200680411
1729 1729 146.460481789
1730 1730 0.00282338705652
1731 1731 21.6009803863
1732 1732 0.00524967335607
1733 1733 335.472999354
1734 1734 273.758698963
1735 1735 248.679514079
1736 1736 437.630888649
1737 1737 321.337509648
1738 1738 0.000278597709657
1739 1739 30.2612523922
1740 1740 0.00163775751164
1741 1741 474.581928733
1742 1742 0.00273796997911
1743 1743 219.02847
1744 1744 509.985487865
1745 1745 247.887066792
1746 1746 65.450016858
1747 1747 155.358904268
1748 1748 244.47482074
1749 1749 555.028611176
1750 1750 610.328318874
1751 1751 0.00300812549272
1752 1752 420.891537874
1753 1753 385.38283565
1754 1754 81.7905210663
1755 1755 0.000218394434941
1756 1756 50.4499483672
1757 1757 87.7264910807
1758 1758 0.00283365710764
1759 1759 21.2663499908
1760 1760 586.594376381
1761 1761 232.080571648
1762 1762 0.00339087145601
1763 1763 322.769936634
1764 1764 0.00199815571061
1765 1765 0.000622828303797
1766 1766 189.984003806
1767 1767 462.894466913
1768 1768 133.525652484
1769 1769 124.541421581
1770 1770 68.3186812262
1771 1771 599.442821873
1772 1772 387.895447202
1773 1773 382.106752579
1774 1774 0.00822752643026
1775 1775 342.583362882
1776 1776 584.340355427
1777 1777 1.82223241441e-05
1778 1778 559.839685258
1779 1779 0.00369721358668
1780 1780 412.778070631
1781 1781 319.863121733
1782 1782 0.00162768994574
1783 1783 0.00790159641809
1784 1784 42.7870597697
1785 1785 269.407445791
1786 1786 423.289430351
1787 1787 0.00841939104371
1788 1788 0.0097075131536
1789 1789 0.00430011297321
1790 1790 58.9881913942
1791 1791 204.714606522
1792 1792 0.00603467040798
1793 1793 0.0099946469779
1794 1794 116.155639227
1795 1795 110.951770066
1796 1796 167.476177599
1797 1797 0.00137456773825
1798 1798 0.00940942613888
1799 1799 607.303497402
1800 1800 0.00901558131731
1801 1801 399.670796214
1802 1802 0.00214690684871
1803 1803 0.00513680761998
1804 1804 0.00902293744629
1805 1805 138.158105604
1806 1806 564.293708222
1807 1807 353.710078703
1808 1808 497.802881195
1809 1809 490.541343321
1810 1810 0.0059729101529
1811 1811 0.00864208860125
1812 1812 446.488345585
1813 1813 0.00772172945659
1814 1814 430.046908015
1815 1815 98.441612194
1816 1816 93.1289573809
1817 1817 0.000538874784913
1818 1818 394.593726304
1819 1819 618.163246052
1820 1820 132.911705159
1821 1821 93.753221369
1822 1822 556.051873107
1823 1823 391.90111696
1824 1824 0.00662026751265
1825 1825 463.606987524
1826 1826 130.900553531
1827 1827 543.744669328
1828 1828 186.471536976
1829 1829 461.516655358
1830 1830 0.00270145960817
1831 1831 494.627254332
1832 1832 625.925398438
1833 1833 0.00229714295233
1834 1834 387.413042808
1835 1835 470.98588874
1836 1836 249.098525035
1837 1837 0.00757072231557
1838 1838 0.00565084713963
1839 1839 397.439421094
1840 1840 461.52424009
1841 1841 527.523984007
1842 1842 0.00503621912767
1843 1843 0.000179260253532
1844 1844 115.740068513
1845 1845 0.00316593230983
1846 1846 206.430952559
1847 1847 205.290014329
1848 1848 0.00422306292593
1849 1849 0.00350448529038
1850 1850 0.00799562764577
1851 1851 560.554817547
1852 1852 0.00755574652522
1853 1853 166.88670124
1854 1854 0.00199169051765
1855 1855 0.00746422902513
1856 1856 72.4252399511
1857 1857 373.302126919
1858 1858 0.000542352303965
1859 1859 0.00927727156137
1860 1860 165.592768514
1861 1861 58.7223192886
1862 1862 0.00627939834247
1863 1863 21.5654966254
1864 1864 602.412374707
1865 1865 461.480852475
1866 1866 254.502950756
1867 1867 546.500701435
1868 1868 0.000308576739508
1869 1869 156.767676704
1870 1870 418.864944494
1871 1871 0.00798377227277
1872 1872 0.0058277973642
1873 1873 0.000122201054877
1874 1874 299.108919648
1875 1875 454.949532801
1876 1876 138.830265061
1877 1877 377.398463145
1878 1878 0.00752482739786
1879 1879 235.053623648
1880 1880 389.10911968
1881 1881 440.684219926
1882 1882 0.00534347190596
1883 1883 438.075171413
1884 1884 52.5888885107
1885 1885 0.00464376158588
1886 1886 232.484203836
1887 1887 338.183141969
1888 1888 73.7796956085
1889 1889 404.169847854
1890 1890 90.1342540927
1891 1891 73.1848968911
1892 1892 264.755921291
1893 1893 608.463668633
1894 1894 166.971851705
1895 1895 451.756058887
1896 1896 0.00666952342735
1897 1897 97.3665884908
1898 1898 475.098284579
1899 1899 123.661997256
1900 1900 448.212729932
1901 1901 139.839870713
1902 1902 545.833613951
1903 1903 521.284758755
1904 1904 0.00496882261837
1905 1905 168.04599884
1906 1906 576.134528882
1907 1907 0.00538000858105
1908 1908 257.621107613
1909 1909 0.0087892008488
1910 1910 459.830005548
1911 1911 321.047768848
1912 1912 431.303245124
1913 1913 0.00164942319541
1914 1914 489.952338953
1915 1915 0.00166822754778
1916 1916 97.3951654562
1917 1917 356.98557107
1918 1918 200.198195826
1919 1919 48.0709776878
1920 1920 424.957275772
1921 1921 97.0412086445
1922 1922 0.00645918961829
1923 1923 601.924024805
1924 1924 190.197244297
1925 1925 28.1986544947
1926 1926 196.83687403
1927 1927 0.00641774194119
1928 1928 166.49729797
1929 1929 370.579410965
1930 1930 1.45477220437
1931 1931 0.00626980064795
1932 1932 226.96867107
1933 1933 37.4559601066
1934 1934 202.233168544
1935 1935 282.881501189
1936 1936 187.444357132
1937 1937 2.34061003745e-05
1938 1938 602.782346707
1939 1939 0.00195516918244
1940 1940 110.061639207
1941 1941 157.789655764
1942 1942 285.248212177
1943 1943 0.00808114512943
1944 1944 0.00635062957783
1945 1945 398.691748483
1946 1946 381.35661908
1947 1947 0.00277783152086
1948 1948 0.00195693165781
1949 1949 488.713630847
1950 1950 328.400362977
1951 1951 0.00227305386821
1952 1952 0.00806780065968
1953 1953 181.399482896
1954 1954 69.8310883261
1955 1955 593.243856338
1956 1956 533.472960217
1957 1957 306.547456909
1958 1958 368.780727282
1959 1959 346.694308127
1960 1960 0.00769473955071
1961 1961 515.554691255
1962 1962 170.726122843
1963 1963 172.337547951
1964 1964 558.710848789
1965 1965 311.353416778
1966 1966 241.207240536
1967 1967 285.341185234
1968 1968 0.00907725494342
1969 1969 11.001639814
1970 1970 0.00304314333485
1971 1971 376.05802097
1972 1972 265.291866683
1973 1973 0.0056999452794
1974 1974 0.000862266417302
1975 1975 494.548037772
1976 1976 466.331922876
1977 1977 0.00365243766354
1978 1978 366.28963242
1979 1979 292.751726302
1980 1980 334.641307333
1981 1981 0.00849099564936
1982 1982 0.00102623515152
1983 1983 36.4886723477
1984 1984 304.919417915
1985 1985 385.68415972
1986 1986 40.5528806081
1987 1987 386.282372257
1988 1988 136.809004308
1989 1989 0.00913770483176
1990 1990 588.922431774
1991 1991 281.423496737
1992 1992 534.936319042
1993 1993 287.993851804
1994 1994 235.625819681
1995 1995 375.137623764
1996 1996 520.513524516
1997 1997 354.053604162
1998 1998 303.858723227
1999 1999 100.461483993
2000 2000 156.98204361
