1 1 1
42 1 -1
1 2 1
70 2 -1
1 3 1
10 3 -1
1 4 1
6 4 -1
1 5 1
59 5 -1
1 6 1
123 6 -1
1 7 1
113 7 -1
1 8 1
119 8 -1
1 9 1
104 9 -1
1 10 1
8 10 -1
1 11 1
36 11 -1
1 12 1
88 12 -1
1 13 1
19 13 -1
1 14 1
15 14 -1
8 15 1
107 15 -1
8 16 1
37 16 -1
8 17 1
102 17 -1
8 18 1
111 18 -1
8 19 1
45 19 -1
8 20 1
71 20 -1
8 21 1
68 21 -1
8 22 1
46 22 -1
8 23 1
43 23 -1
12 24 1
78 24 -1
12 25 1
22 25 -1
12 26 1
119 26 -1
12 27 1
74 27 -1
12 28 1
76 28 -1
12 29 1
38 29 -1
12 30 1
31 30 -1
12 31 1
13 31 -1
12 32 1
44 32 -1
12 33 1
30 33 -1
12 34 1
56 34 -1
12 35 1
116 35 -1
12 36 1
60 36 -1
15 37 1
121 37 -1
15 38 1
81 38 -1
15 39 1
9 39 -1
15 40 1
6 40 -1
15 41 1
95 41 -1
15 42 1
42 42 -1
15 43 1
72 43 -1
15 44 1
20 44 -1
15 45 1
116 45 -1
15 46 1
107 46 -1
15 47 1
26 47 -1
15 48 1
125 48 -1
15 49 1
97 49 -1
15 50 1
5 50 -1
15 51 1
118 51 -1
15 52 1
50 52 -1
15 53 1
123 53 -1
15 54 1
30 54 -1
15 55 1
64 55 -1
15 56 1
19 56 -1
15 57 1
77 57 -1
15 58 1
40 58 -1
18 59 1
27 59 -1
18 60 1
125 60 -1
18 61 1
58 61 -1
18 62 1
17 62 -1
18 63 1
95 63 -1
18 64 1
87 64 -1
18 65 1
55 65 -1
18 66 1
68 66 -1
18 67 1
47 67 -1
18 68 1
78 68 -1
18 69 1
65 69 -1
18 70 1
22 70 -1
18 71 1
36 71 -1
18 72 1
6 72 -1
18 73 1
107 73 -1
18 74 1
119 74 -1
18 75 1
91 75 -1
18 76 1
106 76 -1
18 77 1
62 77 -1
18 78 1
96 78 -1
18 79 1
45 79 -1
18 80 1
8 80 -1
18 81 1
123 81 -1
18 82 1
108 82 -1
18 83 1
40 83 -1
18 84 1
57 84 -1
18 85 1
49 85 -1
18 86 1
32 86 -1
24 87 1
88 87 -1
24 88 1
110 88 -1
24 89 1
62 89 -1
24 90 1
34 90 -1
24 91 1
48 91 -1
24 92 1
82 92 -1
24 93 1
26 93 -1
24 94 1
7 94 -1
24 95 1
56 95 -1
24 96 1
16 96 -1
24 97 1
118 97 -1
24 98 1
65 98 -1
24 99 1
18 99 -1
24 100 1
101 100 -1
24 101 1
46 101 -1
24 102 1
114 102 -1
24 103 1
92 103 -1
24 104 1
9 104 -1
24 105 1
94 105 -1
24 106 1
50 106 -1
24 107 1
80 107 -1
24 108 1
72 108 -1
24 109 1
19 109 -1
24 110 1
70 110 -1
24 111 1
90 111 -1
24 112 1
20 112 -1
24 113 1
112 113 -1
24 114 1
120 114 -1
24 115 1
85 115 -1
24 116 1
28 116 -1
24 117 1
104 117 -1
24 118 1
98 118 -1
27 119 1
12 119 -1
27 120 1
58 120 -1
27 121 1
66 121 -1
27 122 1
47 122 -1
27 123 1
7 123 -1
27 124 1
64 124 -1
27 125 1
114 125 -1
27 126 1
21 126 -1
27 127 1
76 127 -1
27 128 1
45 128 -1
27 129 1
121 129 -1
27 130 1
115 130 -1
27 131 1
122 131 -1
27 132 1
90 132 -1
27 133 1
104 133 -1
27 134 1
100 134 -1
27 135 1
56 135 -1
27 136 1
44 136 -1
27 137 1
77 137 -1
27 138 1
105 138 -1
27 139 1
29 139 -1
27 140 1
26 140 -1
27 141 1
117 141 -1
27 142 1
80 142 -1
27 143 1
14 143 -1
32 144 1
44 144 -1
32 145 1
80 145 -1
32 146 1
95 146 -1
32 147 1
11 147 -1
32 148 1
62 148 -1
32 149 1
96 149 -1
32 150 1
6 150 -1
32 151 1
7 151 -1
32 152 1
12 152 -1
32 153 1
38 153 -1
32 154 1
124 154 -1
32 155 1
93 155 -1
32 156 1
76 156 -1
32 157 1
101 157 -1
32 158 1
126 158 -1
32 159 1
54 159 -1
32 160 1
99 160 -1
32 161 1
39 161 -1
32 162 1
26 162 -1
32 163 1
64 163 -1
32 164 1
28 164 -1
32 165 1
75 165 -1
32 166 1
8 166 -1
32 167 1
57 167 -1
32 168 1
125 168 -1
32 169 1
29 169 -1
32 170 1
114 170 -1
32 171 1
72 171 -1
32 172 1
22 172 -1
32 173 1
113 173 -1
32 174 1
70 174 -1
32 175 1
61 175 -1
32 176 1
56 176 -1
42 177 1
8 177 -1
42 178 1
29 178 -1
42 179 1
50 179 -1
44 180 1
54 180 -1
44 181 1
75 181 -1
44 182 1
12 182 -1
44 183 1
125 183 -1
44 184 1
99 184 -1
44 185 1
43 185 -1
44 186 1
21 186 -1
44 187 1
106 187 -1
44 188 1
37 188 -1
44 189 1
65 189 -1
44 190 1
7 190 -1
52 191 1
126 191 -1
52 192 1
113 192 -1
52 193 1
85 193 -1
52 194 1
88 194 -1
52 195 1
24 195 -1
52 196 1
93 196 -1
52 197 1
91 197 -1
52 198 1
124 198 -1
52 199 1
5 199 -1
52 200 1
109 200 -1
52 201 1
116 201 -1
52 202 1
39 202 -1
53 203 1
15 203 -1
53 204 1
47 204 -1
53 205 1
118 205 -1
53 206 1
81 206 -1
53 207 1
113 207 -1
53 208 1
9 208 -1
53 209 1
74 209 -1
53 210 1
68 210 -1
53 211 1
17 211 -1
53 212 1
57 212 -1
53 213 1
104 213 -1
53 214 1
123 214 -1
53 215 1
80 215 -1
53 216 1
109 216 -1
53 217 1
26 217 -1
53 218 1
94 218 -1
53 219 1
35 219 -1
53 220 1
103 220 -1
53 221 1
88 221 -1
53 222 1
56 222 -1
53 223 1
82 223 -1
53 224 1
11 224 -1
53 225 1
95 225 -1
53 226 1
61 226 -1
53 227 1
86 227 -1
53 228 1
28 228 -1
53 229 1
33 229 -1
53 230 1
93 230 -1
53 231 1
38 231 -1
53 232 1
64 232 -1
54 233 1
85 233 -1
54 234 1
10 234 -1
54 235 1
63 235 -1
54 236 1
37 236 -1
54 237 1
104 237 -1
54 238 1
20 238 -1
54 239 1
35 239 -1
54 240 1
45 240 -1
54 241 1
94 241 -1
57 242 1
119 242 -1
57 243 1
114 243 -1
57 244 1
41 244 -1
57 245 1
103 245 -1
57 246 1
98 246 -1
57 247 1
51 247 -1
57 248 1
16 248 -1
61 249 1
57 249 -1
61 250 1
50 250 -1
61 251 1
45 251 -1
61 252 1
123 252 -1
61 253 1
39 253 -1
61 254 1
31 254 -1
61 255 1
104 255 -1
61 256 1
38 256 -1
61 257 1
19 257 -1
61 258 1
75 258 -1
61 259 1
91 259 -1
61 260 1
76 260 -1
61 261 1
51 261 -1
61 262 1
77 262 -1
61 263 1
85 263 -1
61 264 1
11 264 -1
61 265 1
111 265 -1
61 266 1
43 266 -1
61 267 1
63 267 -1
61 268 1
114 268 -1
61 269 1
105 269 -1
61 270 1
126 270 -1
61 271 1
70 271 -1
61 272 1
25 272 -1
63 273 1
102 273 -1
63 274 1
71 274 -1
63 275 1
53 275 -1
63 276 1
106 276 -1
63 277 1
84 277 -1
63 278 1
72 278 -1
63 279 1
89 279 -1
63 280 1
49 280 -1
63 281 1
19 281 -1
63 282 1
70 282 -1
63 283 1
13 283 -1
63 284 1
45 284 -1
63 285 1
94 285 -1
64 286 1
106 286 -1
64 287 1
29 287 -1
64 288 1
83 288 -1
64 289 1
48 289 -1
64 290 1
67 290 -1
64 291 1
107 291 -1
64 292 1
35 292 -1
64 293 1
39 293 -1
64 294 1
76 294 -1
64 295 1
122 295 -1
64 296 1
21 296 -1
64 297 1
26 297 -1
64 298 1
6 298 -1
64 299 1
118 299 -1
64 300 1
61 300 -1
64 301 1
125 301 -1
64 302 1
41 302 -1
64 303 1
19 303 -1
64 304 1
13 304 -1
64 305 1
44 305 -1
64 306 1
17 306 -1
64 307 1
34 307 -1
64 308 1
102 308 -1
64 309 1
32 309 -1
64 310 1
108 310 -1
64 311 1
103 311 -1
64 312 1
12 312 -1
73 313 1
24 313 -1
73 314 1
47 314 -1
73 315 1
40 315 -1
73 316 1
14 316 -1
73 317 1
124 317 -1
73 318 1
81 318 -1
73 319 1
5 319 -1
73 320 1
101 320 -1
73 321 1
6 321 -1
73 322 1
92 322 -1
73 323 1
77 323 -1
73 324 1
103 324 -1
73 325 1
15 325 -1
73 326 1
120 326 -1
73 327 1
49 327 -1
73 328 1
57 328 -1
73 329 1
13 329 -1
73 330 1
118 330 -1
78 331 1
32 331 -1
78 332 1
107 332 -1
78 333 1
31 333 -1
78 334 1
11 334 -1
78 335 1
34 335 -1
78 336 1
113 336 -1
78 337 1
101 337 -1
78 338 1
26 338 -1
78 339 1
87 339 -1
78 340 1
118 340 -1
78 341 1
79 341 -1
78 342 1
63 342 -1
78 343 1
124 343 -1
78 344 1
35 344 -1
78 345 1
94 345 -1
78 346 1
22 346 -1
78 347 1
73 347 -1
78 348 1
120 348 -1
78 349 1
47 349 -1
78 350 1
89 350 -1
78 351 1
82 351 -1
78 352 1
44 352 -1
78 353 1
41 353 -1
78 354 1
13 354 -1
83 355 1
61 355 -1
83 356 1
42 356 -1
83 357 1
16 357 -1
83 358 1
64 358 -1
83 359 1
34 359 -1
83 360 1
71 360 -1
83 361 1
15 361 -1
83 362 1
77 362 -1
83 363 1
73 363 -1
83 364 1
46 364 -1
83 365 1
67 365 -1
83 366 1
26 366 -1
83 367 1
72 367 -1
83 368 1
84 368 -1
83 369 1
96 369 -1
83 370 1
40 370 -1
83 371 1
108 371 -1
83 372 1
112 372 -1
83 373 1
10 373 -1
83 374 1
79 374 -1
83 375 1
22 375 -1
83 376 1
102 376 -1
83 377 1
27 377 -1
83 378 1
52 378 -1
83 379 1
11 379 -1
83 380 1
69 380 -1
83 381 1
82 381 -1
83 382 1
50 382 -1
83 383 1
76 383 -1
83 384 1
121 384 -1
83 385 1
101 385 -1
83 386 1
55 386 -1
85 387 1
73 387 -1
85 388 1
26 388 -1
85 389 1
25 389 -1
85 390 1
118 390 -1
85 391 1
106 391 -1
85 392 1
99 392 -1
85 393 1
51 393 -1
85 394 1
27 394 -1
85 395 1
98 395 -1
85 396 1
9 396 -1
85 397 1
67 397 -1
85 398 1
112 398 -1
85 399 1
35 399 -1
85 400 1
111 400 -1
85 401 1
123 401 -1
85 402 1
116 402 -1
88 403 1
53 403 -1
88 404 1
15 404 -1
88 405 1
24 405 -1
88 406 1
27 406 -1
88 407 1
91 407 -1
88 408 1
82 408 -1
88 409 1
40 409 -1
88 410 1
98 410 -1
88 411 1
97 411 -1
88 412 1
94 412 -1
88 413 1
43 413 -1
88 414 1
14 414 -1
88 415 1
45 415 -1
88 416 1
17 416 -1
88 417 1
8 417 -1
88 418 1
116 418 -1
88 419 1
62 419 -1
88 420 1
106 420 -1
88 421 1
22 421 -1
88 422 1
7 422 -1
88 423 1
50 423 -1
88 424 1
61 424 -1
88 425 1
10 425 -1
88 426 1
75 426 -1
88 427 1
32 427 -1
88 428 1
26 428 -1
88 429 1
29 429 -1
88 430 1
60 430 -1
88 431 1
52 431 -1
90 432 1
83 432 -1
90 433 1
60 433 -1
90 434 1
62 434 -1
90 435 1
108 435 -1
90 436 1
53 436 -1
90 437 1
72 437 -1
90 438 1
73 438 -1
90 439 1
47 439 -1
90 440 1
59 440 -1
90 441 1
126 441 -1
90 442 1
22 442 -1
90 443 1
117 443 -1
90 444 1
79 444 -1
100 445 1
90 445 -1
100 446 1
93 446 -1
100 447 1
51 447 -1
100 448 1
80 448 -1
100 449 1
113 449 -1
100 450 1
19 450 -1
100 451 1
78 451 -1
100 452 1
116 452 -1
100 453 1
50 453 -1
100 454 1
10 454 -1
100 455 1
121 455 -1
100 456 1
79 456 -1
100 457 1
122 457 -1
100 458 1
118 458 -1
100 459 1
67 459 -1
100 460 1
84 460 -1
102 461 1
116 461 -1
102 462 1
18 462 -1
102 463 1
117 463 -1
102 464 1
95 464 -1
102 465 1
16 465 -1
102 466 1
61 466 -1
102 467 1
52 467 -1
102 468 1
53 468 -1
102 469 1
90 469 -1
102 470 1
34 470 -1
102 471 1
105 471 -1
102 472 1
48 472 -1
102 473 1
42 473 -1
102 474 1
41 474 -1
102 475 1
58 475 -1
102 476 1
76 476 -1
102 477 1
74 477 -1
102 478 1
54 478 -1
102 479 1
37 479 -1
102 480 1
123 480 -1
102 481 1
11 481 -1
102 482 1
103 482 -1
102 483 1
88 483 -1
102 484 1
99 484 -1
102 485 1
112 485 -1
102 486 1
44 486 -1
102 487 1
78 487 -1
102 488 1
87 488 -1
102 489 1
98 489 -1
102 490 1
30 490 -1
106 491 1
124 491 -1
106 492 1
52 492 -1
106 493 1
45 493 -1
106 494 1
101 494 -1
106 495 1
88 495 -1
106 496 1
118 496 -1
106 497 1
37 497 -1
106 498 1
125 498 -1
106 499 1
43 499 -1
106 500 1
15 500 -1
106 501 1
109 501 -1
106 502 1
98 502 -1
106 503 1
28 503 -1
106 504 1
82 504 -1
106 505 1
78 505 -1
106 506 1
121 506 -1
106 507 1
9 507 -1
107 508 1
100 508 -1
107 509 1
60 509 -1
107 510 1
109 510 -1
107 511 1
114 511 -1
107 512 1
122 512 -1
107 513 1
55 513 -1
107 514 1
33 514 -1
107 515 1
88 515 -1
111 516 1
63 516 -1
111 517 1
17 517 -1
111 518 1
16 518 -1
111 519 1
31 519 -1
111 520 1
8 520 -1
111 521 1
34 521 -1
111 522 1
36 522 -1
111 523 1
29 523 -1
111 524 1
100 524 -1
111 525 1
15 525 -1
111 526 1
82 526 -1
111 527 1
126 527 -1
111 528 1
98 528 -1
111 529 1
6 529 -1
111 530 1
68 530 -1
111 531 1
56 531 -1
111 532 1
76 532 -1
111 533 1
88 533 -1
111 534 1
48 534 -1
111 535 1
43 535 -1
111 536 1
54 536 -1
111 537 1
94 537 -1
111 538 1
58 538 -1
111 539 1
99 539 -1
111 540 1
125 540 -1
111 541 1
25 541 -1
111 542 1
42 542 -1
111 543 1
96 543 -1
113 544 1
111 544 -1
113 545 1
50 545 -1
113 546 1
119 546 -1
113 547 1
27 547 -1
113 548 1
68 548 -1
113 549 1
65 549 -1
113 550 1
95 550 -1
113 551 1
35 551 -1
113 552 1
103 552 -1
113 553 1
36 553 -1
113 554 1
42 554 -1
113 555 1
96 555 -1
113 556 1
24 556 -1
113 557 1
52 557 -1
113 558 1
34 558 -1
113 559 1
110 559 -1
113 560 1
46 560 -1
113 561 1
89 561 -1
113 562 1
39 562 -1
113 563 1
99 563 -1
113 564 1
121 564 -1
113 565 1
64 565 -1
113 566 1
45 566 -1
113 567 1
115 567 -1
113 568 1
29 568 -1
113 569 1
125 569 -1
113 570 1
63 570 -1
114 571 1
64 571 -1
114 572 1
102 572 -1
114 573 1
48 573 -1
114 574 1
122 574 -1
114 575 1
83 575 -1
114 576 1
105 576 -1
114 577 1
12 577 -1
114 578 1
39 578 -1
114 579 1
74 579 -1
114 580 1
82 580 -1
114 581 1
24 581 -1
2 582 1
76 582 -1
2 583 1
39 583 -1
2 584 1
9 584 -1
2 585 1
41 585 -1
2 586 1
10 586 -1
2 587 1
120 587 -1
2 588 1
56 588 -1
2 589 1
35 589 -1
2 590 1
31 590 -1
2 591 1
96 591 -1
2 592 1
117 592 -1
2 593 1
53 593 -1
2 594 1
111 594 -1
2 595 1
107 595 -1
2 596 1
72 596 -1
2 597 1
64 597 -1
2 598 1
62 598 -1
2 599 1
60 599 -1
2 600 1
5 600 -1
6 601 1
60 601 -1
6 602 1
12 602 -1
6 603 1
87 603 -1
9 604 1
51 604 -1
9 605 1
7 605 -1
9 606 1
103 606 -1
20 607 1
123 607 -1
20 608 1
70 608 -1
20 609 1
69 609 -1
20 610 1
73 610 -1
20 611 1
101 611 -1
20 612 1
45 612 -1
20 613 1
122 613 -1
20 614 1
81 614 -1
20 615 1
82 615 -1
20 616 1
110 616 -1
20 617 1
107 617 -1
20 618 1
79 618 -1
20 619 1
14 619 -1
20 620 1
27 620 -1
20 621 1
6 621 -1
20 622 1
35 622 -1
20 623 1
18 623 -1
20 624 1
12 624 -1
20 625 1
17 625 -1
20 626 1
52 626 -1
20 627 1
7 627 -1
20 628 1
30 628 -1
20 629 1
68 629 -1
20 630 1
48 630 -1
20 631 1
39 631 -1
20 632 1
74 632 -1
20 633 1
103 633 -1
20 634 1
28 634 -1
20 635 1
104 635 -1
21 636 1
34 636 -1
21 637 1
86 637 -1
21 638 1
102 638 -1
21 639 1
70 639 -1
21 640 1
65 640 -1
21 641 1
58 641 -1
21 642 1
48 642 -1
21 643 1
37 643 -1
21 644 1
111 644 -1
21 645 1
30 645 -1
21 646 1
61 646 -1
21 647 1
94 647 -1
21 648 1
108 648 -1
21 649 1
41 649 -1
21 650 1
57 650 -1
21 651 1
125 651 -1
21 652 1
54 652 -1
21 653 1
63 653 -1
21 654 1
43 654 -1
21 655 1
35 655 -1
21 656 1
6 656 -1
21 657 1
20 657 -1
21 658 1
72 658 -1
21 659 1
18 659 -1
21 660 1
115 660 -1
21 661 1
90 661 -1
21 662 1
101 662 -1
21 663 1
50 663 -1
21 664 1
92 664 -1
21 665 1
74 665 -1
21 666 1
67 666 -1
21 667 1
56 667 -1
21 668 1
99 668 -1
22 669 1
50 669 -1
22 670 1
120 670 -1
22 671 1
23 671 -1
22 672 1
125 672 -1
22 673 1
54 673 -1
22 674 1
27 674 -1
22 675 1
103 675 -1
22 676 1
91 676 -1
22 677 1
73 677 -1
22 678 1
21 678 -1
22 679 1
126 679 -1
22 680 1
52 680 -1
22 681 1
119 681 -1
22 682 1
14 682 -1
22 683 1
95 683 -1
22 684 1
86 684 -1
22 685 1
29 685 -1
22 686 1
99 686 -1
22 687 1
36 687 -1
22 688 1
31 688 -1
22 689 1
92 689 -1
22 690 1
110 690 -1
22 691 1
83 691 -1
22 692 1
106 692 -1
22 693 1
116 693 -1
22 694 1
11 694 -1
22 695 1
57 695 -1
23 696 1
36 696 -1
23 697 1
60 697 -1
23 698 1
40 698 -1
23 699 1
91 699 -1
23 700 1
125 700 -1
23 701 1
49 701 -1
23 702 1
108 702 -1
23 703 1
124 703 -1
23 704 1
80 704 -1
23 705 1
7 705 -1
23 706 1
83 706 -1
23 707 1
14 707 -1
23 708 1
68 708 -1
23 709 1
57 709 -1
23 710 1
105 710 -1
23 711 1
54 711 -1
23 712 1
70 712 -1
23 713 1
89 713 -1
23 714 1
5 714 -1
23 715 1
37 715 -1
23 716 1
95 716 -1
23 717 1
79 717 -1
23 718 1
96 718 -1
23 719 1
116 719 -1
23 720 1
77 720 -1
23 721 1
119 721 -1
23 722 1
33 722 -1
23 723 1
42 723 -1
23 724 1
32 724 -1
23 725 1
100 725 -1
34 726 1
94 726 -1
34 727 1
28 727 -1
34 728 1
126 728 -1
34 729 1
100 729 -1
34 730 1
19 730 -1
34 731 1
68 731 -1
34 732 1
89 732 -1
34 733 1
12 733 -1
34 734 1
110 734 -1
34 735 1
107 735 -1
34 736 1
22 736 -1
34 737 1
63 737 -1
34 738 1
36 738 -1
34 739 1
41 739 -1
34 740 1
54 740 -1
34 741 1
72 741 -1
34 742 1
75 742 -1
34 743 1
78 743 -1
34 744 1
56 744 -1
34 745 1
49 745 -1
34 746 1
43 746 -1
34 747 1
92 747 -1
34 748 1
76 748 -1
34 749 1
77 749 -1
34 750 1
16 750 -1
34 751 1
5 751 -1
35 752 1
80 752 -1
35 753 1
47 753 -1
35 754 1
100 754 -1
35 755 1
34 755 -1
35 756 1
99 756 -1
36 757 1
21 757 -1
36 758 1
121 758 -1
36 759 1
13 759 -1
36 760 1
122 760 -1
36 761 1
33 761 -1
36 762 1
126 762 -1
36 763 1
64 763 -1
36 764 1
35 764 -1
36 765 1
77 765 -1
36 766 1
75 766 -1
36 767 1
90 767 -1
36 768 1
104 768 -1
36 769 1
5 769 -1
36 770 1
102 770 -1
36 771 1
17 771 -1
36 772 1
19 772 -1
36 773 1
68 773 -1
36 774 1
96 774 -1
36 775 1
76 775 -1
36 776 1
82 776 -1
36 777 1
124 777 -1
36 778 1
12 778 -1
36 779 1
112 779 -1
36 780 1
92 780 -1
36 781 1
22 781 -1
36 782 1
109 782 -1
36 783 1
58 783 -1
36 784 1
20 784 -1
36 785 1
45 785 -1
37 786 1
91 786 -1
37 787 1
11 787 -1
37 788 1
113 788 -1
37 789 1
120 789 -1
37 790 1
6 790 -1
37 791 1
103 791 -1
37 792 1
63 792 -1
37 793 1
30 793 -1
37 794 1
79 794 -1
37 795 1
78 795 -1
37 796 1
44 796 -1
37 797 1
90 797 -1
37 798 1
125 798 -1
37 799 1
122 799 -1
37 800 1
104 800 -1
37 801 1
38 801 -1
46 802 1
116 802 -1
46 803 1
55 803 -1
46 804 1
19 804 -1
46 805 1
13 805 -1
46 806 1
44 806 -1
46 807 1
6 807 -1
46 808 1
47 808 -1
46 809 1
97 809 -1
46 810 1
41 810 -1
46 811 1
35 811 -1
46 812 1
89 812 -1
46 813 1
30 813 -1
46 814 1
105 814 -1
50 815 1
6 815 -1
50 816 1
69 816 -1
50 817 1
51 817 -1
50 818 1
40 818 -1
50 819 1
89 819 -1
50 820 1
66 820 -1
50 821 1
95 821 -1
50 822 1
72 822 -1
50 823 1
64 823 -1
50 824 1
114 824 -1
50 825 1
61 825 -1
50 826 1
75 826 -1
50 827 1
65 827 -1
50 828 1
68 828 -1
51 829 1
37 829 -1
51 830 1
111 830 -1
51 831 1
17 831 -1
51 832 1
81 832 -1
51 833 1
79 833 -1
55 834 1
96 834 -1
55 835 1
46 835 -1
55 836 1
57 836 -1
55 837 1
60 837 -1
55 838 1
26 838 -1
55 839 1
109 839 -1
55 840 1
78 840 -1
55 841 1
90 841 -1
55 842 1
83 842 -1
55 843 1
66 843 -1
55 844 1
115 844 -1
55 845 1
15 845 -1
55 846 1
34 846 -1
55 847 1
67 847 -1
55 848 1
35 848 -1
55 849 1
97 849 -1
55 850 1
77 850 -1
55 851 1
102 851 -1
55 852 1
11 852 -1
55 853 1
64 853 -1
55 854 1
18 854 -1
55 855 1
33 855 -1
55 856 1
118 856 -1
60 857 1
77 857 -1
60 858 1
107 858 -1
60 859 1
102 859 -1
60 860 1
116 860 -1
60 861 1
105 861 -1
60 862 1
90 862 -1
60 863 1
6 863 -1
60 864 1
101 864 -1
60 865 1
28 865 -1
60 866 1
125 866 -1
60 867 1
112 867 -1
60 868 1
16 868 -1
60 869 1
56 869 -1
60 870 1
39 870 -1
60 871 1
13 871 -1
60 872 1
62 872 -1
60 873 1
32 873 -1
60 874 1
50 874 -1
60 875 1
72 875 -1
60 876 1
45 876 -1
60 877 1
119 877 -1
60 878 1
48 878 -1
60 879 1
15 879 -1
60 880 1
71 880 -1
60 881 1
29 881 -1
60 882 1
38 882 -1
60 883 1
78 883 -1
67 884 1
35 884 -1
67 885 1
124 885 -1
67 886 1
55 886 -1
67 887 1
20 887 -1
67 888 1
78 888 -1
67 889 1
120 889 -1
67 890 1
8 890 -1
67 891 1
23 891 -1
67 892 1
76 892 -1
67 893 1
70 893 -1
67 894 1
16 894 -1
67 895 1
17 895 -1
67 896 1
115 896 -1
67 897 1
26 897 -1
67 898 1
91 898 -1
67 899 1
62 899 -1
67 900 1
71 900 -1
67 901 1
75 901 -1
67 902 1
86 902 -1
67 903 1
85 903 -1
67 904 1
90 904 -1
76 905 1
9 905 -1
76 906 1
96 906 -1
76 907 1
34 907 -1
76 908 1
102 908 -1
76 909 1
18 909 -1
76 910 1
26 910 -1
76 911 1
114 911 -1
77 912 1
92 912 -1
77 913 1
16 913 -1
79 914 1
23 914 -1
79 915 1
52 915 -1
79 916 1
85 916 -1
79 917 1
22 917 -1
79 918 1
58 918 -1
79 919 1
62 919 -1
79 920 1
110 920 -1
79 921 1
94 921 -1
79 922 1
68 922 -1
79 923 1
60 923 -1
79 924 1
44 924 -1
79 925 1
32 925 -1
79 926 1
43 926 -1
79 927 1
39 927 -1
79 928 1
36 928 -1
79 929 1
48 929 -1
79 930 1
28 930 -1
79 931 1
80 931 -1
79 932 1
96 932 -1
79 933 1
78 933 -1
80 934 1
22 934 -1
80 935 1
52 935 -1
80 936 1
81 936 -1
80 937 1
24 937 -1
80 938 1
58 938 -1
80 939 1
120 939 -1
81 940 1
67 940 -1
81 941 1
124 941 -1
81 942 1
54 942 -1
81 943 1
48 943 -1
81 944 1
49 944 -1
81 945 1
51 945 -1
81 946 1
117 946 -1
81 947 1
104 947 -1
81 948 1
97 948 -1
81 949 1
89 949 -1
81 950 1
108 950 -1
81 951 1
55 951 -1
81 952 1
70 952 -1
81 953 1
98 953 -1
81 954 1
82 954 -1
81 955 1
38 955 -1
81 956 1
115 956 -1
81 957 1
27 957 -1
91 958 1
93 958 -1
91 959 1
31 959 -1
91 960 1
5 960 -1
91 961 1
125 961 -1
91 962 1
89 962 -1
91 963 1
52 963 -1
91 964 1
103 964 -1
91 965 1
82 965 -1
91 966 1
92 966 -1
91 967 1
57 967 -1
91 968 1
26 968 -1
91 969 1
15 969 -1
92 970 1
118 970 -1
92 971 1
20 971 -1
92 972 1
97 972 -1
92 973 1
55 973 -1
92 974 1
54 974 -1
92 975 1
96 975 -1
92 976 1
44 976 -1
92 977 1
117 977 -1
92 978 1
112 978 -1
92 979 1
9 979 -1
92 980 1
50 980 -1
92 981 1
64 981 -1
92 982 1
78 982 -1
92 983 1
69 983 -1
92 984 1
71 984 -1
93 985 1
46 985 -1
93 986 1
94 986 -1
93 987 1
36 987 -1
93 988 1
109 988 -1
93 989 1
110 989 -1
93 990 1
66 990 -1
93 991 1
13 991 -1
93 992 1
71 992 -1
93 993 1
101 993 -1
93 994 1
81 994 -1
93 995 1
75 995 -1
93 996 1
64 996 -1
93 997 1
52 997 -1
93 998 1
27 998 -1
93 999 1
86 999 -1
93 1000 1
84 1000 -1
93 1001 1
67 1001 -1
93 1002 1
51 1002 -1
93 1003 1
63 1003 -1
93 1004 1
113 1004 -1
93 1005 1
95 1005 -1
93 1006 1
25 1006 -1
93 1007 1
97 1007 -1
93 1008 1
40 1008 -1
94 1009 1
81 1009 -1
94 1010 1
93 1010 -1
94 1011 1
52 1011 -1
94 1012 1
36 1012 -1
94 1013 1
66 1013 -1
94 1014 1
49 1014 -1
94 1015 1
122 1015 -1
94 1016 1
51 1016 -1
94 1017 1
65 1017 -1
94 1018 1
61 1018 -1
94 1019 1
113 1019 -1
94 1020 1
110 1020 -1
94 1021 1
126 1021 -1
94 1022 1
83 1022 -1
96 1023 1
108 1023 -1
96 1024 1
68 1024 -1
96 1025 1
54 1025 -1
96 1026 1
81 1026 -1
96 1027 1
93 1027 -1
96 1028 1
69 1028 -1
96 1029 1
42 1029 -1
96 1030 1
116 1030 -1
96 1031 1
30 1031 -1
96 1032 1
29 1032 -1
96 1033 1
95 1033 -1
96 1034 1
67 1034 -1
96 1035 1
23 1035 -1
96 1036 1
113 1036 -1
96 1037 1
13 1037 -1
96 1038 1
74 1038 -1
96 1039 1
78 1039 -1
96 1040 1
120 1040 -1
96 1041 1
10 1041 -1
96 1042 1
12 1042 -1
96 1043 1
82 1043 -1
96 1044 1
104 1044 -1
96 1045 1
79 1045 -1
96 1046 1
62 1046 -1
96 1047 1
99 1047 -1
96 1048 1
53 1048 -1
96 1049 1
49 1049 -1
96 1050 1
85 1050 -1
96 1051 1
33 1051 -1
96 1052 1
38 1052 -1
96 1053 1
101 1053 -1
97 1054 1
79 1054 -1
97 1055 1
92 1055 -1
97 1056 1
28 1056 -1
97 1057 1
85 1057 -1
108 1058 1
97 1058 -1
108 1059 1
126 1059 -1
108 1060 1
77 1060 -1
108 1061 1
117 1061 -1
108 1062 1
88 1062 -1
108 1063 1
9 1063 -1
108 1064 1
8 1064 -1
108 1065 1
74 1065 -1
108 1066 1
41 1066 -1
108 1067 1
24 1067 -1
108 1068 1
118 1068 -1
3 1069 1
49 1069 -1
3 1070 1
107 1070 -1
3 1071 1
76 1071 -1
3 1072 1
109 1072 -1
3 1073 1
102 1073 -1
3 1074 1
26 1074 -1
3 1075 1
83 1075 -1
3 1076 1
115 1076 -1
3 1077 1
114 1077 -1
3 1078 1
73 1078 -1
3 1079 1
12 1079 -1
7 1080 1
28 1080 -1
7 1081 1
63 1081 -1
7 1082 1
33 1082 -1
7 1083 1
10 1083 -1
7 1084 1
15 1084 -1
7 1085 1
73 1085 -1
7 1086 1
125 1086 -1
7 1087 1
93 1087 -1
7 1088 1
32 1088 -1
7 1089 1
118 1089 -1
7 1090 1
109 1090 -1
7 1091 1
35 1091 -1
7 1092 1
12 1092 -1
7 1093 1
107 1093 -1
7 1094 1
13 1094 -1
7 1095 1
66 1095 -1
7 1096 1
77 1096 -1
7 1097 1
110 1097 -1
7 1098 1
126 1098 -1
7 1099 1
58 1099 -1
7 1100 1
76 1100 -1
7 1101 1
9 1101 -1
7 1102 1
30 1102 -1
7 1103 1
116 1103 -1
7 1104 1
100 1104 -1
7 1105 1
56 1105 -1
7 1106 1
51 1106 -1
7 1107 1
43 1107 -1
26 1108 1
87 1108 -1
26 1109 1
61 1109 -1
26 1110 1
18 1110 -1
26 1111 1
105 1111 -1
26 1112 1
41 1112 -1
26 1113 1
84 1113 -1
26 1114 1
114 1114 -1
26 1115 1
52 1115 -1
26 1116 1
80 1116 -1
26 1117 1
95 1117 -1
26 1118 1
15 1118 -1
26 1119 1
73 1119 -1
26 1120 1
13 1120 -1
26 1121 1
51 1121 -1
26 1122 1
107 1122 -1
26 1123 1
38 1123 -1
26 1124 1
59 1124 -1
26 1125 1
22 1125 -1
26 1126 1
10 1126 -1
26 1127 1
70 1127 -1
26 1128 1
29 1128 -1
26 1129 1
116 1129 -1
26 1130 1
100 1130 -1
26 1131 1
101 1131 -1
26 1132 1
45 1132 -1
28 1133 1
29 1133 -1
28 1134 1
14 1134 -1
28 1135 1
71 1135 -1
28 1136 1
25 1136 -1
28 1137 1
98 1137 -1
28 1138 1
52 1138 -1
28 1139 1
66 1139 -1
28 1140 1
42 1140 -1
28 1141 1
21 1141 -1
28 1142 1
64 1142 -1
28 1143 1
124 1143 -1
28 1144 1
47 1144 -1
28 1145 1
20 1145 -1
28 1146 1
73 1146 -1
28 1147 1
106 1147 -1
28 1148 1
100 1148 -1
28 1149 1
38 1149 -1
28 1150 1
84 1150 -1
28 1151 1
27 1151 -1
28 1152 1
36 1152 -1
28 1153 1
50 1153 -1
28 1154 1
95 1154 -1
29 1155 1
82 1155 -1
29 1156 1
51 1156 -1
29 1157 1
45 1157 -1
29 1158 1
23 1158 -1
29 1159 1
64 1159 -1
29 1160 1
67 1160 -1
29 1161 1
31 1161 -1
29 1162 1
18 1162 -1
29 1163 1
100 1163 -1
29 1164 1
89 1164 -1
29 1165 1
54 1165 -1
29 1166 1
35 1166 -1
29 1167 1
91 1167 -1
29 1168 1
39 1168 -1
29 1169 1
37 1169 -1
29 1170 1
48 1170 -1
29 1171 1
106 1171 -1
29 1172 1
53 1172 -1
29 1173 1
126 1173 -1
29 1174 1
60 1174 -1
31 1175 1
104 1175 -1
31 1176 1
103 1176 -1
31 1177 1
61 1177 -1
31 1178 1
73 1178 -1
31 1179 1
81 1179 -1
31 1180 1
110 1180 -1
31 1181 1
105 1181 -1
31 1182 1
40 1182 -1
31 1183 1
51 1183 -1
31 1184 1
49 1184 -1
31 1185 1
97 1185 -1
31 1186 1
64 1186 -1
31 1187 1
65 1187 -1
31 1188 1
70 1188 -1
31 1189 1
30 1189 -1
31 1190 1
56 1190 -1
31 1191 1
12 1191 -1
31 1192 1
68 1192 -1
31 1193 1
85 1193 -1
31 1194 1
84 1194 -1
31 1195 1
79 1195 -1
31 1196 1
33 1196 -1
39 1197 1
101 1197 -1
39 1198 1
110 1198 -1
39 1199 1
40 1199 -1
39 1200 1
44 1200 -1
39 1201 1
21 1201 -1
39 1202 1
72 1202 -1
39 1203 1
107 1203 -1
39 1204 1
20 1204 -1
39 1205 1
84 1205 -1
39 1206 1
87 1206 -1
39 1207 1
104 1207 -1
39 1208 1
102 1208 -1
39 1209 1
28 1209 -1
39 1210 1
125 1210 -1
39 1211 1
81 1211 -1
39 1212 1
115 1212 -1
39 1213 1
68 1213 -1
39 1214 1
123 1214 -1
39 1215 1
96 1215 -1
39 1216 1
98 1216 -1
41 1217 1
31 1217 -1
41 1218 1
52 1218 -1
41 1219 1
114 1219 -1
41 1220 1
17 1220 -1
41 1221 1
23 1221 -1
41 1222 1
66 1222 -1
41 1223 1
102 1223 -1
41 1224 1
90 1224 -1
41 1225 1
74 1225 -1
41 1226 1
8 1226 -1
41 1227 1
35 1227 -1
41 1228 1
9 1228 -1
41 1229 1
96 1229 -1
47 1230 1
125 1230 -1
47 1231 1
26 1231 -1
47 1232 1
60 1232 -1
47 1233 1
9 1233 -1
47 1234 1
37 1234 -1
47 1235 1
42 1235 -1
47 1236 1
67 1236 -1
47 1237 1
79 1237 -1
47 1238 1
107 1238 -1
47 1239 1
71 1239 -1
47 1240 1
111 1240 -1
47 1241 1
72 1241 -1
47 1242 1
20 1242 -1
47 1243 1
106 1243 -1
47 1244 1
108 1244 -1
47 1245 1
103 1245 -1
47 1246 1
126 1246 -1
47 1247 1
96 1247 -1
47 1248 1
99 1248 -1
47 1249 1
11 1249 -1
47 1250 1
94 1250 -1
47 1251 1
36 1251 -1
47 1252 1
27 1252 -1
47 1253 1
49 1253 -1
47 1254 1
82 1254 -1
47 1255 1
81 1255 -1
49 1256 1
86 1256 -1
49 1257 1
122 1257 -1
49 1258 1
72 1258 -1
49 1259 1
48 1259 -1
49 1260 1
41 1260 -1
49 1261 1
111 1261 -1
49 1262 1
120 1262 -1
49 1263 1
30 1263 -1
49 1264 1
52 1264 -1
49 1265 1
110 1265 -1
49 1266 1
9 1266 -1
49 1267 1
20 1267 -1
49 1268 1
62 1268 -1
49 1269 1
85 1269 -1
49 1270 1
36 1270 -1
49 1271 1
84 1271 -1
49 1272 1
77 1272 -1
49 1273 1
23 1273 -1
56 1274 1
95 1274 -1
56 1275 1
89 1275 -1
56 1276 1
52 1276 -1
56 1277 1
69 1277 -1
56 1278 1
45 1278 -1
56 1279 1
26 1279 -1
56 1280 1
38 1280 -1
56 1281 1
61 1281 -1
56 1282 1
77 1282 -1
56 1283 1
76 1283 -1
56 1284 1
118 1284 -1
56 1285 1
98 1285 -1
56 1286 1
22 1286 -1
56 1287 1
80 1287 -1
56 1288 1
50 1288 -1
56 1289 1
82 1289 -1
56 1290 1
70 1290 -1
62 1291 1
41 1291 -1
62 1292 1
73 1292 -1
62 1293 1
82 1293 -1
62 1294 1
119 1294 -1
62 1295 1
118 1295 -1
62 1296 1
54 1296 -1
62 1297 1
29 1297 -1
62 1298 1
89 1298 -1
62 1299 1
77 1299 -1
62 1300 1
27 1300 -1
62 1301 1
95 1301 -1
62 1302 1
94 1302 -1
62 1303 1
69 1303 -1
62 1304 1
76 1304 -1
62 1305 1
91 1305 -1
62 1306 1
102 1306 -1
62 1307 1
88 1307 -1
62 1308 1
97 1308 -1
62 1309 1
32 1309 -1
62 1310 1
122 1310 -1
62 1311 1
103 1311 -1
62 1312 1
64 1312 -1
62 1313 1
92 1313 -1
66 1314 1
74 1314 -1
66 1315 1
44 1315 -1
66 1316 1
97 1316 -1
66 1317 1
118 1317 -1
66 1318 1
16 1318 -1
66 1319 1
79 1319 -1
66 1320 1
42 1320 -1
66 1321 1
116 1321 -1
66 1322 1
11 1322 -1
66 1323 1
71 1323 -1
66 1324 1
30 1324 -1
66 1325 1
78 1325 -1
66 1326 1
77 1326 -1
66 1327 1
113 1327 -1
66 1328 1
105 1328 -1
66 1329 1
35 1329 -1
66 1330 1
123 1330 -1
66 1331 1
20 1331 -1
66 1332 1
67 1332 -1
68 1333 1
56 1333 -1
68 1334 1
124 1334 -1
68 1335 1
79 1335 -1
68 1336 1
74 1336 -1
69 1337 1
47 1337 -1
69 1338 1
96 1338 -1
69 1339 1
10 1339 -1
69 1340 1
113 1340 -1
69 1341 1
6 1341 -1
69 1342 1
60 1342 -1
69 1343 1
75 1343 -1
69 1344 1
42 1344 -1
69 1345 1
121 1345 -1
69 1346 1
93 1346 -1
70 1347 1
69 1347 -1
70 1348 1
122 1348 -1
70 1349 1
102 1349 -1
70 1350 1
68 1350 -1
70 1351 1
49 1351 -1
70 1352 1
11 1352 -1
70 1353 1
48 1353 -1
70 1354 1
91 1354 -1
70 1355 1
80 1355 -1
70 1356 1
100 1356 -1
70 1357 1
6 1357 -1
70 1358 1
109 1358 -1
70 1359 1
106 1359 -1
70 1360 1
99 1360 -1
70 1361 1
71 1361 -1
70 1362 1
24 1362 -1
70 1363 1
22 1363 -1
70 1364 1
96 1364 -1
74 1365 1
68 1365 -1
74 1366 1
57 1366 -1
74 1367 1
99 1367 -1
74 1368 1
36 1368 -1
74 1369 1
81 1369 -1
74 1370 1
124 1370 -1
74 1371 1
83 1371 -1
74 1372 1
82 1372 -1
74 1373 1
111 1373 -1
74 1374 1
31 1374 -1
82 1375 1
62 1375 -1
82 1376 1
45 1376 -1
82 1377 1
53 1377 -1
82 1378 1
120 1378 -1
82 1379 1
55 1379 -1
82 1380 1
96 1380 -1
82 1381 1
24 1381 -1
82 1382 1
29 1382 -1
82 1383 1
83 1383 -1
82 1384 1
63 1384 -1
82 1385 1
42 1385 -1
82 1386 1
9 1386 -1
82 1387 1
14 1387 -1
82 1388 1
121 1388 -1
82 1389 1
37 1389 -1
82 1390 1
87 1390 -1
82 1391 1
58 1391 -1
82 1392 1
8 1392 -1
82 1393 1
117 1393 -1
82 1394 1
19 1394 -1
84 1395 1
109 1395 -1
84 1396 1
31 1396 -1
84 1397 1
20 1397 -1
86 1398 1
99 1398 -1
86 1399 1
63 1399 -1
86 1400 1
89 1400 -1
86 1401 1
29 1401 -1
86 1402 1
110 1402 -1
86 1403 1
41 1403 -1
86 1404 1
81 1404 -1
86 1405 1
103 1405 -1
86 1406 1
87 1406 -1
86 1407 1
17 1407 -1
86 1408 1
126 1408 -1
86 1409 1
79 1409 -1
86 1410 1
73 1410 -1
86 1411 1
27 1411 -1
86 1412 1
83 1412 -1
86 1413 1
113 1413 -1
86 1414 1
106 1414 -1
86 1415 1
66 1415 -1
86 1416 1
5 1416 -1
86 1417 1
71 1417 -1
86 1418 1
114 1418 -1
86 1419 1
47 1419 -1
86 1420 1
54 1420 -1
86 1421 1
25 1421 -1
86 1422 1
115 1422 -1
87 1423 1
98 1423 -1
87 1424 1
121 1424 -1
87 1425 1
56 1425 -1
87 1426 1
122 1426 -1
87 1427 1
102 1427 -1
87 1428 1
45 1428 -1
87 1429 1
116 1429 -1
87 1430 1
89 1430 -1
87 1431 1
84 1431 -1
87 1432 1
76 1432 -1
87 1433 1
74 1433 -1
87 1434 1
60 1434 -1
87 1435 1
36 1435 -1
87 1436 1
43 1436 -1
87 1437 1
13 1437 -1
87 1438 1
52 1438 -1
87 1439 1
20 1439 -1
87 1440 1
93 1440 -1
87 1441 1
119 1441 -1
87 1442 1
10 1442 -1
87 1443 1
48 1443 -1
87 1444 1
38 1444 -1
87 1445 1
35 1445 -1
87 1446 1
100 1446 -1
87 1447 1
14 1447 -1
87 1448 1
114 1448 -1
87 1449 1
68 1449 -1
87 1450 1
8 1450 -1
87 1451 1
33 1451 -1
87 1452 1
107 1452 -1
87 1453 1
41 1453 -1
87 1454 1
118 1454 -1
95 1455 1
84 1455 -1
95 1456 1
83 1456 -1
95 1457 1
7 1457 -1
95 1458 1
23 1458 -1
95 1459 1
81 1459 -1
95 1460 1
118 1460 -1
95 1461 1
117 1461 -1
95 1462 1
98 1462 -1
98 1463 1
39 1463 -1
98 1464 1
31 1464 -1
98 1465 1
29 1465 -1
98 1466 1
8 1466 -1
98 1467 1
13 1467 -1
98 1468 1
17 1468 -1
98 1469 1
83 1469 -1
98 1470 1
94 1470 -1
98 1471 1
30 1471 -1
98 1472 1
106 1472 -1
98 1473 1
52 1473 -1
98 1474 1
67 1474 -1
98 1475 1
70 1475 -1
98 1476 1
44 1476 -1
98 1477 1
92 1477 -1
98 1478 1
55 1478 -1
98 1479 1
42 1479 -1
98 1480 1
112 1480 -1
98 1481 1
20 1481 -1
98 1482 1
86 1482 -1
98 1483 1
50 1483 -1
98 1484 1
14 1484 -1
98 1485 1
7 1485 -1
99 1486 1
70 1486 -1
99 1487 1
103 1487 -1
99 1488 1
60 1488 -1
99 1489 1
66 1489 -1
99 1490 1
82 1490 -1
99 1491 1
109 1491 -1
99 1492 1
113 1492 -1
99 1493 1
8 1493 -1
99 1494 1
20 1494 -1
99 1495 1
7 1495 -1
99 1496 1
50 1496 -1
99 1497 1
126 1497 -1
99 1498 1
115 1498 -1
101 1499 1
66 1499 -1
101 1500 1
79 1500 -1
101 1501 1
64 1501 -1
101 1502 1
103 1502 -1
101 1503 1
42 1503 -1
101 1504 1
85 1504 -1
101 1505 1
99 1505 -1
101 1506 1
65 1506 -1
101 1507 1
119 1507 -1
104 1508 1
115 1508 -1
104 1509 1
89 1509 -1
104 1510 1
110 1510 -1
104 1511 1
35 1511 -1
104 1512 1
65 1512 -1
104 1513 1
5 1513 -1
104 1514 1
107 1514 -1
104 1515 1
82 1515 -1
104 1516 1
80 1516 -1
104 1517 1
60 1517 -1
104 1518 1
70 1518 -1
104 1519 1
62 1519 -1
104 1520 1
73 1520 -1
104 1521 1
76 1521 -1
109 1522 1
7 1522 -1
109 1523 1
78 1523 -1
109 1524 1
79 1524 -1
4 1525 1
25 1525 -1
4 1526 1
105 1526 -1
4 1527 1
119 1527 -1
4 1528 1
117 1528 -1
4 1529 1
82 1529 -1
4 1530 1
118 1530 -1
4 1531 1
24 1531 -1
4 1532 1
97 1532 -1
4 1533 1
9 1533 -1
4 1534 1
61 1534 -1
4 1535 1
116 1535 -1
4 1536 1
60 1536 -1
4 1537 1
99 1537 -1
4 1538 1
113 1538 -1
4 1539 1
5 1539 -1
4 1540 1
40 1540 -1
4 1541 1
103 1541 -1
4 1542 1
93 1542 -1
5 1543 1
16 1543 -1
5 1544 1
10 1544 -1
5 1545 1
14 1545 -1
5 1546 1
52 1546 -1
5 1547 1
102 1547 -1
5 1548 1
66 1548 -1
5 1549 1
42 1549 -1
5 1550 1
20 1550 -1
5 1551 1
73 1551 -1
5 1552 1
113 1552 -1
5 1553 1
104 1553 -1
5 1554 1
29 1554 -1
5 1555 1
91 1555 -1
5 1556 1
44 1556 -1
5 1557 1
119 1557 -1
5 1558 1
79 1558 -1
5 1559 1
45 1559 -1
5 1560 1
65 1560 -1
5 1561 1
124 1561 -1
5 1562 1
86 1562 -1
5 1563 1
98 1563 -1
5 1564 1
116 1564 -1
10 1565 1
30 1565 -1
10 1566 1
122 1566 -1
10 1567 1
34 1567 -1
10 1568 1
43 1568 -1
10 1569 1
11 1569 -1
10 1570 1
91 1570 -1
10 1571 1
57 1571 -1
10 1572 1
38 1572 -1
10 1573 1
109 1573 -1
10 1574 1
36 1574 -1
10 1575 1
111 1575 -1
10 1576 1
105 1576 -1
10 1577 1
49 1577 -1
10 1578 1
29 1578 -1
10 1579 1
79 1579 -1
10 1580 1
31 1580 -1
10 1581 1
60 1581 -1
10 1582 1
52 1582 -1
10 1583 1
26 1583 -1
10 1584 1
61 1584 -1
10 1585 1
23 1585 -1
10 1586 1
102 1586 -1
10 1587 1
82 1587 -1
10 1588 1
9 1588 -1
10 1589 1
103 1589 -1
10 1590 1
12 1590 -1
11 1591 1
45 1591 -1
11 1592 1
50 1592 -1
11 1593 1
104 1593 -1
11 1594 1
105 1594 -1
11 1595 1
123 1595 -1
11 1596 1
95 1596 -1
11 1597 1
90 1597 -1
11 1598 1
15 1598 -1
11 1599 1
101 1599 -1
11 1600 1
89 1600 -1
11 1601 1
5 1601 -1
11 1602 1
52 1602 -1
11 1603 1
102 1603 -1
11 1604 1
122 1604 -1
11 1605 1
35 1605 -1
11 1606 1
113 1606 -1
11 1607 1
21 1607 -1
11 1608 1
99 1608 -1
11 1609 1
78 1609 -1
11 1610 1
87 1610 -1
11 1611 1
18 1611 -1
11 1612 1
84 1612 -1
11 1613 1
106 1613 -1
11 1614 1
48 1614 -1
11 1615 1
108 1615 -1
11 1616 1
121 1616 -1
11 1617 1
9 1617 -1
11 1618 1
36 1618 -1
11 1619 1
64 1619 -1
11 1620 1
10 1620 -1
11 1621 1
67 1621 -1
13 1622 1
105 1622 -1
13 1623 1
46 1623 -1
13 1624 1
96 1624 -1
13 1625 1
103 1625 -1
13 1626 1
111 1626 -1
13 1627 1
54 1627 -1
13 1628 1
102 1628 -1
13 1629 1
72 1629 -1
14 1630 1
19 1630 -1
14 1631 1
103 1631 -1
14 1632 1
28 1632 -1
14 1633 1
107 1633 -1
14 1634 1
36 1634 -1
14 1635 1
49 1635 -1
16 1636 1
75 1636 -1
16 1637 1
42 1637 -1
16 1638 1
125 1638 -1
16 1639 1
118 1639 -1
16 1640 1
10 1640 -1
16 1641 1
111 1641 -1
16 1642 1
44 1642 -1
16 1643 1
34 1643 -1
16 1644 1
70 1644 -1
16 1645 1
45 1645 -1
16 1646 1
62 1646 -1
16 1647 1
46 1647 -1
16 1648 1
99 1648 -1
16 1649 1
85 1649 -1
16 1650 1
71 1650 -1
16 1651 1
5 1651 -1
17 1652 1
110 1652 -1
17 1653 1
50 1653 -1
17 1654 1
113 1654 -1
17 1655 1
15 1655 -1
17 1656 1
48 1656 -1
17 1657 1
37 1657 -1
17 1658 1
111 1658 -1
17 1659 1
25 1659 -1
17 1660 1
118 1660 -1
17 1661 1
76 1661 -1
17 1662 1
108 1662 -1
17 1663 1
16 1663 -1
17 1664 1
119 1664 -1
17 1665 1
10 1665 -1
17 1666 1
84 1666 -1
17 1667 1
41 1667 -1
17 1668 1
121 1668 -1
17 1669 1
5 1669 -1
17 1670 1
61 1670 -1
17 1671 1
104 1671 -1
17 1672 1
81 1672 -1
17 1673 1
38 1673 -1
17 1674 1
9 1674 -1
17 1675 1
79 1675 -1
17 1676 1
107 1676 -1
17 1677 1
74 1677 -1
17 1678 1
14 1678 -1
17 1679 1
88 1679 -1
19 1680 1
125 1680 -1
19 1681 1
71 1681 -1
19 1682 1
67 1682 -1
19 1683 1
45 1683 -1
19 1684 1
97 1684 -1
19 1685 1
74 1685 -1
19 1686 1
59 1686 -1
19 1687 1
70 1687 -1
19 1688 1
104 1688 -1
19 1689 1
55 1689 -1
19 1690 1
25 1690 -1
19 1691 1
9 1691 -1
19 1692 1
43 1692 -1
19 1693 1
95 1693 -1
19 1694 1
98 1694 -1
19 1695 1
108 1695 -1
19 1696 1
93 1696 -1
19 1697 1
81 1697 -1
19 1698 1
68 1698 -1
19 1699 1
65 1699 -1
19 1700 1
6 1700 -1
19 1701 1
86 1701 -1
19 1702 1
79 1702 -1
19 1703 1
7 1703 -1
25 1704 1
5 1704 -1
25 1705 1
114 1705 -1
25 1706 1
90 1706 -1
25 1707 1
80 1707 -1
25 1708 1
39 1708 -1
25 1709 1
30 1709 -1
25 1710 1
86 1710 -1
25 1711 1
65 1711 -1
25 1712 1
20 1712 -1
25 1713 1
115 1713 -1
30 1714 1
112 1714 -1
30 1715 1
24 1715 -1
30 1716 1
107 1716 -1
30 1717 1
65 1717 -1
30 1718 1
18 1718 -1
30 1719 1
88 1719 -1
30 1720 1
43 1720 -1
30 1721 1
46 1721 -1
30 1722 1
13 1722 -1
30 1723 1
115 1723 -1
30 1724 1
95 1724 -1
30 1725 1
114 1725 -1
30 1726 1
27 1726 -1
30 1727 1
33 1727 -1
30 1728 1
126 1728 -1
30 1729 1
23 1729 -1
30 1730 1
58 1730 -1
30 1731 1
10 1731 -1
30 1732 1
79 1732 -1
30 1733 1
20 1733 -1
30 1734 1
116 1734 -1
30 1735 1
8 1735 -1
30 1736 1
106 1736 -1
30 1737 1
66 1737 -1
30 1738 1
15 1738 -1
30 1739 1
117 1739 -1
33 1740 1
116 1740 -1
33 1741 1
14 1741 -1
33 1742 1
55 1742 -1
33 1743 1
50 1743 -1
38 1744 1
65 1744 -1
38 1745 1
80 1745 -1
38 1746 1
103 1746 -1
38 1747 1
76 1747 -1
38 1748 1
88 1748 -1
38 1749 1
52 1749 -1
38 1750 1
120 1750 -1
38 1751 1
124 1751 -1
38 1752 1
102 1752 -1
38 1753 1
106 1753 -1
38 1754 1
50 1754 -1
38 1755 1
28 1755 -1
38 1756 1
108 1756 -1
38 1757 1
32 1757 -1
38 1758 1
24 1758 -1
40 1759 1
13 1759 -1
40 1760 1
20 1760 -1
40 1761 1
80 1761 -1
40 1762 1
108 1762 -1
40 1763 1
28 1763 -1
40 1764 1
45 1764 -1
40 1765 1
68 1765 -1
40 1766 1
117 1766 -1
40 1767 1
53 1767 -1
40 1768 1
50 1768 -1
40 1769 1
35 1769 -1
40 1770 1
96 1770 -1
40 1771 1
87 1771 -1
40 1772 1
110 1772 -1
40 1773 1
114 1773 -1
40 1774 1
67 1774 -1
40 1775 1
70 1775 -1
40 1776 1
37 1776 -1
40 1777 1
22 1777 -1
40 1778 1
89 1778 -1
40 1779 1
38 1779 -1
40 1780 1
104 1780 -1
40 1781 1
18 1781 -1
40 1782 1
90 1782 -1
40 1783 1
60 1783 -1
40 1784 1
10 1784 -1
40 1785 1
52 1785 -1
40 1786 1
34 1786 -1
40 1787 1
113 1787 -1
43 1788 1
33 1788 -1
43 1789 1
113 1789 -1
43 1790 1
62 1790 -1
43 1791 1
73 1791 -1
43 1792 1
121 1792 -1
43 1793 1
29 1793 -1
43 1794 1
26 1794 -1
43 1795 1
63 1795 -1
43 1796 1
87 1796 -1
43 1797 1
58 1797 -1
45 1798 1
58 1798 -1
45 1799 1
101 1799 -1
45 1800 1
28 1800 -1
45 1801 1
33 1801 -1
45 1802 1
34 1802 -1
45 1803 1
7 1803 -1
45 1804 1
76 1804 -1
45 1805 1
98 1805 -1
45 1806 1
22 1806 -1
45 1807 1
119 1807 -1
45 1808 1
120 1808 -1
45 1809 1
50 1809 -1
45 1810 1
40 1810 -1
45 1811 1
6 1811 -1
45 1812 1
17 1812 -1
45 1813 1
66 1813 -1
45 1814 1
104 1814 -1
45 1815 1
12 1815 -1
45 1816 1
110 1816 -1
45 1817 1
78 1817 -1
48 1818 1
40 1818 -1
48 1819 1
66 1819 -1
48 1820 1
113 1820 -1
48 1821 1
53 1821 -1
48 1822 1
38 1822 -1
48 1823 1
123 1823 -1
48 1824 1
94 1824 -1
48 1825 1
82 1825 -1
48 1826 1
14 1826 -1
48 1827 1
12 1827 -1
48 1828 1
34 1828 -1
48 1829 1
86 1829 -1
48 1830 1
47 1830 -1
48 1831 1
9 1831 -1
48 1832 1
79 1832 -1
48 1833 1
19 1833 -1
48 1834 1
115 1834 -1
48 1835 1
60 1835 -1
48 1836 1
93 1836 -1
48 1837 1
76 1837 -1
48 1838 1
103 1838 -1
48 1839 1
51 1839 -1
48 1840 1
5 1840 -1
48 1841 1
125 1841 -1
58 1842 1
89 1842 -1
58 1843 1
39 1843 -1
58 1844 1
93 1844 -1
58 1845 1
122 1845 -1
59 1846 1
48 1846 -1
59 1847 1
98 1847 -1
59 1848 1
14 1848 -1
59 1849 1
78 1849 -1
59 1850 1
32 1850 -1
59 1851 1
15 1851 -1
59 1852 1
21 1852 -1
59 1853 1
70 1853 -1
59 1854 1
118 1854 -1
59 1855 1
37 1855 -1
59 1856 1
36 1856 -1
59 1857 1
57 1857 -1
59 1858 1
113 1858 -1
59 1859 1
99 1859 -1
59 1860 1
91 1860 -1
59 1861 1
55 1861 -1
65 1862 1
59 1862 -1
65 1863 1
58 1863 -1
65 1864 1
25 1864 -1
65 1865 1
37 1865 -1
65 1866 1
15 1866 -1
65 1867 1
98 1867 -1
65 1868 1
64 1868 -1
65 1869 1
41 1869 -1
65 1870 1
50 1870 -1
65 1871 1
106 1871 -1
65 1872 1
13 1872 -1
65 1873 1
19 1873 -1
71 1874 1
17 1874 -1
71 1875 1
26 1875 -1
71 1876 1
104 1876 -1
71 1877 1
79 1877 -1
71 1878 1
112 1878 -1
72 1879 1
38 1879 -1
72 1880 1
42 1880 -1
72 1881 1
62 1881 -1
72 1882 1
16 1882 -1
72 1883 1
77 1883 -1
72 1884 1
22 1884 -1
72 1885 1
32 1885 -1
72 1886 1
12 1886 -1
72 1887 1
111 1887 -1
72 1888 1
52 1888 -1
72 1889 1
26 1889 -1
72 1890 1
93 1890 -1
72 1891 1
51 1891 -1
72 1892 1
115 1892 -1
72 1893 1
57 1893 -1
72 1894 1
40 1894 -1
72 1895 1
20 1895 -1
72 1896 1
37 1896 -1
72 1897 1
39 1897 -1
72 1898 1
36 1898 -1
72 1899 1
116 1899 -1
72 1900 1
68 1900 -1
72 1901 1
124 1901 -1
72 1902 1
64 1902 -1
72 1903 1
7 1903 -1
72 1904 1
33 1904 -1
72 1905 1
108 1905 -1
72 1906 1
34 1906 -1
72 1907 1
53 1907 -1
72 1908 1
60 1908 -1
75 1909 1
103 1909 -1
75 1910 1
85 1910 -1
75 1911 1
100 1911 -1
75 1912 1
6 1912 -1
75 1913 1
97 1913 -1
75 1914 1
52 1914 -1
75 1915 1
38 1915 -1
75 1916 1
126 1916 -1
75 1917 1
24 1917 -1
75 1918 1
56 1918 -1
75 1919 1
99 1919 -1
75 1920 1
67 1920 -1
75 1921 1
84 1921 -1
75 1922 1
108 1922 -1
75 1923 1
121 1923 -1
75 1924 1
19 1924 -1
75 1925 1
9 1925 -1
75 1926 1
71 1926 -1
75 1927 1
124 1927 -1
75 1928 1
36 1928 -1
75 1929 1
109 1929 -1
75 1930 1
119 1930 -1
75 1931 1
87 1931 -1
75 1932 1
39 1932 -1
75 1933 1
55 1933 -1
75 1934 1
31 1934 -1
75 1935 1
114 1935 -1
75 1936 1
66 1936 -1
75 1937 1
80 1937 -1
89 1938 1
10 1938 -1
89 1939 1
117 1939 -1
89 1940 1
121 1940 -1
89 1941 1
82 1941 -1
89 1942 1
25 1942 -1
89 1943 1
13 1943 -1
89 1944 1
71 1944 -1
89 1945 1
70 1945 -1
89 1946 1
91 1946 -1
89 1947 1
66 1947 -1
89 1948 1
83 1948 -1
89 1949 1
94 1949 -1
89 1950 1
42 1950 -1
89 1951 1
27 1951 -1
89 1952 1
72 1952 -1
89 1953 1
120 1953 -1
89 1954 1
62 1954 -1
89 1955 1
47 1955 -1
103 1956 1
72 1956 -1
103 1957 1
16 1957 -1
105 1958 1
11 1958 -1
105 1959 1
126 1959 -1
105 1960 1
102 1960 -1
105 1961 1
95 1961 -1
105 1962 1
70 1962 -1
105 1963 1
56 1963 -1
105 1964 1
93 1964 -1
105 1965 1
86 1965 -1
105 1966 1
117 1966 -1
105 1967 1
30 1967 -1
105 1968 1
116 1968 -1
105 1969 1
81 1969 -1
105 1970 1
61 1970 -1
105 1971 1
77 1971 -1
105 1972 1
22 1972 -1
105 1973 1
106 1973 -1
105 1974 1
63 1974 -1
105 1975 1
49 1975 -1
105 1976 1
13 1976 -1
110 1977 1
120 1977 -1
110 1978 1
121 1978 -1
110 1979 1
53 1979 -1
110 1980 1
107 1980 -1
110 1981 1
108 1981 -1
110 1982 1
29 1982 -1
110 1983 1
102 1983 -1
110 1984 1
34 1984 -1
110 1985 1
12 1985 -1
110 1986 1
13 1986 -1
110 1987 1
77 1987 -1
112 1988 1
43 1988 -1
112 1989 1
55 1989 -1
112 1990 1
22 1990 -1
112 1991 1
24 1991 -1
112 1992 1
100 1992 -1
112 1993 1
78 1993 -1
112 1994 1
81 1994 -1
112 1995 1
9 1995 -1
112 1996 1
105 1996 -1
112 1997 1
90 1997 -1
112 1998 1
27 1998 -1
112 1999 1
19 1999 -1
112 2000 1
94 2000 -1
