1 1 1
83 1 -1
1 2 1
40 2 -1
1 3 1
72 3 -1
1 4 1
11 4 -1
1 5 1
32 5 -1
1 6 1
77 6 -1
1 7 1
51 7 -1
1 8 1
58 8 -1
1 9 1
37 9 -1
1 10 1
19 10 -1
1 11 1
42 11 -1
1 12 1
69 12 -1
1 13 1
46 13 -1
1 14 1
28 14 -1
1 15 1
70 15 -1
1 16 1
20 16 -1
1 17 1
66 17 -1
1 18 1
13 18 -1
1 19 1
71 19 -1
1 20 1
48 20 -1
1 21 1
49 21 -1
1 22 1
87 22 -1
1 23 1
88 23 -1
1 24 1
75 24 -1
1 25 1
10 25 -1
10 26 1
58 26 -1
10 27 1
73 27 -1
10 28 1
52 28 -1
10 29 1
36 29 -1
10 30 1
35 30 -1
10 31 1
61 31 -1
10 32 1
11 32 -1
10 33 1
33 33 -1
10 34 1
82 34 -1
10 35 1
51 35 -1
10 36 1
31 36 -1
10 37 1
25 37 -1
10 38 1
62 38 -1
10 39 1
75 39 -1
10 40 1
68 40 -1
10 41 1
79 41 -1
10 42 1
32 42 -1
10 43 1
78 43 -1
10 44 1
38 44 -1
10 45 1
48 45 -1
10 46 1
83 46 -1
10 47 1
64 47 -1
10 48 1
54 48 -1
10 49 1
72 49 -1
10 50 1
24 50 -1
10 51 1
55 51 -1
10 52 1
77 52 -1
10 53 1
50 53 -1
10 54 1
60 54 -1
10 55 1
13 55 -1
10 56 1
81 56 -1
20 57 1
34 57 -1
20 58 1
38 58 -1
20 59 1
81 59 -1
20 60 1
35 60 -1
20 61 1
50 61 -1
20 62 1
43 62 -1
20 63 1
48 63 -1
20 64 1
76 64 -1
20 65 1
82 65 -1
20 66 1
26 66 -1
20 67 1
71 67 -1
20 68 1
14 68 -1
20 69 1
89 69 -1
20 70 1
60 70 -1
20 71 1
67 71 -1
20 72 1
65 72 -1
20 73 1
31 73 -1
20 74 1
24 74 -1
20 75 1
52 75 -1
20 76 1
72 76 -1
20 77 1
22 77 -1
20 78 1
73 78 -1
20 79 1
41 79 -1
20 80 1
45 80 -1
20 81 1
86 81 -1
24 82 1
32 82 -1
24 83 1
87 83 -1
24 84 1
27 84 -1
24 85 1
42 85 -1
24 86 1
41 86 -1
24 87 1
81 87 -1
24 88 1
83 88 -1
24 89 1
16 89 -1
24 90 1
44 90 -1
24 91 1
23 91 -1
24 92 1
80 92 -1
24 93 1
82 93 -1
24 94 1
36 94 -1
24 95 1
61 95 -1
24 96 1
50 96 -1
24 97 1
57 97 -1
24 98 1
54 98 -1
24 99 1
19 99 -1
24 100 1
9 100 -1
24 101 1
14 101 -1
24 102 1
10 102 -1
24 103 1
75 103 -1
24 104 1
39 104 -1
24 105 1
55 105 -1
24 106 1
22 106 -1
24 107 1
52 107 -1
24 108 1
68 108 -1
24 109 1
47 109 -1
24 110 1
86 110 -1
24 111 1
67 111 -1
24 112 1
63 112 -1
24 113 1
64 113 -1
24 114 1
13 114 -1
24 115 1
65 115 -1
24 116 1
38 116 -1
24 117 1
76 117 -1
24 118 1
29 118 -1
24 119 1
70 119 -1
24 120 1
33 120 -1
24 121 1
17 121 -1
24 122 1
20 122 -1
24 123 1
88 123 -1
24 124 1
49 124 -1
24 125 1
31 125 -1
24 126 1
35 126 -1
24 127 1
26 127 -1
32 128 1
86 128 -1
32 129 1
73 129 -1
32 130 1
56 130 -1
32 131 1
80 131 -1
32 132 1
89 132 -1
32 133 1
13 133 -1
32 134 1
31 134 -1
32 135 1
26 135 -1
32 136 1
58 136 -1
32 137 1
50 137 -1
32 138 1
12 138 -1
32 139 1
66 139 -1
32 140 1
72 140 -1
34 141 1
24 141 -1
34 142 1
28 142 -1
34 143 1
63 143 -1
34 144 1
33 144 -1
34 145 1
53 145 -1
34 146 1
61 146 -1
34 147 1
89 147 -1
34 148 1
35 148 -1
34 149 1
10 149 -1
34 150 1
30 150 -1
34 151 1
9 151 -1
34 152 1
62 152 -1
34 153 1
84 153 -1
34 154 1
47 154 -1
34 155 1
55 155 -1
34 156 1
48 156 -1
34 157 1
80 157 -1
34 158 1
23 158 -1
34 159 1
75 159 -1
34 160 1
88 160 -1
34 161 1
81 161 -1
34 162 1
29 162 -1
34 163 1
73 163 -1
34 164 1
66 164 -1
34 165 1
32 165 -1
43 166 1
10 166 -1
43 167 1
64 167 -1
43 168 1
16 168 -1
43 169 1
63 169 -1
43 170 1
79 170 -1
43 171 1
83 171 -1
43 172 1
72 172 -1
43 173 1
76 173 -1
43 174 1
60 174 -1
43 175 1
69 175 -1
43 176 1
14 176 -1
43 177 1
86 177 -1
43 178 1
53 178 -1
43 179 1
80 179 -1
43 180 1
85 180 -1
43 181 1
78 181 -1
43 182 1
18 182 -1
43 183 1
49 183 -1
43 184 1
89 184 -1
43 185 1
31 185 -1
43 186 1
71 186 -1
43 187 1
22 187 -1
43 188 1
81 188 -1
43 189 1
77 189 -1
43 190 1
73 190 -1
43 191 1
28 191 -1
48 192 1
52 192 -1
48 193 1
24 193 -1
48 194 1
85 194 -1
48 195 1
84 195 -1
48 196 1
47 196 -1
48 197 1
28 197 -1
48 198 1
73 198 -1
48 199 1
17 199 -1
48 200 1
36 200 -1
48 201 1
55 201 -1
48 202 1
71 202 -1
48 203 1
62 203 -1
48 204 1
19 204 -1
48 205 1
29 205 -1
48 206 1
21 206 -1
48 207 1
86 207 -1
48 208 1
67 208 -1
48 209 1
49 209 -1
48 210 1
38 210 -1
48 211 1
35 211 -1
52 212 1
43 212 -1
52 213 1
85 213 -1
52 214 1
22 214 -1
52 215 1
59 215 -1
52 216 1
14 216 -1
52 217 1
81 217 -1
52 218 1
21 218 -1
52 219 1
37 219 -1
52 220 1
62 220 -1
52 221 1
60 221 -1
52 222 1
36 222 -1
52 223 1
68 223 -1
52 224 1
16 224 -1
52 225 1
44 225 -1
52 226 1
46 226 -1
52 227 1
75 227 -1
52 228 1
38 228 -1
52 229 1
13 229 -1
52 230 1
33 230 -1
52 231 1
41 231 -1
58 232 1
20 232 -1
58 233 1
32 233 -1
58 234 1
79 234 -1
58 235 1
36 235 -1
58 236 1
59 236 -1
58 237 1
88 237 -1
58 238 1
84 238 -1
58 239 1
49 239 -1
58 240 1
53 240 -1
58 241 1
12 241 -1
58 242 1
15 242 -1
58 243 1
9 243 -1
58 244 1
86 244 -1
58 245 1
43 245 -1
58 246 1
64 246 -1
58 247 1
31 247 -1
58 248 1
67 248 -1
58 249 1
11 249 -1
58 250 1
48 250 -1
58 251 1
55 251 -1
58 252 1
23 252 -1
58 253 1
26 253 -1
58 254 1
65 254 -1
58 255 1
16 255 -1
58 256 1
83 256 -1
58 257 1
70 257 -1
58 258 1
38 258 -1
58 259 1
66 259 -1
58 260 1
87 260 -1
58 261 1
18 261 -1
58 262 1
74 262 -1
58 263 1
10 263 -1
58 264 1
28 264 -1
58 265 1
52 265 -1
58 266 1
46 266 -1
58 267 1
85 267 -1
58 268 1
57 268 -1
58 269 1
33 269 -1
58 270 1
47 270 -1
58 271 1
39 271 -1
58 272 1
44 272 -1
58 273 1
19 273 -1
58 274 1
77 274 -1
58 275 1
13 275 -1
58 276 1
61 276 -1
83 277 1
48 277 -1
83 278 1
86 278 -1
83 279 1
25 279 -1
83 280 1
69 280 -1
83 281 1
10 281 -1
83 282 1
45 282 -1
83 283 1
68 283 -1
83 284 1
30 284 -1
83 285 1
37 285 -1
83 286 1
18 286 -1
83 287 1
61 287 -1
83 288 1
41 288 -1
83 289 1
44 289 -1
83 290 1
54 290 -1
83 291 1
80 291 -1
83 292 1
51 292 -1
83 293 1
75 293 -1
83 294 1
62 294 -1
83 295 1
76 295 -1
83 296 1
74 296 -1
83 297 1
47 297 -1
83 298 1
40 298 -1
83 299 1
65 299 -1
83 300 1
9 300 -1
83 301 1
20 301 -1
83 302 1
63 302 -1
83 303 1
55 303 -1
83 304 1
87 304 -1
83 305 1
22 305 -1
83 306 1
35 306 -1
83 307 1
58 307 -1
83 308 1
73 308 -1
83 309 1
15 309 -1
83 310 1
16 310 -1
83 311 1
81 311 -1
83 312 1
26 312 -1
83 313 1
85 313 -1
83 314 1
67 314 -1
83 315 1
29 315 -1
83 316 1
34 316 -1
83 317 1
28 317 -1
2 318 1
45 318 -1
2 319 1
53 319 -1
2 320 1
13 320 -1
2 321 1
72 321 -1
2 322 1
86 322 -1
2 323 1
56 323 -1
2 324 1
51 324 -1
2 325 1
37 325 -1
2 326 1
26 326 -1
2 327 1
85 327 -1
2 328 1
14 328 -1
2 329 1
52 329 -1
2 330 1
38 330 -1
2 331 1
36 331 -1
2 332 1
50 332 -1
2 333 1
46 333 -1
2 334 1
69 334 -1
2 335 1
22 335 -1
2 336 1
58 336 -1
2 337 1
68 337 -1
2 338 1
55 338 -1
2 339 1
9 339 -1
2 340 1
12 340 -1
2 341 1
23 341 -1
2 342 1
61 342 -1
2 343 1
10 343 -1
29 344 1
85 344 -1
29 345 1
65 345 -1
29 346 1
73 346 -1
29 347 1
23 347 -1
29 348 1
22 348 -1
29 349 1
86 349 -1
29 350 1
60 350 -1
29 351 1
45 351 -1
29 352 1
27 352 -1
29 353 1
81 353 -1
44 354 1
66 354 -1
44 355 1
84 355 -1
44 356 1
33 356 -1
44 357 1
47 357 -1
44 358 1
51 358 -1
44 359 1
86 359 -1
44 360 1
20 360 -1
44 361 1
31 361 -1
44 362 1
42 362 -1
44 363 1
85 363 -1
44 364 1
60 364 -1
44 365 1
71 365 -1
44 366 1
87 366 -1
44 367 1
19 367 -1
44 368 1
50 368 -1
44 369 1
56 369 -1
44 370 1
73 370 -1
44 371 1
23 371 -1
44 372 1
26 372 -1
44 373 1
45 373 -1
44 374 1
68 374 -1
44 375 1
16 375 -1
44 376 1
72 376 -1
44 377 1
58 377 -1
45 378 1
89 378 -1
45 379 1
29 379 -1
45 380 1
48 380 -1
45 381 1
84 381 -1
45 382 1
85 382 -1
45 383 1
18 383 -1
45 384 1
67 384 -1
51 385 1
53 385 -1
51 386 1
52 386 -1
51 387 1
87 387 -1
51 388 1
28 388 -1
51 389 1
24 389 -1
53 390 1
44 390 -1
53 391 1
20 391 -1
53 392 1
18 392 -1
53 393 1
13 393 -1
53 394 1
64 394 -1
53 395 1
58 395 -1
53 396 1
49 396 -1
53 397 1
35 397 -1
53 398 1
9 398 -1
53 399 1
70 399 -1
53 400 1
88 400 -1
53 401 1
34 401 -1
53 402 1
59 402 -1
53 403 1
54 403 -1
53 404 1
65 404 -1
53 405 1
78 405 -1
53 406 1
10 406 -1
53 407 1
26 407 -1
53 408 1
30 408 -1
53 409 1
82 409 -1
53 410 1
23 410 -1
57 411 1
87 411 -1
57 412 1
59 412 -1
57 413 1
62 413 -1
57 414 1
42 414 -1
57 415 1
51 415 -1
57 416 1
12 416 -1
57 417 1
45 417 -1
57 418 1
78 418 -1
57 419 1
56 419 -1
57 420 1
34 420 -1
66 421 1
57 421 -1
66 422 1
29 422 -1
66 423 1
67 423 -1
66 424 1
38 424 -1
66 425 1
64 425 -1
66 426 1
36 426 -1
66 427 1
74 427 -1
66 428 1
83 428 -1
66 429 1
80 429 -1
66 430 1
42 430 -1
66 431 1
37 431 -1
66 432 1
46 432 -1
66 433 1
51 433 -1
66 434 1
33 434 -1
66 435 1
10 435 -1
66 436 1
43 436 -1
66 437 1
50 437 -1
66 438 1
86 438 -1
66 439 1
53 439 -1
66 440 1
81 440 -1
66 441 1
75 441 -1
66 442 1
27 442 -1
85 443 1
51 443 -1
85 444 1
27 444 -1
85 445 1
37 445 -1
85 446 1
68 446 -1
85 447 1
74 447 -1
85 448 1
31 448 -1
85 449 1
41 449 -1
85 450 1
22 450 -1
85 451 1
59 451 -1
85 452 1
75 452 -1
85 453 1
23 453 -1
85 454 1
13 454 -1
85 455 1
28 455 -1
85 456 1
80 456 -1
85 457 1
70 457 -1
85 458 1
88 458 -1
85 459 1
29 459 -1
85 460 1
20 460 -1
85 461 1
33 461 -1
3 462 1
35 462 -1
3 463 1
80 463 -1
3 464 1
17 464 -1
3 465 1
20 465 -1
3 466 1
39 466 -1
3 467 1
63 467 -1
3 468 1
76 468 -1
3 469 1
75 469 -1
3 470 1
15 470 -1
3 471 1
41 471 -1
3 472 1
28 472 -1
3 473 1
87 473 -1
3 474 1
23 474 -1
3 475 1
30 475 -1
3 476 1
55 476 -1
3 477 1
24 477 -1
11 478 1
47 478 -1
11 479 1
12 479 -1
11 480 1
34 480 -1
11 481 1
36 481 -1
11 482 1
33 482 -1
11 483 1
60 483 -1
11 484 1
65 484 -1
11 485 1
53 485 -1
11 486 1
15 486 -1
11 487 1
69 487 -1
11 488 1
89 488 -1
11 489 1
70 489 -1
11 490 1
55 490 -1
11 491 1
63 491 -1
11 492 1
78 492 -1
25 493 1
79 493 -1
25 494 1
22 494 -1
25 495 1
86 495 -1
25 496 1
60 496 -1
25 497 1
36 497 -1
25 498 1
82 498 -1
25 499 1
64 499 -1
25 500 1
47 500 -1
25 501 1
66 501 -1
25 502 1
24 502 -1
25 503 1
71 503 -1
25 504 1
81 504 -1
25 505 1
70 505 -1
25 506 1
78 506 -1
25 507 1
68 507 -1
25 508 1
33 508 -1
25 509 1
63 509 -1
28 510 1
25 510 -1
28 511 1
65 511 -1
28 512 1
17 512 -1
28 513 1
38 513 -1
28 514 1
84 514 -1
28 515 1
18 515 -1
28 516 1
76 516 -1
28 517 1
21 517 -1
28 518 1
52 518 -1
28 519 1
19 519 -1
28 520 1
33 520 -1
28 521 1
20 521 -1
28 522 1
48 522 -1
28 523 1
66 523 -1
28 524 1
73 524 -1
28 525 1
80 525 -1
28 526 1
63 526 -1
28 527 1
78 527 -1
28 528 1
75 528 -1
28 529 1
23 529 -1
28 530 1
9 530 -1
28 531 1
57 531 -1
28 532 1
77 532 -1
28 533 1
34 533 -1
28 534 1
67 534 -1
28 535 1
53 535 -1
28 536 1
70 536 -1
28 537 1
11 537 -1
28 538 1
62 538 -1
28 539 1
30 539 -1
28 540 1
72 540 -1
28 541 1
12 541 -1
28 542 1
26 542 -1
28 543 1
31 543 -1
28 544 1
56 544 -1
28 545 1
64 545 -1
28 546 1
35 546 -1
28 547 1
88 547 -1
28 548 1
16 548 -1
28 549 1
37 549 -1
28 550 1
43 550 -1
28 551 1
46 551 -1
28 552 1
36 552 -1
35 553 1
11 553 -1
35 554 1
24 554 -1
35 555 1
48 555 -1
35 556 1
74 556 -1
35 557 1
51 557 -1
35 558 1
19 558 -1
35 559 1
54 559 -1
37 560 1
28 560 -1
37 561 1
17 561 -1
37 562 1
66 562 -1
37 563 1
85 563 -1
37 564 1
65 564 -1
37 565 1
58 565 -1
37 566 1
83 566 -1
37 567 1
25 567 -1
37 568 1
48 568 -1
37 569 1
80 569 -1
37 570 1
16 570 -1
37 571 1
40 571 -1
37 572 1
38 572 -1
37 573 1
49 573 -1
37 574 1
30 574 -1
47 575 1
37 575 -1
47 576 1
86 576 -1
47 577 1
13 577 -1
47 578 1
12 578 -1
47 579 1
45 579 -1
47 580 1
21 580 -1
47 581 1
70 581 -1
47 582 1
85 582 -1
47 583 1
77 583 -1
47 584 1
16 584 -1
47 585 1
83 585 -1
47 586 1
33 586 -1
47 587 1
20 587 -1
47 588 1
19 588 -1
47 589 1
32 589 -1
47 590 1
44 590 -1
47 591 1
24 591 -1
47 592 1
46 592 -1
47 593 1
26 593 -1
47 594 1
75 594 -1
47 595 1
57 595 -1
47 596 1
54 596 -1
47 597 1
76 597 -1
47 598 1
25 598 -1
47 599 1
31 599 -1
47 600 1
79 600 -1
47 601 1
67 601 -1
47 602 1
80 602 -1
47 603 1
49 603 -1
47 604 1
65 604 -1
47 605 1
82 605 -1
47 606 1
42 606 -1
47 607 1
78 607 -1
47 608 1
66 608 -1
65 609 1
89 609 -1
65 610 1
59 610 -1
65 611 1
50 611 -1
65 612 1
23 612 -1
65 613 1
37 613 -1
65 614 1
60 614 -1
65 615 1
36 615 -1
65 616 1
22 616 -1
65 617 1
67 617 -1
65 618 1
55 618 -1
65 619 1
56 619 -1
65 620 1
47 620 -1
65 621 1
34 621 -1
65 622 1
76 622 -1
65 623 1
81 623 -1
65 624 1
15 624 -1
65 625 1
82 625 -1
65 626 1
33 626 -1
65 627 1
27 627 -1
65 628 1
61 628 -1
65 629 1
69 629 -1
65 630 1
87 630 -1
65 631 1
28 631 -1
65 632 1
86 632 -1
65 633 1
20 633 -1
65 634 1
38 634 -1
65 635 1
74 635 -1
70 636 1
65 636 -1
70 637 1
29 637 -1
70 638 1
73 638 -1
70 639 1
38 639 -1
70 640 1
40 640 -1
70 641 1
13 641 -1
70 642 1
67 642 -1
70 643 1
26 643 -1
70 644 1
55 644 -1
70 645 1
37 645 -1
70 646 1
76 646 -1
70 647 1
89 647 -1
70 648 1
33 648 -1
70 649 1
85 649 -1
70 650 1
72 650 -1
70 651 1
60 651 -1
70 652 1
16 652 -1
70 653 1
18 653 -1
70 654 1
71 654 -1
70 655 1
84 655 -1
70 656 1
19 656 -1
70 657 1
42 657 -1
70 658 1
32 658 -1
70 659 1
88 659 -1
70 660 1
27 660 -1
70 661 1
45 661 -1
70 662 1
23 662 -1
70 663 1
50 663 -1
70 664 1
61 664 -1
70 665 1
68 665 -1
70 666 1
25 666 -1
70 667 1
64 667 -1
70 668 1
69 668 -1
70 669 1
30 669 -1
70 670 1
48 670 -1
70 671 1
57 671 -1
70 672 1
82 672 -1
70 673 1
36 673 -1
79 674 1
70 674 -1
79 675 1
51 675 -1
79 676 1
71 676 -1
79 677 1
67 677 -1
79 678 1
15 678 -1
79 679 1
65 679 -1
79 680 1
89 680 -1
79 681 1
52 681 -1
4 682 1
75 682 -1
4 683 1
35 683 -1
4 684 1
85 684 -1
4 685 1
15 685 -1
4 686 1
9 686 -1
4 687 1
87 687 -1
4 688 1
28 688 -1
4 689 1
68 689 -1
4 690 1
36 690 -1
4 691 1
38 691 -1
4 692 1
48 692 -1
4 693 1
24 693 -1
4 694 1
14 694 -1
4 695 1
60 695 -1
4 696 1
82 696 -1
4 697 1
46 697 -1
4 698 1
56 698 -1
4 699 1
74 699 -1
4 700 1
79 700 -1
4 701 1
37 701 -1
4 702 1
16 702 -1
4 703 1
25 703 -1
4 704 1
18 704 -1
4 705 1
66 705 -1
4 706 1
32 706 -1
4 707 1
42 707 -1
4 708 1
12 708 -1
4 709 1
29 709 -1
4 710 1
26 710 -1
4 711 1
53 711 -1
4 712 1
88 712 -1
4 713 1
78 713 -1
4 714 1
72 714 -1
4 715 1
43 715 -1
4 716 1
80 716 -1
4 717 1
11 717 -1
4 718 1
39 718 -1
4 719 1
84 719 -1
4 720 1
17 720 -1
13 721 1
86 721 -1
13 722 1
82 722 -1
13 723 1
72 723 -1
13 724 1
52 724 -1
13 725 1
55 725 -1
13 726 1
70 726 -1
13 727 1
61 727 -1
13 728 1
59 728 -1
13 729 1
58 729 -1
13 730 1
18 730 -1
13 731 1
32 731 -1
13 732 1
65 732 -1
13 733 1
28 733 -1
13 734 1
45 734 -1
13 735 1
63 735 -1
13 736 1
26 736 -1
17 737 1
71 737 -1
17 738 1
23 738 -1
17 739 1
84 739 -1
17 740 1
73 740 -1
17 741 1
51 741 -1
17 742 1
11 742 -1
17 743 1
42 743 -1
17 744 1
43 744 -1
17 745 1
80 745 -1
17 746 1
28 746 -1
17 747 1
44 747 -1
17 748 1
45 748 -1
17 749 1
52 749 -1
17 750 1
79 750 -1
17 751 1
53 751 -1
17 752 1
40 752 -1
17 753 1
36 753 -1
17 754 1
70 754 -1
17 755 1
22 755 -1
17 756 1
86 756 -1
36 757 1
77 757 -1
36 758 1
19 758 -1
36 759 1
24 759 -1
36 760 1
11 760 -1
36 761 1
31 761 -1
36 762 1
67 762 -1
36 763 1
64 763 -1
36 764 1
50 764 -1
36 765 1
51 765 -1
36 766 1
57 766 -1
36 767 1
9 767 -1
36 768 1
62 768 -1
36 769 1
89 769 -1
36 770 1
49 770 -1
36 771 1
28 771 -1
36 772 1
82 772 -1
36 773 1
65 773 -1
36 774 1
30 774 -1
36 775 1
14 775 -1
36 776 1
38 776 -1
36 777 1
13 777 -1
36 778 1
29 778 -1
36 779 1
26 779 -1
36 780 1
74 780 -1
36 781 1
27 781 -1
36 782 1
25 782 -1
36 783 1
42 783 -1
36 784 1
61 784 -1
36 785 1
83 785 -1
36 786 1
12 786 -1
36 787 1
87 787 -1
36 788 1
53 788 -1
36 789 1
76 789 -1
36 790 1
69 790 -1
36 791 1
72 791 -1
36 792 1
81 792 -1
36 793 1
84 793 -1
36 794 1
68 794 -1
36 795 1
66 795 -1
36 796 1
46 796 -1
36 797 1
35 797 -1
36 798 1
78 798 -1
36 799 1
58 799 -1
36 800 1
44 800 -1
36 801 1
75 801 -1
38 802 1
39 802 -1
38 803 1
77 803 -1
38 804 1
81 804 -1
38 805 1
70 805 -1
38 806 1
48 806 -1
38 807 1
89 807 -1
38 808 1
23 808 -1
38 809 1
25 809 -1
38 810 1
84 810 -1
38 811 1
55 811 -1
38 812 1
57 812 -1
38 813 1
50 813 -1
38 814 1
88 814 -1
38 815 1
34 815 -1
38 816 1
43 816 -1
38 817 1
15 817 -1
38 818 1
46 818 -1
38 819 1
64 819 -1
38 820 1
52 820 -1
38 821 1
65 821 -1
38 822 1
54 822 -1
39 823 1
13 823 -1
39 824 1
18 824 -1
39 825 1
59 825 -1
39 826 1
30 826 -1
39 827 1
11 827 -1
39 828 1
17 828 -1
39 829 1
42 829 -1
39 830 1
34 830 -1
39 831 1
15 831 -1
39 832 1
36 832 -1
49 833 1
50 833 -1
49 834 1
88 834 -1
49 835 1
29 835 -1
49 836 1
39 836 -1
49 837 1
59 837 -1
49 838 1
79 838 -1
49 839 1
46 839 -1
49 840 1
85 840 -1
49 841 1
78 841 -1
49 842 1
58 842 -1
49 843 1
22 843 -1
49 844 1
67 844 -1
49 845 1
26 845 -1
49 846 1
77 846 -1
49 847 1
83 847 -1
49 848 1
52 848 -1
49 849 1
68 849 -1
49 850 1
84 850 -1
49 851 1
55 851 -1
49 852 1
63 852 -1
49 853 1
42 853 -1
49 854 1
38 854 -1
49 855 1
87 855 -1
49 856 1
9 856 -1
49 857 1
10 857 -1
49 858 1
65 858 -1
49 859 1
75 859 -1
49 860 1
82 860 -1
49 861 1
18 861 -1
49 862 1
81 862 -1
49 863 1
23 863 -1
49 864 1
66 864 -1
49 865 1
71 865 -1
49 866 1
27 866 -1
49 867 1
13 867 -1
49 868 1
15 868 -1
49 869 1
54 869 -1
49 870 1
28 870 -1
49 871 1
30 871 -1
49 872 1
47 872 -1
50 873 1
89 873 -1
50 874 1
17 874 -1
50 875 1
33 875 -1
50 876 1
21 876 -1
50 877 1
13 877 -1
50 878 1
47 878 -1
50 879 1
85 879 -1
50 880 1
65 880 -1
50 881 1
75 881 -1
50 882 1
27 882 -1
50 883 1
88 883 -1
50 884 1
84 884 -1
50 885 1
16 885 -1
50 886 1
45 886 -1
50 887 1
22 887 -1
50 888 1
59 888 -1
50 889 1
32 889 -1
50 890 1
43 890 -1
50 891 1
12 891 -1
50 892 1
79 892 -1
50 893 1
86 893 -1
50 894 1
25 894 -1
50 895 1
72 895 -1
50 896 1
36 896 -1
50 897 1
77 897 -1
50 898 1
56 898 -1
50 899 1
49 899 -1
50 900 1
46 900 -1
50 901 1
63 901 -1
50 902 1
62 902 -1
50 903 1
30 903 -1
50 904 1
67 904 -1
50 905 1
41 905 -1
71 906 1
38 906 -1
71 907 1
39 907 -1
71 908 1
64 908 -1
71 909 1
41 909 -1
71 910 1
66 910 -1
71 911 1
69 911 -1
71 912 1
62 912 -1
71 913 1
73 913 -1
71 914 1
74 914 -1
71 915 1
82 915 -1
71 916 1
67 916 -1
71 917 1
70 917 -1
75 918 1
36 918 -1
75 919 1
54 919 -1
77 920 1
49 920 -1
77 921 1
60 921 -1
77 922 1
35 922 -1
77 923 1
18 923 -1
77 924 1
46 924 -1
77 925 1
58 925 -1
77 926 1
85 926 -1
77 927 1
9 927 -1
77 928 1
82 928 -1
77 929 1
86 929 -1
77 930 1
48 930 -1
77 931 1
54 931 -1
77 932 1
80 932 -1
77 933 1
34 933 -1
77 934 1
59 934 -1
77 935 1
61 935 -1
77 936 1
17 936 -1
5 937 1
68 937 -1
5 938 1
28 938 -1
5 939 1
20 939 -1
5 940 1
17 940 -1
5 941 1
71 941 -1
5 942 1
72 942 -1
5 943 1
66 943 -1
5 944 1
38 944 -1
9 945 1
15 945 -1
9 946 1
53 946 -1
9 947 1
86 947 -1
9 948 1
57 948 -1
9 949 1
45 949 -1
9 950 1
26 950 -1
9 951 1
70 951 -1
9 952 1
23 952 -1
9 953 1
54 953 -1
9 954 1
13 954 -1
9 955 1
85 955 -1
9 956 1
52 956 -1
9 957 1
11 957 -1
9 958 1
81 958 -1
9 959 1
58 959 -1
9 960 1
50 960 -1
9 961 1
67 961 -1
9 962 1
36 962 -1
9 963 1
44 963 -1
9 964 1
18 964 -1
9 965 1
41 965 -1
9 966 1
17 966 -1
9 967 1
64 967 -1
15 968 1
76 968 -1
15 969 1
86 969 -1
15 970 1
9 970 -1
15 971 1
84 971 -1
15 972 1
78 972 -1
15 973 1
29 973 -1
15 974 1
27 974 -1
15 975 1
16 975 -1
18 976 1
22 976 -1
18 977 1
36 977 -1
18 978 1
82 978 -1
18 979 1
25 979 -1
18 980 1
61 980 -1
18 981 1
54 981 -1
18 982 1
41 982 -1
18 983 1
76 983 -1
18 984 1
24 984 -1
18 985 1
49 985 -1
18 986 1
45 986 -1
18 987 1
85 987 -1
18 988 1
80 988 -1
18 989 1
28 989 -1
18 990 1
73 990 -1
22 991 1
33 991 -1
22 992 1
21 992 -1
22 993 1
30 993 -1
22 994 1
89 994 -1
22 995 1
73 995 -1
22 996 1
72 996 -1
22 997 1
10 997 -1
22 998 1
46 998 -1
22 999 1
13 999 -1
22 1000 1
25 1000 -1
22 1001 1
69 1001 -1
22 1002 1
68 1002 -1
22 1003 1
62 1003 -1
22 1004 1
14 1004 -1
22 1005 1
15 1005 -1
22 1006 1
55 1006 -1
22 1007 1
37 1007 -1
22 1008 1
42 1008 -1
22 1009 1
81 1009 -1
22 1010 1
51 1010 -1
22 1011 1
38 1011 -1
22 1012 1
53 1012 -1
22 1013 1
56 1013 -1
22 1014 1
79 1014 -1
22 1015 1
86 1015 -1
22 1016 1
48 1016 -1
22 1017 1
57 1017 -1
22 1018 1
71 1018 -1
22 1019 1
16 1019 -1
22 1020 1
32 1020 -1
22 1021 1
26 1021 -1
22 1022 1
66 1022 -1
22 1023 1
70 1023 -1
22 1024 1
20 1024 -1
22 1025 1
59 1025 -1
22 1026 1
82 1026 -1
22 1027 1
24 1027 -1
22 1028 1
58 1028 -1
22 1029 1
50 1029 -1
22 1030 1
27 1030 -1
22 1031 1
65 1031 -1
22 1032 1
45 1032 -1
22 1033 1
44 1033 -1
27 1034 1
73 1034 -1
27 1035 1
54 1035 -1
27 1036 1
50 1036 -1
27 1037 1
23 1037 -1
27 1038 1
33 1038 -1
27 1039 1
71 1039 -1
27 1040 1
28 1040 -1
27 1041 1
43 1041 -1
27 1042 1
30 1042 -1
27 1043 1
44 1043 -1
27 1044 1
66 1044 -1
27 1045 1
31 1045 -1
27 1046 1
25 1046 -1
27 1047 1
24 1047 -1
27 1048 1
81 1048 -1
27 1049 1
64 1049 -1
33 1050 1
59 1050 -1
33 1051 1
58 1051 -1
33 1052 1
37 1052 -1
33 1053 1
70 1053 -1
33 1054 1
89 1054 -1
33 1055 1
86 1055 -1
33 1056 1
49 1056 -1
33 1057 1
83 1057 -1
33 1058 1
15 1058 -1
33 1059 1
47 1059 -1
33 1060 1
38 1060 -1
33 1061 1
45 1061 -1
33 1062 1
30 1062 -1
33 1063 1
65 1063 -1
33 1064 1
50 1064 -1
33 1065 1
13 1065 -1
33 1066 1
62 1066 -1
33 1067 1
78 1067 -1
33 1068 1
87 1068 -1
33 1069 1
69 1069 -1
33 1070 1
31 1070 -1
33 1071 1
29 1071 -1
33 1072 1
81 1072 -1
33 1073 1
61 1073 -1
33 1074 1
71 1074 -1
33 1075 1
73 1075 -1
33 1076 1
68 1076 -1
33 1077 1
63 1077 -1
33 1078 1
88 1078 -1
33 1079 1
42 1079 -1
33 1080 1
11 1080 -1
33 1081 1
39 1081 -1
33 1082 1
18 1082 -1
33 1083 1
36 1083 -1
33 1084 1
25 1084 -1
59 1085 1
9 1085 -1
59 1086 1
63 1086 -1
59 1087 1
62 1087 -1
59 1088 1
22 1088 -1
59 1089 1
87 1089 -1
59 1090 1
33 1090 -1
59 1091 1
75 1091 -1
59 1092 1
48 1092 -1
59 1093 1
76 1093 -1
59 1094 1
70 1094 -1
59 1095 1
14 1095 -1
59 1096 1
32 1096 -1
59 1097 1
40 1097 -1
59 1098 1
38 1098 -1
59 1099 1
44 1099 -1
59 1100 1
68 1100 -1
59 1101 1
83 1101 -1
59 1102 1
85 1102 -1
59 1103 1
18 1103 -1
59 1104 1
42 1104 -1
59 1105 1
55 1105 -1
59 1106 1
71 1106 -1
59 1107 1
69 1107 -1
59 1108 1
47 1108 -1
59 1109 1
34 1109 -1
59 1110 1
56 1110 -1
59 1111 1
52 1111 -1
59 1112 1
23 1112 -1
59 1113 1
17 1113 -1
63 1114 1
86 1114 -1
63 1115 1
87 1115 -1
63 1116 1
53 1116 -1
63 1117 1
60 1117 -1
63 1118 1
29 1118 -1
63 1119 1
30 1119 -1
63 1120 1
31 1120 -1
63 1121 1
84 1121 -1
63 1122 1
40 1122 -1
63 1123 1
15 1123 -1
63 1124 1
48 1124 -1
63 1125 1
61 1125 -1
63 1126 1
46 1126 -1
63 1127 1
45 1127 -1
63 1128 1
49 1128 -1
63 1129 1
80 1129 -1
63 1130 1
25 1130 -1
63 1131 1
77 1131 -1
68 1132 1
27 1132 -1
68 1133 1
66 1133 -1
68 1134 1
67 1134 -1
68 1135 1
17 1135 -1
68 1136 1
70 1136 -1
68 1137 1
43 1137 -1
68 1138 1
54 1138 -1
68 1139 1
56 1139 -1
68 1140 1
44 1140 -1
68 1141 1
88 1141 -1
68 1142 1
32 1142 -1
68 1143 1
80 1143 -1
68 1144 1
36 1144 -1
68 1145 1
29 1145 -1
68 1146 1
28 1146 -1
68 1147 1
35 1147 -1
68 1148 1
53 1148 -1
68 1149 1
64 1149 -1
68 1150 1
39 1150 -1
68 1151 1
78 1151 -1
68 1152 1
89 1152 -1
68 1153 1
57 1153 -1
73 1154 1
18 1154 -1
73 1155 1
78 1155 -1
73 1156 1
32 1156 -1
73 1157 1
58 1157 -1
73 1158 1
46 1158 -1
73 1159 1
45 1159 -1
73 1160 1
54 1160 -1
76 1161 1
63 1161 -1
76 1162 1
88 1162 -1
76 1163 1
20 1163 -1
76 1164 1
72 1164 -1
76 1165 1
28 1165 -1
76 1166 1
50 1166 -1
76 1167 1
38 1167 -1
76 1168 1
67 1168 -1
76 1169 1
27 1169 -1
76 1170 1
86 1170 -1
76 1171 1
11 1171 -1
76 1172 1
58 1172 -1
76 1173 1
36 1173 -1
76 1174 1
41 1174 -1
76 1175 1
83 1175 -1
76 1176 1
17 1176 -1
76 1177 1
65 1177 -1
76 1178 1
66 1178 -1
76 1179 1
79 1179 -1
76 1180 1
57 1180 -1
76 1181 1
40 1181 -1
76 1182 1
33 1182 -1
76 1183 1
89 1183 -1
76 1184 1
74 1184 -1
76 1185 1
24 1185 -1
6 1186 1
82 1186 -1
6 1187 1
27 1187 -1
6 1188 1
14 1188 -1
6 1189 1
26 1189 -1
6 1190 1
30 1190 -1
6 1191 1
80 1191 -1
6 1192 1
18 1192 -1
6 1193 1
85 1193 -1
6 1194 1
45 1194 -1
6 1195 1
12 1195 -1
6 1196 1
48 1196 -1
6 1197 1
9 1197 -1
6 1198 1
74 1198 -1
6 1199 1
78 1199 -1
6 1200 1
63 1200 -1
6 1201 1
60 1201 -1
6 1202 1
19 1202 -1
6 1203 1
75 1203 -1
6 1204 1
20 1204 -1
6 1205 1
83 1205 -1
6 1206 1
36 1206 -1
6 1207 1
37 1207 -1
6 1208 1
17 1208 -1
6 1209 1
57 1209 -1
6 1210 1
33 1210 -1
6 1211 1
64 1211 -1
6 1212 1
40 1212 -1
6 1213 1
81 1213 -1
6 1214 1
46 1214 -1
6 1215 1
67 1215 -1
6 1216 1
55 1216 -1
6 1217 1
47 1217 -1
6 1218 1
38 1218 -1
6 1219 1
35 1219 -1
6 1220 1
28 1220 -1
6 1221 1
62 1221 -1
6 1222 1
42 1222 -1
6 1223 1
65 1223 -1
6 1224 1
88 1224 -1
26 1225 1
87 1225 -1
26 1226 1
69 1226 -1
26 1227 1
73 1227 -1
26 1228 1
65 1228 -1
26 1229 1
12 1229 -1
26 1230 1
79 1230 -1
26 1231 1
45 1231 -1
26 1232 1
41 1232 -1
26 1233 1
51 1233 -1
26 1234 1
35 1234 -1
26 1235 1
85 1235 -1
26 1236 1
48 1236 -1
26 1237 1
11 1237 -1
26 1238 1
60 1238 -1
26 1239 1
25 1239 -1
26 1240 1
59 1240 -1
26 1241 1
66 1241 -1
26 1242 1
81 1242 -1
26 1243 1
22 1243 -1
26 1244 1
68 1244 -1
26 1245 1
43 1245 -1
26 1246 1
84 1246 -1
26 1247 1
27 1247 -1
26 1248 1
44 1248 -1
26 1249 1
28 1249 -1
26 1250 1
40 1250 -1
26 1251 1
50 1251 -1
26 1252 1
77 1252 -1
26 1253 1
20 1253 -1
26 1254 1
47 1254 -1
26 1255 1
14 1255 -1
26 1256 1
49 1256 -1
26 1257 1
63 1257 -1
26 1258 1
42 1258 -1
26 1259 1
10 1259 -1
26 1260 1
9 1260 -1
26 1261 1
19 1261 -1
26 1262 1
61 1262 -1
26 1263 1
80 1263 -1
26 1264 1
39 1264 -1
26 1265 1
67 1265 -1
26 1266 1
75 1266 -1
26 1267 1
30 1267 -1
26 1268 1
74 1268 -1
26 1269 1
56 1269 -1
26 1270 1
31 1270 -1
30 1271 1
40 1271 -1
30 1272 1
17 1272 -1
30 1273 1
9 1273 -1
30 1274 1
34 1274 -1
30 1275 1
51 1275 -1
30 1276 1
84 1276 -1
30 1277 1
35 1277 -1
30 1278 1
55 1278 -1
30 1279 1
45 1279 -1
30 1280 1
85 1280 -1
40 1281 1
80 1281 -1
40 1282 1
89 1282 -1
40 1283 1
70 1283 -1
40 1284 1
26 1284 -1
40 1285 1
53 1285 -1
40 1286 1
85 1286 -1
40 1287 1
67 1287 -1
40 1288 1
46 1288 -1
40 1289 1
64 1289 -1
40 1290 1
56 1290 -1
40 1291 1
32 1291 -1
40 1292 1
37 1292 -1
40 1293 1
51 1293 -1
40 1294 1
28 1294 -1
40 1295 1
68 1295 -1
40 1296 1
79 1296 -1
40 1297 1
19 1297 -1
40 1298 1
25 1298 -1
40 1299 1
55 1299 -1
40 1300 1
27 1300 -1
40 1301 1
38 1301 -1
40 1302 1
20 1302 -1
40 1303 1
34 1303 -1
40 1304 1
42 1304 -1
40 1305 1
18 1305 -1
40 1306 1
76 1306 -1
40 1307 1
44 1307 -1
40 1308 1
65 1308 -1
40 1309 1
31 1309 -1
40 1310 1
10 1310 -1
40 1311 1
74 1311 -1
40 1312 1
60 1312 -1
40 1313 1
33 1313 -1
40 1314 1
73 1314 -1
40 1315 1
35 1315 -1
40 1316 1
87 1316 -1
40 1317 1
84 1317 -1
40 1318 1
54 1318 -1
40 1319 1
29 1319 -1
40 1320 1
47 1320 -1
40 1321 1
69 1321 -1
40 1322 1
48 1322 -1
40 1323 1
24 1323 -1
40 1324 1
71 1324 -1
40 1325 1
88 1325 -1
40 1326 1
36 1326 -1
40 1327 1
39 1327 -1
41 1328 1
62 1328 -1
41 1329 1
80 1329 -1
41 1330 1
49 1330 -1
41 1331 1
20 1331 -1
41 1332 1
31 1332 -1
41 1333 1
38 1333 -1
41 1334 1
69 1334 -1
41 1335 1
83 1335 -1
41 1336 1
67 1336 -1
41 1337 1
39 1337 -1
41 1338 1
66 1338 -1
41 1339 1
30 1339 -1
41 1340 1
37 1340 -1
41 1341 1
78 1341 -1
41 1342 1
35 1342 -1
41 1343 1
22 1343 -1
41 1344 1
72 1344 -1
41 1345 1
15 1345 -1
42 1346 1
69 1346 -1
42 1347 1
40 1347 -1
42 1348 1
12 1348 -1
42 1349 1
47 1349 -1
42 1350 1
89 1350 -1
42 1351 1
9 1351 -1
42 1352 1
73 1352 -1
42 1353 1
85 1353 -1
42 1354 1
17 1354 -1
42 1355 1
66 1355 -1
42 1356 1
48 1356 -1
42 1357 1
77 1357 -1
42 1358 1
59 1358 -1
42 1359 1
52 1359 -1
42 1360 1
72 1360 -1
55 1361 1
42 1361 -1
55 1362 1
35 1362 -1
55 1363 1
13 1363 -1
55 1364 1
68 1364 -1
55 1365 1
54 1365 -1
55 1366 1
61 1366 -1
55 1367 1
23 1367 -1
55 1368 1
88 1368 -1
55 1369 1
20 1369 -1
55 1370 1
39 1370 -1
55 1371 1
41 1371 -1
56 1372 1
26 1372 -1
56 1373 1
78 1373 -1
56 1374 1
16 1374 -1
56 1375 1
46 1375 -1
56 1376 1
38 1376 -1
56 1377 1
25 1377 -1
56 1378 1
19 1378 -1
56 1379 1
58 1379 -1
56 1380 1
41 1380 -1
56 1381 1
37 1381 -1
56 1382 1
28 1382 -1
56 1383 1
60 1383 -1
56 1384 1
45 1384 -1
56 1385 1
72 1385 -1
56 1386 1
36 1386 -1
56 1387 1
83 1387 -1
56 1388 1
66 1388 -1
56 1389 1
29 1389 -1
56 1390 1
18 1390 -1
56 1391 1
79 1391 -1
56 1392 1
27 1392 -1
56 1393 1
23 1393 -1
56 1394 1
51 1394 -1
56 1395 1
74 1395 -1
56 1396 1
35 1396 -1
56 1397 1
77 1397 -1
56 1398 1
21 1398 -1
56 1399 1
13 1399 -1
56 1400 1
49 1400 -1
56 1401 1
30 1401 -1
56 1402 1
20 1402 -1
56 1403 1
76 1403 -1
56 1404 1
50 1404 -1
56 1405 1
87 1405 -1
56 1406 1
86 1406 -1
56 1407 1
81 1407 -1
56 1408 1
69 1408 -1
56 1409 1
9 1409 -1
56 1410 1
59 1410 -1
62 1411 1
56 1411 -1
62 1412 1
40 1412 -1
62 1413 1
61 1413 -1
62 1414 1
29 1414 -1
62 1415 1
88 1415 -1
62 1416 1
83 1416 -1
62 1417 1
77 1417 -1
62 1418 1
87 1418 -1
62 1419 1
34 1419 -1
62 1420 1
10 1420 -1
62 1421 1
45 1421 -1
62 1422 1
47 1422 -1
62 1423 1
13 1423 -1
62 1424 1
81 1424 -1
62 1425 1
75 1425 -1
62 1426 1
74 1426 -1
62 1427 1
15 1427 -1
62 1428 1
78 1428 -1
62 1429 1
65 1429 -1
62 1430 1
12 1430 -1
62 1431 1
82 1431 -1
62 1432 1
49 1432 -1
62 1433 1
26 1433 -1
62 1434 1
35 1434 -1
62 1435 1
72 1435 -1
62 1436 1
73 1436 -1
62 1437 1
41 1437 -1
62 1438 1
16 1438 -1
69 1439 1
30 1439 -1
69 1440 1
39 1440 -1
69 1441 1
16 1441 -1
69 1442 1
78 1442 -1
69 1443 1
17 1443 -1
69 1444 1
22 1444 -1
69 1445 1
42 1445 -1
69 1446 1
34 1446 -1
69 1447 1
41 1447 -1
69 1448 1
36 1448 -1
69 1449 1
73 1449 -1
69 1450 1
64 1450 -1
69 1451 1
40 1451 -1
69 1452 1
62 1452 -1
69 1453 1
51 1453 -1
69 1454 1
10 1454 -1
69 1455 1
9 1455 -1
69 1456 1
12 1456 -1
69 1457 1
84 1457 -1
69 1458 1
72 1458 -1
69 1459 1
71 1459 -1
69 1460 1
15 1460 -1
69 1461 1
60 1461 -1
69 1462 1
86 1462 -1
69 1463 1
61 1463 -1
69 1464 1
75 1464 -1
69 1465 1
48 1465 -1
69 1466 1
47 1466 -1
69 1467 1
25 1467 -1
69 1468 1
38 1468 -1
69 1469 1
27 1469 -1
69 1470 1
55 1470 -1
69 1471 1
24 1471 -1
69 1472 1
58 1472 -1
69 1473 1
32 1473 -1
69 1474 1
76 1474 -1
69 1475 1
28 1475 -1
69 1476 1
45 1476 -1
69 1477 1
37 1477 -1
69 1478 1
59 1478 -1
69 1479 1
29 1479 -1
72 1480 1
41 1480 -1
72 1481 1
52 1481 -1
72 1482 1
23 1482 -1
72 1483 1
81 1483 -1
72 1484 1
40 1484 -1
72 1485 1
45 1485 -1
72 1486 1
57 1486 -1
72 1487 1
47 1487 -1
72 1488 1
27 1488 -1
72 1489 1
70 1489 -1
72 1490 1
64 1490 -1
72 1491 1
31 1491 -1
72 1492 1
51 1492 -1
72 1493 1
60 1493 -1
72 1494 1
9 1494 -1
72 1495 1
37 1495 -1
72 1496 1
39 1496 -1
72 1497 1
32 1497 -1
72 1498 1
15 1498 -1
72 1499 1
62 1499 -1
72 1500 1
71 1500 -1
72 1501 1
38 1501 -1
80 1502 1
72 1502 -1
80 1503 1
73 1503 -1
80 1504 1
31 1504 -1
80 1505 1
43 1505 -1
80 1506 1
48 1506 -1
80 1507 1
30 1507 -1
80 1508 1
84 1508 -1
80 1509 1
44 1509 -1
80 1510 1
20 1510 -1
80 1511 1
52 1511 -1
80 1512 1
49 1512 -1
80 1513 1
36 1513 -1
80 1514 1
28 1514 -1
80 1515 1
50 1515 -1
80 1516 1
56 1516 -1
80 1517 1
10 1517 -1
80 1518 1
55 1518 -1
80 1519 1
40 1519 -1
80 1520 1
21 1520 -1
80 1521 1
58 1521 -1
80 1522 1
41 1522 -1
80 1523 1
69 1523 -1
80 1524 1
60 1524 -1
80 1525 1
26 1525 -1
80 1526 1
81 1526 -1
80 1527 1
23 1527 -1
80 1528 1
17 1528 -1
80 1529 1
29 1529 -1
80 1530 1
85 1530 -1
80 1531 1
19 1531 -1
80 1532 1
67 1532 -1
80 1533 1
34 1533 -1
80 1534 1
88 1534 -1
80 1535 1
62 1535 -1
80 1536 1
57 1536 -1
80 1537 1
27 1537 -1
82 1538 1
55 1538 -1
82 1539 1
28 1539 -1
82 1540 1
53 1540 -1
82 1541 1
22 1541 -1
82 1542 1
15 1542 -1
82 1543 1
66 1543 -1
82 1544 1
69 1544 -1
82 1545 1
21 1545 -1
82 1546 1
16 1546 -1
82 1547 1
38 1547 -1
82 1548 1
52 1548 -1
82 1549 1
74 1549 -1
82 1550 1
46 1550 -1
82 1551 1
78 1551 -1
82 1552 1
48 1552 -1
82 1553 1
57 1553 -1
82 1554 1
42 1554 -1
82 1555 1
86 1555 -1
82 1556 1
33 1556 -1
82 1557 1
24 1557 -1
82 1558 1
80 1558 -1
82 1559 1
20 1559 -1
82 1560 1
59 1560 -1
82 1561 1
27 1561 -1
7 1562 1
21 1562 -1
7 1563 1
52 1563 -1
7 1564 1
13 1564 -1
7 1565 1
86 1565 -1
7 1566 1
66 1566 -1
7 1567 1
67 1567 -1
7 1568 1
63 1568 -1
7 1569 1
27 1569 -1
7 1570 1
23 1570 -1
7 1571 1
28 1571 -1
7 1572 1
72 1572 -1
7 1573 1
25 1573 -1
7 1574 1
55 1574 -1
7 1575 1
17 1575 -1
7 1576 1
87 1576 -1
7 1577 1
76 1577 -1
7 1578 1
24 1578 -1
7 1579 1
40 1579 -1
7 1580 1
42 1580 -1
7 1581 1
53 1581 -1
7 1582 1
10 1582 -1
7 1583 1
69 1583 -1
7 1584 1
12 1584 -1
7 1585 1
58 1585 -1
7 1586 1
84 1586 -1
7 1587 1
45 1587 -1
21 1588 1
46 1588 -1
21 1589 1
30 1589 -1
21 1590 1
50 1590 -1
21 1591 1
82 1591 -1
21 1592 1
84 1592 -1
21 1593 1
19 1593 -1
21 1594 1
20 1594 -1
21 1595 1
57 1595 -1
21 1596 1
85 1596 -1
21 1597 1
37 1597 -1
46 1598 1
64 1598 -1
46 1599 1
84 1599 -1
46 1600 1
48 1600 -1
46 1601 1
41 1601 -1
46 1602 1
29 1602 -1
46 1603 1
43 1603 -1
46 1604 1
32 1604 -1
46 1605 1
31 1605 -1
46 1606 1
70 1606 -1
46 1607 1
20 1607 -1
46 1608 1
11 1608 -1
46 1609 1
58 1609 -1
46 1610 1
74 1610 -1
46 1611 1
67 1611 -1
46 1612 1
54 1612 -1
46 1613 1
68 1613 -1
46 1614 1
82 1614 -1
46 1615 1
27 1615 -1
46 1616 1
25 1616 -1
46 1617 1
49 1617 -1
46 1618 1
14 1618 -1
46 1619 1
59 1619 -1
46 1620 1
44 1620 -1
46 1621 1
45 1621 -1
46 1622 1
81 1622 -1
46 1623 1
36 1623 -1
46 1624 1
15 1624 -1
46 1625 1
61 1625 -1
46 1626 1
78 1626 -1
46 1627 1
47 1627 -1
46 1628 1
12 1628 -1
46 1629 1
72 1629 -1
46 1630 1
21 1630 -1
46 1631 1
51 1631 -1
46 1632 1
19 1632 -1
61 1633 1
67 1633 -1
61 1634 1
40 1634 -1
61 1635 1
51 1635 -1
61 1636 1
10 1636 -1
61 1637 1
21 1637 -1
61 1638 1
41 1638 -1
61 1639 1
35 1639 -1
61 1640 1
26 1640 -1
61 1641 1
47 1641 -1
61 1642 1
58 1642 -1
61 1643 1
18 1643 -1
61 1644 1
44 1644 -1
61 1645 1
66 1645 -1
61 1646 1
30 1646 -1
61 1647 1
43 1647 -1
61 1648 1
17 1648 -1
61 1649 1
77 1649 -1
61 1650 1
37 1650 -1
61 1651 1
52 1651 -1
61 1652 1
84 1652 -1
61 1653 1
13 1653 -1
61 1654 1
11 1654 -1
64 1655 1
74 1655 -1
64 1656 1
35 1656 -1
64 1657 1
24 1657 -1
64 1658 1
63 1658 -1
64 1659 1
13 1659 -1
64 1660 1
69 1660 -1
64 1661 1
68 1661 -1
64 1662 1
57 1662 -1
64 1663 1
46 1663 -1
64 1664 1
18 1664 -1
64 1665 1
43 1665 -1
64 1666 1
31 1666 -1
64 1667 1
78 1667 -1
64 1668 1
44 1668 -1
64 1669 1
20 1669 -1
64 1670 1
28 1670 -1
64 1671 1
29 1671 -1
64 1672 1
79 1672 -1
64 1673 1
12 1673 -1
64 1674 1
73 1674 -1
67 1675 1
86 1675 -1
67 1676 1
84 1676 -1
67 1677 1
35 1677 -1
67 1678 1
30 1678 -1
67 1679 1
34 1679 -1
67 1680 1
62 1680 -1
67 1681 1
83 1681 -1
67 1682 1
33 1682 -1
67 1683 1
24 1683 -1
67 1684 1
69 1684 -1
67 1685 1
68 1685 -1
67 1686 1
11 1686 -1
67 1687 1
25 1687 -1
67 1688 1
15 1688 -1
67 1689 1
64 1689 -1
67 1690 1
85 1690 -1
67 1691 1
42 1691 -1
67 1692 1
51 1692 -1
67 1693 1
63 1693 -1
67 1694 1
72 1694 -1
67 1695 1
73 1695 -1
67 1696 1
70 1696 -1
67 1697 1
32 1697 -1
67 1698 1
82 1698 -1
67 1699 1
58 1699 -1
67 1700 1
16 1700 -1
67 1701 1
75 1701 -1
67 1702 1
50 1702 -1
67 1703 1
71 1703 -1
67 1704 1
81 1704 -1
67 1705 1
79 1705 -1
67 1706 1
46 1706 -1
67 1707 1
49 1707 -1
67 1708 1
60 1708 -1
67 1709 1
28 1709 -1
74 1710 1
61 1710 -1
74 1711 1
83 1711 -1
74 1712 1
22 1712 -1
74 1713 1
82 1713 -1
74 1714 1
30 1714 -1
74 1715 1
57 1715 -1
74 1716 1
60 1716 -1
74 1717 1
86 1717 -1
74 1718 1
69 1718 -1
74 1719 1
16 1719 -1
74 1720 1
49 1720 -1
74 1721 1
24 1721 -1
74 1722 1
31 1722 -1
74 1723 1
25 1723 -1
74 1724 1
66 1724 -1
74 1725 1
20 1725 -1
74 1726 1
59 1726 -1
74 1727 1
37 1727 -1
74 1728 1
19 1728 -1
74 1729 1
48 1729 -1
74 1730 1
81 1730 -1
74 1731 1
9 1731 -1
74 1732 1
46 1732 -1
74 1733 1
12 1733 -1
74 1734 1
35 1734 -1
74 1735 1
40 1735 -1
74 1736 1
84 1736 -1
74 1737 1
34 1737 -1
74 1738 1
85 1738 -1
74 1739 1
38 1739 -1
74 1740 1
75 1740 -1
74 1741 1
67 1741 -1
74 1742 1
76 1742 -1
74 1743 1
36 1743 -1
74 1744 1
77 1744 -1
74 1745 1
89 1745 -1
74 1746 1
32 1746 -1
74 1747 1
42 1747 -1
74 1748 1
45 1748 -1
74 1749 1
39 1749 -1
74 1750 1
17 1750 -1
81 1751 1
89 1751 -1
81 1752 1
77 1752 -1
81 1753 1
45 1753 -1
81 1754 1
16 1754 -1
81 1755 1
73 1755 -1
81 1756 1
87 1756 -1
81 1757 1
51 1757 -1
81 1758 1
44 1758 -1
81 1759 1
28 1759 -1
81 1760 1
67 1760 -1
81 1761 1
64 1761 -1
81 1762 1
59 1762 -1
81 1763 1
83 1763 -1
81 1764 1
13 1764 -1
81 1765 1
34 1765 -1
81 1766 1
50 1766 -1
81 1767 1
46 1767 -1
81 1768 1
36 1768 -1
81 1769 1
55 1769 -1
81 1770 1
11 1770 -1
81 1771 1
66 1771 -1
81 1772 1
71 1772 -1
81 1773 1
48 1773 -1
81 1774 1
29 1774 -1
81 1775 1
61 1775 -1
81 1776 1
65 1776 -1
81 1777 1
88 1777 -1
81 1778 1
78 1778 -1
81 1779 1
33 1779 -1
81 1780 1
15 1780 -1
81 1781 1
49 1781 -1
81 1782 1
63 1782 -1
81 1783 1
70 1783 -1
81 1784 1
57 1784 -1
81 1785 1
62 1785 -1
81 1786 1
22 1786 -1
84 1787 1
81 1787 -1
84 1788 1
27 1788 -1
84 1789 1
73 1789 -1
84 1790 1
50 1790 -1
84 1791 1
69 1791 -1
84 1792 1
31 1792 -1
84 1793 1
63 1793 -1
84 1794 1
21 1794 -1
84 1795 1
59 1795 -1
84 1796 1
14 1796 -1
84 1797 1
35 1797 -1
84 1798 1
38 1798 -1
84 1799 1
51 1799 -1
84 1800 1
13 1800 -1
84 1801 1
67 1801 -1
84 1802 1
28 1802 -1
84 1803 1
26 1803 -1
84 1804 1
49 1804 -1
84 1805 1
25 1805 -1
8 1806 1
78 1806 -1
8 1807 1
76 1807 -1
8 1808 1
42 1808 -1
8 1809 1
28 1809 -1
8 1810 1
53 1810 -1
8 1811 1
79 1811 -1
8 1812 1
34 1812 -1
8 1813 1
43 1813 -1
8 1814 1
31 1814 -1
8 1815 1
65 1815 -1
8 1816 1
24 1816 -1
8 1817 1
38 1817 -1
8 1818 1
39 1818 -1
8 1819 1
54 1819 -1
8 1820 1
17 1820 -1
8 1821 1
69 1821 -1
8 1822 1
84 1822 -1
8 1823 1
68 1823 -1
8 1824 1
50 1824 -1
8 1825 1
13 1825 -1
8 1826 1
60 1826 -1
8 1827 1
70 1827 -1
8 1828 1
87 1828 -1
8 1829 1
35 1829 -1
8 1830 1
22 1830 -1
8 1831 1
67 1831 -1
12 1832 1
23 1832 -1
12 1833 1
62 1833 -1
12 1834 1
82 1834 -1
12 1835 1
32 1835 -1
12 1836 1
30 1836 -1
12 1837 1
19 1837 -1
12 1838 1
22 1838 -1
12 1839 1
41 1839 -1
12 1840 1
45 1840 -1
12 1841 1
63 1841 -1
12 1842 1
81 1842 -1
12 1843 1
37 1843 -1
12 1844 1
58 1844 -1
12 1845 1
27 1845 -1
12 1846 1
88 1846 -1
12 1847 1
64 1847 -1
12 1848 1
79 1848 -1
14 1849 1
31 1849 -1
14 1850 1
63 1850 -1
16 1851 1
87 1851 -1
16 1852 1
68 1852 -1
16 1853 1
48 1853 -1
16 1854 1
64 1854 -1
16 1855 1
84 1855 -1
16 1856 1
36 1856 -1
16 1857 1
78 1857 -1
16 1858 1
81 1858 -1
16 1859 1
40 1859 -1
16 1860 1
24 1860 -1
16 1861 1
28 1861 -1
16 1862 1
38 1862 -1
16 1863 1
25 1863 -1
16 1864 1
59 1864 -1
16 1865 1
10 1865 -1
16 1866 1
35 1866 -1
16 1867 1
49 1867 -1
16 1868 1
56 1868 -1
16 1869 1
89 1869 -1
16 1870 1
47 1870 -1
16 1871 1
23 1871 -1
16 1872 1
76 1872 -1
16 1873 1
37 1873 -1
16 1874 1
33 1874 -1
16 1875 1
26 1875 -1
16 1876 1
51 1876 -1
16 1877 1
30 1877 -1
16 1878 1
72 1878 -1
16 1879 1
66 1879 -1
16 1880 1
74 1880 -1
16 1881 1
20 1881 -1
16 1882 1
12 1882 -1
16 1883 1
46 1883 -1
16 1884 1
41 1884 -1
16 1885 1
39 1885 -1
16 1886 1
43 1886 -1
16 1887 1
85 1887 -1
16 1888 1
82 1888 -1
19 1889 1
54 1889 -1
19 1890 1
42 1890 -1
19 1891 1
52 1891 -1
19 1892 1
31 1892 -1
19 1893 1
26 1893 -1
19 1894 1
83 1894 -1
19 1895 1
69 1895 -1
19 1896 1
63 1896 -1
19 1897 1
46 1897 -1
19 1898 1
89 1898 -1
19 1899 1
22 1899 -1
23 1900 1
16 1900 -1
23 1901 1
74 1901 -1
23 1902 1
63 1902 -1
23 1903 1
78 1903 -1
23 1904 1
73 1904 -1
23 1905 1
13 1905 -1
23 1906 1
26 1906 -1
23 1907 1
39 1907 -1
23 1908 1
38 1908 -1
23 1909 1
81 1909 -1
23 1910 1
85 1910 -1
23 1911 1
75 1911 -1
23 1912 1
11 1912 -1
23 1913 1
64 1913 -1
23 1914 1
58 1914 -1
23 1915 1
44 1915 -1
23 1916 1
69 1916 -1
23 1917 1
86 1917 -1
23 1918 1
53 1918 -1
23 1919 1
80 1919 -1
23 1920 1
42 1920 -1
23 1921 1
47 1921 -1
23 1922 1
24 1922 -1
23 1923 1
46 1923 -1
23 1924 1
45 1924 -1
23 1925 1
49 1925 -1
23 1926 1
72 1926 -1
23 1927 1
33 1927 -1
23 1928 1
52 1928 -1
23 1929 1
62 1929 -1
23 1930 1
25 1930 -1
23 1931 1
50 1931 -1
23 1932 1
65 1932 -1
23 1933 1
88 1933 -1
23 1934 1
40 1934 -1
23 1935 1
34 1935 -1
23 1936 1
59 1936 -1
23 1937 1
21 1937 -1
31 1938 1
88 1938 -1
31 1939 1
19 1939 -1
31 1940 1
51 1940 -1
31 1941 1
74 1941 -1
31 1942 1
47 1942 -1
31 1943 1
54 1943 -1
31 1944 1
83 1944 -1
31 1945 1
45 1945 -1
31 1946 1
44 1946 -1
31 1947 1
71 1947 -1
31 1948 1
61 1948 -1
31 1949 1
23 1949 -1
31 1950 1
32 1950 -1
54 1951 1
12 1951 -1
54 1952 1
33 1952 -1
54 1953 1
49 1953 -1
54 1954 1
9 1954 -1
54 1955 1
50 1955 -1
54 1956 1
10 1956 -1
54 1957 1
28 1957 -1
54 1958 1
86 1958 -1
54 1959 1
69 1959 -1
54 1960 1
39 1960 -1
54 1961 1
79 1961 -1
54 1962 1
59 1962 -1
54 1963 1
56 1963 -1
54 1964 1
20 1964 -1
54 1965 1
38 1965 -1
54 1966 1
88 1966 -1
54 1967 1
36 1967 -1
54 1968 1
60 1968 -1
54 1969 1
82 1969 -1
54 1970 1
22 1970 -1
54 1971 1
29 1971 -1
54 1972 1
34 1972 -1
54 1973 1
42 1973 -1
54 1974 1
58 1974 -1
54 1975 1
68 1975 -1
54 1976 1
17 1976 -1
54 1977 1
84 1977 -1
54 1978 1
80 1978 -1
54 1979 1
89 1979 -1
54 1980 1
73 1980 -1
60 1981 1
14 1981 -1
60 1982 1
62 1982 -1
60 1983 1
13 1983 -1
60 1984 1
38 1984 -1
60 1985 1
83 1985 -1
60 1986 1
63 1986 -1
78 1987 1
60 1987 -1
78 1988 1
18 1988 -1
78 1989 1
70 1989 -1
78 1990 1
33 1990 -1
78 1991 1
65 1991 -1
78 1992 1
29 1992 -1
78 1993 1
75 1993 -1
78 1994 1
72 1994 -1
78 1995 1
49 1995 -1
78 1996 1
45 1996 -1
78 1997 1
42 1997 -1
78 1998 1
55 1998 -1
78 1999 1
54 1999 -1
78 2000 1
39 2000 -1
