1 1 1
67 1 -1
1 2 1
71 2 -1
1 3 1
38 3 -1
1 4 1
45 4 -1
1 5 1
56 5 -1
1 6 1
66 6 -1
1 7 1
44 7 -1
1 8 1
22 8 -1
1 9 1
28 9 -1
1 10 1
16 10 -1
1 11 1
31 11 -1
1 12 1
15 12 -1
1 13 1
51 13 -1
1 14 1
21 14 -1
1 15 1
42 15 -1
1 16 1
68 16 -1
1 17 1
60 17 -1
1 18 1
34 18 -1
8 19 1
31 19 -1
8 20 1
40 20 -1
8 21 1
14 21 -1
8 22 1
29 22 -1
8 23 1
54 23 -1
8 24 1
70 24 -1
8 25 1
23 25 -1
8 26 1
45 26 -1
8 27 1
52 27 -1
8 28 1
62 28 -1
8 29 1
67 29 -1
8 30 1
69 30 -1
8 31 1
20 31 -1
8 32 1
41 32 -1
8 33 1
32 33 -1
8 34 1
26 34 -1
8 35 1
38 35 -1
8 36 1
35 36 -1
8 37 1
58 37 -1
8 38 1
48 38 -1
8 39 1
68 39 -1
8 40 1
61 40 -1
8 41 1
44 41 -1
8 42 1
5 42 -1
8 43 1
64 43 -1
8 44 1
18 44 -1
16 45 1
68 45 -1
16 46 1
61 46 -1
16 47 1
71 47 -1
16 48 1
15 48 -1
16 49 1
14 49 -1
16 50 1
29 50 -1
16 51 1
34 51 -1
16 52 1
67 52 -1
16 53 1
33 53 -1
16 54 1
60 54 -1
16 55 1
18 55 -1
16 56 1
19 56 -1
16 57 1
23 57 -1
16 58 1
25 58 -1
16 59 1
59 59 -1
16 60 1
7 60 -1
16 61 1
43 61 -1
16 62 1
13 62 -1
16 63 1
41 63 -1
16 64 1
44 64 -1
19 65 1
28 65 -1
19 66 1
11 66 -1
19 67 1
49 67 -1
19 68 1
5 68 -1
19 69 1
53 69 -1
19 70 1
45 70 -1
19 71 1
52 71 -1
19 72 1
14 72 -1
19 73 1
54 73 -1
19 74 1
25 74 -1
19 75 1
40 75 -1
19 76 1
38 76 -1
19 77 1
63 77 -1
19 78 1
41 78 -1
19 79 1
31 79 -1
19 80 1
70 80 -1
19 81 1
34 81 -1
19 82 1
20 82 -1
19 83 1
73 83 -1
19 84 1
29 84 -1
19 85 1
51 85 -1
19 86 1
64 86 -1
19 87 1
72 87 -1
19 88 1
17 88 -1
19 89 1
12 89 -1
19 90 1
33 90 -1
19 91 1
16 91 -1
19 92 1
37 92 -1
21 93 1
16 93 -1
21 94 1
14 94 -1
21 95 1
22 95 -1
21 96 1
73 96 -1
21 97 1
52 97 -1
21 98 1
56 98 -1
21 99 1
53 99 -1
21 100 1
54 100 -1
21 101 1
69 101 -1
21 102 1
23 102 -1
21 103 1
43 103 -1
21 104 1
62 104 -1
21 105 1
33 105 -1
21 106 1
20 106 -1
21 107 1
27 107 -1
21 108 1
41 108 -1
21 109 1
57 109 -1
21 110 1
15 110 -1
21 111 1
26 111 -1
21 112 1
59 112 -1
21 113 1
9 113 -1
21 114 1
55 114 -1
21 115 1
63 115 -1
21 116 1
48 116 -1
21 117 1
66 117 -1
21 118 1
39 118 -1
21 119 1
31 119 -1
21 120 1
29 120 -1
21 121 1
51 121 -1
21 122 1
38 122 -1
21 123 1
28 123 -1
21 124 1
13 124 -1
21 125 1
72 125 -1
21 126 1
8 126 -1
21 127 1
6 127 -1
21 128 1
71 128 -1
21 129 1
7 129 -1
21 130 1
40 130 -1
21 131 1
32 131 -1
21 132 1
34 132 -1
21 133 1
61 133 -1
21 134 1
49 134 -1
21 135 1
68 135 -1
21 136 1
35 136 -1
27 137 1
35 137 -1
27 138 1
63 138 -1
27 139 1
59 139 -1
27 140 1
47 140 -1
27 141 1
14 141 -1
27 142 1
24 142 -1
27 143 1
53 143 -1
27 144 1
12 144 -1
27 145 1
67 145 -1
27 146 1
31 146 -1
27 147 1
57 147 -1
27 148 1
10 148 -1
27 149 1
42 149 -1
27 150 1
48 150 -1
27 151 1
72 151 -1
27 152 1
55 152 -1
27 153 1
52 153 -1
27 154 1
44 154 -1
27 155 1
18 155 -1
27 156 1
13 156 -1
27 157 1
64 157 -1
27 158 1
51 158 -1
27 159 1
19 159 -1
27 160 1
33 160 -1
27 161 1
50 161 -1
27 162 1
71 162 -1
27 163 1
9 163 -1
27 164 1
49 164 -1
27 165 1
70 165 -1
27 166 1
46 166 -1
27 167 1
61 167 -1
27 168 1
6 168 -1
27 169 1
37 169 -1
28 170 1
8 170 -1
28 171 1
57 171 -1
28 172 1
73 172 -1
28 173 1
9 173 -1
28 174 1
45 174 -1
28 175 1
58 175 -1
28 176 1
5 176 -1
28 177 1
41 177 -1
28 178 1
18 178 -1
28 179 1
51 179 -1
28 180 1
14 180 -1
28 181 1
59 181 -1
28 182 1
46 182 -1
28 183 1
66 183 -1
28 184 1
72 184 -1
28 185 1
34 185 -1
28 186 1
13 186 -1
28 187 1
40 187 -1
28 188 1
68 188 -1
28 189 1
53 189 -1
28 190 1
15 190 -1
28 191 1
49 191 -1
28 192 1
44 192 -1
28 193 1
16 193 -1
28 194 1
65 194 -1
28 195 1
19 195 -1
28 196 1
64 196 -1
28 197 1
52 197 -1
28 198 1
70 198 -1
28 199 1
20 199 -1
28 200 1
30 200 -1
28 201 1
69 201 -1
28 202 1
54 202 -1
28 203 1
42 203 -1
28 204 1
11 204 -1
28 205 1
55 205 -1
28 206 1
24 206 -1
28 207 1
17 207 -1
28 208 1
36 208 -1
28 209 1
61 209 -1
31 210 1
60 210 -1
31 211 1
9 211 -1
31 212 1
19 212 -1
31 213 1
50 213 -1
31 214 1
73 214 -1
31 215 1
34 215 -1
31 216 1
32 216 -1
31 217 1
66 217 -1
31 218 1
68 218 -1
31 219 1
12 219 -1
31 220 1
54 220 -1
31 221 1
6 221 -1
31 222 1
62 222 -1
31 223 1
47 223 -1
31 224 1
65 224 -1
31 225 1
21 225 -1
31 226 1
51 226 -1
31 227 1
28 227 -1
31 228 1
49 228 -1
31 229 1
48 229 -1
31 230 1
63 230 -1
31 231 1
57 231 -1
31 232 1
52 232 -1
31 233 1
17 233 -1
31 234 1
18 234 -1
31 235 1
7 235 -1
31 236 1
26 236 -1
31 237 1
16 237 -1
31 238 1
33 238 -1
31 239 1
14 239 -1
31 240 1
38 240 -1
31 241 1
20 241 -1
31 242 1
46 242 -1
31 243 1
59 243 -1
31 244 1
35 244 -1
31 245 1
8 245 -1
31 246 1
37 246 -1
31 247 1
42 247 -1
31 248 1
23 248 -1
31 249 1
27 249 -1
31 250 1
64 250 -1
31 251 1
25 251 -1
31 252 1
24 252 -1
31 253 1
67 253 -1
31 254 1
22 254 -1
31 255 1
39 255 -1
31 256 1
71 256 -1
35 257 1
37 257 -1
35 258 1
48 258 -1
35 259 1
38 259 -1
35 260 1
53 260 -1
35 261 1
15 261 -1
35 262 1
73 262 -1
35 263 1
10 263 -1
35 264 1
26 264 -1
35 265 1
11 265 -1
35 266 1
13 266 -1
35 267 1
12 267 -1
35 268 1
51 268 -1
35 269 1
59 269 -1
35 270 1
67 270 -1
35 271 1
33 271 -1
35 272 1
72 272 -1
35 273 1
23 273 -1
35 274 1
66 274 -1
35 275 1
21 275 -1
35 276 1
7 276 -1
37 277 1
73 277 -1
37 278 1
43 278 -1
37 279 1
61 279 -1
40 280 1
51 280 -1
40 281 1
20 281 -1
40 282 1
64 282 -1
40 283 1
12 283 -1
40 284 1
48 284 -1
40 285 1
9 285 -1
40 286 1
39 286 -1
40 287 1
56 287 -1
40 288 1
17 288 -1
40 289 1
67 289 -1
40 290 1
32 290 -1
40 291 1
23 291 -1
40 292 1
16 292 -1
40 293 1
29 293 -1
40 294 1
21 294 -1
40 295 1
13 295 -1
40 296 1
42 296 -1
40 297 1
50 297 -1
40 298 1
71 298 -1
40 299 1
6 299 -1
40 300 1
54 300 -1
51 301 1
66 301 -1
51 302 1
36 302 -1
51 303 1
17 303 -1
51 304 1
10 304 -1
51 305 1
73 305 -1
51 306 1
58 306 -1
51 307 1
42 307 -1
51 308 1
23 308 -1
51 309 1
39 309 -1
51 310 1
29 310 -1
51 311 1
67 311 -1
51 312 1
50 312 -1
51 313 1
31 313 -1
51 314 1
20 314 -1
51 315 1
25 315 -1
51 316 1
13 316 -1
51 317 1
21 317 -1
51 318 1
43 318 -1
51 319 1
59 319 -1
51 320 1
40 320 -1
51 321 1
14 321 -1
51 322 1
34 322 -1
51 323 1
61 323 -1
51 324 1
26 324 -1
51 325 1
45 325 -1
51 326 1
64 326 -1
51 327 1
44 327 -1
51 328 1
11 328 -1
51 329 1
47 329 -1
51 330 1
69 330 -1
51 331 1
56 331 -1
51 332 1
35 332 -1
51 333 1
19 333 -1
51 334 1
55 334 -1
51 335 1
38 335 -1
60 336 1
21 336 -1
60 337 1
56 337 -1
60 338 1
49 338 -1
60 339 1
15 339 -1
60 340 1
53 340 -1
60 341 1
32 341 -1
60 342 1
37 342 -1
60 343 1
25 343 -1
60 344 1
9 344 -1
60 345 1
29 345 -1
60 346 1
33 346 -1
60 347 1
36 347 -1
60 348 1
66 348 -1
60 349 1
38 349 -1
60 350 1
48 350 -1
60 351 1
62 351 -1
60 352 1
45 352 -1
60 353 1
34 353 -1
60 354 1
69 354 -1
60 355 1
47 355 -1
60 356 1
52 356 -1
66 357 1
19 357 -1
66 358 1
57 358 -1
66 359 1
35 359 -1
66 360 1
45 360 -1
66 361 1
47 361 -1
66 362 1
55 362 -1
66 363 1
67 363 -1
66 364 1
68 364 -1
66 365 1
24 365 -1
66 366 1
9 366 -1
66 367 1
51 367 -1
66 368 1
12 368 -1
66 369 1
44 369 -1
66 370 1
11 370 -1
66 371 1
58 371 -1
66 372 1
21 372 -1
66 373 1
42 373 -1
66 374 1
37 374 -1
66 375 1
38 375 -1
66 376 1
61 376 -1
66 377 1
30 377 -1
66 378 1
69 378 -1
66 379 1
7 379 -1
66 380 1
50 380 -1
66 381 1
53 381 -1
66 382 1
31 382 -1
66 383 1
22 383 -1
66 384 1
40 384 -1
66 385 1
46 385 -1
66 386 1
49 386 -1
66 387 1
14 387 -1
66 388 1
32 388 -1
66 389 1
13 389 -1
66 390 1
43 390 -1
66 391 1
5 391 -1
66 392 1
28 392 -1
66 393 1
48 393 -1
66 394 1
17 394 -1
66 395 1
65 395 -1
66 396 1
60 396 -1
66 397 1
59 397 -1
66 398 1
18 398 -1
66 399 1
54 399 -1
66 400 1
36 400 -1
66 401 1
10 401 -1
67 402 1
1 402 -1
67 403 1
40 403 -1
67 404 1
38 404 -1
67 405 1
54 405 -1
67 406 1
18 406 -1
67 407 1
55 407 -1
67 408 1
61 408 -1
67 409 1
13 409 -1
67 410 1
51 410 -1
67 411 1
66 411 -1
67 412 1
19 412 -1
67 413 1
53 413 -1
68 414 1
27 414 -1
68 415 1
37 415 -1
68 416 1
12 416 -1
68 417 1
51 417 -1
68 418 1
23 418 -1
68 419 1
9 419 -1
68 420 1
49 420 -1
68 421 1
67 421 -1
68 422 1
19 422 -1
68 423 1
38 423 -1
68 424 1
66 424 -1
68 425 1
65 425 -1
68 426 1
11 426 -1
68 427 1
60 427 -1
68 428 1
10 428 -1
68 429 1
59 429 -1
68 430 1
34 430 -1
68 431 1
54 431 -1
68 432 1
24 432 -1
68 433 1
28 433 -1
68 434 1
48 434 -1
68 435 1
20 435 -1
68 436 1
44 436 -1
68 437 1
64 437 -1
68 438 1
45 438 -1
68 439 1
73 439 -1
68 440 1
55 440 -1
68 441 1
52 441 -1
68 442 1
53 442 -1
68 443 1
18 443 -1
68 444 1
43 444 -1
68 445 1
32 445 -1
68 446 1
69 446 -1
68 447 1
47 447 -1
68 448 1
63 448 -1
68 449 1
31 449 -1
68 450 1
72 450 -1
68 451 1
5 451 -1
68 452 1
41 452 -1
68 453 1
46 453 -1
68 454 1
7 454 -1
68 455 1
29 455 -1
68 456 1
40 456 -1
68 457 1
17 457 -1
2 458 1
39 458 -1
2 459 1
13 459 -1
2 460 1
25 460 -1
2 461 1
61 461 -1
2 462 1
59 462 -1
2 463 1
10 463 -1
2 464 1
31 464 -1
2 465 1
44 465 -1
2 466 1
49 466 -1
2 467 1
7 467 -1
2 468 1
37 468 -1
2 469 1
42 469 -1
2 470 1
58 470 -1
2 471 1
68 471 -1
2 472 1
66 472 -1
6 473 1
72 473 -1
6 474 1
73 474 -1
6 475 1
26 475 -1
9 476 1
14 476 -1
9 477 1
35 477 -1
9 478 1
52 478 -1
9 479 1
59 479 -1
9 480 1
30 480 -1
9 481 1
61 481 -1
9 482 1
49 482 -1
9 483 1
26 483 -1
9 484 1
38 484 -1
9 485 1
56 485 -1
9 486 1
41 486 -1
9 487 1
66 487 -1
9 488 1
43 488 -1
9 489 1
58 489 -1
9 490 1
50 490 -1
9 491 1
60 491 -1
9 492 1
6 492 -1
9 493 1
32 493 -1
9 494 1
15 494 -1
9 495 1
34 495 -1
9 496 1
5 496 -1
9 497 1
31 497 -1
9 498 1
54 498 -1
9 499 1
29 499 -1
9 500 1
40 500 -1
9 501 1
45 501 -1
9 502 1
44 502 -1
9 503 1
51 503 -1
9 504 1
53 504 -1
9 505 1
47 505 -1
9 506 1
23 506 -1
9 507 1
39 507 -1
9 508 1
71 508 -1
9 509 1
12 509 -1
9 510 1
72 510 -1
9 511 1
7 511 -1
9 512 1
36 512 -1
9 513 1
19 513 -1
9 514 1
25 514 -1
9 515 1
11 515 -1
9 516 1
68 516 -1
9 517 1
37 517 -1
9 518 1
42 518 -1
11 519 1
73 519 -1
11 520 1
28 520 -1
11 521 1
62 521 -1
11 522 1
16 522 -1
11 523 1
70 523 -1
11 524 1
43 524 -1
11 525 1
53 525 -1
11 526 1
46 526 -1
11 527 1
35 527 -1
11 528 1
17 528 -1
11 529 1
54 529 -1
11 530 1
10 530 -1
11 531 1
45 531 -1
11 532 1
36 532 -1
11 533 1
41 533 -1
11 534 1
48 534 -1
11 535 1
65 535 -1
11 536 1
6 536 -1
14 537 1
38 537 -1
14 538 1
6 538 -1
14 539 1
5 539 -1
14 540 1
21 540 -1
14 541 1
46 541 -1
14 542 1
64 542 -1
14 543 1
68 543 -1
14 544 1
59 544 -1
14 545 1
31 545 -1
14 546 1
13 546 -1
14 547 1
28 547 -1
14 548 1
16 548 -1
14 549 1
27 549 -1
14 550 1
44 550 -1
14 551 1
18 551 -1
14 552 1
8 552 -1
14 553 1
26 553 -1
14 554 1
63 554 -1
14 555 1
65 555 -1
14 556 1
9 556 -1
14 557 1
72 557 -1
14 558 1
36 558 -1
14 559 1
7 559 -1
14 560 1
52 560 -1
14 561 1
53 561 -1
14 562 1
19 562 -1
14 563 1
12 563 -1
14 564 1
40 564 -1
14 565 1
24 565 -1
14 566 1
60 566 -1
14 567 1
37 567 -1
14 568 1
47 568 -1
14 569 1
62 569 -1
14 570 1
67 570 -1
14 571 1
49 571 -1
14 572 1
25 572 -1
14 573 1
48 573 -1
14 574 1
30 574 -1
14 575 1
33 575 -1
14 576 1
35 576 -1
14 577 1
73 577 -1
14 578 1
11 578 -1
14 579 1
39 579 -1
17 580 1
47 580 -1
17 581 1
42 581 -1
17 582 1
23 582 -1
17 583 1
29 583 -1
17 584 1
71 584 -1
17 585 1
27 585 -1
17 586 1
50 586 -1
17 587 1
8 587 -1
17 588 1
60 588 -1
17 589 1
62 589 -1
17 590 1
5 590 -1
17 591 1
72 591 -1
17 592 1
40 592 -1
17 593 1
37 593 -1
17 594 1
66 594 -1
17 595 1
34 595 -1
17 596 1
25 596 -1
17 597 1
33 597 -1
17 598 1
70 598 -1
17 599 1
21 599 -1
17 600 1
32 600 -1
17 601 1
24 601 -1
17 602 1
11 602 -1
17 603 1
45 603 -1
17 604 1
13 604 -1
17 605 1
35 605 -1
17 606 1
15 606 -1
17 607 1
73 607 -1
17 608 1
56 608 -1
17 609 1
51 609 -1
17 610 1
12 610 -1
17 611 1
61 611 -1
17 612 1
31 612 -1
17 613 1
30 613 -1
17 614 1
46 614 -1
17 615 1
69 615 -1
17 616 1
59 616 -1
17 617 1
55 617 -1
17 618 1
57 618 -1
17 619 1
67 619 -1
17 620 1
14 620 -1
17 621 1
63 621 -1
17 622 1
53 622 -1
17 623 1
20 623 -1
17 624 1
54 624 -1
17 625 1
26 625 -1
17 626 1
65 626 -1
17 627 1
18 627 -1
17 628 1
28 628 -1
17 629 1
49 629 -1
17 630 1
44 630 -1
20 631 1
58 631 -1
20 632 1
1 632 -1
20 633 1
48 633 -1
20 634 1
42 634 -1
20 635 1
41 635 -1
20 636 1
34 636 -1
20 637 1
72 637 -1
20 638 1
23 638 -1
20 639 1
8 639 -1
20 640 1
38 640 -1
20 641 1
31 641 -1
20 642 1
70 642 -1
20 643 1
27 643 -1
20 644 1
56 644 -1
20 645 1
35 645 -1
20 646 1
26 646 -1
20 647 1
40 647 -1
20 648 1
24 648 -1
20 649 1
17 649 -1
20 650 1
22 650 -1
20 651 1
68 651 -1
20 652 1
45 652 -1
20 653 1
39 653 -1
20 654 1
5 654 -1
20 655 1
6 655 -1
20 656 1
65 656 -1
20 657 1
44 657 -1
20 658 1
43 658 -1
20 659 1
29 659 -1
20 660 1
14 660 -1
20 661 1
63 661 -1
20 662 1
9 662 -1
20 663 1
47 663 -1
20 664 1
12 664 -1
20 665 1
66 665 -1
20 666 1
18 666 -1
20 667 1
19 667 -1
25 668 1
42 668 -1
25 669 1
37 669 -1
25 670 1
49 670 -1
25 671 1
28 671 -1
25 672 1
7 672 -1
25 673 1
5 673 -1
25 674 1
34 674 -1
25 675 1
30 675 -1
25 676 1
55 676 -1
25 677 1
10 677 -1
25 678 1
41 678 -1
25 679 1
16 679 -1
25 680 1
19 680 -1
25 681 1
71 681 -1
25 682 1
60 682 -1
25 683 1
31 683 -1
25 684 1
50 684 -1
25 685 1
33 685 -1
25 686 1
26 686 -1
25 687 1
53 687 -1
25 688 1
9 688 -1
25 689 1
23 689 -1
25 690 1
62 690 -1
25 691 1
13 691 -1
25 692 1
59 692 -1
25 693 1
68 693 -1
25 694 1
27 694 -1
25 695 1
52 695 -1
25 696 1
20 696 -1
25 697 1
46 697 -1
25 698 1
51 698 -1
25 699 1
54 699 -1
25 700 1
45 700 -1
25 701 1
21 701 -1
25 702 1
65 702 -1
25 703 1
22 703 -1
25 704 1
63 704 -1
25 705 1
15 705 -1
25 706 1
69 706 -1
25 707 1
73 707 -1
25 708 1
67 708 -1
25 709 1
14 709 -1
25 710 1
58 710 -1
25 711 1
24 711 -1
25 712 1
12 712 -1
25 713 1
8 713 -1
25 714 1
43 714 -1
25 715 1
18 715 -1
25 716 1
61 716 -1
25 717 1
70 717 -1
25 718 1
6 718 -1
25 719 1
38 719 -1
25 720 1
11 720 -1
38 721 1
11 721 -1
38 722 1
31 722 -1
38 723 1
55 723 -1
38 724 1
34 724 -1
38 725 1
37 725 -1
38 726 1
67 726 -1
38 727 1
54 727 -1
38 728 1
44 728 -1
38 729 1
58 729 -1
38 730 1
6 730 -1
38 731 1
20 731 -1
38 732 1
7 732 -1
38 733 1
24 733 -1
38 734 1
48 734 -1
38 735 1
57 735 -1
38 736 1
30 736 -1
38 737 1
42 737 -1
39 738 1
65 738 -1
39 739 1
34 739 -1
39 740 1
43 740 -1
39 741 1
22 741 -1
39 742 1
14 742 -1
39 743 1
12 743 -1
39 744 1
25 744 -1
42 745 1
20 745 -1
42 746 1
58 746 -1
42 747 1
67 747 -1
42 748 1
48 748 -1
42 749 1
44 749 -1
42 750 1
13 750 -1
42 751 1
34 751 -1
42 752 1
22 752 -1
42 753 1
8 753 -1
42 754 1
31 754 -1
42 755 1
52 755 -1
42 756 1
57 756 -1
42 757 1
16 757 -1
44 758 1
53 758 -1
44 759 1
70 759 -1
44 760 1
63 760 -1
44 761 1
16 761 -1
44 762 1
42 762 -1
44 763 1
17 763 -1
44 764 1
31 764 -1
44 765 1
47 765 -1
44 766 1
20 766 -1
44 767 1
12 767 -1
44 768 1
55 768 -1
44 769 1
35 769 -1
44 770 1
19 770 -1
44 771 1
49 771 -1
44 772 1
14 772 -1
44 773 1
57 773 -1
44 774 1
58 774 -1
44 775 1
60 775 -1
44 776 1
37 776 -1
44 777 1
10 777 -1
44 778 1
52 778 -1
44 779 1
72 779 -1
44 780 1
26 780 -1
44 781 1
15 781 -1
44 782 1
8 782 -1
44 783 1
56 783 -1
44 784 1
67 784 -1
44 785 1
45 785 -1
44 786 1
5 786 -1
44 787 1
50 787 -1
44 788 1
13 788 -1
44 789 1
51 789 -1
44 790 1
38 790 -1
44 791 1
61 791 -1
44 792 1
32 792 -1
45 793 1
46 793 -1
45 794 1
10 794 -1
45 795 1
64 795 -1
45 796 1
48 796 -1
45 797 1
5 797 -1
45 798 1
60 798 -1
45 799 1
25 799 -1
45 800 1
67 800 -1
45 801 1
59 801 -1
45 802 1
17 802 -1
45 803 1
12 803 -1
45 804 1
16 804 -1
45 805 1
72 805 -1
45 806 1
13 806 -1
45 807 1
14 807 -1
45 808 1
30 808 -1
45 809 1
9 809 -1
45 810 1
7 810 -1
46 811 1
25 811 -1
46 812 1
6 812 -1
46 813 1
58 813 -1
46 814 1
42 814 -1
46 815 1
53 815 -1
46 816 1
15 816 -1
46 817 1
69 817 -1
46 818 1
44 818 -1
46 819 1
54 819 -1
46 820 1
33 820 -1
46 821 1
12 821 -1
46 822 1
55 822 -1
46 823 1
28 823 -1
46 824 1
66 824 -1
46 825 1
26 825 -1
46 826 1
32 826 -1
46 827 1
38 827 -1
46 828 1
70 828 -1
46 829 1
64 829 -1
46 830 1
34 830 -1
46 831 1
37 831 -1
46 832 1
9 832 -1
46 833 1
24 833 -1
46 834 1
14 834 -1
46 835 1
56 835 -1
46 836 1
13 836 -1
46 837 1
51 837 -1
46 838 1
23 838 -1
46 839 1
60 839 -1
46 840 1
65 840 -1
46 841 1
35 841 -1
46 842 1
67 842 -1
46 843 1
73 843 -1
46 844 1
59 844 -1
47 845 1
6 845 -1
47 846 1
28 846 -1
47 847 1
38 847 -1
47 848 1
41 848 -1
47 849 1
66 849 -1
47 850 1
12 850 -1
47 851 1
30 851 -1
47 852 1
35 852 -1
47 853 1
48 853 -1
47 854 1
31 854 -1
47 855 1
27 855 -1
47 856 1
7 856 -1
47 857 1
56 857 -1
47 858 1
50 858 -1
47 859 1
63 859 -1
47 860 1
55 860 -1
47 861 1
39 861 -1
47 862 1
61 862 -1
47 863 1
32 863 -1
47 864 1
53 864 -1
47 865 1
22 865 -1
47 866 1
73 866 -1
47 867 1
37 867 -1
47 868 1
40 868 -1
47 869 1
17 869 -1
47 870 1
52 870 -1
47 871 1
19 871 -1
47 872 1
72 872 -1
47 873 1
13 873 -1
47 874 1
45 874 -1
47 875 1
8 875 -1
47 876 1
46 876 -1
47 877 1
69 877 -1
47 878 1
58 878 -1
47 879 1
64 879 -1
47 880 1
20 880 -1
47 881 1
10 881 -1
47 882 1
70 882 -1
47 883 1
68 883 -1
47 884 1
26 884 -1
53 885 1
45 885 -1
53 886 1
9 886 -1
53 887 1
10 887 -1
53 888 1
42 888 -1
53 889 1
52 889 -1
53 890 1
8 890 -1
53 891 1
17 891 -1
53 892 1
22 892 -1
53 893 1
6 893 -1
53 894 1
48 894 -1
53 895 1
7 895 -1
53 896 1
16 896 -1
53 897 1
23 897 -1
53 898 1
63 898 -1
53 899 1
61 899 -1
53 900 1
18 900 -1
53 901 1
73 901 -1
53 902 1
21 902 -1
53 903 1
64 903 -1
53 904 1
31 904 -1
53 905 1
59 905 -1
53 906 1
38 906 -1
53 907 1
41 907 -1
53 908 1
28 908 -1
53 909 1
33 909 -1
53 910 1
46 910 -1
53 911 1
5 911 -1
53 912 1
47 912 -1
53 913 1
65 913 -1
53 914 1
20 914 -1
53 915 1
37 915 -1
53 916 1
69 916 -1
53 917 1
30 917 -1
53 918 1
50 918 -1
53 919 1
13 919 -1
53 920 1
24 920 -1
53 921 1
11 921 -1
53 922 1
32 922 -1
53 923 1
34 923 -1
53 924 1
15 924 -1
53 925 1
35 925 -1
53 926 1
60 926 -1
53 927 1
56 927 -1
53 928 1
58 928 -1
53 929 1
44 929 -1
53 930 1
66 930 -1
53 931 1
67 931 -1
53 932 1
12 932 -1
53 933 1
55 933 -1
53 934 1
62 934 -1
53 935 1
25 935 -1
58 936 1
17 936 -1
58 937 1
63 937 -1
58 938 1
37 938 -1
58 939 1
5 939 -1
58 940 1
18 940 -1
58 941 1
60 941 -1
58 942 1
62 942 -1
58 943 1
34 943 -1
58 944 1
45 944 -1
58 945 1
69 945 -1
58 946 1
41 946 -1
58 947 1
72 947 -1
58 948 1
73 948 -1
58 949 1
13 949 -1
58 950 1
46 950 -1
58 951 1
64 951 -1
58 952 1
6 952 -1
58 953 1
21 953 -1
58 954 1
7 954 -1
58 955 1
42 955 -1
58 956 1
38 956 -1
58 957 1
36 957 -1
58 958 1
71 958 -1
58 959 1
52 959 -1
58 960 1
68 960 -1
58 961 1
61 961 -1
58 962 1
43 962 -1
65 963 1
44 963 -1
65 964 1
20 964 -1
65 965 1
73 965 -1
65 966 1
17 966 -1
65 967 1
67 967 -1
65 968 1
60 968 -1
65 969 1
8 969 -1
65 970 1
72 970 -1
65 971 1
15 971 -1
65 972 1
29 972 -1
65 973 1
39 973 -1
65 974 1
62 974 -1
65 975 1
70 975 -1
65 976 1
31 976 -1
65 977 1
16 977 -1
65 978 1
36 978 -1
65 979 1
37 979 -1
65 980 1
27 980 -1
65 981 1
50 981 -1
65 982 1
63 982 -1
65 983 1
51 983 -1
65 984 1
24 984 -1
65 985 1
18 985 -1
65 986 1
49 986 -1
65 987 1
53 987 -1
65 988 1
34 988 -1
65 989 1
59 989 -1
65 990 1
64 990 -1
65 991 1
42 991 -1
65 992 1
58 992 -1
65 993 1
10 993 -1
65 994 1
69 994 -1
65 995 1
61 995 -1
65 996 1
35 996 -1
65 997 1
12 997 -1
65 998 1
40 998 -1
65 999 1
56 999 -1
65 1000 1
33 1000 -1
65 1001 1
71 1001 -1
65 1002 1
32 1002 -1
65 1003 1
52 1003 -1
65 1004 1
22 1004 -1
65 1005 1
7 1005 -1
65 1006 1
46 1006 -1
65 1007 1
11 1007 -1
65 1008 1
9 1008 -1
65 1009 1
13 1009 -1
65 1010 1
54 1010 -1
65 1011 1
68 1011 -1
65 1012 1
30 1012 -1
65 1013 1
43 1013 -1
72 1014 1
9 1014 -1
72 1015 1
44 1015 -1
72 1016 1
49 1016 -1
72 1017 1
60 1017 -1
72 1018 1
50 1018 -1
72 1019 1
39 1019 -1
72 1020 1
29 1020 -1
72 1021 1
53 1021 -1
72 1022 1
8 1022 -1
72 1023 1
54 1023 -1
72 1024 1
23 1024 -1
72 1025 1
69 1025 -1
72 1026 1
47 1026 -1
72 1027 1
36 1027 -1
72 1028 1
61 1028 -1
72 1029 1
33 1029 -1
72 1030 1
14 1030 -1
72 1031 1
31 1031 -1
72 1032 1
65 1032 -1
72 1033 1
5 1033 -1
72 1034 1
17 1034 -1
72 1035 1
56 1035 -1
72 1036 1
25 1036 -1
72 1037 1
55 1037 -1
72 1038 1
68 1038 -1
3 1039 1
24 1039 -1
3 1040 1
22 1040 -1
3 1041 1
28 1041 -1
3 1042 1
63 1042 -1
3 1043 1
57 1043 -1
3 1044 1
8 1044 -1
3 1045 1
26 1045 -1
3 1046 1
56 1046 -1
3 1047 1
48 1047 -1
5 1048 1
22 1048 -1
5 1049 1
13 1049 -1
5 1050 1
10 1050 -1
5 1051 1
17 1051 -1
5 1052 1
47 1052 -1
5 1053 1
64 1053 -1
5 1054 1
23 1054 -1
5 1055 1
67 1055 -1
5 1056 1
29 1056 -1
5 1057 1
56 1057 -1
5 1058 1
51 1058 -1
5 1059 1
62 1059 -1
5 1060 1
52 1060 -1
5 1061 1
18 1061 -1
5 1062 1
44 1062 -1
5 1063 1
20 1063 -1
5 1064 1
35 1064 -1
5 1065 1
34 1065 -1
5 1066 1
30 1066 -1
5 1067 1
71 1067 -1
5 1068 1
19 1068 -1
5 1069 1
11 1069 -1
5 1070 1
73 1070 -1
5 1071 1
54 1071 -1
5 1072 1
33 1072 -1
5 1073 1
55 1073 -1
5 1074 1
65 1074 -1
5 1075 1
16 1075 -1
5 1076 1
28 1076 -1
5 1077 1
61 1077 -1
5 1078 1
43 1078 -1
5 1079 1
41 1079 -1
5 1080 1
32 1080 -1
5 1081 1
15 1081 -1
5 1082 1
14 1082 -1
5 1083 1
69 1083 -1
5 1084 1
70 1084 -1
5 1085 1
48 1085 -1
5 1086 1
53 1086 -1
5 1087 1
26 1087 -1
5 1088 1
37 1088 -1
5 1089 1
68 1089 -1
5 1090 1
7 1090 -1
5 1091 1
6 1091 -1
5 1092 1
72 1092 -1
5 1093 1
59 1093 -1
7 1094 1
18 1094 -1
7 1095 1
45 1095 -1
7 1096 1
29 1096 -1
7 1097 1
19 1097 -1
7 1098 1
24 1098 -1
7 1099 1
30 1099 -1
7 1100 1
41 1100 -1
7 1101 1
37 1101 -1
7 1102 1
31 1102 -1
7 1103 1
14 1103 -1
7 1104 1
15 1104 -1
7 1105 1
52 1105 -1
7 1106 1
17 1106 -1
7 1107 1
66 1107 -1
7 1108 1
53 1108 -1
7 1109 1
63 1109 -1
7 1110 1
57 1110 -1
7 1111 1
27 1111 -1
7 1112 1
58 1112 -1
7 1113 1
55 1113 -1
7 1114 1
50 1114 -1
7 1115 1
12 1115 -1
7 1116 1
23 1116 -1
18 1117 1
43 1117 -1
18 1118 1
35 1118 -1
18 1119 1
41 1119 -1
18 1120 1
8 1120 -1
18 1121 1
25 1121 -1
18 1122 1
45 1122 -1
18 1123 1
70 1123 -1
18 1124 1
32 1124 -1
18 1125 1
31 1125 -1
18 1126 1
42 1126 -1
18 1127 1
66 1127 -1
18 1128 1
58 1128 -1
18 1129 1
50 1129 -1
18 1130 1
57 1130 -1
22 1131 1
7 1131 -1
22 1132 1
9 1132 -1
22 1133 1
40 1133 -1
22 1134 1
31 1134 -1
22 1135 1
25 1135 -1
22 1136 1
46 1136 -1
22 1137 1
62 1137 -1
22 1138 1
20 1138 -1
22 1139 1
71 1139 -1
22 1140 1
26 1140 -1
22 1141 1
35 1141 -1
22 1142 1
18 1142 -1
22 1143 1
37 1143 -1
22 1144 1
70 1144 -1
22 1145 1
69 1145 -1
22 1146 1
50 1146 -1
22 1147 1
36 1147 -1
22 1148 1
61 1148 -1
22 1149 1
48 1149 -1
22 1150 1
51 1150 -1
22 1151 1
73 1151 -1
22 1152 1
66 1152 -1
22 1153 1
5 1153 -1
22 1154 1
63 1154 -1
22 1155 1
14 1155 -1
22 1156 1
60 1156 -1
22 1157 1
59 1157 -1
22 1158 1
45 1158 -1
22 1159 1
57 1159 -1
22 1160 1
39 1160 -1
22 1161 1
52 1161 -1
22 1162 1
24 1162 -1
22 1163 1
17 1163 -1
22 1164 1
68 1164 -1
23 1165 1
64 1165 -1
23 1166 1
53 1166 -1
23 1167 1
51 1167 -1
23 1168 1
17 1168 -1
23 1169 1
11 1169 -1
23 1170 1
46 1170 -1
23 1171 1
41 1171 -1
23 1172 1
22 1172 -1
23 1173 1
44 1173 -1
23 1174 1
52 1174 -1
23 1175 1
65 1175 -1
23 1176 1
61 1176 -1
23 1177 1
20 1177 -1
23 1178 1
60 1178 -1
23 1179 1
56 1179 -1
23 1180 1
29 1180 -1
23 1181 1
16 1181 -1
23 1182 1
57 1182 -1
23 1183 1
63 1183 -1
23 1184 1
38 1184 -1
23 1185 1
31 1185 -1
23 1186 1
5 1186 -1
23 1187 1
33 1187 -1
23 1188 1
34 1188 -1
24 1189 1
57 1189 -1
24 1190 1
41 1190 -1
24 1191 1
73 1191 -1
24 1192 1
35 1192 -1
24 1193 1
64 1193 -1
24 1194 1
50 1194 -1
24 1195 1
36 1195 -1
24 1196 1
14 1196 -1
24 1197 1
5 1197 -1
24 1198 1
68 1198 -1
24 1199 1
31 1199 -1
24 1200 1
30 1200 -1
24 1201 1
56 1201 -1
29 1202 1
54 1202 -1
29 1203 1
35 1203 -1
29 1204 1
34 1204 -1
29 1205 1
62 1205 -1
29 1206 1
22 1206 -1
29 1207 1
39 1207 -1
29 1208 1
41 1208 -1
29 1209 1
17 1209 -1
29 1210 1
68 1210 -1
29 1211 1
36 1211 -1
29 1212 1
38 1212 -1
29 1213 1
58 1213 -1
30 1214 1
29 1214 -1
30 1215 1
27 1215 -1
30 1216 1
33 1216 -1
30 1217 1
63 1217 -1
30 1218 1
22 1218 -1
30 1219 1
58 1219 -1
30 1220 1
10 1220 -1
30 1221 1
47 1221 -1
30 1222 1
45 1222 -1
30 1223 1
64 1223 -1
30 1224 1
37 1224 -1
30 1225 1
28 1225 -1
30 1226 1
48 1226 -1
30 1227 1
66 1227 -1
30 1228 1
54 1228 -1
30 1229 1
26 1229 -1
30 1230 1
44 1230 -1
30 1231 1
25 1231 -1
30 1232 1
34 1232 -1
30 1233 1
40 1233 -1
30 1234 1
43 1234 -1
30 1235 1
23 1235 -1
30 1236 1
71 1236 -1
30 1237 1
17 1237 -1
30 1238 1
72 1238 -1
30 1239 1
12 1239 -1
30 1240 1
6 1240 -1
32 1241 1
30 1241 -1
32 1242 1
43 1242 -1
41 1243 1
62 1243 -1
41 1244 1
18 1244 -1
41 1245 1
46 1245 -1
41 1246 1
70 1246 -1
41 1247 1
59 1247 -1
41 1248 1
23 1248 -1
41 1249 1
42 1249 -1
41 1250 1
12 1250 -1
41 1251 1
22 1251 -1
41 1252 1
69 1252 -1
41 1253 1
64 1253 -1
41 1254 1
55 1254 -1
41 1255 1
53 1255 -1
41 1256 1
71 1256 -1
41 1257 1
29 1257 -1
41 1258 1
65 1258 -1
41 1259 1
34 1259 -1
41 1260 1
67 1260 -1
41 1261 1
52 1261 -1
41 1262 1
50 1262 -1
41 1263 1
72 1263 -1
41 1264 1
14 1264 -1
41 1265 1
57 1265 -1
41 1266 1
48 1266 -1
41 1267 1
68 1267 -1
41 1268 1
20 1268 -1
41 1269 1
10 1269 -1
41 1270 1
39 1270 -1
43 1271 1
41 1271 -1
43 1272 1
72 1272 -1
43 1273 1
14 1273 -1
43 1274 1
16 1274 -1
43 1275 1
24 1275 -1
43 1276 1
45 1276 -1
43 1277 1
27 1277 -1
43 1278 1
12 1278 -1
43 1279 1
54 1279 -1
43 1280 1
32 1280 -1
43 1281 1
66 1281 -1
43 1282 1
28 1282 -1
43 1283 1
53 1283 -1
54 1284 1
5 1284 -1
54 1285 1
73 1285 -1
54 1286 1
24 1286 -1
54 1287 1
25 1287 -1
54 1288 1
42 1288 -1
54 1289 1
22 1289 -1
54 1290 1
66 1290 -1
54 1291 1
16 1291 -1
54 1292 1
60 1292 -1
54 1293 1
47 1293 -1
54 1294 1
38 1294 -1
54 1295 1
64 1295 -1
54 1296 1
61 1296 -1
54 1297 1
17 1297 -1
54 1298 1
13 1298 -1
54 1299 1
50 1299 -1
54 1300 1
18 1300 -1
54 1301 1
35 1301 -1
54 1302 1
34 1302 -1
54 1303 1
70 1303 -1
54 1304 1
45 1304 -1
54 1305 1
32 1305 -1
54 1306 1
62 1306 -1
54 1307 1
14 1307 -1
54 1308 1
11 1308 -1
54 1309 1
21 1309 -1
54 1310 1
8 1310 -1
54 1311 1
65 1311 -1
54 1312 1
28 1312 -1
55 1313 1
59 1313 -1
55 1314 1
23 1314 -1
55 1315 1
68 1315 -1
55 1316 1
67 1316 -1
55 1317 1
28 1317 -1
55 1318 1
21 1318 -1
55 1319 1
49 1319 -1
55 1320 1
30 1320 -1
55 1321 1
64 1321 -1
55 1322 1
57 1322 -1
55 1323 1
62 1323 -1
55 1324 1
7 1324 -1
55 1325 1
18 1325 -1
55 1326 1
65 1326 -1
55 1327 1
41 1327 -1
55 1328 1
36 1328 -1
55 1329 1
24 1329 -1
55 1330 1
60 1330 -1
55 1331 1
33 1331 -1
55 1332 1
44 1332 -1
55 1333 1
66 1333 -1
55 1334 1
11 1334 -1
55 1335 1
58 1335 -1
55 1336 1
51 1336 -1
55 1337 1
47 1337 -1
55 1338 1
5 1338 -1
55 1339 1
52 1339 -1
55 1340 1
6 1340 -1
55 1341 1
43 1341 -1
55 1342 1
14 1342 -1
55 1343 1
31 1343 -1
55 1344 1
26 1344 -1
55 1345 1
32 1345 -1
55 1346 1
72 1346 -1
55 1347 1
46 1347 -1
55 1348 1
42 1348 -1
55 1349 1
35 1349 -1
55 1350 1
19 1350 -1
55 1351 1
9 1351 -1
55 1352 1
17 1352 -1
55 1353 1
10 1353 -1
55 1354 1
63 1354 -1
55 1355 1
53 1355 -1
55 1356 1
34 1356 -1
55 1357 1
29 1357 -1
55 1358 1
8 1358 -1
55 1359 1
70 1359 -1
55 1360 1
39 1360 -1
55 1361 1
45 1361 -1
55 1362 1
40 1362 -1
55 1363 1
61 1363 -1
55 1364 1
16 1364 -1
55 1365 1
20 1365 -1
55 1366 1
69 1366 -1
55 1367 1
50 1367 -1
57 1368 1
23 1368 -1
57 1369 1
24 1369 -1
57 1370 1
36 1370 -1
57 1371 1
61 1371 -1
57 1372 1
43 1372 -1
57 1373 1
53 1373 -1
57 1374 1
16 1374 -1
57 1375 1
32 1375 -1
57 1376 1
26 1376 -1
57 1377 1
41 1377 -1
57 1378 1
34 1378 -1
57 1379 1
64 1379 -1
57 1380 1
9 1380 -1
57 1381 1
67 1381 -1
57 1382 1
59 1382 -1
57 1383 1
46 1383 -1
57 1384 1
70 1384 -1
57 1385 1
48 1385 -1
57 1386 1
65 1386 -1
57 1387 1
20 1387 -1
57 1388 1
30 1388 -1
57 1389 1
12 1389 -1
57 1390 1
49 1390 -1
57 1391 1
71 1391 -1
57 1392 1
69 1392 -1
57 1393 1
73 1393 -1
57 1394 1
63 1394 -1
57 1395 1
35 1395 -1
57 1396 1
19 1396 -1
57 1397 1
66 1397 -1
57 1398 1
14 1398 -1
57 1399 1
8 1399 -1
57 1400 1
56 1400 -1
57 1401 1
60 1401 -1
57 1402 1
47 1402 -1
57 1403 1
25 1403 -1
57 1404 1
28 1404 -1
57 1405 1
68 1405 -1
57 1406 1
51 1406 -1
57 1407 1
29 1407 -1
57 1408 1
7 1408 -1
57 1409 1
18 1409 -1
57 1410 1
6 1410 -1
59 1411 1
73 1411 -1
59 1412 1
64 1412 -1
59 1413 1
51 1413 -1
59 1414 1
26 1414 -1
59 1415 1
68 1415 -1
59 1416 1
19 1416 -1
59 1417 1
39 1417 -1
59 1418 1
55 1418 -1
59 1419 1
12 1419 -1
59 1420 1
10 1420 -1
59 1421 1
67 1421 -1
59 1422 1
5 1422 -1
59 1423 1
27 1423 -1
59 1424 1
58 1424 -1
59 1425 1
13 1425 -1
59 1426 1
57 1426 -1
59 1427 1
7 1427 -1
59 1428 1
21 1428 -1
59 1429 1
62 1429 -1
59 1430 1
20 1430 -1
59 1431 1
52 1431 -1
59 1432 1
56 1432 -1
59 1433 1
53 1433 -1
59 1434 1
8 1434 -1
59 1435 1
38 1435 -1
59 1436 1
29 1436 -1
59 1437 1
32 1437 -1
59 1438 1
14 1438 -1
59 1439 1
22 1439 -1
59 1440 1
11 1440 -1
59 1441 1
9 1441 -1
59 1442 1
28 1442 -1
59 1443 1
40 1443 -1
59 1444 1
6 1444 -1
59 1445 1
37 1445 -1
59 1446 1
30 1446 -1
59 1447 1
43 1447 -1
59 1448 1
69 1448 -1
59 1449 1
24 1449 -1
59 1450 1
16 1450 -1
59 1451 1
25 1451 -1
59 1452 1
42 1452 -1
59 1453 1
45 1453 -1
59 1454 1
54 1454 -1
59 1455 1
65 1455 -1
59 1456 1
70 1456 -1
59 1457 1
47 1457 -1
59 1458 1
50 1458 -1
62 1459 1
55 1459 -1
62 1460 1
1 1460 -1
62 1461 1
63 1461 -1
62 1462 1
42 1462 -1
62 1463 1
9 1463 -1
62 1464 1
65 1464 -1
62 1465 1
41 1465 -1
62 1466 1
40 1466 -1
62 1467 1
45 1467 -1
62 1468 1
28 1468 -1
62 1469 1
38 1469 -1
63 1470 1
32 1470 -1
63 1471 1
55 1471 -1
63 1472 1
66 1472 -1
63 1473 1
14 1473 -1
63 1474 1
61 1474 -1
63 1475 1
20 1475 -1
63 1476 1
54 1476 -1
63 1477 1
18 1477 -1
63 1478 1
37 1478 -1
63 1479 1
67 1479 -1
63 1480 1
30 1480 -1
63 1481 1
52 1481 -1
63 1482 1
71 1482 -1
63 1483 1
44 1483 -1
63 1484 1
21 1484 -1
63 1485 1
11 1485 -1
63 1486 1
72 1486 -1
63 1487 1
49 1487 -1
63 1488 1
9 1488 -1
63 1489 1
15 1489 -1
63 1490 1
48 1490 -1
63 1491 1
64 1491 -1
63 1492 1
10 1492 -1
63 1493 1
26 1493 -1
63 1494 1
6 1494 -1
63 1495 1
35 1495 -1
63 1496 1
65 1496 -1
63 1497 1
33 1497 -1
63 1498 1
73 1498 -1
63 1499 1
22 1499 -1
63 1500 1
62 1500 -1
63 1501 1
27 1501 -1
63 1502 1
7 1502 -1
63 1503 1
19 1503 -1
63 1504 1
51 1504 -1
63 1505 1
34 1505 -1
63 1506 1
23 1506 -1
63 1507 1
13 1507 -1
63 1508 1
69 1508 -1
63 1509 1
42 1509 -1
63 1510 1
38 1510 -1
63 1511 1
39 1511 -1
63 1512 1
57 1512 -1
63 1513 1
43 1513 -1
63 1514 1
12 1514 -1
63 1515 1
36 1515 -1
63 1516 1
16 1516 -1
63 1517 1
68 1517 -1
63 1518 1
29 1518 -1
63 1519 1
40 1519 -1
64 1520 1
63 1520 -1
64 1521 1
69 1521 -1
64 1522 1
25 1522 -1
64 1523 1
17 1523 -1
64 1524 1
27 1524 -1
64 1525 1
70 1525 -1
64 1526 1
5 1526 -1
64 1527 1
19 1527 -1
64 1528 1
13 1528 -1
64 1529 1
7 1529 -1
64 1530 1
35 1530 -1
64 1531 1
58 1531 -1
64 1532 1
73 1532 -1
64 1533 1
31 1533 -1
64 1534 1
14 1534 -1
64 1535 1
24 1535 -1
64 1536 1
71 1536 -1
64 1537 1
56 1537 -1
64 1538 1
9 1538 -1
64 1539 1
11 1539 -1
64 1540 1
65 1540 -1
64 1541 1
6 1541 -1
64 1542 1
28 1542 -1
64 1543 1
12 1543 -1
64 1544 1
23 1544 -1
64 1545 1
26 1545 -1
64 1546 1
32 1546 -1
64 1547 1
61 1547 -1
64 1548 1
50 1548 -1
64 1549 1
21 1549 -1
64 1550 1
60 1550 -1
64 1551 1
59 1551 -1
64 1552 1
34 1552 -1
64 1553 1
8 1553 -1
64 1554 1
46 1554 -1
64 1555 1
72 1555 -1
64 1556 1
39 1556 -1
64 1557 1
30 1557 -1
64 1558 1
37 1558 -1
64 1559 1
53 1559 -1
64 1560 1
33 1560 -1
64 1561 1
62 1561 -1
64 1562 1
41 1562 -1
64 1563 1
15 1563 -1
64 1564 1
36 1564 -1
64 1565 1
29 1565 -1
64 1566 1
55 1566 -1
4 1567 1
48 1567 -1
4 1568 1
26 1568 -1
4 1569 1
17 1569 -1
4 1570 1
41 1570 -1
4 1571 1
62 1571 -1
4 1572 1
20 1572 -1
4 1573 1
13 1573 -1
4 1574 1
37 1574 -1
4 1575 1
21 1575 -1
4 1576 1
16 1576 -1
4 1577 1
24 1577 -1
4 1578 1
42 1578 -1
4 1579 1
43 1579 -1
4 1580 1
33 1580 -1
4 1581 1
49 1581 -1
4 1582 1
61 1582 -1
10 1583 1
49 1583 -1
10 1584 1
55 1584 -1
10 1585 1
22 1585 -1
10 1586 1
27 1586 -1
10 1587 1
21 1587 -1
12 1588 1
56 1588 -1
12 1589 1
1 1589 -1
12 1590 1
17 1590 -1
12 1591 1
24 1591 -1
12 1592 1
11 1592 -1
12 1593 1
63 1593 -1
12 1594 1
13 1594 -1
12 1595 1
20 1595 -1
12 1596 1
35 1596 -1
12 1597 1
68 1597 -1
12 1598 1
47 1598 -1
12 1599 1
44 1599 -1
12 1600 1
72 1600 -1
12 1601 1
46 1601 -1
12 1602 1
40 1602 -1
12 1603 1
50 1603 -1
12 1604 1
45 1604 -1
12 1605 1
54 1605 -1
12 1606 1
67 1606 -1
12 1607 1
71 1607 -1
12 1608 1
69 1608 -1
12 1609 1
59 1609 -1
12 1610 1
34 1610 -1
12 1611 1
62 1611 -1
12 1612 1
51 1612 -1
12 1613 1
25 1613 -1
12 1614 1
9 1614 -1
12 1615 1
16 1615 -1
12 1616 1
42 1616 -1
12 1617 1
26 1617 -1
12 1618 1
29 1618 -1
12 1619 1
70 1619 -1
13 1620 1
34 1620 -1
13 1621 1
30 1621 -1
13 1622 1
7 1622 -1
13 1623 1
10 1623 -1
13 1624 1
64 1624 -1
13 1625 1
44 1625 -1
13 1626 1
56 1626 -1
13 1627 1
71 1627 -1
13 1628 1
65 1628 -1
13 1629 1
29 1629 -1
13 1630 1
52 1630 -1
13 1631 1
66 1631 -1
13 1632 1
68 1632 -1
13 1633 1
18 1633 -1
13 1634 1
24 1634 -1
13 1635 1
51 1635 -1
13 1636 1
23 1636 -1
13 1637 1
69 1637 -1
13 1638 1
15 1638 -1
13 1639 1
16 1639 -1
13 1640 1
59 1640 -1
13 1641 1
73 1641 -1
13 1642 1
43 1642 -1
13 1643 1
70 1643 -1
13 1644 1
42 1644 -1
13 1645 1
9 1645 -1
13 1646 1
28 1646 -1
13 1647 1
53 1647 -1
13 1648 1
45 1648 -1
13 1649 1
46 1649 -1
13 1650 1
67 1650 -1
13 1651 1
21 1651 -1
13 1652 1
55 1652 -1
13 1653 1
17 1653 -1
13 1654 1
26 1654 -1
13 1655 1
27 1655 -1
13 1656 1
8 1656 -1
13 1657 1
25 1657 -1
13 1658 1
19 1658 -1
13 1659 1
57 1659 -1
15 1660 1
70 1660 -1
15 1661 1
71 1661 -1
15 1662 1
66 1662 -1
15 1663 1
63 1663 -1
15 1664 1
49 1664 -1
15 1665 1
51 1665 -1
15 1666 1
45 1666 -1
15 1667 1
21 1667 -1
15 1668 1
65 1668 -1
15 1669 1
73 1669 -1
15 1670 1
28 1670 -1
15 1671 1
52 1671 -1
15 1672 1
17 1672 -1
15 1673 1
37 1673 -1
15 1674 1
50 1674 -1
15 1675 1
55 1675 -1
15 1676 1
33 1676 -1
15 1677 1
54 1677 -1
15 1678 1
12 1678 -1
15 1679 1
22 1679 -1
15 1680 1
5 1680 -1
15 1681 1
72 1681 -1
15 1682 1
43 1682 -1
15 1683 1
14 1683 -1
15 1684 1
53 1684 -1
15 1685 1
35 1685 -1
15 1686 1
40 1686 -1
15 1687 1
8 1687 -1
26 1688 1
10 1688 -1
26 1689 1
50 1689 -1
26 1690 1
68 1690 -1
26 1691 1
9 1691 -1
26 1692 1
27 1692 -1
26 1693 1
33 1693 -1
26 1694 1
18 1694 -1
26 1695 1
28 1695 -1
26 1696 1
32 1696 -1
26 1697 1
42 1697 -1
26 1698 1
69 1698 -1
26 1699 1
52 1699 -1
26 1700 1
51 1700 -1
26 1701 1
39 1701 -1
26 1702 1
53 1702 -1
26 1703 1
72 1703 -1
26 1704 1
22 1704 -1
26 1705 1
65 1705 -1
26 1706 1
57 1706 -1
26 1707 1
43 1707 -1
26 1708 1
64 1708 -1
26 1709 1
47 1709 -1
26 1710 1
40 1710 -1
26 1711 1
19 1711 -1
26 1712 1
66 1712 -1
26 1713 1
62 1713 -1
26 1714 1
59 1714 -1
26 1715 1
31 1715 -1
26 1716 1
6 1716 -1
26 1717 1
41 1717 -1
26 1718 1
46 1718 -1
26 1719 1
45 1719 -1
26 1720 1
24 1720 -1
26 1721 1
48 1721 -1
26 1722 1
63 1722 -1
26 1723 1
55 1723 -1
26 1724 1
15 1724 -1
26 1725 1
8 1725 -1
26 1726 1
5 1726 -1
26 1727 1
71 1727 -1
26 1728 1
36 1728 -1
33 1729 1
71 1729 -1
33 1730 1
6 1730 -1
33 1731 1
25 1731 -1
33 1732 1
32 1732 -1
33 1733 1
18 1733 -1
33 1734 1
26 1734 -1
33 1735 1
21 1735 -1
33 1736 1
59 1736 -1
33 1737 1
58 1737 -1
33 1738 1
70 1738 -1
33 1739 1
68 1739 -1
33 1740 1
64 1740 -1
33 1741 1
55 1741 -1
33 1742 1
43 1742 -1
33 1743 1
20 1743 -1
33 1744 1
24 1744 -1
33 1745 1
28 1745 -1
33 1746 1
23 1746 -1
33 1747 1
30 1747 -1
33 1748 1
38 1748 -1
33 1749 1
56 1749 -1
34 1750 1
69 1750 -1
34 1751 1
54 1751 -1
34 1752 1
66 1752 -1
34 1753 1
35 1753 -1
34 1754 1
17 1754 -1
34 1755 1
36 1755 -1
34 1756 1
14 1756 -1
34 1757 1
32 1757 -1
34 1758 1
31 1758 -1
34 1759 1
13 1759 -1
34 1760 1
67 1760 -1
34 1761 1
72 1761 -1
34 1762 1
38 1762 -1
34 1763 1
57 1763 -1
34 1764 1
28 1764 -1
34 1765 1
46 1765 -1
34 1766 1
27 1766 -1
34 1767 1
8 1767 -1
34 1768 1
59 1768 -1
36 1769 1
12 1769 -1
36 1770 1
41 1770 -1
36 1771 1
66 1771 -1
36 1772 1
11 1772 -1
36 1773 1
18 1773 -1
36 1774 1
50 1774 -1
36 1775 1
55 1775 -1
36 1776 1
10 1776 -1
36 1777 1
9 1777 -1
36 1778 1
31 1778 -1
36 1779 1
26 1779 -1
36 1780 1
49 1780 -1
36 1781 1
25 1781 -1
36 1782 1
40 1782 -1
36 1783 1
48 1783 -1
36 1784 1
42 1784 -1
36 1785 1
30 1785 -1
36 1786 1
71 1786 -1
36 1787 1
53 1787 -1
36 1788 1
47 1788 -1
36 1789 1
8 1789 -1
36 1790 1
63 1790 -1
36 1791 1
45 1791 -1
36 1792 1
51 1792 -1
36 1793 1
46 1793 -1
36 1794 1
64 1794 -1
36 1795 1
57 1795 -1
36 1796 1
69 1796 -1
36 1797 1
22 1797 -1
36 1798 1
52 1798 -1
36 1799 1
20 1799 -1
36 1800 1
72 1800 -1
36 1801 1
35 1801 -1
36 1802 1
29 1802 -1
36 1803 1
61 1803 -1
36 1804 1
54 1804 -1
36 1805 1
38 1805 -1
36 1806 1
59 1806 -1
48 1807 1
26 1807 -1
48 1808 1
65 1808 -1
48 1809 1
22 1809 -1
48 1810 1
50 1810 -1
48 1811 1
31 1811 -1
48 1812 1
14 1812 -1
48 1813 1
60 1813 -1
48 1814 1
72 1814 -1
48 1815 1
71 1815 -1
48 1816 1
32 1816 -1
48 1817 1
66 1817 -1
48 1818 1
29 1818 -1
48 1819 1
6 1819 -1
48 1820 1
20 1820 -1
48 1821 1
49 1821 -1
48 1822 1
15 1822 -1
48 1823 1
62 1823 -1
48 1824 1
67 1824 -1
48 1825 1
27 1825 -1
48 1826 1
64 1826 -1
48 1827 1
42 1827 -1
48 1828 1
11 1828 -1
48 1829 1
68 1829 -1
48 1830 1
58 1830 -1
48 1831 1
8 1831 -1
48 1832 1
41 1832 -1
48 1833 1
40 1833 -1
48 1834 1
28 1834 -1
48 1835 1
59 1835 -1
48 1836 1
70 1836 -1
48 1837 1
37 1837 -1
48 1838 1
9 1838 -1
48 1839 1
25 1839 -1
48 1840 1
19 1840 -1
48 1841 1
51 1841 -1
48 1842 1
47 1842 -1
48 1843 1
21 1843 -1
48 1844 1
44 1844 -1
48 1845 1
39 1845 -1
48 1846 1
30 1846 -1
49 1847 1
61 1847 -1
49 1848 1
38 1848 -1
49 1849 1
70 1849 -1
49 1850 1
37 1850 -1
49 1851 1
68 1851 -1
49 1852 1
6 1852 -1
49 1853 1
54 1853 -1
49 1854 1
19 1854 -1
49 1855 1
18 1855 -1
49 1856 1
14 1856 -1
49 1857 1
52 1857 -1
49 1858 1
45 1858 -1
49 1859 1
57 1859 -1
49 1860 1
66 1860 -1
49 1861 1
9 1861 -1
49 1862 1
29 1862 -1
49 1863 1
34 1863 -1
49 1864 1
59 1864 -1
49 1865 1
17 1865 -1
49 1866 1
41 1866 -1
49 1867 1
47 1867 -1
49 1868 1
65 1868 -1
49 1869 1
50 1869 -1
49 1870 1
32 1870 -1
49 1871 1
73 1871 -1
49 1872 1
27 1872 -1
49 1873 1
10 1873 -1
49 1874 1
69 1874 -1
49 1875 1
21 1875 -1
49 1876 1
44 1876 -1
49 1877 1
25 1877 -1
49 1878 1
48 1878 -1
49 1879 1
64 1879 -1
49 1880 1
24 1880 -1
49 1881 1
8 1881 -1
49 1882 1
26 1882 -1
49 1883 1
51 1883 -1
50 1884 1
52 1884 -1
50 1885 1
62 1885 -1
50 1886 1
18 1886 -1
50 1887 1
21 1887 -1
50 1888 1
73 1888 -1
50 1889 1
38 1889 -1
50 1890 1
48 1890 -1
50 1891 1
36 1891 -1
50 1892 1
23 1892 -1
50 1893 1
70 1893 -1
50 1894 1
53 1894 -1
50 1895 1
59 1895 -1
50 1896 1
14 1896 -1
50 1897 1
42 1897 -1
50 1898 1
10 1898 -1
52 1899 1
73 1899 -1
52 1900 1
32 1900 -1
52 1901 1
8 1901 -1
52 1902 1
46 1902 -1
52 1903 1
24 1903 -1
52 1904 1
40 1904 -1
52 1905 1
29 1905 -1
52 1906 1
6 1906 -1
52 1907 1
67 1907 -1
52 1908 1
38 1908 -1
52 1909 1
13 1909 -1
52 1910 1
18 1910 -1
52 1911 1
33 1911 -1
52 1912 1
20 1912 -1
52 1913 1
41 1913 -1
52 1914 1
36 1914 -1
52 1915 1
68 1915 -1
52 1916 1
28 1916 -1
52 1917 1
47 1917 -1
52 1918 1
45 1918 -1
52 1919 1
7 1919 -1
52 1920 1
54 1920 -1
56 1921 1
33 1921 -1
56 1922 1
66 1922 -1
56 1923 1
34 1923 -1
56 1924 1
61 1924 -1
56 1925 1
67 1925 -1
56 1926 1
10 1926 -1
61 1927 1
36 1927 -1
61 1928 1
39 1928 -1
61 1929 1
51 1929 -1
61 1930 1
38 1930 -1
61 1931 1
42 1931 -1
61 1932 1
14 1932 -1
61 1933 1
64 1933 -1
69 1934 1
15 1934 -1
69 1935 1
61 1935 -1
69 1936 1
66 1936 -1
69 1937 1
34 1937 -1
69 1938 1
9 1938 -1
69 1939 1
68 1939 -1
69 1940 1
48 1940 -1
69 1941 1
8 1941 -1
69 1942 1
41 1942 -1
69 1943 1
21 1943 -1
69 1944 1
36 1944 -1
69 1945 1
11 1945 -1
69 1946 1
42 1946 -1
69 1947 1
26 1947 -1
69 1948 1
65 1948 -1
70 1949 1
50 1949 -1
70 1950 1
40 1950 -1
70 1951 1
56 1951 -1
70 1952 1
69 1952 -1
70 1953 1
11 1953 -1
70 1954 1
8 1954 -1
70 1955 1
41 1955 -1
70 1956 1
15 1956 -1
70 1957 1
25 1957 -1
70 1958 1
27 1958 -1
70 1959 1
23 1959 -1
70 1960 1
43 1960 -1
70 1961 1
71 1961 -1
70 1962 1
59 1962 -1
70 1963 1
51 1963 -1
70 1964 1
58 1964 -1
70 1965 1
28 1965 -1
70 1966 1
20 1966 -1
70 1967 1
13 1967 -1
70 1968 1
35 1968 -1
70 1969 1
49 1969 -1
70 1970 1
7 1970 -1
71 1971 1
13 1971 -1
71 1972 1
26 1972 -1
71 1973 1
25 1973 -1
71 1974 1
33 1974 -1
71 1975 1
49 1975 -1
71 1976 1
65 1976 -1
71 1977 1
34 1977 -1
71 1978 1
59 1978 -1
71 1979 1
21 1979 -1
71 1980 1
62 1980 -1
71 1981 1
19 1981 -1
71 1982 1
44 1982 -1
71 1983 1
27 1983 -1
71 1984 1
43 1984 -1
71 1985 1
47 1985 -1
71 1986 1
14 1986 -1
71 1987 1
38 1987 -1
71 1988 1
35 1988 -1
71 1989 1
11 1989 -1
71 1990 1
22 1990 -1
71 1991 1
54 1991 -1
71 1992 1
69 1992 -1
71 1993 1
17 1993 -1
71 1994 1
40 1994 -1
71 1995 1
57 1995 -1
71 1996 1
37 1996 -1
71 1997 1
64 1997 -1
71 1998 1
18 1998 -1
71 1999 1
23 1999 -1
71 2000 1
28 2000 -1
