1 1 1
5 1 -1
1 2 1
55 2 -1
1 3 1
33 3 -1
1 4 1
65 4 -1
1 5 1
12 5 -1
1 6 1
21 6 -1
1 7 1
25 7 -1
1 8 1
6 8 -1
1 9 1
9 9 -1
1 10 1
16 10 -1
1 11 1
69 11 -1
1 12 1
47 12 -1
1 13 1
60 13 -1
1 14 1
13 14 -1
1 15 1
22 15 -1
1 16 1
59 16 -1
1 17 1
41 17 -1
1 18 1
36 18 -1
1 19 1
34 19 -1
1 20 1
15 20 -1
1 21 1
61 21 -1
1 22 1
39 22 -1
1 23 1
58 23 -1
1 24 1
10 24 -1
1 25 1
27 25 -1
1 26 1
29 26 -1
1 27 1
63 27 -1
1 28 1
26 28 -1
1 29 1
48 29 -1
1 30 1
7 30 -1
1 31 1
24 31 -1
1 32 1
40 32 -1
5 33 1
65 33 -1
5 34 1
19 34 -1
5 35 1
34 35 -1
5 36 1
72 36 -1
5 37 1
17 37 -1
5 38 1
38 38 -1
5 39 1
59 39 -1
5 40 1
29 40 -1
5 41 1
58 41 -1
5 42 1
40 42 -1
5 43 1
57 43 -1
5 44 1
66 44 -1
5 45 1
36 45 -1
20 46 1
21 46 -1
20 47 1
24 47 -1
20 48 1
10 48 -1
20 49 1
29 49 -1
21 50 1
30 50 -1
21 51 1
10 51 -1
21 52 1
20 52 -1
21 53 1
43 53 -1
21 54 1
67 54 -1
21 55 1
27 55 -1
21 56 1
49 56 -1
21 57 1
45 57 -1
21 58 1
44 58 -1
21 59 1
37 59 -1
21 60 1
35 60 -1
21 61 1
56 61 -1
21 62 1
61 62 -1
21 63 1
25 63 -1
21 64 1
13 64 -1
21 65 1
40 65 -1
21 66 1
54 66 -1
21 67 1
18 67 -1
21 68 1
39 68 -1
21 69 1
65 69 -1
21 70 1
51 70 -1
21 71 1
47 71 -1
21 72 1
32 72 -1
21 73 1
12 73 -1
21 74 1
16 74 -1
21 75 1
73 75 -1
21 76 1
58 76 -1
21 77 1
48 77 -1
21 78 1
9 78 -1
21 79 1
33 79 -1
21 80 1
70 80 -1
21 81 1
8 81 -1
21 82 1
63 82 -1
21 83 1
19 83 -1
21 84 1
66 84 -1
21 85 1
42 85 -1
21 86 1
24 86 -1
21 87 1
46 87 -1
21 88 1
50 88 -1
21 89 1
29 89 -1
21 90 1
64 90 -1
21 91 1
38 91 -1
21 92 1
23 92 -1
21 93 1
69 93 -1
22 94 1
20 94 -1
22 95 1
27 95 -1
22 96 1
36 96 -1
22 97 1
38 97 -1
22 98 1
28 98 -1
22 99 1
48 99 -1
22 100 1
14 100 -1
22 101 1
59 101 -1
22 102 1
73 102 -1
22 103 1
56 103 -1
22 104 1
41 104 -1
22 105 1
47 105 -1
22 106 1
52 106 -1
22 107 1
43 107 -1
22 108 1
40 108 -1
22 109 1
33 109 -1
22 110 1
12 110 -1
22 111 1
13 111 -1
22 112 1
51 112 -1
22 113 1
15 113 -1
22 114 1
16 114 -1
22 115 1
23 115 -1
22 116 1
37 116 -1
22 117 1
49 117 -1
22 118 1
8 118 -1
22 119 1
30 119 -1
22 120 1
6 120 -1
22 121 1
19 121 -1
30 122 1
57 122 -1
30 123 1
70 123 -1
30 124 1
50 124 -1
30 125 1
21 125 -1
30 126 1
11 126 -1
30 127 1
45 127 -1
30 128 1
7 128 -1
30 129 1
69 129 -1
30 130 1
46 130 -1
30 131 1
72 131 -1
30 132 1
20 132 -1
30 133 1
71 133 -1
30 134 1
55 134 -1
30 135 1
23 135 -1
30 136 1
33 136 -1
30 137 1
64 137 -1
30 138 1
16 138 -1
30 139 1
37 139 -1
30 140 1
43 140 -1
30 141 1
52 141 -1
30 142 1
54 142 -1
30 143 1
10 143 -1
30 144 1
15 144 -1
30 145 1
60 145 -1
30 146 1
26 146 -1
30 147 1
65 147 -1
30 148 1
40 148 -1
30 149 1
61 149 -1
30 150 1
38 150 -1
30 151 1
27 151 -1
30 152 1
68 152 -1
30 153 1
42 153 -1
30 154 1
44 154 -1
30 155 1
28 155 -1
30 156 1
29 156 -1
30 157 1
13 157 -1
30 158 1
14 158 -1
30 159 1
6 159 -1
30 160 1
59 160 -1
30 161 1
35 161 -1
30 162 1
56 162 -1
30 163 1
47 163 -1
30 164 1
25 164 -1
30 165 1
22 165 -1
30 166 1
8 166 -1
30 167 1
63 167 -1
30 168 1
41 168 -1
30 169 1
36 169 -1
30 170 1
5 170 -1
30 171 1
62 171 -1
30 172 1
66 172 -1
30 173 1
17 173 -1
30 174 1
24 174 -1
31 175 1
36 175 -1
31 176 1
57 176 -1
31 177 1
45 177 -1
31 178 1
26 178 -1
31 179 1
50 179 -1
31 180 1
69 180 -1
31 181 1
35 181 -1
31 182 1
72 182 -1
31 183 1
6 183 -1
31 184 1
9 184 -1
31 185 1
39 185 -1
31 186 1
20 186 -1
31 187 1
67 187 -1
31 188 1
25 188 -1
31 189 1
56 189 -1
31 190 1
66 190 -1
31 191 1
32 191 -1
31 192 1
22 192 -1
31 193 1
30 193 -1
31 194 1
65 194 -1
31 195 1
38 195 -1
31 196 1
48 196 -1
31 197 1
51 197 -1
31 198 1
34 198 -1
31 199 1
46 199 -1
31 200 1
40 200 -1
31 201 1
52 201 -1
31 202 1
27 202 -1
31 203 1
73 203 -1
31 204 1
10 204 -1
31 205 1
12 205 -1
31 206 1
64 206 -1
31 207 1
19 207 -1
31 208 1
58 208 -1
31 209 1
33 209 -1
31 210 1
16 210 -1
31 211 1
49 211 -1
31 212 1
70 212 -1
31 213 1
62 213 -1
31 214 1
63 214 -1
31 215 1
14 215 -1
31 216 1
23 216 -1
31 217 1
47 217 -1
31 218 1
59 218 -1
31 219 1
44 219 -1
33 220 1
69 220 -1
33 221 1
66 221 -1
33 222 1
37 222 -1
33 223 1
47 223 -1
33 224 1
7 224 -1
33 225 1
56 225 -1
33 226 1
62 226 -1
33 227 1
43 227 -1
33 228 1
51 228 -1
33 229 1
12 229 -1
33 230 1
54 230 -1
33 231 1
5 231 -1
33 232 1
17 232 -1
33 233 1
55 233 -1
33 234 1
28 234 -1
33 235 1
23 235 -1
33 236 1
22 236 -1
33 237 1
45 237 -1
33 238 1
61 238 -1
33 239 1
9 239 -1
33 240 1
25 240 -1
33 241 1
31 241 -1
33 242 1
60 242 -1
33 243 1
8 243 -1
33 244 1
63 244 -1
33 245 1
24 245 -1
33 246 1
41 246 -1
33 247 1
10 247 -1
33 248 1
42 248 -1
33 249 1
68 249 -1
33 250 1
39 250 -1
33 251 1
21 251 -1
33 252 1
52 252 -1
33 253 1
53 253 -1
35 254 1
31 254 -1
35 255 1
64 255 -1
35 256 1
70 256 -1
35 257 1
30 257 -1
35 258 1
72 258 -1
35 259 1
50 259 -1
35 260 1
23 260 -1
35 261 1
45 261 -1
35 262 1
8 262 -1
35 263 1
55 263 -1
35 264 1
7 264 -1
35 265 1
40 265 -1
35 266 1
34 266 -1
35 267 1
56 267 -1
35 268 1
38 268 -1
35 269 1
60 269 -1
35 270 1
51 270 -1
35 271 1
16 271 -1
35 272 1
47 272 -1
35 273 1
49 273 -1
35 274 1
66 274 -1
35 275 1
59 275 -1
35 276 1
54 276 -1
35 277 1
37 277 -1
35 278 1
41 278 -1
35 279 1
71 279 -1
35 280 1
57 280 -1
35 281 1
26 281 -1
35 282 1
28 282 -1
35 283 1
42 283 -1
35 284 1
29 284 -1
35 285 1
17 285 -1
35 286 1
10 286 -1
35 287 1
6 287 -1
35 288 1
32 288 -1
35 289 1
36 289 -1
35 290 1
53 290 -1
35 291 1
52 291 -1
35 292 1
21 292 -1
35 293 1
48 293 -1
35 294 1
12 294 -1
35 295 1
68 295 -1
35 296 1
5 296 -1
35 297 1
39 297 -1
36 298 1
52 298 -1
36 299 1
65 299 -1
36 300 1
59 300 -1
36 301 1
56 301 -1
36 302 1
19 302 -1
36 303 1
27 303 -1
36 304 1
49 304 -1
36 305 1
14 305 -1
36 306 1
12 306 -1
36 307 1
58 307 -1
36 308 1
9 308 -1
36 309 1
54 309 -1
36 310 1
11 310 -1
36 311 1
53 311 -1
36 312 1
17 312 -1
36 313 1
43 313 -1
36 314 1
38 314 -1
36 315 1
6 315 -1
36 316 1
64 316 -1
36 317 1
60 317 -1
36 318 1
66 318 -1
43 319 1
71 319 -1
43 320 1
5 320 -1
43 321 1
30 321 -1
43 322 1
52 322 -1
43 323 1
22 323 -1
43 324 1
45 324 -1
43 325 1
13 325 -1
43 326 1
58 326 -1
43 327 1
25 327 -1
43 328 1
21 328 -1
43 329 1
23 329 -1
43 330 1
51 330 -1
43 331 1
33 331 -1
43 332 1
50 332 -1
43 333 1
27 333 -1
43 334 1
16 334 -1
43 335 1
36 335 -1
43 336 1
34 336 -1
43 337 1
17 337 -1
43 338 1
55 338 -1
43 339 1
14 339 -1
43 340 1
29 340 -1
48 341 1
50 341 -1
48 342 1
15 342 -1
48 343 1
27 343 -1
48 344 1
62 344 -1
48 345 1
34 345 -1
48 346 1
10 346 -1
48 347 1
31 347 -1
48 348 1
6 348 -1
48 349 1
70 349 -1
48 350 1
71 350 -1
48 351 1
38 351 -1
48 352 1
53 352 -1
48 353 1
55 353 -1
48 354 1
36 354 -1
48 355 1
63 355 -1
48 356 1
14 356 -1
48 357 1
69 357 -1
48 358 1
58 358 -1
48 359 1
47 359 -1
48 360 1
41 360 -1
48 361 1
35 361 -1
48 362 1
66 362 -1
48 363 1
7 363 -1
48 364 1
42 364 -1
48 365 1
54 365 -1
48 366 1
44 366 -1
48 367 1
12 367 -1
48 368 1
17 368 -1
48 369 1
46 369 -1
48 370 1
29 370 -1
48 371 1
56 371 -1
48 372 1
68 372 -1
48 373 1
59 373 -1
48 374 1
16 374 -1
48 375 1
20 375 -1
48 376 1
72 376 -1
48 377 1
37 377 -1
48 378 1
18 378 -1
48 379 1
45 379 -1
48 380 1
30 380 -1
48 381 1
57 381 -1
48 382 1
9 382 -1
48 383 1
23 383 -1
50 384 1
33 384 -1
50 385 1
64 385 -1
50 386 1
65 386 -1
50 387 1
40 387 -1
50 388 1
30 388 -1
50 389 1
67 389 -1
50 390 1
11 390 -1
50 391 1
39 391 -1
50 392 1
42 392 -1
50 393 1
35 393 -1
50 394 1
51 394 -1
50 395 1
18 395 -1
50 396 1
19 396 -1
50 397 1
7 397 -1
50 398 1
49 398 -1
50 399 1
8 399 -1
50 400 1
54 400 -1
50 401 1
58 401 -1
50 402 1
52 402 -1
50 403 1
48 403 -1
50 404 1
5 404 -1
50 405 1
62 405 -1
50 406 1
37 406 -1
50 407 1
70 407 -1
50 408 1
59 408 -1
50 409 1
27 409 -1
50 410 1
41 410 -1
50 411 1
24 411 -1
51 412 1
68 412 -1
51 413 1
25 413 -1
51 414 1
20 414 -1
52 415 1
48 415 -1
52 416 1
44 416 -1
52 417 1
66 417 -1
52 418 1
30 418 -1
52 419 1
22 419 -1
52 420 1
39 420 -1
52 421 1
7 421 -1
52 422 1
8 422 -1
52 423 1
43 423 -1
52 424 1
13 424 -1
52 425 1
55 425 -1
52 426 1
49 426 -1
52 427 1
21 427 -1
52 428 1
68 428 -1
57 429 1
35 429 -1
57 430 1
33 430 -1
57 431 1
34 431 -1
57 432 1
22 432 -1
57 433 1
50 433 -1
57 434 1
43 434 -1
57 435 1
73 435 -1
57 436 1
6 436 -1
57 437 1
30 437 -1
57 438 1
27 438 -1
57 439 1
26 439 -1
57 440 1
41 440 -1
57 441 1
25 441 -1
57 442 1
15 442 -1
57 443 1
65 443 -1
57 444 1
68 444 -1
57 445 1
62 445 -1
57 446 1
48 446 -1
57 447 1
54 447 -1
65 448 1
22 448 -1
65 449 1
47 449 -1
65 450 1
14 450 -1
65 451 1
46 451 -1
65 452 1
15 452 -1
65 453 1
7 453 -1
65 454 1
36 454 -1
65 455 1
64 455 -1
65 456 1
20 456 -1
65 457 1
72 457 -1
66 458 1
51 458 -1
66 459 1
56 459 -1
66 460 1
48 460 -1
66 461 1
29 461 -1
66 462 1
44 462 -1
66 463 1
25 463 -1
66 464 1
17 464 -1
66 465 1
21 465 -1
66 466 1
63 466 -1
66 467 1
69 467 -1
66 468 1
36 468 -1
66 469 1
62 469 -1
66 470 1
50 470 -1
66 471 1
24 471 -1
66 472 1
22 472 -1
66 473 1
10 473 -1
66 474 1
16 474 -1
66 475 1
32 475 -1
66 476 1
65 476 -1
66 477 1
12 477 -1
66 478 1
20 478 -1
66 479 1
59 479 -1
66 480 1
73 480 -1
66 481 1
70 481 -1
66 482 1
42 482 -1
66 483 1
64 483 -1
66 484 1
60 484 -1
66 485 1
67 485 -1
66 486 1
49 486 -1
68 487 1
43 487 -1
68 488 1
57 488 -1
68 489 1
11 489 -1
68 490 1
54 490 -1
68 491 1
22 491 -1
68 492 1
61 492 -1
68 493 1
53 493 -1
68 494 1
21 494 -1
68 495 1
33 495 -1
68 496 1
35 496 -1
68 497 1
29 497 -1
68 498 1
15 498 -1
68 499 1
72 499 -1
68 500 1
28 500 -1
68 501 1
31 501 -1
68 502 1
45 502 -1
68 503 1
73 503 -1
68 504 1
59 504 -1
68 505 1
32 505 -1
68 506 1
26 506 -1
68 507 1
5 507 -1
68 508 1
25 508 -1
68 509 1
13 509 -1
68 510 1
47 510 -1
68 511 1
12 511 -1
68 512 1
39 512 -1
68 513 1
18 513 -1
68 514 1
24 514 -1
68 515 1
17 515 -1
68 516 1
46 516 -1
68 517 1
48 517 -1
2 518 1
60 518 -1
2 519 1
69 519 -1
2 520 1
5 520 -1
2 521 1
23 521 -1
2 522 1
6 522 -1
2 523 1
70 523 -1
2 524 1
8 524 -1
2 525 1
46 525 -1
2 526 1
48 526 -1
2 527 1
32 527 -1
2 528 1
40 528 -1
2 529 1
30 529 -1
2 530 1
52 530 -1
2 531 1
28 531 -1
2 532 1
35 532 -1
2 533 1
21 533 -1
2 534 1
72 534 -1
2 535 1
53 535 -1
2 536 1
11 536 -1
2 537 1
51 537 -1
2 538 1
55 538 -1
2 539 1
36 539 -1
2 540 1
50 540 -1
2 541 1
59 541 -1
2 542 1
39 542 -1
2 543 1
37 543 -1
2 544 1
17 544 -1
2 545 1
15 545 -1
2 546 1
24 546 -1
2 547 1
64 547 -1
2 548 1
25 548 -1
2 549 1
42 549 -1
2 550 1
19 550 -1
2 551 1
58 551 -1
2 552 1
66 552 -1
2 553 1
71 553 -1
2 554 1
14 554 -1
2 555 1
13 555 -1
2 556 1
12 556 -1
7 557 1
19 557 -1
7 558 1
62 558 -1
7 559 1
28 559 -1
7 560 1
6 560 -1
7 561 1
57 561 -1
7 562 1
17 562 -1
7 563 1
65 563 -1
7 564 1
52 564 -1
7 565 1
13 565 -1
7 566 1
41 566 -1
7 567 1
44 567 -1
7 568 1
26 568 -1
7 569 1
21 569 -1
7 570 1
25 570 -1
7 571 1
5 571 -1
7 572 1
54 572 -1
7 573 1
55 573 -1
7 574 1
35 574 -1
7 575 1
73 575 -1
7 576 1
63 576 -1
7 577 1
34 577 -1
7 578 1
24 578 -1
7 579 1
47 579 -1
7 580 1
72 580 -1
7 581 1
15 581 -1
7 582 1
39 582 -1
7 583 1
38 583 -1
7 584 1
29 584 -1
7 585 1
45 585 -1
7 586 1
12 586 -1
7 587 1
60 587 -1
7 588 1
37 588 -1
7 589 1
68 589 -1
10 590 1
25 590 -1
10 591 1
54 591 -1
10 592 1
14 592 -1
10 593 1
19 593 -1
10 594 1
56 594 -1
10 595 1
26 595 -1
10 596 1
72 596 -1
10 597 1
71 597 -1
10 598 1
58 598 -1
10 599 1
9 599 -1
10 600 1
24 600 -1
10 601 1
64 601 -1
10 602 1
45 602 -1
10 603 1
15 603 -1
10 604 1
37 604 -1
10 605 1
11 605 -1
10 606 1
62 606 -1
10 607 1
31 607 -1
10 608 1
41 608 -1
10 609 1
13 609 -1
10 610 1
22 610 -1
10 611 1
44 611 -1
10 612 1
48 612 -1
10 613 1
12 613 -1
10 614 1
50 614 -1
10 615 1
43 615 -1
10 616 1
67 616 -1
10 617 1
49 617 -1
10 618 1
6 618 -1
10 619 1
65 619 -1
10 620 1
39 620 -1
10 621 1
21 621 -1
10 622 1
36 622 -1
10 623 1
70 623 -1
10 624 1
29 624 -1
10 625 1
46 625 -1
10 626 1
59 626 -1
10 627 1
38 627 -1
10 628 1
42 628 -1
10 629 1
35 629 -1
10 630 1
16 630 -1
10 631 1
5 631 -1
10 632 1
69 632 -1
10 633 1
23 633 -1
10 634 1
34 634 -1
10 635 1
20 635 -1
10 636 1
8 636 -1
10 637 1
68 637 -1
10 638 1
57 638 -1
10 639 1
30 639 -1
10 640 1
28 640 -1
10 641 1
66 641 -1
10 642 1
33 642 -1
11 643 1
69 643 -1
11 644 1
71 644 -1
11 645 1
68 645 -1
11 646 1
60 646 -1
11 647 1
65 647 -1
11 648 1
42 648 -1
11 649 1
40 649 -1
11 650 1
63 650 -1
11 651 1
23 651 -1
11 652 1
27 652 -1
11 653 1
73 653 -1
11 654 1
37 654 -1
11 655 1
33 655 -1
11 656 1
50 656 -1
11 657 1
46 657 -1
11 658 1
21 658 -1
11 659 1
24 659 -1
11 660 1
17 660 -1
11 661 1
48 661 -1
11 662 1
31 662 -1
11 663 1
14 663 -1
13 664 1
39 664 -1
13 665 1
6 665 -1
13 666 1
22 666 -1
13 667 1
7 667 -1
13 668 1
16 668 -1
13 669 1
11 669 -1
13 670 1
10 670 -1
13 671 1
69 671 -1
13 672 1
68 672 -1
13 673 1
26 673 -1
13 674 1
56 674 -1
13 675 1
24 675 -1
13 676 1
18 676 -1
13 677 1
71 677 -1
13 678 1
73 678 -1
13 679 1
23 679 -1
13 680 1
63 680 -1
13 681 1
32 681 -1
13 682 1
5 682 -1
13 683 1
28 683 -1
13 684 1
42 684 -1
13 685 1
19 685 -1
13 686 1
72 686 -1
13 687 1
35 687 -1
13 688 1
40 688 -1
19 689 1
40 689 -1
19 690 1
14 690 -1
19 691 1
13 691 -1
19 692 1
37 692 -1
19 693 1
46 693 -1
19 694 1
10 694 -1
19 695 1
27 695 -1
19 696 1
72 696 -1
19 697 1
12 697 -1
19 698 1
66 698 -1
19 699 1
6 699 -1
19 700 1
22 700 -1
19 701 1
67 701 -1
19 702 1
69 702 -1
19 703 1
11 703 -1
19 704 1
16 704 -1
19 705 1
43 705 -1
19 706 1
17 706 -1
19 707 1
53 707 -1
19 708 1
24 708 -1
19 709 1
34 709 -1
19 710 1
70 710 -1
19 711 1
41 711 -1
19 712 1
32 712 -1
19 713 1
51 713 -1
19 714 1
59 714 -1
19 715 1
7 715 -1
19 716 1
48 716 -1
19 717 1
25 717 -1
19 718 1
52 718 -1
25 719 1
54 719 -1
25 720 1
60 720 -1
25 721 1
57 721 -1
25 722 1
17 722 -1
25 723 1
55 723 -1
25 724 1
61 724 -1
25 725 1
42 725 -1
25 726 1
63 726 -1
25 727 1
62 727 -1
25 728 1
41 728 -1
25 729 1
30 729 -1
25 730 1
58 730 -1
25 731 1
46 731 -1
25 732 1
49 732 -1
25 733 1
7 733 -1
25 734 1
35 734 -1
25 735 1
36 735 -1
25 736 1
22 736 -1
25 737 1
40 737 -1
25 738 1
38 738 -1
25 739 1
51 739 -1
25 740 1
53 740 -1
25 741 1
44 741 -1
25 742 1
16 742 -1
25 743 1
70 743 -1
25 744 1
19 744 -1
25 745 1
59 745 -1
25 746 1
43 746 -1
25 747 1
48 747 -1
25 748 1
27 748 -1
25 749 1
50 749 -1
25 750 1
34 750 -1
25 751 1
20 751 -1
25 752 1
37 752 -1
25 753 1
47 753 -1
25 754 1
6 754 -1
25 755 1
13 755 -1
25 756 1
33 756 -1
25 757 1
29 757 -1
25 758 1
65 758 -1
25 759 1
31 759 -1
25 760 1
18 760 -1
25 761 1
8 761 -1
27 762 1
58 762 -1
27 763 1
54 763 -1
27 764 1
5 764 -1
27 765 1
50 765 -1
27 766 1
38 766 -1
27 767 1
12 767 -1
27 768 1
41 768 -1
27 769 1
55 769 -1
29 770 1
27 770 -1
29 771 1
41 771 -1
29 772 1
61 772 -1
29 773 1
10 773 -1
34 774 1
10 774 -1
34 775 1
6 775 -1
34 776 1
43 776 -1
34 777 1
64 777 -1
34 778 1
47 778 -1
34 779 1
65 779 -1
34 780 1
67 780 -1
34 781 1
50 781 -1
34 782 1
69 782 -1
34 783 1
23 783 -1
34 784 1
39 784 -1
34 785 1
62 785 -1
34 786 1
11 786 -1
34 787 1
30 787 -1
34 788 1
7 788 -1
34 789 1
44 789 -1
34 790 1
8 790 -1
34 791 1
18 791 -1
34 792 1
31 792 -1
34 793 1
60 793 -1
39 794 1
49 794 -1
39 795 1
52 795 -1
39 796 1
35 796 -1
39 797 1
64 797 -1
39 798 1
46 798 -1
39 799 1
70 799 -1
39 800 1
13 800 -1
39 801 1
51 801 -1
39 802 1
20 802 -1
39 803 1
71 803 -1
39 804 1
45 804 -1
39 805 1
6 805 -1
39 806 1
56 806 -1
39 807 1
55 807 -1
39 808 1
40 808 -1
39 809 1
33 809 -1
39 810 1
5 810 -1
39 811 1
65 811 -1
39 812 1
42 812 -1
39 813 1
10 813 -1
39 814 1
14 814 -1
39 815 1
43 815 -1
39 816 1
9 816 -1
39 817 1
15 817 -1
39 818 1
30 818 -1
39 819 1
59 819 -1
39 820 1
53 820 -1
39 821 1
23 821 -1
39 822 1
44 822 -1
39 823 1
37 823 -1
39 824 1
58 824 -1
39 825 1
24 825 -1
39 826 1
18 826 -1
39 827 1
69 827 -1
39 828 1
21 828 -1
39 829 1
28 829 -1
39 830 1
62 830 -1
39 831 1
54 831 -1
39 832 1
29 832 -1
39 833 1
67 833 -1
39 834 1
8 834 -1
39 835 1
19 835 -1
39 836 1
22 836 -1
39 837 1
17 837 -1
39 838 1
57 838 -1
39 839 1
36 839 -1
39 840 1
32 840 -1
39 841 1
16 841 -1
39 842 1
61 842 -1
39 843 1
48 843 -1
39 844 1
31 844 -1
39 845 1
26 845 -1
39 846 1
27 846 -1
39 847 1
38 847 -1
39 848 1
50 848 -1
39 849 1
66 849 -1
39 850 1
11 850 -1
39 851 1
41 851 -1
40 852 1
29 852 -1
40 853 1
59 853 -1
40 854 1
39 854 -1
40 855 1
31 855 -1
47 856 1
7 856 -1
47 857 1
27 857 -1
47 858 1
29 858 -1
47 859 1
73 859 -1
47 860 1
19 860 -1
47 861 1
25 861 -1
47 862 1
46 862 -1
47 863 1
18 863 -1
47 864 1
5 864 -1
47 865 1
10 865 -1
47 866 1
14 866 -1
47 867 1
41 867 -1
47 868 1
60 868 -1
47 869 1
28 869 -1
47 870 1
26 870 -1
47 871 1
13 871 -1
47 872 1
6 872 -1
47 873 1
17 873 -1
47 874 1
65 874 -1
47 875 1
50 875 -1
47 876 1
43 876 -1
47 877 1
12 877 -1
47 878 1
16 878 -1
47 879 1
55 879 -1
47 880 1
57 880 -1
47 881 1
11 881 -1
47 882 1
49 882 -1
49 883 1
34 883 -1
49 884 1
14 884 -1
49 885 1
8 885 -1
49 886 1
52 886 -1
49 887 1
10 887 -1
49 888 1
71 888 -1
49 889 1
66 889 -1
49 890 1
15 890 -1
49 891 1
25 891 -1
49 892 1
44 892 -1
49 893 1
41 893 -1
49 894 1
5 894 -1
49 895 1
19 895 -1
49 896 1
69 896 -1
49 897 1
72 897 -1
49 898 1
51 898 -1
49 899 1
59 899 -1
49 900 1
18 900 -1
49 901 1
46 901 -1
49 902 1
22 902 -1
49 903 1
26 903 -1
49 904 1
24 904 -1
49 905 1
67 905 -1
49 906 1
55 906 -1
49 907 1
47 907 -1
49 908 1
53 908 -1
49 909 1
20 909 -1
49 910 1
64 910 -1
49 911 1
62 911 -1
49 912 1
11 912 -1
49 913 1
61 913 -1
49 914 1
63 914 -1
49 915 1
57 915 -1
49 916 1
36 916 -1
49 917 1
38 917 -1
49 918 1
45 918 -1
49 919 1
48 919 -1
49 920 1
37 920 -1
49 921 1
21 921 -1
49 922 1
32 922 -1
49 923 1
68 923 -1
49 924 1
17 924 -1
54 925 1
11 925 -1
54 926 1
53 926 -1
54 927 1
31 927 -1
54 928 1
32 928 -1
54 929 1
25 929 -1
58 930 1
13 930 -1
58 931 1
59 931 -1
58 932 1
43 932 -1
58 933 1
30 933 -1
58 934 1
18 934 -1
58 935 1
8 935 -1
58 936 1
7 936 -1
58 937 1
19 937 -1
58 938 1
71 938 -1
58 939 1
51 939 -1
58 940 1
60 940 -1
58 941 1
64 941 -1
58 942 1
11 942 -1
58 943 1
26 943 -1
58 944 1
9 944 -1
58 945 1
17 945 -1
58 946 1
72 946 -1
58 947 1
10 947 -1
58 948 1
49 948 -1
58 949 1
36 949 -1
58 950 1
65 950 -1
58 951 1
16 951 -1
58 952 1
62 952 -1
58 953 1
63 953 -1
58 954 1
32 954 -1
58 955 1
14 955 -1
58 956 1
55 956 -1
58 957 1
6 957 -1
58 958 1
41 958 -1
58 959 1
70 959 -1
58 960 1
5 960 -1
58 961 1
53 961 -1
58 962 1
21 962 -1
58 963 1
48 963 -1
58 964 1
27 964 -1
58 965 1
50 965 -1
58 966 1
38 966 -1
58 967 1
23 967 -1
58 968 1
68 968 -1
58 969 1
46 969 -1
58 970 1
12 970 -1
58 971 1
57 971 -1
58 972 1
34 972 -1
58 973 1
25 973 -1
58 974 1
45 974 -1
58 975 1
20 975 -1
58 976 1
37 976 -1
58 977 1
73 977 -1
58 978 1
28 978 -1
58 979 1
52 979 -1
60 980 1
62 980 -1
60 981 1
36 981 -1
60 982 1
38 982 -1
60 983 1
17 983 -1
60 984 1
27 984 -1
60 985 1
34 985 -1
60 986 1
65 986 -1
60 987 1
10 987 -1
60 988 1
22 988 -1
60 989 1
25 989 -1
60 990 1
48 990 -1
60 991 1
30 991 -1
60 992 1
57 992 -1
60 993 1
31 993 -1
60 994 1
49 994 -1
60 995 1
19 995 -1
60 996 1
20 996 -1
60 997 1
64 997 -1
62 998 1
47 998 -1
62 999 1
21 999 -1
62 1000 1
35 1000 -1
62 1001 1
39 1001 -1
62 1002 1
15 1002 -1
62 1003 1
26 1003 -1
62 1004 1
36 1004 -1
62 1005 1
38 1005 -1
62 1006 1
60 1006 -1
62 1007 1
20 1007 -1
62 1008 1
25 1008 -1
62 1009 1
41 1009 -1
62 1010 1
66 1010 -1
62 1011 1
17 1011 -1
62 1012 1
12 1012 -1
62 1013 1
51 1013 -1
62 1014 1
7 1014 -1
62 1015 1
45 1015 -1
62 1016 1
72 1016 -1
62 1017 1
28 1017 -1
62 1018 1
11 1018 -1
62 1019 1
69 1019 -1
62 1020 1
49 1020 -1
62 1021 1
40 1021 -1
62 1022 1
27 1022 -1
62 1023 1
44 1023 -1
62 1024 1
56 1024 -1
62 1025 1
68 1025 -1
62 1026 1
32 1026 -1
62 1027 1
34 1027 -1
62 1028 1
65 1028 -1
62 1029 1
61 1029 -1
62 1030 1
48 1030 -1
62 1031 1
19 1031 -1
62 1032 1
33 1032 -1
62 1033 1
53 1033 -1
62 1034 1
24 1034 -1
62 1035 1
73 1035 -1
62 1036 1
54 1036 -1
62 1037 1
59 1037 -1
62 1038 1
57 1038 -1
62 1039 1
8 1039 -1
62 1040 1
13 1040 -1
62 1041 1
29 1041 -1
62 1042 1
22 1042 -1
62 1043 1
46 1043 -1
62 1044 1
10 1044 -1
62 1045 1
42 1045 -1
62 1046 1
52 1046 -1
3 1047 1
12 1047 -1
3 1048 1
72 1048 -1
3 1049 1
36 1049 -1
3 1050 1
70 1050 -1
3 1051 1
21 1051 -1
3 1052 1
66 1052 -1
3 1053 1
22 1053 -1
3 1054 1
48 1054 -1
3 1055 1
47 1055 -1
3 1056 1
52 1056 -1
3 1057 1
17 1057 -1
3 1058 1
32 1058 -1
3 1059 1
67 1059 -1
3 1060 1
33 1060 -1
3 1061 1
19 1061 -1
3 1062 1
42 1062 -1
3 1063 1
24 1063 -1
3 1064 1
68 1064 -1
3 1065 1
7 1065 -1
3 1066 1
26 1066 -1
3 1067 1
40 1067 -1
3 1068 1
34 1068 -1
3 1069 1
56 1069 -1
3 1070 1
59 1070 -1
3 1071 1
65 1071 -1
3 1072 1
60 1072 -1
3 1073 1
30 1073 -1
3 1074 1
54 1074 -1
3 1075 1
14 1075 -1
3 1076 1
11 1076 -1
6 1077 1
53 1077 -1
6 1078 1
68 1078 -1
6 1079 1
16 1079 -1
6 1080 1
27 1080 -1
6 1081 1
66 1081 -1
6 1082 1
56 1082 -1
6 1083 1
35 1083 -1
6 1084 1
7 1084 -1
6 1085 1
69 1085 -1
6 1086 1
33 1086 -1
6 1087 1
15 1087 -1
6 1088 1
24 1088 -1
6 1089 1
36 1089 -1
6 1090 1
55 1090 -1
6 1091 1
58 1091 -1
6 1092 1
43 1092 -1
6 1093 1
10 1093 -1
6 1094 1
11 1094 -1
6 1095 1
45 1095 -1
6 1096 1
37 1096 -1
6 1097 1
25 1097 -1
6 1098 1
52 1098 -1
6 1099 1
17 1099 -1
6 1100 1
44 1100 -1
6 1101 1
22 1101 -1
6 1102 1
40 1102 -1
6 1103 1
59 1103 -1
6 1104 1
51 1104 -1
6 1105 1
34 1105 -1
6 1106 1
61 1106 -1
6 1107 1
46 1107 -1
6 1108 1
47 1108 -1
6 1109 1
14 1109 -1
6 1110 1
32 1110 -1
6 1111 1
41 1111 -1
6 1112 1
5 1112 -1
6 1113 1
62 1113 -1
6 1114 1
57 1114 -1
6 1115 1
60 1115 -1
6 1116 1
64 1116 -1
6 1117 1
21 1117 -1
6 1118 1
70 1118 -1
6 1119 1
8 1119 -1
6 1120 1
29 1120 -1
6 1121 1
31 1121 -1
6 1122 1
18 1122 -1
6 1123 1
26 1123 -1
6 1124 1
42 1124 -1
6 1125 1
28 1125 -1
6 1126 1
39 1126 -1
9 1127 1
14 1127 -1
9 1128 1
34 1128 -1
9 1129 1
31 1129 -1
9 1130 1
52 1130 -1
9 1131 1
22 1131 -1
9 1132 1
54 1132 -1
9 1133 1
71 1133 -1
9 1134 1
30 1134 -1
9 1135 1
28 1135 -1
9 1136 1
45 1136 -1
9 1137 1
46 1137 -1
9 1138 1
19 1138 -1
9 1139 1
62 1139 -1
9 1140 1
43 1140 -1
9 1141 1
33 1141 -1
9 1142 1
48 1142 -1
9 1143 1
27 1143 -1
9 1144 1
55 1144 -1
9 1145 1
20 1145 -1
9 1146 1
41 1146 -1
9 1147 1
24 1147 -1
9 1148 1
38 1148 -1
9 1149 1
56 1149 -1
9 1150 1
63 1150 -1
9 1151 1
72 1151 -1
9 1152 1
58 1152 -1
9 1153 1
7 1153 -1
9 1154 1
53 1154 -1
9 1155 1
15 1155 -1
9 1156 1
59 1156 -1
9 1157 1
40 1157 -1
9 1158 1
13 1158 -1
9 1159 1
49 1159 -1
9 1160 1
36 1160 -1
9 1161 1
50 1161 -1
9 1162 1
60 1162 -1
9 1163 1
42 1163 -1
9 1164 1
61 1164 -1
9 1165 1
69 1165 -1
12 1166 1
44 1166 -1
12 1167 1
36 1167 -1
12 1168 1
16 1168 -1
12 1169 1
5 1169 -1
12 1170 1
39 1170 -1
12 1171 1
66 1171 -1
12 1172 1
37 1172 -1
12 1173 1
35 1173 -1
12 1174 1
59 1174 -1
12 1175 1
47 1175 -1
12 1176 1
26 1176 -1
12 1177 1
13 1177 -1
12 1178 1
69 1178 -1
12 1179 1
64 1179 -1
12 1180 1
49 1180 -1
12 1181 1
62 1181 -1
12 1182 1
61 1182 -1
12 1183 1
40 1183 -1
12 1184 1
57 1184 -1
12 1185 1
10 1185 -1
12 1186 1
31 1186 -1
12 1187 1
22 1187 -1
12 1188 1
58 1188 -1
12 1189 1
70 1189 -1
12 1190 1
28 1190 -1
12 1191 1
55 1191 -1
12 1192 1
72 1192 -1
12 1193 1
30 1193 -1
12 1194 1
50 1194 -1
12 1195 1
32 1195 -1
12 1196 1
43 1196 -1
12 1197 1
23 1197 -1
12 1198 1
8 1198 -1
12 1199 1
6 1199 -1
12 1200 1
56 1200 -1
12 1201 1
17 1201 -1
12 1202 1
73 1202 -1
12 1203 1
33 1203 -1
12 1204 1
41 1204 -1
12 1205 1
60 1205 -1
12 1206 1
68 1206 -1
12 1207 1
18 1207 -1
12 1208 1
71 1208 -1
12 1209 1
29 1209 -1
12 1210 1
34 1210 -1
12 1211 1
42 1211 -1
12 1212 1
38 1212 -1
12 1213 1
9 1213 -1
14 1214 1
32 1214 -1
14 1215 1
47 1215 -1
14 1216 1
71 1216 -1
14 1217 1
26 1217 -1
14 1218 1
46 1218 -1
14 1219 1
45 1219 -1
14 1220 1
34 1220 -1
14 1221 1
51 1221 -1
14 1222 1
17 1222 -1
14 1223 1
56 1223 -1
14 1224 1
12 1224 -1
14 1225 1
33 1225 -1
14 1226 1
24 1226 -1
14 1227 1
15 1227 -1
14 1228 1
73 1228 -1
14 1229 1
42 1229 -1
14 1230 1
50 1230 -1
14 1231 1
66 1231 -1
14 1232 1
36 1232 -1
14 1233 1
40 1233 -1
14 1234 1
60 1234 -1
14 1235 1
43 1235 -1
14 1236 1
22 1236 -1
14 1237 1
61 1237 -1
14 1238 1
49 1238 -1
14 1239 1
9 1239 -1
14 1240 1
64 1240 -1
14 1241 1
21 1241 -1
14 1242 1
37 1242 -1
14 1243 1
41 1243 -1
14 1244 1
10 1244 -1
14 1245 1
63 1245 -1
14 1246 1
67 1246 -1
14 1247 1
35 1247 -1
14 1248 1
5 1248 -1
14 1249 1
55 1249 -1
14 1250 1
53 1250 -1
14 1251 1
30 1251 -1
14 1252 1
38 1252 -1
14 1253 1
57 1253 -1
14 1254 1
68 1254 -1
14 1255 1
11 1255 -1
14 1256 1
54 1256 -1
16 1257 1
9 1257 -1
16 1258 1
29 1258 -1
16 1259 1
71 1259 -1
16 1260 1
13 1260 -1
16 1261 1
70 1261 -1
16 1262 1
62 1262 -1
16 1263 1
56 1263 -1
16 1264 1
57 1264 -1
16 1265 1
22 1265 -1
16 1266 1
5 1266 -1
16 1267 1
15 1267 -1
16 1268 1
72 1268 -1
16 1269 1
20 1269 -1
16 1270 1
60 1270 -1
16 1271 1
65 1271 -1
16 1272 1
7 1272 -1
16 1273 1
34 1273 -1
16 1274 1
28 1274 -1
16 1275 1
6 1275 -1
16 1276 1
41 1276 -1
16 1277 1
32 1277 -1
16 1278 1
48 1278 -1
16 1279 1
58 1279 -1
16 1280 1
51 1280 -1
16 1281 1
35 1281 -1
16 1282 1
42 1282 -1
16 1283 1
21 1283 -1
16 1284 1
12 1284 -1
16 1285 1
50 1285 -1
16 1286 1
17 1286 -1
16 1287 1
26 1287 -1
16 1288 1
61 1288 -1
16 1289 1
39 1289 -1
16 1290 1
43 1290 -1
16 1291 1
31 1291 -1
16 1292 1
18 1292 -1
16 1293 1
68 1293 -1
16 1294 1
54 1294 -1
16 1295 1
45 1295 -1
16 1296 1
8 1296 -1
16 1297 1
55 1297 -1
16 1298 1
36 1298 -1
16 1299 1
66 1299 -1
16 1300 1
27 1300 -1
18 1301 1
59 1301 -1
18 1302 1
33 1302 -1
18 1303 1
58 1303 -1
18 1304 1
14 1304 -1
18 1305 1
36 1305 -1
18 1306 1
27 1306 -1
18 1307 1
38 1307 -1
18 1308 1
42 1308 -1
18 1309 1
73 1309 -1
18 1310 1
62 1310 -1
18 1311 1
60 1311 -1
18 1312 1
70 1312 -1
18 1313 1
24 1313 -1
18 1314 1
35 1314 -1
18 1315 1
68 1315 -1
18 1316 1
41 1316 -1
18 1317 1
55 1317 -1
24 1318 1
46 1318 -1
24 1319 1
62 1319 -1
24 1320 1
50 1320 -1
24 1321 1
49 1321 -1
24 1322 1
55 1322 -1
24 1323 1
31 1323 -1
24 1324 1
59 1324 -1
24 1325 1
67 1325 -1
24 1326 1
70 1326 -1
24 1327 1
22 1327 -1
24 1328 1
38 1328 -1
24 1329 1
35 1329 -1
24 1330 1
40 1330 -1
24 1331 1
12 1331 -1
24 1332 1
72 1332 -1
24 1333 1
11 1333 -1
32 1334 1
38 1334 -1
32 1335 1
71 1335 -1
32 1336 1
39 1336 -1
32 1337 1
10 1337 -1
32 1338 1
44 1338 -1
32 1339 1
42 1339 -1
32 1340 1
31 1340 -1
32 1341 1
52 1341 -1
32 1342 1
65 1342 -1
32 1343 1
72 1343 -1
32 1344 1
54 1344 -1
32 1345 1
46 1345 -1
32 1346 1
34 1346 -1
32 1347 1
67 1347 -1
32 1348 1
24 1348 -1
32 1349 1
40 1349 -1
32 1350 1
59 1350 -1
32 1351 1
63 1351 -1
32 1352 1
6 1352 -1
32 1353 1
23 1353 -1
32 1354 1
69 1354 -1
32 1355 1
5 1355 -1
32 1356 1
14 1356 -1
32 1357 1
7 1357 -1
32 1358 1
41 1358 -1
32 1359 1
62 1359 -1
32 1360 1
17 1360 -1
32 1361 1
51 1361 -1
32 1362 1
29 1362 -1
32 1363 1
26 1363 -1
32 1364 1
20 1364 -1
32 1365 1
56 1365 -1
32 1366 1
57 1366 -1
32 1367 1
30 1367 -1
32 1368 1
19 1368 -1
32 1369 1
18 1369 -1
32 1370 1
43 1370 -1
32 1371 1
70 1371 -1
32 1372 1
55 1372 -1
32 1373 1
61 1373 -1
32 1374 1
9 1374 -1
32 1375 1
60 1375 -1
32 1376 1
33 1376 -1
32 1377 1
28 1377 -1
32 1378 1
68 1378 -1
32 1379 1
48 1379 -1
38 1380 1
55 1380 -1
38 1381 1
36 1381 -1
38 1382 1
54 1382 -1
38 1383 1
6 1383 -1
38 1384 1
57 1384 -1
38 1385 1
59 1385 -1
38 1386 1
37 1386 -1
38 1387 1
21 1387 -1
38 1388 1
24 1388 -1
38 1389 1
73 1389 -1
38 1390 1
39 1390 -1
38 1391 1
69 1391 -1
38 1392 1
30 1392 -1
38 1393 1
50 1393 -1
38 1394 1
44 1394 -1
38 1395 1
41 1395 -1
38 1396 1
22 1396 -1
38 1397 1
33 1397 -1
38 1398 1
45 1398 -1
38 1399 1
71 1399 -1
38 1400 1
64 1400 -1
38 1401 1
35 1401 -1
38 1402 1
19 1402 -1
38 1403 1
32 1403 -1
38 1404 1
72 1404 -1
38 1405 1
26 1405 -1
38 1406 1
53 1406 -1
38 1407 1
18 1407 -1
38 1408 1
43 1408 -1
38 1409 1
51 1409 -1
38 1410 1
5 1410 -1
38 1411 1
16 1411 -1
38 1412 1
29 1412 -1
42 1413 1
24 1413 -1
42 1414 1
25 1414 -1
42 1415 1
16 1415 -1
42 1416 1
28 1416 -1
42 1417 1
56 1417 -1
42 1418 1
67 1418 -1
42 1419 1
9 1419 -1
42 1420 1
29 1420 -1
42 1421 1
11 1421 -1
42 1422 1
20 1422 -1
44 1423 1
56 1423 -1
44 1424 1
12 1424 -1
44 1425 1
8 1425 -1
44 1426 1
47 1426 -1
44 1427 1
48 1427 -1
44 1428 1
58 1428 -1
44 1429 1
13 1429 -1
44 1430 1
57 1430 -1
44 1431 1
17 1431 -1
44 1432 1
52 1432 -1
44 1433 1
55 1433 -1
44 1434 1
50 1434 -1
44 1435 1
20 1435 -1
44 1436 1
61 1436 -1
44 1437 1
26 1437 -1
44 1438 1
39 1438 -1
44 1439 1
30 1439 -1
44 1440 1
71 1440 -1
44 1441 1
27 1441 -1
44 1442 1
66 1442 -1
44 1443 1
35 1443 -1
44 1444 1
23 1444 -1
44 1445 1
15 1445 -1
44 1446 1
67 1446 -1
44 1447 1
21 1447 -1
44 1448 1
63 1448 -1
44 1449 1
18 1449 -1
44 1450 1
38 1450 -1
44 1451 1
31 1451 -1
44 1452 1
65 1452 -1
44 1453 1
59 1453 -1
44 1454 1
36 1454 -1
44 1455 1
11 1455 -1
44 1456 1
69 1456 -1
44 1457 1
9 1457 -1
44 1458 1
53 1458 -1
44 1459 1
60 1459 -1
44 1460 1
72 1460 -1
44 1461 1
73 1461 -1
44 1462 1
5 1462 -1
44 1463 1
49 1463 -1
44 1464 1
34 1464 -1
44 1465 1
70 1465 -1
44 1466 1
14 1466 -1
44 1467 1
43 1467 -1
46 1468 1
63 1468 -1
46 1469 1
69 1469 -1
46 1470 1
47 1470 -1
46 1471 1
25 1471 -1
46 1472 1
54 1472 -1
46 1473 1
29 1473 -1
46 1474 1
62 1474 -1
46 1475 1
49 1475 -1
46 1476 1
32 1476 -1
46 1477 1
56 1477 -1
46 1478 1
58 1478 -1
46 1479 1
52 1479 -1
46 1480 1
17 1480 -1
46 1481 1
7 1481 -1
46 1482 1
48 1482 -1
46 1483 1
34 1483 -1
46 1484 1
12 1484 -1
46 1485 1
24 1485 -1
46 1486 1
44 1486 -1
46 1487 1
23 1487 -1
46 1488 1
26 1488 -1
46 1489 1
42 1489 -1
46 1490 1
61 1490 -1
46 1491 1
45 1491 -1
46 1492 1
57 1492 -1
46 1493 1
21 1493 -1
46 1494 1
71 1494 -1
53 1495 1
73 1495 -1
53 1496 1
9 1496 -1
53 1497 1
34 1497 -1
53 1498 1
8 1498 -1
53 1499 1
28 1499 -1
53 1500 1
56 1500 -1
53 1501 1
65 1501 -1
53 1502 1
24 1502 -1
53 1503 1
70 1503 -1
53 1504 1
20 1504 -1
53 1505 1
43 1505 -1
53 1506 1
41 1506 -1
53 1507 1
13 1507 -1
53 1508 1
25 1508 -1
53 1509 1
14 1509 -1
53 1510 1
7 1510 -1
53 1511 1
32 1511 -1
53 1512 1
17 1512 -1
53 1513 1
46 1513 -1
53 1514 1
44 1514 -1
53 1515 1
67 1515 -1
53 1516 1
69 1516 -1
53 1517 1
40 1517 -1
53 1518 1
52 1518 -1
53 1519 1
71 1519 -1
53 1520 1
29 1520 -1
53 1521 1
30 1521 -1
53 1522 1
72 1522 -1
53 1523 1
64 1523 -1
53 1524 1
39 1524 -1
53 1525 1
18 1525 -1
53 1526 1
31 1526 -1
53 1527 1
61 1527 -1
53 1528 1
45 1528 -1
53 1529 1
68 1529 -1
53 1530 1
33 1530 -1
53 1531 1
54 1531 -1
53 1532 1
16 1532 -1
53 1533 1
47 1533 -1
55 1534 1
42 1534 -1
55 1535 1
66 1535 -1
55 1536 1
19 1536 -1
55 1537 1
52 1537 -1
55 1538 1
15 1538 -1
55 1539 1
34 1539 -1
56 1540 1
18 1540 -1
56 1541 1
46 1541 -1
56 1542 1
34 1542 -1
56 1543 1
27 1543 -1
56 1544 1
50 1544 -1
56 1545 1
72 1545 -1
56 1546 1
12 1546 -1
56 1547 1
33 1547 -1
56 1548 1
41 1548 -1
56 1549 1
68 1549 -1
56 1550 1
22 1550 -1
56 1551 1
37 1551 -1
56 1552 1
20 1552 -1
56 1553 1
24 1553 -1
56 1554 1
64 1554 -1
56 1555 1
67 1555 -1
56 1556 1
52 1556 -1
56 1557 1
30 1557 -1
56 1558 1
62 1558 -1
56 1559 1
25 1559 -1
56 1560 1
9 1560 -1
56 1561 1
29 1561 -1
56 1562 1
51 1562 -1
56 1563 1
71 1563 -1
56 1564 1
57 1564 -1
56 1565 1
61 1565 -1
56 1566 1
70 1566 -1
56 1567 1
19 1567 -1
56 1568 1
44 1568 -1
56 1569 1
65 1569 -1
56 1570 1
21 1570 -1
56 1571 1
60 1571 -1
56 1572 1
47 1572 -1
56 1573 1
66 1573 -1
56 1574 1
15 1574 -1
56 1575 1
73 1575 -1
59 1576 1
64 1576 -1
59 1577 1
46 1577 -1
59 1578 1
9 1578 -1
59 1579 1
34 1579 -1
59 1580 1
38 1580 -1
59 1581 1
20 1581 -1
59 1582 1
37 1582 -1
59 1583 1
28 1583 -1
59 1584 1
50 1584 -1
63 1585 1
6 1585 -1
63 1586 1
25 1586 -1
63 1587 1
9 1587 -1
63 1588 1
57 1588 -1
63 1589 1
7 1589 -1
63 1590 1
70 1590 -1
63 1591 1
31 1591 -1
63 1592 1
58 1592 -1
63 1593 1
20 1593 -1
63 1594 1
24 1594 -1
63 1595 1
73 1595 -1
63 1596 1
21 1596 -1
63 1597 1
34 1597 -1
63 1598 1
28 1598 -1
63 1599 1
16 1599 -1
63 1600 1
50 1600 -1
63 1601 1
15 1601 -1
63 1602 1
10 1602 -1
63 1603 1
41 1603 -1
63 1604 1
59 1604 -1
63 1605 1
27 1605 -1
63 1606 1
45 1606 -1
63 1607 1
19 1607 -1
63 1608 1
43 1608 -1
63 1609 1
65 1609 -1
63 1610 1
67 1610 -1
63 1611 1
22 1611 -1
63 1612 1
60 1612 -1
63 1613 1
69 1613 -1
63 1614 1
62 1614 -1
63 1615 1
52 1615 -1
63 1616 1
17 1616 -1
63 1617 1
38 1617 -1
63 1618 1
71 1618 -1
63 1619 1
23 1619 -1
63 1620 1
54 1620 -1
63 1621 1
53 1621 -1
63 1622 1
51 1622 -1
63 1623 1
18 1623 -1
64 1624 1
16 1624 -1
64 1625 1
56 1625 -1
64 1626 1
63 1626 -1
64 1627 1
29 1627 -1
64 1628 1
34 1628 -1
64 1629 1
67 1629 -1
64 1630 1
25 1630 -1
64 1631 1
20 1631 -1
64 1632 1
8 1632 -1
64 1633 1
58 1633 -1
64 1634 1
28 1634 -1
64 1635 1
19 1635 -1
64 1636 1
6 1636 -1
64 1637 1
21 1637 -1
64 1638 1
41 1638 -1
64 1639 1
35 1639 -1
64 1640 1
62 1640 -1
64 1641 1
55 1641 -1
64 1642 1
43 1642 -1
64 1643 1
70 1643 -1
64 1644 1
33 1644 -1
64 1645 1
52 1645 -1
64 1646 1
32 1646 -1
64 1647 1
31 1647 -1
64 1648 1
72 1648 -1
64 1649 1
46 1649 -1
64 1650 1
51 1650 -1
64 1651 1
10 1651 -1
64 1652 1
18 1652 -1
64 1653 1
61 1653 -1
64 1654 1
23 1654 -1
64 1655 1
39 1655 -1
64 1656 1
22 1656 -1
64 1657 1
13 1657 -1
4 1658 1
45 1658 -1
4 1659 1
15 1659 -1
4 1660 1
11 1660 -1
4 1661 1
44 1661 -1
4 1662 1
67 1662 -1
4 1663 1
20 1663 -1
4 1664 1
36 1664 -1
4 1665 1
30 1665 -1
4 1666 1
39 1666 -1
4 1667 1
59 1667 -1
4 1668 1
51 1668 -1
4 1669 1
47 1669 -1
4 1670 1
19 1670 -1
4 1671 1
70 1671 -1
4 1672 1
52 1672 -1
4 1673 1
41 1673 -1
4 1674 1
31 1674 -1
4 1675 1
29 1675 -1
4 1676 1
56 1676 -1
4 1677 1
18 1677 -1
4 1678 1
26 1678 -1
4 1679 1
61 1679 -1
4 1680 1
8 1680 -1
4 1681 1
49 1681 -1
4 1682 1
5 1682 -1
4 1683 1
7 1683 -1
4 1684 1
32 1684 -1
4 1685 1
48 1685 -1
4 1686 1
27 1686 -1
4 1687 1
10 1687 -1
4 1688 1
55 1688 -1
4 1689 1
16 1689 -1
4 1690 1
25 1690 -1
4 1691 1
42 1691 -1
4 1692 1
40 1692 -1
4 1693 1
6 1693 -1
4 1694 1
50 1694 -1
4 1695 1
17 1695 -1
4 1696 1
69 1696 -1
4 1697 1
38 1697 -1
4 1698 1
37 1698 -1
4 1699 1
14 1699 -1
4 1700 1
12 1700 -1
4 1701 1
35 1701 -1
4 1702 1
24 1702 -1
4 1703 1
23 1703 -1
4 1704 1
63 1704 -1
4 1705 1
64 1705 -1
4 1706 1
9 1706 -1
4 1707 1
43 1707 -1
4 1708 1
66 1708 -1
4 1709 1
65 1709 -1
4 1710 1
53 1710 -1
4 1711 1
60 1711 -1
4 1712 1
62 1712 -1
8 1713 1
41 1713 -1
8 1714 1
61 1714 -1
8 1715 1
71 1715 -1
8 1716 1
30 1716 -1
8 1717 1
32 1717 -1
15 1718 1
8 1718 -1
15 1719 1
17 1719 -1
15 1720 1
39 1720 -1
15 1721 1
27 1721 -1
15 1722 1
43 1722 -1
15 1723 1
63 1723 -1
15 1724 1
21 1724 -1
15 1725 1
16 1725 -1
15 1726 1
19 1726 -1
15 1727 1
20 1727 -1
15 1728 1
42 1728 -1
15 1729 1
36 1729 -1
15 1730 1
33 1730 -1
17 1731 1
69 1731 -1
17 1732 1
13 1732 -1
17 1733 1
15 1733 -1
17 1734 1
53 1734 -1
17 1735 1
60 1735 -1
17 1736 1
59 1736 -1
17 1737 1
6 1737 -1
17 1738 1
46 1738 -1
17 1739 1
52 1739 -1
17 1740 1
11 1740 -1
17 1741 1
20 1741 -1
17 1742 1
47 1742 -1
17 1743 1
34 1743 -1
17 1744 1
8 1744 -1
17 1745 1
51 1745 -1
17 1746 1
45 1746 -1
17 1747 1
27 1747 -1
17 1748 1
32 1748 -1
23 1749 1
26 1749 -1
23 1750 1
8 1750 -1
23 1751 1
39 1751 -1
23 1752 1
27 1752 -1
23 1753 1
10 1753 -1
23 1754 1
55 1754 -1
23 1755 1
31 1755 -1
23 1756 1
18 1756 -1
23 1757 1
11 1757 -1
23 1758 1
56 1758 -1
23 1759 1
13 1759 -1
23 1760 1
35 1760 -1
23 1761 1
20 1761 -1
23 1762 1
21 1762 -1
23 1763 1
43 1763 -1
23 1764 1
58 1764 -1
23 1765 1
28 1765 -1
23 1766 1
37 1766 -1
23 1767 1
57 1767 -1
23 1768 1
29 1768 -1
23 1769 1
49 1769 -1
23 1770 1
19 1770 -1
23 1771 1
17 1771 -1
23 1772 1
52 1772 -1
23 1773 1
36 1773 -1
23 1774 1
42 1774 -1
23 1775 1
54 1775 -1
23 1776 1
63 1776 -1
23 1777 1
70 1777 -1
23 1778 1
16 1778 -1
23 1779 1
73 1779 -1
23 1780 1
33 1780 -1
23 1781 1
25 1781 -1
23 1782 1
60 1782 -1
23 1783 1
61 1783 -1
23 1784 1
6 1784 -1
23 1785 1
5 1785 -1
23 1786 1
14 1786 -1
23 1787 1
7 1787 -1
23 1788 1
65 1788 -1
23 1789 1
68 1789 -1
23 1790 1
69 1790 -1
23 1791 1
34 1791 -1
23 1792 1
45 1792 -1
23 1793 1
53 1793 -1
23 1794 1
24 1794 -1
23 1795 1
50 1795 -1
23 1796 1
38 1796 -1
26 1797 1
67 1797 -1
26 1798 1
70 1798 -1
26 1799 1
20 1799 -1
26 1800 1
30 1800 -1
26 1801 1
8 1801 -1
26 1802 1
5 1802 -1
26 1803 1
47 1803 -1
26 1804 1
49 1804 -1
26 1805 1
25 1805 -1
26 1806 1
19 1806 -1
26 1807 1
64 1807 -1
26 1808 1
54 1808 -1
26 1809 1
17 1809 -1
26 1810 1
35 1810 -1
26 1811 1
55 1811 -1
26 1812 1
31 1812 -1
28 1813 1
15 1813 -1
28 1814 1
62 1814 -1
28 1815 1
8 1815 -1
28 1816 1
30 1816 -1
28 1817 1
6 1817 -1
28 1818 1
48 1818 -1
28 1819 1
12 1819 -1
28 1820 1
20 1820 -1
28 1821 1
66 1821 -1
28 1822 1
47 1822 -1
28 1823 1
73 1823 -1
28 1824 1
9 1824 -1
28 1825 1
5 1825 -1
28 1826 1
16 1826 -1
28 1827 1
13 1827 -1
28 1828 1
46 1828 -1
28 1829 1
10 1829 -1
28 1830 1
23 1830 -1
28 1831 1
35 1831 -1
28 1832 1
44 1832 -1
37 1833 1
23 1833 -1
37 1834 1
12 1834 -1
37 1835 1
29 1835 -1
37 1836 1
38 1836 -1
37 1837 1
20 1837 -1
41 1838 1
61 1838 -1
41 1839 1
35 1839 -1
41 1840 1
14 1840 -1
41 1841 1
67 1841 -1
41 1842 1
16 1842 -1
41 1843 1
12 1843 -1
41 1844 1
68 1844 -1
41 1845 1
27 1845 -1
41 1846 1
20 1846 -1
41 1847 1
57 1847 -1
41 1848 1
62 1848 -1
41 1849 1
49 1849 -1
41 1850 1
54 1850 -1
41 1851 1
64 1851 -1
41 1852 1
9 1852 -1
41 1853 1
40 1853 -1
41 1854 1
22 1854 -1
41 1855 1
5 1855 -1
41 1856 1
13 1856 -1
41 1857 1
53 1857 -1
41 1858 1
71 1858 -1
41 1859 1
48 1859 -1
41 1860 1
46 1860 -1
41 1861 1
7 1861 -1
41 1862 1
15 1862 -1
41 1863 1
18 1863 -1
41 1864 1
19 1864 -1
41 1865 1
45 1865 -1
41 1866 1
36 1866 -1
41 1867 1
65 1867 -1
41 1868 1
50 1868 -1
41 1869 1
6 1869 -1
41 1870 1
73 1870 -1
41 1871 1
55 1871 -1
41 1872 1
25 1872 -1
41 1873 1
34 1873 -1
41 1874 1
59 1874 -1
41 1875 1
66 1875 -1
41 1876 1
32 1876 -1
41 1877 1
60 1877 -1
41 1878 1
42 1878 -1
41 1879 1
31 1879 -1
41 1880 1
72 1880 -1
41 1881 1
17 1881 -1
41 1882 1
47 1882 -1
41 1883 1
63 1883 -1
41 1884 1
30 1884 -1
41 1885 1
26 1885 -1
41 1886 1
51 1886 -1
41 1887 1
43 1887 -1
41 1888 1
44 1888 -1
41 1889 1
29 1889 -1
41 1890 1
11 1890 -1
41 1891 1
58 1891 -1
41 1892 1
23 1892 -1
41 1893 1
70 1893 -1
41 1894 1
8 1894 -1
41 1895 1
56 1895 -1
41 1896 1
39 1896 -1
41 1897 1
10 1897 -1
41 1898 1
21 1898 -1
41 1899 1
28 1899 -1
41 1900 1
52 1900 -1
41 1901 1
38 1901 -1
41 1902 1
33 1902 -1
45 1903 1
72 1903 -1
45 1904 1
28 1904 -1
45 1905 1
19 1905 -1
45 1906 1
5 1906 -1
45 1907 1
46 1907 -1
45 1908 1
14 1908 -1
45 1909 1
12 1909 -1
45 1910 1
6 1910 -1
45 1911 1
33 1911 -1
45 1912 1
40 1912 -1
45 1913 1
57 1913 -1
45 1914 1
48 1914 -1
45 1915 1
71 1915 -1
45 1916 1
36 1916 -1
45 1917 1
67 1917 -1
45 1918 1
18 1918 -1
45 1919 1
64 1919 -1
45 1920 1
42 1920 -1
45 1921 1
49 1921 -1
45 1922 1
52 1922 -1
45 1923 1
58 1923 -1
45 1924 1
44 1924 -1
45 1925 1
70 1925 -1
61 1926 1
37 1926 -1
61 1927 1
45 1927 -1
61 1928 1
22 1928 -1
61 1929 1
28 1929 -1
61 1930 1
57 1930 -1
61 1931 1
15 1931 -1
61 1932 1
35 1932 -1
61 1933 1
20 1933 -1
61 1934 1
19 1934 -1
61 1935 1
9 1935 -1
61 1936 1
46 1936 -1
61 1937 1
69 1937 -1
61 1938 1
39 1938 -1
61 1939 1
13 1939 -1
61 1940 1
73 1940 -1
61 1941 1
11 1941 -1
61 1942 1
21 1942 -1
61 1943 1
7 1943 -1
61 1944 1
58 1944 -1
61 1945 1
29 1945 -1
61 1946 1
26 1946 -1
61 1947 1
8 1947 -1
61 1948 1
65 1948 -1
61 1949 1
43 1949 -1
67 1950 1
17 1950 -1
67 1951 1
38 1951 -1
67 1952 1
47 1952 -1
67 1953 1
52 1953 -1
67 1954 1
61 1954 -1
67 1955 1
23 1955 -1
67 1956 1
8 1956 -1
67 1957 1
19 1957 -1
67 1958 1
48 1958 -1
67 1959 1
11 1959 -1
67 1960 1
32 1960 -1
67 1961 1
16 1961 -1
67 1962 1
64 1962 -1
67 1963 1
22 1963 -1
67 1964 1
65 1964 -1
67 1965 1
18 1965 -1
67 1966 1
50 1966 -1
67 1967 1
28 1967 -1
67 1968 1
59 1968 -1
67 1969 1
53 1969 -1
67 1970 1
39 1970 -1
67 1971 1
63 1971 -1
67 1972 1
68 1972 -1
67 1973 1
36 1973 -1
67 1974 1
21 1974 -1
67 1975 1
58 1975 -1
67 1976 1
7 1976 -1
67 1977 1
30 1977 -1
67 1978 1
34 1978 -1
67 1979 1
55 1979 -1
67 1980 1
44 1980 -1
67 1981 1
40 1981 -1
67 1982 1
29 1982 -1
67 1983 1
71 1983 -1
67 1984 1
56 1984 -1
67 1985 1
72 1985 -1
67 1986 1
15 1986 -1
67 1987 1
9 1987 -1
67 1988 1
46 1988 -1
67 1989 1
26 1989 -1
67 1990 1
37 1990 -1
67 1991 1
13 1991 -1
67 1992 1
20 1992 -1
67 1993 1
42 1993 -1
67 1994 1
73 1994 -1
67 1995 1
69 1995 -1
67 1996 1
35 1996 -1
67 1997 1
24 1997 -1
67 1998 1
57 1998 -1
67 1999 1
14 1999 -1
67 2000 1
27 2000 -1
