-6
-9
-2
-6
3
-1
-1
-8
5
-8
-8
-9
-8
-7
-1
4
-2
-1
-5
-3
-6
0
3
8
-10
5
4
-2
0
-2
-10
-4
0
7
-3
-3
-5
3
9
-4
5
1
2
-9
-9
3
-2
-2
-2
4
-7
-9
-7
4
-9
0
0
3
5
-10
-3
4
3
2
-5
1
-2
-6
-5
-4
-1
10
7
-8
-1
-7
-10
-7
-1
2
-2
-4
-2
-2
2
-4
2
-7
0
-8
-7
0
0
6
-10
-8
-10
-9
-6
1
-4
-1
-4
-5
7
-4
-5
3
5
-1
4
-2
-2
-2
0
6
4
-7
-4
8
1
1
3
5
8
10
0
-10
-10
7
1
-2
8
-6
-10
7
3
6
-3
-4
5
-2
-4
5
-5
-5
-10
-8
3
-2
0
6
-9
4
-1
-3
6
-9
-8
10
-8
-7
-9
8
1
-2
0
8
1
-9
-2
-7
2
-1
-1
7
-9
5
0
-9
-7
8
-5
-4
1
2
3
6
0
2
7
-3
-3
0
-8
2
9
-6
-9
4
-5
5
-5
-10
-5
-5
-2
1
8
-2
6
1
6
-3
-10
-8
-7
0
2
-6
3
9
-3
-10
2
-7
-3
-6
-9
0
-4
2
-5
6
-8
10
4
-4
-8
4
-9
-10
-1
-5
-10
4
-2
-8
5
6
7
7
3
2
-3
-2
1
-4
-2
1
1
-2
4
-1
-3
-6
-7
10
9
7
2
0
7
-1
-4
7
8
4
-4
-8
10
-4
8
-5
1
-4
-9
-2
5
3
-6
4
9
-6
0
5
-5
3
1
3
9
10
-5
7
7
1
-6
4
7
7
-7
5
-5
-9
-3
3
5
6
8
6
0
-6
-8
10
0
-1
8
1
-9
-5
-8
-4
-6
7
10
-10
1
2
3
-7
-4
6
8
-3
5
-7
5
1
3
9
-2
-3
5
7
4
8
9
-2
-4
-4
-1
9
2
-9
-1
-4
-10
4
8
3
0
9
0
-7
-1
2
4
-8
4
-10
-2
4
-10
-2
