-8
-6
7
-8
9
-7
-4
0
3
6
-5
7
7
3
3
-7
5
-7
-9
1
9
4
6
10
9
3
10
-3
6
1
-1
6
-3
-1
-8
4
9
-3
-9
-8
-1
6
-2
3
-9
8
9
-7
-1
-5
2
7
7
-8
-4
-3
6
10
7
-1
-4
6
9
-2
6
-9
5
-6
1
-2
5
-9
8
-8
6
10
0
8
0
-5
-4
-10
9
2
6
-5
8
2
6
-5
5
1
-9
-9
3
8
-10
-3
-5
-2
5
-6
8
-1
10
0
5
-10
9
5
3
-4
8
4
-3
-9
-2
-8
-8
-5
-6
-9
10
10
-10
3
-10
-9
10
-5
10
-2
1
-10
6
7
-5
3
-4
7
-1
1
10
-6
-8
-4
-6
7
0
-7
-9
-1
-5
0
-7
-10
2
-6
-3
8
-10
8
-3
8
3
5
-6
6
1
-5
10
0
7
-8
3
3
8
4
7
-3
5
-4
6
-2
-7
3
-7
-3
4
-2
5
2
-4
3
9
8
-6
-10
-2
7
0
-4
-2
9
1
-5
7
3
-6
4
10
-1
5
8
-10
-9
0
9
1
4
4
-8
-9
5
2
-9
-9
-4
1
4
-6
7
-10
10
8
9
7
10
7
-3
9
3
-3
7
10
9
2
1
-10
4
-1
-7
8
9
-8
-7
-4
6
-5
-8
5
-2
-5
0
-10
-10
10
-9
9
10
-2
-1
-3
