1 1 1
38 1 -1
1 2 1
17 2 -1
1 3 1
6 3 -1
1 4 1
27 4 -1
1 5 1
21 5 -1
1 6 1
18 6 -1
1 7 1
47 7 -1
1 8 1
12 8 -1
1 9 1
20 9 -1
1 10 1
13 10 -1
1 11 1
42 11 -1
1 12 1
33 12 -1
1 13 1
25 13 -1
1 14 1
39 14 -1
1 15 1
4 15 -1
1 16 1
19 16 -1
1 17 1
36 17 -1
1 18 1
40 18 -1
1 19 1
49 19 -1
1 20 1
45 20 -1
1 21 1
30 21 -1
4 22 1
7 22 -1
4 23 1
39 23 -1
4 24 1
41 24 -1
4 25 1
42 25 -1
4 26 1
17 26 -1
4 27 1
10 27 -1
4 28 1
16 28 -1
4 29 1
31 29 -1
4 30 1
30 30 -1
4 31 1
24 31 -1
4 32 1
20 32 -1
4 33 1
50 33 -1
4 34 1
13 34 -1
4 35 1
44 35 -1
4 36 1
19 36 -1
4 37 1
26 37 -1
4 38 1
38 38 -1
4 39 1
36 39 -1
4 40 1
35 40 -1
4 41 1
47 41 -1
4 42 1
46 42 -1
4 43 1
18 43 -1
4 44 1
6 44 -1
4 45 1
22 45 -1
4 46 1
8 46 -1
4 47 1
5 47 -1
4 48 1
32 48 -1
4 49 1
48 49 -1
4 50 1
23 50 -1
4 51 1
29 51 -1
6 52 1
48 52 -1
6 53 1
8 53 -1
6 54 1
10 54 -1
6 55 1
26 55 -1
6 56 1
43 56 -1
6 57 1
35 57 -1
6 58 1
5 58 -1
6 59 1
28 59 -1
6 60 1
51 60 -1
6 61 1
21 61 -1
7 62 1
20 62 -1
7 63 1
21 63 -1
7 64 1
42 64 -1
7 65 1
38 65 -1
7 66 1
16 66 -1
7 67 1
17 67 -1
7 68 1
13 68 -1
7 69 1
4 69 -1
8 70 1
52 70 -1
8 71 1
47 71 -1
8 72 1
15 72 -1
8 73 1
44 73 -1
8 74 1
12 74 -1
8 75 1
48 75 -1
8 76 1
6 76 -1
8 77 1
34 77 -1
8 78 1
17 78 -1
8 79 1
13 79 -1
8 80 1
49 80 -1
8 81 1
11 81 -1
8 82 1
38 82 -1
8 83 1
16 83 -1
8 84 1
24 84 -1
8 85 1
45 85 -1
8 86 1
37 86 -1
8 87 1
22 87 -1
8 88 1
25 88 -1
8 89 1
23 89 -1
8 90 1
20 90 -1
8 91 1
3 91 -1
8 92 1
32 92 -1
8 93 1
7 93 -1
8 94 1
43 94 -1
8 95 1
27 95 -1
8 96 1
41 96 -1
8 97 1
46 97 -1
8 98 1
35 98 -1
8 99 1
30 99 -1
8 100 1
5 100 -1
8 101 1
21 101 -1
8 102 1
4 102 -1
8 103 1
42 103 -1
8 104 1
39 104 -1
8 105 1
40 105 -1
10 106 1
6 106 -1
10 107 1
27 107 -1
10 108 1
33 108 -1
10 109 1
36 109 -1
10 110 1
28 110 -1
10 111 1
47 111 -1
10 112 1
35 112 -1
10 113 1
29 113 -1
10 114 1
24 114 -1
10 115 1
14 115 -1
10 116 1
16 116 -1
10 117 1
15 117 -1
10 118 1
13 118 -1
10 119 1
18 119 -1
10 120 1
20 120 -1
10 121 1
4 121 -1
10 122 1
12 122 -1
10 123 1
25 123 -1
10 124 1
51 124 -1
10 125 1
41 125 -1
10 126 1
32 126 -1
10 127 1
40 127 -1
10 128 1
46 128 -1
10 129 1
8 129 -1
10 130 1
42 130 -1
10 131 1
5 131 -1
10 132 1
39 132 -1
10 133 1
23 133 -1
10 134 1
49 134 -1
10 135 1
30 135 -1
11 136 1
15 136 -1
11 137 1
29 137 -1
11 138 1
43 138 -1
11 139 1
7 139 -1
11 140 1
21 140 -1
11 141 1
39 141 -1
11 142 1
8 142 -1
11 143 1
34 143 -1
11 144 1
48 144 -1
11 145 1
26 145 -1
11 146 1
20 146 -1
11 147 1
50 147 -1
11 148 1
3 148 -1
11 149 1
38 149 -1
14 150 1
4 150 -1
14 151 1
30 151 -1
14 152 1
32 152 -1
14 153 1
48 153 -1
14 154 1
27 154 -1
14 155 1
12 155 -1
14 156 1
22 156 -1
14 157 1
17 157 -1
14 158 1
21 158 -1
14 159 1
52 159 -1
14 160 1
13 160 -1
14 161 1
29 161 -1
14 162 1
10 162 -1
14 163 1
3 163 -1
14 164 1
47 164 -1
14 165 1
38 165 -1
14 166 1
5 166 -1
14 167 1
8 167 -1
14 168 1
20 168 -1
14 169 1
28 169 -1
14 170 1
37 170 -1
14 171 1
9 171 -1
14 172 1
19 172 -1
15 173 1
14 173 -1
15 174 1
43 174 -1
15 175 1
27 175 -1
15 176 1
37 176 -1
15 177 1
10 177 -1
15 178 1
26 178 -1
15 179 1
21 179 -1
15 180 1
50 180 -1
15 181 1
13 181 -1
15 182 1
38 182 -1
15 183 1
47 183 -1
15 184 1
28 184 -1
15 185 1
19 185 -1
15 186 1
30 186 -1
15 187 1
33 187 -1
15 188 1
34 188 -1
15 189 1
6 189 -1
15 190 1
45 190 -1
15 191 1
48 191 -1
15 192 1
40 192 -1
15 193 1
24 193 -1
15 194 1
12 194 -1
15 195 1
31 195 -1
15 196 1
9 196 -1
15 197 1
51 197 -1
16 198 1
32 198 -1
16 199 1
9 199 -1
16 200 1
30 200 -1
16 201 1
14 201 -1
16 202 1
15 202 -1
16 203 1
35 203 -1
16 204 1
33 204 -1
16 205 1
19 205 -1
16 206 1
11 206 -1
16 207 1
37 207 -1
16 208 1
40 208 -1
16 209 1
3 209 -1
16 210 1
31 210 -1
16 211 1
50 211 -1
16 212 1
42 212 -1
16 213 1
10 213 -1
16 214 1
39 214 -1
16 215 1
36 215 -1
16 216 1
52 216 -1
16 217 1
25 217 -1
16 218 1
6 218 -1
16 219 1
41 219 -1
16 220 1
23 220 -1
20 221 1
44 221 -1
20 222 1
39 222 -1
20 223 1
48 223 -1
25 224 1
41 224 -1
25 225 1
7 225 -1
25 226 1
36 226 -1
25 227 1
3 227 -1
25 228 1
9 228 -1
25 229 1
12 229 -1
25 230 1
52 230 -1
25 231 1
30 231 -1
25 232 1
23 232 -1
25 233 1
8 233 -1
25 234 1
50 234 -1
25 235 1
42 235 -1
25 236 1
10 236 -1
25 237 1
34 237 -1
25 238 1
43 238 -1
25 239 1
6 239 -1
25 240 1
32 240 -1
25 241 1
39 241 -1
25 242 1
21 242 -1
25 243 1
31 243 -1
25 244 1
14 244 -1
25 245 1
47 245 -1
25 246 1
28 246 -1
25 247 1
20 247 -1
26 248 1
47 248 -1
26 249 1
49 249 -1
26 250 1
18 250 -1
26 251 1
50 251 -1
26 252 1
21 252 -1
26 253 1
6 253 -1
26 254 1
12 254 -1
26 255 1
30 255 -1
26 256 1
3 256 -1
26 257 1
10 257 -1
26 258 1
28 258 -1
26 259 1
16 259 -1
26 260 1
40 260 -1
26 261 1
37 261 -1
26 262 1
4 262 -1
26 263 1
13 263 -1
26 264 1
23 264 -1
26 265 1
38 265 -1
26 266 1
29 266 -1
26 267 1
34 267 -1
26 268 1
39 268 -1
26 269 1
46 269 -1
26 270 1
48 270 -1
26 271 1
52 271 -1
26 272 1
27 272 -1
26 273 1
33 273 -1
26 274 1
15 274 -1
26 275 1
44 275 -1
26 276 1
31 276 -1
26 277 1
22 277 -1
26 278 1
9 278 -1
26 279 1
7 279 -1
26 280 1
51 280 -1
26 281 1
20 281 -1
26 282 1
5 282 -1
29 283 1
39 283 -1
29 284 1
17 284 -1
29 285 1
7 285 -1
29 286 1
10 286 -1
32 287 1
46 287 -1
32 288 1
23 288 -1
32 289 1
39 289 -1
32 290 1
36 290 -1
32 291 1
20 291 -1
32 292 1
6 292 -1
32 293 1
51 293 -1
32 294 1
21 294 -1
32 295 1
18 295 -1
32 296 1
25 296 -1
32 297 1
30 297 -1
32 298 1
50 298 -1
32 299 1
45 299 -1
32 300 1
48 300 -1
32 301 1
27 301 -1
32 302 1
52 302 -1
32 303 1
34 303 -1
32 304 1
14 304 -1
32 305 1
17 305 -1
32 306 1
42 306 -1
32 307 1
41 307 -1
32 308 1
22 308 -1
32 309 1
12 309 -1
32 310 1
13 310 -1
32 311 1
7 311 -1
32 312 1
44 312 -1
32 313 1
28 313 -1
32 314 1
3 314 -1
32 315 1
26 315 -1
32 316 1
37 316 -1
32 317 1
5 317 -1
32 318 1
31 318 -1
32 319 1
19 319 -1
32 320 1
24 320 -1
32 321 1
15 321 -1
32 322 1
29 322 -1
32 323 1
43 323 -1
36 324 1
10 324 -1
36 325 1
40 325 -1
36 326 1
51 326 -1
36 327 1
21 327 -1
36 328 1
46 328 -1
36 329 1
33 329 -1
36 330 1
14 330 -1
36 331 1
31 331 -1
36 332 1
29 332 -1
36 333 1
5 333 -1
36 334 1
43 334 -1
36 335 1
23 335 -1
36 336 1
52 336 -1
36 337 1
19 337 -1
36 338 1
26 338 -1
36 339 1
42 339 -1
36 340 1
4 340 -1
36 341 1
11 341 -1
36 342 1
25 342 -1
36 343 1
30 343 -1
36 344 1
17 344 -1
36 345 1
27 345 -1
36 346 1
41 346 -1
36 347 1
38 347 -1
36 348 1
18 348 -1
36 349 1
50 349 -1
36 350 1
24 350 -1
36 351 1
13 351 -1
36 352 1
16 352 -1
36 353 1
47 353 -1
36 354 1
49 354 -1
36 355 1
28 355 -1
36 356 1
3 356 -1
36 357 1
34 357 -1
38 358 1
29 358 -1
38 359 1
4 359 -1
38 360 1
20 360 -1
38 361 1
40 361 -1
38 362 1
36 362 -1
38 363 1
37 363 -1
38 364 1
41 364 -1
38 365 1
43 365 -1
38 366 1
30 366 -1
38 367 1
16 367 -1
38 368 1
28 368 -1
38 369 1
9 369 -1
38 370 1
8 370 -1
38 371 1
44 371 -1
38 372 1
46 372 -1
38 373 1
18 373 -1
38 374 1
15 374 -1
38 375 1
51 375 -1
38 376 1
22 376 -1
38 377 1
32 377 -1
38 378 1
39 378 -1
38 379 1
13 379 -1
39 380 1
36 380 -1
39 381 1
51 381 -1
39 382 1
33 382 -1
39 383 1
9 383 -1
39 384 1
45 384 -1
39 385 1
8 385 -1
39 386 1
37 386 -1
39 387 1
4 387 -1
39 388 1
38 388 -1
39 389 1
34 389 -1
39 390 1
25 390 -1
39 391 1
35 391 -1
39 392 1
21 392 -1
39 393 1
44 393 -1
39 394 1
19 394 -1
39 395 1
3 395 -1
39 396 1
40 396 -1
39 397 1
10 397 -1
40 398 1
50 398 -1
40 399 1
23 399 -1
40 400 1
29 400 -1
40 401 1
38 401 -1
40 402 1
52 402 -1
40 403 1
16 403 -1
40 404 1
43 404 -1
40 405 1
9 405 -1
40 406 1
5 406 -1
40 407 1
48 407 -1
40 408 1
7 408 -1
40 409 1
25 409 -1
40 410 1
13 410 -1
40 411 1
11 411 -1
40 412 1
36 412 -1
40 413 1
28 413 -1
40 414 1
32 414 -1
40 415 1
31 415 -1
40 416 1
20 416 -1
40 417 1
42 417 -1
40 418 1
4 418 -1
40 419 1
6 419 -1
40 420 1
14 420 -1
40 421 1
39 421 -1
40 422 1
19 422 -1
41 423 1
26 423 -1
41 424 1
48 424 -1
41 425 1
14 425 -1
41 426 1
36 426 -1
41 427 1
17 427 -1
41 428 1
15 428 -1
41 429 1
45 429 -1
41 430 1
47 430 -1
41 431 1
6 431 -1
41 432 1
12 432 -1
41 433 1
34 433 -1
41 434 1
30 434 -1
41 435 1
43 435 -1
41 436 1
33 436 -1
41 437 1
42 437 -1
41 438 1
19 438 -1
41 439 1
7 439 -1
44 440 1
8 440 -1
44 441 1
33 441 -1
44 442 1
43 442 -1
44 443 1
48 443 -1
44 444 1
36 444 -1
44 445 1
3 445 -1
44 446 1
19 446 -1
44 447 1
32 447 -1
44 448 1
24 448 -1
44 449 1
25 449 -1
44 450 1
52 450 -1
44 451 1
5 451 -1
44 452 1
22 452 -1
44 453 1
30 453 -1
44 454 1
14 454 -1
44 455 1
27 455 -1
44 456 1
42 456 -1
44 457 1
46 457 -1
44 458 1
16 458 -1
44 459 1
7 459 -1
44 460 1
18 460 -1
44 461 1
40 461 -1
44 462 1
26 462 -1
46 463 1
11 463 -1
46 464 1
41 464 -1
46 465 1
7 465 -1
46 466 1
4 466 -1
46 467 1
31 467 -1
46 468 1
6 468 -1
46 469 1
5 469 -1
46 470 1
36 470 -1
46 471 1
16 471 -1
46 472 1
21 472 -1
46 473 1
13 473 -1
46 474 1
14 474 -1
46 475 1
34 475 -1
46 476 1
8 476 -1
46 477 1
20 477 -1
46 478 1
52 478 -1
46 479 1
24 479 -1
46 480 1
32 480 -1
46 481 1
29 481 -1
46 482 1
26 482 -1
46 483 1
35 483 -1
46 484 1
28 484 -1
46 485 1
39 485 -1
46 486 1
18 486 -1
46 487 1
47 487 -1
46 488 1
10 488 -1
46 489 1
33 489 -1
46 490 1
9 490 -1
46 491 1
15 491 -1
46 492 1
37 492 -1
47 493 1
16 493 -1
47 494 1
32 494 -1
47 495 1
4 495 -1
47 496 1
45 496 -1
47 497 1
46 497 -1
47 498 1
35 498 -1
47 499 1
43 499 -1
47 500 1
38 500 -1
47 501 1
10 501 -1
47 502 1
17 502 -1
47 503 1
21 503 -1
47 504 1
41 504 -1
47 505 1
36 505 -1
47 506 1
19 506 -1
47 507 1
5 507 -1
47 508 1
7 508 -1
47 509 1
30 509 -1
47 510 1
49 510 -1
47 511 1
20 511 -1
47 512 1
9 512 -1
48 513 1
40 513 -1
48 514 1
5 514 -1
48 515 1
6 515 -1
48 516 1
7 516 -1
48 517 1
22 517 -1
48 518 1
4 518 -1
48 519 1
45 519 -1
48 520 1
21 520 -1
48 521 1
51 521 -1
48 522 1
10 522 -1
48 523 1
44 523 -1
48 524 1
3 524 -1
48 525 1
31 525 -1
48 526 1
16 526 -1
48 527 1
27 527 -1
48 528 1
47 528 -1
48 529 1
28 529 -1
48 530 1
20 530 -1
48 531 1
12 531 -1
50 532 1
25 532 -1
50 533 1
14 533 -1
50 534 1
52 534 -1
50 535 1
26 535 -1
50 536 1
30 536 -1
50 537 1
21 537 -1
50 538 1
45 538 -1
50 539 1
5 539 -1
50 540 1
6 540 -1
50 541 1
24 541 -1
50 542 1
28 542 -1
50 543 1
17 543 -1
2 544 1
45 544 -1
2 545 1
15 545 -1
2 546 1
32 546 -1
2 547 1
3 547 -1
2 548 1
38 548 -1
2 549 1
30 549 -1
2 550 1
20 550 -1
2 551 1
14 551 -1
2 552 1
19 552 -1
2 553 1
9 553 -1
2 554 1
39 554 -1
2 555 1
42 555 -1
3 556 1
33 556 -1
3 557 1
11 557 -1
3 558 1
8 558 -1
3 559 1
22 559 -1
3 560 1
42 560 -1
3 561 1
17 561 -1
3 562 1
39 562 -1
3 563 1
9 563 -1
3 564 1
40 564 -1
3 565 1
27 565 -1
3 566 1
45 566 -1
3 567 1
4 567 -1
3 568 1
32 568 -1
3 569 1
14 569 -1
3 570 1
5 570 -1
3 571 1
19 571 -1
3 572 1
7 572 -1
3 573 1
12 573 -1
3 574 1
18 574 -1
3 575 1
47 575 -1
3 576 1
15 576 -1
3 577 1
10 577 -1
3 578 1
38 578 -1
3 579 1
52 579 -1
3 580 1
48 580 -1
5 581 1
34 581 -1
5 582 1
42 582 -1
5 583 1
19 583 -1
5 584 1
32 584 -1
5 585 1
24 585 -1
5 586 1
46 586 -1
5 587 1
17 587 -1
5 588 1
6 588 -1
5 589 1
50 589 -1
5 590 1
11 590 -1
5 591 1
45 591 -1
5 592 1
44 592 -1
5 593 1
16 593 -1
5 594 1
48 594 -1
5 595 1
3 595 -1
5 596 1
51 596 -1
5 597 1
47 597 -1
5 598 1
38 598 -1
5 599 1
10 599 -1
5 600 1
12 600 -1
5 601 1
27 601 -1
5 602 1
20 602 -1
5 603 1
8 603 -1
5 604 1
36 604 -1
5 605 1
21 605 -1
5 606 1
22 606 -1
5 607 1
41 607 -1
5 608 1
28 608 -1
5 609 1
52 609 -1
5 610 1
23 610 -1
9 611 1
12 611 -1
9 612 1
7 612 -1
9 613 1
31 613 -1
9 614 1
18 614 -1
9 615 1
49 615 -1
9 616 1
16 616 -1
9 617 1
24 617 -1
9 618 1
26 618 -1
9 619 1
20 619 -1
9 620 1
41 620 -1
9 621 1
21 621 -1
9 622 1
39 622 -1
9 623 1
13 623 -1
12 624 1
24 624 -1
12 625 1
44 625 -1
12 626 1
9 626 -1
12 627 1
27 627 -1
12 628 1
3 628 -1
12 629 1
33 629 -1
12 630 1
35 630 -1
12 631 1
20 631 -1
12 632 1
15 632 -1
12 633 1
40 633 -1
12 634 1
29 634 -1
12 635 1
36 635 -1
12 636 1
47 636 -1
12 637 1
7 637 -1
13 638 1
27 638 -1
13 639 1
50 639 -1
13 640 1
16 640 -1
13 641 1
20 641 -1
13 642 1
23 642 -1
13 643 1
24 643 -1
13 644 1
39 644 -1
13 645 1
45 645 -1
13 646 1
44 646 -1
13 647 1
31 647 -1
13 648 1
51 648 -1
13 649 1
14 649 -1
13 650 1
30 650 -1
13 651 1
38 651 -1
13 652 1
5 652 -1
13 653 1
40 653 -1
13 654 1
29 654 -1
13 655 1
10 655 -1
13 656 1
37 656 -1
13 657 1
6 657 -1
13 658 1
8 658 -1
13 659 1
9 659 -1
13 660 1
42 660 -1
13 661 1
48 661 -1
13 662 1
4 662 -1
13 663 1
43 663 -1
13 664 1
26 664 -1
13 665 1
33 665 -1
13 666 1
34 666 -1
13 667 1
7 667 -1
13 668 1
22 668 -1
13 669 1
46 669 -1
13 670 1
52 670 -1
13 671 1
47 671 -1
13 672 1
35 672 -1
17 673 1
28 673 -1
17 674 1
42 674 -1
17 675 1
10 675 -1
17 676 1
31 676 -1
17 677 1
26 677 -1
17 678 1
18 678 -1
17 679 1
30 679 -1
17 680 1
38 680 -1
18 681 1
30 681 -1
18 682 1
51 682 -1
18 683 1
3 683 -1
18 684 1
36 684 -1
18 685 1
48 685 -1
18 686 1
19 686 -1
18 687 1
46 687 -1
18 688 1
12 688 -1
18 689 1
32 689 -1
18 690 1
41 690 -1
18 691 1
24 691 -1
18 692 1
25 692 -1
18 693 1
42 693 -1
18 694 1
33 694 -1
18 695 1
52 695 -1
18 696 1
27 696 -1
18 697 1
13 697 -1
18 698 1
49 698 -1
18 699 1
31 699 -1
18 700 1
17 700 -1
19 701 1
5 701 -1
19 702 1
32 702 -1
19 703 1
17 703 -1
19 704 1
22 704 -1
19 705 1
13 705 -1
19 706 1
27 706 -1
19 707 1
26 707 -1
19 708 1
38 708 -1
19 709 1
44 709 -1
19 710 1
43 710 -1
19 711 1
39 711 -1
19 712 1
30 712 -1
19 713 1
29 713 -1
19 714 1
31 714 -1
19 715 1
51 715 -1
19 716 1
42 716 -1
19 717 1
16 717 -1
19 718 1
33 718 -1
21 719 1
18 719 -1
21 720 1
5 720 -1
21 721 1
32 721 -1
21 722 1
11 722 -1
21 723 1
10 723 -1
21 724 1
28 724 -1
21 725 1
6 725 -1
21 726 1
17 726 -1
21 727 1
46 727 -1
21 728 1
50 728 -1
21 729 1
34 729 -1
21 730 1
13 730 -1
21 731 1
37 731 -1
21 732 1
39 732 -1
21 733 1
12 733 -1
21 734 1
47 734 -1
21 735 1
16 735 -1
21 736 1
9 736 -1
21 737 1
3 737 -1
21 738 1
48 738 -1
22 739 1
52 739 -1
22 740 1
39 740 -1
23 741 1
13 741 -1
23 742 1
51 742 -1
23 743 1
33 743 -1
23 744 1
50 744 -1
23 745 1
22 745 -1
23 746 1
10 746 -1
23 747 1
39 747 -1
23 748 1
44 748 -1
23 749 1
27 749 -1
23 750 1
31 750 -1
23 751 1
37 751 -1
23 752 1
34 752 -1
23 753 1
21 753 -1
23 754 1
40 754 -1
23 755 1
32 755 -1
23 756 1
45 756 -1
23 757 1
4 757 -1
23 758 1
47 758 -1
23 759 1
49 759 -1
23 760 1
20 760 -1
23 761 1
5 761 -1
23 762 1
19 762 -1
23 763 1
14 763 -1
23 764 1
18 764 -1
23 765 1
26 765 -1
23 766 1
12 766 -1
23 767 1
29 767 -1
23 768 1
42 768 -1
23 769 1
16 769 -1
24 770 1
17 770 -1
24 771 1
47 771 -1
24 772 1
46 772 -1
24 773 1
20 773 -1
24 774 1
7 774 -1
24 775 1
6 775 -1
27 776 1
9 776 -1
27 777 1
23 777 -1
27 778 1
37 778 -1
27 779 1
29 779 -1
27 780 1
36 780 -1
27 781 1
6 781 -1
27 782 1
17 782 -1
27 783 1
4 783 -1
27 784 1
19 784 -1
27 785 1
26 785 -1
27 786 1
44 786 -1
27 787 1
20 787 -1
27 788 1
40 788 -1
27 789 1
8 789 -1
27 790 1
38 790 -1
27 791 1
35 791 -1
27 792 1
14 792 -1
27 793 1
31 793 -1
27 794 1
28 794 -1
27 795 1
46 795 -1
27 796 1
50 796 -1
27 797 1
16 797 -1
28 798 1
3 798 -1
28 799 1
4 799 -1
28 800 1
52 800 -1
28 801 1
49 801 -1
28 802 1
44 802 -1
28 803 1
20 803 -1
28 804 1
9 804 -1
28 805 1
17 805 -1
28 806 1
41 806 -1
28 807 1
23 807 -1
28 808 1
30 808 -1
28 809 1
25 809 -1
28 810 1
18 810 -1
28 811 1
16 811 -1
28 812 1
14 812 -1
28 813 1
46 813 -1
28 814 1
6 814 -1
28 815 1
40 815 -1
28 816 1
15 816 -1
28 817 1
24 817 -1
28 818 1
39 818 -1
28 819 1
27 819 -1
28 820 1
5 820 -1
28 821 1
31 821 -1
28 822 1
21 822 -1
28 823 1
8 823 -1
28 824 1
32 824 -1
30 825 1
49 825 -1
30 826 1
6 826 -1
30 827 1
24 827 -1
30 828 1
31 828 -1
30 829 1
44 829 -1
30 830 1
40 830 -1
30 831 1
27 831 -1
30 832 1
29 832 -1
30 833 1
9 833 -1
30 834 1
47 834 -1
30 835 1
48 835 -1
30 836 1
43 836 -1
30 837 1
52 837 -1
30 838 1
15 838 -1
30 839 1
36 839 -1
30 840 1
16 840 -1
30 841 1
17 841 -1
30 842 1
51 842 -1
30 843 1
50 843 -1
30 844 1
19 844 -1
30 845 1
7 845 -1
30 846 1
39 846 -1
30 847 1
37 847 -1
30 848 1
34 848 -1
30 849 1
12 849 -1
30 850 1
45 850 -1
31 851 1
23 851 -1
31 852 1
39 852 -1
31 853 1
37 853 -1
31 854 1
24 854 -1
31 855 1
43 855 -1
31 856 1
25 856 -1
31 857 1
35 857 -1
31 858 1
15 858 -1
31 859 1
21 859 -1
31 860 1
26 860 -1
31 861 1
19 861 -1
31 862 1
13 862 -1
31 863 1
7 863 -1
31 864 1
45 864 -1
31 865 1
14 865 -1
31 866 1
3 866 -1
33 867 1
21 867 -1
33 868 1
38 868 -1
33 869 1
24 869 -1
33 870 1
11 870 -1
33 871 1
26 871 -1
34 872 1
31 872 -1
34 873 1
17 873 -1
34 874 1
50 874 -1
34 875 1
13 875 -1
34 876 1
37 876 -1
34 877 1
10 877 -1
34 878 1
22 878 -1
34 879 1
7 879 -1
34 880 1
45 880 -1
34 881 1
27 881 -1
34 882 1
49 882 -1
34 883 1
4 883 -1
34 884 1
36 884 -1
34 885 1
5 885 -1
34 886 1
43 886 -1
34 887 1
16 887 -1
34 888 1
19 888 -1
34 889 1
12 889 -1
34 890 1
26 890 -1
34 891 1
20 891 -1
34 892 1
47 892 -1
34 893 1
52 893 -1
34 894 1
29 894 -1
34 895 1
6 895 -1
34 896 1
28 896 -1
34 897 1
39 897 -1
34 898 1
32 898 -1
34 899 1
24 899 -1
34 900 1
46 900 -1
34 901 1
11 901 -1
34 902 1
14 902 -1
34 903 1
35 903 -1
34 904 1
21 904 -1
35 905 1
37 905 -1
35 906 1
7 906 -1
35 907 1
50 907 -1
35 908 1
42 908 -1
35 909 1
9 909 -1
35 910 1
20 910 -1
35 911 1
33 911 -1
35 912 1
4 912 -1
35 913 1
30 913 -1
35 914 1
39 914 -1
35 915 1
3 915 -1
35 916 1
24 916 -1
35 917 1
34 917 -1
35 918 1
44 918 -1
35 919 1
52 919 -1
37 920 1
19 920 -1
37 921 1
21 921 -1
37 922 1
40 922 -1
37 923 1
33 923 -1
37 924 1
29 924 -1
37 925 1
3 925 -1
37 926 1
15 926 -1
37 927 1
10 927 -1
37 928 1
26 928 -1
37 929 1
23 929 -1
37 930 1
18 930 -1
37 931 1
6 931 -1
37 932 1
8 932 -1
37 933 1
17 933 -1
37 934 1
13 934 -1
37 935 1
28 935 -1
37 936 1
42 936 -1
37 937 1
30 937 -1
42 938 1
43 938 -1
42 939 1
32 939 -1
42 940 1
13 940 -1
42 941 1
29 941 -1
42 942 1
28 942 -1
43 943 1
22 943 -1
43 944 1
50 944 -1
43 945 1
42 945 -1
43 946 1
18 946 -1
43 947 1
46 947 -1
43 948 1
17 948 -1
43 949 1
12 949 -1
43 950 1
29 950 -1
43 951 1
13 951 -1
43 952 1
5 952 -1
43 953 1
51 953 -1
43 954 1
33 954 -1
43 955 1
7 955 -1
43 956 1
26 956 -1
43 957 1
4 957 -1
43 958 1
39 958 -1
45 959 1
35 959 -1
45 960 1
36 960 -1
45 961 1
31 961 -1
45 962 1
12 962 -1
45 963 1
16 963 -1
45 964 1
29 964 -1
45 965 1
24 965 -1
45 966 1
4 966 -1
45 967 1
43 967 -1
45 968 1
32 968 -1
45 969 1
48 969 -1
45 970 1
17 970 -1
45 971 1
40 971 -1
45 972 1
28 972 -1
45 973 1
21 973 -1
45 974 1
47 974 -1
45 975 1
52 975 -1
45 976 1
3 976 -1
45 977 1
8 977 -1
45 978 1
42 978 -1
45 979 1
41 979 -1
45 980 1
49 980 -1
45 981 1
19 981 -1
49 982 1
42 982 -1
49 983 1
34 983 -1
49 984 1
10 984 -1
49 985 1
8 985 -1
49 986 1
38 986 -1
49 987 1
12 987 -1
49 988 1
26 988 -1
49 989 1
11 989 -1
49 990 1
23 990 -1
49 991 1
39 991 -1
49 992 1
37 992 -1
49 993 1
18 993 -1
49 994 1
9 994 -1
49 995 1
31 995 -1
49 996 1
27 996 -1
49 997 1
44 997 -1
49 998 1
33 998 -1
49 999 1
17 999 -1
49 1000 1
21 1000 -1
