1 1 1
27 1 -1
1 2 1
61 2 -1
1 3 1
17 3 -1
1 4 1
54 4 -1
1 5 1
48 5 -1
1 6 1
57 6 -1
1 7 1
58 7 -1
1 8 1
14 8 -1
8 9 1
55 9 -1
8 10 1
27 10 -1
8 11 1
16 11 -1
8 12 1
42 12 -1
8 13 1
17 13 -1
8 14 1
59 14 -1
8 15 1
39 15 -1
8 16 1
62 16 -1
8 17 1
33 17 -1
26 18 1
62 18 -1
26 19 1
43 19 -1
26 20 1
50 20 -1
26 21 1
56 21 -1
26 22 1
49 22 -1
26 23 1
32 23 -1
26 24 1
59 24 -1
26 25 1
9 25 -1
26 26 1
17 26 -1
26 27 1
46 27 -1
26 28 1
19 28 -1
26 29 1
54 29 -1
26 30 1
18 30 -1
26 31 1
23 31 -1
26 32 1
45 32 -1
26 33 1
63 33 -1
26 34 1
39 34 -1
26 35 1
10 35 -1
26 36 1
61 36 -1
26 37 1
27 37 -1
26 38 1
22 38 -1
26 39 1
42 39 -1
26 40 1
25 40 -1
26 41 1
21 41 -1
26 42 1
60 42 -1
26 43 1
48 43 -1
26 44 1
36 44 -1
27 45 1
60 45 -1
27 46 1
63 46 -1
27 47 1
43 47 -1
27 48 1
32 48 -1
27 49 1
31 49 -1
27 50 1
47 50 -1
27 51 1
9 51 -1
27 52 1
29 52 -1
27 53 1
33 53 -1
27 54 1
6 54 -1
27 55 1
46 55 -1
27 56 1
7 56 -1
27 57 1
25 57 -1
27 58 1
42 58 -1
27 59 1
40 59 -1
27 60 1
34 60 -1
27 61 1
39 61 -1
27 62 1
37 62 -1
28 63 1
35 63 -1
28 64 1
16 64 -1
28 65 1
57 65 -1
28 66 1
9 66 -1
28 67 1
42 67 -1
28 68 1
15 68 -1
28 69 1
7 69 -1
28 70 1
19 70 -1
28 71 1
27 71 -1
28 72 1
30 72 -1
28 73 1
54 73 -1
28 74 1
12 74 -1
28 75 1
60 75 -1
28 76 1
59 76 -1
28 77 1
22 77 -1
28 78 1
63 78 -1
28 79 1
58 79 -1
28 80 1
17 80 -1
28 81 1
8 81 -1
28 82 1
32 82 -1
35 83 1
58 83 -1
35 84 1
19 84 -1
43 85 1
59 85 -1
43 86 1
31 86 -1
43 87 1
24 87 -1
43 88 1
8 88 -1
43 89 1
44 89 -1
43 90 1
40 90 -1
43 91 1
11 91 -1
43 92 1
6 92 -1
43 93 1
9 93 -1
43 94 1
37 94 -1
43 95 1
32 95 -1
43 96 1
60 96 -1
43 97 1
47 97 -1
43 98 1
42 98 -1
43 99 1
58 99 -1
43 100 1
33 100 -1
43 101 1
36 101 -1
49 102 1
28 102 -1
49 103 1
22 103 -1
49 104 1
40 104 -1
49 105 1
14 105 -1
49 106 1
52 106 -1
49 107 1
26 107 -1
49 108 1
38 108 -1
49 109 1
17 109 -1
49 110 1
44 110 -1
49 111 1
47 111 -1
49 112 1
18 112 -1
49 113 1
12 113 -1
55 114 1
26 114 -1
55 115 1
17 115 -1
55 116 1
54 116 -1
55 117 1
37 117 -1
55 118 1
21 118 -1
55 119 1
42 119 -1
55 120 1
53 120 -1
55 121 1
48 121 -1
55 122 1
8 122 -1
55 123 1
22 123 -1
55 124 1
28 124 -1
55 125 1
20 125 -1
55 126 1
38 126 -1
55 127 1
16 127 -1
55 128 1
10 128 -1
55 129 1
30 129 -1
55 130 1
40 130 -1
55 131 1
24 131 -1
55 132 1
56 132 -1
55 133 1
29 133 -1
55 134 1
45 134 -1
55 135 1
58 135 -1
55 136 1
44 136 -1
55 137 1
52 137 -1
55 138 1
27 138 -1
58 139 1
63 139 -1
58 140 1
48 140 -1
58 141 1
9 141 -1
58 142 1
30 142 -1
58 143 1
37 143 -1
58 144 1
22 144 -1
58 145 1
26 145 -1
58 146 1
56 146 -1
58 147 1
19 147 -1
58 148 1
29 148 -1
58 149 1
17 149 -1
58 150 1
44 150 -1
58 151 1
35 151 -1
58 152 1
47 152 -1
58 153 1
23 153 -1
58 154 1
36 154 -1
58 155 1
12 155 -1
58 156 1
18 156 -1
58 157 1
11 157 -1
59 158 1
49 158 -1
59 159 1
9 159 -1
59 160 1
56 160 -1
59 161 1
8 161 -1
59 162 1
28 162 -1
59 163 1
23 163 -1
59 164 1
57 164 -1
59 165 1
60 165 -1
59 166 1
25 166 -1
59 167 1
63 167 -1
59 168 1
29 168 -1
59 169 1
61 169 -1
59 170 1
54 170 -1
59 171 1
26 171 -1
60 172 1
8 172 -1
60 173 1
61 173 -1
60 174 1
19 174 -1
60 175 1
6 175 -1
60 176 1
10 176 -1
60 177 1
35 177 -1
60 178 1
34 178 -1
60 179 1
30 179 -1
60 180 1
32 180 -1
60 181 1
29 181 -1
60 182 1
59 182 -1
60 183 1
7 183 -1
60 184 1
57 184 -1
60 185 1
23 185 -1
60 186 1
54 186 -1
60 187 1
13 187 -1
60 188 1
58 188 -1
2 189 1
39 189 -1
2 190 1
12 190 -1
2 191 1
20 191 -1
16 192 1
34 192 -1
16 193 1
29 193 -1
16 194 1
20 194 -1
18 195 1
45 195 -1
18 196 1
32 196 -1
18 197 1
29 197 -1
18 198 1
15 198 -1
18 199 1
53 199 -1
18 200 1
63 200 -1
18 201 1
23 201 -1
18 202 1
59 202 -1
18 203 1
50 203 -1
18 204 1
62 204 -1
18 205 1
41 205 -1
23 206 1
32 206 -1
23 207 1
63 207 -1
23 208 1
55 208 -1
23 209 1
28 209 -1
23 210 1
54 210 -1
23 211 1
19 211 -1
23 212 1
18 212 -1
23 213 1
10 213 -1
23 214 1
53 214 -1
23 215 1
57 215 -1
23 216 1
42 216 -1
23 217 1
61 217 -1
23 218 1
7 218 -1
23 219 1
46 219 -1
23 220 1
31 220 -1
23 221 1
39 221 -1
23 222 1
21 222 -1
23 223 1
40 223 -1
23 224 1
12 224 -1
23 225 1
49 225 -1
23 226 1
33 226 -1
23 227 1
37 227 -1
32 228 1
16 228 -1
32 229 1
57 229 -1
32 230 1
15 230 -1
32 231 1
59 231 -1
32 232 1
35 232 -1
32 233 1
24 233 -1
32 234 1
42 234 -1
32 235 1
8 235 -1
32 236 1
19 236 -1
32 237 1
33 237 -1
32 238 1
45 238 -1
34 239 1
18 239 -1
34 240 1
55 240 -1
34 241 1
7 241 -1
34 242 1
48 242 -1
34 243 1
50 243 -1
34 244 1
47 244 -1
34 245 1
16 245 -1
34 246 1
23 246 -1
34 247 1
33 247 -1
34 248 1
41 248 -1
34 249 1
43 249 -1
34 250 1
30 250 -1
34 251 1
59 251 -1
38 252 1
62 252 -1
38 253 1
26 253 -1
38 254 1
50 254 -1
38 255 1
25 255 -1
39 256 1
23 256 -1
39 257 1
31 257 -1
39 258 1
38 258 -1
39 259 1
10 259 -1
39 260 1
6 260 -1
39 261 1
50 261 -1
39 262 1
57 262 -1
39 263 1
44 263 -1
39 264 1
15 264 -1
39 265 1
29 265 -1
39 266 1
11 266 -1
39 267 1
40 267 -1
39 268 1
36 268 -1
39 269 1
51 269 -1
39 270 1
30 270 -1
39 271 1
21 271 -1
39 272 1
54 272 -1
39 273 1
20 273 -1
39 274 1
32 274 -1
39 275 1
13 275 -1
39 276 1
24 276 -1
39 277 1
58 277 -1
39 278 1
25 278 -1
39 279 1
59 279 -1
39 280 1
28 280 -1
39 281 1
12 281 -1
39 282 1
49 282 -1
39 283 1
27 283 -1
39 284 1
33 284 -1
39 285 1
8 285 -1
39 286 1
52 286 -1
39 287 1
26 287 -1
45 288 1
50 288 -1
45 289 1
49 289 -1
50 290 1
38 290 -1
50 291 1
25 291 -1
50 292 1
23 292 -1
3 293 1
30 293 -1
3 294 1
37 294 -1
3 295 1
39 295 -1
3 296 1
20 296 -1
3 297 1
53 297 -1
3 298 1
47 298 -1
3 299 1
15 299 -1
3 300 1
61 300 -1
3 301 1
46 301 -1
3 302 1
32 302 -1
3 303 1
45 303 -1
3 304 1
59 304 -1
7 305 1
51 305 -1
7 306 1
58 306 -1
7 307 1
41 307 -1
7 308 1
19 308 -1
7 309 1
52 309 -1
7 310 1
43 310 -1
7 311 1
49 311 -1
7 312 1
22 312 -1
7 313 1
40 313 -1
7 314 1
53 314 -1
7 315 1
24 315 -1
13 316 1
62 316 -1
13 317 1
19 317 -1
13 318 1
12 318 -1
13 319 1
16 319 -1
13 320 1
10 320 -1
13 321 1
53 321 -1
13 322 1
49 322 -1
13 323 1
32 323 -1
13 324 1
9 324 -1
13 325 1
39 325 -1
17 326 1
63 326 -1
17 327 1
48 327 -1
17 328 1
34 328 -1
17 329 1
59 329 -1
17 330 1
15 330 -1
17 331 1
16 331 -1
17 332 1
23 332 -1
17 333 1
35 333 -1
17 334 1
13 334 -1
17 335 1
38 335 -1
17 336 1
60 336 -1
17 337 1
61 337 -1
17 338 1
54 338 -1
17 339 1
20 339 -1
17 340 1
42 340 -1
17 341 1
49 341 -1
17 342 1
25 342 -1
17 343 1
31 343 -1
17 344 1
56 344 -1
17 345 1
12 345 -1
17 346 1
57 346 -1
17 347 1
10 347 -1
17 348 1
50 348 -1
17 349 1
18 349 -1
17 350 1
37 350 -1
17 351 1
8 351 -1
17 352 1
52 352 -1
17 353 1
6 353 -1
17 354 1
41 354 -1
17 355 1
47 355 -1
17 356 1
62 356 -1
17 357 1
11 357 -1
21 358 1
25 358 -1
21 359 1
10 359 -1
21 360 1
46 360 -1
21 361 1
43 361 -1
21 362 1
32 362 -1
21 363 1
16 363 -1
21 364 1
36 364 -1
21 365 1
45 365 -1
21 366 1
22 366 -1
21 367 1
18 367 -1
21 368 1
42 368 -1
21 369 1
15 369 -1
21 370 1
35 370 -1
21 371 1
48 371 -1
25 372 1
61 372 -1
25 373 1
63 373 -1
25 374 1
45 374 -1
25 375 1
35 375 -1
25 376 1
39 376 -1
25 377 1
6 377 -1
25 378 1
20 378 -1
25 379 1
36 379 -1
25 380 1
55 380 -1
25 381 1
14 381 -1
25 382 1
23 382 -1
25 383 1
33 383 -1
25 384 1
38 384 -1
25 385 1
59 385 -1
25 386 1
28 386 -1
25 387 1
9 387 -1
25 388 1
34 388 -1
25 389 1
56 389 -1
25 390 1
50 390 -1
25 391 1
60 391 -1
25 392 1
7 392 -1
25 393 1
11 393 -1
30 394 1
21 394 -1
30 395 1
37 395 -1
30 396 1
19 396 -1
30 397 1
57 397 -1
31 398 1
7 398 -1
31 399 1
34 399 -1
31 400 1
59 400 -1
31 401 1
9 401 -1
31 402 1
24 402 -1
31 403 1
11 403 -1
31 404 1
37 404 -1
31 405 1
53 405 -1
31 406 1
15 406 -1
31 407 1
21 407 -1
31 408 1
58 408 -1
31 409 1
23 409 -1
31 410 1
50 410 -1
36 411 1
31 411 -1
36 412 1
44 412 -1
36 413 1
20 413 -1
36 414 1
62 414 -1
36 415 1
47 415 -1
36 416 1
15 416 -1
36 417 1
43 417 -1
36 418 1
14 418 -1
36 419 1
19 419 -1
36 420 1
59 420 -1
36 421 1
58 421 -1
36 422 1
54 422 -1
36 423 1
23 423 -1
41 424 1
44 424 -1
41 425 1
30 425 -1
41 426 1
15 426 -1
41 427 1
49 427 -1
41 428 1
10 428 -1
41 429 1
61 429 -1
41 430 1
27 430 -1
41 431 1
55 431 -1
41 432 1
37 432 -1
41 433 1
43 433 -1
41 434 1
36 434 -1
41 435 1
16 435 -1
41 436 1
63 436 -1
41 437 1
11 437 -1
41 438 1
46 438 -1
41 439 1
51 439 -1
41 440 1
32 440 -1
41 441 1
58 441 -1
41 442 1
47 442 -1
41 443 1
23 443 -1
41 444 1
42 444 -1
41 445 1
40 445 -1
41 446 1
45 446 -1
41 447 1
22 447 -1
41 448 1
13 448 -1
41 449 1
28 449 -1
41 450 1
14 450 -1
41 451 1
34 451 -1
41 452 1
53 452 -1
41 453 1
39 453 -1
44 454 1
13 454 -1
44 455 1
31 455 -1
44 456 1
60 456 -1
44 457 1
52 457 -1
44 458 1
51 458 -1
44 459 1
49 459 -1
44 460 1
53 460 -1
44 461 1
11 461 -1
44 462 1
41 462 -1
44 463 1
7 463 -1
44 464 1
21 464 -1
44 465 1
38 465 -1
44 466 1
58 466 -1
44 467 1
30 467 -1
44 468 1
59 468 -1
44 469 1
27 469 -1
44 470 1
35 470 -1
44 471 1
16 471 -1
44 472 1
39 472 -1
44 473 1
61 473 -1
44 474 1
18 474 -1
44 475 1
40 475 -1
44 476 1
12 476 -1
44 477 1
8 477 -1
44 478 1
22 478 -1
44 479 1
29 479 -1
44 480 1
55 480 -1
44 481 1
63 481 -1
44 482 1
23 482 -1
44 483 1
24 483 -1
44 484 1
50 484 -1
44 485 1
46 485 -1
44 486 1
37 486 -1
44 487 1
20 487 -1
48 488 1
36 488 -1
48 489 1
32 489 -1
48 490 1
16 490 -1
48 491 1
42 491 -1
48 492 1
28 492 -1
48 493 1
26 493 -1
48 494 1
49 494 -1
48 495 1
41 495 -1
48 496 1
63 496 -1
48 497 1
59 497 -1
48 498 1
43 498 -1
48 499 1
9 499 -1
48 500 1
13 500 -1
48 501 1
11 501 -1
48 502 1
33 502 -1
48 503 1
24 503 -1
48 504 1
15 504 -1
48 505 1
22 505 -1
48 506 1
29 506 -1
48 507 1
53 507 -1
48 508 1
56 508 -1
48 509 1
6 509 -1
48 510 1
25 510 -1
48 511 1
19 511 -1
48 512 1
17 512 -1
51 513 1
56 513 -1
51 514 1
40 514 -1
51 515 1
36 515 -1
51 516 1
26 516 -1
51 517 1
25 517 -1
51 518 1
13 518 -1
51 519 1
10 519 -1
51 520 1
6 520 -1
51 521 1
9 521 -1
51 522 1
8 522 -1
51 523 1
42 523 -1
51 524 1
62 524 -1
51 525 1
15 525 -1
51 526 1
22 526 -1
51 527 1
34 527 -1
51 528 1
21 528 -1
51 529 1
58 529 -1
51 530 1
20 530 -1
51 531 1
49 531 -1
51 532 1
16 532 -1
51 533 1
61 533 -1
51 534 1
29 534 -1
51 535 1
24 535 -1
51 536 1
31 536 -1
51 537 1
28 537 -1
51 538 1
45 538 -1
51 539 1
57 539 -1
51 540 1
32 540 -1
51 541 1
23 541 -1
51 542 1
46 542 -1
51 543 1
27 543 -1
51 544 1
50 544 -1
51 545 1
59 545 -1
51 546 1
30 546 -1
51 547 1
35 547 -1
56 548 1
41 548 -1
56 549 1
20 549 -1
56 550 1
44 550 -1
56 551 1
49 551 -1
56 552 1
6 552 -1
56 553 1
40 553 -1
56 554 1
26 554 -1
56 555 1
43 555 -1
56 556 1
29 556 -1
56 557 1
9 557 -1
56 558 1
10 558 -1
56 559 1
39 559 -1
56 560 1
54 560 -1
56 561 1
36 561 -1
56 562 1
63 562 -1
56 563 1
27 563 -1
56 564 1
21 564 -1
56 565 1
51 565 -1
56 566 1
31 566 -1
56 567 1
59 567 -1
56 568 1
34 568 -1
56 569 1
8 569 -1
56 570 1
52 570 -1
56 571 1
23 571 -1
56 572 1
22 572 -1
56 573 1
38 573 -1
56 574 1
15 574 -1
56 575 1
42 575 -1
61 576 1
17 576 -1
61 577 1
7 577 -1
61 578 1
31 578 -1
61 579 1
32 579 -1
61 580 1
25 580 -1
61 581 1
24 581 -1
61 582 1
41 582 -1
61 583 1
52 583 -1
61 584 1
45 584 -1
61 585 1
33 585 -1
61 586 1
54 586 -1
61 587 1
38 587 -1
61 588 1
30 588 -1
61 589 1
44 589 -1
61 590 1
63 590 -1
61 591 1
15 591 -1
4 592 1
40 592 -1
4 593 1
14 593 -1
4 594 1
19 594 -1
4 595 1
42 595 -1
4 596 1
56 596 -1
4 597 1
44 597 -1
4 598 1
34 598 -1
4 599 1
37 599 -1
9 600 1
22 600 -1
9 601 1
32 601 -1
9 602 1
48 602 -1
14 603 1
9 603 -1
14 604 1
53 604 -1
14 605 1
38 605 -1
14 606 1
20 606 -1
14 607 1
25 607 -1
14 608 1
18 608 -1
14 609 1
63 609 -1
14 610 1
29 610 -1
14 611 1
26 611 -1
14 612 1
59 612 -1
14 613 1
27 613 -1
14 614 1
11 614 -1
14 615 1
56 615 -1
14 616 1
51 616 -1
14 617 1
6 617 -1
14 618 1
62 618 -1
14 619 1
21 619 -1
14 620 1
46 620 -1
14 621 1
44 621 -1
14 622 1
23 622 -1
14 623 1
35 623 -1
14 624 1
41 624 -1
14 625 1
58 625 -1
14 626 1
10 626 -1
14 627 1
8 627 -1
14 628 1
16 628 -1
14 629 1
24 629 -1
14 630 1
60 630 -1
14 631 1
40 631 -1
14 632 1
19 632 -1
14 633 1
28 633 -1
14 634 1
47 634 -1
14 635 1
42 635 -1
15 636 1
14 636 -1
15 637 1
44 637 -1
15 638 1
20 638 -1
15 639 1
22 639 -1
15 640 1
48 640 -1
15 641 1
27 641 -1
19 642 1
63 642 -1
19 643 1
54 643 -1
19 644 1
39 644 -1
19 645 1
33 645 -1
19 646 1
31 646 -1
19 647 1
10 647 -1
19 648 1
6 648 -1
19 649 1
58 649 -1
19 650 1
42 650 -1
19 651 1
43 651 -1
19 652 1
25 652 -1
19 653 1
12 653 -1
19 654 1
48 654 -1
19 655 1
28 655 -1
19 656 1
18 656 -1
19 657 1
45 657 -1
19 658 1
11 658 -1
19 659 1
59 659 -1
19 660 1
15 660 -1
19 661 1
22 661 -1
19 662 1
62 662 -1
19 663 1
35 663 -1
19 664 1
7 664 -1
19 665 1
52 665 -1
20 666 1
24 666 -1
20 667 1
25 667 -1
20 668 1
59 668 -1
20 669 1
40 669 -1
20 670 1
41 670 -1
20 671 1
62 671 -1
20 672 1
47 672 -1
20 673 1
6 673 -1
20 674 1
11 674 -1
20 675 1
14 675 -1
20 676 1
15 676 -1
20 677 1
30 677 -1
20 678 1
46 678 -1
20 679 1
18 679 -1
20 680 1
51 680 -1
20 681 1
61 681 -1
20 682 1
42 682 -1
20 683 1
7 683 -1
20 684 1
33 684 -1
20 685 1
28 685 -1
20 686 1
49 686 -1
20 687 1
35 687 -1
20 688 1
16 688 -1
20 689 1
39 689 -1
20 690 1
43 690 -1
20 691 1
54 691 -1
20 692 1
8 692 -1
20 693 1
58 693 -1
20 694 1
38 694 -1
22 695 1
20 695 -1
22 696 1
29 696 -1
22 697 1
15 697 -1
22 698 1
48 698 -1
22 699 1
50 699 -1
22 700 1
61 700 -1
22 701 1
31 701 -1
22 702 1
49 702 -1
22 703 1
59 703 -1
22 704 1
13 704 -1
22 705 1
56 705 -1
22 706 1
8 706 -1
22 707 1
63 707 -1
22 708 1
46 708 -1
22 709 1
42 709 -1
22 710 1
47 710 -1
22 711 1
11 711 -1
24 712 1
62 712 -1
24 713 1
42 713 -1
24 714 1
25 714 -1
24 715 1
47 715 -1
24 716 1
61 716 -1
24 717 1
37 717 -1
24 718 1
30 718 -1
24 719 1
51 719 -1
24 720 1
9 720 -1
24 721 1
18 721 -1
24 722 1
33 722 -1
24 723 1
19 723 -1
24 724 1
43 724 -1
24 725 1
13 725 -1
24 726 1
31 726 -1
24 727 1
21 727 -1
24 728 1
39 728 -1
24 729 1
35 729 -1
24 730 1
57 730 -1
24 731 1
63 731 -1
24 732 1
48 732 -1
24 733 1
36 733 -1
40 734 1
15 734 -1
40 735 1
52 735 -1
40 736 1
43 736 -1
40 737 1
34 737 -1
40 738 1
36 738 -1
40 739 1
55 739 -1
40 740 1
62 740 -1
42 741 1
19 741 -1
42 742 1
27 742 -1
42 743 1
47 743 -1
42 744 1
21 744 -1
42 745 1
35 745 -1
42 746 1
13 746 -1
42 747 1
44 747 -1
42 748 1
6 748 -1
42 749 1
51 749 -1
42 750 1
14 750 -1
42 751 1
39 751 -1
42 752 1
45 752 -1
42 753 1
32 753 -1
5 754 1
54 754 -1
5 755 1
27 755 -1
5 756 1
28 756 -1
5 757 1
24 757 -1
5 758 1
12 758 -1
5 759 1
25 759 -1
5 760 1
21 760 -1
5 761 1
38 761 -1
5 762 1
30 762 -1
6 763 1
57 763 -1
6 764 1
55 764 -1
6 765 1
29 765 -1
6 766 1
10 766 -1
6 767 1
41 767 -1
6 768 1
63 768 -1
6 769 1
54 769 -1
6 770 1
15 770 -1
6 771 1
49 771 -1
6 772 1
20 772 -1
6 773 1
50 773 -1
6 774 1
40 774 -1
6 775 1
56 775 -1
6 776 1
39 776 -1
6 777 1
26 777 -1
6 778 1
24 778 -1
6 779 1
43 779 -1
6 780 1
8 780 -1
6 781 1
21 781 -1
6 782 1
51 782 -1
6 783 1
42 783 -1
6 784 1
33 784 -1
6 785 1
28 785 -1
6 786 1
37 786 -1
6 787 1
48 787 -1
6 788 1
13 788 -1
6 789 1
11 789 -1
6 790 1
44 790 -1
6 791 1
19 791 -1
6 792 1
31 792 -1
6 793 1
16 793 -1
6 794 1
7 794 -1
6 795 1
36 795 -1
6 796 1
34 796 -1
6 797 1
58 797 -1
10 798 1
37 798 -1
10 799 1
34 799 -1
10 800 1
31 800 -1
10 801 1
18 801 -1
10 802 1
7 802 -1
10 803 1
14 803 -1
10 804 1
58 804 -1
10 805 1
53 805 -1
10 806 1
40 806 -1
10 807 1
21 807 -1
10 808 1
54 808 -1
10 809 1
49 809 -1
10 810 1
32 810 -1
10 811 1
6 811 -1
11 812 1
62 812 -1
11 813 1
47 813 -1
11 814 1
61 814 -1
11 815 1
42 815 -1
11 816 1
31 816 -1
11 817 1
24 817 -1
11 818 1
58 818 -1
11 819 1
22 819 -1
11 820 1
45 820 -1
11 821 1
46 821 -1
11 822 1
12 822 -1
11 823 1
37 823 -1
11 824 1
25 824 -1
11 825 1
54 825 -1
11 826 1
19 826 -1
11 827 1
40 827 -1
11 828 1
63 828 -1
11 829 1
14 829 -1
11 830 1
50 830 -1
11 831 1
60 831 -1
11 832 1
10 832 -1
11 833 1
16 833 -1
11 834 1
17 834 -1
11 835 1
43 835 -1
11 836 1
35 836 -1
11 837 1
28 837 -1
11 838 1
26 838 -1
11 839 1
20 839 -1
11 840 1
6 840 -1
11 841 1
49 841 -1
11 842 1
15 842 -1
11 843 1
30 843 -1
11 844 1
57 844 -1
12 845 1
6 845 -1
12 846 1
31 846 -1
12 847 1
20 847 -1
12 848 1
9 848 -1
12 849 1
49 849 -1
12 850 1
21 850 -1
12 851 1
7 851 -1
12 852 1
52 852 -1
12 853 1
32 853 -1
12 854 1
58 854 -1
12 855 1
36 855 -1
12 856 1
28 856 -1
12 857 1
42 857 -1
12 858 1
53 858 -1
12 859 1
38 859 -1
12 860 1
47 860 -1
12 861 1
60 861 -1
12 862 1
15 862 -1
12 863 1
30 863 -1
12 864 1
43 864 -1
12 865 1
40 865 -1
12 866 1
41 866 -1
12 867 1
55 867 -1
29 868 1
46 868 -1
29 869 1
49 869 -1
29 870 1
41 870 -1
29 871 1
50 871 -1
29 872 1
48 872 -1
29 873 1
44 873 -1
29 874 1
61 874 -1
29 875 1
32 875 -1
29 876 1
16 876 -1
29 877 1
31 877 -1
29 878 1
28 878 -1
29 879 1
51 879 -1
29 880 1
36 880 -1
29 881 1
55 881 -1
29 882 1
59 882 -1
29 883 1
33 883 -1
29 884 1
34 884 -1
29 885 1
21 885 -1
29 886 1
24 886 -1
29 887 1
37 887 -1
29 888 1
26 888 -1
29 889 1
38 889 -1
33 890 1
29 890 -1
33 891 1
22 891 -1
33 892 1
21 892 -1
33 893 1
39 893 -1
33 894 1
16 894 -1
33 895 1
53 895 -1
33 896 1
47 896 -1
33 897 1
61 897 -1
33 898 1
18 898 -1
33 899 1
42 899 -1
37 900 1
52 900 -1
37 901 1
33 901 -1
37 902 1
23 902 -1
37 903 1
35 903 -1
37 904 1
9 904 -1
37 905 1
26 905 -1
37 906 1
39 906 -1
37 907 1
58 907 -1
37 908 1
10 908 -1
37 909 1
30 909 -1
37 910 1
13 910 -1
37 911 1
34 911 -1
37 912 1
22 912 -1
37 913 1
56 913 -1
37 914 1
48 914 -1
37 915 1
24 915 -1
37 916 1
51 916 -1
37 917 1
55 917 -1
37 918 1
12 918 -1
37 919 1
42 919 -1
37 920 1
50 920 -1
37 921 1
17 921 -1
37 922 1
61 922 -1
37 923 1
38 923 -1
37 924 1
21 924 -1
37 925 1
25 925 -1
37 926 1
44 926 -1
46 927 1
11 927 -1
46 928 1
14 928 -1
47 929 1
12 929 -1
47 930 1
20 930 -1
47 931 1
29 931 -1
47 932 1
9 932 -1
47 933 1
18 933 -1
47 934 1
30 934 -1
47 935 1
55 935 -1
47 936 1
34 936 -1
47 937 1
56 937 -1
47 938 1
6 938 -1
47 939 1
14 939 -1
47 940 1
36 940 -1
47 941 1
59 941 -1
47 942 1
49 942 -1
52 943 1
63 943 -1
52 944 1
29 944 -1
52 945 1
26 945 -1
52 946 1
51 946 -1
52 947 1
31 947 -1
52 948 1
21 948 -1
52 949 1
38 949 -1
53 950 1
33 950 -1
53 951 1
32 951 -1
53 952 1
26 952 -1
53 953 1
60 953 -1
53 954 1
51 954 -1
53 955 1
16 955 -1
53 956 1
62 956 -1
53 957 1
24 957 -1
53 958 1
13 958 -1
53 959 1
55 959 -1
53 960 1
29 960 -1
53 961 1
37 961 -1
53 962 1
23 962 -1
53 963 1
22 963 -1
53 964 1
14 964 -1
53 965 1
25 965 -1
53 966 1
6 966 -1
53 967 1
63 967 -1
53 968 1
11 968 -1
53 969 1
41 969 -1
53 970 1
10 970 -1
54 971 1
53 971 -1
54 972 1
60 972 -1
54 973 1
44 973 -1
54 974 1
32 974 -1
54 975 1
51 975 -1
54 976 1
30 976 -1
54 977 1
10 977 -1
54 978 1
11 978 -1
54 979 1
59 979 -1
54 980 1
49 980 -1
54 981 1
41 981 -1
57 982 1
10 982 -1
57 983 1
35 983 -1
57 984 1
44 984 -1
57 985 1
49 985 -1
57 986 1
29 986 -1
57 987 1
40 987 -1
57 988 1
9 988 -1
57 989 1
61 989 -1
57 990 1
14 990 -1
57 991 1
15 991 -1
57 992 1
16 992 -1
57 993 1
11 993 -1
57 994 1
18 994 -1
57 995 1
37 995 -1
57 996 1
43 996 -1
57 997 1
20 997 -1
57 998 1
34 998 -1
57 999 1
27 999 -1
57 1000 1
12 1000 -1
