1 1 1
16 1 -1
1 2 1
80 2 -1
1 3 1
83 3 -1
1 4 1
30 4 -1
1 5 1
69 5 -1
1 6 1
10 6 -1
1 7 1
17 7 -1
1 8 1
62 8 -1
1 9 1
70 9 -1
1 10 1
20 10 -1
1 11 1
56 11 -1
1 12 1
72 12 -1
1 13 1
32 13 -1
1 14 1
44 14 -1
1 15 1
77 15 -1
1 16 1
76 16 -1
1 17 1
18 17 -1
1 18 1
28 18 -1
1 19 1
42 19 -1
1 20 1
81 20 -1
16 21 1
49 21 -1
16 22 1
19 22 -1
16 23 1
10 23 -1
16 24 1
78 24 -1
16 25 1
27 25 -1
16 26 1
70 26 -1
16 27 1
9 27 -1
16 28 1
41 28 -1
16 29 1
31 29 -1
16 30 1
30 30 -1
16 31 1
63 31 -1
16 32 1
54 32 -1
16 33 1
50 33 -1
16 34 1
56 34 -1
18 35 1
81 35 -1
18 36 1
20 36 -1
18 37 1
59 37 -1
18 38 1
61 38 -1
18 39 1
82 39 -1
18 40 1
43 40 -1
18 41 1
21 41 -1
18 42 1
45 42 -1
18 43 1
34 43 -1
18 44 1
32 44 -1
18 45 1
24 45 -1
18 46 1
77 46 -1
18 47 1
49 47 -1
18 48 1
51 48 -1
18 49 1
26 49 -1
18 50 1
62 50 -1
18 51 1
40 51 -1
18 52 1
44 52 -1
18 53 1
79 53 -1
38 54 1
89 54 -1
38 55 1
88 55 -1
38 56 1
75 56 -1
38 57 1
59 57 -1
42 58 1
67 58 -1
42 59 1
70 59 -1
42 60 1
64 60 -1
42 61 1
84 61 -1
42 62 1
39 62 -1
42 63 1
36 63 -1
42 64 1
14 64 -1
42 65 1
16 65 -1
42 66 1
45 66 -1
42 67 1
81 67 -1
42 68 1
26 68 -1
42 69 1
80 69 -1
42 70 1
49 70 -1
44 71 1
38 71 -1
44 72 1
17 72 -1
44 73 1
42 73 -1
44 74 1
53 74 -1
44 75 1
46 75 -1
44 76 1
74 76 -1
44 77 1
82 77 -1
49 78 1
54 78 -1
49 79 1
26 79 -1
49 80 1
75 80 -1
49 81 1
65 81 -1
49 82 1
89 82 -1
49 83 1
12 83 -1
49 84 1
29 84 -1
49 85 1
11 85 -1
51 86 1
42 86 -1
51 87 1
83 87 -1
51 88 1
67 88 -1
51 89 1
10 89 -1
51 90 1
12 90 -1
51 91 1
33 91 -1
51 92 1
29 92 -1
51 93 1
68 93 -1
51 94 1
43 94 -1
51 95 1
47 95 -1
51 96 1
13 96 -1
51 97 1
30 97 -1
51 98 1
88 98 -1
54 99 1
51 99 -1
54 100 1
72 100 -1
54 101 1
36 101 -1
54 102 1
39 102 -1
54 103 1
10 103 -1
54 104 1
50 104 -1
54 105 1
71 105 -1
54 106 1
43 106 -1
54 107 1
79 107 -1
54 108 1
14 108 -1
54 109 1
22 109 -1
54 110 1
33 110 -1
54 111 1
85 111 -1
54 112 1
68 112 -1
67 113 1
76 113 -1
67 114 1
83 114 -1
76 115 1
18 115 -1
76 116 1
66 116 -1
76 117 1
63 117 -1
76 118 1
89 118 -1
76 119 1
36 119 -1
76 120 1
44 120 -1
76 121 1
39 121 -1
76 122 1
50 122 -1
81 123 1
44 123 -1
81 124 1
76 124 -1
81 125 1
68 125 -1
81 126 1
17 126 -1
81 127 1
12 127 -1
81 128 1
14 128 -1
81 129 1
59 129 -1
81 130 1
77 130 -1
81 131 1
39 131 -1
81 132 1
45 132 -1
81 133 1
35 133 -1
81 134 1
42 134 -1
81 135 1
26 135 -1
81 136 1
67 136 -1
81 137 1
84 137 -1
81 138 1
49 138 -1
2 139 1
19 139 -1
2 140 1
56 140 -1
2 141 1
49 141 -1
2 142 1
78 142 -1
2 143 1
42 143 -1
2 144 1
54 144 -1
2 145 1
84 145 -1
2 146 1
22 146 -1
2 147 1
50 147 -1
2 148 1
58 148 -1
2 149 1
13 149 -1
2 150 1
41 150 -1
2 151 1
47 151 -1
19 152 1
78 152 -1
19 153 1
9 153 -1
19 154 1
31 154 -1
19 155 1
54 155 -1
19 156 1
24 156 -1
19 157 1
21 157 -1
19 158 1
32 158 -1
27 159 1
43 159 -1
27 160 1
71 160 -1
27 161 1
33 161 -1
27 162 1
32 162 -1
27 163 1
68 163 -1
27 164 1
11 164 -1
27 165 1
17 165 -1
27 166 1
47 166 -1
27 167 1
72 167 -1
27 168 1
67 168 -1
27 169 1
23 169 -1
27 170 1
89 170 -1
27 171 1
66 171 -1
27 172 1
49 172 -1
27 173 1
55 173 -1
27 174 1
12 174 -1
27 175 1
51 175 -1
27 176 1
34 176 -1
27 177 1
41 177 -1
40 178 1
74 178 -1
40 179 1
68 179 -1
40 180 1
13 180 -1
40 181 1
24 181 -1
40 182 1
31 182 -1
40 183 1
75 183 -1
40 184 1
81 184 -1
40 185 1
14 185 -1
40 186 1
29 186 -1
40 187 1
36 187 -1
40 188 1
73 188 -1
40 189 1
32 189 -1
40 190 1
45 190 -1
40 191 1
27 191 -1
40 192 1
54 192 -1
40 193 1
70 193 -1
40 194 1
64 194 -1
40 195 1
20 195 -1
40 196 1
77 196 -1
40 197 1
53 197 -1
43 198 1
60 198 -1
43 199 1
59 199 -1
43 200 1
32 200 -1
43 201 1
72 201 -1
43 202 1
18 202 -1
43 203 1
45 203 -1
43 204 1
57 204 -1
43 205 1
48 205 -1
43 206 1
19 206 -1
43 207 1
29 207 -1
43 208 1
35 208 -1
43 209 1
22 209 -1
43 210 1
67 210 -1
43 211 1
83 211 -1
43 212 1
85 212 -1
43 213 1
63 213 -1
43 214 1
55 214 -1
53 215 1
75 215 -1
53 216 1
85 216 -1
53 217 1
67 217 -1
53 218 1
39 218 -1
53 219 1
33 219 -1
53 220 1
54 220 -1
53 221 1
20 221 -1
60 222 1
40 222 -1
60 223 1
48 223 -1
60 224 1
84 224 -1
60 225 1
27 225 -1
60 226 1
73 226 -1
60 227 1
47 227 -1
60 228 1
66 228 -1
60 229 1
68 229 -1
60 230 1
57 230 -1
60 231 1
58 231 -1
60 232 1
25 232 -1
60 233 1
61 233 -1
60 234 1
64 234 -1
60 235 1
55 235 -1
60 236 1
19 236 -1
60 237 1
89 237 -1
60 238 1
43 238 -1
60 239 1
70 239 -1
60 240 1
50 240 -1
60 241 1
16 241 -1
60 242 1
69 242 -1
74 243 1
87 243 -1
74 244 1
89 244 -1
74 245 1
81 245 -1
74 246 1
26 246 -1
74 247 1
53 247 -1
74 248 1
39 248 -1
74 249 1
61 249 -1
74 250 1
22 250 -1
74 251 1
19 251 -1
74 252 1
88 252 -1
74 253 1
57 253 -1
74 254 1
24 254 -1
74 255 1
77 255 -1
75 256 1
27 256 -1
75 257 1
25 257 -1
75 258 1
86 258 -1
75 259 1
41 259 -1
75 260 1
33 260 -1
75 261 1
82 261 -1
75 262 1
52 262 -1
75 263 1
67 263 -1
75 264 1
70 264 -1
75 265 1
88 265 -1
75 266 1
49 266 -1
75 267 1
78 267 -1
75 268 1
59 268 -1
75 269 1
44 269 -1
75 270 1
72 270 -1
78 271 1
53 271 -1
78 272 1
9 272 -1
78 273 1
82 273 -1
78 274 1
57 274 -1
3 275 1
77 275 -1
3 276 1
63 276 -1
3 277 1
16 277 -1
3 278 1
86 278 -1
3 279 1
29 279 -1
3 280 1
51 280 -1
3 281 1
32 281 -1
3 282 1
24 282 -1
3 283 1
67 283 -1
3 284 1
34 284 -1
3 285 1
62 285 -1
3 286 1
39 286 -1
24 287 1
88 287 -1
24 288 1
14 288 -1
24 289 1
23 289 -1
24 290 1
64 290 -1
24 291 1
37 291 -1
24 292 1
11 292 -1
46 293 1
87 293 -1
46 294 1
71 294 -1
46 295 1
78 295 -1
46 296 1
63 296 -1
46 297 1
65 297 -1
46 298 1
39 298 -1
46 299 1
13 299 -1
46 300 1
47 300 -1
46 301 1
74 301 -1
46 302 1
77 302 -1
46 303 1
21 303 -1
46 304 1
41 304 -1
46 305 1
81 305 -1
46 306 1
83 306 -1
46 307 1
80 307 -1
46 308 1
27 308 -1
50 309 1
24 309 -1
50 310 1
65 310 -1
50 311 1
36 311 -1
50 312 1
44 312 -1
50 313 1
30 313 -1
50 314 1
80 314 -1
50 315 1
68 315 -1
50 316 1
51 316 -1
50 317 1
73 317 -1
50 318 1
81 318 -1
50 319 1
64 319 -1
50 320 1
23 320 -1
50 321 1
22 321 -1
50 322 1
88 322 -1
50 323 1
34 323 -1
50 324 1
76 324 -1
50 325 1
47 325 -1
50 326 1
71 326 -1
50 327 1
26 327 -1
50 328 1
49 328 -1
50 329 1
66 329 -1
59 330 1
46 330 -1
59 331 1
34 331 -1
70 332 1
59 332 -1
70 333 1
56 333 -1
70 334 1
84 334 -1
70 335 1
73 335 -1
70 336 1
68 336 -1
70 337 1
27 337 -1
70 338 1
28 338 -1
70 339 1
55 339 -1
70 340 1
39 340 -1
70 341 1
82 341 -1
70 342 1
80 342 -1
70 343 1
26 343 -1
70 344 1
11 344 -1
70 345 1
44 345 -1
70 346 1
31 346 -1
70 347 1
29 347 -1
70 348 1
23 348 -1
70 349 1
22 349 -1
70 350 1
49 350 -1
70 351 1
63 351 -1
70 352 1
74 352 -1
71 353 1
82 353 -1
71 354 1
40 354 -1
71 355 1
52 355 -1
71 356 1
70 356 -1
71 357 1
29 357 -1
71 358 1
49 358 -1
71 359 1
74 359 -1
71 360 1
61 360 -1
71 361 1
68 361 -1
71 362 1
51 362 -1
71 363 1
27 363 -1
71 364 1
31 364 -1
71 365 1
18 365 -1
71 366 1
36 366 -1
71 367 1
14 367 -1
71 368 1
87 368 -1
71 369 1
46 369 -1
71 370 1
62 370 -1
77 371 1
70 371 -1
77 372 1
38 372 -1
77 373 1
56 373 -1
77 374 1
54 374 -1
77 375 1
52 375 -1
77 376 1
42 376 -1
77 377 1
66 377 -1
77 378 1
16 378 -1
77 379 1
14 379 -1
77 380 1
30 380 -1
77 381 1
61 381 -1
77 382 1
19 382 -1
77 383 1
34 383 -1
77 384 1
36 384 -1
77 385 1
9 385 -1
77 386 1
51 386 -1
82 387 1
50 387 -1
82 388 1
37 388 -1
82 389 1
51 389 -1
82 390 1
62 390 -1
4 391 1
14 391 -1
4 392 1
32 392 -1
4 393 1
73 393 -1
4 394 1
78 394 -1
12 395 1
86 395 -1
12 396 1
77 396 -1
12 397 1
80 397 -1
12 398 1
52 398 -1
12 399 1
41 399 -1
12 400 1
69 400 -1
12 401 1
44 401 -1
12 402 1
32 402 -1
12 403 1
78 403 -1
12 404 1
25 404 -1
12 405 1
79 405 -1
12 406 1
38 406 -1
12 407 1
87 407 -1
12 408 1
56 408 -1
12 409 1
53 409 -1
12 410 1
63 410 -1
14 411 1
47 411 -1
14 412 1
22 412 -1
14 413 1
25 413 -1
14 414 1
33 414 -1
14 415 1
27 415 -1
14 416 1
61 416 -1
14 417 1
82 417 -1
14 418 1
67 418 -1
14 419 1
72 419 -1
14 420 1
28 420 -1
14 421 1
49 421 -1
14 422 1
36 422 -1
22 423 1
62 423 -1
22 424 1
16 424 -1
22 425 1
50 425 -1
22 426 1
45 426 -1
22 427 1
80 427 -1
22 428 1
87 428 -1
22 429 1
69 429 -1
22 430 1
75 430 -1
22 431 1
53 431 -1
22 432 1
33 432 -1
22 433 1
40 433 -1
22 434 1
76 434 -1
22 435 1
32 435 -1
22 436 1
60 436 -1
22 437 1
74 437 -1
22 438 1
24 438 -1
22 439 1
65 439 -1
22 440 1
66 440 -1
22 441 1
71 441 -1
22 442 1
38 442 -1
30 443 1
12 443 -1
30 444 1
41 444 -1
30 445 1
85 445 -1
30 446 1
88 446 -1
47 447 1
22 447 -1
47 448 1
45 448 -1
47 449 1
37 449 -1
47 450 1
54 450 -1
47 451 1
71 451 -1
47 452 1
19 452 -1
47 453 1
76 453 -1
47 454 1
18 454 -1
47 455 1
39 455 -1
55 456 1
73 456 -1
55 457 1
84 457 -1
55 458 1
65 458 -1
55 459 1
22 459 -1
55 460 1
75 460 -1
55 461 1
58 461 -1
55 462 1
82 462 -1
55 463 1
38 463 -1
55 464 1
45 464 -1
55 465 1
52 465 -1
55 466 1
29 466 -1
55 467 1
63 467 -1
55 468 1
67 468 -1
55 469 1
54 469 -1
55 470 1
71 470 -1
55 471 1
23 471 -1
55 472 1
33 472 -1
62 473 1
87 473 -1
62 474 1
85 474 -1
62 475 1
15 475 -1
73 476 1
30 476 -1
73 477 1
17 477 -1
73 478 1
13 478 -1
73 479 1
60 479 -1
73 480 1
11 480 -1
73 481 1
27 481 -1
73 482 1
34 482 -1
73 483 1
82 483 -1
73 484 1
80 484 -1
85 485 1
55 485 -1
85 486 1
65 486 -1
85 487 1
34 487 -1
85 488 1
87 488 -1
85 489 1
28 489 -1
85 490 1
54 490 -1
85 491 1
88 491 -1
85 492 1
22 492 -1
85 493 1
58 493 -1
85 494 1
36 494 -1
5 495 1
84 495 -1
5 496 1
61 496 -1
5 497 1
18 497 -1
5 498 1
17 498 -1
5 499 1
13 499 -1
5 500 1
80 500 -1
5 501 1
28 501 -1
5 502 1
47 502 -1
5 503 1
11 503 -1
5 504 1
62 504 -1
5 505 1
83 505 -1
5 506 1
44 506 -1
5 507 1
35 507 -1
5 508 1
69 508 -1
5 509 1
66 509 -1
5 510 1
48 510 -1
5 511 1
46 511 -1
5 512 1
81 512 -1
5 513 1
41 513 -1
5 514 1
70 514 -1
11 515 1
79 515 -1
11 516 1
77 516 -1
11 517 1
57 517 -1
11 518 1
61 518 -1
11 519 1
36 519 -1
11 520 1
18 520 -1
11 521 1
82 521 -1
11 522 1
47 522 -1
11 523 1
16 523 -1
11 524 1
26 524 -1
11 525 1
13 525 -1
11 526 1
52 526 -1
11 527 1
86 527 -1
26 528 1
80 528 -1
26 529 1
77 529 -1
26 530 1
41 530 -1
26 531 1
9 531 -1
26 532 1
42 532 -1
26 533 1
21 533 -1
26 534 1
28 534 -1
26 535 1
85 535 -1
35 536 1
41 536 -1
35 537 1
9 537 -1
35 538 1
70 538 -1
35 539 1
65 539 -1
35 540 1
32 540 -1
37 541 1
89 541 -1
37 542 1
42 542 -1
37 543 1
45 543 -1
37 544 1
57 544 -1
37 545 1
12 545 -1
37 546 1
81 546 -1
37 547 1
30 547 -1
37 548 1
22 548 -1
41 549 1
61 549 -1
41 550 1
20 550 -1
41 551 1
36 551 -1
41 552 1
16 552 -1
41 553 1
86 553 -1
41 554 1
74 554 -1
41 555 1
48 555 -1
41 556 1
57 556 -1
41 557 1
21 557 -1
61 558 1
11 558 -1
61 559 1
40 559 -1
61 560 1
74 560 -1
61 561 1
60 561 -1
61 562 1
54 562 -1
61 563 1
48 563 -1
61 564 1
41 564 -1
61 565 1
79 565 -1
61 566 1
14 566 -1
61 567 1
29 567 -1
61 568 1
9 568 -1
61 569 1
35 569 -1
61 570 1
62 570 -1
61 571 1
81 571 -1
61 572 1
55 572 -1
61 573 1
89 573 -1
61 574 1
38 574 -1
61 575 1
73 575 -1
79 576 1
26 576 -1
79 577 1
57 577 -1
79 578 1
20 578 -1
79 579 1
10 579 -1
79 580 1
47 580 -1
79 581 1
22 581 -1
79 582 1
42 582 -1
79 583 1
72 583 -1
79 584 1
86 584 -1
79 585 1
64 585 -1
79 586 1
59 586 -1
79 587 1
71 587 -1
79 588 1
50 588 -1
79 589 1
46 589 -1
79 590 1
83 590 -1
79 591 1
35 591 -1
79 592 1
62 592 -1
80 593 1
37 593 -1
80 594 1
87 594 -1
80 595 1
12 595 -1
80 596 1
9 596 -1
80 597 1
13 597 -1
80 598 1
59 598 -1
80 599 1
52 599 -1
80 600 1
69 600 -1
80 601 1
26 601 -1
80 602 1
44 602 -1
80 603 1
14 603 -1
80 604 1
63 604 -1
80 605 1
85 605 -1
84 606 1
35 606 -1
84 607 1
31 607 -1
84 608 1
81 608 -1
84 609 1
20 609 -1
84 610 1
75 610 -1
84 611 1
51 611 -1
84 612 1
52 612 -1
84 613 1
9 613 -1
84 614 1
42 614 -1
84 615 1
87 615 -1
84 616 1
82 616 -1
84 617 1
40 617 -1
84 618 1
22 618 -1
84 619 1
11 619 -1
84 620 1
32 620 -1
84 621 1
68 621 -1
84 622 1
10 622 -1
6 623 1
28 623 -1
6 624 1
17 624 -1
6 625 1
26 625 -1
6 626 1
42 626 -1
6 627 1
29 627 -1
6 628 1
84 628 -1
6 629 1
32 629 -1
6 630 1
14 630 -1
6 631 1
75 631 -1
6 632 1
63 632 -1
6 633 1
87 633 -1
6 634 1
43 634 -1
6 635 1
82 635 -1
6 636 1
61 636 -1
6 637 1
46 637 -1
6 638 1
31 638 -1
6 639 1
68 639 -1
6 640 1
16 640 -1
6 641 1
39 641 -1
9 642 1
33 642 -1
9 643 1
34 643 -1
9 644 1
61 644 -1
9 645 1
69 645 -1
9 646 1
15 646 -1
9 647 1
20 647 -1
9 648 1
10 648 -1
9 649 1
22 649 -1
9 650 1
81 650 -1
9 651 1
27 651 -1
9 652 1
35 652 -1
9 653 1
78 653 -1
9 654 1
46 654 -1
9 655 1
41 655 -1
28 656 1
57 656 -1
28 657 1
9 657 -1
31 658 1
9 658 -1
31 659 1
57 659 -1
31 660 1
64 660 -1
31 661 1
84 661 -1
31 662 1
34 662 -1
31 663 1
71 663 -1
31 664 1
47 664 -1
31 665 1
88 665 -1
31 666 1
78 666 -1
31 667 1
63 667 -1
31 668 1
81 668 -1
31 669 1
32 669 -1
31 670 1
75 670 -1
31 671 1
29 671 -1
33 672 1
56 672 -1
33 673 1
62 673 -1
33 674 1
30 674 -1
33 675 1
23 675 -1
33 676 1
64 676 -1
33 677 1
37 677 -1
33 678 1
47 678 -1
33 679 1
85 679 -1
33 680 1
61 680 -1
33 681 1
49 681 -1
33 682 1
86 682 -1
33 683 1
76 683 -1
33 684 1
15 684 -1
33 685 1
26 685 -1
33 686 1
44 686 -1
33 687 1
40 687 -1
33 688 1
51 688 -1
33 689 1
42 689 -1
48 690 1
31 690 -1
48 691 1
21 691 -1
48 692 1
78 692 -1
48 693 1
22 693 -1
48 694 1
82 694 -1
56 695 1
86 695 -1
56 696 1
59 696 -1
56 697 1
65 697 -1
56 698 1
75 698 -1
56 699 1
48 699 -1
56 700 1
50 700 -1
56 701 1
34 701 -1
56 702 1
63 702 -1
56 703 1
69 703 -1
56 704 1
70 704 -1
56 705 1
79 705 -1
56 706 1
32 706 -1
56 707 1
24 707 -1
56 708 1
68 708 -1
56 709 1
49 709 -1
56 710 1
55 710 -1
56 711 1
51 711 -1
56 712 1
15 712 -1
57 713 1
89 713 -1
57 714 1
83 714 -1
57 715 1
85 715 -1
57 716 1
80 716 -1
57 717 1
69 717 -1
57 718 1
55 718 -1
57 719 1
76 719 -1
63 720 1
48 720 -1
63 721 1
75 721 -1
63 722 1
61 722 -1
63 723 1
11 723 -1
63 724 1
31 724 -1
63 725 1
25 725 -1
63 726 1
39 726 -1
63 727 1
79 727 -1
63 728 1
83 728 -1
63 729 1
30 729 -1
63 730 1
80 730 -1
63 731 1
81 731 -1
63 732 1
13 732 -1
63 733 1
66 733 -1
83 734 1
63 734 -1
83 735 1
37 735 -1
83 736 1
54 736 -1
7 737 1
72 737 -1
7 738 1
50 738 -1
10 739 1
29 739 -1
10 740 1
28 740 -1
10 741 1
9 741 -1
10 742 1
62 742 -1
10 743 1
69 743 -1
10 744 1
85 744 -1
10 745 1
72 745 -1
10 746 1
82 746 -1
10 747 1
33 747 -1
15 748 1
36 748 -1
15 749 1
65 749 -1
15 750 1
71 750 -1
17 751 1
68 751 -1
17 752 1
51 752 -1
17 753 1
41 753 -1
17 754 1
76 754 -1
17 755 1
9 755 -1
17 756 1
45 756 -1
17 757 1
86 757 -1
17 758 1
61 758 -1
17 759 1
63 759 -1
29 760 1
17 760 -1
29 761 1
75 761 -1
29 762 1
37 762 -1
29 763 1
42 763 -1
29 764 1
30 764 -1
29 765 1
65 765 -1
29 766 1
31 766 -1
29 767 1
54 767 -1
29 768 1
41 768 -1
29 769 1
49 769 -1
29 770 1
20 770 -1
29 771 1
45 771 -1
29 772 1
82 772 -1
29 773 1
48 773 -1
29 774 1
72 774 -1
29 775 1
27 775 -1
29 776 1
58 776 -1
29 777 1
77 777 -1
29 778 1
47 778 -1
29 779 1
57 779 -1
36 780 1
64 780 -1
36 781 1
29 781 -1
36 782 1
38 782 -1
36 783 1
86 783 -1
36 784 1
42 784 -1
36 785 1
15 785 -1
36 786 1
54 786 -1
36 787 1
63 787 -1
64 788 1
10 788 -1
64 789 1
60 789 -1
64 790 1
88 790 -1
64 791 1
89 791 -1
64 792 1
25 792 -1
64 793 1
44 793 -1
64 794 1
86 794 -1
64 795 1
51 795 -1
64 796 1
29 796 -1
64 797 1
37 797 -1
64 798 1
59 798 -1
64 799 1
80 799 -1
64 800 1
13 800 -1
64 801 1
12 801 -1
64 802 1
38 802 -1
64 803 1
31 803 -1
64 804 1
35 804 -1
64 805 1
34 805 -1
64 806 1
48 806 -1
68 807 1
69 807 -1
68 808 1
65 808 -1
68 809 1
64 809 -1
68 810 1
87 810 -1
69 811 1
87 811 -1
69 812 1
88 812 -1
69 813 1
83 813 -1
69 814 1
15 814 -1
69 815 1
84 815 -1
69 816 1
67 816 -1
69 817 1
46 817 -1
69 818 1
55 818 -1
69 819 1
37 819 -1
69 820 1
58 820 -1
69 821 1
19 821 -1
69 822 1
17 822 -1
69 823 1
70 823 -1
69 824 1
65 824 -1
72 825 1
15 825 -1
72 826 1
83 826 -1
72 827 1
65 827 -1
72 828 1
68 828 -1
72 829 1
38 829 -1
72 830 1
87 830 -1
72 831 1
71 831 -1
72 832 1
74 832 -1
72 833 1
18 833 -1
72 834 1
24 834 -1
72 835 1
39 835 -1
72 836 1
69 836 -1
72 837 1
64 837 -1
72 838 1
54 838 -1
72 839 1
85 839 -1
72 840 1
73 840 -1
72 841 1
40 841 -1
72 842 1
12 842 -1
72 843 1
58 843 -1
72 844 1
86 844 -1
72 845 1
42 845 -1
8 846 1
34 846 -1
8 847 1
83 847 -1
8 848 1
29 848 -1
8 849 1
14 849 -1
8 850 1
87 850 -1
8 851 1
63 851 -1
8 852 1
24 852 -1
8 853 1
20 853 -1
8 854 1
15 854 -1
8 855 1
84 855 -1
8 856 1
78 856 -1
8 857 1
82 857 -1
8 858 1
17 858 -1
8 859 1
46 859 -1
8 860 1
35 860 -1
13 861 1
20 861 -1
13 862 1
87 862 -1
20 863 1
45 863 -1
20 864 1
84 864 -1
20 865 1
21 865 -1
20 866 1
48 866 -1
20 867 1
56 867 -1
20 868 1
10 868 -1
20 869 1
33 869 -1
20 870 1
9 870 -1
20 871 1
88 871 -1
20 872 1
22 872 -1
21 873 1
25 873 -1
21 874 1
81 874 -1
21 875 1
86 875 -1
21 876 1
63 876 -1
21 877 1
26 877 -1
21 878 1
70 878 -1
21 879 1
80 879 -1
21 880 1
66 880 -1
21 881 1
9 881 -1
21 882 1
17 882 -1
21 883 1
27 883 -1
21 884 1
69 884 -1
21 885 1
55 885 -1
23 886 1
66 886 -1
23 887 1
69 887 -1
25 888 1
13 888 -1
25 889 1
61 889 -1
25 890 1
65 890 -1
25 891 1
44 891 -1
25 892 1
80 892 -1
25 893 1
40 893 -1
25 894 1
71 894 -1
25 895 1
73 895 -1
25 896 1
33 896 -1
25 897 1
20 897 -1
25 898 1
19 898 -1
25 899 1
59 899 -1
25 900 1
15 900 -1
25 901 1
70 901 -1
25 902 1
81 902 -1
25 903 1
46 903 -1
25 904 1
67 904 -1
32 905 1
65 905 -1
32 906 1
17 906 -1
32 907 1
79 907 -1
32 908 1
41 908 -1
32 909 1
13 909 -1
32 910 1
14 910 -1
32 911 1
44 911 -1
32 912 1
19 912 -1
32 913 1
62 913 -1
32 914 1
51 914 -1
32 915 1
38 915 -1
32 916 1
33 916 -1
34 917 1
21 917 -1
34 918 1
70 918 -1
34 919 1
77 919 -1
34 920 1
74 920 -1
34 921 1
32 921 -1
34 922 1
49 922 -1
34 923 1
39 923 -1
34 924 1
14 924 -1
34 925 1
85 925 -1
34 926 1
38 926 -1
34 927 1
83 927 -1
34 928 1
71 928 -1
34 929 1
88 929 -1
34 930 1
42 930 -1
34 931 1
63 931 -1
34 932 1
22 932 -1
34 933 1
26 933 -1
34 934 1
69 934 -1
34 935 1
50 935 -1
39 936 1
58 936 -1
39 937 1
23 937 -1
39 938 1
16 938 -1
39 939 1
89 939 -1
39 940 1
59 940 -1
39 941 1
55 941 -1
39 942 1
87 942 -1
45 943 1
52 943 -1
45 944 1
43 944 -1
45 945 1
12 945 -1
45 946 1
84 946 -1
45 947 1
13 947 -1
45 948 1
63 948 -1
45 949 1
11 949 -1
45 950 1
42 950 -1
45 951 1
27 951 -1
45 952 1
67 952 -1
45 953 1
19 953 -1
45 954 1
46 954 -1
52 955 1
23 955 -1
52 956 1
85 956 -1
52 957 1
61 957 -1
52 958 1
84 958 -1
52 959 1
51 959 -1
52 960 1
30 960 -1
52 961 1
31 961 -1
52 962 1
50 962 -1
52 963 1
36 963 -1
58 964 1
32 964 -1
58 965 1
22 965 -1
58 966 1
14 966 -1
58 967 1
38 967 -1
58 968 1
47 968 -1
58 969 1
16 969 -1
58 970 1
73 970 -1
58 971 1
59 971 -1
58 972 1
31 972 -1
58 973 1
67 973 -1
58 974 1
36 974 -1
58 975 1
78 975 -1
58 976 1
53 976 -1
65 977 1
89 977 -1
65 978 1
78 978 -1
65 979 1
49 979 -1
65 980 1
84 980 -1
65 981 1
82 981 -1
66 982 1
39 982 -1
66 983 1
87 983 -1
66 984 1
34 984 -1
66 985 1
80 985 -1
66 986 1
78 986 -1
66 987 1
53 987 -1
66 988 1
55 988 -1
66 989 1
40 989 -1
66 990 1
58 990 -1
66 991 1
57 991 -1
66 992 1
81 992 -1
66 993 1
88 993 -1
66 994 1
43 994 -1
66 995 1
38 995 -1
66 996 1
35 996 -1
66 997 1
69 997 -1
66 998 1
29 998 -1
66 999 1
33 999 -1
66 1000 1
56 1000 -1
