1 1 1
47 1 -1
1 2 1
35 2 -1
1 3 1
65 3 -1
1 4 1
54 4 -1
1 5 1
61 5 -1
1 6 1
25 6 -1
1 7 1
42 7 -1
1 8 1
79 8 -1
1 9 1
13 9 -1
1 10 1
57 10 -1
1 11 1
16 11 -1
1 12 1
88 12 -1
1 13 1
71 13 -1
1 14 1
70 14 -1
1 15 1
48 15 -1
16 16 1
67 16 -1
16 17 1
86 17 -1
16 18 1
7 18 -1
16 19 1
8 19 -1
16 20 1
79 20 -1
16 21 1
13 21 -1
16 22 1
32 22 -1
16 23 1
65 23 -1
16 24 1
41 24 -1
16 25 1
46 25 -1
18 26 1
68 26 -1
18 27 1
19 27 -1
18 28 1
40 28 -1
18 29 1
23 29 -1
18 30 1
51 30 -1
18 31 1
47 31 -1
18 32 1
58 32 -1
18 33 1
89 33 -1
19 34 1
16 34 -1
19 35 1
65 35 -1
19 36 1
44 36 -1
19 37 1
47 37 -1
19 38 1
83 38 -1
19 39 1
35 39 -1
19 40 1
33 40 -1
19 41 1
17 41 -1
19 42 1
45 42 -1
19 43 1
6 43 -1
19 44 1
81 44 -1
19 45 1
21 45 -1
19 46 1
87 46 -1
19 47 1
64 47 -1
19 48 1
66 48 -1
19 49 1
72 49 -1
19 50 1
84 50 -1
19 51 1
26 51 -1
19 52 1
61 52 -1
19 53 1
31 53 -1
19 54 1
39 54 -1
27 55 1
87 55 -1
27 56 1
40 56 -1
27 57 1
71 57 -1
27 58 1
31 58 -1
27 59 1
53 59 -1
27 60 1
38 60 -1
27 61 1
74 61 -1
27 62 1
68 62 -1
27 63 1
80 63 -1
27 64 1
73 64 -1
27 65 1
75 65 -1
27 66 1
12 66 -1
31 67 1
19 67 -1
31 68 1
24 68 -1
31 69 1
44 69 -1
31 70 1
50 70 -1
31 71 1
46 71 -1
31 72 1
87 72 -1
31 73 1
84 73 -1
31 74 1
81 74 -1
31 75 1
49 75 -1
31 76 1
82 76 -1
31 77 1
34 77 -1
31 78 1
35 78 -1
34 79 1
18 79 -1
34 80 1
28 80 -1
34 81 1
55 81 -1
34 82 1
6 82 -1
34 83 1
68 83 -1
34 84 1
49 84 -1
34 85 1
80 85 -1
34 86 1
59 86 -1
34 87 1
87 87 -1
34 88 1
8 88 -1
34 89 1
69 89 -1
34 90 1
72 90 -1
34 91 1
83 91 -1
34 92 1
9 92 -1
34 93 1
27 93 -1
34 94 1
15 94 -1
34 95 1
32 95 -1
34 96 1
51 96 -1
34 97 1
88 97 -1
34 98 1
35 98 -1
38 99 1
31 99 -1
38 100 1
45 100 -1
38 101 1
25 101 -1
38 102 1
21 102 -1
38 103 1
89 103 -1
47 104 1
62 104 -1
47 105 1
80 105 -1
47 106 1
19 106 -1
47 107 1
61 107 -1
47 108 1
32 108 -1
47 109 1
55 109 -1
47 110 1
68 110 -1
47 111 1
23 111 -1
47 112 1
60 112 -1
47 113 1
72 113 -1
47 114 1
6 114 -1
47 115 1
14 115 -1
60 116 1
38 116 -1
60 117 1
9 117 -1
60 118 1
7 118 -1
60 119 1
40 119 -1
60 120 1
25 120 -1
60 121 1
14 121 -1
60 122 1
89 122 -1
60 123 1
20 123 -1
60 124 1
80 124 -1
60 125 1
50 125 -1
60 126 1
30 126 -1
60 127 1
77 127 -1
60 128 1
78 128 -1
60 129 1
45 129 -1
60 130 1
42 130 -1
60 131 1
49 131 -1
60 132 1
26 132 -1
60 133 1
55 133 -1
60 134 1
22 134 -1
62 135 1
34 135 -1
62 136 1
25 136 -1
62 137 1
84 137 -1
62 138 1
33 138 -1
66 139 1
76 139 -1
66 140 1
81 140 -1
67 141 1
73 141 -1
67 142 1
39 142 -1
67 143 1
71 143 -1
67 144 1
32 144 -1
67 145 1
75 145 -1
67 146 1
88 146 -1
67 147 1
25 147 -1
67 148 1
76 148 -1
67 149 1
20 149 -1
67 150 1
78 150 -1
67 151 1
24 151 -1
67 152 1
8 152 -1
67 153 1
44 153 -1
67 154 1
84 154 -1
67 155 1
57 155 -1
67 156 1
33 156 -1
67 157 1
15 157 -1
67 158 1
77 158 -1
68 159 1
60 159 -1
68 160 1
73 160 -1
68 161 1
59 161 -1
68 162 1
75 162 -1
68 163 1
35 163 -1
68 164 1
30 164 -1
68 165 1
15 165 -1
68 166 1
32 166 -1
68 167 1
27 167 -1
68 168 1
88 168 -1
73 169 1
75 169 -1
73 170 1
18 170 -1
73 171 1
26 171 -1
73 172 1
10 172 -1
73 173 1
50 173 -1
73 174 1
71 174 -1
73 175 1
16 175 -1
73 176 1
42 176 -1
73 177 1
82 177 -1
73 178 1
7 178 -1
73 179 1
60 179 -1
73 180 1
70 180 -1
73 181 1
88 181 -1
73 182 1
15 182 -1
73 183 1
67 183 -1
73 184 1
58 184 -1
73 185 1
89 185 -1
73 186 1
85 186 -1
73 187 1
49 187 -1
73 188 1
66 188 -1
73 189 1
48 189 -1
74 190 1
27 190 -1
74 191 1
86 191 -1
74 192 1
61 192 -1
74 193 1
39 193 -1
74 194 1
83 194 -1
74 195 1
58 195 -1
74 196 1
54 196 -1
74 197 1
47 197 -1
74 198 1
41 198 -1
74 199 1
24 199 -1
74 200 1
70 200 -1
75 201 1
66 201 -1
75 202 1
28 202 -1
75 203 1
11 203 -1
76 204 1
82 204 -1
76 205 1
35 205 -1
76 206 1
88 206 -1
76 207 1
78 207 -1
76 208 1
56 208 -1
76 209 1
18 209 -1
76 210 1
47 210 -1
76 211 1
68 211 -1
76 212 1
9 212 -1
76 213 1
75 213 -1
76 214 1
42 214 -1
76 215 1
48 215 -1
81 216 1
74 216 -1
81 217 1
61 217 -1
81 218 1
89 218 -1
81 219 1
65 219 -1
81 220 1
54 220 -1
81 221 1
78 221 -1
81 222 1
6 222 -1
81 223 1
16 223 -1
81 224 1
33 224 -1
81 225 1
35 225 -1
81 226 1
49 226 -1
81 227 1
24 227 -1
81 228 1
12 228 -1
81 229 1
36 229 -1
82 230 1
81 230 -1
82 231 1
42 231 -1
82 232 1
58 232 -1
82 233 1
79 233 -1
82 234 1
32 234 -1
82 235 1
59 235 -1
82 236 1
21 236 -1
82 237 1
36 237 -1
82 238 1
46 238 -1
82 239 1
28 239 -1
2 240 1
57 240 -1
2 241 1
81 241 -1
2 242 1
9 242 -1
2 243 1
86 243 -1
2 244 1
18 244 -1
2 245 1
14 245 -1
9 246 1
83 246 -1
9 247 1
8 247 -1
9 248 1
15 248 -1
9 249 1
21 249 -1
9 250 1
29 250 -1
9 251 1
32 251 -1
9 252 1
73 252 -1
9 253 1
11 253 -1
9 254 1
86 254 -1
9 255 1
36 255 -1
9 256 1
80 256 -1
9 257 1
31 257 -1
9 258 1
56 258 -1
9 259 1
78 259 -1
9 260 1
62 260 -1
13 261 1
54 261 -1
13 262 1
20 262 -1
13 263 1
28 263 -1
13 264 1
83 264 -1
13 265 1
77 265 -1
13 266 1
59 266 -1
13 267 1
30 267 -1
15 268 1
53 268 -1
15 269 1
74 269 -1
15 270 1
34 270 -1
15 271 1
13 271 -1
15 272 1
65 272 -1
15 273 1
24 273 -1
15 274 1
22 274 -1
15 275 1
33 275 -1
15 276 1
10 276 -1
35 277 1
45 277 -1
35 278 1
41 278 -1
35 279 1
78 279 -1
35 280 1
72 280 -1
37 281 1
58 281 -1
37 282 1
88 282 -1
37 283 1
78 283 -1
37 284 1
76 284 -1
37 285 1
79 285 -1
37 286 1
65 286 -1
37 287 1
30 287 -1
37 288 1
82 288 -1
37 289 1
25 289 -1
37 290 1
10 290 -1
37 291 1
40 291 -1
37 292 1
36 292 -1
45 293 1
79 293 -1
45 294 1
25 294 -1
45 295 1
10 295 -1
45 296 1
62 296 -1
45 297 1
20 297 -1
45 298 1
31 298 -1
45 299 1
28 299 -1
45 300 1
37 300 -1
45 301 1
39 301 -1
45 302 1
38 302 -1
45 303 1
63 303 -1
45 304 1
60 304 -1
45 305 1
16 305 -1
45 306 1
15 306 -1
45 307 1
74 307 -1
45 308 1
6 308 -1
45 309 1
43 309 -1
45 310 1
36 310 -1
45 311 1
17 311 -1
45 312 1
57 312 -1
45 313 1
78 313 -1
45 314 1
35 314 -1
45 315 1
24 315 -1
52 316 1
55 316 -1
52 317 1
33 317 -1
52 318 1
59 318 -1
52 319 1
18 319 -1
52 320 1
86 320 -1
52 321 1
20 321 -1
52 322 1
26 322 -1
52 323 1
54 323 -1
52 324 1
45 324 -1
52 325 1
49 325 -1
52 326 1
35 326 -1
52 327 1
22 327 -1
52 328 1
48 328 -1
52 329 1
57 329 -1
52 330 1
53 330 -1
52 331 1
56 331 -1
53 332 1
35 332 -1
53 333 1
81 333 -1
53 334 1
19 334 -1
54 335 1
87 335 -1
54 336 1
33 336 -1
54 337 1
30 337 -1
54 338 1
8 338 -1
54 339 1
60 339 -1
55 340 1
63 340 -1
55 341 1
61 341 -1
57 342 1
15 342 -1
57 343 1
33 343 -1
57 344 1
32 344 -1
57 345 1
48 345 -1
57 346 1
14 346 -1
57 347 1
21 347 -1
57 348 1
7 348 -1
57 349 1
87 349 -1
57 350 1
58 350 -1
57 351 1
39 351 -1
57 352 1
43 352 -1
58 353 1
13 353 -1
58 354 1
36 354 -1
58 355 1
8 355 -1
58 356 1
42 356 -1
58 357 1
45 357 -1
58 358 1
20 358 -1
58 359 1
69 359 -1
58 360 1
65 360 -1
58 361 1
89 361 -1
58 362 1
82 362 -1
58 363 1
49 363 -1
58 364 1
64 364 -1
58 365 1
14 365 -1
58 366 1
57 366 -1
58 367 1
77 367 -1
58 368 1
10 368 -1
58 369 1
29 369 -1
63 370 1
9 370 -1
63 371 1
53 371 -1
63 372 1
28 372 -1
63 373 1
44 373 -1
63 374 1
10 374 -1
63 375 1
77 375 -1
63 376 1
24 376 -1
63 377 1
75 377 -1
63 378 1
64 378 -1
63 379 1
72 379 -1
63 380 1
34 380 -1
63 381 1
60 381 -1
63 382 1
45 382 -1
63 383 1
47 383 -1
63 384 1
14 384 -1
63 385 1
42 385 -1
63 386 1
41 386 -1
63 387 1
6 387 -1
63 388 1
43 388 -1
63 389 1
16 389 -1
63 390 1
15 390 -1
79 391 1
52 391 -1
79 392 1
28 392 -1
79 393 1
29 393 -1
79 394 1
56 394 -1
79 395 1
78 395 -1
79 396 1
71 396 -1
79 397 1
14 397 -1
79 398 1
16 398 -1
79 399 1
12 399 -1
79 400 1
70 400 -1
79 401 1
11 401 -1
79 402 1
24 402 -1
79 403 1
57 403 -1
79 404 1
72 404 -1
79 405 1
74 405 -1
79 406 1
8 406 -1
79 407 1
41 407 -1
79 408 1
59 408 -1
79 409 1
26 409 -1
83 410 1
37 410 -1
83 411 1
51 411 -1
83 412 1
80 412 -1
83 413 1
60 413 -1
83 414 1
32 414 -1
83 415 1
79 415 -1
83 416 1
46 416 -1
83 417 1
85 417 -1
83 418 1
76 418 -1
83 419 1
65 419 -1
83 420 1
89 420 -1
83 421 1
9 421 -1
83 422 1
41 422 -1
83 423 1
26 423 -1
83 424 1
6 424 -1
83 425 1
52 425 -1
83 426 1
20 426 -1
83 427 1
86 427 -1
3 428 1
41 428 -1
3 429 1
24 429 -1
3 430 1
27 430 -1
3 431 1
71 431 -1
3 432 1
78 432 -1
3 433 1
64 433 -1
3 434 1
47 434 -1
3 435 1
61 435 -1
3 436 1
43 436 -1
3 437 1
83 437 -1
3 438 1
12 438 -1
3 439 1
75 439 -1
3 440 1
7 440 -1
3 441 1
77 441 -1
3 442 1
52 442 -1
3 443 1
8 443 -1
3 444 1
40 444 -1
3 445 1
54 445 -1
3 446 1
34 446 -1
3 447 1
16 447 -1
3 448 1
66 448 -1
7 449 1
85 449 -1
7 450 1
6 450 -1
7 451 1
57 451 -1
7 452 1
58 452 -1
7 453 1
81 453 -1
7 454 1
83 454 -1
7 455 1
16 455 -1
7 456 1
88 456 -1
7 457 1
13 457 -1
8 458 1
24 458 -1
8 459 1
83 459 -1
8 460 1
43 460 -1
8 461 1
87 461 -1
8 462 1
18 462 -1
8 463 1
31 463 -1
8 464 1
46 464 -1
8 465 1
34 465 -1
8 466 1
38 466 -1
8 467 1
36 467 -1
8 468 1
25 468 -1
8 469 1
27 469 -1
8 470 1
7 470 -1
8 471 1
32 471 -1
8 472 1
48 472 -1
8 473 1
57 473 -1
8 474 1
15 474 -1
8 475 1
23 475 -1
8 476 1
76 476 -1
8 477 1
86 477 -1
8 478 1
52 478 -1
10 479 1
29 479 -1
10 480 1
86 480 -1
10 481 1
51 481 -1
10 482 1
87 482 -1
10 483 1
32 483 -1
10 484 1
85 484 -1
10 485 1
56 485 -1
14 486 1
8 486 -1
14 487 1
86 487 -1
14 488 1
81 488 -1
14 489 1
59 489 -1
24 490 1
46 490 -1
24 491 1
49 491 -1
24 492 1
6 492 -1
24 493 1
60 493 -1
24 494 1
61 494 -1
24 495 1
48 495 -1
24 496 1
11 496 -1
24 497 1
29 497 -1
24 498 1
47 498 -1
24 499 1
77 499 -1
24 500 1
65 500 -1
25 501 1
56 501 -1
25 502 1
33 502 -1
25 503 1
87 503 -1
25 504 1
62 504 -1
25 505 1
54 505 -1
25 506 1
16 506 -1
25 507 1
60 507 -1
25 508 1
74 508 -1
25 509 1
52 509 -1
25 510 1
15 510 -1
25 511 1
26 511 -1
25 512 1
89 512 -1
25 513 1
65 513 -1
25 514 1
61 514 -1
29 515 1
25 515 -1
29 516 1
80 516 -1
29 517 1
63 517 -1
29 518 1
74 518 -1
29 519 1
58 519 -1
29 520 1
76 520 -1
29 521 1
16 521 -1
29 522 1
64 522 -1
29 523 1
30 523 -1
30 524 1
14 524 -1
30 525 1
8 525 -1
30 526 1
61 526 -1
30 527 1
77 527 -1
30 528 1
87 528 -1
30 529 1
71 529 -1
30 530 1
78 530 -1
30 531 1
75 531 -1
30 532 1
63 532 -1
32 533 1
77 533 -1
32 534 1
71 534 -1
32 535 1
18 535 -1
32 536 1
83 536 -1
32 537 1
39 537 -1
32 538 1
58 538 -1
32 539 1
70 539 -1
32 540 1
52 540 -1
32 541 1
19 541 -1
32 542 1
66 542 -1
32 543 1
86 543 -1
32 544 1
33 544 -1
32 545 1
53 545 -1
32 546 1
61 546 -1
32 547 1
7 547 -1
32 548 1
62 548 -1
32 549 1
27 549 -1
32 550 1
28 550 -1
32 551 1
6 551 -1
41 552 1
30 552 -1
41 553 1
16 553 -1
41 554 1
78 554 -1
41 555 1
46 555 -1
41 556 1
49 556 -1
41 557 1
27 557 -1
41 558 1
9 558 -1
41 559 1
83 559 -1
41 560 1
10 560 -1
41 561 1
13 561 -1
41 562 1
75 562 -1
41 563 1
72 563 -1
41 564 1
53 564 -1
41 565 1
65 565 -1
41 566 1
7 566 -1
41 567 1
18 567 -1
41 568 1
43 568 -1
41 569 1
22 569 -1
41 570 1
74 570 -1
41 571 1
64 571 -1
46 572 1
71 572 -1
46 573 1
86 573 -1
46 574 1
24 574 -1
46 575 1
81 575 -1
46 576 1
28 576 -1
46 577 1
70 577 -1
46 578 1
68 578 -1
46 579 1
41 579 -1
46 580 1
88 580 -1
46 581 1
39 581 -1
56 582 1
7 582 -1
56 583 1
84 583 -1
71 584 1
32 584 -1
71 585 1
84 585 -1
77 586 1
10 586 -1
77 587 1
44 587 -1
77 588 1
22 588 -1
77 589 1
13 589 -1
77 590 1
84 590 -1
77 591 1
85 591 -1
77 592 1
71 592 -1
77 593 1
23 593 -1
77 594 1
81 594 -1
77 595 1
67 595 -1
77 596 1
30 596 -1
77 597 1
82 597 -1
77 598 1
87 598 -1
4 599 1
59 599 -1
4 600 1
62 600 -1
4 601 1
85 601 -1
4 602 1
6 602 -1
4 603 1
69 603 -1
4 604 1
64 604 -1
4 605 1
8 605 -1
4 606 1
78 606 -1
4 607 1
13 607 -1
4 608 1
32 608 -1
4 609 1
47 609 -1
4 610 1
61 610 -1
4 611 1
15 611 -1
4 612 1
66 612 -1
4 613 1
68 613 -1
4 614 1
31 614 -1
4 615 1
11 615 -1
4 616 1
36 616 -1
4 617 1
16 617 -1
11 618 1
69 618 -1
11 619 1
59 619 -1
11 620 1
83 620 -1
11 621 1
22 621 -1
11 622 1
75 622 -1
11 623 1
21 623 -1
12 624 1
49 624 -1
12 625 1
55 625 -1
12 626 1
22 626 -1
12 627 1
58 627 -1
12 628 1
33 628 -1
12 629 1
7 629 -1
12 630 1
37 630 -1
12 631 1
56 631 -1
12 632 1
45 632 -1
12 633 1
59 633 -1
12 634 1
26 634 -1
12 635 1
36 635 -1
12 636 1
67 636 -1
12 637 1
61 637 -1
12 638 1
76 638 -1
12 639 1
53 639 -1
12 640 1
10 640 -1
26 641 1
64 641 -1
26 642 1
67 642 -1
26 643 1
45 643 -1
26 644 1
16 644 -1
26 645 1
34 645 -1
26 646 1
87 646 -1
26 647 1
19 647 -1
26 648 1
57 648 -1
26 649 1
42 649 -1
26 650 1
53 650 -1
26 651 1
13 651 -1
26 652 1
73 652 -1
26 653 1
54 653 -1
26 654 1
82 654 -1
26 655 1
58 655 -1
26 656 1
44 656 -1
26 657 1
66 657 -1
26 658 1
74 658 -1
26 659 1
30 659 -1
26 660 1
72 660 -1
26 661 1
41 661 -1
28 662 1
33 662 -1
28 663 1
77 663 -1
28 664 1
10 664 -1
28 665 1
72 665 -1
28 666 1
8 666 -1
28 667 1
29 667 -1
28 668 1
14 668 -1
28 669 1
44 669 -1
28 670 1
88 670 -1
28 671 1
42 671 -1
28 672 1
50 672 -1
28 673 1
16 673 -1
28 674 1
87 674 -1
28 675 1
43 675 -1
33 676 1
44 676 -1
33 677 1
66 677 -1
33 678 1
32 678 -1
33 679 1
20 679 -1
33 680 1
87 680 -1
33 681 1
27 681 -1
33 682 1
83 682 -1
33 683 1
56 683 -1
33 684 1
68 684 -1
33 685 1
65 685 -1
44 686 1
86 686 -1
44 687 1
29 687 -1
44 688 1
43 688 -1
44 689 1
73 689 -1
44 690 1
89 690 -1
44 691 1
67 691 -1
44 692 1
70 692 -1
44 693 1
71 693 -1
44 694 1
88 694 -1
44 695 1
42 695 -1
44 696 1
40 696 -1
44 697 1
33 697 -1
49 698 1
80 698 -1
49 699 1
20 699 -1
49 700 1
89 700 -1
49 701 1
74 701 -1
49 702 1
66 702 -1
49 703 1
60 703 -1
49 704 1
11 704 -1
49 705 1
34 705 -1
49 706 1
33 706 -1
51 707 1
72 707 -1
51 708 1
87 708 -1
51 709 1
15 709 -1
51 710 1
68 710 -1
51 711 1
57 711 -1
51 712 1
80 712 -1
51 713 1
81 713 -1
51 714 1
85 714 -1
51 715 1
60 715 -1
51 716 1
52 716 -1
51 717 1
49 717 -1
51 718 1
83 718 -1
51 719 1
70 719 -1
51 720 1
47 720 -1
51 721 1
74 721 -1
51 722 1
82 722 -1
51 723 1
18 723 -1
51 724 1
86 724 -1
51 725 1
62 725 -1
51 726 1
65 726 -1
59 727 1
51 727 -1
59 728 1
16 728 -1
59 729 1
34 729 -1
59 730 1
70 730 -1
59 731 1
21 731 -1
59 732 1
86 732 -1
59 733 1
52 733 -1
59 734 1
54 734 -1
59 735 1
44 735 -1
59 736 1
10 736 -1
59 737 1
68 737 -1
59 738 1
17 738 -1
59 739 1
61 739 -1
59 740 1
64 740 -1
59 741 1
72 741 -1
59 742 1
31 742 -1
59 743 1
35 743 -1
59 744 1
15 744 -1
64 745 1
11 745 -1
64 746 1
10 746 -1
64 747 1
48 747 -1
64 748 1
89 748 -1
64 749 1
39 749 -1
64 750 1
76 750 -1
64 751 1
42 751 -1
64 752 1
20 752 -1
64 753 1
31 753 -1
64 754 1
52 754 -1
64 755 1
29 755 -1
64 756 1
81 756 -1
64 757 1
30 757 -1
64 758 1
13 758 -1
64 759 1
87 759 -1
64 760 1
58 760 -1
64 761 1
25 761 -1
64 762 1
78 762 -1
64 763 1
45 763 -1
64 764 1
26 764 -1
64 765 1
83 765 -1
69 766 1
28 766 -1
69 767 1
17 767 -1
69 768 1
16 768 -1
69 769 1
61 769 -1
69 770 1
39 770 -1
69 771 1
64 771 -1
69 772 1
13 772 -1
69 773 1
29 773 -1
69 774 1
21 774 -1
69 775 1
60 775 -1
69 776 1
87 776 -1
69 777 1
71 777 -1
69 778 1
55 778 -1
69 779 1
33 779 -1
69 780 1
36 780 -1
69 781 1
72 781 -1
69 782 1
14 782 -1
69 783 1
9 783 -1
72 784 1
12 784 -1
72 785 1
58 785 -1
72 786 1
43 786 -1
72 787 1
80 787 -1
72 788 1
24 788 -1
72 789 1
70 789 -1
72 790 1
85 790 -1
72 791 1
82 791 -1
80 792 1
26 792 -1
80 793 1
54 793 -1
80 794 1
53 794 -1
80 795 1
7 795 -1
80 796 1
23 796 -1
80 797 1
16 797 -1
80 798 1
32 798 -1
80 799 1
11 799 -1
5 800 1
40 800 -1
5 801 1
30 801 -1
5 802 1
16 802 -1
5 803 1
33 803 -1
5 804 1
59 804 -1
5 805 1
17 805 -1
5 806 1
67 806 -1
5 807 1
28 807 -1
5 808 1
64 808 -1
5 809 1
88 809 -1
5 810 1
66 810 -1
5 811 1
69 811 -1
5 812 1
27 812 -1
6 813 1
42 813 -1
6 814 1
46 814 -1
6 815 1
19 815 -1
6 816 1
43 816 -1
6 817 1
79 817 -1
6 818 1
52 818 -1
6 819 1
9 819 -1
6 820 1
62 820 -1
6 821 1
17 821 -1
6 822 1
35 822 -1
6 823 1
65 823 -1
6 824 1
56 824 -1
17 825 1
89 825 -1
17 826 1
7 826 -1
17 827 1
77 827 -1
20 828 1
50 828 -1
20 829 1
79 829 -1
20 830 1
25 830 -1
20 831 1
77 831 -1
20 832 1
56 832 -1
20 833 1
70 833 -1
20 834 1
69 834 -1
20 835 1
78 835 -1
21 836 1
78 836 -1
21 837 1
15 837 -1
21 838 1
12 838 -1
21 839 1
77 839 -1
21 840 1
48 840 -1
21 841 1
76 841 -1
21 842 1
27 842 -1
21 843 1
9 843 -1
22 844 1
20 844 -1
22 845 1
45 845 -1
22 846 1
23 846 -1
22 847 1
63 847 -1
22 848 1
55 848 -1
22 849 1
29 849 -1
22 850 1
27 850 -1
22 851 1
53 851 -1
22 852 1
28 852 -1
22 853 1
61 853 -1
22 854 1
12 854 -1
22 855 1
44 855 -1
22 856 1
75 856 -1
22 857 1
89 857 -1
22 858 1
41 858 -1
23 859 1
22 859 -1
23 860 1
36 860 -1
23 861 1
73 861 -1
23 862 1
84 862 -1
23 863 1
67 863 -1
23 864 1
72 864 -1
23 865 1
88 865 -1
23 866 1
56 866 -1
23 867 1
24 867 -1
23 868 1
21 868 -1
23 869 1
45 869 -1
23 870 1
44 870 -1
23 871 1
53 871 -1
23 872 1
30 872 -1
23 873 1
61 873 -1
23 874 1
80 874 -1
23 875 1
14 875 -1
23 876 1
70 876 -1
23 877 1
52 877 -1
36 878 1
6 878 -1
36 879 1
45 879 -1
36 880 1
32 880 -1
36 881 1
88 881 -1
39 882 1
21 882 -1
39 883 1
56 883 -1
39 884 1
6 884 -1
39 885 1
40 885 -1
39 886 1
86 886 -1
39 887 1
74 887 -1
39 888 1
53 888 -1
39 889 1
49 889 -1
39 890 1
85 890 -1
39 891 1
26 891 -1
39 892 1
73 892 -1
40 893 1
23 893 -1
40 894 1
46 894 -1
40 895 1
68 895 -1
40 896 1
82 896 -1
40 897 1
41 897 -1
40 898 1
57 898 -1
40 899 1
35 899 -1
40 900 1
81 900 -1
40 901 1
42 901 -1
42 902 1
39 902 -1
42 903 1
10 903 -1
42 904 1
54 904 -1
43 905 1
48 905 -1
43 906 1
67 906 -1
43 907 1
35 907 -1
43 908 1
6 908 -1
43 909 1
85 909 -1
43 910 1
18 910 -1
43 911 1
20 911 -1
43 912 1
36 912 -1
43 913 1
29 913 -1
43 914 1
34 914 -1
43 915 1
70 915 -1
43 916 1
10 916 -1
43 917 1
53 917 -1
43 918 1
28 918 -1
43 919 1
39 919 -1
48 920 1
61 920 -1
48 921 1
85 921 -1
48 922 1
81 922 -1
48 923 1
43 923 -1
48 924 1
66 924 -1
48 925 1
86 925 -1
48 926 1
89 926 -1
50 927 1
70 927 -1
50 928 1
75 928 -1
50 929 1
55 929 -1
50 930 1
29 930 -1
50 931 1
53 931 -1
50 932 1
21 932 -1
50 933 1
88 933 -1
50 934 1
89 934 -1
50 935 1
66 935 -1
50 936 1
80 936 -1
50 937 1
9 937 -1
50 938 1
83 938 -1
50 939 1
62 939 -1
50 940 1
49 940 -1
50 941 1
81 941 -1
50 942 1
8 942 -1
50 943 1
86 943 -1
50 944 1
33 944 -1
50 945 1
20 945 -1
50 946 1
68 946 -1
61 947 1
36 947 -1
61 948 1
83 948 -1
61 949 1
59 949 -1
61 950 1
28 950 -1
61 951 1
13 951 -1
61 952 1
33 952 -1
65 953 1
84 953 -1
65 954 1
19 954 -1
65 955 1
87 955 -1
65 956 1
52 956 -1
65 957 1
75 957 -1
65 958 1
47 958 -1
65 959 1
74 959 -1
65 960 1
53 960 -1
65 961 1
85 961 -1
70 962 1
43 962 -1
70 963 1
61 963 -1
70 964 1
78 964 -1
70 965 1
68 965 -1
78 966 1
65 966 -1
78 967 1
28 967 -1
78 968 1
75 968 -1
78 969 1
10 969 -1
78 970 1
46 970 -1
78 971 1
44 971 -1
78 972 1
27 972 -1
78 973 1
8 973 -1
78 974 1
36 974 -1
78 975 1
59 975 -1
78 976 1
26 976 -1
78 977 1
71 977 -1
78 978 1
88 978 -1
78 979 1
35 979 -1
78 980 1
37 980 -1
78 981 1
82 981 -1
78 982 1
89 982 -1
78 983 1
47 983 -1
78 984 1
32 984 -1
78 985 1
16 985 -1
84 986 1
17 986 -1
84 987 1
40 987 -1
84 988 1
26 988 -1
84 989 1
36 989 -1
84 990 1
76 990 -1
84 991 1
85 991 -1
84 992 1
21 992 -1
84 993 1
25 993 -1
84 994 1
71 994 -1
84 995 1
48 995 -1
84 996 1
63 996 -1
84 997 1
43 997 -1
84 998 1
60 998 -1
84 999 1
15 999 -1
84 1000 1
39 1000 -1
