1 1 1
44 1 -1
1 2 1
27 2 -1
1 3 1
34 3 -1
1 4 1
25 4 -1
1 5 1
38 5 -1
1 6 1
22 6 -1
1 7 1
31 7 -1
1 8 1
16 8 -1
1 9 1
13 9 -1
1 10 1
15 10 -1
1 11 1
26 11 -1
1 12 1
32 12 -1
1 13 1
29 13 -1
1 14 1
30 14 -1
1 15 1
39 15 -1
1 16 1
3 16 -1
1 17 1
12 17 -1
1 18 1
9 18 -1
1 19 1
41 19 -1
1 20 1
18 20 -1
1 21 1
23 21 -1
1 22 1
45 22 -1
1 23 1
21 23 -1
1 24 1
7 24 -1
1 25 1
40 25 -1
1 26 1
14 26 -1
1 27 1
46 27 -1
1 28 1
33 28 -1
1 29 1
43 29 -1
1 30 1
50 30 -1
1 31 1
28 31 -1
1 32 1
6 32 -1
1 33 1
5 33 -1
1 34 1
48 34 -1
4 35 1
47 35 -1
4 36 1
44 36 -1
4 37 1
12 37 -1
4 38 1
30 38 -1
4 39 1
7 39 -1
4 40 1
26 40 -1
4 41 1
33 41 -1
4 42 1
10 42 -1
4 43 1
13 43 -1
4 44 1
42 44 -1
4 45 1
18 45 -1
4 46 1
19 46 -1
4 47 1
11 47 -1
5 48 1
20 48 -1
5 49 1
50 49 -1
5 50 1
41 50 -1
5 51 1
23 51 -1
5 52 1
39 52 -1
5 53 1
35 53 -1
5 54 1
24 54 -1
5 55 1
38 55 -1
5 56 1
27 56 -1
5 57 1
47 57 -1
5 58 1
9 58 -1
5 59 1
17 59 -1
5 60 1
28 60 -1
5 61 1
12 61 -1
5 62 1
45 62 -1
5 63 1
44 63 -1
5 64 1
52 64 -1
5 65 1
31 65 -1
5 66 1
22 66 -1
5 67 1
29 67 -1
5 68 1
36 68 -1
5 69 1
7 69 -1
5 70 1
13 70 -1
5 71 1
14 71 -1
5 72 1
26 72 -1
5 73 1
34 73 -1
5 74 1
30 74 -1
5 75 1
40 75 -1
5 76 1
4 76 -1
5 77 1
21 77 -1
6 78 1
17 78 -1
6 79 1
7 79 -1
6 80 1
19 80 -1
6 81 1
34 81 -1
6 82 1
24 82 -1
6 83 1
26 83 -1
6 84 1
52 84 -1
6 85 1
43 85 -1
6 86 1
11 86 -1
6 87 1
45 87 -1
6 88 1
40 88 -1
6 89 1
3 89 -1
6 90 1
25 90 -1
6 91 1
15 91 -1
6 92 1
8 92 -1
6 93 1
39 93 -1
6 94 1
51 94 -1
6 95 1
38 95 -1
6 96 1
10 96 -1
6 97 1
5 97 -1
6 98 1
42 98 -1
6 99 1
30 99 -1
6 100 1
50 100 -1
6 101 1
46 101 -1
6 102 1
13 102 -1
6 103 1
49 103 -1
14 104 1
4 104 -1
14 105 1
42 105 -1
14 106 1
34 106 -1
14 107 1
6 107 -1
14 108 1
27 108 -1
14 109 1
21 109 -1
14 110 1
29 110 -1
14 111 1
35 111 -1
14 112 1
3 112 -1
14 113 1
40 113 -1
14 114 1
33 114 -1
14 115 1
9 115 -1
14 116 1
15 116 -1
14 117 1
37 117 -1
16 118 1
6 118 -1
16 119 1
41 119 -1
16 120 1
46 120 -1
16 121 1
39 121 -1
16 122 1
52 122 -1
16 123 1
34 123 -1
16 124 1
32 124 -1
16 125 1
37 125 -1
16 126 1
21 126 -1
16 127 1
15 127 -1
16 128 1
51 128 -1
16 129 1
12 129 -1
16 130 1
22 130 -1
16 131 1
17 131 -1
16 132 1
31 132 -1
16 133 1
38 133 -1
16 134 1
27 134 -1
16 135 1
14 135 -1
16 136 1
9 136 -1
16 137 1
8 137 -1
16 138 1
42 138 -1
16 139 1
24 139 -1
16 140 1
23 140 -1
16 141 1
3 141 -1
16 142 1
18 142 -1
16 143 1
4 143 -1
16 144 1
43 144 -1
16 145 1
33 145 -1
16 146 1
10 146 -1
16 147 1
50 147 -1
16 148 1
5 148 -1
16 149 1
19 149 -1
16 150 1
30 150 -1
16 151 1
36 151 -1
16 152 1
48 152 -1
17 153 1
30 153 -1
17 154 1
35 154 -1
17 155 1
43 155 -1
17 156 1
13 156 -1
17 157 1
51 157 -1
17 158 1
12 158 -1
17 159 1
15 159 -1
17 160 1
23 160 -1
17 161 1
52 161 -1
17 162 1
34 162 -1
17 163 1
31 163 -1
17 164 1
7 164 -1
17 165 1
47 165 -1
17 166 1
40 166 -1
17 167 1
41 167 -1
17 168 1
45 168 -1
17 169 1
48 169 -1
17 170 1
33 170 -1
17 171 1
8 171 -1
17 172 1
32 172 -1
17 173 1
49 173 -1
17 174 1
24 174 -1
17 175 1
10 175 -1
17 176 1
16 176 -1
17 177 1
39 177 -1
17 178 1
18 178 -1
17 179 1
6 179 -1
17 180 1
20 180 -1
17 181 1
14 181 -1
17 182 1
28 182 -1
17 183 1
42 183 -1
17 184 1
44 184 -1
17 185 1
9 185 -1
17 186 1
21 186 -1
17 187 1
38 187 -1
17 188 1
25 188 -1
17 189 1
46 189 -1
17 190 1
4 190 -1
20 191 1
42 191 -1
20 192 1
36 192 -1
20 193 1
11 193 -1
20 194 1
50 194 -1
20 195 1
8 195 -1
20 196 1
17 196 -1
20 197 1
24 197 -1
20 198 1
34 198 -1
20 199 1
4 199 -1
20 200 1
19 200 -1
20 201 1
33 201 -1
20 202 1
25 202 -1
20 203 1
12 203 -1
20 204 1
49 204 -1
20 205 1
9 205 -1
20 206 1
35 206 -1
20 207 1
43 207 -1
20 208 1
30 208 -1
20 209 1
7 209 -1
20 210 1
47 210 -1
20 211 1
46 211 -1
20 212 1
28 212 -1
20 213 1
21 213 -1
20 214 1
22 214 -1
20 215 1
10 215 -1
20 216 1
32 216 -1
20 217 1
29 217 -1
20 218 1
38 218 -1
20 219 1
51 219 -1
20 220 1
13 220 -1
20 221 1
6 221 -1
20 222 1
3 222 -1
20 223 1
23 223 -1
20 224 1
40 224 -1
20 225 1
31 225 -1
20 226 1
26 226 -1
20 227 1
45 227 -1
23 228 1
34 228 -1
23 229 1
42 229 -1
23 230 1
24 230 -1
23 231 1
35 231 -1
23 232 1
14 232 -1
29 233 1
37 233 -1
29 234 1
50 234 -1
29 235 1
9 235 -1
29 236 1
40 236 -1
29 237 1
28 237 -1
29 238 1
19 238 -1
29 239 1
11 239 -1
29 240 1
48 240 -1
29 241 1
38 241 -1
29 242 1
30 242 -1
29 243 1
26 243 -1
29 244 1
51 244 -1
29 245 1
36 245 -1
29 246 1
23 246 -1
29 247 1
31 247 -1
29 248 1
47 248 -1
29 249 1
27 249 -1
29 250 1
32 250 -1
29 251 1
52 251 -1
29 252 1
22 252 -1
29 253 1
46 253 -1
29 254 1
49 254 -1
29 255 1
43 255 -1
29 256 1
12 256 -1
29 257 1
42 257 -1
29 258 1
34 258 -1
30 259 1
5 259 -1
30 260 1
23 260 -1
30 261 1
40 261 -1
30 262 1
8 262 -1
30 263 1
39 263 -1
30 264 1
36 264 -1
30 265 1
38 265 -1
31 266 1
52 266 -1
31 267 1
3 267 -1
31 268 1
19 268 -1
31 269 1
34 269 -1
31 270 1
20 270 -1
34 271 1
29 271 -1
34 272 1
48 272 -1
34 273 1
46 273 -1
34 274 1
8 274 -1
34 275 1
3 275 -1
34 276 1
5 276 -1
34 277 1
27 277 -1
34 278 1
42 278 -1
34 279 1
9 279 -1
34 280 1
25 280 -1
34 281 1
19 281 -1
34 282 1
43 282 -1
34 283 1
20 283 -1
34 284 1
36 284 -1
34 285 1
44 285 -1
34 286 1
15 286 -1
34 287 1
22 287 -1
34 288 1
38 288 -1
34 289 1
47 289 -1
34 290 1
6 290 -1
34 291 1
33 291 -1
34 292 1
26 292 -1
34 293 1
40 293 -1
34 294 1
32 294 -1
34 295 1
45 295 -1
34 296 1
50 296 -1
34 297 1
37 297 -1
34 298 1
17 298 -1
34 299 1
39 299 -1
34 300 1
12 300 -1
34 301 1
14 301 -1
34 302 1
24 302 -1
34 303 1
16 303 -1
34 304 1
52 304 -1
34 305 1
7 305 -1
34 306 1
41 306 -1
34 307 1
51 307 -1
34 308 1
49 308 -1
36 309 1
23 309 -1
36 310 1
27 310 -1
36 311 1
47 311 -1
36 312 1
46 312 -1
36 313 1
11 313 -1
36 314 1
37 314 -1
37 315 1
16 315 -1
37 316 1
41 316 -1
37 317 1
21 317 -1
37 318 1
49 318 -1
37 319 1
10 319 -1
37 320 1
47 320 -1
37 321 1
51 321 -1
41 322 1
14 322 -1
41 323 1
13 323 -1
41 324 1
28 324 -1
41 325 1
48 325 -1
41 326 1
12 326 -1
41 327 1
24 327 -1
41 328 1
18 328 -1
41 329 1
36 329 -1
41 330 1
42 330 -1
42 331 1
49 331 -1
42 332 1
41 332 -1
42 333 1
47 333 -1
42 334 1
29 334 -1
42 335 1
16 335 -1
42 336 1
51 336 -1
42 337 1
19 337 -1
42 338 1
36 338 -1
42 339 1
3 339 -1
42 340 1
10 340 -1
42 341 1
8 341 -1
42 342 1
12 342 -1
42 343 1
27 343 -1
42 344 1
34 344 -1
42 345 1
48 345 -1
42 346 1
35 346 -1
42 347 1
13 347 -1
42 348 1
20 348 -1
42 349 1
14 349 -1
42 350 1
52 350 -1
42 351 1
26 351 -1
42 352 1
23 352 -1
42 353 1
32 353 -1
42 354 1
38 354 -1
42 355 1
15 355 -1
42 356 1
31 356 -1
42 357 1
11 357 -1
42 358 1
50 358 -1
42 359 1
22 359 -1
42 360 1
7 360 -1
42 361 1
43 361 -1
42 362 1
18 362 -1
42 363 1
25 363 -1
42 364 1
21 364 -1
42 365 1
46 365 -1
44 366 1
36 366 -1
44 367 1
35 367 -1
44 368 1
23 368 -1
44 369 1
38 369 -1
44 370 1
14 370 -1
44 371 1
21 371 -1
44 372 1
5 372 -1
44 373 1
43 373 -1
44 374 1
41 374 -1
44 375 1
52 375 -1
44 376 1
47 376 -1
44 377 1
46 377 -1
44 378 1
7 378 -1
44 379 1
48 379 -1
44 380 1
16 380 -1
44 381 1
28 381 -1
44 382 1
4 382 -1
44 383 1
29 383 -1
44 384 1
45 384 -1
44 385 1
19 385 -1
44 386 1
30 386 -1
44 387 1
37 387 -1
44 388 1
9 388 -1
44 389 1
13 389 -1
44 390 1
39 390 -1
44 391 1
11 391 -1
44 392 1
34 392 -1
44 393 1
24 393 -1
47 394 1
31 394 -1
47 395 1
17 395 -1
47 396 1
11 396 -1
47 397 1
26 397 -1
47 398 1
24 398 -1
47 399 1
46 399 -1
47 400 1
44 400 -1
47 401 1
6 401 -1
47 402 1
43 402 -1
47 403 1
35 403 -1
47 404 1
21 404 -1
47 405 1
8 405 -1
47 406 1
14 406 -1
47 407 1
33 407 -1
47 408 1
4 408 -1
47 409 1
50 409 -1
47 410 1
20 410 -1
47 411 1
12 411 -1
47 412 1
37 412 -1
47 413 1
15 413 -1
47 414 1
52 414 -1
47 415 1
48 415 -1
47 416 1
34 416 -1
47 417 1
5 417 -1
47 418 1
16 418 -1
47 419 1
13 419 -1
47 420 1
28 420 -1
47 421 1
23 421 -1
47 422 1
27 422 -1
47 423 1
36 423 -1
47 424 1
7 424 -1
2 425 1
40 425 -1
2 426 1
39 426 -1
2 427 1
49 427 -1
2 428 1
15 428 -1
2 429 1
8 429 -1
2 430 1
11 430 -1
2 431 1
4 431 -1
2 432 1
24 432 -1
2 433 1
29 433 -1
2 434 1
35 434 -1
3 435 1
27 435 -1
3 436 1
51 436 -1
3 437 1
39 437 -1
3 438 1
34 438 -1
3 439 1
46 439 -1
3 440 1
13 440 -1
3 441 1
35 441 -1
3 442 1
17 442 -1
3 443 1
5 443 -1
3 444 1
21 444 -1
3 445 1
45 445 -1
3 446 1
37 446 -1
3 447 1
44 447 -1
3 448 1
33 448 -1
3 449 1
15 449 -1
3 450 1
32 450 -1
3 451 1
6 451 -1
3 452 1
26 452 -1
3 453 1
49 453 -1
3 454 1
30 454 -1
3 455 1
52 455 -1
3 456 1
50 456 -1
3 457 1
7 457 -1
3 458 1
19 458 -1
3 459 1
11 459 -1
3 460 1
29 460 -1
3 461 1
36 461 -1
3 462 1
47 462 -1
3 463 1
25 463 -1
3 464 1
42 464 -1
3 465 1
23 465 -1
3 466 1
41 466 -1
3 467 1
40 467 -1
3 468 1
24 468 -1
3 469 1
16 469 -1
3 470 1
28 470 -1
3 471 1
14 471 -1
3 472 1
4 472 -1
3 473 1
43 473 -1
7 474 1
21 474 -1
7 475 1
17 475 -1
7 476 1
16 476 -1
7 477 1
36 477 -1
7 478 1
14 478 -1
7 479 1
51 479 -1
7 480 1
50 480 -1
7 481 1
13 481 -1
7 482 1
40 482 -1
7 483 1
47 483 -1
7 484 1
48 484 -1
8 485 1
35 485 -1
8 486 1
52 486 -1
8 487 1
32 487 -1
8 488 1
15 488 -1
9 489 1
45 489 -1
9 490 1
52 490 -1
9 491 1
10 491 -1
9 492 1
23 492 -1
9 493 1
44 493 -1
9 494 1
31 494 -1
9 495 1
8 495 -1
9 496 1
6 496 -1
9 497 1
12 497 -1
9 498 1
28 498 -1
9 499 1
20 499 -1
9 500 1
17 500 -1
9 501 1
21 501 -1
9 502 1
29 502 -1
9 503 1
49 503 -1
9 504 1
34 504 -1
10 505 1
38 505 -1
10 506 1
11 506 -1
10 507 1
48 507 -1
10 508 1
25 508 -1
10 509 1
9 509 -1
10 510 1
3 510 -1
11 511 1
24 511 -1
11 512 1
16 512 -1
11 513 1
27 513 -1
11 514 1
22 514 -1
11 515 1
21 515 -1
11 516 1
17 516 -1
11 517 1
39 517 -1
11 518 1
46 518 -1
11 519 1
12 519 -1
11 520 1
14 520 -1
11 521 1
4 521 -1
11 522 1
29 522 -1
11 523 1
36 523 -1
11 524 1
18 524 -1
11 525 1
26 525 -1
11 526 1
25 526 -1
12 527 1
28 527 -1
12 528 1
26 528 -1
12 529 1
29 529 -1
12 530 1
47 530 -1
12 531 1
38 531 -1
12 532 1
36 532 -1
12 533 1
41 533 -1
12 534 1
51 534 -1
12 535 1
7 535 -1
12 536 1
39 536 -1
12 537 1
31 537 -1
12 538 1
17 538 -1
12 539 1
43 539 -1
12 540 1
14 540 -1
12 541 1
37 541 -1
12 542 1
25 542 -1
12 543 1
50 543 -1
12 544 1
15 544 -1
12 545 1
45 545 -1
12 546 1
48 546 -1
12 547 1
27 547 -1
12 548 1
11 548 -1
12 549 1
19 549 -1
12 550 1
13 550 -1
12 551 1
6 551 -1
12 552 1
20 552 -1
12 553 1
24 553 -1
12 554 1
30 554 -1
12 555 1
34 555 -1
12 556 1
23 556 -1
12 557 1
21 557 -1
12 558 1
8 558 -1
12 559 1
40 559 -1
12 560 1
46 560 -1
12 561 1
3 561 -1
12 562 1
42 562 -1
13 563 1
3 563 -1
13 564 1
36 564 -1
13 565 1
45 565 -1
13 566 1
21 566 -1
13 567 1
8 567 -1
13 568 1
38 568 -1
13 569 1
33 569 -1
13 570 1
29 570 -1
13 571 1
44 571 -1
13 572 1
30 572 -1
13 573 1
27 573 -1
13 574 1
6 574 -1
13 575 1
14 575 -1
13 576 1
43 576 -1
13 577 1
28 577 -1
13 578 1
18 578 -1
13 579 1
51 579 -1
13 580 1
23 580 -1
13 581 1
11 581 -1
13 582 1
26 582 -1
13 583 1
17 583 -1
13 584 1
7 584 -1
13 585 1
20 585 -1
13 586 1
52 586 -1
13 587 1
12 587 -1
13 588 1
41 588 -1
13 589 1
35 589 -1
13 590 1
40 590 -1
13 591 1
16 591 -1
13 592 1
32 592 -1
13 593 1
42 593 -1
15 594 1
11 594 -1
15 595 1
14 595 -1
15 596 1
36 596 -1
15 597 1
20 597 -1
15 598 1
7 598 -1
15 599 1
34 599 -1
15 600 1
39 600 -1
15 601 1
50 601 -1
15 602 1
37 602 -1
15 603 1
45 603 -1
15 604 1
9 604 -1
18 605 1
10 605 -1
18 606 1
21 606 -1
18 607 1
41 607 -1
18 608 1
7 608 -1
18 609 1
43 609 -1
18 610 1
30 610 -1
18 611 1
6 611 -1
18 612 1
24 612 -1
18 613 1
16 613 -1
18 614 1
23 614 -1
18 615 1
15 615 -1
18 616 1
39 616 -1
18 617 1
26 617 -1
18 618 1
12 618 -1
18 619 1
5 619 -1
18 620 1
11 620 -1
18 621 1
9 621 -1
18 622 1
28 622 -1
18 623 1
36 623 -1
18 624 1
8 624 -1
18 625 1
32 625 -1
18 626 1
14 626 -1
18 627 1
13 627 -1
18 628 1
44 628 -1
18 629 1
52 629 -1
18 630 1
51 630 -1
18 631 1
45 631 -1
19 632 1
9 632 -1
19 633 1
21 633 -1
19 634 1
22 634 -1
19 635 1
35 635 -1
19 636 1
42 636 -1
19 637 1
34 637 -1
19 638 1
13 638 -1
19 639 1
43 639 -1
19 640 1
45 640 -1
19 641 1
37 641 -1
19 642 1
31 642 -1
19 643 1
5 643 -1
19 644 1
18 644 -1
19 645 1
49 645 -1
19 646 1
14 646 -1
19 647 1
4 647 -1
19 648 1
25 648 -1
19 649 1
40 649 -1
19 650 1
29 650 -1
19 651 1
32 651 -1
19 652 1
7 652 -1
19 653 1
44 653 -1
19 654 1
50 654 -1
19 655 1
30 655 -1
19 656 1
36 656 -1
19 657 1
47 657 -1
19 658 1
46 658 -1
21 659 1
49 659 -1
21 660 1
14 660 -1
21 661 1
32 661 -1
21 662 1
18 662 -1
21 663 1
15 663 -1
21 664 1
23 664 -1
21 665 1
28 665 -1
21 666 1
39 666 -1
21 667 1
5 667 -1
21 668 1
48 668 -1
21 669 1
42 669 -1
21 670 1
16 670 -1
21 671 1
45 671 -1
21 672 1
17 672 -1
21 673 1
44 673 -1
21 674 1
38 674 -1
21 675 1
19 675 -1
21 676 1
24 676 -1
21 677 1
26 677 -1
21 678 1
9 678 -1
21 679 1
36 679 -1
21 680 1
50 680 -1
21 681 1
7 681 -1
21 682 1
52 682 -1
21 683 1
25 683 -1
21 684 1
40 684 -1
21 685 1
6 685 -1
21 686 1
30 686 -1
21 687 1
20 687 -1
22 688 1
33 688 -1
22 689 1
17 689 -1
22 690 1
7 690 -1
22 691 1
43 691 -1
22 692 1
48 692 -1
22 693 1
49 693 -1
22 694 1
52 694 -1
22 695 1
15 695 -1
22 696 1
6 696 -1
22 697 1
42 697 -1
22 698 1
46 698 -1
22 699 1
45 699 -1
22 700 1
51 700 -1
22 701 1
14 701 -1
22 702 1
32 702 -1
22 703 1
11 703 -1
22 704 1
21 704 -1
22 705 1
29 705 -1
22 706 1
9 706 -1
22 707 1
8 707 -1
22 708 1
26 708 -1
22 709 1
20 709 -1
22 710 1
36 710 -1
22 711 1
13 711 -1
22 712 1
16 712 -1
22 713 1
44 713 -1
22 714 1
39 714 -1
22 715 1
30 715 -1
22 716 1
19 716 -1
22 717 1
24 717 -1
24 718 1
18 718 -1
24 719 1
43 719 -1
24 720 1
44 720 -1
24 721 1
3 721 -1
24 722 1
38 722 -1
24 723 1
4 723 -1
24 724 1
28 724 -1
24 725 1
17 725 -1
24 726 1
16 726 -1
24 727 1
36 727 -1
24 728 1
20 728 -1
24 729 1
34 729 -1
24 730 1
46 730 -1
24 731 1
9 731 -1
24 732 1
47 732 -1
24 733 1
32 733 -1
25 734 1
13 734 -1
25 735 1
26 735 -1
25 736 1
46 736 -1
25 737 1
9 737 -1
25 738 1
16 738 -1
25 739 1
37 739 -1
25 740 1
15 740 -1
25 741 1
23 741 -1
25 742 1
7 742 -1
25 743 1
33 743 -1
25 744 1
21 744 -1
25 745 1
49 745 -1
25 746 1
14 746 -1
25 747 1
34 747 -1
25 748 1
52 748 -1
25 749 1
10 749 -1
26 750 1
50 750 -1
26 751 1
12 751 -1
26 752 1
49 752 -1
26 753 1
34 753 -1
26 754 1
36 754 -1
26 755 1
31 755 -1
26 756 1
8 756 -1
26 757 1
35 757 -1
26 758 1
3 758 -1
26 759 1
51 759 -1
26 760 1
14 760 -1
26 761 1
24 761 -1
26 762 1
7 762 -1
26 763 1
48 763 -1
26 764 1
10 764 -1
27 765 1
22 765 -1
27 766 1
11 766 -1
27 767 1
46 767 -1
27 768 1
26 768 -1
27 769 1
15 769 -1
27 770 1
48 770 -1
27 771 1
50 771 -1
27 772 1
32 772 -1
27 773 1
20 773 -1
27 774 1
14 774 -1
27 775 1
43 775 -1
27 776 1
30 776 -1
27 777 1
49 777 -1
27 778 1
41 778 -1
27 779 1
52 779 -1
27 780 1
51 780 -1
27 781 1
18 781 -1
27 782 1
21 782 -1
27 783 1
25 783 -1
27 784 1
19 784 -1
27 785 1
36 785 -1
27 786 1
24 786 -1
27 787 1
16 787 -1
28 788 1
32 788 -1
28 789 1
24 789 -1
28 790 1
6 790 -1
28 791 1
18 791 -1
28 792 1
20 792 -1
28 793 1
10 793 -1
28 794 1
4 794 -1
28 795 1
11 795 -1
28 796 1
21 796 -1
28 797 1
14 797 -1
28 798 1
22 798 -1
28 799 1
3 799 -1
28 800 1
33 800 -1
28 801 1
19 801 -1
28 802 1
51 802 -1
28 803 1
44 803 -1
28 804 1
47 804 -1
28 805 1
13 805 -1
28 806 1
30 806 -1
28 807 1
41 807 -1
28 808 1
39 808 -1
28 809 1
29 809 -1
28 810 1
35 810 -1
28 811 1
49 811 -1
32 812 1
43 812 -1
32 813 1
33 813 -1
32 814 1
40 814 -1
33 815 1
7 815 -1
33 816 1
5 816 -1
33 817 1
37 817 -1
33 818 1
20 818 -1
33 819 1
42 819 -1
33 820 1
26 820 -1
33 821 1
30 821 -1
33 822 1
13 822 -1
33 823 1
8 823 -1
33 824 1
48 824 -1
33 825 1
51 825 -1
33 826 1
22 826 -1
33 827 1
15 827 -1
33 828 1
34 828 -1
33 829 1
46 829 -1
33 830 1
24 830 -1
33 831 1
14 831 -1
33 832 1
27 832 -1
33 833 1
47 833 -1
33 834 1
40 834 -1
33 835 1
9 835 -1
33 836 1
3 836 -1
33 837 1
39 837 -1
33 838 1
10 838 -1
33 839 1
29 839 -1
35 840 1
46 840 -1
35 841 1
8 841 -1
35 842 1
7 842 -1
35 843 1
25 843 -1
35 844 1
4 844 -1
35 845 1
23 845 -1
35 846 1
17 846 -1
35 847 1
48 847 -1
35 848 1
49 848 -1
35 849 1
9 849 -1
35 850 1
37 850 -1
38 851 1
8 851 -1
38 852 1
9 852 -1
38 853 1
5 853 -1
38 854 1
7 854 -1
38 855 1
21 855 -1
38 856 1
32 856 -1
38 857 1
13 857 -1
38 858 1
50 858 -1
38 859 1
29 859 -1
39 860 1
19 860 -1
39 861 1
7 861 -1
39 862 1
34 862 -1
39 863 1
37 863 -1
39 864 1
15 864 -1
39 865 1
31 865 -1
39 866 1
28 866 -1
39 867 1
36 867 -1
39 868 1
8 868 -1
39 869 1
13 869 -1
39 870 1
30 870 -1
39 871 1
27 871 -1
39 872 1
46 872 -1
39 873 1
14 873 -1
39 874 1
18 874 -1
39 875 1
9 875 -1
39 876 1
35 876 -1
39 877 1
33 877 -1
39 878 1
20 878 -1
39 879 1
26 879 -1
39 880 1
4 880 -1
39 881 1
21 881 -1
39 882 1
49 882 -1
39 883 1
48 883 -1
39 884 1
47 884 -1
39 885 1
22 885 -1
39 886 1
3 886 -1
39 887 1
42 887 -1
39 888 1
45 888 -1
39 889 1
43 889 -1
39 890 1
32 890 -1
39 891 1
16 891 -1
39 892 1
50 892 -1
39 893 1
25 893 -1
39 894 1
29 894 -1
39 895 1
17 895 -1
39 896 1
6 896 -1
39 897 1
5 897 -1
39 898 1
10 898 -1
39 899 1
51 899 -1
39 900 1
41 900 -1
39 901 1
40 901 -1
39 902 1
23 902 -1
39 903 1
52 903 -1
40 904 1
26 904 -1
40 905 1
46 905 -1
40 906 1
22 906 -1
40 907 1
39 907 -1
40 908 1
34 908 -1
40 909 1
20 909 -1
40 910 1
29 910 -1
40 911 1
37 911 -1
40 912 1
52 912 -1
40 913 1
50 913 -1
40 914 1
3 914 -1
40 915 1
25 915 -1
40 916 1
12 916 -1
40 917 1
43 917 -1
40 918 1
42 918 -1
40 919 1
24 919 -1
40 920 1
4 920 -1
43 921 1
48 921 -1
43 922 1
39 922 -1
43 923 1
37 923 -1
43 924 1
36 924 -1
43 925 1
17 925 -1
43 926 1
29 926 -1
43 927 1
42 927 -1
43 928 1
50 928 -1
43 929 1
7 929 -1
43 930 1
18 930 -1
43 931 1
20 931 -1
43 932 1
13 932 -1
43 933 1
19 933 -1
43 934 1
40 934 -1
43 935 1
5 935 -1
43 936 1
35 936 -1
43 937 1
26 937 -1
43 938 1
30 938 -1
43 939 1
14 939 -1
43 940 1
25 940 -1
43 941 1
32 941 -1
43 942 1
28 942 -1
43 943 1
51 943 -1
43 944 1
23 944 -1
43 945 1
15 945 -1
43 946 1
47 946 -1
43 947 1
31 947 -1
43 948 1
38 948 -1
43 949 1
22 949 -1
45 950 1
25 950 -1
45 951 1
32 951 -1
45 952 1
30 952 -1
45 953 1
29 953 -1
45 954 1
41 954 -1
45 955 1
43 955 -1
45 956 1
4 956 -1
45 957 1
18 957 -1
45 958 1
33 958 -1
45 959 1
15 959 -1
45 960 1
8 960 -1
45 961 1
49 961 -1
45 962 1
14 962 -1
45 963 1
13 963 -1
45 964 1
7 964 -1
45 965 1
40 965 -1
45 966 1
46 966 -1
45 967 1
38 967 -1
45 968 1
6 968 -1
45 969 1
27 969 -1
45 970 1
9 970 -1
45 971 1
39 971 -1
45 972 1
21 972 -1
45 973 1
26 973 -1
45 974 1
37 974 -1
45 975 1
24 975 -1
45 976 1
51 976 -1
46 977 1
52 977 -1
46 978 1
39 978 -1
46 979 1
23 979 -1
46 980 1
13 980 -1
46 981 1
27 981 -1
46 982 1
38 982 -1
46 983 1
10 983 -1
46 984 1
30 984 -1
46 985 1
4 985 -1
46 986 1
47 986 -1
46 987 1
45 987 -1
48 988 1
15 988 -1
48 989 1
41 989 -1
48 990 1
8 990 -1
48 991 1
35 991 -1
48 992 1
9 992 -1
48 993 1
24 993 -1
48 994 1
44 994 -1
48 995 1
20 995 -1
48 996 1
45 996 -1
48 997 1
7 997 -1
48 998 1
42 998 -1
48 999 1
10 999 -1
48 1000 1
19 1000 -1
