1 1 0.00173983012671
2 2 165.824500061
3 3 352.482661921
4 4 249.677799712
5 5 0.00853109484858
6 6 368.367226973
7 7 336.014658135
8 8 556.412559858
9 9 0.00651927663191
10 10 0.0077014923018
11 11 413.774218388
12 12 477.709086778
13 13 78.408871217
14 14 261.840204889
15 15 196.464726921
16 16 0.00179597403422
17 17 15.9890386015
18 18 612.47311087
19 19 584.068076057
20 20 104.593770973
21 21 480.722691328
22 22 0.00501698894271
23 23 0.00304445009564
24 24 0.00646671198053
25 25 505.441301446
26 26 345.122081888
27 27 415.843690171
28 28 194.696489215
29 29 25.4093276414
30 30 385.041214945
31 31 0.00588819598904
32 32 291.958059327
33 33 107.565909143
34 34 168.22153708
35 35 256.23142616
36 36 252.190237045
37 37 89.7552961062
38 38 98.3642629223
39 39 352.980122456
40 40 9.1610876265
41 41 0.00275052404255
42 42 454.597873012
43 43 459.842196178
44 44 562.251438006
45 45 40.7528889354
46 46 622.862845673
47 47 136.700610481
48 48 0.0043709954569
49 49 0.00682055063602
50 50 0.00464212876764
51 51 365.565304725
52 52 582.107785193
53 53 315.065161777
54 54 5.74173987527
55 55 431.792587712
56 56 0.00444104210125
57 57 608.294568953
58 58 0.00231410385375
59 59 587.070042206
60 60 314.306316811
61 61 538.769758321
62 62 0.00564013504929
63 63 0.00352438752893
64 64 60.2279379068
65 65 0.0025209851549
66 66 358.896320783
67 67 29.156366146
68 68 0.00204709622833
69 69 0.00714381704337
70 70 0.000780738201955
71 71 48.8575300704
72 72 0.0019592375445
73 73 476.802189726
74 74 416.390143969
75 75 559.288369205
76 76 127.217826941
77 77 590.432327478
78 78 521.102629093
79 79 617.239636645
80 80 504.429713903
81 81 0.00597932781951
82 82 213.549623242
83 83 0.00690705677237
84 84 511.525739894
85 85 27.4450157433
86 86 289.331197824
87 87 414.951614276
88 88 0.00474777238841
89 89 433.236762433
90 90 0.00696512804669
91 91 115.512342548
92 92 311.216856841
93 93 600.955538546
94 94 86.9638941575
95 95 233.754744536
96 96 107.771314307
97 97 0.00146691703821
98 98 0.00666714626559
99 99 0.00322524238227
100 100 0.00256298906949
101 101 79.5470435184
102 102 142.854342924
103 103 0.00185868677686
104 104 430.027261603
105 105 529.058567376
106 106 132.786464657
107 107 523.029630718
108 108 0.00597592187333
109 109 74.1780656299
110 110 343.101966428
111 111 284.666349891
112 112 426.869733417
113 113 107.893660555
114 114 415.679130825
115 115 0.00872024812621
116 116 175.224012476
117 117 222.157769704
118 118 0.00920834050176
119 119 0.00522795227579
120 120 417.012509783
121 121 621.635518244
122 122 7.61188808582
123 123 354.593784951
124 124 0.00370086861272
125 125 609.16880684
126 126 126.925148262
127 127 229.323067146
128 128 0.00267582843894
129 129 159.559608919
130 130 152.86864489
131 131 0.000930049467838
132 132 195.91889419
133 133 11.6998998751
134 134 15.3049521445
135 135 33.953539603
136 136 334.750581568
137 137 192.195702746
138 138 252.585848483
139 139 240.033526456
140 140 477.276743848
141 141 594.490989752
142 142 40.5812920823
143 143 0.00422841711022
144 144 338.416381903
145 145 53.4829639849
146 146 0.00997386133407
147 147 0.00400447302559
148 148 0.00578215039628
149 149 452.123074843
150 150 72.0308965644
151 151 0.00111992266636
152 152 491.658424853
153 153 336.272709977
154 154 5.07860562896
155 155 0.00422000832457
156 156 0.00923550524223
157 157 238.319164414
158 158 340.116217789
159 159 555.265327117
160 160 0.0076768210612
161 161 453.652495951
162 162 0.00134841216634
163 163 88.1959523397
164 164 306.579193192
165 165 264.437415132
166 166 498.031001697
167 167 94.7291266241
168 168 259.785156362
169 169 165.778994132
170 170 0.00922981275683
171 171 411.380363481
172 172 570.978675585
173 173 0.00508220970033
174 174 294.861890663
175 175 362.519516312
176 176 26.3521233391
177 177 0.00381221692977
178 178 89.3600146082
179 179 0.00228684762239
180 180 440.173291339
181 181 0.00750695292846
182 182 0.000740960033729
183 183 115.573741593
184 184 201.234188211
185 185 491.826066132
186 186 164.444724392
187 187 88.3189004077
188 188 466.00120876
189 189 440.489657355
190 190 617.07274907
191 191 301.95744306
192 192 0.00372416666657
193 193 0.000972135323272
194 194 606.689279123
195 195 0.00447226185258
196 196 152.708468486
197 197 0.00785513285649
198 198 580.297180558
199 199 13.2079554158
200 200 0.00879838650227
201 201 624.953404251
202 202 177.982425638
203 203 440.025151749
204 204 331.811146414
205 205 350.418020418
206 206 0.00877206243545
207 207 572.259231253
208 208 0.0062872650307
209 209 622.977530116
210 210 47.1322283657
211 211 545.101001167
212 212 598.719718745
213 213 278.626992403
214 214 0.00346317135601
215 215 363.460785621
216 216 508.081567328
217 217 186.963555605
218 218 0.00375194396325
219 219 250.156906553
220 220 341.010077181
221 221 619.08340341
222 222 381.760412116
223 223 512.97001889
224 224 506.219093764
225 225 342.303969575
226 226 100.970406497
227 227 0.00987286551067
228 228 564.824790588
229 229 575.589818233
230 230 230.044865223
231 231 178.823683541
232 232 417.920121337
233 233 0.0038098865924
234 234 0.0059227530489
235 235 74.3478129141
236 236 0.00855524590477
237 237 239.041257273
238 238 0.00488407518783
239 239 7.84631285855
240 240 56.2277440375
241 241 28.0613227672
242 242 425.256277431
243 243 0.00431001683147
244 244 554.644606008
245 245 0.00161099738307
246 246 526.520377918
247 247 215.578724842
248 248 123.619427351
249 249 45.3061840439
250 250 588.107971369
251 251 0.00627642514427
252 252 48.3752818331
253 253 616.539152712
254 254 486.478526982
255 255 156.583736408
256 256 23.9413659853
257 257 417.037017778
258 258 434.485475772
259 259 213.127903394
260 260 326.451511996
261 261 0.00573597366976
262 262 378.642327944
263 263 0.00930140759756
264 264 23.7685985938
265 265 22.6914637605
266 266 145.528978695
267 267 0.00461576286142
268 268 559.901239529
269 269 0.000103542201407
270 270 245.763354511
271 271 308.619836347
272 272 0.00972172466634
273 273 223.789314794
274 274 0.00194293396848
275 275 305.364118584
276 276 492.270220852
277 277 501.421315731
278 278 190.742180084
279 279 624.499763953
280 280 59.1474527712
281 281 559.289374215
282 282 173.378324603
283 283 408.439323667
284 284 0.00629410333882
285 285 0.00262105915561
286 286 0.00725877579274
287 287 322.940323404
288 288 556.071277913
289 289 155.520197559
290 290 536.186563549
291 291 56.3095505206
292 292 556.317642521
293 293 252.763055291
294 294 0.0090337760618
295 295 476.146208259
296 296 0.00626371446768
297 297 369.471547372
298 298 570.31911399
299 299 330.351034853
300 300 392.417343613
301 301 608.623090505
302 302 210.575999513
303 303 466.15060182
304 304 219.913722609
305 305 92.334715904
306 306 399.401522266
307 307 311.684977327
308 308 159.971974656
309 309 51.4221125526
310 310 320.762240302
311 311 434.527109347
312 312 0.0043004907935
313 313 0.00973101214335
314 314 0.00673537106349
315 315 470.220627582
316 316 257.678611309
317 317 0.00326105724103
318 318 587.980704966
319 319 323.682663113
320 320 256.602012681
321 321 247.926661713
322 322 286.681894595
323 323 372.701408857
324 324 541.54719919
325 325 0.00672532421749
326 326 0.00245033690324
327 327 0.00456706791963
328 328 511.304356909
329 329 433.444558853
330 330 234.48928855
331 331 322.684807122
332 332 8.65071698742
333 333 412.174085059
334 334 1.88172817977e-05
335 335 433.527189181
336 336 192.400539065
337 337 201.832559358
338 338 0.00148817406027
339 339 120.779116299
340 340 139.527209235
341 341 0.00993642008551
342 342 310.885135757
343 343 0.00278136037354
344 344 295.392679517
345 345 591.336055934
346 346 267.17634931
347 347 53.0860153938
348 348 405.611758607
349 349 517.063365541
350 350 175.912161615
351 351 0.00244504163314
352 352 98.7616031386
353 353 231.020612803
354 354 348.459919883
355 355 187.538341977
356 356 0.000940197086942
357 357 166.695941378
358 358 390.966292725
359 359 0.00494254423874
360 360 186.120043489
361 361 157.849656398
362 362 447.195082726
363 363 277.102902999
364 364 0.00961637814156
365 365 142.803016844
366 366 188.446684561
367 367 228.20011412
368 368 111.76268877
369 369 0.00975968269404
370 370 403.024925196
371 371 272.721312409
372 372 0.00575355788521
373 373 4.83019178916
374 374 120.723498531
375 375 460.597823481
376 376 0.00992407949551
377 377 60.1470561824
378 378 543.225524682
379 379 210.907582262
380 380 0.00158125021058
381 381 116.978767378
382 382 337.692481547
383 383 367.416581502
384 384 326.974718638
385 385 284.724017486
386 386 0.0084083516743
387 387 53.9564951544
388 388 0.00705986547692
389 389 0.00186640492896
390 390 608.012077648
391 391 186.442357466
392 392 389.400050531
393 393 244.856656376
394 394 296.377979567
395 395 0.00470694118897
396 396 309.184939986
397 397 0.00260920346449
398 398 0.00120936541558
399 399 154.197607956
400 400 305.058574701
401 401 140.164460402
402 402 576.394682308
403 403 18.860648382
404 404 150.925683008
405 405 275.21784508
406 406 0.000717623098023
407 407 56.9045555742
408 408 135.196378541
409 409 0.00372497373503
410 410 0.00511848141334
411 411 0.00995264397683
412 412 340.40462477
413 413 617.089804614
414 414 0.000548227524839
415 415 124.890054421
416 416 0.00178311820491
417 417 563.089393185
418 418 580.381325309
419 419 0.00238462645531
420 420 0.00685354777004
421 421 580.098024942
422 422 0.00363636536667
423 423 0.00504242522628
424 424 529.08869565
425 425 108.156408058
426 426 102.87141899
427 427 223.298356734
428 428 226.932311639
429 429 97.4615214422
430 430 570.51025546
431 431 397.777010468
432 432 112.261839909
433 433 0.00180205145824
434 434 0.00931233045031
435 435 0.00426576176273
436 436 384.52866811
437 437 514.675280645
438 438 293.143951457
439 439 0.000322703114118
440 440 266.839899662
441 441 23.497421235
442 442 375.000009936
443 443 0.00290996158181
444 444 553.018980691
445 445 2.03234843923
446 446 100.563551729
447 447 0.00722931364305
448 448 479.43094304
449 449 536.896411347
450 450 378.080535569
451 451 316.435599014
452 452 155.748865452
453 453 293.574440714
454 454 132.926543402
455 455 493.016473295
456 456 94.663882068
457 457 0.00469438337364
458 458 0.007211166212
459 459 299.417741386
460 460 0.00832699156929
461 461 269.580241194
462 462 296.507910783
463 463 110.786726876
464 464 0.00346991838513
465 465 0.00336738662213
466 466 0.00737919455711
467 467 0.00752828629677
468 468 0.00950323551121
469 469 148.412733948
470 470 324.719764794
471 471 167.893646444
472 472 316.980057653
473 473 0.00541226918985
474 474 245.684758934
475 475 0.00242031787084
476 476 0.000266215636335
477 477 262.689469233
478 478 184.397600208
479 479 538.803200861
480 480 0.00844752317705
481 481 325.003706525
482 482 587.676842483
483 483 442.159033082
484 484 0.00508463192994
485 485 0.00869768361194
486 486 67.0657426975
487 487 0.00876550113858
488 488 566.566517753
489 489 403.870855025
490 490 521.642174139
491 491 93.498081596
492 492 452.643588913
493 493 406.914692008
494 494 258.315025312
495 495 459.910249556
496 496 577.396213568
497 497 309.933069819
498 498 0.00879254209567
499 499 97.8940453525
500 500 571.626134472
501 501 44.2282079881
502 502 116.141249398
503 503 0.00851568906992
504 504 0.000856837383115
505 505 82.803915576
506 506 497.718124994
507 507 424.703919338
508 508 456.026758652
509 509 435.295077988
510 510 96.8757957234
511 511 0.00628029806312
512 512 90.4827713877
513 513 177.321548286
514 514 525.015650612
515 515 350.342467119
516 516 497.76801016
517 517 145.400928419
518 518 0.00440831655375
519 519 0.00156715716991
520 520 151.463368905
521 521 71.3594319662
522 522 171.777107699
523 523 11.0651920751
524 524 21.3798551657
525 525 87.9970828049
526 526 120.394866047
527 527 603.10930504
528 528 0.00800513727982
529 529 612.623211304
530 530 0.00530234401716
531 531 141.571033507
532 532 0.00942562196661
533 533 598.001633963
534 534 517.675206581
535 535 333.561588096
536 536 57.8823838753
537 537 144.385547424
538 538 584.524001699
539 539 271.14672834
540 540 31.0060906523
541 541 528.90444907
542 542 449.672916245
543 543 263.440271886
544 544 0.00649432747168
545 545 562.88707652
546 546 436.37752636
547 547 502.137475228
548 548 269.512081736
549 549 256.648262652
550 550 256.36374489
551 551 0.00547607786201
552 552 281.163979284
553 553 57.6730765056
554 554 370.400023697
555 555 249.78055335
556 556 79.6773785024
557 557 71.9952991408
558 558 407.951927424
559 559 0.00213881050044
560 560 213.787837999
561 561 439.24052522
562 562 57.9973881744
563 563 406.325796705
564 564 0.00953635924205
565 565 63.3335654586
566 566 259.716934533
567 567 0.00465698843386
568 568 193.433137733
569 569 0.00349988891377
570 570 422.131447889
571 571 0.00491665824262
572 572 295.078637677
573 573 236.091747705
574 574 0.00639829924285
575 575 595.951488448
576 576 319.493303403
577 577 0.00355792068602
578 578 94.2648971243
579 579 454.543055957
580 580 82.7657844973
581 581 14.8050603317
582 582 0.000652846057223
583 583 0.00109129196568
584 584 0.00622931414212
585 585 211.462816677
586 586 428.635837627
587 587 513.880696164
588 588 417.2293551
589 589 144.723363422
590 590 480.474891639
591 591 56.0931852728
592 592 114.893040885
593 593 0.00984082644734
594 594 427.589549215
595 595 0.00517685216878
596 596 0.00848111360538
597 597 3.61586917743
598 598 330.541378064
599 599 77.1150888938
600 600 0.00747895471757
601 601 235.772255318
602 602 149.968439337
603 603 32.6581075199
604 604 0.000322373525197
605 605 199.05162101
606 606 43.4458094823
607 607 319.338720848
608 608 480.389305345
609 609 599.815563173
610 610 518.766916495
611 611 158.533035022
612 612 506.572446058
613 613 0.00732478182132
614 614 0.00435543232878
615 615 322.734366614
616 616 0.00222765494124
617 617 181.268467953
618 618 0.00235414208155
619 619 418.134997219
620 620 275.605221458
621 621 254.685872546
622 622 234.120369011
623 623 403.900211378
624 624 0.0093736926514
625 625 512.14314021
626 626 579.910274503
627 627 165.986831333
628 628 424.133679818
629 629 576.901536584
630 630 427.871507978
631 631 423.623282493
632 632 401.351619292
633 633 0.00761591929683
634 634 53.6413769321
635 635 279.558411727
636 636 34.8332184361
637 637 0.00381747708251
638 638 440.058651099
639 639 106.880515289
640 640 265.74743992
641 641 286.408442532
642 642 63.580413549
643 643 0.00159815099642
644 644 530.943680213
645 645 0.00617186638811
646 646 201.872365167
647 647 27.4204841076
648 648 142.540704488
649 649 405.286913707
650 650 0.00286319651627
651 651 401.225569674
652 652 0.00251908408294
653 653 0.00549492779264
654 654 501.017919276
655 655 112.488638743
656 656 0.00737548445057
657 657 173.243780227
658 658 126.784868658
659 659 403.292662006
660 660 0.00523048918843
661 661 175.964294786
662 662 580.967328459
663 663 281.848385359
664 664 0.113683478744
665 665 0.00510642741939
666 666 120.837727286
667 667 259.069172753
668 668 395.283444995
669 669 301.793560274
670 670 0.000211531733213
671 671 90.5420967252
672 672 0.00652822718901
673 673 0.00746003632229
674 674 561.351072505
675 675 32.3191464198
676 676 9.01602637902
677 677 0.00487655508857
678 678 372.997123532
679 679 136.032432741
680 680 389.705595563
681 681 163.451697021
682 682 230.053591173
683 683 153.515242512
684 684 54.0064984928
685 685 295.632133538
686 686 589.293472426
687 687 315.450830253
688 688 111.511037074
689 689 216.355272705
690 690 420.97739306
691 691 0.00259400642004
692 692 80.3435292063
693 693 0.00692101409116
694 694 128.364465034
695 695 537.264429104
696 696 79.5527937544
697 697 397.697398579
698 698 0.006196314029
699 699 328.244490818
700 700 276.18727387
701 701 63.0233872743
702 702 244.5708021
703 703 209.662912569
704 704 588.108008674
705 705 64.5803152902
706 706 18.1282497053
707 707 235.107818747
708 708 0.00405627372557
709 709 608.995057662
710 710 0.00474853223681
711 711 269.685850935
712 712 350.553729241
713 713 0.00563307792128
714 714 580.28118271
715 715 400.851093837
716 716 73.4693945715
717 717 170.137257242
718 718 0.00901860471692
719 719 0.00309810402478
720 720 237.383674045
721 721 196.387616861
722 722 242.30674129
723 723 20.7899723666
724 724 0.00822551027062
725 725 0.00570321671313
726 726 0.00958348289074
727 727 1.98152349074
728 728 0.00378184780384
729 729 330.430325167
730 730 539.606864468
731 731 103.584749673
732 732 347.837631308
733 733 231.688986544
734 734 257.357414079
735 735 505.085135424
736 736 0.00775039785205
737 737 0.00641320514559
738 738 196.230561247
739 739 0.00933269822937
740 740 197.929227057
741 741 0.00756260126794
742 742 144.592669722
743 743 369.631893348
744 744 0.00541692343107
745 745 291.927985869
746 746 499.316915947
747 747 521.550917186
748 748 48.2532650211
749 749 12.3021294825
750 750 6.98002709225
751 751 0.0058404293983
752 752 71.1004661909
753 753 452.71008376
754 754 528.894565621
755 755 0.00268393564993
756 756 624.951895815
757 757 162.527000334
758 758 251.067507136
759 759 0.00618739552516
760 760 0.00642334007752
761 761 0.000646344040948
762 762 509.874322306
763 763 615.643876364
764 764 154.635453404
765 765 348.205881745
766 766 573.015469731
767 767 0.00786142369225
768 768 276.592323811
769 769 13.7595351914
770 770 254.695345898
771 771 407.250114032
772 772 366.36147166
773 773 0.00760768193993
774 774 479.306953824
775 775 0.00472658269112
776 776 0.00887870174844
777 777 357.327447834
778 778 0.00423854054637
779 779 619.974351954
780 780 382.973286467
781 781 275.296897867
782 782 0.00328150932853
783 783 203.497288352
784 784 244.698161113
785 785 132.976257593
786 786 624.500832003
787 787 0.00640309166793
788 788 0.00820958247638
789 789 427.332240228
790 790 38.2959389293
791 791 352.430155101
792 792 369.912180036
793 793 382.929060072
794 794 6.97577333502e-05
795 795 591.693952705
796 796 237.039977862
797 797 435.524624963
798 798 0.0067114424569
799 799 238.540941867
800 800 89.949824316
801 801 61.9193758515
802 802 243.362597099
803 803 0.000322582446397
804 804 517.500108682
805 805 0.00642749857609
806 806 457.695630217
807 807 521.776276724
808 808 227.079780701
809 809 373.596939909
810 810 479.496015687
811 811 90.3766623137
812 812 355.231111133
813 813 78.9821563383
814 814 190.931076869
815 815 0.00423809875038
816 816 501.510310314
817 817 614.044989655
818 818 623.49307964
819 819 207.872081672
820 820 49.636254544
821 821 53.1470028921
822 822 0.00110530652716
823 823 0.0055017812138
824 824 545.533515172
825 825 608.91168378
826 826 0.0020306999959
827 827 19.1767942683
828 828 609.165635175
829 829 517.318874026
830 830 478.71224662
831 831 298.254028983
832 832 255.418428332
833 833 569.547916174
834 834 0.0091667623464
835 835 559.241562615
836 836 187.007295548
837 837 156.895580355
838 838 561.373359688
839 839 0.00391005963161
840 840 449.331212703
841 841 336.407962075
842 842 531.476424275
843 843 0.00550742178443
844 844 612.53667508
845 845 563.259085531
846 846 192.073592409
847 847 0.00346789764574
848 848 0.00730822186194
849 849 354.231545223
850 850 465.694758753
851 851 0.00594050219294
852 852 57.063490893
853 853 177.31187675
854 854 146.649403274
855 855 608.810264937
856 856 26.0755663066
857 857 0.0014025499843
858 858 488.971656053
859 859 612.068670816
860 860 462.629122353
861 861 295.142917142
862 862 0.0036697296433
863 863 0.00465137839504
864 864 458.975542155
865 865 465.077959539
866 866 2.9984015343
867 867 192.466840445
868 868 0.0058136465262
869 869 625.578745865
870 870 542.277653416
871 871 1.61004934944
872 872 323.56291994
873 873 441.677064579
874 874 0.00356403424354
875 875 100.645950488
876 876 443.973867491
877 877 96.5139891733
878 878 203.69292996
879 879 0.00499181534654
880 880 371.466513675
881 881 139.563136829
882 882 573.889254618
883 883 189.164193668
884 884 0.000280386747222
885 885 541.670386319
886 886 510.988316929
887 887 443.370924386
888 888 313.64758265
889 889 65.9057537531
890 890 44.6838136719
891 891 336.249811047
892 892 197.432692929
893 893 74.8630989935
894 894 153.171998735
895 895 415.170863466
896 896 151.390918792
897 897 347.139757632
898 898 478.578809812
899 899 0.00691820142794
900 900 435.729447138
901 901 0.00379872405997
902 902 545.838544817
903 903 0.00596992975018
904 904 50.4704407173
905 905 0.000497193621831
906 906 421.862641422
907 907 201.724256426
908 908 429.675602593
909 909 247.36551281
910 910 192.177716099
911 911 391.454507117
912 912 462.115452987
913 913 0.00673033542423
914 914 0.00395373838178
915 915 19.3356677542
916 916 228.507622758
917 917 117.395425546
918 918 251.781583458
919 919 536.895019672
920 920 468.456415516
921 921 358.988740664
922 922 480.302499179
923 923 405.509977801
924 924 0.000467197580897
925 925 128.275678496
926 926 69.8628667902
927 927 11.2263843749
928 928 584.836363501
929 929 39.3145190379
930 930 162.143837739
931 931 0.00431527860433
932 932 560.277201088
933 933 0.00449294531371
934 934 114.126397607
935 935 300.241676399
936 936 7.08055200179
937 937 0.00312847183023
938 938 34.4227356467
939 939 400.850647452
940 940 577.384782681
941 941 0.00735328818164
942 942 0.00864993802588
943 943 307.659845291
944 944 156.882047919
945 945 0.00987986709608
946 946 391.287502538
947 947 133.080096531
948 948 114.449169803
949 949 0.00600851124543
950 950 586.115694751
951 951 265.74116989
952 952 511.787589552
953 953 0.00515465211045
954 954 445.043391483
955 955 0.000770689625061
956 956 114.175809819
957 957 0.00846571628603
958 958 2.38317652002
959 959 3.16333584658
960 960 196.144562836
961 961 225.927722803
962 962 0.00268309451819
963 963 445.624878111
964 964 0.00633147320806
965 965 449.28848532
966 966 134.722918934
967 967 268.419821578
968 968 512.553740356
969 969 324.830965998
970 970 35.0741125602
971 971 451.503022593
972 972 523.751558
973 973 196.616408953
974 974 269.707425403
975 975 550.53531141
976 976 0.000174052093583
977 977 0.00776292121256
978 978 0.00998057378921
979 979 396.68449218
980 980 116.03824505
981 981 119.882589973
982 982 0.00880003152266
983 983 298.587407427
984 984 168.366001697
985 985 234.286857276
986 986 204.870065903
987 987 320.738552208
988 988 372.736480486
989 989 146.756105085
990 990 0.00587004431316
991 991 347.261280067
992 992 296.591794829
993 993 327.702538623
994 994 428.911362597
995 995 65.0303829672
996 996 78.2491980469
997 997 384.12402303
998 998 287.52948896
999 999 159.508457366
1000 1000 458.864431162
1001 1001 74.5516573825
1002 1002 371.394101851
1003 1003 0.00633499806316
1004 1004 527.863239701
1005 1005 182.10377226
1006 1006 217.249951695
1007 1007 485.493094522
1008 1008 0.000126370903709
1009 1009 174.661693611
1010 1010 0.00863681006221
1011 1011 91.6344833504
1012 1012 156.90880505
1013 1013 327.54812455
1014 1014 537.562506905
1015 1015 255.02067211
1016 1016 0.00551940361112
1017 1017 0.00941839757958
1018 1018 67.5912386646
1019 1019 0.0027683317072
1020 1020 0.00658827427524
1021 1021 0.00258337050491
1022 1022 215.253439681
1023 1023 0.000257535102098
1024 1024 606.531118397
1025 1025 129.606403725
1026 1026 614.656201965
1027 1027 0.00136284339051
1028 1028 0.00480323123754
1029 1029 219.175341667
1030 1030 229.582444178
1031 1031 130.309560144
1032 1032 77.9522949478
1033 1033 0.00473382819489
1034 1034 148.91689874
1035 1035 234.085469001
1036 1036 119.43664391
1037 1037 0.00483844484631
1038 1038 262.285736002
1039 1039 614.482701772
1040 1040 0.00313837277339
1041 1041 288.733003788
1042 1042 0.00556768267988
1043 1043 83.921993556
1044 1044 0.00272796136556
1045 1045 0.0012102466263
1046 1046 327.57971537
1047 1047 0.00358436080758
1048 1048 284.139410672
1049 1049 0.00840241941377
1050 1050 0.00701400454832
1051 1051 198.058281413
1052 1052 178.926511784
1053 1053 358.699464458
1054 1054 390.268086688
1055 1055 499.533590062
1056 1056 0.00166276175116
1057 1057 0.00696701134783
1058 1058 356.391170803
1059 1059 0.00503471058278
1060 1060 563.290431248
1061 1061 355.573060062
1062 1062 358.964512798
1063 1063 625.304001682
1064 1064 493.028517929
1065 1065 64.0169453702
1066 1066 70.983097635
1067 1067 0.00910820559162
1068 1068 0.00677255570429
1069 1069 36.1789108124
1070 1070 225.588815426
1071 1071 0.00176275272366
1072 1072 431.703634431
1073 1073 0.00650801782933
1074 1074 152.758618667
1075 1075 312.425878784
1076 1076 601.582743066
1077 1077 603.446558538
1078 1078 411.672896445
1079 1079 373.146483165
1080 1080 184.471443425
1081 1081 0.00163600163402
1082 1082 76.5847833642
1083 1083 250.059035584
1084 1084 124.294789686
1085 1085 343.934232138
1086 1086 517.89856366
1087 1087 599.787768207
1088 1088 12.3829161606
1089 1089 168.894920157
1090 1090 154.411783452
1091 1091 106.061556265
1092 1092 0.00969752839134
1093 1093 0.00839970630972
1094 1094 311.835318834
1095 1095 211.26793908
1096 1096 344.098341633
1097 1097 163.268034253
1098 1098 0.00772398187133
1099 1099 235.821990223
1100 1100 498.965285824
1101 1101 218.192492708
1102 1102 391.207485515
1103 1103 450.546720885
1104 1104 98.135644477
1105 1105 374.815564065
1106 1106 152.89322093
1107 1107 448.558041221
1108 1108 582.35995553
1109 1109 0.00390654891933
1110 1110 253.702440758
1111 1111 79.5000579696
1112 1112 1.50839637866
1113 1113 31.1116648442
1114 1114 552.575365548
1115 1115 571.702829266
1116 1116 144.744049379
1117 1117 0.00963415124227
1118 1118 136.294373388
1119 1119 41.3771180713
1120 1120 6.09437358702
1121 1121 0.563106758267
1122 1122 0.000476640914112
1123 1123 358.859296923
1124 1124 194.451287852
1125 1125 466.198103223
1126 1126 167.291610335
1127 1127 359.757964278
1128 1128 292.127279412
1129 1129 514.077638969
1130 1130 210.57941766
1131 1131 526.373956321
1132 1132 317.431069163
1133 1133 341.766170991
1134 1134 194.071326502
1135 1135 351.700824099
1136 1136 263.828332717
1137 1137 324.283700873
1138 1138 525.357765904
1139 1139 267.018917622
1140 1140 421.535223603
1141 1141 0.000465071930188
1142 1142 625.738532267
1143 1143 161.468324803
1144 1144 128.189488184
1145 1145 0.0015409129544
1146 1146 348.471250249
1147 1147 0.00605562561894
1148 1148 513.587289748
1149 1149 0.00768540040028
1150 1150 6.13384502166
1151 1151 400.684671017
1152 1152 0.00489798077783
1153 1153 140.195483976
1154 1154 38.8179551641
1155 1155 453.403601778
1156 1156 0.0024235945227
1157 1157 361.259153479
1158 1158 0.00266601067539
1159 1159 221.060032173
1160 1160 499.68482252
1161 1161 506.695089612
1162 1162 621.504081802
1163 1163 0.00570429702037
1164 1164 282.674696323
1165 1165 581.171580095
1166 1166 22.6062563901
1167 1167 0.00914871829512
1168 1168 0.00922306116988
1169 1169 168.486309094
1170 1170 350.627397597
1171 1171 0.00401825385416
1172 1172 525.656362682
1173 1173 598.937591417
1174 1174 458.30672934
1175 1175 453.914652981
1176 1176 0.0055313860448
1177 1177 0.00423742794607
1178 1178 340.606845578
1179 1179 474.505662469
1180 1180 524.061991043
1181 1181 519.085210707
1182 1182 171.052877073
1183 1183 0.00976404593618
1184 1184 246.462307053
1185 1185 512.653755355
1186 1186 0.00951060475191
1187 1187 1.80929594388
1188 1188 295.907468984
1189 1189 413.317643015
1190 1190 417.809928628
1191 1191 0.00695474020674
1192 1192 602.325105507
1193 1193 383.66389436
1194 1194 335.090275181
1195 1195 35.8570940442
1196 1196 517.956877789
1197 1197 434.881004954
1198 1198 270.412177363
1199 1199 505.881206677
1200 1200 453.025012708
1201 1201 600.638876919
1202 1202 283.086041567
1203 1203 62.9831374686
1204 1204 579.794483413
1205 1205 0.008504177051
1206 1206 0.00220233013946
1207 1207 516.383470409
1208 1208 110.037508893
1209 1209 324.496317485
1210 1210 418.470557423
1211 1211 604.907340917
1212 1212 267.505460144
1213 1213 165.978080072
1214 1214 48.1171895731
1215 1215 0.00291664417349
1216 1216 376.226211398
1217 1217 375.280280368
1218 1218 117.556772706
1219 1219 275.807643459
1220 1220 362.599656407
1221 1221 0.00136357825277
1222 1222 289.429278067
1223 1223 0.00145383884776
1224 1224 0.00553077552318
1225 1225 332.076179245
1226 1226 0.00980837192569
1227 1227 0.00487159769647
1228 1228 0.000489266997235
1229 1229 178.971859176
1230 1230 141.749817178
1231 1231 0.00716004517464
1232 1232 269.373898625
1233 1233 141.435247356
1234 1234 304.667077818
1235 1235 134.482631783
1236 1236 26.987501582
1237 1237 334.607228701
1238 1238 0.00812082957094
1239 1239 409.674909437
1240 1240 389.557302966
1241 1241 17.5227387783
1242 1242 0.00648288011013
1243 1243 0.00911444120919
1244 1244 182.040862223
1245 1245 21.3031745513
1246 1246 518.648709321
1247 1247 342.037774472
1248 1248 512.521792673
1249 1249 0.00380811646275
1250 1250 384.038619071
1251 1251 352.200611868
1252 1252 500.599636677
1253 1253 584.194438901
1254 1254 358.613787945
1255 1255 455.000409384
1256 1256 0.00431115848631
1257 1257 573.601483664
1258 1258 485.074985993
1259 1259 248.537222104
1260 1260 0.00260393917345
1261 1261 559.165128408
1262 1262 350.982092836
1263 1263 0.00976040843334
1264 1264 462.182159473
1265 1265 296.421102204
1266 1266 372.864046733
1267 1267 300.506226177
1268 1268 115.502680828
1269 1269 70.3520738575
1270 1270 341.554220819
1271 1271 0.00346696664675
1272 1272 382.773383349
1273 1273 0.00655680210988
1274 1274 134.838433575
1275 1275 0.00820399959151
1276 1276 247.51105638
1277 1277 399.532809254
1278 1278 28.9654813309
1279 1279 386.216521465
1280 1280 20.3343744881
1281 1281 0.00511071550732
1282 1282 491.472551231
1283 1283 419.650385812
1284 1284 0.00274712894707
1285 1285 0.00316325230623
1286 1286 0.0070763565732
1287 1287 0.00329286733604
1288 1288 0.00582113845983
1289 1289 0.00172778593002
1290 1290 0.00476189224743
1291 1291 26.9857854959
1292 1292 156.97263049
1293 1293 222.860255018
1294 1294 312.808854982
1295 1295 0.00388455611712
1296 1296 494.256882262
1297 1297 0.00813046458461
1298 1298 162.78460429
1299 1299 389.145966649
1300 1300 0.00698382083932
1301 1301 0.00915613366489
1302 1302 127.938365754
1303 1303 577.994270685
1304 1304 0.00697915863544
1305 1305 285.120420517
1306 1306 285.362581891
1307 1307 0.00389529372633
1308 1308 588.077576836
1309 1309 0.000695778167771
1310 1310 0.00455749976209
1311 1311 603.896216538
1312 1312 208.190607648
1313 1313 0.00153079309051
1314 1314 86.9282285562
1315 1315 0.00111599438112
1316 1316 442.128436432
1317 1317 90.6420245073
1318 1318 184.775628758
1319 1319 196.435103605
1320 1320 448.258271156
1321 1321 132.744434085
1322 1322 19.1355635058
1323 1323 0.00626724392439
1324 1324 66.5467021076
1325 1325 294.488076907
1326 1326 458.811861008
1327 1327 0.00219474403138
1328 1328 8.72285870899
1329 1329 323.692116141
1330 1330 209.759923355
1331 1331 228.686250272
1332 1332 318.408926574
1333 1333 0.00159458734493
1334 1334 63.4817850539
1335 1335 452.137082466
1336 1336 549.677541738
1337 1337 0.00439519166836
1338 1338 345.828543648
1339 1339 152.151690329
1340 1340 538.899140212
1341 1341 285.566774393
1342 1342 160.779444185
1343 1343 112.55807682
1344 1344 138.085258994
1345 1345 449.75905396
1346 1346 479.610806411
1347 1347 169.506859294
1348 1348 139.714163176
1349 1349 44.2627911978
1350 1350 0.0018722807813
1351 1351 404.035343331
1352 1352 0.000320522907265
1353 1353 541.923858774
1354 1354 24.5532035405
1355 1355 89.7809515054
1356 1356 310.733101384
1357 1357 20.403299019
1358 1358 499.877691834
1359 1359 425.570637944
1360 1360 0.000360733925537
1361 1361 475.076540952
1362 1362 498.091247255
1363 1363 0.00489787443071
1364 1364 416.966451409
1365 1365 64.2975152503
1366 1366 305.933068846
1367 1367 223.182515031
1368 1368 0.00424741788593
1369 1369 144.175148236
1370 1370 225.084035906
1371 1371 375.826180553
1372 1372 0.00498810523476
1373 1373 146.089908079
1374 1374 278.243632172
1375 1375 0.00342093163522
1376 1376 28.2980721133
1377 1377 380.142462209
1378 1378 398.199931934
1379 1379 244.211830516
1380 1380 0.00492138855156
1381 1381 222.268376829
1382 1382 98.9825543411
1383 1383 2.35099630247
1384 1384 582.848883286
1385 1385 43.0803249771
1386 1386 72.1196725272
1387 1387 0.00911089812676
1388 1388 170.007785247
1389 1389 338.264330783
1390 1390 400.976753404
1391 1391 285.57627844
1392 1392 0.00154150522504
1393 1393 199.393767391
1394 1394 82.3843848495
1395 1395 451.894077593
1396 1396 517.532350906
1397 1397 567.024165725
1398 1398 0.0070806570868
1399 1399 0.00283954490898
1400 1400 295.169845681
1401 1401 356.338293857
1402 1402 501.435697985
1403 1403 101.88782108
1404 1404 0.00305576027751
1405 1405 439.60109473
1406 1406 374.652690818
1407 1407 115.73573518
1408 1408 541.479471024
1409 1409 294.011183639
1410 1410 411.08083183
1411 1411 0.00325218646864
1412 1412 0.000696885835442
1413 1413 79.5123090297
1414 1414 0.00758790737764
1415 1415 15.1703529361
1416 1416 0.00719551258795
1417 1417 208.474098002
1418 1418 81.9289990829
1419 1419 39.1074902783
1420 1420 613.56492251
1421 1421 453.234886032
1422 1422 588.415225078
1423 1423 587.589794472
1424 1424 560.1591791
1425 1425 377.256400566
1426 1426 100.24690909
1427 1427 483.246099269
1428 1428 131.259286671
1429 1429 0.00440943200865
1430 1430 0.00914637142901
1431 1431 0.00252347163991
1432 1432 0.00971059344346
1433 1433 0.00280631070084
1434 1434 3.62884571801
1435 1435 121.369738489
1436 1436 98.4647521997
1437 1437 17.3466589497
1438 1438 601.379621851
1439 1439 405.342478926
1440 1440 0.00701614527647
1441 1441 0.00989548036819
1442 1442 266.21007281
1443 1443 232.92005304
1444 1444 0.000623819663921
1445 1445 90.2144845062
1446 1446 0.00920659549147
1447 1447 0.00578561922974
1448 1448 221.491838909
1449 1449 474.302015409
1450 1450 235.359534901
1451 1451 0.00790885589489
1452 1452 508.425387472
1453 1453 431.645797296
1454 1454 294.001321183
1455 1455 539.095203675
1456 1456 357.058516904
1457 1457 0.00706583895559
1458 1458 0.00278022137208
1459 1459 234.65964727
1460 1460 0.00930098530676
1461 1461 0.00420129924916
1462 1462 0.00930438928343
1463 1463 399.477360005
1464 1464 30.0089605979
1465 1465 18.8059371116
1466 1466 388.191274526
1467 1467 587.166474178
1468 1468 145.630878314
1469 1469 111.352284671
1470 1470 0.00293516520765
1471 1471 0.00647940522343
1472 1472 579.980370856
1473 1473 0.00569722781647
1474 1474 45.8720582294
1475 1475 0.0038165868092
1476 1476 51.4155773879
1477 1477 0.00776309932408
1478 1478 292.329199112
1479 1479 472.181196745
1480 1480 312.771900778
1481 1481 165.309210395
1482 1482 269.431703709
1483 1483 0.00852388299645
1484 1484 228.806607566
1485 1485 0.00904494714548
1486 1486 445.75279728
1487 1487 373.36398258
1488 1488 453.891234166
1489 1489 150.627590768
1490 1490 480.026570739
1491 1491 432.190214071
1492 1492 219.584000619
1493 1493 0.0040398913175
1494 1494 451.4641754
1495 1495 124.592238426
1496 1496 331.215103959
1497 1497 212.720389391
1498 1498 440.602960029
1499 1499 556.096445658
1500 1500 433.91398232
1501 1501 129.088701446
1502 1502 0.00887669739576
1503 1503 0.00367201579489
1504 1504 385.947961147
1505 1505 546.410843959
1506 1506 122.767091653
1507 1507 335.502494286
1508 1508 320.952927312
1509 1509 381.193246564
1510 1510 493.817921453
1511 1511 529.802496007
1512 1512 402.419327581
1513 1513 302.949282179
1514 1514 0.00437025295996
1515 1515 0.00940017526341
1516 1516 0.00821342117814
1517 1517 225.585885413
1518 1518 1.11018429919e-05
1519 1519 402.106539043
1520 1520 226.200556762
1521 1521 408.215825299
1522 1522 353.873757242
1523 1523 616.382728942
1524 1524 0.00692666309063
1525 1525 4.95693387665
1526 1526 296.717982024
1527 1527 0.00921392920596
1528 1528 0.000443340421093
1529 1529 69.5525004991
1530 1530 402.429068828
1531 1531 0.00298432613801
1532 1532 340.181282869
1533 1533 179.857804027
1534 1534 133.570243131
1535 1535 313.265622716
1536 1536 591.58096596
1537 1537 167.918554682
1538 1538 476.592811193
1539 1539 295.752149713
1540 1540 622.484733108
1541 1541 392.50431663
1542 1542 570.959348899
1543 1543 336.724577038
1544 1544 463.541878149
1545 1545 0.00388740895311
1546 1546 293.504757002
1547 1547 546.288580366
1548 1548 0.000435089949999
1549 1549 345.459963384
1550 1550 515.366176204
1551 1551 453.998760298
1552 1552 255.679963375
1553 1553 231.303257953
1554 1554 33.5823664955
1555 1555 0.00498535880241
1556 1556 0.00384203377958
1557 1557 349.518513358
1558 1558 0.00432120306607
1559 1559 300.396731713
1560 1560 324.629781336
1561 1561 172.018749603
1562 1562 0.00737725914363
1563 1563 601.654945621
1564 1564 287.508556392
1565 1565 437.488727518
1566 1566 413.825741609
1567 1567 0.00353024009266
1568 1568 138.626930899
1569 1569 52.8544057675
1570 1570 11.7359579334
1571 1571 191.331876059
1572 1572 0.00727426885336
1573 1573 149.813039422
1574 1574 0.00478740634805
1575 1575 0.00134617799097
1576 1576 335.379720447
1577 1577 369.374976436
1578 1578 355.381815982
1579 1579 0.00238650099993
1580 1580 0.00935674314514
1581 1581 0.000522801313317
1582 1582 592.32134391
1583 1583 380.477684909
1584 1584 10.740546299
1585 1585 456.926945969
1586 1586 425.433004787
1587 1587 344.480880935
1588 1588 527.684872133
1589 1589 112.468029295
1590 1590 102.454081747
1591 1591 429.472951897
1592 1592 267.636893538
1593 1593 137.433096607
1594 1594 148.993543962
1595 1595 204.552402615
1596 1596 0.00472328909172
1597 1597 0.00390303234677
1598 1598 0.00296647120866
1599 1599 546.834531584
1600 1600 2.11330897505
1601 1601 304.780071002
1602 1602 259.298693265
1603 1603 0.00998643227573
1604 1604 535.364475359
1605 1605 16.6330268651
1606 1606 43.4888459322
1607 1607 110.423915432
1608 1608 431.181174856
1609 1609 88.0903927482
1610 1610 450.918600575
1611 1611 0.00644758804212
1612 1612 337.981132394
1613 1613 0.00518603233518
1614 1614 0.00834209948987
1615 1615 0.00671403637242
1616 1616 0.00806736380999
1617 1617 188.339674437
1618 1618 0.00015528851114
1619 1619 523.057647166
1620 1620 0.00991491276047
1621 1621 601.997233108
1622 1622 485.45461579
1623 1623 23.2455655953
1624 1624 352.619274798
1625 1625 0.00132078455262
1626 1626 237.693221777
1627 1627 0.00407149332904
1628 1628 296.222634073
1629 1629 286.469503598
1630 1630 180.62023246
1631 1631 52.9831413173
1632 1632 450.693720414
1633 1633 116.899384406
1634 1634 394.245614183
1635 1635 272.531476972
1636 1636 176.211645729
1637 1637 0.0072040030255
1638 1638 0.00280508384178
1639 1639 364.644587496
1640 1640 348.472568845
1641 1641 378.185524149
1642 1642 229.274284477
1643 1643 45.3694598295
1644 1644 75.9742122715
1645 1645 484.769662044
1646 1646 0.00242869298426
1647 1647 403.520183306
1648 1648 310.557852611
1649 1649 92.8059649614
1650 1650 33.286186079
1651 1651 293.513242035
1652 1652 551.449923901
1653 1653 473.284437497
1654 1654 266.099690719
1655 1655 0.00695745713443
1656 1656 384.833281752
1657 1657 0.00554718882443
1658 1658 7.83578332815e-05
1659 1659 144.755885107
1660 1660 0.00631012501091
1661 1661 598.279924549
1662 1662 430.620135805
1663 1663 48.8955383165
1664 1664 0.00900662367852
1665 1665 133.747040666
1666 1666 0.00696705088048
1667 1667 345.489299177
1668 1668 386.002446906
1669 1669 500.51125119
1670 1670 280.1576265
1671 1671 93.1838902283
1672 1672 290.520826953
1673 1673 0.00482895734083
1674 1674 588.25395031
1675 1675 122.732373421
1676 1676 166.546528299
1677 1677 291.60940536
1678 1678 333.554356116
1679 1679 295.17274535
1680 1680 293.625441681
1681 1681 89.8781169149
1682 1682 112.201772481
1683 1683 181.446054075
1684 1684 0.0084185327429
1685 1685 42.2064839705
1686 1686 195.906023523
1687 1687 0.00968844644759
1688 1688 0.0097670772767
1689 1689 0.00943874024811
1690 1690 535.469071549
1691 1691 58.0167025637
1692 1692 539.159944405
1693 1693 64.7906074903
1694 1694 599.326231838
1695 1695 0.00388548097785
1696 1696 283.845729885
1697 1697 0.00741722650129
1698 1698 478.357934384
1699 1699 353.938923298
1700 1700 228.197631134
1701 1701 194.618303236
1702 1702 552.715556419
1703 1703 1.52817507687
1704 1704 0.00699757529899
1705 1705 37.0660414898
1706 1706 72.3651138536
1707 1707 531.425090726
1708 1708 526.737672368
1709 1709 438.06830934
1710 1710 371.404098668
1711 1711 363.630304084
1712 1712 0.00477656089548
1713 1713 0.00862451936556
1714 1714 197.474874091
1715 1715 0.00205090646746
1716 1716 0.00273736443718
1717 1717 461.155545407
1718 1718 0.00660131247059
1719 1719 0.00389766434489
1720 1720 114.101961619
1721 1721 50.4947623238
1722 1722 0.00479056777617
1723 1723 147.831872187
1724 1724 0.00537509032769
1725 1725 528.07759706
1726 1726 618.394201751
1727 1727 0.00227883808772
1728 1728 578.309863966
1729 1729 469.111058795
1730 1730 278.309071404
1731 1731 0.00132488668009
1732 1732 145.192483867
1733 1733 0.00912379120064
1734 1734 0.00695295194822
1735 1735 59.6985127051
1736 1736 56.1187225633
1737 1737 35.695581499
1738 1738 0.00262052225147
1739 1739 44.364705861
1740 1740 143.534473277
1741 1741 499.527629505
1742 1742 311.904686057
1743 1743 0.0056160422537
1744 1744 0.00790342177353
1745 1745 214.286949807
1746 1746 463.025710821
1747 1747 0.00719307424695
1748 1748 34.2285656127
1749 1749 55.8524330504
1750 1750 424.101401021
1751 1751 0.0040391045259
1752 1752 183.850638407
1753 1753 69.600757525
1754 1754 500.66094102
1755 1755 219.614753758
1756 1756 617.72883479
1757 1757 44.0362382654
1758 1758 0.00653296768987
1759 1759 138.820526396
1760 1760 0.0025236775438
1761 1761 86.6623985724
1762 1762 233.140734433
1763 1763 339.52796055
1764 1764 453.235154977
1765 1765 125.450648629
1766 1766 543.082073745
1767 1767 393.700486832
1768 1768 488.303959293
1769 1769 0.00977260042451
1770 1770 140.867608631
1771 1771 0.00528340533321
1772 1772 35.9385232774
1773 1773 373.789140697
1774 1774 267.823871544
1775 1775 360.954144432
1776 1776 0.00960896074796
1777 1777 0.00938759693732
1778 1778 0.00873988559222
1779 1779 0.00224011329789
1780 1780 115.736954153
1781 1781 173.730665012
1782 1782 28.939808673
1783 1783 176.898566892
1784 1784 567.158699835
1785 1785 356.367397913
1786 1786 119.409017326
1787 1787 0.00484943552014
1788 1788 477.038632204
1789 1789 0.00957008012707
1790 1790 0.00807770499832
1791 1791 181.598766251
1792 1792 494.227568112
1793 1793 205.465597104
1794 1794 343.571329536
1795 1795 395.343525717
1796 1796 115.488310916
1797 1797 606.883844336
1798 1798 167.729241834
1799 1799 151.417053173
1800 1800 349.95974558
1801 1801 0.00945921531856
1802 1802 0.0093836711428
1803 1803 65.7436797462
1804 1804 311.819210482
1805 1805 526.576228382
1806 1806 390.669520326
1807 1807 198.475872745
1808 1808 424.03730137
1809 1809 318.464303499
1810 1810 502.92862491
1811 1811 614.307763654
1812 1812 0.00110360944939
1813 1813 544.557143121
1814 1814 579.882722141
1815 1815 274.518420513
1816 1816 0.00325895920048
1817 1817 0.0087985536174
1818 1818 327.911526723
1819 1819 495.852021728
1820 1820 407.589619387
1821 1821 258.029579453
1822 1822 363.748403448
1823 1823 0.00878532609897
1824 1824 301.944061654
1825 1825 0.00894001241051
1826 1826 0.000589496852971
1827 1827 214.703736182
1828 1828 132.312575689
1829 1829 157.079257871
1830 1830 233.827860826
1831 1831 54.1106701533
1832 1832 349.835303779
1833 1833 317.918271717
1834 1834 266.246673071
1835 1835 307.851830291
1836 1836 0.00874915243287
1837 1837 34.224368659
1838 1838 0.00098641624796
1839 1839 85.7677274378
1840 1840 184.789199875
1841 1841 476.895743836
1842 1842 339.471966739
1843 1843 618.800928451
1844 1844 214.65927068
1845 1845 0.00660503773975
1846 1846 240.087248021
1847 1847 427.782174468
1848 1848 141.417727262
1849 1849 30.2592644735
1850 1850 428.368812822
1851 1851 317.001952501
1852 1852 332.840483869
1853 1853 298.237545961
1854 1854 116.71910153
1855 1855 87.4236922569
1856 1856 139.165031963
1857 1857 542.386142755
1858 1858 0.00948269098674
1859 1859 0.00826452661081
1860 1860 323.72043071
1861 1861 491.285503221
1862 1862 0.00733287560635
1863 1863 578.21082084
1864 1864 437.638175505
1865 1865 0.00692827075031
1866 1866 56.7401979614
1867 1867 529.284771768
1868 1868 0.00956543243017
1869 1869 57.0908023637
1870 1870 197.630842851
1871 1871 285.982254182
1872 1872 408.859539016
1873 1873 454.553937399
1874 1874 30.1327138571
1875 1875 572.352969617
1876 1876 397.57180789
1877 1877 131.003718372
1878 1878 0.0079978963779
1879 1879 432.786885699
1880 1880 129.253617241
1881 1881 524.341848652
1882 1882 501.797588409
1883 1883 0.00596593102666
1884 1884 566.082808994
1885 1885 229.509777158
1886 1886 596.500492462
1887 1887 202.774948778
1888 1888 422.238055951
1889 1889 0.00517179207482
1890 1890 0.00534043607866
1891 1891 109.834316976
1892 1892 0.00181370863638
1893 1893 63.8221145594
1894 1894 521.944643277
1895 1895 158.514794384
1896 1896 0.00714901553168
1897 1897 96.6227372875
1898 1898 0.00212664962045
1899 1899 479.949935715
1900 1900 0.00509878726222
1901 1901 0.00178190199213
1902 1902 518.74712069
1903 1903 14.3503905688
1904 1904 410.433850406
1905 1905 0.00918505102188
1906 1906 390.829749427
1907 1907 8.10888486313
1908 1908 0.00215070662925
1909 1909 472.4549126
1910 1910 0.00944529381781
1911 1911 563.759806439
1912 1912 184.81990036
1913 1913 483.495874624
1914 1914 0.00690807831742
1915 1915 166.539549793
1916 1916 146.942667681
1917 1917 372.855850166
1918 1918 434.983940902
1919 1919 27.0673470336
1920 1920 258.491910204
1921 1921 60.2814255303
1922 1922 27.2667264814
1923 1923 0.0153550285873
1924 1924 0.000160212906924
1925 1925 311.548907478
1926 1926 255.856571565
1927 1927 3.67552454482e-05
1928 1928 415.58706554
1929 1929 0.00814608976936
1930 1930 619.735631796
1931 1931 52.0115249195
1932 1932 243.920064861
1933 1933 218.378670602
1934 1934 421.300127373
1935 1935 466.083757652
1936 1936 480.845096456
1937 1937 387.308245494
1938 1938 0.00275016913989
1939 1939 493.957722795
1940 1940 52.2574962748
1941 1941 0.00154056831388
1942 1942 513.39796189
1943 1943 0.0085147008279
1944 1944 485.736734327
1945 1945 288.566398307
1946 1946 142.118427939
1947 1947 22.8911693821
1948 1948 402.607592047
1949 1949 279.433141495
1950 1950 0.00746871501144
1951 1951 575.857582922
1952 1952 221.952712861
1953 1953 0.00667743883336
1954 1954 399.649080059
1955 1955 0.00336135485311
1956 1956 599.807315535
1957 1957 556.353779122
1958 1958 137.444468833
1959 1959 410.271414658
1960 1960 452.788030407
1961 1961 0.000585476385963
1962 1962 587.226845649
1963 1963 35.3550448452
1964 1964 0.00266317334955
1965 1965 567.099323125
1966 1966 0.00277159456729
1967 1967 555.397551737
1968 1968 619.316254063
1969 1969 432.602597679
1970 1970 260.196233445
1971 1971 550.979173431
1972 1972 0.00297563694351
1973 1973 412.403889215
1974 1974 352.665654481
1975 1975 546.25241942
1976 1976 466.255379011
1977 1977 0.000537209338457
1978 1978 0.000219319324694
1979 1979 427.335684395
1980 1980 176.784133496
1981 1981 0.00875661306532
1982 1982 446.437419069
1983 1983 301.403531254
1984 1984 313.73417458
1985 1985 485.740320257
1986 1986 393.85570589
1987 1987 90.4737357659
1988 1988 0.00981337617621
1989 1989 268.340350788
1990 1990 617.745274903
1991 1991 0.00181392028697
1992 1992 210.613513504
1993 1993 283.67322148
1994 1994 76.5900522849
1995 1995 0.00762185326511
1996 1996 583.111053908
1997 1997 122.251226813
1998 1998 0.00727395386733
1999 1999 0.00695849628931
2000 2000 91.225817272
2001 2001 449.339749265
2002 2002 60.64076238
2003 2003 300.77413062
2004 2004 334.796532554
2005 2005 116.188517336
2006 2006 0.000877475702301
2007 2007 0.00499086420551
2008 2008 137.55678353
2009 2009 555.233803389
2010 2010 271.744728983
2011 2011 396.310228312
2012 2012 153.870641578
2013 2013 0.00422501171348
2014 2014 0.000641589271765
2015 2015 147.722727305
2016 2016 622.493010551
2017 2017 436.61971781
2018 2018 358.95150082
2019 2019 0.001549589255
2020 2020 28.945604694
2021 2021 188.080348973
2022 2022 200.226560446
2023 2023 83.7829347142
2024 2024 0.00972181345427
2025 2025 146.527352175
2026 2026 338.013325475
2027 2027 227.900568099
2028 2028 269.426748778
2029 2029 120.945197796
2030 2030 402.483745537
2031 2031 0.00706588947449
2032 2032 303.62803877
2033 2033 356.946432755
2034 2034 65.9716668067
2035 2035 0.00280589180031
2036 2036 0.00876178981558
2037 2037 0.00287457498061
2038 2038 116.440915403
2039 2039 461.636970606
2040 2040 141.770070534
2041 2041 176.26910987
2042 2042 493.54450348
2043 2043 222.320699847
2044 2044 490.778355729
2045 2045 590.789997166
2046 2046 0.00535377868933
2047 2047 4.80767349869
2048 2048 46.8411741955
2049 2049 341.021064507
2050 2050 296.709013345
2051 2051 450.586379131
2052 2052 277.811957614
2053 2053 488.062317627
2054 2054 39.2405544242
2055 2055 0.0063745128272
2056 2056 351.886347864
2057 2057 460.878379659
2058 2058 0.00846325946237
2059 2059 0.00288843694049
2060 2060 43.9374480139
2061 2061 162.763253742
2062 2062 0.00343571411107
2063 2063 192.445078487
2064 2064 6.52550608597e-05
2065 2065 0.0070694884301
2066 2066 0.00105554027018
2067 2067 604.294050356
2068 2068 596.898786061
2069 2069 385.131894097
2070 2070 559.878019027
2071 2071 157.257171083
2072 2072 0.00339638394858
2073 2073 0.00279729948685
2074 2074 242.372026576
2075 2075 292.84672757
2076 2076 55.4273902315
2077 2077 575.497579334
2078 2078 0.00830289326306
2079 2079 96.3540185657
2080 2080 0.00207544847478
2081 2081 336.842255791
2082 2082 0.00941399636047
2083 2083 193.969168312
2084 2084 205.220028784
2085 2085 61.9307194095
2086 2086 157.059339264
2087 2087 548.339756038
2088 2088 262.718612388
2089 2089 0.00972786616685
2090 2090 327.712630339
2091 2091 0.00324073119475
2092 2092 540.055669956
2093 2093 79.9948993927
2094 2094 0.00856449858013
2095 2095 413.201930116
2096 2096 566.810205297
2097 2097 49.1660127181
2098 2098 0.00895841517728
2099 2099 356.368691633
2100 2100 602.744730368
2101 2101 0.00853470382089
2102 2102 0.00518182841466
2103 2103 328.456919956
2104 2104 594.655355343
2105 2105 6.66063244378
2106 2106 0.00729275329928
2107 2107 0.00696470846497
2108 2108 0.00628465333739
2109 2109 154.494297115
2110 2110 251.710733938
2111 2111 0.00914383165319
2112 2112 0.00393511627745
2113 2113 207.996345874
2114 2114 119.404929707
2115 2115 175.402089013
2116 2116 0.00261606681137
2117 2117 68.3147130552
2118 2118 417.190079875
2119 2119 434.12642378
2120 2120 0.00924734716031
2121 2121 0.00565625817428
2122 2122 592.383764973
2123 2123 206.024001768
2124 2124 404.388021508
2125 2125 267.74407267
2126 2126 240.466274512
2127 2127 0.00589622365689
2128 2128 606.337308243
2129 2129 0.00328185120238
2130 2130 435.196116139
2131 2131 597.992513203
2132 2132 0.0036948602045
2133 2133 345.120729484
2134 2134 554.603858808
2135 2135 162.08102511
2136 2136 264.176997698
2137 2137 257.825355793
2138 2138 281.61639006
2139 2139 339.338709099
2140 2140 483.586946757
2141 2141 487.618294619
2142 2142 13.6046379154
2143 2143 84.5257197773
2144 2144 0.00809836370416
2145 2145 0.0059269551667
2146 2146 440.171139159
2147 2147 49.9785035162
2148 2148 563.247875304
2149 2149 408.181633117
2150 2150 415.450621489
2151 2151 270.731951036
2152 2152 217.163610177
2153 2153 318.032619513
2154 2154 265.265857723
2155 2155 249.974000111
2156 2156 614.192679572
2157 2157 495.507679758
2158 2158 402.205532909
2159 2159 97.6350827816
2160 2160 445.896315854
2161 2161 129.159766874
2162 2162 465.58117933
2163 2163 0.00379952191879
2164 2164 486.953355663
2165 2165 507.813732525
2166 2166 0.00359889917029
2167 2167 517.953019336
2168 2168 300.542223082
2169 2169 0.00475449813798
2170 2170 0.00905611506172
2171 2171 0.0078926198683
2172 2172 0.00770076149298
2173 2173 44.9890800874
2174 2174 553.495414168
2175 2175 350.589302831
2176 2176 233.333922901
2177 2177 88.3087192156
2178 2178 0.419724253001
2179 2179 285.875929261
2180 2180 67.5787356357
2181 2181 73.4118237085
2182 2182 623.582586408
2183 2183 0.00942330386418
2184 2184 446.043376697
2185 2185 0.00986006700733
2186 2186 590.43102714
2187 2187 0.0062693628835
2188 2188 401.265657116
2189 2189 201.395051686
2190 2190 0.00434927426099
2191 2191 522.015964763
2192 2192 596.75125469
2193 2193 571.873233965
2194 2194 0.00487151721171
2195 2195 0.00804583532082
2196 2196 298.003935698
2197 2197 161.774410825
2198 2198 0.00824815194909
2199 2199 70.0367479875
2200 2200 556.388499478
2201 2201 126.869806288
2202 2202 442.451905246
2203 2203 478.625218748
2204 2204 245.728025111
2205 2205 162.246648035
2206 2206 422.939504775
2207 2207 435.918558049
2208 2208 34.0652769151
2209 2209 204.222949045
2210 2210 115.84457071
2211 2211 106.872812043
2212 2212 483.841871757
2213 2213 413.982856878
2214 2214 0.000518077174561
2215 2215 297.623225871
2216 2216 0.00657006844906
2217 2217 470.661665308
2218 2218 0.002475102166
2219 2219 309.035352585
2220 2220 575.366943484
2221 2221 9.57643801255
2222 2222 0.00199478149036
2223 2223 554.46672043
2224 2224 275.521949081
2225 2225 437.938537121
2226 2226 114.274690312
2227 2227 104.107801101
2228 2228 369.066854134
2229 2229 45.0138425775
2230 2230 0.000109609070603
2231 2231 0.00164013668378
2232 2232 364.750665395
2233 2233 0.00106484127563
2234 2234 6.43234082036
2235 2235 233.836024021
2236 2236 618.769373408
2237 2237 128.580024578
2238 2238 611.569274671
2239 2239 0.00381305755629
2240 2240 372.606315431
2241 2241 591.280851584
2242 2242 510.697757337
2243 2243 340.929944841
2244 2244 572.185770964
2245 2245 0.00810676681426
2246 2246 0.00723643029267
2247 2247 0.000600513665383
2248 2248 358.318508893
2249 2249 499.978774084
2250 2250 0.0070141166982
2251 2251 0.00685380128649
2252 2252 542.359936692
2253 2253 257.371253087
2254 2254 453.158821097
2255 2255 0.00340219345802
2256 2256 496.268835423
2257 2257 530.013792738
2258 2258 353.425217594
2259 2259 358.831639639
2260 2260 60.8245176062
2261 2261 297.682582454
2262 2262 247.004403771
2263 2263 0.00788569461059
2264 2264 74.274628046
2265 2265 453.171647085
2266 2266 148.437911589
2267 2267 23.113830844
2268 2268 547.361033961
2269 2269 341.555315133
2270 2270 147.590091693
2271 2271 0.000411009995963
2272 2272 259.501359938
2273 2273 230.035604271
2274 2274 436.897391
2275 2275 437.593386702
2276 2276 66.2355656505
2277 2277 35.4211294445
2278 2278 116.282409416
2279 2279 306.144674375
2280 2280 33.6169824797
2281 2281 471.486355869
2282 2282 0.00361823298958
2283 2283 579.244839327
2284 2284 624.286675741
2285 2285 546.998555965
2286 2286 500.186255553
2287 2287 11.5836945909
2288 2288 421.161961964
2289 2289 0.00709620444928
2290 2290 0.00917907123304
2291 2291 219.044294484
2292 2292 0.00686276438593
2293 2293 0.00948231727149
2294 2294 0.006425226556
2295 2295 418.303011482
2296 2296 0.00957801089935
2297 2297 302.70394718
2298 2298 110.099148778
2299 2299 0.00175685273144
2300 2300 544.23376384
2301 2301 493.624878541
2302 2302 0.000918930986752
2303 2303 564.339131904
2304 2304 388.003120247
2305 2305 484.25473892
2306 2306 127.301852758
2307 2307 217.466892819
2308 2308 0.00384777434975
2309 2309 576.070171143
2310 2310 135.832265394
2311 2311 0.00324408632844
2312 2312 354.347246284
2313 2313 0.00672797354918
2314 2314 0.00774205076245
2315 2315 471.990910364
2316 2316 0.00947556638455
2317 2317 233.617060121
2318 2318 450.620010859
2319 2319 226.89873825
2320 2320 508.287506001
2321 2321 572.372344493
2322 2322 0.00855529204158
2323 2323 376.241585067
2324 2324 364.768515941
2325 2325 0.00377590862278
2326 2326 323.245716244
2327 2327 114.043736874
2328 2328 203.574717221
2329 2329 331.629023477
2330 2330 137.977009362
2331 2331 557.912411495
2332 2332 199.835388291
2333 2333 58.5956012871
2334 2334 28.7538285678
2335 2335 4.34740743303e-06
2336 2336 595.082078716
2337 2337 0.00266453975483
2338 2338 335.528384786
2339 2339 207.845328983
2340 2340 341.832669591
2341 2341 125.128283716
2342 2342 0.00567365629625
2343 2343 349.0433143
2344 2344 0.00802929017696
2345 2345 310.638731589
2346 2346 407.941307816
2347 2347 600.849932592
2348 2348 578.881264747
2349 2349 380.873187054
2350 2350 0.00295184444845
2351 2351 609.678400817
2352 2352 426.87959015
2353 2353 0.0051074909852
2354 2354 149.546679578
2355 2355 0.00559167295805
2356 2356 88.4612290964
2357 2357 460.163842955
2358 2358 503.368257692
2359 2359 349.623732875
2360 2360 306.361591745
2361 2361 315.309944509
2362 2362 311.120287142
2363 2363 0.00800761999556
2364 2364 0.00104631782219
2365 2365 377.999896317
2366 2366 536.717066699
2367 2367 384.635692953
2368 2368 0.00307193311989
2369 2369 180.600572901
2370 2370 67.3959484772
2371 2371 0.00870033077108
2372 2372 380.234716645
2373 2373 0.00313992365082
2374 2374 399.098047774
2375 2375 0.000204363295477
2376 2376 106.756627056
2377 2377 393.73221304
2378 2378 101.862911051
2379 2379 0.0048548701187
2380 2380 8.0166254414
2381 2381 78.9695368111
2382 2382 547.172161251
2383 2383 156.61010507
2384 2384 0.00100811729589
2385 2385 347.968892941
2386 2386 448.251147904
2387 2387 497.18640821
2388 2388 550.195584375
2389 2389 297.759943936
2390 2390 316.551906133
2391 2391 337.862574053
2392 2392 175.352627512
2393 2393 29.8425942545
2394 2394 414.196703693
2395 2395 0.00750908680266
2396 2396 0.00806121899021
2397 2397 0.0045239699423
2398 2398 0.00644282535142
2399 2399 0.00957639127523
2400 2400 524.30997706
2401 2401 194.963909658
2402 2402 223.661467968
2403 2403 321.56689263
2404 2404 92.9838305687
2405 2405 0.00183872583966
2406 2406 181.063352702
2407 2407 350.021366513
2408 2408 0.0076960109984
2409 2409 42.5634335841
2410 2410 39.979568892
2411 2411 0.00643121474987
2412 2412 0.322450147825
2413 2413 434.04483959
2414 2414 47.4985561954
2415 2415 419.445970465
2416 2416 389.721936036
2417 2417 370.702664585
2418 2418 550.139370389
2419 2419 191.791066369
2420 2420 0.00605068700278
2421 2421 253.676803502
2422 2422 214.291354514
2423 2423 313.712961077
2424 2424 0.00635900124802
2425 2425 0.0046021864963
2426 2426 311.755335197
2427 2427 334.60487675
2428 2428 610.056321469
2429 2429 0.00783288505781
2430 2430 583.884436859
2431 2431 159.328271092
2432 2432 363.971158006
2433 2433 0.00960849502298
2434 2434 0.00899023853144
2435 2435 378.210875527
2436 2436 438.559108578
2437 2437 451.142335825
2438 2438 605.999016277
2439 2439 0.00883214678663
2440 2440 0.00487715883572
2441 2441 0.00592691972487
2442 2442 130.415055233
2443 2443 0.00398209869227
2444 2444 594.940780407
2445 2445 293.921197571
2446 2446 0.00644207534703
2447 2447 503.065839698
2448 2448 518.411577898
2449 2449 0.000231210147599
2450 2450 157.514026514
2451 2451 302.260619468
2452 2452 67.0164490493
2453 2453 8.40185630109
2454 2454 3.93243908716
2455 2455 84.3918262987
2456 2456 289.208907398
2457 2457 502.776417322
2458 2458 282.223294769
2459 2459 0.00309030467409
2460 2460 430.435855086
2461 2461 0.00443288752703
2462 2462 90.1930741358
2463 2463 127.358678163
2464 2464 546.946227337
2465 2465 614.063151897
2466 2466 260.529435295
2467 2467 0.00305292095523
2468 2468 43.9825430056
2469 2469 241.098891241
2470 2470 450.825924686
2471 2471 0.00344998853995
2472 2472 396.559975202
2473 2473 376.55982133
2474 2474 0.00853186142091
2475 2475 541.056828685
2476 2476 0.00290732257537
2477 2477 0.0080240951654
2478 2478 415.72824008
2479 2479 515.080413097
2480 2480 229.964945187
2481 2481 62.8014152811
2482 2482 264.08055774
2483 2483 204.648239937
2484 2484 23.3990889557
2485 2485 262.317007121
2486 2486 449.640117947
2487 2487 465.386327574
2488 2488 390.611318768
2489 2489 529.387977641
2490 2490 405.426046903
2491 2491 141.730091093
2492 2492 0.00493843280935
2493 2493 482.27096006
2494 2494 383.838764486
2495 2495 286.80683042
2496 2496 0.000277177384677
2497 2497 0.00777535702301
2498 2498 0.00494230398058
2499 2499 0.00240287232808
2500 2500 0.0041606028668
2501 2501 126.112475647
2502 2502 92.8463153574
2503 2503 0.00508242753222
2504 2504 0.000486581712302
2505 2505 31.8219049888
2506 2506 322.578958469
2507 2507 531.786585431
2508 2508 0.0022712746916
2509 2509 0.0092217825658
2510 2510 0.00567209986637
2511 2511 267.144402309
2512 2512 291.01717132
2513 2513 44.7610939063
2514 2514 191.967375825
2515 2515 380.451427123
2516 2516 3.42822886504
2517 2517 363.405311334
2518 2518 380.013860059
2519 2519 232.135131858
2520 2520 0.00374940784606
2521 2521 0.00799356288704
2522 2522 94.8035083573
2523 2523 0.00436854336539
2524 2524 500.831043524
2525 2525 86.1355211976
2526 2526 0.0057848091328
2527 2527 0.00349030527915
2528 2528 297.545061358
2529 2529 0.0047140548481
2530 2530 348.035824187
2531 2531 514.931458037
2532 2532 0.00661798751753
2533 2533 487.348504901
2534 2534 0.0043685775602
2535 2535 337.269078852
2536 2536 372.165706551
2537 2537 430.339844181
2538 2538 348.610742507
2539 2539 55.6175022811
2540 2540 43.9195247825
2541 2541 28.0636782174
2542 2542 401.293141485
2543 2543 443.768720891
2544 2544 209.395025732
2545 2545 0.00274843138159
2546 2546 121.823583043
2547 2547 11.7230513912
2548 2548 231.085759019
2549 2549 526.292515629
2550 2550 0.00321208620653
2551 2551 361.990328936
2552 2552 43.9843618339
2553 2553 77.1258121495
2554 2554 402.888319937
2555 2555 128.345649376
2556 2556 462.495805253
2557 2557 0.00716433442851
2558 2558 559.802453135
2559 2559 0.00506824277434
2560 2560 505.453590784
2561 2561 261.305307072
2562 2562 0.00858843549526
2563 2563 202.951962896
2564 2564 23.9589771715
2565 2565 313.237149069
2566 2566 47.3583042039
2567 2567 11.645804472
2568 2568 0.00360108741104
2569 2569 437.667173231
2570 2570 0.00145353018318
2571 2571 105.559618634
2572 2572 331.39304322
2573 2573 0.00501718264509
2574 2574 565.904927964
2575 2575 2.13921809605
2576 2576 176.069189607
2577 2577 0.00773861681012
2578 2578 16.3096453005
2579 2579 251.713581982
2580 2580 260.690047598
2581 2581 347.008361778
2582 2582 0.00852221620332
2583 2583 533.260246021
2584 2584 163.757553824
2585 2585 161.20340532
2586 2586 0.000161778637669
2587 2587 5.12830389397e-05
2588 2588 1.70460602077
2589 2589 244.831230632
2590 2590 614.301698442
2591 2591 245.671050527
2592 2592 296.433322774
2593 2593 0.00118769762958
2594 2594 129.133560509
2595 2595 531.615546262
2596 2596 0.000868361021853
2597 2597 374.551751748
2598 2598 465.500880843
2599 2599 570.851048039
2600 2600 480.801893463
2601 2601 175.159581902
2602 2602 0.000561912280321
2603 2603 479.603907776
2604 2604 246.441338103
2605 2605 86.1417336561
2606 2606 4.84067165484
2607 2607 434.816760764
2608 2608 606.128853273
2609 2609 538.488309523
2610 2610 268.914493937
2611 2611 0.00813524843332
2612 2612 42.0782906737
2613 2613 260.816649259
2614 2614 316.265607333
2615 2615 90.0494787683
2616 2616 279.891088878
2617 2617 516.939091994
2618 2618 0.00633239983853
2619 2619 0.00751966394113
2620 2620 465.383211915
2621 2621 376.305853701
2622 2622 569.251097139
2623 2623 204.230783878
2624 2624 451.239430336
2625 2625 525.606654314
2626 2626 412.186073934
2627 2627 0.000199018529553
2628 2628 520.402326811
2629 2629 37.2324547514
2630 2630 616.309134502
2631 2631 0.0094704306154
2632 2632 318.454019448
2633 2633 0.00744605198356
2634 2634 381.655915192
2635 2635 10.0939180574
2636 2636 0.00731186300214
2637 2637 580.217063343
2638 2638 17.2664672514
2639 2639 0.00179807502744
2640 2640 161.085212821
2641 2641 452.198078147
2642 2642 475.812535077
2643 2643 596.316638914
2644 2644 289.157675497
2645 2645 367.335539749
2646 2646 3.75904495336
2647 2647 49.5152162013
2648 2648 285.951177585
2649 2649 148.683206248
2650 2650 71.9612084989
2651 2651 0.00295894289459
2652 2652 350.007301245
2653 2653 606.788643031
2654 2654 149.168240259
2655 2655 13.2404079541
2656 2656 0.00906236023948
2657 2657 509.5386481
2658 2658 0.00166464046361
2659 2659 15.2499637168
2660 2660 122.884513738
2661 2661 250.399460928
2662 2662 466.467319672
2663 2663 313.039435276
2664 2664 360.520917509
2665 2665 490.692839562
2666 2666 582.700089271
2667 2667 0.00545484923375
2668 2668 0.00381133661964
2669 2669 612.685180412
2670 2670 564.230545001
2671 2671 0.00201196436746
2672 2672 461.475474842
2673 2673 614.455086766
2674 2674 0.0057936919365
2675 2675 187.13078524
2676 2676 283.327287979
2677 2677 0.00253914148183
2678 2678 386.667469951
2679 2679 0.0049071990442
2680 2680 614.398148238
2681 2681 0.000734292814045
2682 2682 456.364621259
2683 2683 0.0079377362356
2684 2684 598.926387482
2685 2685 566.735958946
2686 2686 489.661993316
2687 2687 0.00358034506423
2688 2688 0.00542475381037
2689 2689 31.2453491624
2690 2690 0.0028720379355
2691 2691 0.00449845455369
2692 2692 317.308247027
2693 2693 205.387663193
2694 2694 529.718260632
2695 2695 161.011309319
2696 2696 206.487053157
2697 2697 615.713906739
2698 2698 258.805536607
2699 2699 82.6146253389
2700 2700 0.0054906309148
2701 2701 396.474623927
2702 2702 432.294715192
2703 2703 0.002931996098
2704 2704 0.00377280564954
2705 2705 204.577090584
2706 2706 148.969991589
2707 2707 572.138452616
2708 2708 0.000383803075279
2709 2709 171.481843828
2710 2710 341.700685884
2711 2711 329.457885362
2712 2712 181.342587961
2713 2713 464.943757838
2714 2714 504.248996245
2715 2715 537.300059089
2716 2716 148.262782025
2717 2717 0.00306352087189
2718 2718 591.069470761
2719 2719 263.082524185
2720 2720 283.128339672
2721 2721 0.00697399959983
2722 2722 184.362760305
2723 2723 215.503041395
2724 2724 397.979301612
2725 2725 515.788003339
2726 2726 262.996204239
2727 2727 63.3060826509
2728 2728 0.00863284996074
2729 2729 320.490533984
2730 2730 196.854247715
2731 2731 137.53566765
2732 2732 417.452256025
2733 2733 401.606146113
2734 2734 0.00930170121497
2735 2735 45.1620042527
2736 2736 325.087314518
2737 2737 22.1672647772
2738 2738 453.616042097
2739 2739 241.457253778
2740 2740 473.993373061
2741 2741 348.256401776
2742 2742 547.470907052
2743 2743 284.236993407
2744 2744 579.447778726
2745 2745 574.426755797
2746 2746 5.72785821297
2747 2747 167.734701794
2748 2748 0.00218506267903
2749 2749 0.00134902474743
2750 2750 484.239906447
2751 2751 150.250370068
2752 2752 0.00574497511999
2753 2753 0.00516030477527
2754 2754 379.352819043
2755 2755 572.66461717
2756 2756 0.00942129441474
2757 2757 254.263074806
2758 2758 155.308865751
2759 2759 625.124699204
2760 2760 85.0087230192
2761 2761 6.58670117226e-05
2762 2762 498.008345484
2763 2763 476.329137167
2764 2764 412.805385455
2765 2765 0.00509423838022
2766 2766 426.791846745
2767 2767 340.76876708
2768 2768 0.0027302140158
2769 2769 510.199605819
2770 2770 387.036813282
2771 2771 0.00838291758482
2772 2772 351.28908885
2773 2773 315.441677931
2774 2774 347.308995469
2775 2775 98.4985253847
2776 2776 0.00946072314441
2777 2777 517.686332694
2778 2778 0.00716554084389
2779 2779 0.00744229294025
2780 2780 108.53506259
2781 2781 0.00323519184452
2782 2782 480.43386612
2783 2783 76.2525194416
2784 2784 305.886983725
2785 2785 0.00891727685023
2786 2786 0.00725075673397
2787 2787 0.00896829430552
2788 2788 545.954760374
2789 2789 160.604032951
2790 2790 65.472618123
2791 2791 561.500046018
2792 2792 0.00620897057371
2793 2793 335.123063478
2794 2794 265.846602043
2795 2795 150.34179041
2796 2796 275.076004862
2797 2797 67.0354483457
2798 2798 154.493379499
2799 2799 34.4262164875
2800 2800 67.3779356456
2801 2801 447.036547535
2802 2802 0.00659814124857
2803 2803 2.26815153592
2804 2804 0.00655432589053
2805 2805 0.00765564148037
2806 2806 303.448993537
2807 2807 179.373048561
2808 2808 101.685712469
2809 2809 0.000469584135247
2810 2810 238.994330263
2811 2811 0.00101863757937
2812 2812 499.981435618
2813 2813 594.868510037
2814 2814 620.011662926
2815 2815 254.726690738
2816 2816 78.5197415865
2817 2817 294.36535048
2818 2818 197.592935224
2819 2819 293.682482541
2820 2820 242.404905748
2821 2821 0.00579809805124
2822 2822 149.312725727
2823 2823 0.000207382066651
2824 2824 576.097977283
2825 2825 0.0042196096308
2826 2826 139.58501861
2827 2827 6.05359328653
2828 2828 0.000765576220834
2829 2829 329.108680886
2830 2830 0.00111143924503
2831 2831 371.34428508
2832 2832 432.66555493
2833 2833 0.00620402419624
2834 2834 123.361728057
2835 2835 297.343675568
2836 2836 178.19124724
2837 2837 0.00233810405126
2838 2838 270.605601752
2839 2839 325.907504004
2840 2840 329.648529779
2841 2841 279.113218865
2842 2842 278.713898332
2843 2843 448.444861381
2844 2844 151.534449397
2845 2845 44.0082043511
2846 2846 20.2400859417
2847 2847 494.548899548
2848 2848 0.00201132397938
2849 2849 224.773452623
2850 2850 434.745691403
2851 2851 514.520137253
2852 2852 30.4276634235
2853 2853 426.909730322
2854 2854 87.2241066519
2855 2855 414.908683805
2856 2856 392.354045128
2857 2857 0.00125592725371
2858 2858 335.565814233
2859 2859 0.00525405618981
2860 2860 526.424367646
2861 2861 192.140210408
2862 2862 196.984712262
2863 2863 326.337937934
2864 2864 0.00703831214389
2865 2865 0.00372280104305
2866 2866 0.00576295441248
2867 2867 0.000923862531699
2868 2868 0.00798711253097
2869 2869 475.216458391
2870 2870 194.081403489
2871 2871 260.499528153
2872 2872 229.005751299
2873 2873 0.00265885153926
2874 2874 41.5938425005
2875 2875 93.9985004639
2876 2876 0.00286142032906
2877 2877 417.595641115
2878 2878 0.00895971982751
2879 2879 69.1755865759
2880 2880 498.577718721
2881 2881 569.218341255
2882 2882 0.00512550364136
2883 2883 0.00147910334803
2884 2884 0.0070780839884
2885 2885 139.746806108
2886 2886 125.278853788
2887 2887 479.052923832
2888 2888 0.00404993754049
2889 2889 202.370481966
2890 2890 406.290674474
2891 2891 551.966721387
2892 2892 235.700488198
2893 2893 254.669348623
2894 2894 562.261072923
2895 2895 198.332735878
2896 2896 199.515221286
2897 2897 0.00377941598206
2898 2898 0.00725097826624
2899 2899 0.00622651748217
2900 2900 9.97051613717e-05
2901 2901 568.64772133
2902 2902 0.00593992373271
2903 2903 552.828934507
2904 2904 460.132747627
2905 2905 469.836781473
2906 2906 0.00701987493801
2907 2907 24.984083812
2908 2908 156.573390656
2909 2909 456.775680118
2910 2910 432.715309064
2911 2911 199.224822564
2912 2912 106.299839449
2913 2913 456.034413196
2914 2914 0.00617479477657
2915 2915 573.203521507
2916 2916 539.652830092
2917 2917 0.00321065485085
2918 2918 490.099164658
2919 2919 275.387745186
2920 2920 0.00542714006284
2921 2921 0.000720933162125
2922 2922 215.090544603
2923 2923 0.000558033670655
2924 2924 246.114344925
2925 2925 479.457767192
2926 2926 323.423675686
2927 2927 0.0074330632488
2928 2928 42.8206969871
2929 2929 51.6244053492
2930 2930 0.00675585509533
2931 2931 575.649089005
2932 2932 5.58957350344
2933 2933 414.16086917
2934 2934 1.60876586732
2935 2935 366.753588538
2936 2936 332.221060063
2937 2937 0.00942259646746
2938 2938 183.288067884
2939 2939 166.783866655
2940 2940 0.00370581188495
2941 2941 0.000383394363937
2942 2942 250.292933349
2943 2943 124.743048822
2944 2944 374.530039328
2945 2945 0.00312326949837
2946 2946 619.988579411
2947 2947 0.00888973011172
2948 2948 303.729005055
2949 2949 512.968902107
2950 2950 86.0710612052
2951 2951 489.569902829
2952 2952 277.215301211
2953 2953 301.50520473
2954 2954 339.133154644
2955 2955 53.9467480859
2956 2956 105.697907714
2957 2957 327.803811155
2958 2958 186.385264131
2959 2959 182.742075118
2960 2960 241.083440502
2961 2961 0.00786074369127
2962 2962 211.765003217
2963 2963 67.8709986457
2964 2964 0.008189222216
2965 2965 248.315740724
2966 2966 186.494381688
2967 2967 541.784405551
2968 2968 592.955085948
2969 2969 372.81820758
2970 2970 323.809914659
2971 2971 565.862652454
2972 2972 83.9212495654
2973 2973 355.010898158
2974 2974 605.870523928
2975 2975 144.400223834
2976 2976 511.502442064
2977 2977 0.00613734999842
2978 2978 532.671329749
2979 2979 191.568527377
2980 2980 464.019246157
2981 2981 392.897139669
2982 2982 429.829836088
2983 2983 567.776329322
2984 2984 163.121337509
2985 2985 530.643569648
2986 2986 576.920541937
2987 2987 138.3873317
2988 2988 277.447666124
2989 2989 289.270502067
2990 2990 119.920056354
2991 2991 19.0234647722
2992 2992 463.1766645
2993 2993 44.6122463296
2994 2994 303.126446354
2995 2995 156.62769592
2996 2996 542.011485378
2997 2997 174.517929514
2998 2998 94.1056350383
2999 2999 131.0697732
3000 3000 0.00961989131085
