1 1 80.0088511631
2 2 0.00176085164997
3 3 314.517942062
4 4 598.159743053
5 5 513.889284584
6 6 0.0074243873002
7 7 254.987167595
8 8 243.550604105
9 9 476.354398574
10 10 0.00121853477838
11 11 0.00540667993322
12 12 0.00542031234793
13 13 0.00197648328737
14 14 0.00795499082799
15 15 0.00914595890665
16 16 166.273939231
17 17 476.885698185
18 18 617.064849964
19 19 477.262598132
20 20 484.91734774
21 21 466.656939411
22 22 313.713759393
23 23 374.406718789
24 24 385.037356642
25 25 98.5053547958
26 26 462.218113938
27 27 0.00453791128298
28 28 34.130720671
29 29 487.990727573
30 30 0.00618058321343
31 31 40.3483804451
32 32 423.544593895
33 33 199.892279266
34 34 0.00511387759592
35 35 32.5181066073
36 36 236.497555454
37 37 0.00731166986289
38 38 179.241851567
39 39 111.170903539
40 40 516.083550369
41 41 0.00951655251363
42 42 0.00350203369592
43 43 263.166776596
44 44 385.310883676
45 45 58.0561002417
46 46 0.00338595588443
47 47 0.00874334022262
48 48 97.6867337505
49 49 229.141558649
50 50 0.00563090603682
51 51 576.360995111
52 52 602.771190049
53 53 102.162220727
54 54 301.806345978
55 55 518.308086308
56 56 173.110692955
57 57 468.206507267
58 58 0.00783735017693
59 59 347.98087129
60 60 340.727260171
61 61 192.599412983
62 62 299.179248418
63 63 406.083680769
64 64 531.335023985
65 65 32.927672722
66 66 0.000596465870623
67 67 0.00545468667768
68 68 0.00142355104154
69 69 296.870026179
70 70 0.0029791492226
71 71 19.4760745755
72 72 169.311990887
73 73 51.3784747415
74 74 602.172496189
75 75 356.205050563
76 76 73.3333829014
77 77 146.451502058
78 78 90.088547889
79 79 14.9824563499
80 80 158.867245119
81 81 124.277874447
82 82 0.00654286365665
83 83 467.684729618
84 84 444.887915385
85 85 136.473652209
86 86 0.00538805070961
87 87 325.497188392
88 88 202.162394694
89 89 574.734165233
90 90 322.945304855
91 91 139.655602186
92 92 0.00150590525461
93 93 496.693171766
94 94 169.847850497
95 95 545.033723526
96 96 226.685765568
97 97 0.00313845054533
98 98 550.953861103
99 99 557.258314519
100 100 297.566262991
101 101 102.444630084
102 102 278.679419765
103 103 477.299051921
104 104 508.634335051
105 105 322.064457176
106 106 0.00197989786585
107 107 464.404823237
108 108 450.743985976
109 109 0.0097044433404
110 110 68.1161822623
111 111 323.708417468
112 112 43.2987926624
113 113 0.00544434079907
114 114 0.000293572804887
115 115 0.00822599362608
116 116 249.523339555
117 117 68.5899863571
118 118 0.00643555466924
119 119 135.184905506
120 120 363.442289485
121 121 334.170740782
122 122 52.3116125145
123 123 545.958096267
124 124 328.233270731
125 125 56.6536232008
126 126 233.816806674
127 127 252.8611362
128 128 296.255093109
129 129 231.171224029
130 130 113.804512143
131 131 538.987407352
132 132 395.411514194
133 133 434.266988958
134 134 351.110079345
135 135 0.00840056900971
136 136 362.915549946
137 137 0.00780603537863
138 138 0.00105212470165
139 139 0.00428654651246
140 140 566.576427968
141 141 6.44483374391
142 142 479.755477054
143 143 585.96815532
144 144 398.236206125
145 145 0.00699127262044
146 146 335.187768361
147 147 0.00655083693725
148 148 54.3939211776
149 149 190.612400032
150 150 0.00258877722398
151 151 45.1836565868
152 152 514.507036466
153 153 478.126381876
154 154 0.00549810164458
155 155 364.528593521
156 156 134.723758067
157 157 500.537889448
158 158 0.000887658774624
159 159 523.307985227
160 160 509.887979534
161 161 90.6420661704
162 162 0.00854101280029
163 163 252.697608778
164 164 318.587163388
165 165 0.0093725074691
166 166 167.555233428
167 167 5.44025555301
168 168 0.00302592975745
169 169 608.047998622
170 170 64.111929555
171 171 158.134335836
172 172 0.00664002731522
173 173 500.015530619
174 174 261.970906896
175 175 425.766233995
176 176 122.085192851
177 177 0.00249182871139
178 178 556.403218968
179 179 7.04061093305
180 180 0.00939998258179
181 181 66.0948190109
182 182 624.677725505
183 183 354.595763419
184 184 0.00380481572465
185 185 298.899636363
186 186 414.405704301
187 187 175.478701426
188 188 76.9318105893
189 189 0.00403786329692
190 190 196.426706708
191 191 342.636319121
192 192 287.330421888
193 193 475.97009468
194 194 490.846642797
195 195 193.69347478
196 196 276.393995272
197 197 613.609313422
198 198 302.306163143
199 199 403.762057485
200 200 234.452078411
201 201 124.254804844
202 202 340.990285579
203 203 321.582673415
204 204 101.671730661
205 205 0.00125273066609
206 206 481.473984717
207 207 266.149236494
208 208 0.00577862388006
209 209 342.987076361
210 210 383.351395824
211 211 0.0068770913341
212 212 372.29640668
213 213 460.448941909
214 214 115.939935996
215 215 482.588333256
216 216 353.075515064
217 217 231.198539394
218 218 85.2513767737
219 219 434.691263973
220 220 594.670364223
221 221 0.000560714305922
222 222 6.55614309934e-05
223 223 0.00174210253255
224 224 425.13204748
225 225 0.00361760663071
226 226 398.322800718
227 227 411.429464479
228 228 405.973490437
229 229 386.638517263
230 230 179.16279174
231 231 333.173068739
232 232 0.000271278797695
233 233 49.4581789934
234 234 47.1498890245
235 235 491.989242157
236 236 53.6989768953
237 237 0.00688784402142
238 238 527.07316769
239 239 587.711292226
240 240 375.199757247
241 241 0.00935867681361
242 242 379.540328852
243 243 137.343250427
244 244 0.00426487600869
245 245 517.52551699
246 246 121.910846996
247 247 76.0454950122
248 248 529.173792675
249 249 77.6639399763
250 250 0.00857920903661
251 251 130.21908176
252 252 288.776340833
253 253 0.00638953400123
254 254 0.00507086087466
255 255 0.00780476871675
256 256 0.00766561275377
257 257 519.236984788
258 258 135.401880201
259 259 0.00626068321234
260 260 42.4274820078
261 261 0.00926731513942
262 262 186.530211163
263 263 0.00176907201708
264 264 178.610216567
265 265 593.568826145
266 266 0.00871554663212
267 267 0.00292608116868
268 268 384.624270732
269 269 208.659476423
270 270 305.985988613
271 271 519.126750317
272 272 459.920751124
273 273 45.4523514484
274 274 0.00793838751284
275 275 299.381096315
276 276 118.23697715
277 277 494.870427359
278 278 450.233720912
279 279 402.329237667
280 280 142.922916152
281 281 0.000942365062094
282 282 108.454371031
283 283 0.00165487321427
284 284 517.31137811
285 285 0.00207251944225
286 286 0.00713618756532
287 287 249.466707504
288 288 619.057955957
289 289 0.00724930893927
290 290 366.631611253
291 291 521.452238469
292 292 0.00415596823789
293 293 259.255766808
294 294 364.451205389
295 295 235.285297247
296 296 522.222170124
297 297 379.882829166
298 298 28.0305725646
299 299 383.876245645
300 300 193.455153742
301 301 0.355018254606
302 302 620.1439185
303 303 165.047239943
304 304 307.469613854
305 305 0.00642336980259
306 306 266.860262036
307 307 385.398164599
308 308 458.80714159
309 309 254.597059245
310 310 613.657293847
311 311 0.00115637049709
312 312 0.00869631293227
313 313 148.480474004
314 314 497.560041039
315 315 0.00338892727695
316 316 43.2796815276
317 317 0.00149243773118
318 318 566.467311084
319 319 212.671068175
320 320 455.253682933
321 321 188.898563794
322 322 469.425365478
323 323 475.613841652
324 324 0.00653966167461
325 325 399.057992871
326 326 184.772691145
327 327 444.547386496
328 328 0.00531900223768
329 329 274.096716868
330 330 357.064251643
331 331 111.146446548
332 332 0.00772652830866
333 333 120.121093769
334 334 620.274419552
335 335 147.241815403
336 336 621.343985399
337 337 604.388735377
338 338 318.480696165
339 339 385.219456159
340 340 0.00573126311431
341 341 393.740356619
342 342 77.1191196252
343 343 497.411566071
344 344 249.399143019
345 345 0.00158938919532
346 346 256.302862952
347 347 544.202356182
348 348 0.00417629275794
349 349 0.00939349863238
350 350 0.00772753685688
351 351 60.3277823616
352 352 158.730030895
353 353 27.5088014144
354 354 354.190587045
355 355 234.791311528
356 356 552.038564773
357 357 211.858919792
358 358 579.466681746
359 359 428.471353046
360 360 59.1288787155
361 361 262.290908921
362 362 212.804945915
363 363 92.0113088938
364 364 0.00819266424864
365 365 105.470450058
366 366 0.000944364934717
367 367 0.00118529254201
368 368 579.102624796
369 369 534.26492434
370 370 320.633594159
371 371 407.762735614
372 372 0.0085439914426
373 373 463.773948367
374 374 211.704375468
375 375 0.00948735856369
376 376 0.00922204637194
377 377 0.00954009335384
378 378 496.389360068
379 379 513.870927877
380 380 539.834724741
381 381 252.250402626
382 382 604.741666208
383 383 538.38561779
384 384 517.967212845
385 385 503.562660438
386 386 198.165780538
387 387 35.6426954568
388 388 0.00522793425389
389 389 0.00319281070195
390 390 36.106358922
391 391 233.69605096
392 392 304.333245432
393 393 482.966755486
394 394 82.1270838001
395 395 536.004395105
396 396 413.138091546
397 397 0.000339777114094
398 398 471.680536268
399 399 372.288203022
400 400 394.79229376
401 401 335.062121252
402 402 347.665174219
403 403 371.249949569
404 404 618.653434215
405 405 366.696532733
406 406 498.225625925
407 407 405.778740156
408 408 460.167636167
409 409 0.000117728779829
410 410 419.240819372
411 411 0.00143437388525
412 412 448.634369968
413 413 376.377352999
414 414 479.989858438
415 415 241.589940186
416 416 0.00308457374228
417 417 0.00373773779924
418 418 583.445395438
419 419 0.00851164386891
420 420 277.5855947
421 421 341.224298843
422 422 464.779990375
423 423 521.807979727
424 424 518.881317236
425 425 0.00879560713563
426 426 0.00578842445492
427 427 298.981258172
428 428 201.370045504
429 429 517.341980717
430 430 625.274547124
431 431 0.00357616893595
432 432 0.000677897628732
433 433 515.48528697
434 434 242.120357267
435 435 0.00028066640912
436 436 197.674721145
437 437 0.00727490545775
438 438 232.177551547
439 439 0.00266035695626
440 440 410.163198552
441 441 263.301969494
442 442 543.609495054
443 443 0.00176040617261
444 444 46.2964996702
445 445 373.309693025
446 446 225.089113326
447 447 0.00132436126362
448 448 266.776145751
449 449 0.00872574964412
450 450 458.215798435
451 451 0.00219890558421
452 452 140.792433298
453 453 592.774492297
454 454 327.789703423
455 455 254.251556369
456 456 512.69549883
457 457 0.00558583312377
458 458 0.00754480570184
459 459 120.064492635
460 460 594.910841298
461 461 128.306925751
462 462 259.351103745
463 463 336.087022451
464 464 87.5854298287
465 465 590.36150156
466 466 63.9666597794
467 467 0.00214392104924
468 468 577.049604916
469 469 477.915712491
470 470 405.037974206
471 471 425.987798942
472 472 181.230874208
473 473 170.350866532
474 474 339.49556267
475 475 244.443114644
476 476 0.00561925846081
477 477 495.682742929
478 478 563.262150796
479 479 364.583039789
480 480 0.000270923954308
481 481 0.00491115818526
482 482 379.199148001
483 483 281.578304571
484 484 0.00658580641754
485 485 402.663250168
486 486 435.68787922
487 487 585.530478803
488 488 135.727972032
489 489 0.00192030058872
490 490 0.000700995236263
491 491 411.021366019
492 492 287.1321843
493 493 415.623467144
494 494 607.604840296
495 495 159.448783135
496 496 262.104210825
497 497 402.880929645
498 498 87.4810734818
499 499 0.00353341130631
500 500 96.9845408745
501 501 299.426370053
502 502 275.330709188
503 503 87.7039781411
504 504 217.458745218
505 505 395.057135207
506 506 607.424093314
507 507 558.432341572
508 508 606.37388795
509 509 270.875547498
510 510 592.858338225
511 511 608.4117459
512 512 187.737609908
513 513 179.72079764
514 514 10.0742637075
515 515 0.00225258185915
516 516 570.496389588
517 517 0.00165449148348
518 518 549.093031464
519 519 611.826577687
520 520 416.47641934
521 521 0.0055366217189
522 522 289.258489497
523 523 278.968595564
524 524 181.676731668
525 525 0.00702239749675
526 526 571.386821849
527 527 17.8993980797
528 528 0.00679902848419
529 529 373.065591758
530 530 0.00556387732666
531 531 459.622298367
532 532 130.256994547
533 533 474.938577769
534 534 114.232870804
535 535 0.00420800180874
536 536 43.8183501001
537 537 294.050598975
538 538 272.331787729
539 539 544.55097262
540 540 0.00932880126971
541 541 0.00947688151516
542 542 296.509312687
543 543 0.00441030943922
544 544 0.00422111086926
545 545 0.00475884887081
546 546 280.65410913
547 547 592.32005016
548 548 0.00401290923747
549 549 560.550418843
550 550 83.4545253331
551 551 0.00696570663057
552 552 89.7438886304
553 553 296.046730747
554 554 39.2646588517
555 555 262.635374634
556 556 0.00974653271115
557 557 19.5552659551
558 558 59.6923097448
559 559 257.832268206
560 560 349.901797579
561 561 174.575551353
562 562 310.728498842
563 563 226.130463993
564 564 435.466537994
565 565 256.977386892
566 566 120.347813583
567 567 28.8606904865
568 568 199.882965685
569 569 543.371247007
570 570 470.99030993
571 571 599.53532812
572 572 169.929010586
573 573 0.00638625038225
574 574 251.238678353
575 575 418.939466621
576 576 0.000532002256304
577 577 0.00788650502001
578 578 150.670955428
579 579 149.971163185
580 580 424.926353247
581 581 62.4870210997
582 582 250.10690342
583 583 79.4248636596
584 584 34.141872968
585 585 127.009688751
586 586 322.964228352
587 587 469.083445384
588 588 0.00974903454674
589 589 399.015422673
590 590 0.00834786311525
591 591 0.00418856085293
592 592 33.6500379856
593 593 346.490292808
594 594 0.00246258093231
595 595 10.980739519
596 596 265.721796073
597 597 228.353814697
598 598 554.166851843
599 599 363.142334856
600 600 166.428308194
601 601 328.982337692
602 602 439.533839286
603 603 508.83941906
604 604 8.28613620191
605 605 392.762742474
606 606 0.00282895777009
607 607 474.052981536
608 608 0.00964158781023
609 609 480.900046206
610 610 617.727922318
611 611 125.023357909
612 612 589.91943565
613 613 0.00866684607453
614 614 148.263014363
615 615 267.360227461
616 616 166.022979252
617 617 478.259461613
618 618 266.870527919
619 619 104.425490129
620 620 379.199147218
621 621 204.442164642
622 622 162.366421149
623 623 221.897415436
624 624 0.00416631999888
625 625 48.3209454532
626 626 266.930894167
627 627 0.00480287376557
628 628 0.0065446216468
629 629 171.54538285
630 630 41.720654436
631 631 239.353262993
632 632 368.67134471
633 633 33.9296652368
634 634 0.00219889322771
635 635 107.420818418
636 636 234.631911834
637 637 455.979547652
638 638 376.660659944
639 639 228.30864398
640 640 0.00491380028916
641 641 0.000229206560729
642 642 152.706076773
643 643 254.590465378
644 644 477.28604653
645 645 142.992774349
646 646 316.741576527
647 647 0.00417580043055
648 648 520.182006232
649 649 308.755371186
650 650 371.888877754
651 651 601.752595814
652 652 32.3347001659
653 653 376.514458881
654 654 193.840941025
655 655 319.44328678
656 656 392.086370722
657 657 567.29620862
658 658 174.803475354
659 659 0.00358570335902
660 660 146.635491736
661 661 241.19683197
662 662 360.661493061
663 663 444.675175798
664 664 330.553054427
665 665 103.910148405
666 666 427.998303201
667 667 361.946714891
668 668 0.00785243861074
669 669 0.00436486049439
670 670 566.866998892
671 671 34.4335248608
672 672 501.797074037
673 673 0.0070022458922
674 674 181.865517764
675 675 607.623676004
676 676 0.00705465314699
677 677 92.9926725095
678 678 444.584229791
679 679 89.3764410182
680 680 28.0102329049
681 681 185.920704269
682 682 147.505871995
683 683 76.9312977348
684 684 0.00971952450565
685 685 22.4509827875
686 686 0.00870921376036
687 687 0.00792838058675
688 688 0.00310894513509
689 689 0.000217132030414
690 690 519.288608385
691 691 24.844909482
692 692 621.030257662
693 693 413.281708377
694 694 192.811704472
695 695 581.393564412
696 696 478.916232986
697 697 481.772872647
698 698 517.108549128
699 699 327.335954031
700 700 6.90109647902e-05
701 701 444.423273364
702 702 95.2319793571
703 703 0.00390297196142
704 704 334.624290022
705 705 42.6716827944
706 706 411.33595555
707 707 283.422005906
708 708 535.716834177
709 709 0.00292200596655
710 710 0.0088098158612
711 711 438.660927367
712 712 207.841322224
713 713 19.3986810168
714 714 0.0025432440125
715 715 489.980701829
716 716 210.344406335
717 717 177.360515197
718 718 0.00723369532889
719 719 384.215550287
720 720 500.19407761
721 721 292.328763567
722 722 315.657087874
723 723 281.992522794
724 724 0.00098973846552
725 725 463.213361115
726 726 0.00417416136057
727 727 361.386639536
728 728 303.321069805
729 729 168.694553049
730 730 103.444470891
731 731 0.00947747874406
732 732 223.308629639
733 733 271.360768671
734 734 0.00477750046947
735 735 423.734845957
736 736 484.495351013
737 737 0.00891281294394
738 738 175.267640468
739 739 623.067565378
740 740 446.120884896
741 741 157.340471793
742 742 177.128822107
743 743 0.00777639166864
744 744 11.2292557051
745 745 516.283398674
746 746 476.279646628
747 747 0.00786538427857
748 748 113.854245017
749 749 0.00632603833534
750 750 596.149039292
751 751 518.635156672
752 752 0.00461828954697
753 753 0.709955727503
754 754 0.00689597211142
755 755 339.874553177
756 756 0.00666427999042
757 757 309.954198782
758 758 418.645363821
759 759 546.660105911
760 760 0.00983042243006
761 761 0.00347903402066
762 762 0.000857746495217
763 763 400.489590866
764 764 312.367698737
765 765 0.000642081322592
766 766 0.00194882476433
767 767 358.812891147
768 768 451.036468738
769 769 571.589798121
770 770 0.00686352798913
771 771 602.872389751
772 772 497.752682089
773 773 610.330304724
774 774 344.45878919
775 775 197.802875892
776 776 244.780601866
777 777 0.00478055345083
778 778 606.788425742
779 779 0.00186261144229
780 780 19.9695227871
781 781 506.902832586
782 782 496.746902775
783 783 0.00658053898636
784 784 150.474909572
785 785 0.00739773032352
786 786 581.752562321
787 787 255.915200309
788 788 0.00679922233644
789 789 390.274270633
790 790 0.00693148306957
791 791 149.161569974
792 792 0.000772473847301
793 793 26.3509229018
794 794 419.647384497
795 795 0.0040298543979
796 796 0.00030660316955
797 797 547.702567175
798 798 342.733701951
799 799 0.00143020147831
800 800 0.00502638506879
801 801 241.204675753
802 802 497.496565528
803 803 550.096985733
804 804 230.021329242
805 805 80.5016820307
806 806 393.364417888
807 807 455.743681525
808 808 313.233715356
809 809 215.626677643
810 810 371.133006784
811 811 125.071841659
812 812 72.719882429
813 813 408.881346559
814 814 625.717566338
815 815 360.200472842
816 816 250.015772793
817 817 295.907970691
818 818 0.00769784467389
819 819 128.501954844
820 820 403.376299323
821 821 106.411796131
822 822 247.177651176
823 823 193.803832083
824 824 408.053229123
825 825 24.5929638304
826 826 161.756737449
827 827 609.522920672
828 828 374.622212547
829 829 406.493353849
830 830 0.00676369687764
831 831 178.897180336
832 832 176.300307736
833 833 0.00722463847555
834 834 159.606472883
835 835 376.067825325
836 836 388.394495511
837 837 343.904899108
838 838 543.616476889
839 839 582.586422083
840 840 411.946270229
841 841 352.688475978
842 842 598.251850506
843 843 203.020292599
844 844 208.477159371
845 845 0.00697019129512
846 846 8.08468514575
847 847 122.557819279
848 848 432.590979442
849 849 361.132931722
850 850 0.0061998926011
851 851 0.00243605958412
852 852 381.46643459
853 853 163.271189953
854 854 617.444394001
855 855 0.00897375477341
856 856 59.8680030122
857 857 339.979046505
858 858 394.556121617
859 859 39.9614041242
860 860 335.037543335
861 861 250.251206343
862 862 285.814736626
863 863 0.00732040522162
864 864 594.764439035
865 865 38.9164084155
866 866 214.885998289
867 867 300.175111361
868 868 7.01387378901
869 869 370.050695647
870 870 202.829817598
871 871 608.187076981
872 872 435.48210818
873 873 0.00874537582778
874 874 618.894820952
875 875 0.00677913527352
876 876 453.437079973
877 877 527.568424242
878 878 0.000489346510445
879 879 134.092570607
880 880 468.120943372
881 881 266.688150701
882 882 223.286632011
883 883 36.3690755852
884 884 609.315779152
885 885 0.00731903833107
886 886 138.809679746
887 887 556.719553472
888 888 556.954018993
889 889 408.560778634
890 890 60.5870224116
891 891 495.075377477
892 892 531.866557888
893 893 558.908169856
894 894 575.852846177
895 895 0.00842305309273
896 896 202.315320358
897 897 581.096002156
898 898 270.719118736
899 899 235.120223001
900 900 569.269137758
901 901 0.0041835646285
902 902 240.762051793
903 903 0.00568788121643
904 904 88.5411295031
905 905 472.620750779
906 906 206.260900764
907 907 215.445187485
908 908 175.538114394
909 909 534.163401823
910 910 233.971921636
911 911 21.9980789592
912 912 399.365549048
913 913 527.477246757
914 914 275.231297584
915 915 541.82239928
916 916 115.961179161
917 917 85.0907398202
918 918 444.947061578
919 919 0.00515079959243
920 920 255.588406575
921 921 296.335360642
922 922 108.96091881
923 923 540.916095086
924 924 437.276790539
925 925 156.420549858
926 926 0.00704933962906
927 927 361.607238875
928 928 538.47925746
929 929 569.109772145
930 930 46.4939908929
931 931 0.00725281868877
932 932 0.00198059634512
933 933 111.533708453
934 934 102.467713405
935 935 582.727882009
936 936 508.197518496
937 937 276.880789316
938 938 0.00030726922195
939 939 0.00680520294863
940 940 499.916584341
941 941 107.413932729
942 942 608.503984098
943 943 462.689828555
944 944 280.92531117
945 945 0.0037949024494
946 946 118.882796784
947 947 0.000150512625303
948 948 554.096292322
949 949 240.206956277
950 950 319.910399228
951 951 454.379925891
952 952 0.00319923562243
953 953 524.491149032
954 954 131.543235481
955 955 25.5372174929
956 956 251.205052657
957 957 615.487780996
958 958 368.584983378
959 959 0.00139454530206
960 960 0.0085009894481
961 961 0.000671358261693
962 962 597.428394557
963 963 24.5414985121
964 964 395.878035167
965 965 301.871758985
966 966 573.93240996
967 967 603.499604227
968 968 558.672770493
969 969 470.208718024
970 970 485.719042245
971 971 104.11281904
972 972 0.0015190411296
973 973 0.00465370883873
974 974 0.00803740132205
975 975 0.00458925429052
976 976 378.034282515
977 977 146.432873127
978 978 103.315209647
979 979 236.992304221
980 980 360.602716075
981 981 122.455411301
982 982 541.364583868
983 983 400.185379411
984 984 348.435432039
985 985 0.00179243363042
986 986 58.0698727157
987 987 450.273333632
988 988 0.00315045197707
989 989 493.90091555
990 990 498.096405734
991 991 544.694367265
992 992 113.762996315
993 993 369.845036969
994 994 301.183449615
995 995 279.911087481
996 996 0.00461855419388
997 997 51.0844861776
998 998 0.00208212645473
999 999 65.0763281791
1000 1000 470.371584688
1001 1001 89.9364098084
1002 1002 176.27551508
1003 1003 520.503930091
1004 1004 0.00219305528575
1005 1005 296.226322769
1006 1006 420.529626104
1007 1007 209.987176402
1008 1008 45.4956183015
1009 1009 399.820202959
1010 1010 143.010903086
1011 1011 0.00363079383855
1012 1012 0.009282296067
1013 1013 410.244203252
1014 1014 35.5116146499
1015 1015 280.537680618
1016 1016 382.256827092
1017 1017 395.645464691
1018 1018 597.420722584
1019 1019 579.568855316
1020 1020 448.675727082
1021 1021 485.734119434
1022 1022 0.00221189198248
1023 1023 0.00732037763298
1024 1024 358.928783255
1025 1025 456.41713061
1026 1026 0.00200317801183
1027 1027 0.00819046878755
1028 1028 105.30275155
1029 1029 622.063445021
1030 1030 0.000202495279459
1031 1031 555.411093957
1032 1032 0.00235877706313
1033 1033 305.579389289
1034 1034 587.932180608
1035 1035 612.672472429
1036 1036 333.684156793
1037 1037 186.093179881
1038 1038 379.64361777
1039 1039 122.483704741
1040 1040 0.00326509567977
1041 1041 79.6408807942
1042 1042 125.760256681
1043 1043 560.558564552
1044 1044 190.79491147
1045 1045 0.0079172757714
1046 1046 391.21796168
1047 1047 261.22444113
1048 1048 0.00181051923523
1049 1049 239.76512576
1050 1050 27.1209491296
1051 1051 0.00371513073487
1052 1052 12.0457134817
1053 1053 9.14091762511
1054 1054 0.00634357734726
1055 1055 261.647799457
1056 1056 522.282994266
1057 1057 541.741499495
1058 1058 360.162946779
1059 1059 101.617924731
1060 1060 346.826980495
1061 1061 231.085456787
1062 1062 214.665648569
1063 1063 606.109537063
1064 1064 180.200336367
1065 1065 0.00221204185321
1066 1066 266.18659338
1067 1067 0.00981403632946
1068 1068 369.217783251
1069 1069 69.9291414979
1070 1070 560.472005336
1071 1071 476.077918498
1072 1072 347.200390816
1073 1073 100.702045447
1074 1074 42.5872836135
1075 1075 479.317141689
1076 1076 566.053823477
1077 1077 0.00609782491484
1078 1078 279.630445562
1079 1079 0.00933183701764
1080 1080 170.080400878
1081 1081 68.0360903385
1082 1082 244.410428272
1083 1083 607.206429774
1084 1084 195.385567348
1085 1085 607.386806821
1086 1086 0.00933267817554
1087 1087 277.254720323
1088 1088 210.621793566
1089 1089 25.2398154831
1090 1090 0.00494536698215
1091 1091 0.00323439531349
1092 1092 256.546370844
1093 1093 0.00741580579348
1094 1094 65.538688643
1095 1095 604.579999798
1096 1096 0.000338729101316
1097 1097 170.507521141
1098 1098 333.110074908
1099 1099 436.755585043
1100 1100 84.9934470238
1101 1101 187.265655657
1102 1102 340.350414197
1103 1103 0.005576867719
1104 1104 0.00474926382007
1105 1105 0.00268168720137
1106 1106 0.0086339102411
1107 1107 443.551966432
1108 1108 0.00442832850066
1109 1109 10.3614407107
1110 1110 77.2702350264
1111 1111 295.752614745
1112 1112 33.5790070901
1113 1113 2.42048707354
1114 1114 339.582789572
1115 1115 0.000825077138504
1116 1116 269.576461492
1117 1117 384.734627556
1118 1118 204.291724
1119 1119 0.000135641731531
1120 1120 306.458634014
1121 1121 11.0847139885
1122 1122 558.870559068
1123 1123 0.00062977809099
1124 1124 530.045895903
1125 1125 593.499233236
1126 1126 577.823871554
1127 1127 421.570873366
1128 1128 379.109920669
1129 1129 517.608139994
1130 1130 466.79957236
1131 1131 0.907355056371
1132 1132 430.644887465
1133 1133 609.410386407
1134 1134 456.27526525
1135 1135 440.984690391
1136 1136 313.453102929
1137 1137 38.2076998897
1138 1138 409.577239981
1139 1139 343.418937006
1140 1140 126.101278005
1141 1141 584.361126495
1142 1142 471.517859157
1143 1143 0.00511064134978
1144 1144 107.134620356
1145 1145 0.00506167742327
1146 1146 0.00908872486109
1147 1147 261.394375205
1148 1148 0.00865993723914
1149 1149 132.069153992
1150 1150 407.185256601
1151 1151 265.651843372
1152 1152 0.00268523223534
1153 1153 574.025501483
1154 1154 0.00355112803041
1155 1155 462.965662922
1156 1156 126.891354959
1157 1157 448.401204013
1158 1158 0.00235537769714
1159 1159 10.0417881494
1160 1160 534.813628378
1161 1161 420.975516711
1162 1162 29.849465318
1163 1163 139.361429513
1164 1164 0.00712605676828
1165 1165 42.5835612138
1166 1166 0.0033407884533
1167 1167 0.0010081022982
1168 1168 608.454733964
1169 1169 187.659803731
1170 1170 295.484351033
1171 1171 431.324946654
1172 1172 0.00285677060141
1173 1173 287.474780456
1174 1174 615.960911526
1175 1175 85.1815468521
1176 1176 0.00980486888972
1177 1177 0.00302137610938
1178 1178 58.862594143
1179 1179 364.933177365
1180 1180 575.707850001
1181 1181 0.00883200234421
1182 1182 0.00708763877576
1183 1183 480.600183843
1184 1184 0.00490957489716
1185 1185 487.953031822
1186 1186 0.00452358931251
1187 1187 231.276601152
1188 1188 0.0072402394211
1189 1189 603.364067404
1190 1190 0.000170120529397
1191 1191 560.434053379
1192 1192 0.0050979465478
1193 1193 495.20465697
1194 1194 482.375009957
1195 1195 388.676408117
1196 1196 78.3674905404
1197 1197 504.302540422
1198 1198 35.3491696487
1199 1199 216.26749876
1200 1200 0.00566249665792
1201 1201 625.0291007
1202 1202 426.749361162
1203 1203 616.067243094
1204 1204 0.00484444912838
1205 1205 470.141145373
1206 1206 0.00638584731057
1207 1207 0.00152695107594
1208 1208 256.724901858
1209 1209 0.00462041038383
1210 1210 0.00376072362114
1211 1211 515.660856319
1212 1212 20.800231399
1213 1213 0.00298410895053
1214 1214 484.773672315
1215 1215 114.326511461
1216 1216 0.00512736619265
1217 1217 193.074677582
1218 1218 484.959427529
1219 1219 454.556572923
1220 1220 9.97905164177
1221 1221 144.528386848
1222 1222 0.00386193363786
1223 1223 0.00860480239726
1224 1224 615.734230022
1225 1225 124.134837525
1226 1226 578.141803583
1227 1227 128.043937965
1228 1228 0.00669331345902
1229 1229 226.964039285
1230 1230 0.00685304110484
1231 1231 0.00486948968109
1232 1232 179.200456351
1233 1233 0.00845605420403
1234 1234 431.572739556
1235 1235 583.319855383
1236 1236 0.00336211131569
1237 1237 73.1800990059
1238 1238 340.098456167
1239 1239 321.42251335
1240 1240 166.413458893
1241 1241 534.188883625
1242 1242 579.957614106
1243 1243 394.27629101
1244 1244 0.00957240208092
1245 1245 21.6389222288
1246 1246 364.493305807
1247 1247 0.00630952502983
1248 1248 218.224538567
1249 1249 247.338565401
1250 1250 0.00439375578947
1251 1251 166.830715829
1252 1252 490.612236905
1253 1253 297.285680826
1254 1254 286.385392754
1255 1255 621.745707115
1256 1256 529.913920772
1257 1257 295.838099079
1258 1258 274.712183288
1259 1259 59.4809025185
1260 1260 0.00934739670967
1261 1261 35.0051374894
1262 1262 74.1407011775
1263 1263 482.912726342
1264 1264 0.00252256765904
1265 1265 18.1695740124
1266 1266 251.984340647
1267 1267 316.067876515
1268 1268 580.6164652
1269 1269 138.713822198
1270 1270 0.00506252185422
1271 1271 186.025559547
1272 1272 427.756724304
1273 1273 113.86615212
1274 1274 600.833745752
1275 1275 214.248532416
1276 1276 0.00912934232432
1277 1277 0.00287862931262
1278 1278 424.85712283
1279 1279 491.557576142
1280 1280 316.217282199
1281 1281 135.646093883
1282 1282 167.640236753
1283 1283 436.48474906
1284 1284 0.00622594658703
1285 1285 186.230952949
1286 1286 331.917212035
1287 1287 514.99244386
1288 1288 217.586229228
1289 1289 133.954223585
1290 1290 389.371842221
1291 1291 2.10160534104
1292 1292 114.582558822
1293 1293 555.201223651
1294 1294 0.000134945718623
1295 1295 0.00917130084159
1296 1296 0.00909679656888
1297 1297 66.2519450091
1298 1298 265.626209784
1299 1299 382.452423841
1300 1300 0.000791204564088
1301 1301 491.516545395
1302 1302 299.633777629
1303 1303 44.0923049288
1304 1304 616.229439774
1305 1305 295.890659497
1306 1306 0.0036822726834
1307 1307 0.00704998573663
1308 1308 574.130346694
1309 1309 0.00680570914288
1310 1310 371.268313722
1311 1311 488.794610228
1312 1312 236.336625814
1313 1313 3.71799504604e-05
1314 1314 0.00722257901329
1315 1315 553.324999321
1316 1316 303.006646679
1317 1317 0.00682642592305
1318 1318 608.595052249
1319 1319 452.870909218
1320 1320 399.159380976
1321 1321 266.558880149
1322 1322 193.926358034
1323 1323 0.00341428155772
1324 1324 461.269601415
1325 1325 0.00998027938235
1326 1326 268.123812981
1327 1327 480.705622073
1328 1328 440.926825364
1329 1329 335.442058144
1330 1330 583.482516567
1331 1331 109.952898088
1332 1332 11.3362966304
1333 1333 182.439064838
1334 1334 23.4925811695
1335 1335 392.356421345
1336 1336 124.409745087
1337 1337 111.957760772
1338 1338 256.995497243
1339 1339 582.815623179
1340 1340 613.861073167
1341 1341 583.38002462
1342 1342 358.310696947
1343 1343 397.181400488
1344 1344 477.977143302
1345 1345 36.6469826619
1346 1346 207.130100546
1347 1347 115.671905615
1348 1348 247.015999179
1349 1349 488.549803438
1350 1350 432.6068309
1351 1351 266.415026933
1352 1352 541.785104919
1353 1353 377.812035803
1354 1354 284.080545768
1355 1355 69.1838281478
1356 1356 317.886345978
1357 1357 11.0084298917
1358 1358 14.0214248834
1359 1359 29.7732505566
1360 1360 0.00197758694098
1361 1361 486.274063076
1362 1362 189.230522487
1363 1363 452.631619774
1364 1364 0.00419593798143
1365 1365 625.888824182
1366 1366 0.00597816749427
1367 1367 0.00169525067816
1368 1368 75.8520116553
1369 1369 0.000138315188097
1370 1370 308.509989835
1371 1371 595.238395551
1372 1372 585.656202228
1373 1373 281.041434962
1374 1374 91.9199896973
1375 1375 0.00420188454195
1376 1376 595.471179268
1377 1377 439.191690149
1378 1378 0.00595978216163
1379 1379 579.685842492
1380 1380 0.00721033580447
1381 1381 146.819736792
1382 1382 0.00502365235602
1383 1383 0.00833914507612
1384 1384 373.827987135
1385 1385 0.00985125543673
1386 1386 0.00518741004555
1387 1387 258.505954645
1388 1388 293.25142099
1389 1389 408.070285998
1390 1390 569.976329252
1391 1391 0.00691691691778
1392 1392 110.29145711
1393 1393 14.8755998555
1394 1394 0.00768749361362
1395 1395 95.2293049306
1396 1396 599.663961679
1397 1397 0.000306681956318
1398 1398 274.843856502
1399 1399 111.477968298
1400 1400 598.940313044
1401 1401 263.887051521
1402 1402 611.634749143
1403 1403 0.00456604747428
1404 1404 45.9583815248
1405 1405 167.648508854
1406 1406 51.4061252073
1407 1407 395.484085473
1408 1408 448.66507169
1409 1409 146.891211394
1410 1410 497.705527462
1411 1411 190.273779277
1412 1412 457.645852196
1413 1413 404.676853975
1414 1414 278.241762511
1415 1415 304.290288943
1416 1416 15.2787871682
1417 1417 169.657827399
1418 1418 520.897604823
1419 1419 88.6222473594
1420 1420 15.688794014
1421 1421 177.694376129
1422 1422 341.950251749
1423 1423 90.1083974638
1424 1424 83.2509333936
1425 1425 300.580942154
1426 1426 480.731798428
1427 1427 8.49618670732e-05
1428 1428 166.846457198
1429 1429 105.280233366
1430 1430 338.671733838
1431 1431 0.00941143610576
1432 1432 339.258923093
1433 1433 8.16204032931
1434 1434 395.796023008
1435 1435 195.559326448
1436 1436 599.771669016
1437 1437 308.741229649
1438 1438 8.63455445944
1439 1439 248.453285113
1440 1440 58.7527918631
1441 1441 0.00671574664527
1442 1442 361.264813518
1443 1443 478.533304799
1444 1444 486.640060611
1445 1445 413.111486153
1446 1446 0.00134066585795
1447 1447 598.408702632
1448 1448 124.032478831
1449 1449 0.00423725479185
1450 1450 0.00571858671637
1451 1451 0.00518281611817
1452 1452 221.32773714
1453 1453 79.3051962412
1454 1454 411.972431087
1455 1455 0.000937365286246
1456 1456 124.760384471
1457 1457 444.451177242
1458 1458 457.000432749
1459 1459 317.399518011
1460 1460 64.1614099991
1461 1461 594.174232532
1462 1462 309.606797977
1463 1463 385.400406257
1464 1464 437.624899136
1465 1465 0.00305694578048
1466 1466 516.707936583
1467 1467 564.564193915
1468 1468 321.465107723
1469 1469 248.334386197
1470 1470 193.439259533
1471 1471 459.544019682
1472 1472 0.00931083853643
1473 1473 0.00636773907359
1474 1474 374.402613763
1475 1475 591.444749687
1476 1476 101.515140777
1477 1477 0.00825257632551
1478 1478 421.528433528
1479 1479 173.586446729
1480 1480 0.000523970976686
1481 1481 0.00234168299842
1482 1482 0.00123289479224
1483 1483 301.672490566
1484 1484 353.340010704
1485 1485 291.046470594
1486 1486 0.00462205289965
1487 1487 348.530290514
1488 1488 187.310808986
1489 1489 163.479275784
1490 1490 457.111736172
1491 1491 0.00222199804593
1492 1492 0.00422982202976
1493 1493 227.914705246
1494 1494 0.00249878913455
1495 1495 574.143732673
1496 1496 514.085077077
1497 1497 592.593087018
1498 1498 0.0053412039134
1499 1499 273.038701052
1500 1500 332.747188829
1501 1501 303.584444163
1502 1502 510.082473401
1503 1503 402.445179949
1504 1504 494.663845281
1505 1505 385.990887809
1506 1506 464.59866664
1507 1507 460.815928584
1508 1508 166.787457646
1509 1509 451.149286458
1510 1510 0.00151675515863
1511 1511 0.00121662486106
1512 1512 235.005054758
1513 1513 0.00693146239839
1514 1514 362.10382007
1515 1515 116.857055403
1516 1516 211.485183516
1517 1517 99.3949510037
1518 1518 619.854184692
1519 1519 71.8651294601
1520 1520 0.00498076348113
1521 1521 215.373949451
1522 1522 286.822748281
1523 1523 324.531072305
1524 1524 435.238331904
1525 1525 139.17590717
1526 1526 405.334597367
1527 1527 296.403472818
1528 1528 46.200426426
1529 1529 298.428313335
1530 1530 316.843089052
1531 1531 295.085076905
1532 1532 324.516839132
1533 1533 0.00540718339538
1534 1534 0.00390583419299
1535 1535 47.7214566009
1536 1536 359.475027309
1537 1537 0.000417638480672
1538 1538 285.994058546
1539 1539 336.979988385
1540 1540 0.00147624995152
1541 1541 356.430110548
1542 1542 534.217492384
1543 1543 623.494592797
1544 1544 119.95681185
1545 1545 0.00638769045578
1546 1546 0.00823986977057
1547 1547 0.873178520773
1548 1548 426.826483387
1549 1549 287.62084362
1550 1550 523.994828754
1551 1551 504.586186052
1552 1552 616.447725413
1553 1553 49.014046977
1554 1554 39.751712256
1555 1555 522.361057381
1556 1556 284.48901108
1557 1557 46.1411552219
1558 1558 357.112433533
1559 1559 0.00609300781176
1560 1560 64.5512051305
1561 1561 531.933789297
1562 1562 0.00598324162718
1563 1563 573.368632389
1564 1564 591.628520147
1565 1565 583.492381011
1566 1566 122.420905316
1567 1567 0.00567905254673
1568 1568 173.601385
1569 1569 557.695595422
1570 1570 186.491514134
1571 1571 0.000281805990171
1572 1572 270.534029243
1573 1573 362.98801873
1574 1574 355.004921694
1575 1575 0.00861554019556
1576 1576 313.343579724
1577 1577 285.051398917
1578 1578 26.3037473412
1579 1579 166.796083831
1580 1580 120.276083637
1581 1581 310.803555936
1582 1582 611.79759472
1583 1583 545.399945249
1584 1584 0.00730013982582
1585 1585 19.3493249296
1586 1586 215.219747772
1587 1587 328.3681393
1588 1588 75.5323396628
1589 1589 545.961688639
1590 1590 161.813420962
1591 1591 53.6563329538
1592 1592 92.2963552525
1593 1593 154.780931356
1594 1594 101.424618228
1595 1595 585.73425252
1596 1596 114.818994363
1597 1597 202.147577069
1598 1598 432.760884741
1599 1599 189.120459578
1600 1600 511.870484726
1601 1601 185.783309152
1602 1602 324.541727728
1603 1603 309.603116428
1604 1604 545.47263209
1605 1605 621.318053339
1606 1606 0.00304709165043
1607 1607 377.559793414
1608 1608 370.47953451
1609 1609 0.00264214897464
1610 1610 493.588039063
1611 1611 218.167600251
1612 1612 410.897932061
1613 1613 213.575363994
1614 1614 0.00948990542855
1615 1615 98.2291342162
1616 1616 212.953588543
1617 1617 0.00515624485029
1618 1618 0.00479049827398
1619 1619 69.1779638328
1620 1620 411.280173947
1621 1621 0.00744100936684
1622 1622 0.00964654020383
1623 1623 0.00541609107156
1624 1624 270.876341194
1625 1625 492.432305725
1626 1626 417.61932711
1627 1627 90.6995518881
1628 1628 332.638246105
1629 1629 0.00878598321091
1630 1630 51.6819818292
1631 1631 126.940333602
1632 1632 398.637493622
1633 1633 0.00509146196251
1634 1634 0.000497742134377
1635 1635 0.00447764955281
1636 1636 1.78090470788
1637 1637 12.9476677695
1638 1638 40.7137395924
1639 1639 419.468088781
1640 1640 359.979688482
1641 1641 156.651433876
1642 1642 111.289618185
1643 1643 463.339417086
1644 1644 255.511808382
1645 1645 0.00220383214378
1646 1646 286.064706694
1647 1647 395.599478792
1648 1648 313.732962765
1649 1649 506.803299927
1650 1650 0.00635241095887
1651 1651 0.00668578745137
1652 1652 173.874969897
1653 1653 612.192342268
1654 1654 574.917213242
1655 1655 418.477634498
1656 1656 0.00811230871798
1657 1657 245.695802792
1658 1658 619.783407065
1659 1659 91.552868471
1660 1660 387.068257021
1661 1661 567.935750722
1662 1662 543.718028698
1663 1663 0.00990864576371
1664 1664 609.528068085
1665 1665 418.271368522
1666 1666 0.00974505114754
1667 1667 242.042856015
1668 1668 0.0035771889838
1669 1669 0.00881851771473
1670 1670 0.0014779461713
1671 1671 142.974298601
1672 1672 229.110978869
1673 1673 0.0078411330952
1674 1674 423.868758259
1675 1675 0.0021473554357
1676 1676 0.00466904736058
1677 1677 0.00555264795695
1678 1678 224.551465866
1679 1679 611.353789322
1680 1680 300.135354951
1681 1681 152.474034247
1682 1682 73.3757229741
1683 1683 0.00354070008816
1684 1684 612.768610649
1685 1685 518.688511623
1686 1686 266.877551666
1687 1687 97.5907980403
1688 1688 138.94324645
1689 1689 112.748812904
1690 1690 53.6135508118
1691 1691 195.261727505
1692 1692 0.00406614724647
1693 1693 39.6948828353
1694 1694 442.097783818
1695 1695 281.237168363
1696 1696 193.590339936
1697 1697 0.00472341737496
1698 1698 0.0038323969652
1699 1699 95.8350391508
1700 1700 56.5261327445
1701 1701 167.194105861
1702 1702 0.00541381059226
1703 1703 0.00257422144216
1704 1704 366.252113149
1705 1705 342.176181044
1706 1706 79.8662864088
1707 1707 29.6076133432
1708 1708 0.00843001122776
1709 1709 0.0099711739535
1710 1710 17.6500083277
1711 1711 515.416544589
1712 1712 38.6932691705
1713 1713 0.00993375637527
1714 1714 0.00437938620532
1715 1715 0.00786100766989
1716 1716 0.00929959968767
1717 1717 574.038701973
1718 1718 28.9825466626
1719 1719 0.00940058837722
1720 1720 224.246596315
1721 1721 244.881114332
1722 1722 0.00570642685317
1723 1723 0.00597651837533
1724 1724 0.00300436830443
1725 1725 478.16179647
1726 1726 474.007457417
1727 1727 267.092432697
1728 1728 546.226906474
1729 1729 425.534235036
1730 1730 135.177026237
1731 1731 573.040913029
1732 1732 30.4013537476
1733 1733 530.244560596
1734 1734 592.859367017
1735 1735 205.562990601
1736 1736 0.00466412358268
1737 1737 0.0085103987922
1738 1738 0.00239104433909
1739 1739 545.932818978
1740 1740 238.61285537
1741 1741 30.4277927815
1742 1742 162.754714563
1743 1743 606.41351964
1744 1744 111.281738103
1745 1745 601.35004411
1746 1746 0.00886794615638
1747 1747 0.000777588099092
1748 1748 346.996808884
1749 1749 27.9215405795
1750 1750 533.313488819
1751 1751 507.493984074
1752 1752 0.00874301888161
1753 1753 571.007343747
1754 1754 43.7019109999
1755 1755 0.00789408364083
1756 1756 0.00304427890411
1757 1757 436.357118402
1758 1758 234.711871852
1759 1759 0.00724435491434
1760 1760 465.716324649
1761 1761 329.584499893
1762 1762 0.00685175313239
1763 1763 605.635672102
1764 1764 0.00691102062713
1765 1765 618.16207108
1766 1766 172.122025182
1767 1767 136.901575316
1768 1768 0.00596600841599
1769 1769 580.94482086
1770 1770 202.847320061
1771 1771 16.7088680937
1772 1772 513.585654469
1773 1773 8.03893512635
1774 1774 546.711073894
1775 1775 516.72910369
1776 1776 15.4493290855
1777 1777 370.283526088
1778 1778 0.000186130151822
1779 1779 151.067812559
1780 1780 311.31074669
1781 1781 100.162699527
1782 1782 70.074582804
1783 1783 270.280006387
1784 1784 36.6712828473
1785 1785 625.493470101
1786 1786 561.321741279
1787 1787 514.118713788
1788 1788 454.058740593
1789 1789 323.587366186
1790 1790 334.653408872
1791 1791 415.082732772
1792 1792 447.470072181
1793 1793 0.00060695576474
1794 1794 0.00872798345052
1795 1795 0.00181566999101
1796 1796 317.095489922
1797 1797 577.630126999
1798 1798 0.00455925733422
1799 1799 472.399109479
1800 1800 131.838707326
1801 1801 128.003330113
1802 1802 289.664445438
1803 1803 0.00540070582067
1804 1804 101.495755803
1805 1805 0.00556662330094
1806 1806 494.679163218
1807 1807 326.659845393
1808 1808 607.927497254
1809 1809 109.456425812
1810 1810 0.0077121046883
1811 1811 467.377366869
1812 1812 0.00950693850703
1813 1813 625.950137249
1814 1814 309.853901089
1815 1815 291.039860156
1816 1816 445.070590329
1817 1817 167.696615661
1818 1818 75.1780702027
1819 1819 374.427113419
1820 1820 348.288910935
1821 1821 602.441153734
1822 1822 329.91840599
1823 1823 492.997801792
1824 1824 340.960111624
1825 1825 138.174120514
1826 1826 118.89719918
1827 1827 0.00619898300885
1828 1828 13.1739300414
1829 1829 410.983335459
1830 1830 0.00388905979789
1831 1831 545.683837575
1832 1832 393.266727424
1833 1833 187.984600133
1834 1834 0.00409956923151
1835 1835 389.530479686
1836 1836 438.146271888
1837 1837 437.947484656
1838 1838 0.000353298473984
1839 1839 0.00384228927714
1840 1840 417.768073425
1841 1841 0.000315918436236
1842 1842 11.3645577469
1843 1843 621.657694841
1844 1844 403.927665922
1845 1845 0.000516618484878
1846 1846 0.00536253059851
1847 1847 383.613525935
1848 1848 0.00231338927517
1849 1849 620.858647731
1850 1850 0.00996028898124
1851 1851 197.753177054
1852 1852 225.947567923
1853 1853 17.4063956922
1854 1854 58.0852431946
1855 1855 0.00863220591248
1856 1856 108.817388292
1857 1857 177.894778282
1858 1858 0.000738940279458
1859 1859 121.687426047
1860 1860 357.110610091
1861 1861 543.763272897
1862 1862 457.108318816
1863 1863 381.969713717
1864 1864 447.681884718
1865 1865 0.00911116076931
1866 1866 322.717412868
1867 1867 0.0087717338539
1868 1868 279.717602354
1869 1869 441.069519704
1870 1870 54.5116762078
1871 1871 0.00120375138863
1872 1872 0.00407569256792
1873 1873 270.78704073
1874 1874 327.980786638
1875 1875 355.28565858
1876 1876 179.029495001
1877 1877 183.040569188
1878 1878 500.715712747
1879 1879 0.00339707055799
1880 1880 310.925618696
1881 1881 66.9841408891
1882 1882 377.816223145
1883 1883 502.049162874
1884 1884 380.561558019
1885 1885 136.45990784
1886 1886 0.00274772331786
1887 1887 0.00982015252456
1888 1888 0.00371821436405
1889 1889 356.591026193
1890 1890 0.00187776197083
1891 1891 271.059962626
1892 1892 0.00251578469404
1893 1893 183.07344462
1894 1894 0.00894671016595
1895 1895 612.133357003
1896 1896 187.417386546
1897 1897 524.58276839
1898 1898 481.568780849
1899 1899 0.00239807211337
1900 1900 51.5440894528
1901 1901 171.098085796
1902 1902 42.5842179928
1903 1903 288.335299039
1904 1904 336.834759974
1905 1905 139.262318509
1906 1906 95.8412754851
1907 1907 21.4053233294
1908 1908 46.0245930033
1909 1909 586.419131247
1910 1910 233.875555783
1911 1911 0.00921492577423
1912 1912 210.41690872
1913 1913 8.89006328098
1914 1914 453.193122527
1915 1915 90.6320455737
1916 1916 295.682060232
1917 1917 471.473811179
1918 1918 60.4121340296
1919 1919 0.0098593281728
1920 1920 0.00883265363536
1921 1921 0.00332494882926
1922 1922 490.514521851
1923 1923 446.999348493
1924 1924 495.691714853
1925 1925 183.352810205
1926 1926 538.717800753
1927 1927 232.140258257
1928 1928 0.00128179143361
1929 1929 348.14360108
1930 1930 419.23484039
1931 1931 67.3995631984
1932 1932 0.00587522664679
1933 1933 79.2312183962
1934 1934 428.498726245
1935 1935 0.00407715331104
1936 1936 524.872755302
1937 1937 230.166300974
1938 1938 399.598187745
1939 1939 127.138794725
1940 1940 314.785412352
1941 1941 0.0097526744031
1942 1942 160.898785806
1943 1943 0.00912941294004
1944 1944 0.00881985410884
1945 1945 100.85466024
1946 1946 119.499174956
1947 1947 106.343413168
1948 1948 399.473408514
1949 1949 606.582701517
1950 1950 526.774488519
1951 1951 0.00417439212534
1952 1952 3.62047356605
1953 1953 0.00644525097667
1954 1954 0.000545432640754
1955 1955 455.701626304
1956 1956 487.392422525
1957 1957 0.00714777358902
1958 1958 0.00204261993955
1959 1959 291.97836419
1960 1960 208.162952872
1961 1961 312.807480452
1962 1962 270.437235253
1963 1963 564.508314327
1964 1964 242.929127372
1965 1965 51.5103024462
1966 1966 46.4994580523
1967 1967 460.921887457
1968 1968 0.00115896991388
1969 1969 613.267317559
1970 1970 279.421779119
1971 1971 251.154612452
1972 1972 237.00745423
1973 1973 353.66031862
1974 1974 444.627312857
1975 1975 341.521230318
1976 1976 608.370911385
1977 1977 482.521112647
1978 1978 275.483900429
1979 1979 366.106584134
1980 1980 248.192537935
1981 1981 397.371723242
1982 1982 160.677419716
1983 1983 591.739382948
1984 1984 0.00853104307426
1985 1985 564.906874941
1986 1986 143.573597871
1987 1987 607.569991069
1988 1988 299.775826326
1989 1989 91.9389185408
1990 1990 0.00459296388999
1991 1991 441.691977797
1992 1992 566.345678689
1993 1993 119.911362675
1994 1994 0.00818571716081
1995 1995 56.8705000291
1996 1996 149.87066592
1997 1997 0.00475966584155
1998 1998 519.354688364
1999 1999 0.000293092828733
2000 2000 232.205660777
2001 2001 0.00918341756248
2002 2002 0.0078325720829
2003 2003 442.328952901
2004 2004 233.203108239
2005 2005 307.721753414
2006 2006 33.0552338022
2007 2007 161.698183171
2008 2008 322.097938599
2009 2009 509.014901176
2010 2010 356.260512034
2011 2011 138.669281219
2012 2012 0.00255286117537
2013 2013 0.0070255581565
2014 2014 85.8575210092
2015 2015 560.421518855
2016 2016 90.6729206574
2017 2017 240.415834728
2018 2018 405.830624631
2019 2019 0.00765284001934
2020 2020 0.00139652517849
2021 2021 376.23089181
2022 2022 100.967768538
2023 2023 195.416817342
2024 2024 0.0010309273006
2025 2025 174.605727983
2026 2026 262.181313878
2027 2027 240.874432539
2028 2028 567.917143798
2029 2029 119.086755616
2030 2030 517.33046283
2031 2031 103.324810642
2032 2032 412.099695743
2033 2033 262.034405134
2034 2034 537.570693934
2035 2035 395.283150669
2036 2036 258.511611494
2037 2037 609.991292424
2038 2038 232.666746199
2039 2039 0.00758129115024
2040 2040 283.762012967
2041 2041 485.370193145
2042 2042 342.436512431
2043 2043 85.6056016741
2044 2044 467.818793334
2045 2045 623.748052698
2046 2046 327.975945644
2047 2047 499.231598704
2048 2048 13.6867998997
2049 2049 225.16893732
2050 2050 127.346981757
2051 2051 127.276440696
2052 2052 57.1495616439
2053 2053 424.395733064
2054 2054 21.4394376129
2055 2055 511.362996747
2056 2056 76.5047988483
2057 2057 0.00172325670256
2058 2058 167.441556758
2059 2059 34.3103254027
2060 2060 476.836017297
2061 2061 567.888153063
2062 2062 361.994509165
2063 2063 481.815165576
2064 2064 575.917033654
2065 2065 375.374726752
2066 2066 163.449043463
2067 2067 0.00692775467579
2068 2068 173.41480368
2069 2069 0.00786054262098
2070 2070 214.864623308
2071 2071 399.981682141
2072 2072 605.197739264
2073 2073 481.071142424
2074 2074 100.902007279
2075 2075 286.66852843
2076 2076 379.647141376
2077 2077 145.546697348
2078 2078 0.00290527397388
2079 2079 540.780508
2080 2080 66.1757583108
2081 2081 0.00772551819997
2082 2082 462.123991031
2083 2083 233.814182026
2084 2084 7.18559669665
2085 2085 503.505801329
2086 2086 0.00950968785956
2087 2087 349.312455548
2088 2088 0.00540464230772
2089 2089 0.00394608793045
2090 2090 283.425134635
2091 2091 233.605690265
2092 2092 311.380204076
2093 2093 322.675546675
2094 2094 120.218174519
2095 2095 287.623318392
2096 2096 0.00266362780702
2097 2097 508.432544641
2098 2098 396.428198271
2099 2099 195.947014134
2100 2100 572.582481645
2101 2101 152.266469366
2102 2102 292.479871047
2103 2103 252.57011676
2104 2104 0.0051434458087
2105 2105 508.755997964
2106 2106 272.663125681
2107 2107 472.805526302
2108 2108 578.432741677
2109 2109 90.874611882
2110 2110 602.907846814
2111 2111 358.592246018
2112 2112 438.280209467
2113 2113 128.548753188
2114 2114 444.107926357
2115 2115 0.00318518306896
2116 2116 598.579433697
2117 2117 369.047051803
2118 2118 338.21329862
2119 2119 250.323099345
2120 2120 419.211987183
2121 2121 536.187882258
2122 2122 611.265227789
2123 2123 534.859043981
2124 2124 0.00317637113187
2125 2125 521.18103336
2126 2126 99.9641214799
2127 2127 470.965186054
2128 2128 434.01663494
2129 2129 0.00565962313704
2130 2130 388.558513364
2131 2131 398.136974893
2132 2132 6.75960953522
2133 2133 27.8121674191
2134 2134 0.852846747228
2135 2135 561.930659971
2136 2136 0.00918107340917
2137 2137 226.499957033
2138 2138 154.94027118
2139 2139 0.00278180257398
2140 2140 205.397225897
2141 2141 124.202452685
2142 2142 124.835989055
2143 2143 450.507028577
2144 2144 231.483643059
2145 2145 437.101881373
2146 2146 0.00578086864912
2147 2147 510.686253234
2148 2148 44.7332866419
2149 2149 537.920033699
2150 2150 0.00957689328163
2151 2151 0.00843909838829
2152 2152 0.00783303685227
2153 2153 349.84940947
2154 2154 0.00456772564552
2155 2155 0.00707684627437
2156 2156 0.0066716788863
2157 2157 414.704170421
2158 2158 0.007340633991
2159 2159 0.00467217876791
2160 2160 313.609343324
2161 2161 3.68489014721e-05
2162 2162 119.884504273
2163 2163 530.45878362
2164 2164 0.000410237340634
2165 2165 220.332498834
2166 2166 341.59419578
2167 2167 0.00295495554197
2168 2168 557.40223038
2169 2169 362.614071438
2170 2170 0.00965846872997
2171 2171 91.7889598997
2172 2172 36.9608533896
2173 2173 173.677971163
2174 2174 0.00161888508803
2175 2175 494.263952667
2176 2176 53.1774400213
2177 2177 535.671898708
2178 2178 93.4578300873
2179 2179 138.84042659
2180 2180 0.00246523176709
2181 2181 121.653177011
2182 2182 110.666646888
2183 2183 286.843158038
2184 2184 577.896144295
2185 2185 585.926337296
2186 2186 0.00272830722472
2187 2187 59.7209825508
2188 2188 599.477123324
2189 2189 457.428100551
2190 2190 406.976753567
2191 2191 472.629235292
2192 2192 0.00060872687057
2193 2193 363.721080157
2194 2194 308.899502552
2195 2195 152.037864768
2196 2196 308.766102078
2197 2197 437.989382183
2198 2198 6.09791362907
2199 2199 451.813546893
2200 2200 392.526444811
2201 2201 73.2183410548
2202 2202 307.63355215
2203 2203 0.000482208910031
2204 2204 113.14359005
2205 2205 531.288461542
2206 2206 129.19368403
2207 2207 56.8895625467
2208 2208 492.30476805
2209 2209 612.923275189
2210 2210 0.00315351858548
2211 2211 326.737134059
2212 2212 80.3618430188
2213 2213 0.00495645808364
2214 2214 307.899754903
2215 2215 261.074801665
2216 2216 138.490226431
2217 2217 0.0062998066556
2218 2218 171.616643373
2219 2219 175.625007337
2220 2220 0.00415217252317
2221 2221 0.0064111614041
2222 2222 0.00550735410638
2223 2223 64.7292729248
2224 2224 552.513908178
2225 2225 0.00134485381933
2226 2226 305.967670755
2227 2227 179.369135063
2228 2228 94.4677872298
2229 2229 365.399907177
2230 2230 0.000592666210777
2231 2231 391.685911734
2232 2232 237.33187917
2233 2233 256.91497634
2234 2234 320.750389297
2235 2235 453.667641327
2236 2236 102.055031502
2237 2237 564.9347944
2238 2238 368.335598829
2239 2239 59.2557873379
2240 2240 0.00169773156638
2241 2241 411.542254744
2242 2242 99.7471679126
2243 2243 606.268575098
2244 2244 62.9543271377
2245 2245 581.125386074
2246 2246 338.673221651
2247 2247 361.764074524
2248 2248 283.563848336
2249 2249 29.2006559883
2250 2250 0.00302357909996
2251 2251 297.71807799
2252 2252 0.0027568206363
2253 2253 434.33291955
2254 2254 0.0089996191417
2255 2255 241.865031114
2256 2256 77.389836708
2257 2257 266.6324939
2258 2258 579.049962999
2259 2259 471.926299894
2260 2260 325.9387029
2261 2261 143.170825938
2262 2262 0.00220106808967
2263 2263 542.613318812
2264 2264 0.00544263982054
2265 2265 182.123143157
2266 2266 339.989348727
2267 2267 0.00833866596956
2268 2268 346.681590546
2269 2269 333.12633809
2270 2270 192.015571145
2271 2271 623.679337363
2272 2272 502.315651816
2273 2273 523.192787927
2274 2274 395.819136409
2275 2275 236.455532092
2276 2276 482.722884398
2277 2277 446.152525338
2278 2278 26.2478159146
2279 2279 611.609119706
2280 2280 419.500332468
2281 2281 0.0011842432293
2282 2282 70.9889048513
2283 2283 115.535598766
2284 2284 277.219779185
2285 2285 611.9714694
2286 2286 0.00475234042996
2287 2287 545.498560268
2288 2288 540.084715325
2289 2289 293.585947994
2290 2290 557.863089217
2291 2291 205.684748365
2292 2292 34.584766308
2293 2293 0.00763093596763
2294 2294 0.00625152027019
2295 2295 0.00188948416399
2296 2296 97.4354275159
2297 2297 376.646438715
2298 2298 0.00264610573498
2299 2299 385.888213591
2300 2300 0.00154332105449
2301 2301 564.289812041
2302 2302 163.742549134
2303 2303 105.429421271
2304 2304 34.1426229946
2305 2305 423.79182088
2306 2306 347.078165817
2307 2307 0.00521699964001
2308 2308 0.00481482483998
2309 2309 131.938501217
2310 2310 569.211124111
2311 2311 442.457441274
2312 2312 0.00803961034105
2313 2313 251.924665822
2314 2314 0.000755883196842
2315 2315 565.968669637
2316 2316 8.29230131651
2317 2317 0.00217984532157
2318 2318 585.029182085
2319 2319 286.726816916
2320 2320 241.671339818
2321 2321 0.0092983390345
2322 2322 518.375843087
2323 2323 277.132180178
2324 2324 0.000959106461474
2325 2325 334.102051585
2326 2326 298.740161053
2327 2327 0.00696527560097
2328 2328 351.839955019
2329 2329 570.374480395
2330 2330 500.655415612
2331 2331 37.4360957041
2332 2332 473.941269598
2333 2333 563.153486504
2334 2334 500.754176369
2335 2335 346.276809705
2336 2336 390.056246519
2337 2337 521.210753512
2338 2338 0.00902976440492
2339 2339 0.000472992459227
2340 2340 317.544419634
2341 2341 0.00557088825715
2342 2342 0.00107050698309
2343 2343 183.389428317
2344 2344 616.078363704
2345 2345 0.00107225606693
2346 2346 0.000786938126793
2347 2347 61.2553546528
2348 2348 582.440917852
2349 2349 426.629448276
2350 2350 0.000279505133245
2351 2351 0.0025461751295
2352 2352 313.486916688
2353 2353 471.384920456
2354 2354 0.00214175467833
2355 2355 93.6256051368
2356 2356 88.7290579501
2357 2357 295.41613258
2358 2358 0.00762290295326
2359 2359 0.00242206737939
2360 2360 287.636325079
2361 2361 13.1925900092
2362 2362 179.273445012
2363 2363 204.016531092
2364 2364 0.00472474202196
2365 2365 0.00510887593757
2366 2366 278.403867454
2367 2367 0.00793379368715
2368 2368 471.528108763
2369 2369 29.5049444787
2370 2370 571.636440119
2371 2371 96.4410696106
2372 2372 0.00505025439165
2373 2373 352.915492332
2374 2374 391.122804759
2375 2375 274.488798837
2376 2376 372.954175146
2377 2377 602.295978513
2378 2378 224.000280387
2379 2379 523.277797164
2380 2380 610.297727811
2381 2381 89.6416738214
2382 2382 526.669243408
2383 2383 148.645410999
2384 2384 0.00122406671108
2385 2385 124.950139196
2386 2386 499.820469035
2387 2387 161.832436804
2388 2388 0.00234520305564
2389 2389 245.357076675
2390 2390 266.224378235
2391 2391 175.198121168
2392 2392 380.835654922
2393 2393 170.015767232
2394 2394 299.107180604
2395 2395 0.00458308848186
2396 2396 0.0025570310059
2397 2397 0.00232762079919
2398 2398 1.42451828511e-05
2399 2399 519.384596493
2400 2400 323.971834367
2401 2401 373.507386671
2402 2402 287.997361822
2403 2403 0.00355968431206
2404 2404 488.964541849
2405 2405 592.134855844
2406 2406 607.674660656
2407 2407 0.00280388907243
2408 2408 0.00693385869876
2409 2409 103.001337969
2410 2410 0.00952577920352
2411 2411 225.898828663
2412 2412 0.00243702076736
2413 2413 0.00692798995142
2414 2414 92.8630665353
2415 2415 67.5688936724
2416 2416 433.422781132
2417 2417 258.807222905
2418 2418 146.648793682
2419 2419 406.077662117
2420 2420 0.00616575601993
2421 2421 49.4842766748
2422 2422 511.591497908
2423 2423 0.00729967215812
2424 2424 0.00830595440961
2425 2425 596.942453981
2426 2426 191.386554039
2427 2427 549.328973496
2428 2428 0.00937965823397
2429 2429 0.00127188787811
2430 2430 0.00149891676638
2431 2431 89.6885682533
2432 2432 0.00119650006679
2433 2433 0.00635483247315
2434 2434 402.228101018
2435 2435 549.209597703
2436 2436 72.7360247969
2437 2437 0.000386897838714
2438 2438 309.422014604
2439 2439 276.371731943
2440 2440 574.061891105
2441 2441 473.627248673
2442 2442 152.930615326
2443 2443 492.924966163
2444 2444 0.000192482119711
2445 2445 0.00911852537879
2446 2446 483.095534141
2447 2447 325.808916848
2448 2448 241.024503631
2449 2449 262.080752815
2450 2450 521.002046333
2451 2451 272.602193078
2452 2452 30.788259695
2453 2453 0.00110193935177
2454 2454 227.327818069
2455 2455 213.23255182
2456 2456 0.00733080928857
2457 2457 0.00642489444898
2458 2458 351.071998691
2459 2459 90.7038330709
2460 2460 29.6417351841
2461 2461 519.976009551
2462 2462 580.226059354
2463 2463 97.3307662282
2464 2464 8.19821409395e-06
2465 2465 365.82202384
2466 2466 0.0077110132479
2467 2467 553.681519824
2468 2468 0.00484808938483
2469 2469 0.00772061859159
2470 2470 128.869020861
2471 2471 448.016352221
2472 2472 584.442410344
2473 2473 0.00686385849002
2474 2474 337.158015334
2475 2475 367.012658787
2476 2476 550.359295947
2477 2477 304.333099887
2478 2478 296.504533113
2479 2479 504.161087247
2480 2480 331.29167458
2481 2481 270.402235174
2482 2482 0.00708857600805
2483 2483 253.123781749
2484 2484 480.757235355
2485 2485 544.338991129
2486 2486 0.00851427939005
2487 2487 595.915816887
2488 2488 0.00896733651705
2489 2489 0.00588420017372
2490 2490 457.76241395
2491 2491 0.00551621751789
2492 2492 0.00973465557329
2493 2493 318.583180708
2494 2494 80.582593657
2495 2495 478.547440266
2496 2496 163.5029366
2497 2497 296.53651743
2498 2498 21.8918825024
2499 2499 0.00609221136378
2500 2500 86.760575731
2501 2501 428.368957121
2502 2502 77.8186262317
2503 2503 0.00600020871966
2504 2504 45.1209381801
2505 2505 0.00718943674316
2506 2506 0.00791148492061
2507 2507 575.297655045
2508 2508 0.0059521181224
2509 2509 0.0057262976466
2510 2510 307.776195299
2511 2511 329.122225974
2512 2512 240.09539695
2513 2513 70.5108416752
2514 2514 0.00556428181956
2515 2515 123.790567376
2516 2516 506.251958706
2517 2517 296.600853897
2518 2518 244.22571419
2519 2519 74.1256238389
2520 2520 526.124721092
2521 2521 0.00345250332208
2522 2522 298.089128853
2523 2523 369.573457131
2524 2524 0.00488058290391
2525 2525 0.000756326308554
2526 2526 134.507080697
2527 2527 367.513836712
2528 2528 222.93424026
2529 2529 315.213066194
2530 2530 119.598069669
2531 2531 239.808584521
2532 2532 0.00941033101311
2533 2533 312.081362404
2534 2534 606.252051414
2535 2535 68.5603913633
2536 2536 0.00731824236253
2537 2537 221.217767456
2538 2538 310.203121025
2539 2539 374.075991856
2540 2540 551.956209222
2541 2541 609.124050032
2542 2542 358.307113303
2543 2543 307.119976739
2544 2544 0.00693152784965
2545 2545 306.365852183
2546 2546 565.983526628
2547 2547 577.005550271
2548 2548 0.00714818267907
2549 2549 376.298405052
2550 2550 251.286823479
2551 2551 143.237963995
2552 2552 341.900799193
2553 2553 67.6982534359
2554 2554 313.351356084
2555 2555 0.000910017372232
2556 2556 36.7865476039
2557 2557 59.9313675634
2558 2558 150.896735728
2559 2559 580.902803706
2560 2560 298.972865029
2561 2561 118.488866662
2562 2562 510.771998134
2563 2563 271.401415188
2564 2564 510.555424684
2565 2565 567.393292636
2566 2566 92.535790775
2567 2567 171.333871744
2568 2568 235.652322618
2569 2569 477.914354256
2570 2570 39.7297127024
2571 2571 0.00283216817845
2572 2572 603.95967784
2573 2573 245.473895034
2574 2574 0.00308447338823
2575 2575 402.673237138
2576 2576 444.311379748
2577 2577 527.402177059
2578 2578 92.5020989062
2579 2579 321.96304424
2580 2580 615.311895121
2581 2581 574.151738755
2582 2582 173.980837199
2583 2583 0.00129311386105
2584 2584 272.936242575
2585 2585 535.66681643
2586 2586 0.00467405961615
2587 2587 0.00501296037781
2588 2588 355.683137523
2589 2589 604.102966034
2590 2590 0.000427174405247
2591 2591 126.469021692
2592 2592 27.0106633354
2593 2593 363.096148761
2594 2594 0.000844539677021
2595 2595 496.095510308
2596 2596 0.00829133292713
2597 2597 324.548583036
2598 2598 265.096229305
2599 2599 0.00319201495745
2600 2600 248.082608764
2601 2601 0.00571859581868
2602 2602 0.00563424705362
2603 2603 0.00717708993653
2604 2604 38.1041463274
2605 2605 593.628541404
2606 2606 396.345701336
2607 2607 22.0425996955
2608 2608 351.152364438
2609 2609 379.385347304
2610 2610 0.00279632943068
2611 2611 0.000616698772761
2612 2612 0.00816835691898
2613 2613 621.503999447
2614 2614 0.00376318655962
2615 2615 0.00353124077242
2616 2616 56.3303677188
2617 2617 252.844126384
2618 2618 535.883758758
2619 2619 507.613553044
2620 2620 455.583705405
2621 2621 484.968421909
2622 2622 0.00592820924352
2623 2623 393.650701664
2624 2624 517.82458086
2625 2625 185.581833204
2626 2626 606.523976636
2627 2627 0.00278663533367
2628 2628 271.628746434
2629 2629 14.5873359942
2630 2630 609.742961766
2631 2631 0.00877893981657
2632 2632 506.882431628
2633 2633 476.323744592
2634 2634 245.415686243
2635 2635 334.615404768
2636 2636 284.580951776
2637 2637 346.673368495
2638 2638 443.195451353
2639 2639 66.5305363689
2640 2640 310.319436418
2641 2641 0.00429372878617
2642 2642 0.00269155568255
2643 2643 78.9365247375
2644 2644 0.00331943288385
2645 2645 0.00601357389347
2646 2646 0.00275113380496
2647 2647 279.393306386
2648 2648 0.000989990235404
2649 2649 206.831920639
2650 2650 8.92368606497
2651 2651 156.599263953
2652 2652 419.609313752
2653 2653 260.580060483
2654 2654 150.711804938
2655 2655 308.120721101
2656 2656 528.039972215
2657 2657 0.00746061967857
2658 2658 101.428528623
2659 2659 161.702560686
2660 2660 275.687994433
2661 2661 467.343551016
2662 2662 79.893065347
2663 2663 0.000626608890512
2664 2664 136.999056958
2665 2665 234.400322744
2666 2666 0.00623423694279
2667 2667 561.058577856
2668 2668 379.913990944
2669 2669 610.412096868
2670 2670 0.00951022496445
2671 2671 146.464864034
2672 2672 439.730309614
2673 2673 335.721222644
2674 2674 425.434177617
2675 2675 519.76241988
2676 2676 486.444893124
2677 2677 597.668991739
2678 2678 307.432637302
2679 2679 490.389386521
2680 2680 0.00784097359543
2681 2681 0.00226723984949
2682 2682 518.151708772
2683 2683 260.236671205
2684 2684 37.7878979659
2685 2685 590.313296827
2686 2686 517.481506576
2687 2687 46.6730311911
2688 2688 621.159713538
2689 2689 0.00979802552054
2690 2690 245.709337271
2691 2691 369.307026065
2692 2692 276.120284642
2693 2693 0.00503671087453
2694 2694 0.000642363944909
2695 2695 0.00594532889815
2696 2696 0.0061345796499
2697 2697 32.4999910475
2698 2698 273.806440001
2699 2699 160.056975687
2700 2700 499.2858208
2701 2701 124.431377624
2702 2702 244.204739143
2703 2703 37.2043496319
2704 2704 440.174046478
2705 2705 0.00483794880401
2706 2706 0.000579863443063
2707 2707 275.747738004
2708 2708 360.619680938
2709 2709 35.0769146446
2710 2710 446.177556285
2711 2711 87.2140766164
2712 2712 329.6385007
2713 2713 0.000659538765975
2714 2714 252.822854172
2715 2715 0.00753961702327
2716 2716 552.451186142
2717 2717 561.761298407
2718 2718 207.369249089
2719 2719 0.00966617992058
2720 2720 316.516349825
2721 2721 497.236164652
2722 2722 619.536372953
2723 2723 0.00521430741981
2724 2724 0.00832069356828
2725 2725 0.00725029907219
2726 2726 152.057238067
2727 2727 316.535937231
2728 2728 34.2330778549
2729 2729 170.13643183
2730 2730 43.9962350556
2731 2731 187.116349226
2732 2732 199.68458415
2733 2733 37.038756444
2734 2734 56.0417679055
2735 2735 223.295284669
2736 2736 161.318541967
2737 2737 456.65155777
2738 2738 585.546289001
2739 2739 0.00225298828864
2740 2740 220.691852467
2741 2741 266.758689854
2742 2742 289.989751292
2743 2743 222.525879698
2744 2744 51.4675702143
2745 2745 0.00683953962367
2746 2746 386.68649102
2747 2747 605.246708975
2748 2748 620.070746935
2749 2749 0.0007577719549
2750 2750 425.693911094
2751 2751 602.690038242
2752 2752 0.00916276230402
2753 2753 31.0816930567
2754 2754 467.026362168
2755 2755 531.550167477
2756 2756 173.225479719
2757 2757 0.00160083136731
2758 2758 473.935133555
2759 2759 292.186257428
2760 2760 232.127741222
2761 2761 158.739287501
2762 2762 15.0134896728
2763 2763 361.335821642
2764 2764 233.063492503
2765 2765 426.123642353
2766 2766 0.00169700262449
2767 2767 454.100017506
2768 2768 195.609026873
2769 2769 603.997164554
2770 2770 291.765719196
2771 2771 0.000949324160061
2772 2772 512.987859295
2773 2773 143.131472475
2774 2774 122.877391718
2775 2775 18.414585953
2776 2776 76.951710382
2777 2777 101.733498032
2778 2778 354.520002922
2779 2779 584.541598847
2780 2780 0.00308811037419
2781 2781 0.00249379904016
2782 2782 307.688171809
2783 2783 206.542496393
2784 2784 439.887109589
2785 2785 494.029232122
2786 2786 574.235046849
2787 2787 600.20392557
2788 2788 2.99099943076
2789 2789 574.720946099
2790 2790 66.0401409621
2791 2791 330.130831279
2792 2792 120.778740695
2793 2793 611.752121792
2794 2794 217.520764696
2795 2795 294.661616884
2796 2796 503.399607541
2797 2797 263.618441399
2798 2798 230.936724654
2799 2799 126.096871228
2800 2800 259.647537441
2801 2801 169.199954256
2802 2802 257.06278866
2803 2803 401.519297271
2804 2804 18.9751006045
2805 2805 309.203656747
2806 2806 348.014520924
2807 2807 0.00605858690591
2808 2808 0.00320642847651
2809 2809 229.160035199
2810 2810 380.036673965
2811 2811 0.00775984517482
2812 2812 2.031938491
2813 2813 0.00401004568129
2814 2814 129.08108551
2815 2815 0.00260984435791
2816 2816 223.384475237
2817 2817 465.176336829
2818 2818 31.1366007879
2819 2819 0.00472529846004
2820 2820 258.586681889
2821 2821 197.185668496
2822 2822 217.742842722
2823 2823 0.00404055470755
2824 2824 531.485695646
2825 2825 0.00374977597327
2826 2826 496.167264669
2827 2827 19.7283165416
2828 2828 0.0080525731612
2829 2829 189.34458613
2830 2830 495.007946424
2831 2831 503.925053882
2832 2832 20.3003285408
2833 2833 0.00284232277738
2834 2834 53.6541274185
2835 2835 568.71549835
2836 2836 472.154097218
2837 2837 371.200105953
2838 2838 125.670932212
2839 2839 22.3494554049
2840 2840 443.287344514
2841 2841 0.00243308611584
2842 2842 402.772187974
2843 2843 391.607793666
2844 2844 265.044077789
2845 2845 439.806449885
2846 2846 398.39489468
2847 2847 0.00126810005688
2848 2848 528.340861962
2849 2849 0.000114158794172
2850 2850 275.251737057
2851 2851 350.333440602
2852 2852 0.00106540736291
2853 2853 559.801798132
2854 2854 542.131818761
2855 2855 325.978618596
2856 2856 278.107150797
2857 2857 460.790959921
2858 2858 16.0377606972
2859 2859 0.0075390516147
2860 2860 296.898273686
2861 2861 522.89374338
2862 2862 124.819908426
2863 2863 0.00978627118681
2864 2864 328.025119202
2865 2865 396.170237407
2866 2866 558.286224553
2867 2867 56.2910668829
2868 2868 0.00933019877794
2869 2869 48.3420533072
2870 2870 420.048501798
2871 2871 214.721819099
2872 2872 444.475221512
2873 2873 293.953588023
2874 2874 299.557421542
2875 2875 334.475877773
2876 2876 2.80667522
2877 2877 0.00195596780954
2878 2878 367.085974113
2879 2879 0.00578879719164
2880 2880 128.203263744
2881 2881 378.673942621
2882 2882 0.00621551613895
2883 2883 3.71065530988e-05
2884 2884 412.73968566
2885 2885 382.119353223
2886 2886 0.00423926456534
2887 2887 173.381828886
2888 2888 0.00740153704599
2889 2889 246.886910784
2890 2890 440.310092804
2891 2891 112.861981534
2892 2892 316.495266716
2893 2893 173.495361159
2894 2894 388.922757862
2895 2895 533.948767748
2896 2896 0.00351734876884
2897 2897 0.000864695811996
2898 2898 281.8687283
2899 2899 347.036069212
2900 2900 576.002593827
2901 2901 0.00674085634653
2902 2902 357.107056499
2903 2903 0.00727484283347
2904 2904 211.29546393
2905 2905 280.09616143
2906 2906 437.906494754
2907 2907 244.37533533
2908 2908 536.65292391
2909 2909 100.266097075
2910 2910 0.00150266343299
2911 2911 528.08571951
2912 2912 287.29734267
2913 2913 0.00687347913023
2914 2914 356.635982854
2915 2915 27.8783169755
2916 2916 155.041100507
2917 2917 119.627409402
2918 2918 182.2219103
2919 2919 294.464897673
2920 2920 61.285889702
2921 2921 623.988437477
2922 2922 428.107815724
2923 2923 562.999381917
2924 2924 96.9439506023
2925 2925 541.032771388
2926 2926 0.00361507748577
2927 2927 199.407916747
2928 2928 0.00312105582598
2929 2929 399.816486385
2930 2930 446.39839081
2931 2931 510.309236691
2932 2932 0.00546452622214
2933 2933 399.904894538
2934 2934 302.882599104
2935 2935 569.356227894
2936 2936 98.7826695188
2937 2937 561.215140671
2938 2938 341.744498697
2939 2939 222.000279786
2940 2940 0.00119420877134
2941 2941 400.465965219
2942 2942 0.00200420836802
2943 2943 579.611576247
2944 2944 73.6752284088
2945 2945 256.604525705
2946 2946 532.574527927
2947 2947 0.00658552587058
2948 2948 0.00264040528697
2949 2949 578.726422041
2950 2950 0.00758622385788
2951 2951 40.7347102004
2952 2952 89.4421422041
2953 2953 569.757265646
2954 2954 309.584232183
2955 2955 326.393977957
2956 2956 405.677091217
2957 2957 0.00665547304246
2958 2958 341.990983439
2959 2959 432.020956108
2960 2960 0.00590021079634
2961 2961 360.61867106
2962 2962 234.903143209
2963 2963 67.2555363789
2964 2964 455.255252205
2965 2965 0.00184229781542
2966 2966 562.144971732
2967 2967 463.060454013
2968 2968 0.00190360956625
2969 2969 272.716525436
2970 2970 582.709814856
2971 2971 538.5718313
2972 2972 132.266181299
2973 2973 256.313603561
2974 2974 190.356243719
2975 2975 148.551402183
2976 2976 508.050868682
2977 2977 0.000887423907905
2978 2978 437.543497722
2979 2979 232.341221069
2980 2980 236.685906919
2981 2981 371.953588356
2982 2982 605.855583726
2983 2983 0.00508482004607
2984 2984 59.2593753862
2985 2985 302.800694262
2986 2986 277.647772118
2987 2987 96.0295134011
2988 2988 416.819078657
2989 2989 92.5301100377
2990 2990 0.0067517513115
2991 2991 0.071285856589
2992 2992 0.00490449150812
2993 2993 549.370345832
2994 2994 0.0041975536745
2995 2995 251.246432502
2996 2996 71.3974757783
2997 2997 0.004194733948
2998 2998 68.8661995035
2999 2999 219.250640965
3000 3000 484.330262995
