1 1 0.00712540884369
2 2 0.002122963623
3 3 0.00608668956645
4 4 127.339515531
5 5 547.090132558
6 6 599.961440971
7 7 363.048744838
8 8 0.00565550106653
9 9 133.858457098
10 10 277.331228639
11 11 170.132578752
12 12 20.8785697412
13 13 499.200376431
14 14 0.00902300208592
15 15 491.570126347
16 16 364.75287777
17 17 219.430790564
18 18 245.391385528
19 19 0.00154392637802
20 20 0.000135174583236
21 21 473.792506233
22 22 397.094495896
23 23 621.751358969
24 24 323.411827799
25 25 61.1213252151
26 26 0.00686166313559
27 27 400.054551986
28 28 542.870212137
29 29 624.340047905
30 30 0.00252727486134
31 31 193.874779041
32 32 272.647272325
33 33 586.412556751
34 34 536.641268538
35 35 593.807545852
36 36 306.93312658
37 37 78.1261251547
38 38 196.625574031
39 39 578.337634941
40 40 389.35041061
41 41 98.4173904574
42 42 159.039010938
43 43 358.130858435
44 44 341.412843821
45 45 0.00702181035728
46 46 37.0762277476
47 47 32.4394582993
48 48 0.00403703959238
49 49 129.828223219
50 50 159.652707497
51 51 370.33817558
52 52 417.309490489
53 53 256.862777755
54 54 233.073420891
55 55 83.0607047644
56 56 377.548041081
57 57 424.031815319
58 58 82.4568277919
59 59 0.00713667426999
60 60 609.987179495
61 61 0.000709015751161
62 62 0.00732101497935
63 63 542.741620949
64 64 38.9559379719
65 65 8.4977371404
66 66 562.528427141
67 67 528.936942919
68 68 0.000714560395378
69 69 176.760676453
70 70 523.483019126
71 71 2.70818687745
72 72 182.191942782
73 73 508.568304336
74 74 0.00208934503507
75 75 0.00302726796
76 76 198.479768557
77 77 0.00967838270755
78 78 302.286354515
79 79 545.087285316
80 80 352.01913785
81 81 56.4806376982
82 82 18.04159804
83 83 305.543179951
84 84 573.087199282
85 85 504.907596873
86 86 41.8930187552
87 87 0.00122739891359
88 88 419.821771926
89 89 49.4187639943
90 90 591.589440908
91 91 39.3590821535
92 92 617.837167638
93 93 0.00660116622041
94 94 269.359708371
95 95 511.595202828
96 96 541.110577812
97 97 0.00666878133557
98 98 0.00357851692452
99 99 0.00290919178819
100 100 458.84736268
101 101 168.484012252
102 102 77.6854164168
103 103 263.783801232
104 104 0.0012914564457
105 105 298.441181168
106 106 357.164398868
107 107 0.0072661720169
108 108 470.531383505
109 109 500.342274158
110 110 378.55210725
111 111 0.00199107194741
112 112 606.529239073
113 113 0.00649595868926
114 114 243.947688588
115 115 46.5886393113
116 116 205.734426799
117 117 55.1293558747
118 118 23.6312596731
119 119 295.511847273
120 120 0.00732392254214
121 121 38.9448773066
122 122 326.874479462
123 123 315.633771159
124 124 0.00719269465689
125 125 472.611306272
126 126 0.00269518898632
127 127 559.876817859
128 128 222.875860768
129 129 587.56072052
130 130 395.290102869
131 131 565.597024379
132 132 11.0687649905
133 133 384.899243101
134 134 597.406111671
135 135 2.79934887444
136 136 407.968622255
137 137 0.00916264953252
138 138 46.9733506252
139 139 0.00545547741187
140 140 477.411182181
141 141 1.11805833651
142 142 248.313523113
143 143 0.00455034029889
144 144 0.0050659996603
145 145 556.954420273
146 146 335.789384204
147 147 490.337423781
148 148 130.969938518
149 149 324.520958014
150 150 0.000644271571513
151 151 458.30720134
152 152 47.9626786399
153 153 55.2863488784
154 154 0.00560436909506
155 155 411.99504682
156 156 0.00494103348126
157 157 110.116327974
158 158 357.561426284
159 159 80.8802591227
160 160 349.633611245
161 161 463.516463565
162 162 0.00107936825693
163 163 567.409456769
164 164 0.00478142342362
165 165 559.43100424
166 166 341.381336148
167 167 575.462769166
168 168 0.00819131104999
169 169 471.202885219
170 170 392.011362289
171 171 53.7436784696
172 172 347.598124481
173 173 198.908730097
174 174 0.00716864318842
175 175 0.00971561952891
176 176 0.00259354676896
177 177 373.33987686
178 178 0.0029791584029
179 179 485.849479376
180 180 0.0015193192885
181 181 395.045119168
182 182 291.976309962
183 183 0.000697563348371
184 184 473.036237807
185 185 230.722755193
186 186 527.139692393
187 187 0.0086440214419
188 188 18.4642274384
189 189 32.0308822781
190 190 496.79730357
191 191 121.765701403
192 192 0.00577881431253
193 193 83.5709374197
194 194 238.214640868
195 195 0.00381440133507
196 196 35.6555362572
197 197 556.471497082
198 198 0.00880740286838
199 199 301.889095832
200 200 199.708970801
201 201 585.681989004
202 202 203.06738706
203 203 0.00726469818143
204 204 154.314295767
205 205 0.000164780219178
206 206 0.00149297299866
207 207 175.630476574
208 208 334.752834745
209 209 189.225412283
210 210 153.774132133
211 211 432.785103153
212 212 0.00304283800691
213 213 166.71215415
214 214 268.9193105
215 215 222.814412298
216 216 533.893812407
217 217 0.0023856238498
218 218 380.291588929
219 219 80.3847720798
220 220 0.00574088774747
221 221 384.18311907
222 222 0.00787045622688
223 223 178.553467968
224 224 0.00930600029322
225 225 279.529570529
226 226 202.39163127
227 227 214.943966324
228 228 169.292932866
229 229 0.0011209611449
230 230 573.499423208
231 231 606.023248462
232 232 622.152923125
233 233 98.6989797954
234 234 0.0070334901373
235 235 80.0976544639
236 236 90.6768725777
237 237 462.067718169
238 238 0.00553833320745
239 239 574.115407525
240 240 330.350716122
241 241 98.4418543212
242 242 303.568031874
243 243 224.289706168
244 244 410.603140373
245 245 0.00437131458701
246 246 428.986071272
247 247 295.227769153
248 248 558.596342315
249 249 133.139965179
250 250 0.00719876880596
251 251 182.301440973
252 252 0.00226378812273
253 253 122.92532349
254 254 381.538353853
255 255 16.1291916591
256 256 0.00883522605216
257 257 0.00362324557344
258 258 441.21459492
259 259 0.00401884655161
260 260 0.00861113465161
261 261 264.619115363
262 262 40.2876168797
263 263 138.625178924
264 264 574.926722012
265 265 0.00519975052952
266 266 418.131881203
267 267 334.676347662
268 268 0.00644092520201
269 269 28.3686032737
270 270 115.048612225
271 271 249.47524886
272 272 326.473984653
273 273 0.00112838678678
274 274 471.322731432
275 275 276.500648399
276 276 469.218215543
277 277 457.270297826
278 278 415.502704604
279 279 0.00126313780648
280 280 0.00232015382277
281 281 334.358019455
282 282 0.00260650631094
283 283 0.00896788312857
284 284 440.965639903
285 285 224.937182582
286 286 332.184002198
287 287 345.269076427
288 288 611.622792184
289 289 0.00863472322507
290 290 422.925635805
291 291 539.257140146
292 292 0.000889576974836
293 293 378.087312232
294 294 70.6050339494
295 295 559.62218166
296 296 368.528857734
297 297 589.665787078
298 298 0.00535415837301
299 299 373.384122662
300 300 0.00539842557287
301 301 229.240236741
302 302 246.353822945
303 303 562.752511508
304 304 0.000593718929037
305 305 0.00524388962089
306 306 0.00499939732298
307 307 0.00204609864861
308 308 316.694624734
309 309 311.419959186
310 310 462.032454209
311 311 0.00284468338162
312 312 586.906137232
313 313 392.770851546
314 314 0.000588446036204
315 315 127.741578494
316 316 515.699620338
317 317 0.00034031807538
318 318 556.202719874
319 319 114.052695022
320 320 592.571983342
321 321 95.1235194581
322 322 341.830613358
323 323 413.860984904
324 324 325.288633781
325 325 447.947789643
326 326 0.00870599788969
327 327 176.081608636
328 328 505.225077759
329 329 206.592099815
330 330 0.000543438544826
331 331 5.71038179853
332 332 598.046554702
333 333 551.792205882
334 334 0.00603266595177
335 335 0.000125293262287
336 336 541.043453104
337 337 594.52969923
338 338 0.00683357331144
339 339 0.00106258276884
340 340 334.229211355
341 341 291.540273786
342 342 411.094691493
343 343 395.323695362
344 344 0.00417267990923
345 345 126.506542919
346 346 256.207360741
347 347 166.417425259
348 348 0.0015402691622
349 349 227.057838936
350 350 48.9980731022
351 351 319.651748319
352 352 0.00064370053612
353 353 381.806596406
354 354 617.586517684
355 355 207.53244667
356 356 8.50638389393
357 357 95.9512465012
358 358 128.621353548
359 359 44.7013326218
360 360 0.000674921725629
361 361 0.00278977620541
362 362 61.4849569864
363 363 0.00162615192596
364 364 416.241161538
365 365 511.417386107
366 366 586.461239995
367 367 70.3925571143
368 368 284.745177486
369 369 160.928286802
370 370 0.0016861545694
371 371 51.8638620037
372 372 205.663276976
373 373 0.00617263764822
374 374 0.00406125929738
375 375 349.049863632
376 376 440.657846795
377 377 528.1925918
378 378 178.354266042
379 379 15.8151119582
380 380 84.6628836785
381 381 350.958152304
382 382 0.00125265253766
383 383 449.157804746
384 384 0.00577465844786
385 385 535.042145103
386 386 591.482816406
387 387 202.100305284
388 388 530.166467581
389 389 619.714807274
390 390 0.00128760058324
391 391 480.107068646
392 392 524.243853983
393 393 519.133656716
394 394 292.511633678
395 395 231.414093576
396 396 68.3674733537
397 397 318.500491292
398 398 228.729711144
399 399 0.00264684783967
400 400 0.00367635081131
401 401 107.635382264
402 402 611.492355734
403 403 56.1509690687
404 404 128.061660036
405 405 0.0068022569104
406 406 141.627946655
407 407 0.00652532124736
408 408 73.4117785
409 409 425.398840291
410 410 14.3930811814
411 411 0.00632996573329
412 412 141.789106478
413 413 504.681517564
414 414 577.789881059
415 415 151.506838888
416 416 438.453139839
417 417 0.00297746776222
418 418 329.507813712
419 419 0.0055081348287
420 420 0.00325710188485
421 421 0.00205571637138
422 422 214.199617441
423 423 0.00187076119795
424 424 175.360545908
425 425 0.0013442828219
426 426 136.522619442
427 427 460.908610327
428 428 111.643822396
429 429 339.925206813
430 430 151.15744332
431 431 438.409583088
432 432 277.43945275
433 433 553.728259709
434 434 0.00477937626399
435 435 223.205087912
436 436 31.018745987
437 437 340.280806337
438 438 0.00844620994668
439 439 537.827771529
440 440 0.00956260186188
441 441 355.427847168
442 442 0.00280302820294
443 443 0.00625347005904
444 444 467.597047879
445 445 210.005259558
446 446 0.0082111339644
447 447 0.00104648174495
448 448 97.6333600634
449 449 188.233767494
450 450 66.9345156427
451 451 169.649643596
452 452 304.253181159
453 453 291.146034594
454 454 100.904982273
455 455 348.400781064
456 456 0.00155328869131
457 457 521.059457401
458 458 161.829286007
459 459 0.00226444291685
460 460 0.00746302258613
461 461 97.668948348
462 462 154.596253173
463 463 437.61652499
464 464 314.811333153
465 465 75.540838154
466 466 543.606945007
467 467 370.504767656
468 468 0.00921970468489
469 469 538.261661055
470 470 339.813111832
471 471 207.437772287
472 472 419.7687274
473 473 367.499961603
474 474 196.109966845
475 475 0.00570128229725
476 476 584.882670268
477 477 552.224399526
478 478 0.0076397466554
479 479 501.900406415
480 480 76.1541982853
481 481 0.00158857878006
482 482 0.00526086366048
483 483 527.271864663
484 484 588.112553689
485 485 0.00904547154271
486 486 441.203072316
487 487 231.437064676
488 488 580.415970285
489 489 193.474684262
490 490 267.757584716
491 491 0.000466512116845
492 492 461.371676149
493 493 0.00328565717954
494 494 0.00571418822325
495 495 155.343740211
496 496 116.81156866
497 497 23.0020817499
498 498 189.397338182
499 499 0.00253089145807
500 500 548.111462719
501 501 0.00743131709884
502 502 295.624230971
503 503 131.43075131
504 504 444.584952422
505 505 0.00649003590051
506 506 540.413271308
507 507 593.418235489
508 508 238.717312117
509 509 0.00676867272523
510 510 60.2177458617
511 511 59.760248832
512 512 0.00386062628066
513 513 0.000532141170723
514 514 128.497355809
515 515 247.539441449
516 516 136.860017281
517 517 250.505629972
518 518 0.00162913331718
519 519 544.24242373
520 520 0.00530269808424
521 521 120.1746908
522 522 103.691354584
523 523 128.899946094
524 524 389.528761348
525 525 217.71432815
526 526 65.8176853023
527 527 427.786393798
528 528 0.000645414603155
529 529 377.374844199
530 530 475.758190682
531 531 0.00796171841305
532 532 197.335646401
533 533 140.059429821
534 534 215.172050567
535 535 80.5120314702
536 536 282.144431284
537 537 476.307527803
538 538 344.279228299
539 539 604.756614096
540 540 0.0093348118191
541 541 48.2107377997
542 542 175.045153104
543 543 0.00267269374047
544 544 553.853773814
545 545 12.1685840248
546 546 0.001211594102
547 547 137.954660223
548 548 498.924852542
549 549 71.4422243085
550 550 0.00538520124161
551 551 416.46346578
552 552 0.00273299124548
553 553 69.6344977116
554 554 587.931357044
555 555 320.095807064
556 556 212.871165324
557 557 285.554259926
558 558 284.347640357
559 559 443.168763913
560 560 0.0011186059875
561 561 372.104099124
562 562 0.00690910804019
563 563 270.936252793
564 564 588.164463919
565 565 0.00425643989994
566 566 343.098842737
567 567 377.744090312
568 568 481.342417503
569 569 482.475551558
570 570 435.304825541
571 571 556.522312225
572 572 532.388433846
573 573 0.00640920685153
574 574 0.00565885373068
575 575 449.530801829
576 576 227.677739213
577 577 0.00528776411463
578 578 531.196511567
579 579 378.932530652
580 580 308.284446515
581 581 310.09971114
582 582 0.00677496359959
583 583 0.00569293529245
584 584 163.581158709
585 585 510.581700397
586 586 0.00865006089281
587 587 0.00280822221389
588 588 242.543109242
589 589 236.28390277
590 590 211.855514732
591 591 52.0142249145
592 592 419.128900682
593 593 385.283663061
594 594 0.00240009730909
595 595 455.572733542
596 596 454.571311048
597 597 273.993380927
598 598 581.825798944
599 599 142.533877552
600 600 194.925223308
601 601 180.323079331
602 602 18.2670138024
603 603 0.00928107907135
604 604 571.568557489
605 605 236.285530739
606 606 262.845348052
607 607 47.9008845119
608 608 0.00376338269545
609 609 333.968658452
610 610 117.36440683
611 611 534.205713472
612 612 380.93933793
613 613 270.257906175
614 614 0.00522248206026
615 615 0.00868062384206
616 616 323.408153376
617 617 583.225497759
618 618 156.784225161
619 619 0.005554862735
620 620 435.60768936
621 621 158.81347998
622 622 315.126387635
623 623 548.333044298
624 624 596.421265223
625 625 586.00111663
626 626 491.527740559
627 627 141.492902206
628 628 0.00503507538035
629 629 356.140371082
630 630 193.52923438
631 631 264.418320398
632 632 56.8145445327
633 633 0.00834008958698
634 634 306.598807401
635 635 394.357658085
636 636 264.612533644
637 637 312.827594942
638 638 0.00883399223589
639 639 0.00639100399227
640 640 582.768212096
641 641 15.1207450937
642 642 329.930828224
643 643 379.426242296
644 644 0.00398179836255
645 645 64.0197188555
646 646 0.00656356949655
647 647 37.542977837
648 648 344.33204447
649 649 206.241868318
650 650 16.7757540983
651 651 623.405948997
652 652 192.431096411
653 653 0.00268319745707
654 654 316.648947214
655 655 0.00247179793491
656 656 167.539238826
657 657 262.002940132
658 658 417.187263456
659 659 434.950016105
660 660 37.4695173196
661 661 210.991576689
662 662 0.00845012837287
663 663 576.701693977
664 664 269.699948329
665 665 5.9823083876
666 666 26.5205593765
667 667 0.00232682037616
668 668 571.715720629
669 669 5.49937449477e-05
670 670 234.013184947
671 671 96.2969204122
672 672 362.24203476
673 673 249.647372636
674 674 85.5166831924
675 675 0.0037860878791
676 676 53.5009125609
677 677 88.583538254
678 678 376.223210782
679 679 0.00735338576281
680 680 0.00541229983598
681 681 407.516839726
682 682 299.325185321
683 683 372.177970115
684 684 405.985076984
685 685 287.548634291
686 686 546.366612618
687 687 373.576029571
688 688 0.00290079702239
689 689 227.77488391
690 690 111.800638101
691 691 597.18114956
692 692 32.1257601275
693 693 207.993814259
694 694 552.927974415
695 695 0.00322102749235
696 696 0.00463920238822
697 697 321.733872534
698 698 88.837870756
699 699 0.00512075891861
700 700 498.611268419
701 701 0.00588658047195
702 702 0.00390424797216
703 703 1.82343641789
704 704 0.00958559178945
705 705 42.1580595804
706 706 0.00733535465876
707 707 0.000120126338117
708 708 0.00764050146833
709 709 119.651183047
710 710 242.636096057
711 711 445.987101828
712 712 0.00368701886837
713 713 344.29548745
714 714 585.529882679
715 715 491.630436313
716 716 365.488262755
717 717 140.123677325
718 718 237.484320838
719 719 417.032082926
720 720 563.237385444
721 721 258.264989845
722 722 0.00718414734041
723 723 381.224202138
724 724 471.717922448
725 725 518.334509173
726 726 486.091732897
727 727 292.397648787
728 728 594.174832819
729 729 105.619936912
730 730 346.26025038
731 731 478.515701776
732 732 594.59866208
733 733 623.194697038
734 734 222.988989029
735 735 464.638140545
736 736 0.00758194236159
737 737 469.644898915
738 738 563.6832866
739 739 411.61677903
740 740 64.3827567307
741 741 413.100960779
742 742 120.947559882
743 743 0.000771525970622
744 744 7.89991835888
745 745 616.048403506
746 746 561.062506447
747 747 0.0048911393088
748 748 513.269779631
749 749 271.172208207
750 750 393.900257971
751 751 378.034598115
752 752 432.214759842
753 753 480.317698898
754 754 0.00925977751442
755 755 142.296995335
756 756 0.00558842575849
757 757 227.617483213
758 758 92.5171398967
759 759 0.00710661572068
760 760 118.21980959
761 761 0.00582016883995
762 762 139.909383061
763 763 396.33797777
764 764 151.654634263
765 765 0.0080731859895
766 766 239.090708641
767 767 31.7995823381
768 768 285.606239045
769 769 0.00367635020101
770 770 0.00544320906874
771 771 454.205351879
772 772 558.447012785
773 773 195.429032088
774 774 455.161987839
775 775 0.00133250491581
776 776 0.000782869551756
777 777 0.0092200562931
778 778 0.000913995400789
779 779 0.00447037102641
780 780 470.975300811
781 781 0.000844979656467
782 782 0.00278971484763
783 783 114.895063934
784 784 18.2341896782
785 785 545.171991805
786 786 284.471225459
787 787 0.00809396301414
788 788 0.00867614830846
789 789 521.526901247
790 790 55.8791378599
791 791 541.20268716
792 792 410.033626457
793 793 520.710179045
794 794 276.459646422
795 795 599.624464459
796 796 0.00491121369478
797 797 371.063554759
798 798 456.78894623
799 799 0.00386812204584
800 800 267.956587432
801 801 588.983036166
802 802 488.375852257
803 803 620.455000354
804 804 398.395200828
805 805 188.92693595
806 806 0.00656754232602
807 807 0.00443609989186
808 808 320.362500935
809 809 473.448249877
810 810 0.00148674358189
811 811 0.00330837612407
812 812 205.067001096
813 813 617.476810618
814 814 433.493534306
815 815 6.4058595818e-05
816 816 0.0037423163797
817 817 1.46133192934
818 818 20.23393951
819 819 187.747514416
820 820 264.628893374
821 821 55.7668820968
822 822 0.000631816981053
823 823 211.668409489
824 824 0.00495371721549
825 825 284.583019516
826 826 563.383537323
827 827 571.998801328
828 828 223.92234768
829 829 45.7413945829
830 830 170.096738756
831 831 0.00453435312189
832 832 381.371260202
833 833 616.279952233
834 834 528.705754854
835 835 121.663350511
836 836 448.326178012
837 837 20.3973254693
838 838 272.977108941
839 839 0.00825976583314
840 840 267.641906706
841 841 196.616994572
842 842 522.794088052
843 843 235.339384544
844 844 140.013524329
845 845 27.454234064
846 846 273.7505265
847 847 191.290742613
848 848 398.872644353
849 849 295.585802709
850 850 500.03282438
851 851 25.3681675816
852 852 232.389687436
853 853 499.486450587
854 854 511.059377359
855 855 0.000887369570642
856 856 0.00823620789179
857 857 467.519366249
858 858 392.096908982
859 859 0.00256509689483
860 860 0.00578333080467
861 861 0.0050610347039
862 862 447.391382335
863 863 306.503343238
864 864 565.132410376
865 865 512.384758001
866 866 0.00854407365702
867 867 440.630909276
868 868 442.878217697
869 869 0.00570522189454
870 870 151.213457983
871 871 0.00557398997104
872 872 125.555339513
873 873 7.61802314347e-05
874 874 0.00246585372301
875 875 518.095572911
876 876 286.662504519
877 877 0.00501831433441
878 878 518.542171273
879 879 244.288605372
880 880 415.96842161
881 881 0.00634216567392
882 882 474.882682425
883 883 372.499653134
884 884 180.391524846
885 885 88.1053927281
886 886 0.00371415877602
887 887 569.032554929
888 888 341.687519417
889 889 238.525579197
890 890 300.054992763
891 891 150.700717363
892 892 533.034631204
893 893 278.30920852
894 894 368.10964981
895 895 264.205307809
896 896 0.00252646905622
897 897 499.033943357
898 898 106.259168441
899 899 0.00941431816107
900 900 0.00372778756816
901 901 234.685319696
902 902 107.573760746
903 903 357.114039605
904 904 198.223676997
905 905 37.4490090632
906 906 183.467042848
907 907 0.00302180875097
908 908 121.140671495
909 909 0.00705429349251
910 910 0.00633715988484
911 911 0.00350602549028
912 912 0.00548725280471
913 913 48.5374254968
914 914 0.00165751435319
915 915 603.700607266
916 916 422.192366093
917 917 353.098480535
918 918 209.246848538
919 919 469.995316401
920 920 0.0028519468948
921 921 0.00397151736339
922 922 608.32635849
923 923 0.00202567537975
924 924 0.00620877964035
925 925 151.671691661
926 926 0.00469965205133
927 927 160.562940982
928 928 498.742138195
929 929 41.3917690779
930 930 0.00495060290205
931 931 155.730220727
932 932 0.00282868930516
933 933 364.306784334
934 934 578.290830072
935 935 158.722862633
936 936 601.379759937
937 937 321.608164235
938 938 57.5979860097
939 939 0.00691879986098
940 940 362.781799738
941 941 381.622266541
942 942 367.872186415
943 943 0.00672649701063
944 944 601.117704806
945 945 524.454704513
946 946 454.706855977
947 947 158.323202792
948 948 408.710122859
949 949 220.663626236
950 950 0.0089688949618
951 951 0.00621671270117
952 952 29.5368389465
953 953 329.667465411
954 954 301.796461165
955 955 445.021397896
956 956 531.90988811
957 957 130.474936799
958 958 424.718825582
959 959 68.4121466356
960 960 454.901805414
961 961 610.322063906
962 962 382.444189628
963 963 0.00509960252437
964 964 0.00743123008969
965 965 111.82879404
966 966 480.504217464
967 967 24.2860641323
968 968 546.011691782
969 969 0.000379719971207
970 970 559.309200607
971 971 211.834583669
972 972 460.758221732
973 973 416.599674776
974 974 368.618084266
975 975 72.8002139914
976 976 379.848010861
977 977 489.843550922
978 978 496.551530374
979 979 0.00951524422604
980 980 68.9630381119
981 981 139.670659996
982 982 160.645300694
983 983 0.00914087766468
984 984 98.1713190053
985 985 415.189698978
986 986 0.00389164168752
987 987 482.550774499
988 988 380.960138207
989 989 176.235951271
990 990 304.276805169
991 991 277.046961173
992 992 297.251712388
993 993 0.00566807807229
994 994 433.740285016
995 995 588.537446779
996 996 0.00492438192826
997 997 0.00103522836116
998 998 613.101772126
999 999 140.195730741
1000 1000 0.00547316929358
1001 1001 591.499221827
1002 1002 425.753286523
1003 1003 125.395266769
1004 1004 39.0314138621
1005 1005 505.262826095
1006 1006 270.387366774
1007 1007 88.5269126893
1008 1008 261.176403728
1009 1009 416.509236808
1010 1010 588.273216478
1011 1011 505.322454055
1012 1012 146.141280781
1013 1013 439.387284908
1014 1014 300.865608286
1015 1015 354.029278074
1016 1016 13.6367477498
1017 1017 462.688911594
1018 1018 284.712371324
1019 1019 509.049977866
1020 1020 0.00810861364646
1021 1021 495.055735667
1022 1022 536.17418455
1023 1023 114.401480224
1024 1024 426.201274447
1025 1025 18.6506613863
1026 1026 0.00544827762593
1027 1027 547.453221741
1028 1028 169.548792974
1029 1029 44.9360600835
1030 1030 190.134464122
1031 1031 0.00631883951068
1032 1032 14.5779670427
1033 1033 0.00879431024747
1034 1034 364.378748771
1035 1035 281.627248171
1036 1036 305.983896997
1037 1037 623.398393923
1038 1038 40.7773588913
1039 1039 198.774646168
1040 1040 398.341331866
1041 1041 119.159118646
1042 1042 430.868024231
1043 1043 507.25064285
1044 1044 585.987092231
1045 1045 52.2435437259
1046 1046 0.000726528183971
1047 1047 0.00308562895996
1048 1048 333.972031675
1049 1049 252.853466068
1050 1050 377.770080277
1051 1051 0.00335339215124
1052 1052 0.000875173194059
1053 1053 0.00714787899517
1054 1054 533.207759771
1055 1055 218.912258109
1056 1056 0.00743207159979
1057 1057 89.9926298218
1058 1058 448.237179848
1059 1059 242.543061834
1060 1060 136.735060372
1061 1061 63.4216834629
1062 1062 0.00608421562461
1063 1063 131.150837014
1064 1064 371.878350003
1065 1065 33.204021037
1066 1066 225.222019771
1067 1067 366.167172523
1068 1068 162.24009868
1069 1069 162.957482175
1070 1070 225.81629114
1071 1071 91.4937301722
1072 1072 375.850503373
1073 1073 199.902803846
1074 1074 602.32608289
1075 1075 514.149737168
1076 1076 185.779587609
1077 1077 0.00121676086436
1078 1078 603.200078689
1079 1079 0.004972064356
1080 1080 353.595770417
1081 1081 0.00942251709099
1082 1082 381.079155941
1083 1083 334.185298557
1084 1084 606.76007552
1085 1085 372.749228179
1086 1086 371.631622745
1087 1087 37.3784915066
1088 1088 352.541614965
1089 1089 0.00469498498543
1090 1090 582.672869801
1091 1091 587.555125524
1092 1092 101.258942849
1093 1093 505.416832305
1094 1094 214.876906547
1095 1095 0.000700932221591
1096 1096 222.293177539
1097 1097 126.847592821
1098 1098 245.940268628
1099 1099 0.00155804872626
1100 1100 0.00139067901292
1101 1101 177.721576061
1102 1102 561.85270639
1103 1103 95.7895557739
1104 1104 392.289492469
1105 1105 242.841071802
1106 1106 485.238390768
1107 1107 519.158451848
1108 1108 429.844016671
1109 1109 299.727023743
1110 1110 201.160627841
1111 1111 0.000535239379501
1112 1112 309.237900198
1113 1113 244.68958772
1114 1114 133.486607296
1115 1115 0.00219827257178
1116 1116 88.3163190074
1117 1117 135.774801822
1118 1118 525.474820937
1119 1119 558.998562369
1120 1120 589.089218663
1121 1121 572.962931485
1122 1122 234.118196044
1123 1123 369.236948303
1124 1124 580.719233382
1125 1125 399.598366779
1126 1126 92.669630877
1127 1127 0.000691380621695
1128 1128 374.339964291
1129 1129 63.5295120585
1130 1130 12.8046436306
1131 1131 367.460687722
1132 1132 268.522659913
1133 1133 132.095449736
1134 1134 39.821324339
1135 1135 437.250963444
1136 1136 50.8838830614
1137 1137 142.047844503
1138 1138 345.481034482
1139 1139 397.443560572
1140 1140 156.396635537
1141 1141 439.936597373
1142 1142 267.742090659
1143 1143 66.1606033951
1144 1144 0.00708939324768
1145 1145 0.00806637310644
1146 1146 484.876185891
1147 1147 0.00987503535452
1148 1148 447.0997264
1149 1149 0.00358949784285
1150 1150 71.7766409868
1151 1151 380.727864118
1152 1152 281.231360173
1153 1153 314.163413918
1154 1154 5.03352388958
1155 1155 157.806603769
1156 1156 621.38145784
1157 1157 374.131346163
1158 1158 504.147221429
1159 1159 0.00547793252556
1160 1160 406.319728772
1161 1161 255.818986986
1162 1162 0.00192961435585
1163 1163 534.367300777
1164 1164 213.903077155
1165 1165 337.190469287
1166 1166 432.865790157
1167 1167 10.9443786207
1168 1168 484.517505404
1169 1169 408.265539603
1170 1170 0.00403164392814
1171 1171 0.0047668908069
1172 1172 119.213711205
1173 1173 588.323044708
1174 1174 377.68657384
1175 1175 421.068920781
1176 1176 433.909787457
1177 1177 317.146202967
1178 1178 0.00647030949724
1179 1179 101.798723966
1180 1180 430.412264574
1181 1181 465.472525577
1182 1182 145.157076031
1183 1183 533.788685508
1184 1184 0.00928065985374
1185 1185 584.93218756
1186 1186 168.411352174
1187 1187 383.416742279
1188 1188 117.918047026
1189 1189 39.7133544672
1190 1190 0.00626087474927
1191 1191 0.00952192485515
1192 1192 440.930458738
1193 1193 550.382971218
1194 1194 382.921027177
1195 1195 172.050323156
1196 1196 0.00923672240181
1197 1197 552.105890856
1198 1198 0.00270806253742
1199 1199 95.4027176025
1200 1200 0.00216778708836
1201 1201 95.2263213696
1202 1202 288.377831906
1203 1203 0.00224549293482
1204 1204 0.0025151672423
1205 1205 448.011074581
1206 1206 0.00675782933283
1207 1207 533.631934173
1208 1208 604.122927031
1209 1209 0.00217740017834
1210 1210 281.455142143
1211 1211 600.499699068
1212 1212 432.025406227
1213 1213 0.009531084202
1214 1214 0.00854683696698
1215 1215 375.620036014
1216 1216 249.844561809
1217 1217 582.557583745
1218 1218 0.00295871200161
1219 1219 337.75537102
1220 1220 200.578883146
1221 1221 57.5333567742
1222 1222 0.00813511614209
1223 1223 296.728856032
1224 1224 305.729452553
1225 1225 516.556181852
1226 1226 401.827407691
1227 1227 262.709358263
1228 1228 0.00760246265675
1229 1229 0.00017129383391
1230 1230 66.9968059409
1231 1231 0.000277422323696
1232 1232 359.90606982
1233 1233 0.00657193998429
1234 1234 0.00834632934714
1235 1235 282.384350594
1236 1236 70.9809968753
1237 1237 562.828930555
1238 1238 179.567169933
1239 1239 29.1037625649
1240 1240 217.032471117
1241 1241 157.521955719
1242 1242 0.00882266960349
1243 1243 115.984583804
1244 1244 0.00146714991276
1245 1245 67.4802896402
1246 1246 0.00633804653344
1247 1247 555.118111124
1248 1248 0.00725917130671
1249 1249 535.602552649
1250 1250 0.00866057317249
1251 1251 312.834361091
1252 1252 150.064828744
1253 1253 0.0079313776594
1254 1254 298.881381758
1255 1255 0.00617448563596
1256 1256 385.951712264
1257 1257 15.5868979671
1258 1258 2.539484148
1259 1259 322.79806282
1260 1260 533.972210075
1261 1261 86.9088096804
1262 1262 572.729289845
1263 1263 0.00123060034085
1264 1264 105.529362999
1265 1265 488.946946534
1266 1266 383.449092155
1267 1267 0.0038775518423
1268 1268 224.870612103
1269 1269 298.377195667
1270 1270 0.00824072089471
1271 1271 232.375899062
1272 1272 193.208865727
1273 1273 307.512636863
1274 1274 451.142620137
1275 1275 173.384216249
1276 1276 296.637467133
1277 1277 420.596099205
1278 1278 324.567814724
1279 1279 329.417372706
1280 1280 353.003195113
1281 1281 317.817089154
1282 1282 184.344478452
1283 1283 175.844020522
1284 1284 4.75842626953
1285 1285 33.5415511435
1286 1286 607.194767835
1287 1287 0.00692257209638
1288 1288 136.494667123
1289 1289 540.144882996
1290 1290 0.00594727528813
1291 1291 15.2681767305
1292 1292 285.136452241
1293 1293 0.00185701236531
1294 1294 400.38598879
1295 1295 247.997881122
1296 1296 140.289184937
1297 1297 622.94319293
1298 1298 0.00755294190419
1299 1299 0.00131072295048
1300 1300 161.11079611
1301 1301 322.43562177
1302 1302 338.346495262
1303 1303 426.130728576
1304 1304 0.00981472607358
1305 1305 28.2721558001
1306 1306 525.523151844
1307 1307 202.778937255
1308 1308 538.636211243
1309 1309 579.377713623
1310 1310 0.00606780739035
1311 1311 0.00306213429587
1312 1312 205.89823093
1313 1313 292.779725231
1314 1314 459.744780097
1315 1315 214.850683075
1316 1316 0.00894256639414
1317 1317 14.464859295
1318 1318 31.5689038319
1319 1319 146.011049338
1320 1320 0.00576510861898
1321 1321 496.08470964
1322 1322 0.00879423116955
1323 1323 0.00489393493299
1324 1324 0.000155580701085
1325 1325 0.00558015651874
1326 1326 215.864542589
1327 1327 0.00736613114586
1328 1328 243.138421337
1329 1329 433.900231145
1330 1330 0.00181847992512
1331 1331 596.524617157
1332 1332 595.077471323
1333 1333 0.00285701085263
1334 1334 298.460580548
1335 1335 182.496499859
1336 1336 0.00200779891647
1337 1337 0.00389826143101
1338 1338 503.750745423
1339 1339 254.958501553
1340 1340 20.709299399
1341 1341 123.336207907
1342 1342 622.397438059
1343 1343 420.421286837
1344 1344 314.246882405
1345 1345 0.00886413816136
1346 1346 518.913706085
1347 1347 0.00192577221383
1348 1348 0.00119316815105
1349 1349 454.514909154
1350 1350 134.552443783
1351 1351 0.00251364629915
1352 1352 189.610235826
1353 1353 249.227651687
1354 1354 619.218017584
1355 1355 181.004137301
1356 1356 124.467317844
1357 1357 198.604606308
1358 1358 0.00960049229581
1359 1359 0.000611475932833
1360 1360 502.034057625
1361 1361 469.399253162
1362 1362 337.907419238
1363 1363 565.870706744
1364 1364 0.00325014070257
1365 1365 582.656454124
1366 1366 195.191025974
1367 1367 428.873466792
1368 1368 208.358664872
1369 1369 0.00549372441046
1370 1370 458.614671684
1371 1371 280.953027363
1372 1372 0.0067095909248
1373 1373 319.662515674
1374 1374 0.0080155271959
1375 1375 0.00661011962346
1376 1376 0.003561421552
1377 1377 263.051412573
1378 1378 330.4167617
1379 1379 492.156849025
1380 1380 225.541080692
1381 1381 551.014568039
1382 1382 0.00388381217145
1383 1383 0.00153862098568
1384 1384 40.8259362522
1385 1385 580.232067743
1386 1386 244.945787354
1387 1387 115.974703246
1388 1388 0.00293684959018
1389 1389 515.432555076
1390 1390 176.42753376
1391 1391 335.596724877
1392 1392 183.48830611
1393 1393 0.00947662799
1394 1394 0.00124981712928
1395 1395 47.527384573
1396 1396 0.00354200979181
1397 1397 336.345289499
1398 1398 0.00212210655552
1399 1399 407.576769247
1400 1400 595.730077916
1401 1401 439.755744003
1402 1402 559.307329016
1403 1403 55.6018893403
1404 1404 623.7815305
1405 1405 0.00873605303286
1406 1406 80.653585487
1407 1407 216.266891863
1408 1408 228.040174012
1409 1409 0.00661127289036
1410 1410 0.00560159366068
1411 1411 0.00674389320757
1412 1412 0.00463854659347
1413 1413 0.00895919337991
1414 1414 461.916505461
1415 1415 347.755659395
1416 1416 546.851358572
1417 1417 218.327210053
1418 1418 125.542113286
1419 1419 0.00324359595482
1420 1420 270.983511947
1421 1421 0.000262620963277
1422 1422 70.2385282361
1423 1423 300.533782237
1424 1424 582.66916147
1425 1425 0.00945954768677
1426 1426 0.00277475496061
1427 1427 0.00313422373958
1428 1428 599.888984879
1429 1429 113.496806427
1430 1430 375.920402119
1431 1431 0.00949876818167
1432 1432 495.646131002
1433 1433 601.218582565
1434 1434 0.00434994539049
1435 1435 507.856188557
1436 1436 220.972225511
1437 1437 580.606154262
1438 1438 235.772473728
1439 1439 399.983072973
1440 1440 116.989111068
1441 1441 449.033417715
1442 1442 321.695317837
1443 1443 281.23670023
1444 1444 135.036344497
1445 1445 132.156412446
1446 1446 32.7046909387
1447 1447 185.279519511
1448 1448 543.474742926
1449 1449 175.464357809
1450 1450 520.269936817
1451 1451 515.573043812
1452 1452 609.429395703
1453 1453 293.333403586
1454 1454 0.00346528206415
1455 1455 0.00300038902458
1456 1456 0.00115364068227
1457 1457 0.00167848937529
1458 1458 534.621625054
1459 1459 359.834350404
1460 1460 88.1113817665
1461 1461 75.3587968829
1462 1462 252.644088893
1463 1463 398.24549648
1464 1464 0.00361238726375
1465 1465 421.142932224
1466 1466 0.00565751886818
1467 1467 554.356155577
1468 1468 484.126259477
1469 1469 112.739942861
1470 1470 225.163166919
1471 1471 324.895797523
1472 1472 290.316499559
1473 1473 531.260600427
1474 1474 490.900311964
1475 1475 120.816454172
1476 1476 544.175569278
1477 1477 539.918946515
1478 1478 460.370580901
1479 1479 556.704948226
1480 1480 320.650464164
1481 1481 0.00769644710161
1482 1482 481.511294643
1483 1483 617.772315054
1484 1484 622.493319742
1485 1485 0.00579183911123
1486 1486 0.00840699098329
1487 1487 0.00935840293351
1488 1488 190.509627343
1489 1489 5.7870859705
1490 1490 221.142586751
1491 1491 0.00932819633252
1492 1492 0.00306989335102
1493 1493 370.137101055
1494 1494 0.00500790205204
1495 1495 292.977430597
1496 1496 163.474592704
1497 1497 396.280379787
1498 1498 160.319458804
1499 1499 265.348407381
1500 1500 404.413328614
1501 1501 322.923609292
1502 1502 618.462077753
1503 1503 134.318448599
1504 1504 521.310797504
1505 1505 521.90515725
1506 1506 613.667547889
1507 1507 606.690063817
1508 1508 0.000327065508545
1509 1509 256.050153193
1510 1510 0.00735760403219
1511 1511 573.888486196
1512 1512 79.9501499861
1513 1513 0.00683936775453
1514 1514 146.121167577
1515 1515 447.512068504
1516 1516 354.995340818
1517 1517 507.451988328
1518 1518 567.789104416
1519 1519 31.8105713222
1520 1520 25.6079148139
1521 1521 167.698496611
1522 1522 307.533757709
1523 1523 0.00643166312163
1524 1524 536.36233927
1525 1525 614.720210551
1526 1526 0.00137761460599
1527 1527 185.277895375
1528 1528 9.84484260173
1529 1529 115.379647161
1530 1530 452.516494621
1531 1531 0.000627975791047
1532 1532 173.267708945
1533 1533 223.233058604
1534 1534 594.420438576
1535 1535 181.365520857
1536 1536 390.928185395
1537 1537 241.421904942
1538 1538 114.975263513
1539 1539 0.00604292223519
1540 1540 0.00960929475478
1541 1541 191.812375477
1542 1542 0.00783518280793
1543 1543 374.575769571
1544 1544 0.00830142056084
1545 1545 0.00923326991922
1546 1546 35.084705517
1547 1547 53.1702039457
1548 1548 188.596713112
1549 1549 21.0122160803
1550 1550 522.017053807
1551 1551 300.885655872
1552 1552 0.00355083960707
1553 1553 533.858441348
1554 1554 242.737716139
1555 1555 402.602955214
1556 1556 263.708229856
1557 1557 0.00141294082324
1558 1558 281.229332435
1559 1559 138.328677572
1560 1560 187.305928822
1561 1561 61.5894502674
1562 1562 242.053845929
1563 1563 587.431640923
1564 1564 504.399027599
1565 1565 24.1023075532
1566 1566 7.03801419532
1567 1567 172.527487954
1568 1568 468.432083108
1569 1569 616.131818843
1570 1570 475.976412341
1571 1571 0.00568557815885
1572 1572 190.139304904
1573 1573 110.254408677
1574 1574 446.129149722
1575 1575 107.795327536
1576 1576 0.00751075949379
1577 1577 0.00730783661713
1578 1578 124.620416247
1579 1579 0.00995278785424
1580 1580 93.2942642707
1581 1581 0.000540580539502
1582 1582 522.851171836
1583 1583 0.0045936034098
1584 1584 302.741905918
1585 1585 67.7843619992
1586 1586 0.19630769402
1587 1587 479.593876725
1588 1588 401.731842962
1589 1589 74.9024762187
1590 1590 0.00468638432592
1591 1591 114.556495947
1592 1592 293.833120501
1593 1593 107.660299042
1594 1594 555.966497003
1595 1595 223.920285726
1596 1596 188.022427177
1597 1597 0.00861538206768
1598 1598 83.1712146905
1599 1599 95.7608823389
1600 1600 81.5634298115
1601 1601 464.423778394
1602 1602 600.037404654
1603 1603 114.922763648
1604 1604 141.830110024
1605 1605 415.232665098
1606 1606 608.834003682
1607 1607 345.727803357
1608 1608 127.435970176
1609 1609 0.00562419255971
1610 1610 612.563102145
1611 1611 0.00541088131877
1612 1612 13.4933562543
1613 1613 166.880844744
1614 1614 80.6597708497
1615 1615 52.5384573096
1616 1616 125.664567338
1617 1617 522.199285667
1618 1618 0.0086613859225
1619 1619 125.619164745
1620 1620 275.162325085
1621 1621 0.00113193761039
1622 1622 97.2719024249
1623 1623 120.603294565
1624 1624 560.508902632
1625 1625 0.00329663764058
1626 1626 150.759541827
1627 1627 218.558047578
1628 1628 0.0069827009618
1629 1629 556.420498856
1630 1630 282.408963373
1631 1631 0.00672971695832
1632 1632 436.332621398
1633 1633 99.345788522
1634 1634 0.00375810527745
1635 1635 531.913909443
1636 1636 168.400534833
1637 1637 0.00469468107509
1638 1638 0.00400082771414
1639 1639 0.00446097390821
1640 1640 399.371752137
1641 1641 231.558511724
1642 1642 542.523637592
1643 1643 24.5404042208
1644 1644 182.69573825
1645 1645 256.618916642
1646 1646 0.00840189188781
1647 1647 617.761810921
1648 1648 58.4187425648
1649 1649 376.462277994
1650 1650 355.374004169
1651 1651 278.076616334
1652 1652 0.0027493950368
1653 1653 207.938993758
1654 1654 194.672961133
1655 1655 477.769342575
1656 1656 528.433740507
1657 1657 381.496845168
1658 1658 0.0090988346546
1659 1659 266.671001118
1660 1660 0.00537717271908
1661 1661 0.00558993425717
1662 1662 154.850244479
1663 1663 301.556536814
1664 1664 582.131002045
1665 1665 107.89862538
1666 1666 223.613801704
1667 1667 0.00532500739458
1668 1668 484.94486246
1669 1669 563.41610858
1670 1670 0.000555740742955
1671 1671 0.00863421190067
1672 1672 612.213071374
1673 1673 82.9894823738
1674 1674 19.2417779602
1675 1675 613.8350889
1676 1676 15.2915472934
1677 1677 482.302246393
1678 1678 542.820367242
1679 1679 0.00121770069856
1680 1680 13.0345442865
1681 1681 132.922983382
1682 1682 0.00714294459273
1683 1683 299.097745954
1684 1684 507.170491854
1685 1685 0.0090468865914
1686 1686 239.657664511
1687 1687 436.703993351
1688 1688 400.193330939
1689 1689 533.933818649
1690 1690 258.111833421
1691 1691 67.3158071764
1692 1692 585.975602363
1693 1693 347.92975138
1694 1694 261.182849001
1695 1695 267.4302047
1696 1696 423.462812027
1697 1697 0.00968793800176
1698 1698 182.130473311
1699 1699 607.68518184
1700 1700 109.138610932
1701 1701 288.164899671
1702 1702 540.093055216
1703 1703 254.536852741
1704 1704 443.707868844
1705 1705 108.407654592
1706 1706 0.00810899666792
1707 1707 0.00135672478501
1708 1708 460.006324257
1709 1709 469.337389244
1710 1710 139.566558613
1711 1711 308.894653433
1712 1712 0.00795243554777
1713 1713 292.573012255
1714 1714 52.0533591586
1715 1715 29.3395957901
1716 1716 404.544322341
1717 1717 324.94100445
1718 1718 362.732842799
1719 1719 211.869207565
1720 1720 0.00231323921121
1721 1721 492.737985312
1722 1722 0.00481040231715
1723 1723 255.941130994
1724 1724 491.767875403
1725 1725 282.355353782
1726 1726 0.000627329469693
1727 1727 77.8803886019
1728 1728 604.0624897
1729 1729 253.349421333
1730 1730 0.00806541740988
1731 1731 569.358960427
1732 1732 0.00671007680532
1733 1733 63.8177281335
1734 1734 517.168627256
1735 1735 216.288484831
1736 1736 470.33121594
1737 1737 373.151317594
1738 1738 540.225097643
1739 1739 181.973210267
1740 1740 559.377983864
1741 1741 549.543917518
1742 1742 0.00406245666522
1743 1743 0.0031099609043
1744 1744 164.863514002
1745 1745 616.594585375
1746 1746 376.398940233
1747 1747 522.319253781
1748 1748 524.048963221
1749 1749 251.542429078
1750 1750 398.272325611
1751 1751 0.00880178034115
1752 1752 0.00718506657596
1753 1753 96.3591729133
1754 1754 0.00996916806173
1755 1755 41.3935859805
1756 1756 0.00377220504746
1757 1757 420.444886303
1758 1758 0.00382178553314
1759 1759 205.931561948
1760 1760 0.00452254800897
1761 1761 102.405981368
1762 1762 0.00895540853571
1763 1763 480.555855714
1764 1764 0.00261245403807
1765 1765 0.00578977366877
1766 1766 523.71032701
1767 1767 153.937411386
1768 1768 302.782819285
1769 1769 267.527146541
1770 1770 296.794388383
1771 1771 240.030279276
1772 1772 363.860017344
1773 1773 323.184878525
1774 1774 236.249153537
1775 1775 42.2100178931
1776 1776 222.479132604
1777 1777 531.568888212
1778 1778 393.238566782
1779 1779 0.00473584065588
1780 1780 0.00569492267307
1781 1781 315.856104734
1782 1782 75.5470423713
1783 1783 590.83098376
1784 1784 337.637041565
1785 1785 0.000420990402956
1786 1786 238.618995614
1787 1787 197.973806778
1788 1788 126.747971629
1789 1789 433.874753843
1790 1790 0.002931358268
1791 1791 142.423902293
1792 1792 440.958442066
1793 1793 147.084459509
1794 1794 383.061987214
1795 1795 342.299077324
1796 1796 415.316011841
1797 1797 150.532225683
1798 1798 0.00738099545294
1799 1799 125.693068223
1800 1800 352.412122999
1801 1801 81.4515192051
1802 1802 126.856855045
1803 1803 456.469985838
1804 1804 0.00783232734573
1805 1805 245.082303359
1806 1806 0.00700622123487
1807 1807 595.850900981
1808 1808 409.437756113
1809 1809 624.129078063
1810 1810 459.062621231
1811 1811 0.000577377890304
1812 1812 0.00172545687428
1813 1813 0.00572238880185
1814 1814 522.89977114
1815 1815 540.104034905
1816 1816 540.852654382
1817 1817 553.074481939
1818 1818 0.00561788506912
1819 1819 0.00272311334547
1820 1820 608.309531121
1821 1821 396.684360095
1822 1822 556.210966292
1823 1823 0.00129578605737
1824 1824 0.00452432954882
1825 1825 64.9255662438
1826 1826 77.643131412
1827 1827 614.369959083
1828 1828 464.158089415
1829 1829 238.709271807
1830 1830 213.464758516
1831 1831 318.605995444
1832 1832 252.042031924
1833 1833 0.00279873759663
1834 1834 0.00175504922079
1835 1835 403.86498372
1836 1836 330.672868672
1837 1837 310.221443906
1838 1838 0.00781970232256
1839 1839 122.032090599
1840 1840 618.657668219
1841 1841 125.891179292
1842 1842 266.830711767
1843 1843 121.396777527
1844 1844 360.200297776
1845 1845 621.872142989
1846 1846 0.00653585894618
1847 1847 0.00808066456354
1848 1848 501.098064918
1849 1849 463.583436691
1850 1850 274.282986677
1851 1851 100.013161601
1852 1852 145.441823449
1853 1853 12.2436005569
1854 1854 452.888109781
1855 1855 155.767814552
1856 1856 451.445041799
1857 1857 557.802497976
1858 1858 174.420420969
1859 1859 614.639832004
1860 1860 70.3126574642
1861 1861 0.00913476626705
1862 1862 34.4641654108
1863 1863 188.287564143
1864 1864 608.711363424
1865 1865 618.451915733
1866 1866 325.909412672
1867 1867 36.1366664006
1868 1868 84.8609394402
1869 1869 285.639994522
1870 1870 216.244926486
1871 1871 0.00563265602656
1872 1872 13.4738206258
1873 1873 71.9570624119
1874 1874 531.862777596
1875 1875 0.000509487715503
1876 1876 8.02923860243
1877 1877 0.00354135131323
1878 1878 44.2375370991
1879 1879 28.8987817894
1880 1880 250.748551354
1881 1881 198.746535359
1882 1882 337.171290811
1883 1883 289.611665778
1884 1884 387.312646026
1885 1885 0.00857521368979
1886 1886 442.324800905
1887 1887 0.00984387299335
1888 1888 272.738222623
1889 1889 0.00271644347364
1890 1890 85.9214684657
1891 1891 602.780290996
1892 1892 256.348680544
1893 1893 119.038853945
1894 1894 0.000448326196888
1895 1895 20.4866643661
1896 1896 270.616482105
1897 1897 552.894303797
1898 1898 0.00633680448665
1899 1899 0.00881027804701
1900 1900 455.838439404
1901 1901 100.567195754
1902 1902 382.908461736
1903 1903 323.855727825
1904 1904 286.611431087
1905 1905 385.178209226
1906 1906 0.00425490837861
1907 1907 423.981366971
1908 1908 0.0025643330021
1909 1909 321.013659232
1910 1910 0.00425998452003
1911 1911 89.9972101542
1912 1912 0.00606709911895
1913 1913 278.245979716
1914 1914 0.00989924023016
1915 1915 0.00732929145361
1916 1916 500.707895484
1917 1917 398.653209335
1918 1918 609.7341861
1919 1919 502.582573198
1920 1920 432.856385152
1921 1921 0.00962074894498
1922 1922 34.1869542023
1923 1923 228.670768247
1924 1924 0.00120114748616
1925 1925 567.500690829
1926 1926 321.493576454
1927 1927 174.746911237
1928 1928 451.92773565
1929 1929 445.138115862
1930 1930 267.701285943
1931 1931 0.00875099088724
1932 1932 107.2280368
1933 1933 418.082639542
1934 1934 42.4490265146
1935 1935 442.243701103
1936 1936 195.97437635
1937 1937 403.988381111
1938 1938 0.00817183278697
1939 1939 427.305625436
1940 1940 566.066318836
1941 1941 0.00889218937825
1942 1942 147.889835396
1943 1943 589.461030266
1944 1944 368.128296458
1945 1945 98.0133653401
1946 1946 0.00409011122336
1947 1947 577.634552755
1948 1948 285.331298868
1949 1949 169.319281632
1950 1950 0.00130094654323
1951 1951 47.9165311178
1952 1952 87.3138366847
1953 1953 321.290873884
1954 1954 18.4394383687
1955 1955 200.626188811
1956 1956 490.896191096
1957 1957 428.13616855
1958 1958 575.789825298
1959 1959 216.853910705
1960 1960 0.00956545703466
1961 1961 257.634211106
1962 1962 118.494487257
1963 1963 322.176405902
1964 1964 431.118849901
1965 1965 479.512985255
1966 1966 0.00842585811553
1967 1967 0.00460140586746
1968 1968 407.566218388
1969 1969 499.207645514
1970 1970 273.757662083
1971 1971 3.94520370123
1972 1972 0.00486404843427
1973 1973 166.244394133
1974 1974 523.624857946
1975 1975 204.074301946
1976 1976 521.187498483
1977 1977 265.021459246
1978 1978 203.933189097
1979 1979 546.987707917
1980 1980 89.9907014824
1981 1981 345.537033527
1982 1982 604.902322392
1983 1983 0.00567123619429
1984 1984 0.00830562031823
1985 1985 196.129367238
1986 1986 584.467610971
1987 1987 583.807078813
1988 1988 621.046431383
1989 1989 444.415189387
1990 1990 542.008069737
1991 1991 0.00359964111757
1992 1992 290.554965557
1993 1993 0.00532220202788
1994 1994 0.00916908597048
1995 1995 346.161979305
1996 1996 472.666868389
1997 1997 602.049375298
1998 1998 615.778307175
1999 1999 575.985918402
2000 2000 0.00277365602053
2001 2001 151.230016211
2002 2002 475.607582094
2003 2003 0.00119400032831
2004 2004 230.694482562
2005 2005 520.378230975
2006 2006 282.066288031
2007 2007 322.079658701
2008 2008 99.6033955066
2009 2009 254.408542133
2010 2010 4.37456734619
2011 2011 397.499972409
2012 2012 328.184206039
2013 2013 337.447753676
2014 2014 87.9812496305
2015 2015 0.00374651409978
2016 2016 356.067853347
2017 2017 152.217281325
2018 2018 300.119150506
2019 2019 605.799563849
2020 2020 530.680760749
2021 2021 242.409551146
2022 2022 485.532646121
2023 2023 0.00612502345139
2024 2024 0.00697716211339
2025 2025 422.304423806
2026 2026 0.00138212758721
2027 2027 580.205969498
2028 2028 72.6766414821
2029 2029 362.563894611
2030 2030 428.202059688
2031 2031 290.036852197
2032 2032 0.00385092253112
2033 2033 328.401154779
2034 2034 532.22335612
2035 2035 0.0016057876389
2036 2036 0.000599837134853
2037 2037 434.022948182
2038 2038 0.00582516513476
2039 2039 252.376703239
2040 2040 0.00522343364921
2041 2041 0.00250768861222
2042 2042 63.0122237011
2043 2043 228.813839456
2044 2044 0.00589647808967
2045 2045 0.00803874192068
2046 2046 0.00151716265622
2047 2047 383.280659234
2048 2048 0.000797135112711
2049 2049 0.000227158277174
2050 2050 526.360613158
2051 2051 340.918057294
2052 2052 418.106202997
2053 2053 531.235579749
2054 2054 471.709515344
2055 2055 0.0027419461971
2056 2056 0.00753454257396
2057 2057 0.00859167616366
2058 2058 479.980361467
2059 2059 621.955209472
2060 2060 0.00619522562879
2061 2061 557.9798975
2062 2062 25.942672094
2063 2063 0.00952593514391
2064 2064 238.327919565
2065 2065 372.881275719
2066 2066 0.0027284410651
2067 2067 434.997413272
2068 2068 0.00963467001493
2069 2069 552.645491273
2070 2070 388.803331791
2071 2071 179.616046148
2072 2072 0.00117012987932
2073 2073 79.5865495606
2074 2074 152.695262859
2075 2075 0.00202938943704
2076 2076 337.375542291
2077 2077 0.0099153903706
2078 2078 539.405893293
2079 2079 495.278202984
2080 2080 470.240971932
2081 2081 614.996636805
2082 2082 371.142366201
2083 2083 0.00285404104976
2084 2084 111.970641259
2085 2085 465.053673045
2086 2086 26.5677533598
2087 2087 166.765833777
2088 2088 54.3401827029
2089 2089 194.605503214
2090 2090 79.0965530786
2091 2091 363.833668033
2092 2092 194.083918421
2093 2093 0.0059257375983
2094 2094 0.0090764881719
2095 2095 278.441366884
2096 2096 611.208347653
2097 2097 280.854921294
2098 2098 353.356969603
2099 2099 447.742893399
2100 2100 0.00849508415308
2101 2101 0.00508180755066
2102 2102 570.483301225
2103 2103 618.939657388
2104 2104 371.492036461
2105 2105 29.6525973367
2106 2106 610.403332404
2107 2107 94.1961412242
2108 2108 57.749354021
2109 2109 223.352242873
2110 2110 36.0845068522
2111 2111 0.00430421899678
2112 2112 481.184757899
2113 2113 226.867838094
2114 2114 401.734308696
2115 2115 216.201713959
2116 2116 0.00271584056802
2117 2117 55.7149685241
2118 2118 247.495113737
2119 2119 85.064540989
2120 2120 392.308981251
2121 2121 549.124030957
2122 2122 138.159534661
2123 2123 591.334601141
2124 2124 268.95538183
2125 2125 0.00230644979716
2126 2126 101.577559904
2127 2127 507.244820471
2128 2128 294.211370254
2129 2129 372.364415751
2130 2130 242.799907946
2131 2131 586.2297469
2132 2132 0.00198477290022
2133 2133 576.4331649
2134 2134 527.173628047
2135 2135 404.510780218
2136 2136 395.808781608
2137 2137 394.853325776
2138 2138 457.907368926
2139 2139 505.181352033
2140 2140 529.931486885
2141 2141 349.738642613
2142 2142 0.00184049987385
2143 2143 476.574512762
2144 2144 9.38494599075
2145 2145 515.115527082
2146 2146 243.184636529
2147 2147 367.600976021
2148 2148 0.00625876953296
2149 2149 0.00410990959625
2150 2150 204.806785431
2151 2151 577.603249451
2152 2152 432.250206309
2153 2153 0.00439272432708
2154 2154 6.70053244446
2155 2155 50.1573811602
2156 2156 0.00325539573192
2157 2157 341.621113062
2158 2158 0.00189777402045
2159 2159 0.00536293607382
2160 2160 53.2882097122
2161 2161 406.113463364
2162 2162 225.435645257
2163 2163 577.661590885
2164 2164 555.940775148
2165 2165 543.38173598
2166 2166 449.717258593
2167 2167 0.0060370107213
2168 2168 603.580577188
2169 2169 363.85743195
2170 2170 49.0215223774
2171 2171 323.14856863
2172 2172 151.044517032
2173 2173 169.596572282
2174 2174 30.2284516386
2175 2175 604.430650709
2176 2176 478.472122859
2177 2177 374.608831776
2178 2178 0.00664098830526
2179 2179 99.9541727732
2180 2180 295.410039006
2181 2181 0.00369477440674
2182 2182 0.00198964500645
2183 2183 159.374926595
2184 2184 386.086973658
2185 2185 402.089576521
2186 2186 435.371809165
2187 2187 307.234421563
2188 2188 81.3775762824
2189 2189 154.090634127
2190 2190 275.551692322
2191 2191 546.100949022
2192 2192 255.689317637
2193 2193 0.00348559606011
2194 2194 0.00715209729344
2195 2195 0.00842863875648
2196 2196 170.934006833
2197 2197 583.245831722
2198 2198 91.9013837399
2199 2199 512.341794001
2200 2200 0.00361515871977
2201 2201 483.491766689
2202 2202 0.00623881105374
2203 2203 537.080778915
2204 2204 591.599412622
2205 2205 444.717529369
2206 2206 0.00679322242728
2207 2207 287.920943962
2208 2208 455.656077952
2209 2209 231.078864999
2210 2210 169.185363723
2211 2211 520.022878172
2212 2212 314.052359889
2213 2213 0.00818294736407
2214 2214 0.00045407009351
2215 2215 228.634497306
2216 2216 0.00345072840782
2217 2217 307.504480543
2218 2218 0.00212317983631
2219 2219 0.00344423109368
2220 2220 0.00618426749752
2221 2221 309.356957375
2222 2222 0.0015543676153
2223 2223 569.55273262
2224 2224 527.195493599
2225 2225 27.2870078481
2226 2226 441.171691881
2227 2227 74.9753709068
2228 2228 186.790937529
2229 2229 544.775025368
2230 2230 68.9937372716
2231 2231 0.00362356582233
2232 2232 208.233519613
2233 2233 359.753765409
2234 2234 68.3969012768
2235 2235 0.0068065073077
2236 2236 412.186368348
2237 2237 0.00590709609152
2238 2238 223.627353134
2239 2239 0.00406982146947
2240 2240 231.693075839
2241 2241 0.00806011557446
2242 2242 138.529744797
2243 2243 4.43727675387e-05
2244 2244 349.380623399
2245 2245 103.304572165
2246 2246 0.00482809244736
2247 2247 93.970017742
2248 2248 0.00531855774519
2249 2249 32.3075203878
2250 2250 359.262284064
2251 2251 144.637432294
2252 2252 5.3478564454
2253 2253 75.7457303919
2254 2254 202.718699494
2255 2255 0.0089034814577
2256 2256 8.05287475914
2257 2257 88.3807196882
2258 2258 556.710522071
2259 2259 0.000528965773134
2260 2260 0.00554883694523
2261 2261 211.400140684
2262 2262 269.529798348
2263 2263 275.182834089
2264 2264 191.107355824
2265 2265 357.204510483
2266 2266 538.776185478
2267 2267 497.065012027
2268 2268 443.304300968
2269 2269 0.00246479760584
2270 2270 614.535275366
2271 2271 562.008126704
2272 2272 564.694391135
2273 2273 0.000386974594326
2274 2274 105.14568458
2275 2275 0.00602927015291
2276 2276 0.00749829882501
2277 2277 265.647266341
2278 2278 0.00402513672252
2279 2279 426.189334861
2280 2280 439.445666745
2281 2281 313.283917527
2282 2282 233.581560544
2283 2283 250.05186471
2284 2284 0.00483205454736
2285 2285 12.7366282594
2286 2286 164.357360223
2287 2287 0.00390275033755
2288 2288 539.451616419
2289 2289 15.1372280706
2290 2290 178.817733506
2291 2291 170.290255909
2292 2292 552.654546834
2293 2293 67.5651926501
2294 2294 0.00358493052337
2295 2295 122.964229901
2296 2296 236.577400468
2297 2297 331.630705935
2298 2298 0.00677863549916
2299 2299 0.00717788167185
2300 2300 614.177954666
2301 2301 0.000971374989012
2302 2302 3.34829310703
2303 2303 0.00761875121331
2304 2304 457.251586417
2305 2305 228.588185524
2306 2306 368.723864744
2307 2307 0.00675207904278
2308 2308 288.010835678
2309 2309 475.154721027
2310 2310 0.000562235469162
2311 2311 579.658566704
2312 2312 408.007662356
2313 2313 389.1575382
2314 2314 605.508625502
2315 2315 346.020307263
2316 2316 370.750909679
2317 2317 103.692789781
2318 2318 408.87778216
2319 2319 566.583399873
2320 2320 181.293862645
2321 2321 476.632718067
2322 2322 281.279277332
2323 2323 464.114587284
2324 2324 223.241321174
2325 2325 234.431572789
2326 2326 354.875018237
2327 2327 0.00243711658286
2328 2328 559.488659002
2329 2329 527.043057668
2330 2330 0.00391935068865
2331 2331 0.00129257579729
2332 2332 0.00896255725669
2333 2333 0.00197622253062
2334 2334 390.921413276
2335 2335 503.132087075
2336 2336 0.00897592012314
2337 2337 572.917212158
2338 2338 20.25974335
2339 2339 184.560115017
2340 2340 253.101101484
2341 2341 0.000914795496692
2342 2342 379.984805154
2343 2343 378.676835029
2344 2344 37.7322495764
2345 2345 591.306578916
2346 2346 0.00629896386996
2347 2347 427.386383922
2348 2348 311.567438056
2349 2349 0.00330652689757
2350 2350 266.073091761
2351 2351 0.00705247197668
2352 2352 286.402282217
2353 2353 591.571806693
2354 2354 123.633231565
2355 2355 236.363790777
2356 2356 149.248962697
2357 2357 0.000239413397695
2358 2358 145.436091129
2359 2359 0.00212045136528
2360 2360 263.880360642
2361 2361 0.00464077159714
2362 2362 368.831109644
2363 2363 239.905635823
2364 2364 68.0519132968
2365 2365 233.838756548
2366 2366 493.120186357
2367 2367 0.0090736136939
2368 2368 0.00801906424536
2369 2369 0.00619243240813
2370 2370 0.000769071262333
2371 2371 235.722453855
2372 2372 496.676406367
2373 2373 216.830880736
2374 2374 0.00519654821359
2375 2375 480.852343366
2376 2376 452.100813538
2377 2377 350.01285481
2378 2378 464.075320805
2379 2379 63.6438592823
2380 2380 108.299820137
2381 2381 73.0036753228
2382 2382 0.00920612592513
2383 2383 248.688422796
2384 2384 105.969853882
2385 2385 40.5478798318
2386 2386 320.715399529
2387 2387 456.52532818
2388 2388 252.684976043
2389 2389 0.00908222524299
2390 2390 394.793474393
2391 2391 446.728161783
2392 2392 297.807019608
2393 2393 0.00802795311537
2394 2394 0.000993318267538
2395 2395 18.4796907747
2396 2396 357.31010034
2397 2397 555.196519178
2398 2398 0.00733779425011
2399 2399 55.5869635388
2400 2400 438.908880188
2401 2401 0.00763466339665
2402 2402 213.427037116
2403 2403 0.00463916607961
2404 2404 529.817283194
2405 2405 96.2297943071
2406 2406 563.332381442
2407 2407 62.9277579149
2408 2408 0.00450306483723
2409 2409 0.00527902663623
2410 2410 219.70178627
2411 2411 0.00873315349925
2412 2412 0.00315310241644
2413 2413 601.935260524
2414 2414 296.066036594
2415 2415 310.842183013
2416 2416 0.00248000298034
2417 2417 104.038350907
2418 2418 104.59436414
2419 2419 0.0061135456501
2420 2420 231.869067807
2421 2421 504.054439589
2422 2422 0.00885930312523
2423 2423 279.280568578
2424 2424 126.854215256
2425 2425 118.129589318
2426 2426 0.0009873767408
2427 2427 0.000902302139264
2428 2428 227.487414983
2429 2429 221.920187947
2430 2430 300.307076056
2431 2431 0.000347067340675
2432 2432 123.484669445
2433 2433 419.465563814
2434 2434 99.9008849418
2435 2435 70.2316768012
2436 2436 304.683615136
2437 2437 0.00318826040992
2438 2438 0.00208003778509
2439 2439 276.720385148
2440 2440 625.82249062
2441 2441 208.965438269
2442 2442 464.106848543
2443 2443 76.0520087885
2444 2444 9.10113033979
2445 2445 222.143863538
2446 2446 81.6373158349
2447 2447 13.8090607251
2448 2448 0.0013662706793
2449 2449 166.755234936
2450 2450 76.969347717
2451 2451 33.8275875414
2452 2452 454.162177162
2453 2453 335.028161841
2454 2454 400.906754566
2455 2455 0.00201630360232
2456 2456 426.209091551
2457 2457 423.494787191
2458 2458 517.273926462
2459 2459 473.038010532
2460 2460 477.26465194
2461 2461 397.577665148
2462 2462 507.086715994
2463 2463 622.868807793
2464 2464 481.736495294
2465 2465 458.48305937
2466 2466 12.7610501438
2467 2467 612.167849823
2468 2468 456.253261042
2469 2469 311.577102336
2470 2470 307.578510608
2471 2471 590.818031905
2472 2472 509.301570084
2473 2473 0.00958150133114
2474 2474 439.415463029
2475 2475 0.00223046767561
2476 2476 0.000225331856298
2477 2477 179.562751559
2478 2478 0.00282493833714
2479 2479 591.817471446
2480 2480 0.00670359677748
2481 2481 359.828037702
2482 2482 88.7740301403
2483 2483 343.257630214
2484 2484 240.911108488
2485 2485 0.00250005647092
2486 2486 410.455694287
2487 2487 260.867630873
2488 2488 0.00338892896897
2489 2489 289.223681669
2490 2490 585.030513163
2491 2491 0.00187868347397
2492 2492 468.085685749
2493 2493 0.00616571565853
2494 2494 0.00250695592589
2495 2495 370.808062327
2496 2496 141.736930863
2497 2497 117.324020858
2498 2498 0.00128841144197
2499 2499 245.042255256
2500 2500 467.767079067
2501 2501 0.00231498300297
2502 2502 417.546284724
2503 2503 391.943956588
2504 2504 545.284395338
2505 2505 445.093413235
2506 2506 429.837041191
2507 2507 72.1886374565
2508 2508 185.262704654
2509 2509 0.00773377428913
2510 2510 143.751109769
2511 2511 588.16881804
2512 2512 277.784220374
2513 2513 0.00654469696369
2514 2514 448.318890292
2515 2515 617.908074788
2516 2516 0.00839731523909
2517 2517 236.167986658
2518 2518 228.542680484
2519 2519 218.837216049
2520 2520 179.500696932
2521 2521 478.808359913
2522 2522 248.936542704
2523 2523 152.018544687
2524 2524 494.826563159
2525 2525 0.00148365910013
2526 2526 0.00709747840585
2527 2527 182.300894958
2528 2528 225.183241196
2529 2529 103.224561988
2530 2530 0.00795007913858
2531 2531 0.00489197815
2532 2532 273.002335512
2533 2533 464.546425599
2534 2534 105.040943791
2535 2535 544.058388953
2536 2536 218.60787533
2537 2537 401.874672947
2538 2538 0.00598149311172
2539 2539 290.778796505
2540 2540 288.219567411
2541 2541 26.9375267129
2542 2542 0.00987678725611
2543 2543 428.180700424
2544 2544 30.7940013173
2545 2545 422.142762592
2546 2546 175.289337377
2547 2547 542.362043085
2548 2548 547.325104517
2549 2549 48.0969103008
2550 2550 486.62687035
2551 2551 622.674420045
2552 2552 93.2591384951
2553 2553 234.794131609
2554 2554 0.00147187389672
2555 2555 427.778722717
2556 2556 347.853369338
2557 2557 147.494123943
2558 2558 169.030399638
2559 2559 262.818239374
2560 2560 487.253673156
2561 2561 0.00545863189307
2562 2562 548.659860956
2563 2563 414.328459334
2564 2564 476.421160013
2565 2565 307.607791862
2566 2566 577.92816365
2567 2567 480.646980983
2568 2568 498.875417697
2569 2569 119.191438056
2570 2570 277.058001437
2571 2571 0.00393302404103
2572 2572 6.40197921962
2573 2573 0.000628059010018
2574 2574 508.503061313
2575 2575 0.00441151075587
2576 2576 549.401026859
2577 2577 562.277669687
2578 2578 21.5462730585
2579 2579 107.712093648
2580 2580 85.2306729171
2581 2581 393.044772943
2582 2582 549.951079872
2583 2583 0.00497607242034
2584 2584 0.458990703276
2585 2585 24.6966870058
2586 2586 527.284264988
2587 2587 36.5732660376
2588 2588 144.622497374
2589 2589 171.797834135
2590 2590 0.00677930344993
2591 2591 562.625012244
2592 2592 0.00982661504243
2593 2593 201.99363804
2594 2594 131.754266006
2595 2595 0.00722106454469
2596 2596 298.109203198
2597 2597 0.00480484422574
2598 2598 444.996627423
2599 2599 70.0095650342
2600 2600 509.725171751
2601 2601 0.0089865006519
2602 2602 336.197516613
2603 2603 0.00468993319383
2604 2604 0.000476992556066
2605 2605 328.262467828
2606 2606 431.703463516
2607 2607 126.641645516
2608 2608 457.097222985
2609 2609 40.6298912475
2610 2610 391.013088039
2611 2611 120.694400357
2612 2612 269.875781828
2613 2613 597.310275771
2614 2614 383.26457571
2615 2615 200.318869963
2616 2616 609.458944583
2617 2617 37.1685925063
2618 2618 83.0309719399
2619 2619 252.030416186
2620 2620 363.816351758
2621 2621 349.622463551
2622 2622 335.983603331
2623 2623 0.00825014575503
2624 2624 616.873746665
2625 2625 399.002869132
2626 2626 602.037901385
2627 2627 0.00560934312531
2628 2628 475.107098294
2629 2629 249.608645167
2630 2630 18.3356402007
2631 2631 5.70627744787
2632 2632 315.74701419
2633 2633 323.77651537
2634 2634 594.125021927
2635 2635 89.5498397379
2636 2636 443.760720477
2637 2637 0.00314311633072
2638 2638 77.4652193041
2639 2639 233.816801426
2640 2640 332.744353795
2641 2641 306.261569987
2642 2642 193.194693716
2643 2643 398.246337283
2644 2644 571.591495462
2645 2645 462.559393227
2646 2646 563.305696641
2647 2647 134.136940389
2648 2648 219.240287555
2649 2649 187.181674866
2650 2650 351.239290858
2651 2651 472.231626397
2652 2652 593.692779265
2653 2653 112.042511684
2654 2654 17.167891652
2655 2655 572.210642435
2656 2656 144.841872685
2657 2657 258.815794406
2658 2658 39.7710289429
2659 2659 223.806090325
2660 2660 385.584607484
2661 2661 66.4609373277
2662 2662 589.494456088
2663 2663 0.00130748520699
2664 2664 552.764928556
2665 2665 354.713789239
2666 2666 7.38661849588
2667 2667 139.178343716
2668 2668 272.5668935
2669 2669 275.778411738
2670 2670 510.638109791
2671 2671 308.323475727
2672 2672 252.419195269
2673 2673 0.00153948993981
2674 2674 233.343142096
2675 2675 212.059562037
2676 2676 509.995225613
2677 2677 50.436920983
2678 2678 617.506070546
2679 2679 98.8075830849
2680 2680 27.841454388
2681 2681 0.0099107483563
2682 2682 501.18545538
2683 2683 420.010198726
2684 2684 336.993563969
2685 2685 485.795983
2686 2686 297.939522575
2687 2687 0.00699304987828
2688 2688 0.00785552621526
2689 2689 0.00954205880236
2690 2690 0.00930699049594
2691 2691 93.8022707
2692 2692 303.571199268
2693 2693 13.6267145914
2694 2694 360.140891249
2695 2695 269.188578284
2696 2696 528.148403901
2697 2697 0.00508673732301
2698 2698 436.152841305
2699 2699 135.225761508
2700 2700 0.000349088579584
2701 2701 60.8237685765
2702 2702 0.00115449243316
2703 2703 297.345816115
2704 2704 228.169762401
2705 2705 384.358990703
2706 2706 0.00799724924134
2707 2707 190.668058228
2708 2708 0.00269722978054
2709 2709 0.00846508283357
2710 2710 210.852026404
2711 2711 38.9421958704
2712 2712 0.00640699330486
2713 2713 154.204302845
2714 2714 588.91478715
2715 2715 600.823694299
2716 2716 0.00564694795688
2717 2717 537.792330701
2718 2718 246.965761351
2719 2719 73.3180187304
2720 2720 0.00613725355935
2721 2721 0.0068553857664
2722 2722 387.605200986
2723 2723 358.900232695
2724 2724 102.268878695
2725 2725 0.00832326960146
2726 2726 225.633551989
2727 2727 264.205673338
2728 2728 221.869772301
2729 2729 551.218947461
2730 2730 42.5436194897
2731 2731 159.666827906
2732 2732 0.000279050136452
2733 2733 551.06226468
2734 2734 0.00872202863526
2735 2735 167.117701592
2736 2736 56.0942426074
2737 2737 206.574580604
2738 2738 410.427098699
2739 2739 65.4697822363
2740 2740 316.392970195
2741 2741 505.404109759
2742 2742 374.845676592
2743 2743 264.847966475
2744 2744 510.173973805
2745 2745 343.538532763
2746 2746 560.682761325
2747 2747 591.616623154
2748 2748 393.751709006
2749 2749 0.00273894531786
2750 2750 0.00456157726361
2751 2751 0.00642402741181
2752 2752 261.359562484
2753 2753 487.321546879
2754 2754 623.554200581
2755 2755 32.4518317744
2756 2756 290.851247053
2757 2757 330.217074814
2758 2758 0.00477948746275
2759 2759 192.96220125
2760 2760 142.103655849
2761 2761 0.00882705097926
2762 2762 460.339818743
2763 2763 563.547874228
2764 2764 0.00388827324331
2765 2765 412.876729822
2766 2766 459.075781075
2767 2767 97.0750547175
2768 2768 317.907404394
2769 2769 586.794210613
2770 2770 36.7045580097
2771 2771 297.249223696
2772 2772 476.919728941
2773 2773 124.845856117
2774 2774 180.698137965
2775 2775 124.752963122
2776 2776 486.174701892
2777 2777 0.00822360106389
2778 2778 403.443080421
2779 2779 0.00236791800639
2780 2780 138.859028813
2781 2781 90.6788362621
2782 2782 266.971753217
2783 2783 537.829019934
2784 2784 519.018111296
2785 2785 350.306903722
2786 2786 428.353554843
2787 2787 0.00892976822411
2788 2788 467.155513507
2789 2789 183.071780394
2790 2790 107.577119856
2791 2791 0.0054015414769
2792 2792 428.21313866
2793 2793 467.959580905
2794 2794 554.786990795
2795 2795 524.985005441
2796 2796 340.916867745
2797 2797 529.606769281
2798 2798 0.00907624974761
2799 2799 301.783628062
2800 2800 34.9164066442
2801 2801 480.628825302
2802 2802 208.369095088
2803 2803 222.261883365
2804 2804 0.00906002521174
2805 2805 86.1620258662
2806 2806 493.616689968
2807 2807 460.164402419
2808 2808 524.061510448
2809 2809 493.646224522
2810 2810 472.525155869
2811 2811 580.701386305
2812 2812 0.00792231884943
2813 2813 173.966907912
2814 2814 434.78604919
2815 2815 46.0921073379
2816 2816 518.854711504
2817 2817 474.10967688
2818 2818 386.874445719
2819 2819 614.559419704
2820 2820 120.382336993
2821 2821 0.00742503862077
2822 2822 142.083532051
2823 2823 338.074513855
2824 2824 496.866835883
2825 2825 46.3110350559
2826 2826 354.352996593
2827 2827 290.25864321
2828 2828 0.00906627103924
2829 2829 314.132876161
2830 2830 371.300457445
2831 2831 0.00231028466248
2832 2832 224.844416267
2833 2833 370.838232882
2834 2834 0.00414273191492
2835 2835 13.5586410061
2836 2836 553.20376829
2837 2837 217.196054882
2838 2838 237.061544957
2839 2839 215.697121762
2840 2840 0.00915806688838
2841 2841 0.00568416443169
2842 2842 459.829973527
2843 2843 0.00922213313792
2844 2844 260.526430868
2845 2845 546.653102343
2846 2846 353.326621641
2847 2847 283.020591952
2848 2848 169.486850209
2849 2849 190.423988128
2850 2850 509.533032033
2851 2851 107.919105875
2852 2852 0.00803448663743
2853 2853 1.27340519461
2854 2854 464.310004087
2855 2855 267.463450284
2856 2856 0.00222975497688
2857 2857 393.19159482
2858 2858 0.00922399468648
2859 2859 171.978293957
2860 2860 325.624599222
2861 2861 250.236609935
2862 2862 250.056272735
2863 2863 2.29492512566
2864 2864 584.765002821
2865 2865 350.78084329
2866 2866 403.710782381
2867 2867 473.599756987
2868 2868 151.280162745
2869 2869 426.321521646
2870 2870 85.584662388
2871 2871 0.00641758331311
2872 2872 0.00119456769246
2873 2873 237.930107351
2874 2874 86.2355686961
2875 2875 290.532663073
2876 2876 0.00642880810779
2877 2877 307.778784885
2878 2878 480.009418195
2879 2879 259.801336495
2880 2880 272.362749214
2881 2881 0.00484368613804
2882 2882 96.6053299815
2883 2883 445.567020832
2884 2884 110.024250067
2885 2885 0.00934067165683
2886 2886 0.0022980350148
2887 2887 313.138240628
2888 2888 0.00252678424176
2889 2889 121.934624593
2890 2890 205.25153488
2891 2891 404.62861312
2892 2892 375.983960246
2893 2893 119.130163734
2894 2894 347.699567057
2895 2895 0.00452982911171
2896 2896 0.00272143527162
2897 2897 579.976186632
2898 2898 0.00839036747175
2899 2899 575.035049758
2900 2900 503.666221148
2901 2901 313.483688549
2902 2902 94.3392780226
2903 2903 0.00938921694546
2904 2904 0.00205560596552
2905 2905 501.125766489
2906 2906 156.323912518
2907 2907 0.00605078798377
2908 2908 543.672750547
2909 2909 101.761206177
2910 2910 0.0058622895903
2911 2911 0.00259470687964
2912 2912 547.615901133
2913 2913 12.181958876
2914 2914 23.0920757295
2915 2915 116.045771488
2916 2916 614.489729067
2917 2917 0.00207605375271
2918 2918 506.947746826
2919 2919 0.00968992921171
2920 2920 0.00581221662306
2921 2921 564.286694143
2922 2922 315.618876422
2923 2923 0.000820798096949
2924 2924 531.441786734
2925 2925 612.750938562
2926 2926 1.53955862889
2927 2927 507.294807674
2928 2928 104.519636852
2929 2929 610.570366439
2930 2930 584.105705997
2931 2931 33.029411037
2932 2932 390.405841108
2933 2933 415.811015819
2934 2934 427.006837407
2935 2935 0.00639670310964
2936 2936 325.717949843
2937 2937 0.00344352110544
2938 2938 0.00258295520192
2939 2939 519.272387729
2940 2940 0.0067515546276
2941 2941 0.00736882950088
2942 2942 286.962295193
2943 2943 0.00973655268721
2944 2944 615.626976592
2945 2945 283.255452506
2946 2946 43.640322321
2947 2947 0.000863766744503
2948 2948 507.959109525
2949 2949 315.349942288
2950 2950 238.698481722
2951 2951 123.931001907
2952 2952 117.48419776
2953 2953 0.000684439728085
2954 2954 203.975322197
2955 2955 5.92837724544
2956 2956 533.68280503
2957 2957 0.00726462131702
2958 2958 453.823990026
2959 2959 13.6219562501
2960 2960 175.097314461
2961 2961 36.9136586313
2962 2962 136.481908242
2963 2963 0.000798109526494
2964 2964 99.6797573241
2965 2965 287.776739604
2966 2966 272.451464857
2967 2967 46.5387696423
2968 2968 202.768851235
2969 2969 0.00837942910671
2970 2970 437.255302925
2971 2971 477.453371424
2972 2972 402.344891341
2973 2973 0.00534932985943
2974 2974 0.00862683817174
2975 2975 625.463040208
2976 2976 0.00740948134568
2977 2977 31.2300833851
2978 2978 88.4415574458
2979 2979 0.00324871512616
2980 2980 542.237753461
2981 2981 0.00975944030748
2982 2982 172.911572292
2983 2983 361.929092674
2984 2984 223.22075442
2985 2985 123.880478512
2986 2986 239.465600107
2987 2987 0.00103454937087
2988 2988 0.00320194696458
2989 2989 0.00342120044125
2990 2990 0.00905339905004
2991 2991 0.00112435359682
2992 2992 0.00680888544804
2993 2993 492.168211635
2994 2994 479.990825704
2995 2995 255.592249295
2996 2996 585.696119714
2997 2997 30.9067415327
2998 2998 1.23212844317
2999 2999 0.00811498405547
3000 3000 273.860757002
