1 1 5.35216449427e-06
2 2 7.06383518263e-05
3 3 1.6398436656e-05
4 4 4.98693021915e-05
5 5 6.35410766361e-05
6 6 7.97997319294e-05
7 7 4.66177189996e-05
8 8 5.36307680494e-05
9 9 2.92794181779e-05
10 10 5.60103805635e-05
11 11 8.15772527522e-05
12 12 6.31424641091e-05
13 13 6.97892832328e-05
14 14 3611.68159406
15 15 1719.18267351
16 16 6.3184507954e-06
17 17 2555.07889689
18 18 9.43168898881e-05
19 19 568.924400869
20 20 4.81768371501e-05
21 21 5.78268122123e-05
22 22 5.19929147946e-05
23 23 2.00604319964e-05
24 24 8.23610483371e-07
25 25 1367.40785141
26 26 3861.29078511
27 27 9.58270796673e-05
28 28 760.532350568
29 29 5.16125875354e-05
30 30 3.96172921253e-05
31 31 6.49615998904e-05
32 32 5489.66737095
33 33 4.52634742605e-05
34 34 8.7694311053e-06
35 35 4.33407787705
36 36 2193.20083939
37 37 5.4584960702e-05
38 38 2.53822223074e-06
39 39 5.4815916085e-05
40 40 7.82593613191e-05
41 41 9.66696602239e-05
42 42 1.39947446302e-05
43 43 6.81998025623e-05
44 44 8.35273059214e-05
45 45 2.6585646677e-05
46 46 9.66888203037e-05
47 47 7.47673269693e-05
48 48 5.36642943271e-05
49 49 3640.72303825
50 50 4.81248878337e-05
51 51 2.36435775835e-05
52 52 1.53673135164e-05
53 53 2.19972334807e-05
54 54 5171.35696346
55 55 3.63485392717e-05
56 56 3.50042072531e-05
57 57 5.48943646183e-05
58 58 3282.64923256
59 59 7.31457490399e-05
60 60 9.84587692944e-06
61 61 9.71957961793e-05
62 62 5.64228701532e-05
63 63 5.07256896751e-05
64 64 8.02826736215e-05
65 65 3.52349709763e-05
66 66 4.64855826521e-05
67 67 8.57974379684e-05
68 68 6.94687597879e-05
69 69 9.71610471795e-05
70 70 5.85589947342e-05
71 71 1890.79017175
72 72 1226.19936281
73 73 3718.034746
74 74 9.89516735919e-05
75 75 488.327549792
76 76 51.1228858086
77 77 6.42376282097e-05
78 78 5.00516248006e-06
79 79 3.98750372055e-06
80 80 6.09091337252e-05
81 81 2.94860780141e-06
82 82 6.2090039111e-06
83 83 4465.12478637
84 84 2.52416952522e-05
85 85 1704.54742206
86 86 7.53349388482e-05
87 87 3443.78157363
88 88 1521.13805653
89 89 4.66957075104e-05
90 90 2.99338694284e-05
91 91 4.7140370929e-05
92 92 7.90145213261e-05
93 93 1.32940008117e-05
94 94 1.30707419826e-05
95 95 2552.76866021
96 96 1.65043885073e-05
97 97 6.58222757725e-05
98 98 6.59114532803e-05
99 99 9.04379257199e-05
100 100 2.89594308611e-05
101 101 3.21536804721e-05
102 102 3.54877188594e-05
103 103 5.873974707e-05
104 104 1.26192585791e-05
105 105 3.41764476815e-05
106 106 7.21921121599e-06
107 107 1.28568764676e-05
108 108 9.94168148368e-05
109 109 5228.56283068
110 110 753.621679099
111 111 7.96478861655e-05
112 112 8.21399156473e-05
113 113 6.35736004147e-05
114 114 7.70679489441e-05
115 115 1.96221909603e-07
116 116 7.82052313054e-05
117 117 2388.15483135
118 118 2581.95873616
119 119 9.19606190664e-05
120 120 6.57065289539e-05
121 121 1.13635415418e-05
122 122 7.52856512606e-06
123 123 3.2636086309e-05
124 124 764.730342979
125 125 9.60810518364e-05
126 126 4.58477410976e-05
127 127 7.72762290353e-05
128 128 6.47709590044e-05
129 129 4.63905562143e-05
130 130 8.134235417e-05
131 131 9.25846699847e-05
132 132 7.33515766482e-05
133 133 7.93731639168e-05
134 134 3.94307419773e-05
135 135 6.98951116639e-05
136 136 8.20938407095e-05
137 137 2.27285217425e-05
138 138 2.49229319288e-05
139 139 4448.38255605
140 140 3.92621066089e-05
141 141 2.03456189789e-05
142 142 9.07301958837e-05
143 143 1272.26701413
144 144 4.63629622216e-05
145 145 8.78952284058e-05
146 146 3.35442628623e-05
147 147 323.759933864
148 148 5507.2040216
149 149 9.30942676126e-05
150 150 2.85406225226e-05
151 151 2.03516993274e-05
152 152 6.24382110852e-06
153 153 1602.73516334
154 154 3.85076083761e-06
155 155 2879.93531455
156 156 1.23284565368e-05
157 157 2.3810782211e-05
158 158 915.73142734
159 159 2.34968718478e-05
160 160 1.55097905813e-05
161 161 6.51824580623e-05
162 162 4.14934664056e-05
163 163 2.14905693876e-05
164 164 8.27327595806e-05
165 165 8.73240108315e-05
166 166 1.98557728454e-05
167 167 6.65105607535e-05
168 168 1.06568929572e-05
169 169 4138.51387428
170 170 6.21145139516e-05
171 171 3.44749366405e-05
172 172 9.46436692522e-05
173 173 6.58495867433e-05
174 174 2.87396851804e-05
175 175 3.58048633699e-05
176 176 2910.68325549
177 177 2.03793488653e-05
178 178 896.943057842
179 179 5.82022574415e-07
180 180 5150.83379428
181 181 8.11926966538e-05
182 182 4.7195790384e-05
183 183 1.34431843477e-05
184 184 5.05570262138e-05
185 185 3345.14691414
186 186 1.20396442326e-05
187 187 5.67492141262e-05
188 188 3.93233711023e-05
189 189 4.21903824434e-05
190 190 1.82063208706e-05
191 191 5.60332203577e-05
192 192 1763.3008046
193 193 4664.68955991
194 194 6.14368832676e-05
195 195 3.57482730839e-06
196 196 8.50957368926e-05
197 197 3218.29872794
198 198 129.472038098
199 199 2.12811780302e-05
200 200 1.20454378088e-05
201 201 6.53372551852e-05
202 202 2.59804229677e-05
203 203 8.10114742698e-05
204 204 7.4998339512e-06
205 205 7.34122286899e-05
206 206 6.42636848405e-05
207 207 5.32360913841e-05
208 208 3076.73126065
209 209 8.3134287602e-05
210 210 4.90570937141e-05
211 211 5180.57373466
212 212 7.82542216229e-05
213 213 9.80476473672e-05
214 214 3.02751881357e-05
215 215 3233.51947948
216 216 4.61288627977e-06
217 217 1.77843887904e-05
218 218 7.29446377527e-05
219 219 1957.01456034
220 220 2.83058393849e-05
221 221 5371.75750583
222 222 3.66643360219e-05
223 223 4962.20078428
224 224 3.25345672291e-05
225 225 1475.18029922
226 226 1.38809911238e-05
227 227 4.22410676415e-05
228 228 5.76738074326e-05
229 229 5.8951453217e-05
230 230 7.21132364026e-05
231 231 7.77467621325e-05
232 232 7.59709788102e-05
233 233 3.38921776675e-05
234 234 4657.32352873
235 235 2114.36744498
236 236 1.13019115846e-05
237 237 946.628995117
238 238 8.65392384966e-05
239 239 1498.32718923
240 240 1.00349066922e-05
241 241 8.47663526544e-05
242 242 7.54476948432e-05
243 243 4340.99359995
244 244 8.40974714154e-06
245 245 3218.7744838
246 246 3.61520335075e-05
247 247 2.50042429708e-05
248 248 7.6907745397e-05
249 249 2.1226055615e-05
250 250 3.91527866095e-05
251 251 2288.61487666
252 252 2225.07026359
253 253 3434.00460452
254 254 8.80843986839e-05
255 255 1.05620939958e-05
256 256 26.3598700298
257 257 5.25295303732e-05
258 258 4.18956160736e-06
259 259 1.71077569609e-05
260 260 5270.9023123
261 261 3.00943544206e-05
262 262 3.19902824681e-05
263 263 8.20257911795e-05
264 264 9.34935300921e-05
265 265 8.45625890032e-05
266 266 2753.34872798
267 267 4835.62937452
268 268 2.34641855183e-05
269 269 3.67054255625e-05
270 270 5.32018183186e-05
271 271 9.57125875688e-05
272 272 2.67191514111e-05
273 273 6.98514238769e-05
274 274 1335.24411003
275 275 2.91329987264e-05
276 276 9.84129219833e-05
277 277 6.59406541405e-05
278 278 1746.46609896
279 279 4.24208122586e-05
280 280 5.26922885343e-05
281 281 7.0339399905e-05
282 282 3.34479768109e-06
283 283 2220.45680514
284 284 3831.751932
285 285 3.33875980737e-05
286 286 4.05472484071e-05
287 287 6.47692827137e-05
288 288 8.06288279943e-05
289 289 2736.57469928
290 290 4.29038468303e-05
291 291 3000.08665409
292 292 6.53566978405e-05
293 293 2.87407217437e-05
294 294 9.12363708704e-05
295 295 5.4519271177e-05
296 296 8.72169493473e-05
297 297 401.573527008
298 298 5.77427778006e-05
299 299 5.59690181722e-05
300 300 9.01334297811e-05
301 301 4997.46642304
302 302 7.11253268094e-05
303 303 7.81867008622e-05
304 304 4.65160176995e-05
305 305 1756.9096486
306 306 2.78160926597e-06
307 307 9.34926361353e-05
308 308 4.89050805835e-05
309 309 3959.26661815
310 310 8.51227785116e-05
311 311 9.78767307544e-05
312 312 1079.62823028
313 313 4.32885580243e-05
314 314 3.07802788259e-05
315 315 3.78998185337e-05
316 316 6.93185612079e-05
317 317 9.19642801653e-05
318 318 2.83490590635e-05
319 319 5.18412177046e-05
320 320 5.91514411604e-05
321 321 6.79964889618e-05
322 322 842.568609682
323 323 4659.19968045
324 324 6.79455046359e-05
325 325 9.71825071887e-05
326 326 2.14101743383e-06
327 327 2.02581443622e-05
328 328 2045.19057425
329 329 117.076945572
330 330 3508.22424674
331 331 2.57730351979e-05
332 332 2.41844079499e-06
333 333 1560.71272775
334 334 5308.24159518
335 335 5.40606662639e-05
336 336 4.54817056225e-05
337 337 9.81982943538e-05
338 338 2.90977316012e-05
339 339 8.04731587392e-05
340 340 3.4593561213e-05
341 341 554.154024586
342 342 2420.78136952
343 343 7.04497615566e-05
344 344 5.34199064995e-05
345 345 1.77629617517e-05
346 346 794.504866933
347 347 2972.88557018
348 348 4.87704594282e-05
349 349 8.8610579001e-06
350 350 5.31020355158e-05
351 351 4.36691574503e-05
352 352 4070.14795241
353 353 2.09715953794e-05
354 354 5.0451872508e-05
355 355 6.27221836402e-05
356 356 7.86743359962e-05
357 357 8.97798493569e-05
358 358 3021.17138841
359 359 8.17500110112e-05
360 360 4.90053885089e-05
361 361 1710.48601804
362 362 9.3292124721e-05
363 363 5412.57345552
364 364 3365.80977593
365 365 4.89892271169e-06
366 366 5.13089465586e-05
367 367 8.07150619311e-05
368 368 238.555650245
369 369 8.50678319966e-05
370 370 2.24537280715e-05
371 371 1.66903262479e-05
372 372 835.365517143
373 373 8.97943193996e-05
374 374 9.82042427992e-05
375 375 3.21200796103e-05
376 376 1.86714032616e-07
377 377 4.61898712321e-05
378 378 8.9544295825e-05
379 379 6.5277601701e-08
380 380 2.92207474396e-05
381 381 4.73087222754e-05
382 382 4430.28851227
383 383 3.13815696121e-05
384 384 9.35510130611e-05
385 385 9.00886468297e-05
386 386 3.66579846537e-05
387 387 6.01336258523e-05
388 388 679.46955167
389 389 8.90276708179e-05
390 390 9.42719462821e-06
391 391 4.65384280458e-05
392 392 1132.74003256
393 393 2012.87014553
394 394 6.77269497264e-05
395 395 5.64224225468e-05
396 396 2.89537813968e-05
397 397 4.87749559324e-05
398 398 6.07762260514e-05
399 399 4.39813183537e-05
400 400 6.90530752509e-05
401 401 2.3741366993e-05
402 402 1242.87253763
403 403 3.01125385952e-05
404 404 3.28801216462e-05
405 405 4265.74688877
406 406 9.96161704746e-05
407 407 7.96946669693e-05
408 408 3988.03863278
409 409 7.20759364025e-05
410 410 3507.96093126
411 411 7.72023186773e-05
412 412 5073.10565166
413 413 9.02297119711e-05
414 414 9.20044617808e-05
415 415 2.70581739052e-05
416 416 5.5711960699e-05
417 417 1.11010833797e-05
418 418 8.91119654237e-05
419 419 4.1787363079e-05
420 420 1228.10907192
421 421 1.28864724417e-05
422 422 1.83604547723e-05
423 423 1228.66946916
424 424 7.22033918505e-05
425 425 3.26914047438e-05
426 426 7.72422691184e-06
427 427 8.64534559866e-05
428 428 6.77576012652e-07
429 429 2.91484676293e-05
430 430 7.00896364448e-06
431 431 3.48164872034e-05
432 432 9.10519225036e-05
433 433 6.08497148465e-05
434 434 7.14124062988e-06
435 435 8.8322916503e-05
436 436 1.42256967632e-05
437 437 3.59445630981e-05
438 438 7.07961667928e-06
439 439 8.47384017941e-05
440 440 9.02595006857e-06
441 441 1087.42962087
442 442 1.36598756927e-05
443 443 4.83516988165e-05
444 444 6.39605385602e-05
445 445 5624.54545128
446 446 431.467955687
447 447 8.68940094169e-06
448 448 2.24633512767e-05
449 449 1.47439925001e-05
450 450 5479.48369446
451 451 8.24710692876e-06
452 452 1.4007138644e-05
453 453 8.62043087957e-05
454 454 4.30397682765e-05
455 455 3.4175327419e-06
456 456 6.48153421001e-05
457 457 2.3380556739e-05
458 458 2.6562667562e-05
459 459 2.02664744453e-05
460 460 1.92551765161e-05
461 461 2961.64584204
462 462 8.91522174349e-06
463 463 8.45810912673e-05
464 464 9.43740187438e-05
465 465 8.96080648494e-05
466 466 636.646945251
467 467 3.32604744503e-06
468 468 1.56572104804e-05
469 469 4.52742875948e-05
470 470 2968.38451573
471 471 9.42035836788e-05
472 472 5189.69521182
473 473 1.8907110807e-07
474 474 1.08589178759e-05
475 475 7.56442481149e-06
476 476 2.24084910137e-05
477 477 5.96235302742e-05
478 478 3.06802395034e-06
479 479 5.06863529809e-05
480 480 9.84314905797e-05
481 481 3.73981078029e-06
482 482 5.71697742345e-05
483 483 9.93020531033e-06
484 484 4908.89312435
485 485 2.69375854071e-05
486 486 5.19107718106e-05
487 487 5527.03580495
488 488 2169.89255775
489 489 9.36269563249e-05
490 490 8.19023316901e-07
491 491 6.95055178631e-05
492 492 3.82708587054e-05
493 493 1.85291542856e-05
494 494 2.5839613943e-05
495 495 9.66708159176e-05
496 496 6.8285703442e-05
497 497 1.10685130636e-05
498 498 1115.37421415
499 499 1.61934299595e-06
500 500 1140.71494037
501 501 7.58100822171e-05
502 502 2.80699438524e-06
503 503 7.93444113729e-05
504 504 7.36099904334e-05
505 505 1041.07053234
506 506 9.49046092539e-05
507 507 5343.37169408
508 508 8.56538676164e-05
509 509 4031.89068858
510 510 3.20270066365e-05
511 511 1.58266191151e-05
512 512 2157.03234269
513 513 8.8680107451e-06
514 514 1750.55543696
515 515 8.38869129752e-05
516 516 4.31362859122e-06
517 517 8.22491619714e-05
518 518 5.96669218505e-05
519 519 9.59918624351e-06
520 520 9.7622810311e-05
521 521 6.60161284007e-05
522 522 5.9499381767e-05
523 523 1.96762714835e-05
524 524 9.57292778771e-05
525 525 1.01761387384e-05
526 526 2.9363431888e-05
527 527 7.23213500515e-05
528 528 1320.97378115
529 529 2.08379718847e-05
530 530 4.74114373414e-05
531 531 1.23978615706e-05
532 532 2.66659932978e-05
533 533 4.41702924288e-05
534 534 4.66045981239e-05
535 535 2.27033358233e-05
536 536 3.3896816431e-05
537 537 5.46837439987e-05
538 538 4.45185219783e-05
539 539 4.44085489225e-05
540 540 1241.03070145
541 541 7.02508518344e-05
542 542 5.67656828561e-05
543 543 5.4474621466e-05
544 544 6.27779806091e-05
545 545 4.77958603662e-05
546 546 7.57772377105e-05
547 547 3.89242266922e-05
548 548 636.299781188
549 549 4.58026905244e-05
550 550 3002.49186713
551 551 5.98864769924e-06
552 552 1.93928955507e-05
553 553 6.14791069974e-05
554 554 1.14961369351e-05
555 555 1008.14862668
556 556 5.94197920985e-05
557 557 1255.08212892
558 558 3047.80600354
559 559 5.96499956622e-05
560 560 1.13571803342e-05
561 561 2.70509596084e-05
562 562 2.96846376048e-05
563 563 5505.26581114
564 564 5.4808379822e-05
565 565 1.03253839652e-05
566 566 7.50509207009e-05
567 567 6.41333211858e-06
568 568 4.03697130521e-05
569 569 4.91173703628e-05
570 570 7.88054303824e-05
571 571 2.28187427929e-06
572 572 1771.47593385
573 573 5134.57519015
574 574 7.90412508387e-05
575 575 517.939925752
576 576 9.2456647253e-05
577 577 8.23701611973e-06
578 578 489.350383767
579 579 2.2357271743e-05
580 580 9.09832397316e-05
581 581 1.68838670509e-05
582 582 3253.88395447
583 583 3231.39801947
584 584 3.12181608286e-05
585 585 5.20682908667e-05
586 586 2.40337640628e-05
587 587 5.14246045587e-06
588 588 7.32122619582e-05
589 589 4715.55635439
590 590 3549.10238643
591 591 1.37549151357e-05
592 592 1.18374678585e-05
593 593 4.84914359982e-05
594 594 4.55805821017e-05
595 595 4.03943460395e-06
596 596 1.58035495697e-05
597 597 1.08162331238e-05
598 598 2.84377884529e-05
599 599 5.06753429657e-05
600 600 8.51354138645e-05
601 601 3.45059552632e-05
602 602 4.11962988161e-05
603 603 4656.43101336
604 604 4.63063623213e-05
605 605 8.58664304179e-05
606 606 6.85942399054e-05
607 607 4.63999498706e-06
608 608 3511.34849164
609 609 1748.15409572
610 610 2.89629336752e-05
611 611 3.21141615604e-05
612 612 4.54243098208e-05
613 613 7.98049860921e-05
614 614 9.04757141875e-05
615 615 1.94503381808e-05
616 616 26.5308812001
617 617 2.28759855676e-06
618 618 7.34591746738e-05
619 619 4145.97435509
620 620 4247.20524893
621 621 7.22723356499e-05
622 622 6.56887023027e-06
623 623 9.86333634745e-05
624 624 3.95534665275e-05
625 625 2186.08122721
626 626 5.86285661463e-05
627 627 8.62544777716e-05
628 628 4.36262156466e-05
629 629 2.64159028245e-05
630 630 1.42762469974e-05
631 631 4.01768148118e-05
632 632 9.52566203446e-06
633 633 5494.13640306
634 634 1362.76667067
635 635 1754.30820182
636 636 4.29637879845e-05
637 637 3.4059196846e-05
638 638 2819.19614147
639 639 2.53767450185e-05
640 640 5.5836196692e-05
641 641 4710.55022347
642 642 7.81695968354e-05
643 643 4429.58350819
644 644 2.697349322e-05
645 645 3583.80527434
646 646 4.77851022352e-05
647 647 8.27207612211e-05
648 648 4787.98661282
649 649 1.17495176896e-05
650 650 2865.4904613
651 651 1.96850167193e-05
652 652 9.0178975855e-05
653 653 8.25330767694e-05
654 654 2073.53775897
655 655 6.7295902272e-05
656 656 9.50657723431e-05
657 657 4.80298999358e-05
658 658 3.00273400748e-05
659 659 3718.88183856
660 660 3.24624172185e-05
661 661 2.37389833262e-05
662 662 1.38065638419e-05
663 663 9.54241808898e-05
664 664 5.16529061473e-05
665 665 9.51554646689e-05
666 666 386.486419204
667 667 9.22292429688e-05
668 668 1.31026712462e-05
669 669 5271.37043814
670 670 3.30561696474e-05
671 671 4.07175828457e-06
672 672 5.60430723876e-05
673 673 4157.40963938
674 674 1559.59939889
675 675 5.58707472591e-05
676 676 5.39085804419e-05
677 677 1693.6947638
678 678 550.665207379
679 679 2730.48853918
680 680 3.10196928988e-05
681 681 1.62798090891e-05
682 682 3258.84097561
683 683 2287.88210945
684 684 9.55716942992e-05
685 685 7.13748781814e-05
686 686 9.58983081122e-05
687 687 2.89033074412e-05
688 688 1.69284711938e-05
689 689 5.78364282737e-06
690 690 6.07686480663e-05
691 691 5094.4525141
692 692 6.35851405568e-05
693 693 1.6480099463e-05
694 694 8.85232548005e-05
695 695 5.49028988494e-05
696 696 4.47636601633e-06
697 697 2.81566023899e-05
698 698 3714.49390657
699 699 5.68826128696e-05
700 700 6.46679631118e-05
701 701 2.05302498984e-05
702 702 9.38454280893e-05
703 703 4954.28107812
704 704 5.43217788272e-06
705 705 2341.25804343
706 706 2.24432553619e-05
707 707 2313.06172498
708 708 478.076729473
709 709 6.02066950759e-05
710 710 3.49005730059e-05
711 711 2042.89719445
712 712 8.85812749719e-05
713 713 4.84213994295e-05
714 714 9.34918445415e-05
715 715 5.16478847847e-05
716 716 1699.52056113
717 717 7.45783067634e-05
718 718 4.3629323063e-05
719 719 1230.03477763
720 720 6.28931966577e-05
721 721 3194.87717538
722 722 1999.97197259
723 723 4.21597533855e-05
724 724 272.50156089
725 725 3.59788240595e-05
726 726 7.09733671845e-05
727 727 2.2358613964e-05
728 728 2.21918130458e-05
729 729 2182.66856591
730 730 9.88397629081e-05
731 731 5.28685318134e-05
732 732 5.91489580406e-05
733 733 5.61723625263e-05
734 734 7.34563662123e-05
735 735 3350.07625983
736 736 5225.21346542
737 737 5.01678675069e-05
738 738 6.42066558902e-05
739 739 6.31661737799e-05
740 740 963.82596848
741 741 9.29423061324e-05
742 742 958.901274974
743 743 7.78635500476e-06
744 744 1423.67864511
745 745 6.08917032128e-05
746 746 3.85598695138e-05
747 747 6.4907161152e-05
748 748 3.23609257889e-05
749 749 3.94601042778e-05
750 750 7.39622793178e-06
751 751 3.65849616424e-05
752 752 1.24391219656e-05
753 753 1.49804086621e-05
754 754 6.04292204568e-07
755 755 2113.22813872
756 756 7.96362087918e-05
757 757 2.58195332778e-05
758 758 1.39478245212e-05
759 759 3.12729756454e-05
760 760 5.4693731511e-06
761 761 3788.23969431
762 762 3556.18375833
763 763 5290.44351026
764 764 3.43336686144e-05
765 765 9.87297627509e-05
766 766 7.07574646227e-06
767 767 2750.99326164
768 768 1.76898317582e-05
769 769 5.87732888539e-05
770 770 6.85974924817e-05
771 771 8.19454983164e-05
772 772 2.23970965263e-05
773 773 2.71714307991e-05
774 774 6.35872425912e-05
775 775 2.69488265505e-05
776 776 1468.89357644
777 777 718.176415789
778 778 5.91184686968e-05
779 779 9.30347051786e-05
780 780 4.22966260328e-05
781 781 5.76868704971e-05
782 782 7.54660051564e-05
783 783 2870.10915224
784 784 6.49228915968e-06
785 785 1.47179015348e-05
786 786 9.71331055805e-05
787 787 1.72878277234e-06
788 788 3.36251593384e-05
789 789 9.3404889096e-05
790 790 461.419024517
791 791 6.10084427048e-05
792 792 1.40360382019e-05
793 793 4.2720547376e-05
794 794 6.57174633459e-05
795 795 4.92035887436e-05
796 796 3.91891989224e-05
797 797 9.28987836834e-05
798 798 9.30210605967e-05
799 799 2015.18900583
800 800 1673.29825371
801 801 3.16802026116e-05
802 802 4.50763327092e-05
803 803 2.37598806423e-05
804 804 3.54347850721e-05
805 805 5.84796449295e-05
806 806 5615.90243995
807 807 1261.31888112
808 808 6.1997804101e-05
809 809 8.02020803011e-05
810 810 9.19163472252e-06
811 811 5.95818376102e-05
812 812 6.59570840812e-05
813 813 4270.16700824
814 814 9.89101446813e-05
815 815 4.2405994011e-05
816 816 2.978476573e-05
817 817 3538.49974689
818 818 7.83279273861e-05
819 819 8.8277034903e-05
820 820 6.83479170779e-05
821 821 3.37982027164e-05
822 822 6.52054555643e-05
823 823 3120.28829336
824 824 2.41888292618e-05
825 825 4.37202849835e-05
826 826 6.41936726258e-05
827 827 2171.17509384
828 828 9.13141632319e-05
829 829 6.30776182116e-05
830 830 8.33018462858e-06
831 831 9.29864705585e-06
832 832 9.39250941626e-05
833 833 4198.0936581
834 834 1.36650437507e-05
835 835 2430.78774713
836 836 1.34636317455e-05
837 837 6.26097528116e-06
838 838 8.40647292084e-05
839 839 4.97824919319e-05
840 840 5058.93113214
841 841 3.68910624898e-05
842 842 2.98894199069e-05
843 843 2.73894809969e-05
844 844 3.78330605604e-05
845 845 7.7339227022e-05
846 846 8.11891891473e-05
847 847 737.514413871
848 848 2.66967356686e-05
849 849 9.65169133357e-05
850 850 2.4689283458e-06
851 851 3.63199701996e-05
852 852 110.647663206
853 853 4.6788276245e-05
854 854 9.77332693499e-05
855 855 7.58132153443e-05
856 856 8.65697265566e-05
857 857 5.91630573216e-05
858 858 9.60254789692e-05
859 859 7.81731651029e-05
860 860 777.570047211
861 861 6.55061340437e-05
862 862 8.28402987926e-05
863 863 7.20021572987e-05
864 864 9.10474531603e-07
865 865 3.38433599294e-05
866 866 2.28606117798e-05
867 867 6.08387483933e-05
868 868 9.02256600561e-05
869 869 3.81507642641e-05
870 870 7.3190318247e-05
871 871 2.37777109149e-05
872 872 2.62210268995e-05
873 873 3.85711271106e-05
874 874 3.85667538873e-05
875 875 1.51527747446e-05
876 876 2475.57696559
877 877 4.16750017512e-06
878 878 7.16955149279e-05
879 879 1.35746465034e-05
880 880 6.62832137634e-05
881 881 4566.76835467
882 882 1511.00117692
883 883 4707.37009918
884 884 9.64401399391e-05
885 885 2.19068340705e-06
886 886 2.68649316817e-05
887 887 9.28739136327e-06
888 888 685.391656995
889 889 8.22723625071e-05
890 890 151.932720692
891 891 6.24444967755e-05
892 892 5.72142548536e-05
893 893 5.96339093792e-05
894 894 4.54291384701e-05
895 895 1.56085571856e-05
896 896 1.98033595063e-05
897 897 5.95251682977e-05
898 898 6.42377061267e-05
899 899 6.73848308957e-06
900 900 8.85927668139e-05
901 901 8.04630841702e-05
902 902 1.90078182336e-05
903 903 6.67631115009e-05
904 904 6.52591416691e-05
905 905 5.95154981799e-05
906 906 9.92826705017e-05
907 907 4.46123646701e-05
908 908 7.99426633645e-06
909 909 8.15347178333e-05
910 910 7.11243032039e-05
911 911 4.81851656978e-05
912 912 1.5088107437e-05
913 913 4.02673225925e-05
914 914 7.49912808111e-05
915 915 5.58878073972e-05
916 916 911.039248812
917 917 7.44683685254e-05
918 918 7.73617204191e-05
919 919 3.45930746202e-05
920 920 1.80167175028e-05
921 921 6.45176574621e-05
922 922 9.63138215088e-05
923 923 3918.88907656
924 924 2.55305030768e-05
925 925 5356.77601145
926 926 8.02324045265e-05
927 927 4.32596048384e-05
928 928 3.07146650691e-05
929 929 7.267697195e-05
930 930 3.37490847527e-06
931 931 5510.82830893
932 932 6.43614517398e-05
933 933 4975.51135425
934 934 2988.9243185
935 935 4.37227138181e-05
936 936 8.94558159036e-06
937 937 2.89565866277e-05
938 938 5191.27571439
939 939 1.77860646603e-05
940 940 6.03637248201e-05
941 941 8.40507109906e-05
942 942 5225.2116527
943 943 4.80658623778e-05
944 944 4.77969486147e-05
945 945 4.21714888577e-05
946 946 4.78704364132e-05
947 947 4297.75882971
948 948 2771.33666598
949 949 5.7810846957e-05
950 950 5.03034717015e-05
951 951 4.47666904672e-05
952 952 6.64815989569e-05
953 953 7.95272847598e-05
954 954 9.87319358677e-05
955 955 6.0592734881e-05
956 956 2.42565972764e-05
957 957 9.76464559344e-05
958 958 7.43523246585e-05
959 959 3125.3102115
960 960 7.96142907107e-05
961 961 1013.31638961
962 962 2.58844900069e-06
963 963 7.21362802109e-05
964 964 323.391565221
965 965 5.87416336545e-05
966 966 3263.58371255
967 967 1.0170106382e-05
968 968 5.95360517518e-05
969 969 5.39722293658e-05
970 970 1013.61906986
971 971 1021.16998327
972 972 3308.01062003
973 973 239.768999899
974 974 2.91517636176e-05
975 975 1572.53938904
976 976 1872.03300285
977 977 2.33956592519e-05
978 978 2.95787127546e-05
979 979 3469.48478724
980 980 1083.09002307
981 981 2309.91654675
982 982 2.80417942773e-05
983 983 6.04425538516e-05
984 984 7.36173778843e-05
985 985 9.05324151726e-05
986 986 3654.6665741
987 987 2.51246596502e-05
988 988 8.03518516436e-05
989 989 6.75192792625e-05
990 990 6.63397494807e-05
991 991 4728.38934689
992 992 2.89482000573e-05
993 993 4.79345296015e-05
994 994 216.917783181
995 995 7.19329762864e-06
996 996 2.98482651612e-05
997 997 6.08064621745e-05
998 998 8.51274172065e-06
999 999 4026.44912746
1000 1000 2.15860964745e-05
1001 1001 9.46277086854e-05
1002 1002 7.99962074375e-05
1003 1003 4.76666890062e-05
1004 1004 8.55851773941e-06
1005 1005 1.80817392927e-05
1006 1006 5169.83934803
1007 1007 4.38208702234e-05
1008 1008 4.78438053367e-05
1009 1009 4.41587477962e-05
1010 1010 4.25057290838e-05
1011 1011 1623.5105798
1012 1012 7.45431263134e-05
1013 1013 8.61053040133e-05
1014 1014 1585.91353186
1015 1015 9.4083219707e-05
1016 1016 6.97347196425e-05
1017 1017 1.31657398125e-05
1018 1018 7.32745804999e-05
1019 1019 2592.91061317
1020 1020 2.21496697512e-05
1021 1021 2.31703239646e-05
1022 1022 5609.54485451
1023 1023 4.77019298703e-05
1024 1024 1.8592053847e-05
1025 1025 9.76622133473e-05
1026 1026 8.93415240324e-05
1027 1027 7.36480475536e-06
1028 1028 6.75153267212e-06
1029 1029 9.54732930817e-05
1030 1030 7.13262845988e-05
1031 1031 8.91705226515e-05
1032 1032 9.26219840017e-05
1033 1033 5.80024003074e-05
1034 1034 6.9345804073e-05
1035 1035 4752.74303943
1036 1036 7.04426519374e-05
1037 1037 6.01123038673e-06
1038 1038 5175.55093122
1039 1039 5.95869801031e-05
1040 1040 2.97887392189e-05
1041 1041 2155.2791033
1042 1042 1.2560442271e-05
1043 1043 3714.32062665
1044 1044 2560.82672485
1045 1045 4193.50885359
1046 1046 7.74312341403e-05
1047 1047 3459.54066752
1048 1048 3214.14606874
1049 1049 1.88610824068e-05
1050 1050 4010.33658965
1051 1051 2.34503162078e-05
1052 1052 7.88762425838e-05
1053 1053 9.80240653641e-05
1054 1054 6.56723686035e-05
1055 1055 2.94060859204e-05
1056 1056 9.62567337379e-05
1057 1057 2.02194703722e-05
1058 1058 833.787728958
1059 1059 6.87687852315e-05
1060 1060 2.69660578114e-05
1061 1061 7.27958447159e-05
1062 1062 2715.98613783
1063 1063 8.42660426295e-05
1064 1064 3.14610642954e-05
1065 1065 4980.73963641
1066 1066 7.55963332152e-05
1067 1067 3475.8460888
1068 1068 4667.48865238
1069 1069 9.26315276285e-06
1070 1070 2034.41866671
1071 1071 7.93018810522e-05
1072 1072 1674.62816944
1073 1073 7.28832613703e-05
1074 1074 8.30354742981e-05
1075 1075 9.75830438353e-05
1076 1076 1585.42808289
1077 1077 681.776092921
1078 1078 4.46012482879e-05
1079 1079 1142.15184528
1080 1080 1.32534776426e-05
1081 1081 1697.74819149
1082 1082 1.83240138274e-05
1083 1083 4.40496532819e-05
1084 1084 2200.918726
1085 1085 5.46173809511e-05
1086 1086 3.83022059978e-05
1087 1087 5.55286093729e-05
1088 1088 970.346266758
1089 1089 3.56486059988e-06
1090 1090 2451.73405399
1091 1091 2.78509119659e-05
1092 1092 2.97182570891e-05
1093 1093 7.87710874638e-06
1094 1094 5293.20088597
1095 1095 3.23906639577e-05
1096 1096 8.25218520343e-05
1097 1097 2.355715799e-06
1098 1098 9.48543474686e-05
1099 1099 2.20597937342e-05
1100 1100 898.656903287
1101 1101 1.08417156498e-05
1102 1102 1.38731762398e-05
1103 1103 1459.57541858
1104 1104 3758.52769053
1105 1105 8.40308889883e-05
1106 1106 3.74052331481e-05
1107 1107 821.446730381
1108 1108 6.35625599625e-05
1109 1109 2731.51876985
1110 1110 304.933749356
1111 1111 5.78367891666e-05
1112 1112 7.33901742422e-06
1113 1113 5.13778442516e-05
1114 1114 6.30340550969e-05
1115 1115 3.66587302375e-05
1116 1116 9.29542395864e-05
1117 1117 3.00466289629e-05
1118 1118 5.85514725041e-05
1119 1119 8.95134070283e-05
1120 1120 3.24133820916e-05
1121 1121 1.49391574462e-05
1122 1122 6.25344536852e-05
1123 1123 1.61318629834e-05
1124 1124 4.45838167582e-05
1125 1125 3395.37685528
1126 1126 4.19044833286e-05
1127 1127 9.94165366084e-05
1128 1128 6.71426567678e-05
1129 1129 1512.41716796
1130 1130 2944.3097343
1131 1131 9.77954573486e-05
1132 1132 7.28638253287e-05
1133 1133 8.34478687226e-06
1134 1134 117.266373485
1135 1135 9.81052334418e-06
1136 1136 4.29417782591e-05
1137 1137 8.06645836089e-05
1138 1138 3996.73843578
1139 1139 2351.68497561
1140 1140 2.53642864286e-05
1141 1141 5497.22374808
1142 1142 1.31077058028e-05
1143 1143 1474.69553961
1144 1144 9.89612328299e-05
1145 1145 5.98900244805e-05
1146 1146 4111.0989338
1147 1147 514.697674413
1148 1148 6.38400722249e-05
1149 1149 4872.31589861
1150 1150 9.54995194661e-06
1151 1151 207.62465792
1152 1152 5031.13679448
1153 1153 3725.33789713
1154 1154 3.82613740599e-05
1155 1155 5.03158546986e-05
1156 1156 1152.49627618
1157 1157 3144.30218469
1158 1158 5458.29879982
1159 1159 8.55106003293e-05
1160 1160 8.16549199688e-05
1161 1161 1374.71645538
1162 1162 6.17868962328e-05
1163 1163 5.49613129459e-05
1164 1164 3536.95251255
1165 1165 3.30704972622e-05
1166 1166 6.33876449634e-05
1167 1167 4.04506953466e-05
1168 1168 8.1620585858e-05
1169 1169 2.14301151882e-05
1170 1170 4.69755721664e-05
1171 1171 8.22649257343e-05
1172 1172 5.87956718574e-05
1173 1173 3.49533073953e-05
1174 1174 5.25837074662e-05
1175 1175 7.04149923445e-05
1176 1176 1413.11828692
1177 1177 5.41573114794e-05
1178 1178 638.898461494
1179 1179 1.57739378574e-06
1180 1180 1.42271681265e-05
1181 1181 1.66046224299e-05
1182 1182 7.28476448147e-05
1183 1183 7.73244449381e-05
1184 1184 8.89456926175e-05
1185 1185 665.075346175
1186 1186 3126.61845081
1187 1187 2647.77454774
1188 1188 9.33267652368e-05
1189 1189 4.10668727004e-05
1190 1190 5.38477001923e-06
1191 1191 8.88286309042e-06
1192 1192 8.71890158223e-05
1193 1193 9.20464139085e-05
1194 1194 9.24339779779e-06
1195 1195 4.53700424781e-05
1196 1196 1.29677935292e-05
1197 1197 1.86019422854e-05
1198 1198 401.647306348
1199 1199 3864.7751709
1200 1200 5165.63535137
1201 1201 4.61078478957e-05
1202 1202 3238.02918023
1203 1203 7.06131925371e-05
1204 1204 6.52450696152e-05
1205 1205 4.44768091648e-05
1206 1206 4.267374374e-05
1207 1207 2.35965186784e-06
1208 1208 1.87235695651e-05
1209 1209 8.2082087458e-05
1210 1210 8.8732339505e-05
1211 1211 6.94106630446e-05
1212 1212 7.90545286071e-05
1213 1213 1.80364669787e-05
1214 1214 4738.18240308
1215 1215 4.91588294913e-05
1216 1216 1.98119116984e-05
1217 1217 4.532290424e-05
1218 1218 1.58721842556e-05
1219 1219 2516.14627273
1220 1220 5.77720086834e-05
1221 1221 612.193613644
1222 1222 7.90803113159e-05
1223 1223 9.44914593728e-06
1224 1224 5.56781485793e-05
1225 1225 3.13776546759e-05
1226 1226 9.91134028425e-05
1227 1227 1.63834928865e-05
1228 1228 2426.88925221
1229 1229 6.09306514184e-05
1230 1230 3.11954004815e-05
1231 1231 784.578412964
1232 1232 4.68329574859e-05
1233 1233 2.73571236277e-06
1234 1234 4.61997188524e-05
1235 1235 6.77670254964e-05
1236 1236 7.26287120523e-05
1237 1237 3204.44309901
1238 1238 2.03957278865e-05
1239 1239 4881.57933812
1240 1240 3.70844784831e-05
1241 1241 4.98277849168e-05
1242 1242 5.80316555949e-05
1243 1243 5.62788609558e-06
1244 1244 8.15618722575e-05
1245 1245 5.90024307591e-05
1246 1246 3.52943852422e-05
1247 1247 2.17498658545e-05
1248 1248 8.99980534774e-06
1249 1249 3.30745740568e-05
1250 1250 5.39450191304e-05
1251 1251 2708.05278051
1252 1252 7.19654769082e-05
1253 1253 2.56445911866e-05
1254 1254 5.94849677207e-05
1255 1255 2.28643352456e-05
1256 1256 9.34727227224e-05
1257 1257 5.07078466029e-05
1258 1258 4.06792034908e-05
1259 1259 3821.18976772
1260 1260 2.93950358162e-05
1261 1261 1.19162121413e-05
1262 1262 4.50500086663e-05
1263 1263 8.1121582231e-05
1264 1264 7.83065136973e-05
1265 1265 6.87403759553e-05
1266 1266 3.83808390471e-05
1267 1267 6.05002674033e-05
1268 1268 4.06978651722e-05
1269 1269 5.44318253449e-05
1270 1270 7.65204965831e-05
1271 1271 8.94563136853e-05
1272 1272 1.62185637625e-05
1273 1273 2.281712095e-05
1274 1274 5206.08999024
1275 1275 5.77490224759e-05
1276 1276 7.6893557919e-05
1277 1277 9.30361823826e-06
1278 1278 4623.1687347
1279 1279 5.28702435045e-05
1280 1280 3.58207514001e-05
1281 1281 6.03333890216e-05
1282 1282 8.67558045534e-05
1283 1283 1.44748393256e-05
1284 1284 8.68918114476e-05
1285 1285 5.92633594362e-06
1286 1286 5.63743661951e-05
1287 1287 5.13637611052e-05
1288 1288 3311.57217092
1289 1289 3105.36609785
1290 1290 2.38586882315e-05
1291 1291 8.54185887091e-05
1292 1292 6.02621009316e-05
1293 1293 220.334818022
1294 1294 4.58850451107e-05
1295 1295 4245.93572223
1296 1296 3.06619333953e-05
1297 1297 1.59736891413e-05
1298 1298 1.08297794588e-06
1299 1299 6.64466977623e-05
1300 1300 6.03142457821e-05
1301 1301 5.7069417102e-05
1302 1302 2570.20468667
1303 1303 5.79548654162e-05
1304 1304 8.47087035675e-06
1305 1305 6.17385370911e-05
1306 1306 4597.2264506
1307 1307 7.04088874081e-05
1308 1308 2.86963999045e-05
1309 1309 6.83529809523e-05
1310 1310 3.30486627497e-05
1311 1311 3.11207543611e-05
1312 1312 6.51323180894e-05
1313 1313 9.24051728906e-05
1314 1314 6.12613215167e-05
1315 1315 2.94224132306e-07
1316 1316 1.03534190529e-05
1317 1317 3.60871957358e-06
1318 1318 5.00430050584e-05
1319 1319 2.96701573791e-05
1320 1320 2577.79400586
1321 1321 8.95210109471e-05
1322 1322 4.59538534997e-05
1323 1323 7.65564155047e-05
1324 1324 5.65130877714e-05
1325 1325 5.80957998004e-05
1326 1326 7.8768720963e-05
1327 1327 2139.20665344
1328 1328 7.47211646833e-05
1329 1329 2.32778351576e-05
1330 1330 1502.75292832
1331 1331 8.43550302658e-05
1332 1332 4773.00112988
1333 1333 7.97543947462e-05
1334 1334 4.93350120081e-05
1335 1335 1809.11932368
1336 1336 7.50155029007e-05
1337 1337 6.50736083277e-05
1338 1338 3.85445344151e-05
1339 1339 5194.54860357
1340 1340 8.4622969948e-05
1341 1341 2656.11477518
1342 1342 2.55539734097e-05
1343 1343 3.59127468213e-05
1344 1344 1381.73091357
1345 1345 5.23146273412e-05
1346 1346 7.91192348852e-05
1347 1347 279.079566307
1348 1348 5.31556381341e-05
1349 1349 8.39214408221e-05
1350 1350 3707.50290056
1351 1351 3.51130919698e-05
1352 1352 5068.27130682
1353 1353 4520.64349463
1354 1354 2.46018979264e-05
1355 1355 1.28124461123e-05
1356 1356 2.19020008927
1357 1357 2.98103059463e-05
1358 1358 4907.41652264
1359 1359 3.36886568389e-05
1360 1360 321.448917911
1361 1361 265.141917114
1362 1362 5.64890656378e-05
1363 1363 5233.52263514
1364 1364 3463.10272971
1365 1365 3.93432954735e-05
1366 1366 5.21681931944e-05
1367 1367 2.01052094543e-05
1368 1368 1.83279821698e-05
1369 1369 581.282214406
1370 1370 5396.32459041
1371 1371 3.54694295211e-05
1372 1372 2.9268049821e-05
1373 1373 8.40826642202e-05
1374 1374 4140.79268848
1375 1375 5574.594558
1376 1376 2281.33362954
1377 1377 1.324602663e-06
1378 1378 3.8208223945e-05
1379 1379 7.13366329091e-07
1380 1380 6.35364506911e-05
1381 1381 3.94782561447e-05
1382 1382 5.23472296042e-05
1383 1383 6.65603628448e-05
1384 1384 2.5132880505
1385 1385 5.82174695251e-05
1386 1386 4.31747868249e-05
1387 1387 8.84095443783e-05
1388 1388 1948.33117413
1389 1389 5.88359815771e-05
1390 1390 9.74698622692e-06
1391 1391 6.08002517522e-06
1392 1392 8.52029125728e-05
1393 1393 7.41200900146e-05
1394 1394 2.33200507581e-05
1395 1395 4.51169602318e-05
1396 1396 1.12740579363e-05
1397 1397 8.41765491036e-05
1398 1398 2.59999423393e-05
1399 1399 5485.17248048
1400 1400 8.19756418844e-05
1401 1401 1694.87084665
1402 1402 9.42025350046e-05
1403 1403 2558.8194667
1404 1404 2606.87353984
1405 1405 7.85033088631e-05
1406 1406 6.57889686839e-05
1407 1407 7.26831478628e-05
1408 1408 161.435913627
1409 1409 8.04506337371e-05
1410 1410 6.48016390681e-06
1411 1411 9.62257373328e-05
1412 1412 5.38242667325e-05
1413 1413 4997.87907971
1414 1414 6.6300556792e-05
1415 1415 2419.76500779
1416 1416 1.0661099717e-05
1417 1417 9.91612965978e-05
1418 1418 4.74234063627e-05
1419 1419 3954.54328415
1420 1420 4.79778287479e-06
1421 1421 7.98290674007e-05
1422 1422 2.52038315689e-05
1423 1423 7.97089444412e-05
1424 1424 1676.60540169
1425 1425 2.42728195694e-05
1426 1426 1.92516169958e-05
1427 1427 1646.95744007
1428 1428 2.49581668218e-05
1429 1429 2.88660342061e-05
1430 1430 668.7203538
1431 1431 4.65298998868e-05
1432 1432 9.08751103567e-05
1433 1433 3134.04604148
1434 1434 2.27152448916e-05
1435 1435 9.19547150908e-05
1436 1436 674.386202127
1437 1437 8.52742917938e-05
1438 1438 6.22343399954e-05
1439 1439 2767.35700612
1440 1440 7.6106385103e-05
1441 1441 6.47109814577e-05
1442 1442 5.80653161095e-05
1443 1443 3930.48082962
1444 1444 5.00342626947e-05
1445 1445 2461.6615823
1446 1446 8.37347489371e-05
1447 1447 4.25260844293e-05
1448 1448 4.61528013152e-05
1449 1449 2195.45399666
1450 1450 9.30104462357e-05
1451 1451 4.14526936241e-06
1452 1452 6.88569756926e-05
1453 1453 4942.08973714
1454 1454 3275.52731306
1455 1455 1.38327336409e-05
1456 1456 6.30875789766e-05
1457 1457 8.45277590403e-05
1458 1458 4.29724487976e-05
1459 1459 8.57446618666e-06
1460 1460 1.25329235406e-05
1461 1461 684.209727696
1462 1462 1.21785943871e-05
1463 1463 6.39690977622e-05
1464 1464 8.12513952348e-05
1465 1465 1712.76445979
1466 1466 3.17735234119e-05
1467 1467 5345.93536422
1468 1468 9.11674391707e-05
1469 1469 4.45400094365e-05
1470 1470 6.08256979269e-05
1471 1471 5172.67266117
1472 1472 2.95578695635e-05
1473 1473 4.1770475808e-05
1474 1474 1.86685507245e-05
1475 1475 5.7391244492e-05
1476 1476 6.66606707159e-05
1477 1477 6.62063305272e-05
1478 1478 5329.30206196
1479 1479 9.71343691211e-05
1480 1480 9.81561244481e-05
1481 1481 7.112567693e-05
1482 1482 7.33211517599e-05
1483 1483 396.723411871
1484 1484 4631.57272196
1485 1485 4779.19579495
1486 1486 4.60381344961e-05
1487 1487 3519.20244876
1488 1488 5.20478875353e-05
1489 1489 4.93675573569e-05
1490 1490 3.73841732096e-05
1491 1491 9.20829532102e-05
1492 1492 4833.78309434
1493 1493 3.75341691268e-05
1494 1494 2.37366100486e-05
1495 1495 582.454011949
1496 1496 5.27174801725e-05
1497 1497 8.17371548233e-05
1498 1498 7.59566487448e-06
1499 1499 1065.78139487
1500 1500 2246.48412366
1501 1501 9.42151536692e-05
1502 1502 5.30939433236e-05
1503 1503 5.0894931511e-05
1504 1504 4242.21995165
1505 1505 2615.98049521
1506 1506 7.83046290695e-05
1507 1507 6.29041940853e-05
1508 1508 7.36353757215e-05
1509 1509 1.95479891096e-05
1510 1510 797.750584828
1511 1511 8.75360611089e-05
1512 1512 5.00693533983e-05
1513 1513 6.56620199854e-05
1514 1514 8.07910766665e-05
1515 1515 3.00748597957e-05
1516 1516 5296.55684481
1517 1517 4243.51439351
1518 1518 7.86761753272e-05
1519 1519 5.06559967317e-05
1520 1520 3670.96753036
1521 1521 6.25163101559e-06
1522 1522 3.18733767367e-05
1523 1523 2585.7612364
1524 1524 1.13381767467e-05
1525 1525 8.51972767734e-05
1526 1526 1224.05832478
1527 1527 4.67093375629e-07
1528 1528 3073.25319114
1529 1529 5.27290867192e-06
1530 1530 3.43956738386e-06
1531 1531 4.43968536727e-05
1532 1532 1.50589289541e-05
1533 1533 496.975139864
1534 1534 8.1174770142e-05
1535 1535 4428.89770479
1536 1536 1056.0116158
1537 1537 6.29850002252e-05
1538 1538 8.75315041031e-05
1539 1539 1.50169768213e-05
1540 1540 3.09787341453e-05
1541 1541 2125.90568233
1542 1542 1197.70859925
1543 1543 3.11041812282e-05
1544 1544 1.46014508413e-05
1545 1545 2481.63663952
1546 1546 2.69321981302e-05
1547 1547 4.07812992947e-05
1548 1548 4.38945865602e-05
1549 1549 4.11863703883e-05
1550 1550 8.34093301027e-05
1551 1551 1.05880749263e-05
1552 1552 5.95415736921e-05
1553 1553 9.27792772259e-05
1554 1554 9.76972709655e-05
1555 1555 1232.62571919
1556 1556 9.3610210359e-05
1557 1557 3.14935005064e-05
1558 1558 3.61288628874e-05
1559 1559 8.80708807462e-05
1560 1560 5.26185088808e-05
1561 1561 1.43989789909e-05
1562 1562 7.48161619401e-05
1563 1563 4624.15237443
1564 1564 1.97072756291e-05
1565 1565 3.66978229032e-05
1566 1566 914.80891495
1567 1567 263.044828998
1568 1568 4351.76705492
1569 1569 100.59423759
1570 1570 9.98530011261e-05
1571 1571 7.40381557981e-05
1572 1572 1.72866512904e-05
1573 1573 29.7565658945
1574 1574 2151.82961109
1575 1575 5309.35792207
1576 1576 1.96945709896e-05
1577 1577 2496.12689503
1578 1578 8.86352932219e-05
1579 1579 1.78622421704e-05
1580 1580 8.05165062509e-05
1581 1581 2342.89051024
1582 1582 1741.90563479
1583 1583 8.2424581593e-05
1584 1584 2.75274171769e-05
1585 1585 8.03776147191e-05
1586 1586 4.78258217775e-06
1587 1587 5.33781490671e-05
1588 1588 5.81088465279e-05
1589 1589 3311.08153006
1590 1590 7.41592956195e-05
1591 1591 6.5684053938e-05
1592 1592 6.86733442582e-05
1593 1593 3.3005172981e-05
1594 1594 2.03310642552e-05
1595 1595 2.72580470723e-05
1596 1596 3.66938498042e-05
1597 1597 1.50840119516e-05
1598 1598 4.61718203495e-05
1599 1599 7.29751078394e-06
1600 1600 384.690917552
1601 1601 7.66460773004e-05
1602 1602 9.6219229616e-05
1603 1603 9.90865253119e-05
1604 1604 3.68363484919e-05
1605 1605 8.28169922209e-05
1606 1606 3048.30291257
1607 1607 5.0128491284e-05
1608 1608 712.154344565
1609 1609 6.95124340148e-05
1610 1610 9.28489829666e-05
1611 1611 1.64514668781e-05
1612 1612 4.26640068057e-05
1613 1613 2387.8191532
1614 1614 1.56981753358e-05
1615 1615 3.7011476253e-05
1616 1616 720.477229096
1617 1617 2923.05926197
1618 1618 3271.62192174
1619 1619 3.57474304999e-05
1620 1620 3335.14729104
1621 1621 4.75939485872e-05
1622 1622 2.65572564306e-05
1623 1623 5449.77498009
1624 1624 1.98118394139e-05
1625 1625 3447.7602904
1626 1626 9.50441382755e-05
1627 1627 2.63665106683e-05
1628 1628 4.018687764e-05
1629 1629 5.18011222356e-05
1630 1630 8.16482254215e-05
1631 1631 5.54073339487e-05
1632 1632 1.17063192897e-05
1633 1633 7.43413878981e-05
1634 1634 8.34228737025e-05
1635 1635 4.10611750909e-05
1636 1636 2349.43344563
1637 1637 8.41996772184e-05
1638 1638 4.00383902265e-05
1639 1639 5.94605964531e-05
1640 1640 7.13010489512e-05
1641 1641 3.06927979013e-05
1642 1642 9.84283237619e-05
1643 1643 2580.85272755
1644 1644 6.0291693778e-05
1645 1645 3699.87114879
1646 1646 3.4119999294e-05
1647 1647 1.25653186627e-06
1648 1648 5.3038503538e-06
1649 1649 5082.15544566
1650 1650 2.26542312125e-05
1651 1651 6.93125335673e-05
1652 1652 5382.63971436
1653 1653 2.81724887617e-05
1654 1654 1.88206015876e-06
1655 1655 566.975114577
1656 1656 6.75916757669e-05
1657 1657 531.963400541
1658 1658 3.94591197127e-05
1659 1659 7.75519049456e-05
1660 1660 4745.68085693
1661 1661 680.084806763
1662 1662 3.0971381577e-05
1663 1663 2.96449191065e-05
1664 1664 4.46304812487e-05
1665 1665 2574.09074393
1666 1666 1.89188440132e-05
1667 1667 4993.62194351
1668 1668 9.49682295713e-05
1669 1669 1.27024723015e-05
1670 1670 7.20396391541e-05
1671 1671 8.55331236113e-05
1672 1672 4984.35006864
1673 1673 5.70373090853e-06
1674 1674 6.86119334921e-05
1675 1675 5.4969364808e-05
1676 1676 4101.55514608
1677 1677 2099.28391411
1678 1678 2026.3938671
1679 1679 3925.51675627
1680 1680 4.14130591967e-05
1681 1681 4.2309963961e-05
1682 1682 5.22009253414e-05
1683 1683 5.1658824501e-05
1684 1684 1.91839816759e-05
1685 1685 4418.42780323
1686 1686 3.70567652633e-05
1687 1687 4.4113404288e-06
1688 1688 5.94439958369e-05
1689 1689 1988.71090998
1690 1690 4.43716042503e-05
1691 1691 1.78508739424e-05
1692 1692 3.38669922184e-05
1693 1693 3918.4695727
1694 1694 9.40523313285e-05
1695 1695 6.11608224076e-05
1696 1696 2.69623409275e-05
1697 1697 4.86395949471e-05
1698 1698 1.56937879874e-05
1699 1699 4.40684846106e-05
1700 1700 4336.09706905
1701 1701 3.82974527358e-06
1702 1702 7.72645315454e-05
1703 1703 1306.65860543
1704 1704 6.54827565009e-05
1705 1705 1252.34013798
1706 1706 8.44359671453e-05
1707 1707 3.77503969878e-05
1708 1708 3.73617103872e-05
1709 1709 3165.92761446
1710 1710 9.22887292163e-05
1711 1711 5531.80970216
1712 1712 4.81146601407e-05
1713 1713 7.56851242735e-05
1714 1714 939.383492522
1715 1715 3.18556742776e-05
1716 1716 5.20373676948e-05
1717 1717 9.33053715923e-05
1718 1718 7.8907804221e-05
1719 1719 3.19885559844e-05
1720 1720 2.22858273598e-05
1721 1721 9.48001968175e-06
1722 1722 232.389241497
1723 1723 5039.35735529
1724 1724 9.2597283562e-05
1725 1725 7.86393829995e-05
1726 1726 7.16086970846e-05
1727 1727 7.05220586409e-05
1728 1728 3295.91984759
1729 1729 6.91421019153e-05
1730 1730 7.57320842495e-05
1731 1731 48.5793039693
1732 1732 3022.5754722
1733 1733 11.7984035564
1734 1734 1321.21670208
1735 1735 5584.25664105
1736 1736 5.72688531545e-05
1737 1737 4.82001552956e-05
1738 1738 361.74148452
1739 1739 7.44395090461e-05
1740 1740 9.4452166077e-05
1741 1741 4300.19562974
1742 1742 1749.64705596
1743 1743 9.24222015319e-05
1744 1744 2.77958328921e-05
1745 1745 5.04463893613e-05
1746 1746 146.795700035
1747 1747 4321.87573799
1748 1748 8.05131735897e-05
1749 1749 8.63087523691e-05
1750 1750 2.71535524206e-05
1751 1751 3.26669891121e-05
1752 1752 5398.16123877
1753 1753 7.53794126581e-05
1754 1754 481.610323836
1755 1755 5106.19955157
1756 1756 8.84129176093e-06
1757 1757 5.7590121689e-05
1758 1758 3.09723562368e-05
1759 1759 2.99772617729e-05
1760 1760 5.77107184494e-05
1761 1761 9.03302153903e-05
1762 1762 3.66194731651e-05
1763 1763 1.60560500266e-05
1764 1764 5088.99491207
1765 1765 5.59363131209e-06
1766 1766 1.29803478253e-05
1767 1767 3.71984748729e-05
1768 1768 4.58050849846e-05
1769 1769 5.44491359234e-05
1770 1770 1.60134059976e-05
1771 1771 7.11792453496e-05
1772 1772 1.72251935476e-05
1773 1773 2.96716110292e-07
1774 1774 6.77780659497e-05
1775 1775 3928.55789282
1776 1776 9.24937172638e-05
1777 1777 7.33614168066e-05
1778 1778 5.89505314974e-05
1779 1779 6.35012074172e-05
1780 1780 2.85936596616e-05
1781 1781 1099.07462112
1782 1782 4607.10665703
1783 1783 9.98283813073e-05
1784 1784 5376.45884723
1785 1785 9.81991394245e-05
1786 1786 9.77334847565e-05
1787 1787 3300.49736691
1788 1788 866.591254419
1789 1789 1.28373018614e-05
1790 1790 829.176332996
1791 1791 540.664429023
1792 1792 5.70031058057e-05
1793 1793 8.26151547183e-05
1794 1794 4.17692003048e-05
1795 1795 6.52347164666e-05
1796 1796 3.13673071084e-05
1797 1797 6.4387291204e-06
1798 1798 8.35072911586e-05
1799 1799 5.51135075566e-05
1800 1800 4210.05568621
1801 1801 9.93070607054e-05
1802 1802 1579.49509529
1803 1803 3326.2889997
1804 1804 4.12895036731e-05
1805 1805 4697.6996628
1806 1806 3607.23608344
1807 1807 3.54882285902e-05
1808 1808 4.81800495439e-05
1809 1809 3.52056980043e-06
1810 1810 1805.16328622
1811 1811 1986.76688261
1812 1812 5.52467014034e-05
1813 1813 2182.25822443
1814 1814 2.74792434042e-05
1815 1815 2.036429047e-05
1816 1816 2984.82718374
1817 1817 3.51448935842e-06
1818 1818 5.07717414232e-05
1819 1819 4.49991199897e-05
1820 1820 1399.42957533
1821 1821 2.58698643129e-05
1822 1822 2.44605909576e-05
1823 1823 5.11537869621e-05
1824 1824 2297.07041049
1825 1825 4.88490639644e-05
1826 1826 3.91512955176e-05
1827 1827 2.49856397956e-05
1828 1828 4574.10682913
1829 1829 9.09109140578e-05
1830 1830 4.19562767672e-05
1831 1831 525.855591637
1832 1832 5.00781427415e-05
1833 1833 5240.61341106
1834 1834 3.2631318209e-06
1835 1835 302.555181877
1836 1836 6.30138539811e-05
1837 1837 6.98337340953e-05
1838 1838 1.3110409056e-06
1839 1839 9.37202578966e-05
1840 1840 1095.43150401
1841 1841 3.92507147002e-05
1842 1842 7.4430671963e-05
1843 1843 4680.76363762
1844 1844 4.06636972969e-05
1845 1845 1147.06047066
1846 1846 3.76917828745e-05
1847 1847 5161.04689248
1848 1848 3277.41205848
1849 1849 7.44927199774e-05
1850 1850 6.88518509108e-05
1851 1851 5.66586383682e-05
1852 1852 1476.55668227
1853 1853 848.16653433
1854 1854 2.99857889196e-07
1855 1855 9.26160073946e-05
1856 1856 8.54756516821e-05
1857 1857 2.56062279884e-05
1858 1858 7.18020383349e-05
1859 1859 2.9837407487e-05
1860 1860 4.84193442772e-05
1861 1861 4810.5246878
1862 1862 1314.05625074
1863 1863 80.4016403809
1864 1864 1.50452303798e-06
1865 1865 2.93950699087e-05
1866 1866 7.25529121108e-05
1867 1867 6.92478155003e-05
1868 1868 9.02182856706e-05
1869 1869 8.3754712147e-06
1870 1870 2.22818483514e-05
1871 1871 6.53382259042e-05
1872 1872 8.45297067434e-05
1873 1873 4.77512827237e-05
1874 1874 494.19409984
1875 1875 8.13656472975e-05
1876 1876 7.1492158186e-06
1877 1877 1.9810868501e-06
1878 1878 6.3813426435e-05
1879 1879 4346.87728898
1880 1880 1.8196292332e-05
1881 1881 700.132210544
1882 1882 6.63226533005e-05
1883 1883 8.34106816185e-05
1884 1884 4847.75735237
1885 1885 6.35762587054e-05
1886 1886 4.4703687078e-05
1887 1887 3038.78253176
1888 1888 8.22123153608e-06
1889 1889 2820.35705862
1890 1890 5.35303081444e-05
1891 1891 9.11240594694e-05
1892 1892 2.02298934595e-05
1893 1893 766.954521328
1894 1894 1.06624269125e-05
1895 1895 3.35788796314e-06
1896 1896 9.60498340061e-05
1897 1897 2562.63749368
1898 1898 8.53819997835e-05
1899 1899 5.15101521807e-05
1900 1900 1.37581309524e-05
1901 1901 5.4157632291e-05
1902 1902 9.55297526983e-05
1903 1903 1.48029528944e-05
1904 1904 642.217121045
1905 1905 2.05516589576e-05
1906 1906 1.33062763343e-05
1907 1907 2.73461788294e-05
1908 1908 4.33911457989e-05
1909 1909 1.46601679614e-05
1910 1910 3.65780697362e-06
1911 1911 5192.13889718
1912 1912 4630.54306131
1913 1913 4088.52084158
1914 1914 4924.47367745
1915 1915 8.92075960369e-05
1916 1916 8.50486939497e-05
1917 1917 9.47650603523e-05
1918 1918 4.24292426849e-05
1919 1919 3.0299290187e-05
1920 1920 2.84328480194e-05
1921 1921 147.259563621
1922 1922 1.40028846347e-05
1923 1923 6.9884339091e-05
1924 1924 7.842472299e-05
1925 1925 7.61917960459e-05
1926 1926 1.24148126448e-05
1927 1927 1678.08627996
1928 1928 8.56268115247e-05
1929 1929 6.79102099983e-05
1930 1930 9.76009026434e-05
1931 1931 8.96157937252e-05
1932 1932 7.30203346872e-05
1933 1933 3.81239685299e-05
1934 1934 1.15691882345e-05
1935 1935 2983.24147985
1936 1936 2.3402760918e-05
1937 1937 8.61388380595e-05
1938 1938 4698.35683187
1939 1939 1.9148899564e-05
1940 1940 1.05831646441e-05
1941 1941 5.08148564645e-05
1942 1942 7.81453855051e-05
1943 1943 1103.06168826
1944 1944 8.67957292584e-05
1945 1945 3551.10263052
1946 1946 7.43621008464e-05
1947 1947 1495.88614166
1948 1948 8.22792867888e-05
1949 1949 2.18117824108e-05
1950 1950 7.19708825835e-05
1951 1951 1.06829931083e-05
1952 1952 3594.19212169
1953 1953 1.26209681432e-05
1954 1954 5.05345749817e-05
1955 1955 3.77339162338e-05
1956 1956 5175.87906953
1957 1957 3.3815659756e-05
1958 1958 2.74653797805e-05
1959 1959 6.60353685737e-05
1960 1960 7.68518891994e-06
1961 1961 4.10024314382e-06
1962 1962 5.71173660916e-05
1963 1963 4.44228380446e-05
1964 1964 7.05506582714e-05
1965 1965 4.56071067929e-06
1966 1966 222.630860954
1967 1967 7.61413003655e-05
1968 1968 3495.89771667
1969 1969 1.30581076758e-05
1970 1970 1697.51479431
1971 1971 1749.39787125
1972 1972 3.32462154834e-05
1973 1973 6.87815229138e-05
1974 1974 7.35740790144e-05
1975 1975 1437.85337513
1976 1976 6.52298643751e-05
1977 1977 3634.17404697
1978 1978 6.03395687899e-05
1979 1979 1.03825915433e-05
1980 1980 9.96172154519e-05
1981 1981 1.37601738493e-05
1982 1982 4.11088100114e-05
1983 1983 4.60466369159e-05
1984 1984 4342.285198
1985 1985 3.08111917566e-05
1986 1986 3.85079957359e-05
1987 1987 9.01171797499e-05
1988 1988 3.49142862881e-05
1989 1989 2.64736409549e-05
1990 1990 2.6557814133e-05
1991 1991 303.292011315
1992 1992 4.94865555195e-05
1993 1993 6.68290526671e-05
1994 1994 1745.85677757
1995 1995 4.37179105106e-06
1996 1996 961.159764243
1997 1997 5.38766295648e-05
1998 1998 7.11331337586e-05
1999 1999 8.94055991846e-05
2000 2000 6.55149031448e-05
2001 2001 7.67786732813e-05
2002 2002 4.93971072862e-05
2003 2003 1325.7042003
2004 2004 6.13156337364e-05
2005 2005 2317.64505583
2006 2006 3542.51135243
2007 2007 3391.06756344
2008 2008 3162.68005699
2009 2009 5.48678375295e-05
2010 2010 4.48691240423e-06
2011 2011 3.24374447714e-06
2012 2012 9.55934408951e-06
2013 2013 2.04441758592e-05
2014 2014 5.69597625857e-05
2015 2015 3.77501292168e-05
2016 2016 3.14416552204e-05
2017 2017 1.72143691296e-05
2018 2018 4.26039413193e-05
2019 2019 5548.73650059
2020 2020 7.7478736046e-05
2021 2021 5442.27326285
2022 2022 1.30528647987e-05
2023 2023 5.73487277073e-05
2024 2024 4.47144904598e-05
2025 2025 3.28857279315e-05
2026 2026 6.80969750506e-05
2027 2027 2391.42498225
2028 2028 2.21320829249e-05
2029 2029 1.99148682821e-06
2030 2030 9.07670202662e-05
2031 2031 1771.52479889
2032 2032 1.09797605774e-05
2033 2033 9.29676234695e-05
2034 2034 4.7555652215e-05
2035 2035 5.94467147861e-05
2036 2036 1.09466549447e-05
2037 2037 8.90274490662e-06
2038 2038 2573.49071481
2039 2039 9.70284055576e-05
2040 2040 8.1641076586e-05
2041 2041 5213.81443559
2042 2042 9.56831764783e-05
2043 2043 5.03367927391e-06
2044 2044 2.59391660239e-05
2045 2045 9.49885877108e-05
2046 2046 4960.23962002
2047 2047 4.34229304546e-05
2048 2048 4.63610863142e-05
2049 2049 8.97122451812e-05
2050 2050 8.82973760057e-06
2051 2051 7.42273232841e-05
2052 2052 8.59838709849e-05
2053 2053 5.61888268509e-06
2054 2054 7.60927487622e-05
2055 2055 7.63891727363e-05
2056 2056 8.06503332512e-05
2057 2057 7.27108423377e-05
2058 2058 9.60358227506e-07
2059 2059 2983.32941717
2060 2060 2.40927632551e-05
2061 2061 9.54449341643e-05
2062 2062 2.52915464653e-06
2063 2063 3.58921938248e-05
2064 2064 2357.59946171
2065 2065 6.91520710893e-05
2066 2066 3330.18350698
2067 2067 8.72939928603e-05
2068 2068 3.29665918475e-06
2069 2069 1935.0308437
2070 2070 4.19206883514e-05
2071 2071 7.0742423446e-05
2072 2072 2.23218267375e-05
2073 2073 9.63197530593e-05
2074 2074 4.97928826373e-05
2075 2075 2.75911039535e-05
2076 2076 1.01592931892e-05
2077 2077 4.58646753713e-05
2078 2078 1712.21249877
2079 2079 1456.0865992
2080 2080 3.13271553249e-05
2081 2081 1.88504534335e-05
2082 2082 9.81069938116e-05
2083 2083 2.64025905436e-05
2084 2084 6.20071360601e-05
2085 2085 1978.05733916
2086 2086 1845.9239277
2087 2087 3.6720413591e-05
2088 2088 2.93524391677e-05
2089 2089 1.91089900731e-06
2090 2090 9.24846444353e-05
2091 2091 4.56358627406e-05
2092 2092 2544.42010448
2093 2093 4.9058322612e-05
2094 2094 4.7484999693e-05
2095 2095 4259.09274332
2096 2096 662.663107603
2097 2097 3.17832488618e-05
2098 2098 4.56577844527e-05
2099 2099 5.44323975455e-05
2100 2100 5038.83842637
2101 2101 871.145073934
2102 2102 7.6997020308e-05
2103 2103 1564.21680919
2104 2104 2.58214916857e-05
2105 2105 5.88996723999e-05
2106 2106 6.77883246269e-05
2107 2107 9.18734320544e-05
2108 2108 7.23086202165e-05
2109 2109 4.7001251226e-05
2110 2110 7.5221487742e-05
2111 2111 2925.68117733
2112 2112 9.40395292837e-05
2113 2113 6.21254775897e-05
2114 2114 8.07863614183e-05
2115 2115 4157.68200831
2116 2116 9.50587815466e-05
2117 2117 8.64842435369e-05
2118 2118 2770.8869811
2119 2119 2.7688018893e-05
2120 2120 4.28097204669e-05
2121 2121 3.63219196877e-05
2122 2122 6.14908015079e-05
2123 2123 1.90195969431e-05
2124 2124 3.04005033368e-05
2125 2125 5.93676019242e-05
2126 2126 1052.46139152
2127 2127 1.67537977071e-05
2128 2128 7.30163365959e-05
2129 2129 2339.54297505
2130 2130 5.54385826976e-05
2131 2131 3.54262160973e-05
2132 2132 849.774827519
2133 2133 45.9680988057
2134 2134 5025.93281989
2135 2135 4.66980647056e-05
2136 2136 9.12296623786e-05
2137 2137 7.94068679961e-05
2138 2138 7.62733748749e-05
2139 2139 4.51154712532e-05
2140 2140 3.8654814165e-05
2141 2141 8.09638091029e-05
2142 2142 2.18534371422e-05
2143 2143 3.31610957307e-05
2144 2144 4.910876897e-05
2145 2145 7.31156533601e-05
2146 2146 3.91085864035e-05
2147 2147 4.55573428857e-05
2148 2148 5.08027892985e-05
2149 2149 9.69530263078e-05
2150 2150 5065.24447817
2151 2151 5.60330862946e-05
2152 2152 8.61997729718e-05
2153 2153 7.35047983737e-05
2154 2154 834.094659699
2155 2155 4.34696142614e-06
2156 2156 2305.93033758
2157 2157 2901.1264068
2158 2158 488.829954229
2159 2159 2.52101309505e-06
2160 2160 6.55537423307e-05
2161 2161 76.7643139497
2162 2162 5.59120231018e-05
2163 2163 8.09362049986e-05
2164 2164 1384.3893653
2165 2165 3.2837951206e-05
2166 2166 4.95117248503e-05
2167 2167 2207.11846984
2168 2168 7.07315145883e-05
2169 2169 5432.98411413
2170 2170 5.57372858354e-05
2171 2171 1494.20417182
2172 2172 2142.90847361
2173 2173 1.33439229014e-05
2174 2174 2.49583104281e-05
2175 2175 1.51938508789e-05
2176 2176 6.65066095812e-05
2177 2177 3.69416570324e-05
2178 2178 6.39906735206e-05
2179 2179 6.56138142357e-05
2180 2180 2.62978271869e-05
2181 2181 6.62622753579e-05
2182 2182 4906.57320878
2183 2183 5.72226346797e-05
2184 2184 9.12358086258e-05
2185 2185 2.23319100709e-05
2186 2186 3.28772197171e-05
2187 2187 4.3012869708e-05
2188 2188 4764.3962295
2189 2189 3.25936117951e-05
2190 2190 4.67469505476e-05
2191 2191 6.68090165328e-05
2192 2192 7.69276865638e-05
2193 2193 9.53146106582e-05
2194 2194 4136.40062134
2195 2195 5.05285803545e-05
2196 2196 860.865583258
2197 2197 2.23564742192e-05
2198 2198 2.00663844163e-05
2199 2199 3.25921495147e-05
2200 2200 9.43048920704e-05
2201 2201 5.42849407006e-05
2202 2202 4.7582364656e-05
2203 2203 4.56493903898e-05
2204 2204 3921.10901971
2205 2205 6.04910425699e-05
2206 2206 9.98894157757e-05
2207 2207 1.96453155614e-05
2208 2208 2.05591725158e-05
2209 2209 2.88966006089e-05
2210 2210 5.87261143711e-05
2211 2211 6.84997701067e-05
2212 2212 2.9800102659e-05
2213 2213 4.50351514567e-05
2214 2214 9.720986872e-05
2215 2215 9.70669856072e-05
2216 2216 5.88566076372e-05
2217 2217 1.04150927968e-05
2218 2218 8.78436064754e-05
2219 2219 9.26120762395e-05
2220 2220 6.92432449573e-05
2221 2221 2.67355711503e-05
2222 2222 1.54985222657e-05
2223 2223 9.44668431585e-05
2224 2224 3.20546694212e-05
2225 2225 9.56781407369e-05
2226 2226 6.91310538219e-05
2227 2227 9.84525771996e-05
2228 2228 2.16190695268e-05
2229 2229 6.88633866057e-05
2230 2230 1616.24242635
2231 2231 6.23770462428e-05
2232 2232 5175.74004287
2233 2233 4538.14260361
2234 2234 6.85642053694e-05
2235 2235 1.18810426097e-05
2236 2236 1815.47314973
2237 2237 1.63756961414e-05
2238 2238 3157.3937685
2239 2239 2.24263959131e-06
2240 2240 1.73888972111e-05
2241 2241 2071.95269867
2242 2242 5.20374779452e-06
2243 2243 1.64470404398e-05
2244 2244 2921.21358261
2245 2245 4.70774623047e-05
2246 2246 8.13352252202e-05
2247 2247 4.00072822055e-05
2248 2248 8.74291691857e-05
2249 2249 3480.03640159
2250 2250 9.15330153142e-05
2251 2251 5.97547854003e-05
2252 2252 7.975992831e-05
2253 2253 4.0546548256e-05
2254 2254 3.54732278258e-05
2255 2255 4.71795443787e-05
2256 2256 4016.88549948
2257 2257 3.61687287681e-05
2258 2258 5.89020501722e-05
2259 2259 7.3216728527e-05
2260 2260 7.37755605909e-06
2261 2261 7.22069958939e-05
2262 2262 1.47763868902e-06
2263 2263 3.23261816147e-05
2264 2264 2882.90827354
2265 2265 3.83865065996e-05
2266 2266 9.32880277071e-05
2267 2267 1.0953795628e-05
2268 2268 6.69632152958e-05
2269 2269 1299.02875445
2270 2270 2.0506980861e-05
2271 2271 2.98548575718e-05
2272 2272 9.45683140773e-05
2273 2273 1751.78632565
2274 2274 4.95801499303e-05
2275 2275 2.8898786505e-05
2276 2276 7.42890607292e-05
2277 2277 2294.8184163
2278 2278 4.80628365322e-05
2279 2279 1.01011884689e-05
2280 2280 3765.74134567
2281 2281 7.2344225182e-05
2282 2282 4466.12212514
2283 2283 7.54309520888e-05
2284 2284 5.97225658457e-06
2285 2285 4.55468306426e-05
2286 2286 7.28844428679e-05
2287 2287 9.48435884453e-05
2288 2288 2.29650617703e-05
2289 2289 7.45307331933e-05
2290 2290 4.62102753791e-05
2291 2291 7.58328218106e-05
2292 2292 5.81514553167e-05
2293 2293 3.11584937254e-06
2294 2294 3.75646104117e-05
2295 2295 8.2125412598e-05
2296 2296 5.28715417261e-05
2297 2297 3573.62667908
2298 2298 2.36333705239e-05
2299 2299 2.41256304139e-06
2300 2300 3.93007922833e-05
2301 2301 5.91181537331e-05
2302 2302 2.03880713842e-05
2303 2303 3.38742961232e-05
2304 2304 5.25203947982e-05
2305 2305 5.17957230967e-05
2306 2306 2772.1670327
2307 2307 6.0804942358e-05
2308 2308 6.68601110974e-05
2309 2309 2.29415427332e-05
2310 2310 6.03384221894e-05
2311 2311 5047.3096009
2312 2312 5598.74451032
2313 2313 3143.93667286
2314 2314 3.8197289743e-05
2315 2315 8.52445632797e-05
2316 2316 6.17623019472e-05
2317 2317 5.02896441309e-05
2318 2318 2.30871656009e-05
2319 2319 4.68330791726e-05
2320 2320 4903.17812488
2321 2321 509.234521634
2322 2322 2842.47673326
2323 2323 2.38506107224e-05
2324 2324 4298.29322392
2325 2325 7.57487037292e-05
2326 2326 3783.94460445
2327 2327 6.01541388879e-06
2328 2328 9.56653339237e-05
2329 2329 9.63793715788e-05
2330 2330 2.74908836569e-05
2331 2331 5.4934552592e-05
2332 2332 7.93673574014e-05
2333 2333 4.66205403976e-05
2334 2334 1.38922973703e-05
2335 2335 2.85833028426e-05
2336 2336 807.276730778
2337 2337 2.03934465675e-07
2338 2338 5.30104874415e-08
2339 2339 1.11380115202e-05
2340 2340 1.08100366431e-05
2341 2341 3.62993603452e-05
2342 2342 3.27296177022e-05
2343 2343 4.05259424057e-06
2344 2344 6.30981321425e-05
2345 2345 8.73532260434e-06
2346 2346 950.201690517
2347 2347 6.00047484892e-05
2348 2348 3570.05255812
2349 2349 3974.63993726
2350 2350 4.58543818292e-05
2351 2351 3.36652054859e-05
2352 2352 5.94159487335e-05
2353 2353 2663.62698303
2354 2354 9.67604528727e-05
2355 2355 3.64545734737e-07
2356 2356 6.15202998205e-05
2357 2357 1.1819983137e-05
2358 2358 9.89810523648e-05
2359 2359 7.06210965871e-05
2360 2360 3.84106304108e-05
2361 2361 7.68960975061e-05
2362 2362 2.76231802125e-05
2363 2363 4996.80114572
2364 2364 76.7546965968
2365 2365 2379.38996811
2366 2366 3078.58095844
2367 2367 7.91037662094e-05
2368 2368 6.3629577166e-05
2369 2369 8.53323118086e-05
2370 2370 4457.29135551
2371 2371 5.75974596484e-05
2372 2372 2.26129206512e-06
2373 2373 9.34867817687e-05
2374 2374 7.95217621545e-05
2375 2375 9.66811058892e-05
2376 2376 9.44606758828e-05
2377 2377 9.41923052465e-05
2378 2378 9.87896531779e-05
2379 2379 9.94359709351e-05
2380 2380 8.66490052828e-05
2381 2381 2878.39369816
2382 2382 6.76264661802e-05
2383 2383 5288.511074
2384 2384 8.92365606341e-05
2385 2385 4.09574372245e-05
2386 2386 3768.69806918
2387 2387 7.03334914602e-05
2388 2388 2813.29619687
2389 2389 1.210801767e-05
2390 2390 4.56696158123e-05
2391 2391 7.57432439915e-05
2392 2392 2.30174848407e-05
2393 2393 2500.02129044
2394 2394 2.08187453141e-05
2395 2395 9.19331408114e-05
2396 2396 2.17754458329e-05
2397 2397 8.23661915084e-05
2398 2398 5.63295960437e-05
2399 2399 5.1777489672e-06
2400 2400 2.0147996703e-05
2401 2401 2313.44566361
2402 2402 4.15107581442e-05
2403 2403 1267.22211668
2404 2404 6.63049098069e-05
2405 2405 2642.49363646
2406 2406 1.57088478958e-06
2407 2407 5.12796920806e-05
2408 2408 3.29195238007e-05
2409 2409 2257.9344491
2410 2410 6.5973756408e-05
2411 2411 7.95933165662e-05
2412 2412 6.75961325543e-05
2413 2413 2.74294015862e-06
2414 2414 699.263837777
2415 2415 1853.61737139
2416 2416 7.0211257999e-05
2417 2417 5.12339126377e-05
2418 2418 6.52269730704e-05
2419 2419 4.13113045909e-05
2420 2420 2249.07328987
2421 2421 2612.96892783
2422 2422 2.32160446682e-06
2423 2423 7.80181386733e-05
2424 2424 3.27539810524e-05
2425 2425 801.327161132
2426 2426 7.80655456389e-05
2427 2427 3.94470415225e-05
2428 2428 1.38502163078e-05
2429 2429 8.00933239205e-06
2430 2430 2.29803283831e-05
2431 2431 8.42296284411e-05
2432 2432 3.30893497744e-05
2433 2433 4.39167187107e-05
2434 2434 6.07136135166e-05
2435 2435 3.81334869394e-05
2436 2436 3.66692232152e-05
2437 2437 3.75533395372e-07
2438 2438 3.23574814082e-05
2439 2439 5.77725817351e-06
2440 2440 2.68610018115e-05
2441 2441 6.86067182278e-05
2442 2442 562.536549822
2443 2443 7.0843644786e-07
2444 2444 5.21603619755e-05
2445 2445 8.09344170803e-05
2446 2446 5.43642138914e-05
2447 2447 5.60111967109e-05
2448 2448 6.64108881423e-05
2449 2449 1.62989429154e-05
2450 2450 1211.18545425
2451 2451 8.67211722284e-05
2452 2452 4.26573189508e-05
2453 2453 5.141899528e-05
2454 2454 1001.62820016
2455 2455 1976.99840345
2456 2456 9.66228772331e-05
2457 2457 6.77697762478e-05
2458 2458 1.33863074729e-05
2459 2459 6.07007282467e-05
2460 2460 4.19138728964e-05
2461 2461 8.81310518376e-05
2462 2462 9.92537812554e-05
2463 2463 9.93776899479e-05
2464 2464 9.56444038053e-05
2465 2465 4434.49950599
2466 2466 2700.23547277
2467 2467 2.27454617399e-05
2468 2468 3542.1470403
2469 2469 9.06753655975e-07
2470 2470 3.62258875537e-05
2471 2471 8.29453728535e-05
2472 2472 3609.30110042
2473 2473 1.11944834744e-05
2474 2474 4.88895434827e-05
2475 2475 2.60951939199e-05
2476 2476 1.72319009588e-05
2477 2477 7.06848283566e-05
2478 2478 8.65055028387e-05
2479 2479 5.41264603489e-05
2480 2480 1824.08882938
2481 2481 5.28545223873e-05
2482 2482 5.7079822414e-05
2483 2483 9.9298949286e-05
2484 2484 3523.39084736
2485 2485 1.62472585113e-06
2486 2486 8.122897931e-06
2487 2487 3997.69213865
2488 2488 995.917231541
2489 2489 6.09695575058e-05
2490 2490 7.41280998183e-05
2491 2491 6.29915886119e-05
2492 2492 8.79818617532e-05
2493 2493 8.42759863401e-05
2494 2494 7.09844949847e-05
2495 2495 8.31959560132e-05
2496 2496 3.13774761873e-06
2497 2497 1.31859742474e-05
2498 2498 5.91806077424e-05
2499 2499 9.2300578751e-05
2500 2500 9.38856233305
2501 2501 9.21491329896e-05
2502 2502 9.5223215887e-05
2503 2503 270.502055105
2504 2504 1.531470879e-05
2505 2505 347.014609807
2506 2506 9.94991172086e-05
2507 2507 5.60023905701e-05
2508 2508 385.087076393
2509 2509 2102.97303981
2510 2510 1.45760948066e-05
2511 2511 3.59387041602e-05
2512 2512 3447.39778433
2513 2513 882.117975997
2514 2514 7.09449663954e-05
2515 2515 1806.70539247
2516 2516 5.95209709773e-05
2517 2517 9.50997389863e-05
2518 2518 7.27540230948e-06
2519 2519 4507.71077129
2520 2520 2682.1950578
2521 2521 4.93688492481e-05
2522 2522 9.23898483797e-05
2523 2523 8.12096712829e-06
2524 2524 2489.97070594
2525 2525 4492.18143927
2526 2526 8.54381540457e-06
2527 2527 5004.89767735
2528 2528 8.84260839531e-05
2529 2529 4035.33813047
2530 2530 2.652825912e-05
2531 2531 9.78603746295e-05
2532 2532 7.2939843151e-06
2533 2533 1.47651102663e-05
2534 2534 1.40714177085e-05
2535 2535 1.128079451e-05
2536 2536 5.26011347536e-05
2537 2537 9.64670809433e-05
2538 2538 622.895028057
2539 2539 4.02641278617e-05
2540 2540 6.96022997932e-05
2541 2541 4.66023547128e-05
2542 2542 9.6393876202e-05
2543 2543 1266.50539319
2544 2544 9.12338430713e-05
2545 2545 9.96600710912e-05
2546 2546 2.79801481347e-06
2547 2547 3716.60761924
2548 2548 640.98638691
2549 2549 4112.24266605
2550 2550 3753.72550615
2551 2551 2.71053167144e-05
2552 2552 7.84707270345e-05
2553 2553 4679.15627096
2554 2554 1.02116035886e-05
2555 2555 1.82489703584e-05
2556 2556 8.39637882852e-05
2557 2557 1.66705425432e-05
2558 2558 1.52203801207e-05
2559 2559 3596.20032606
2560 2560 1.10489446648e-05
2561 2561 6.98123650211e-05
2562 2562 4.40704996164e-05
2563 2563 8.87716988721e-05
2564 2564 7.12103476492e-05
2565 2565 7.50725251097e-05
2566 2566 9.93836740513e-05
2567 2567 9.76329423515e-05
2568 2568 3.24863650254e-05
2569 2569 5.6101213254e-05
2570 2570 2663.80810588
2571 2571 3158.29532639
2572 2572 8.38687553005e-05
2573 2573 9.44055981925e-05
2574 2574 1.37013959921e-05
2575 2575 6.92594086849e-05
2576 2576 5279.87886499
2577 2577 673.200720728
2578 2578 1.87211288763e-05
2579 2579 7.91525462922e-05
2580 2580 2.8203767394e-06
2581 2581 8.41394824201e-05
2582 2582 3.96728770405e-05
2583 2583 5.53215437917e-05
2584 2584 1484.87147266
2585 2585 1569.76698424
2586 2586 2.52441404495e-05
2587 2587 4.97489717349e-06
2588 2588 5.53036408408e-05
2589 2589 8.35537271844e-06
2590 2590 5228.82843063
2591 2591 5481.86464396
2592 2592 8.59669560928e-05
2593 2593 5.741722145e-06
2594 2594 3.72954304904e-05
2595 2595 1075.41674677
2596 2596 2810.8985003
2597 2597 3.70416030351e-05
2598 2598 1.51170389062e-05
2599 2599 3769.37242764
2600 2600 3.69903413333e-05
2601 2601 2.9671500768e-05
2602 2602 3236.64585448
2603 2603 8.46848038352e-05
2604 2604 6.41495821054e-05
2605 2605 2.45472531246e-05
2606 2606 3335.78310928
2607 2607 4.89709662446e-05
2608 2608 1.38187317813e-05
2609 2609 6.80294393526e-05
2610 2610 530.173116313
2611 2611 8.5261671297e-05
2612 2612 9.53841912238e-05
2613 2613 9.55852131842e-05
2614 2614 6.53782989218e-05
2615 2615 6.14573544624e-05
2616 2616 925.77539361
2617 2617 2.50304658912e-06
2618 2618 8.68396060178e-05
2619 2619 6.20496232564e-05
2620 2620 2.51853467315e-06
2621 2621 4.26805848961e-05
2622 2622 1.1441135059e-06
2623 2623 6.31188437854e-06
2624 2624 4706.82538595
2625 2625 1.19270394247e-05
2626 2626 1.86917805549e-05
2627 2627 5.68847165954e-05
2628 2628 8.75574574127e-05
2629 2629 9.47596127448e-05
2630 2630 5420.12222636
2631 2631 4.12968124802e-05
2632 2632 7.03761720455e-05
2633 2633 2.12687992764e-05
2634 2634 1077.16746555
2635 2635 5.56410929299e-05
2636 2636 8.20802348396e-05
2637 2637 5.05900128214e-05
2638 2638 7.48181218171e-05
2639 2639 5.5651389783e-05
2640 2640 8.77971596051e-05
2641 2641 4023.41716659
2642 2642 5506.08035531
2643 2643 9.81317229993e-05
2644 2644 4.84262646125e-05
2645 2645 5.08079277753e-05
2646 2646 4452.98280979
2647 2647 3.79805845807e-05
2648 2648 3996.20656109
2649 2649 1.25315834513e-05
2650 2650 2.90984725642e-05
2651 2651 4.88016948077e-05
2652 2652 4667.88767179
2653 2653 3.46808932823e-05
2654 2654 830.915698361
2655 2655 9.01135082765e-05
2656 2656 3.39757752455e-05
2657 2657 9.49251467757e-05
2658 2658 7.32983181099e-05
2659 2659 6.24078530511e-05
2660 2660 4.39594296279e-05
2661 2661 2389.78609432
2662 2662 7.73340288704e-05
2663 2663 4.96977272628e-06
2664 2664 9.90828180629e-05
2665 2665 1135.89019029
2666 2666 7.5900125274e-05
2667 2667 4.90869023599e-05
2668 2668 4.5506440652e-05
2669 2669 508.963428618
2670 2670 1.31749385279e-05
2671 2671 1016.0348612
2672 2672 6.76795719987e-05
2673 2673 567.019401181
2674 2674 2691.09702381
2675 2675 9.41121726991e-05
2676 2676 2242.70621781
2677 2677 1.25565763553e-05
2678 2678 8.36052787492e-05
2679 2679 5.34790323634e-05
2680 2680 7.50236477131e-05
2681 2681 9.86144777629e-05
2682 2682 2.11798877196e-05
2683 2683 5.92771247604e-06
2684 2684 4667.51187762
2685 2685 4.42506746933e-05
2686 2686 2169.728518
2687 2687 1805.59035606
2688 2688 4.37323269796e-06
2689 2689 2065.91148859
2690 2690 9.84027382592e-05
2691 2691 1.6960109427e-05
2692 2692 4885.67013657
2693 2693 1059.40674436
2694 2694 3.83633120467e-05
2695 2695 2.6698069469e-05
2696 2696 4.47479145451e-05
2697 2697 2987.62851068
2698 2698 4.09246951081e-05
2699 2699 1.00855498623e-05
2700 2700 2.51287202694e-05
2701 2701 2.47769378624e-05
2702 2702 9.73791726052e-05
2703 2703 3.02872624129e-05
2704 2704 3.10021627771e-06
2705 2705 6.38398354768e-06
2706 2706 5.00010984271e-05
2707 2707 4244.338062
2708 2708 3.7508679096e-05
2709 2709 1.29591382101e-05
2710 2710 2.5031026029e-05
2711 2711 3.96508820986e-05
2712 2712 8.59144600492e-05
2713 2713 6.31302062547e-05
2714 2714 2.28128465004e-05
2715 2715 5.89627520078e-05
2716 2716 2113.06099828
2717 2717 903.980249855
2718 2718 5.38347849394e-05
2719 2719 4.82192351266e-05
2720 2720 1.36812546846e-05
2721 2721 1.16321182766e-05
2722 2722 397.884550089
2723 2723 307.051639113
2724 2724 3.30238836955e-05
2725 2725 9.15453277497e-05
2726 2726 253.821577633
2727 2727 2.25500507858e-06
2728 2728 7.05366119926e-05
2729 2729 1.45212364456e-05
2730 2730 5066.75949735
2731 2731 2.39496965204e-05
2732 2732 4814.67884341
2733 2733 9.96731442146e-05
2734 2734 8.02361930033e-05
2735 2735 5.86493946302e-05
2736 2736 3.4605615638e-05
2737 2737 388.016277401
2738 2738 3.09664246228e-05
2739 2739 2.18672663224e-05
2740 2740 9.68782021435e-05
2741 2741 9.25568587098e-05
2742 2742 8.71392954463e-05
2743 2743 2477.20447055
2744 2744 2598.0573567
2745 2745 3.7412495606e-05
2746 2746 3.4425214092e-05
2747 2747 7.63025051259e-05
2748 2748 5.38676327041e-05
2749 2749 9.07929321354e-05
2750 2750 5.92822390392e-05
2751 2751 8.46623055016e-05
2752 2752 7.1415753906e-05
2753 2753 9.30412036177e-05
2754 2754 6.83999334886e-05
2755 2755 8.82534861856e-05
2756 2756 4.73326695507e-05
2757 2757 5.74212854586e-05
2758 2758 9.12968744573e-06
2759 2759 4.29200192893e-05
2760 2760 9.99273386089e-05
2761 2761 9.92301597122e-05
2762 2762 2.25145106882e-05
2763 2763 1.78120110611e-05
2764 2764 6.25713218437e-05
2765 2765 6.25555900415e-05
2766 2766 2.87197212273e-05
2767 2767 2.7945835708e-05
2768 2768 8.74103730553e-05
2769 2769 1920.06377656
2770 2770 7.70217516905e-05
2771 2771 3.22313021441e-05
2772 2772 9.49647616753e-05
2773 2773 9.31804217006e-05
2774 2774 1.0067521341e-05
2775 2775 2033.95882388
2776 2776 9.01827729757e-05
2777 2777 8.4994541523e-05
2778 2778 3.75229082253e-05
2779 2779 3.81763061188e-05
2780 2780 2903.85620998
2781 2781 2.91634048348e-06
2782 2782 6.04082364967e-05
2783 2783 4.5347487514e-06
2784 2784 8.45869566653e-05
2785 2785 5.40868454558e-05
2786 2786 975.697978469
2787 2787 6.46868776489e-05
2788 2788 2.62561702007e-05
2789 2789 3.36779303872e-05
2790 2790 2371.45734541
2791 2791 1.56599460634e-05
2792 2792 9.20306633522e-05
2793 2793 9.40756673035e-05
2794 2794 8.83092836446e-05
2795 2795 6.37223309016e-05
2796 2796 7.96911618003e-05
2797 2797 2.42824286244e-05
2798 2798 6.91750813645e-05
2799 2799 4.78701128133e-05
2800 2800 3.19057606307e-05
2801 2801 7.85559238153e-05
2802 2802 5307.63651545
2803 2803 4.28429867682e-05
2804 2804 4250.93201407
2805 2805 4.44308657721e-05
2806 2806 5440.0626748
2807 2807 7.89863888375e-05
2808 2808 4459.0046509
2809 2809 5.92191695136e-05
2810 2810 372.534428661
2811 2811 7.57933188334e-05
2812 2812 4.64160960314e-05
2813 2813 7.25882715479e-05
2814 2814 2004.51602195
2815 2815 6.66387412983e-05
2816 2816 3765.3402124
2817 2817 5.00469625954e-05
2818 2818 1.36050604672e-05
2819 2819 6.35644196864e-05
2820 2820 5366.67754953
2821 2821 2615.72702096
2822 2822 7.26141281753e-06
2823 2823 5005.05801724
2824 2824 9.98280319365e-06
2825 2825 4.27313519321e-05
2826 2826 4709.29087266
2827 2827 8.48472249996e-05
2828 2828 1.58528865421e-05
2829 2829 7.6025150525e-05
2830 2830 3.18237602798e-05
2831 2831 7.52311484333e-05
2832 2832 2.80863241189e-05
2833 2833 2.91155369831e-05
2834 2834 2.3613135562e-05
2835 2835 5257.03882846
2836 2836 545.180781256
2837 2837 1.45036695497e-05
2838 2838 8.42142998588e-05
2839 2839 8.134107804e-05
2840 2840 7.53542661576e-05
2841 2841 4.17161851091e-05
2842 2842 5.20422648015e-05
2843 2843 4311.49338179
2844 2844 3230.15360328
2845 2845 6.34134829734e-06
2846 2846 3.96131462001e-05
2847 2847 8.0615341439e-05
2848 2848 2.23319641966e-05
2849 2849 3731.19392352
2850 2850 2.30608201363e-05
2851 2851 3847.44668
2852 2852 8.5004140817e-05
2853 2853 1085.46988834
2854 2854 2.18904784082e-05
2855 2855 7.29046426427e-05
2856 2856 1.85669849692e-06
2857 2857 6.73118245789e-05
2858 2858 1.35180157285e-05
2859 2859 5473.12216615
2860 2860 9.88801543818e-05
2861 2861 9.56822060719e-05
2862 2862 3.13129141816e-05
2863 2863 8.96805036671e-05
2864 2864 5.27143266313e-05
2865 2865 5181.87374893
2866 2866 2504.53262701
2867 2867 3157.73766552
2868 2868 5.41265873678e-05
2869 2869 2.0273581029e-06
2870 2870 3.27922347489e-05
2871 2871 1.17650387148e-05
2872 2872 4583.30486903
2873 2873 3.87179964891e-05
2874 2874 1.9864462762e-05
2875 2875 9.55203317772e-05
2876 2876 4.44038389163e-05
2877 2877 2.05122764678e-05
2878 2878 3.16766516077e-05
2879 2879 4033.43098753
2880 2880 2849.86742244
2881 2881 6.42141853849e-05
2882 2882 3.28170621961e-05
2883 2883 203.363425694
2884 2884 1.4157275779e-05
2885 2885 8.569954489e-05
2886 2886 9.12109281276e-05
2887 2887 7.97322127886e-05
2888 2888 2.71247695857e-05
2889 2889 552.313230093
2890 2890 1.43079339119e-05
2891 2891 4.52101212184e-05
2892 2892 8.77995076235e-05
2893 2893 3262.85647086
2894 2894 2.31607148529e-05
2895 2895 620.817572193
2896 2896 6.28807591145e-05
2897 2897 7.30589896523e-05
2898 2898 7.6176829568e-06
2899 2899 1.16247562604e-05
2900 2900 6.26497418337e-05
2901 2901 7.38637854843e-05
2902 2902 255.013185455
2903 2903 4155.19436336
2904 2904 6.89531390496e-05
2905 2905 1.89844568457e-05
2906 2906 8.29533000039e-05
2907 2907 4476.21898777
2908 2908 2.20133854875e-05
2909 2909 2712.68401558
2910 2910 8.94264638596e-05
2911 2911 1.18982129847e-05
2912 2912 287.4918317
2913 2913 1.74161301055e-05
2914 2914 1.29411180557e-05
2915 2915 7.18806154733e-05
2916 2916 9.37722470335e-05
2917 2917 6.13383673986e-05
2918 2918 5.67433605986e-06
2919 2919 8.30024559401e-05
2920 2920 2.60897035787e-06
2921 2921 2510.80898256
2922 2922 4.21296633495e-05
2923 2923 5.91070186244e-05
2924 2924 6.13420621088e-05
2925 2925 3.22506313705e-05
2926 2926 379.87670212
2927 2927 8.97495990864e-05
2928 2928 1.59718067256e-05
2929 2929 3.31850700568e-05
2930 2930 2.69950986511e-05
2931 2931 4.64481203755e-05
2932 2932 4.16010462921e-06
2933 2933 9.3017061296e-06
2934 2934 5258.76381373
2935 2935 6.47486215409e-05
2936 2936 3.3341759274e-05
2937 2937 4.95397886072e-05
2938 2938 5.10858618222e-05
2939 2939 9.97231314453e-05
2940 2940 4.73950888718e-05
2941 2941 7.94678341203e-05
2942 2942 1.21566292632e-05
2943 2943 6.38185747265e-05
2944 2944 8.53192515011e-05
2945 2945 1274.79339538
2946 2946 5.89609233101e-05
2947 2947 4540.37624067
2948 2948 5000.99389234
2949 2949 9.05256909941e-05
2950 2950 339.527487978
2951 2951 1.16208314113e-05
2952 2952 1.30016672225e-05
2953 2953 4.31011094233e-05
2954 2954 9.78667753159e-05
2955 2955 6.76742721084e-05
2956 2956 7.57433031136e-05
2957 2957 6.44153791309e-05
2958 2958 6.50075120808e-05
2959 2959 5231.94906093
2960 2960 9.67090797194e-05
2961 2961 1555.41802298
2962 2962 7.54564910017e-05
2963 2963 8.59311265194e-05
2964 2964 4.52621344885e-05
2965 2965 117.540444079
2966 2966 4.5478906752e-05
2967 2967 2.30838213196e-05
2968 2968 2.28225310238e-05
2969 2969 2.42421149559e-05
2970 2970 3.8472683684e-06
2971 2971 8.44897390575e-05
2972 2972 1437.25729499
2973 2973 9.28382499995e-06
2974 2974 3237.27203056
2975 2975 8.41589741164e-05
2976 2976 3.85835420552e-05
2977 2977 2866.8059894
2978 2978 8.12287885255e-05
2979 2979 4523.04513427
2980 2980 3.22189279477e-05
2981 2981 4450.04717743
2982 2982 4959.13876401
2983 2983 6.9553438533e-05
2984 2984 3.64253466798e-05
2985 2985 9.58662022934e-06
2986 2986 3860.89793607
2987 2987 1.08474227206e-05
2988 2988 1.03620895576e-05
2989 2989 1671.68363022
2990 2990 7.71115168281e-05
2991 2991 5505.81983288
2992 2992 6.786804746e-05
2993 2993 5.24103580126e-05
2994 2994 8.07464945247e-05
2995 2995 6.63712833136e-05
2996 2996 4.79803929438e-06
2997 2997 4.25996631492e-05
2998 2998 7.69178702828e-05
2999 2999 6.00529426201e-05
3000 3000 3.3912022774e-05
