1 1 241.018590553
2 2 5.0064500368
3 3 169.511189952
4 4 168.825975002
5 5 448.818805627
6 6 85.5777399592
7 7 416.097280334
8 8 19.6055684198
9 9 131.937445547
10 10 152.492727735
11 11 490.20862333
12 12 0.00155368344976
13 13 343.0237271
14 14 613.555373604
15 15 494.339107443
16 16 242.77831283
17 17 149.033683004
18 18 135.006493964
19 19 0.000317199896399
20 20 336.147739221
21 21 0.00248699259394
22 22 205.562627819
23 23 0.00655252775648
24 24 494.781784661
25 25 0.00146558753674
26 26 127.435314443
27 27 571.661083386
28 28 102.477417274
29 29 389.403848183
30 30 309.790671421
31 31 123.371667613
32 32 412.726304773
33 33 271.28542605
34 34 12.6209307011
35 35 539.784744057
36 36 505.212293085
37 37 0.00597847053589
38 38 17.0551786216
39 39 552.213917085
40 40 0.00754699568745
41 41 550.094504149
42 42 0.00389208937183
43 43 502.037244849
44 44 0.00505952401569
45 45 0.00524403207335
46 46 601.684298656
47 47 30.1050582669
48 48 0.00107613125315
49 49 48.790818124
50 50 521.450159616
51 51 261.497512633
52 52 70.4733168019
53 53 574.796690799
54 54 332.5971518
55 55 276.975266394
56 56 0.00371861486991
57 57 99.8902094736
58 58 436.31033951
59 59 337.014044971
60 60 0.00343191390622
61 61 528.752644388
62 62 395.713384408
63 63 0.00206881017445
64 64 313.325911884
65 65 0.00317086908051
66 66 0.00530517054119
67 67 542.602885834
68 68 0.000851843592549
69 69 507.168909335
70 70 53.9592293291
71 71 0.00510612029737
72 72 119.099804993
73 73 102.56079071
74 74 0.0048654052228
75 75 43.1495122358
76 76 0.00288508916382
77 77 12.5197154014
78 78 421.920811308
79 79 0.00899825950156
80 80 0.000420887827394
81 81 157.272209176
82 82 77.745641032
83 83 44.0012977629
84 84 316.729871456
85 85 2.67332712992
86 86 518.190021192
87 87 540.02067669
88 88 235.944943087
89 89 0.00853235076162
90 90 448.340992116
91 91 163.866783285
92 92 561.95577153
93 93 0.00443029509107
94 94 551.162816685
95 95 485.547894071
96 96 594.002046807
97 97 48.3998725123
98 98 495.099618231
99 99 609.87986321
100 100 447.529040187
101 101 131.839618093
102 102 0.00601396888838
103 103 0.00531472790878
104 104 458.577940844
105 105 311.471330168
106 106 76.9826880064
107 107 569.24885621
108 108 0.00020900587502
109 109 0.00742985391091
110 110 295.750814502
111 111 0.00398690226488
112 112 618.2903597
113 113 427.908662407
114 114 181.396691093
115 115 65.2206337294
116 116 0.0035030388041
117 117 571.522487418
118 118 213.129877958
119 119 266.229376383
120 120 539.78617502
121 121 0.00824200549882
122 122 0.00300916784549
123 123 459.527894683
124 124 620.855820529
125 125 0.00901160870576
126 126 600.955823695
127 127 519.348545065
128 128 0.000102922593614
129 129 0.00138341245467
130 130 296.989209536
131 131 0.00904254578232
132 132 618.710455292
133 133 493.567840826
134 134 432.23581122
135 135 610.390506452
136 136 157.798158684
137 137 0.00464895543348
138 138 623.528708848
139 139 307.670896862
140 140 216.847616392
141 141 427.391972409
142 142 0.00857019122842
143 143 278.284242994
144 144 0.00163739061215
145 145 131.886742225
146 146 329.747122021
147 147 448.929453987
148 148 246.5014922
149 149 134.756180318
150 150 458.516468842
151 151 190.153239685
152 152 390.481305995
153 153 261.284343578
154 154 68.5967281499
155 155 46.8509556328
156 156 204.930367487
157 157 99.2657909617
158 158 0.0095545066262
159 159 8.11962080351
160 160 210.39389851
161 161 0.00771722167379
162 162 616.720305582
163 163 0.00624622880458
164 164 0.00524998779986
165 165 0.0074899278763
166 166 527.943053115
167 167 350.120899577
168 168 598.365258078
169 169 0.00974931263436
170 170 283.785994265
171 171 588.156602761
172 172 204.206996625
173 173 76.5101964755
174 174 393.071451339
175 175 0.000174437955343
176 176 472.749983117
177 177 102.930311165
178 178 615.952616828
179 179 0.0087879762841
180 180 597.289836943
181 181 0.00234676986112
182 182 0.00163255200847
183 183 29.0602695324
184 184 581.736142331
185 185 346.135811566
186 186 294.782925292
187 187 67.5111324939
188 188 463.149551946
189 189 558.267686868
190 190 0.008308108535
191 191 576.020628974
192 192 256.973166592
193 193 473.123362839
194 194 132.364954133
195 195 618.564971352
196 196 431.846445023
197 197 306.406762505
198 198 282.766764669
199 199 0.00426192089508
200 200 0.00428596462086
201 201 117.274073098
202 202 0.00145212447629
203 203 219.570522303
204 204 395.170387817
205 205 127.66026342
206 206 86.9529019498
207 207 108.749643883
208 208 0.00309023313726
209 209 208.940240534
210 210 0.00221517547907
211 211 24.8246087237
212 212 499.785868552
213 213 70.6750670715
214 214 612.257476096
215 215 11.4908796123
216 216 25.776593453
217 217 510.101686763
218 218 35.1157562283
219 219 0.00509365145697
220 220 0.00113033758396
221 221 106.830681242
222 222 317.739988855
223 223 313.256490834
224 224 0.00950452698802
225 225 449.85863571
226 226 412.11948302
227 227 330.879969071
228 228 0.000628780130617
229 229 185.596604141
230 230 0.00176326826387
231 231 0.00809035644221
232 232 0.00398339526414
233 233 430.307071296
234 234 75.0159295182
235 235 0.00465396457596
236 236 86.5447917545
237 237 2.57104044552
238 238 89.8188408102
239 239 0.000823239445477
240 240 0.00320916449913
241 241 17.761234627
242 242 242.049976933
243 243 509.430646115
244 244 116.072056173
245 245 0.00546238290326
246 246 346.109043438
247 247 555.97036316
248 248 220.542076486
249 249 164.058929792
250 250 495.627182389
251 251 0.0020484502462
252 252 195.958682049
253 253 0.00486084310866
254 254 545.185223664
255 255 56.9880094676
256 256 0.00880103816377
257 257 0.00722966247201
258 258 33.0530972723
259 259 186.592329246
260 260 570.830702677
261 261 91.0534186382
262 262 0.00775914357734
263 263 558.638573916
264 264 393.453402252
265 265 565.385997945
266 266 16.6972032262
267 267 0.00126083832453
268 268 0.00773488825265
269 269 0.00930960040905
270 270 559.134979652
271 271 351.408278584
272 272 292.830825848
273 273 324.293328794
274 274 49.5948580612
275 275 512.924387281
276 276 565.285017403
277 277 0.00863356823019
278 278 0.00010556080632
279 279 123.701014687
280 280 0.00430886195271
281 281 370.829831902
282 282 238.254248017
283 283 79.7998966141
284 284 152.374820256
285 285 0.00350754167103
286 286 416.43136952
287 287 353.173484493
288 288 77.7747768067
289 289 28.7751499855
290 290 92.3764066102
291 291 540.385889697
292 292 205.687669979
293 293 111.878144629
294 294 304.530150511
295 295 525.114522536
296 296 0.0075473786885
297 297 165.752324712
298 298 0.00419543287527
299 299 443.021565769
300 300 469.387598221
301 301 0.00859746704058
302 302 353.536403912
303 303 0.00266392741329
304 304 289.30995233
305 305 85.597197102
306 306 162.290935223
307 307 243.72221252
308 308 189.367152028
309 309 0.00435463720138
310 310 0.00354111349304
311 311 205.837325851
312 312 493.37200828
313 313 98.9184883043
314 314 104.885731795
315 315 0.00711962861259
316 316 0.00442889800439
317 317 251.189124399
318 318 589.545050798
319 319 219.353100506
320 320 551.451108218
321 321 0.000628148722257
322 322 397.441003707
323 323 514.459200395
324 324 579.472863421
325 325 263.157615502
326 326 440.138812312
327 327 344.720408599
328 328 312.535877473
329 329 0.00476945017328
330 330 0.0017092874678
331 331 175.930299677
332 332 51.1216794799
333 333 0.00598809736935
334 334 294.895199546
335 335 75.1344751736
336 336 508.731316845
337 337 327.795654511
338 338 540.257798074
339 339 0.00198450163212
340 340 222.52584229
341 341 76.1363917023
342 342 188.372828107
343 343 0.00691257106059
344 344 136.942247066
345 345 361.319949982
346 346 10.9537831075
347 347 111.778813647
348 348 102.602587979
349 349 129.144758004
350 350 583.537145577
351 351 0.00675450027686
352 352 0.00194289858031
353 353 0.00111446391389
354 354 0.000116820800505
355 355 0.00032973366893
356 356 314.538792679
357 357 2.83949876726
358 358 595.657412768
359 359 347.599283646
360 360 444.727207415
361 361 398.593978169
362 362 0.00608870361081
363 363 0.0020694140259
364 364 0.00405858123605
365 365 346.746593387
366 366 0.00868914288069
367 367 72.690445674
368 368 0.00678952349985
369 369 0.00799651242981
370 370 467.782315634
371 371 373.555016202
372 372 402.793309795
373 373 0.00203775271105
374 374 435.082072561
375 375 156.457265964
376 376 0.698623351993
377 377 0.00710388207521
378 378 290.014179222
379 379 428.782782102
380 380 337.307944153
381 381 0.00958276827859
382 382 0.00511549831529
383 383 609.5296572
384 384 380.483794338
385 385 0.000345996213906
386 386 0.00446338519592
387 387 583.813129746
388 388 56.2763556316
389 389 260.627836953
390 390 464.484821128
391 391 24.4674487358
392 392 0.0043892895447
393 393 0.00145564977607
394 394 174.402032285
395 395 324.225976775
396 396 559.265913365
397 397 549.189799077
398 398 487.911041155
399 399 0.00365746388718
400 400 84.7713912743
401 401 493.166984069
402 402 0.00138534900037
403 403 0.00845311412218
404 404 0.00559538490813
405 405 496.786815483
406 406 80.6151748899
407 407 0.00992175759165
408 408 527.000473204
409 409 355.851723697
410 410 0.00278507910508
411 411 0.00214675305816
412 412 74.3268197458
413 413 0.00843354309774
414 414 609.37514039
415 415 292.009839513
416 416 0.00482506771918
417 417 516.772041815
418 418 356.88068201
419 419 525.404640872
420 420 4.70139158831e-05
421 421 22.4419671207
422 422 0.00243325902453
423 423 200.12409278
424 424 273.243967124
425 425 296.100510612
426 426 466.436389516
427 427 0.00724372508537
428 428 457.718496738
429 429 80.9171131864
430 430 22.5635614807
431 431 572.756337001
432 432 0.00748926286862
433 433 371.290511953
434 434 401.729758118
435 435 29.5227740653
436 436 227.768705787
437 437 36.4805098074
438 438 277.282741182
439 439 0.000872772171963
440 440 291.904691961
441 441 500.907802158
442 442 558.156742429
443 443 291.725945532
444 444 60.223380213
445 445 571.615606937
446 446 6.97342818672
447 447 502.485963218
448 448 586.527327524
449 449 0.0054003081434
450 450 0.00659673892873
451 451 612.864102279
452 452 0.00683108934246
453 453 528.656361803
454 454 13.1773835038
455 455 237.994675084
456 456 465.609904593
457 457 528.421175663
458 458 601.19680702
459 459 589.22669603
460 460 21.4214777918
461 461 489.053331837
462 462 8.3806011928
463 463 0.0034875924137
464 464 72.1887663939
465 465 403.972766452
466 466 40.3720795702
467 467 0.00114697129351
468 468 0.00684109797222
469 469 564.705814187
470 470 0.0019293566254
471 471 323.137534335
472 472 148.107643073
473 473 455.432575361
474 474 326.026808424
475 475 378.528369289
476 476 47.3979959261
477 477 0.00179700239949
478 478 4.51772411539
479 479 604.656358227
480 480 446.919954743
481 481 0.00821488250211
482 482 0.00037099968319
483 483 0.00755699410069
484 484 277.509681304
485 485 71.6914149131
486 486 0.00689504164794
487 487 0.00166705771878
488 488 29.2364767871
489 489 0.00289489198546
490 490 0.00150416718055
491 491 78.5110642397
492 492 0.0021449501324
493 493 3.42674575861
494 494 0.00949758618218
495 495 558.677718499
496 496 521.749889102
497 497 72.0584684566
498 498 557.229535319
499 499 69.0778510993
500 500 0.00939483545837
501 501 400.351473612
502 502 619.51100929
503 503 540.311814097
504 504 158.124735385
505 505 0.00804020077565
506 506 0.00333789493376
507 507 229.973759694
508 508 145.353660749
509 509 0.00196931881838
510 510 244.222409443
511 511 579.3748984
512 512 247.745573667
513 513 444.157101119
514 514 85.0615349719
515 515 591.910291323
516 516 0.00382469399473
517 517 0.00101611958025
518 518 557.392250923
519 519 428.579148915
520 520 215.687429012
521 521 90.2630644807
522 522 0.00311035907393
523 523 418.082423267
524 524 546.871547776
525 525 290.607069837
526 526 0.00534591493138
527 527 483.045775177
528 528 475.595951809
529 529 205.491447373
530 530 13.7912766279
531 531 0.00304698240391
532 532 451.114847956
533 533 424.84190498
534 534 384.73803477
535 535 578.202468623
536 536 473.916418033
537 537 325.416741803
538 538 0.00800255762433
539 539 466.281600619
540 540 585.366450179
541 541 439.757627118
542 542 393.907274103
543 543 438.362343441
544 544 361.377473365
545 545 517.190057194
546 546 483.944880081
547 547 279.28327007
548 548 274.495747854
549 549 0.00632000723561
550 550 618.291268102
551 551 0.0031136450553
552 552 294.864429417
553 553 158.106212226
554 554 8.63570648568
555 555 173.534126337
556 556 487.376813966
557 557 334.705044096
558 558 108.664460226
559 559 0.00106059517592
560 560 442.921790575
561 561 43.196989289
562 562 349.934050282
563 563 26.8511061484
564 564 342.786247507
565 565 183.932414131
566 566 401.282023422
567 567 467.320130956
568 568 91.7347141363
569 569 0.00451586462702
570 570 0.0021529808085
571 571 620.883605421
572 572 0.000534540394976
573 573 0.00170097372512
574 574 267.691588714
575 575 214.740963519
576 576 82.3853165474
577 577 178.964872729
578 578 197.018087329
579 579 307.948830683
580 580 290.060939168
581 581 0.00632993300975
582 582 0.00797104331819
583 583 0.00739199151356
584 584 586.631074893
585 585 452.901026733
586 586 458.982485834
587 587 226.395649631
588 588 0.00963700194913
589 589 549.874487576
590 590 446.559578464
591 591 497.035997181
592 592 239.549130291
593 593 21.6954743126
594 594 312.844023562
595 595 416.677680751
596 596 534.208967416
597 597 337.999921427
598 598 116.45651351
599 599 280.918149529
600 600 6.51525577912
601 601 0.00230563469965
602 602 427.004373552
603 603 222.599038558
604 604 135.660331031
605 605 0.00400429676672
606 606 241.678161538
607 607 0.00140246660215
608 608 308.477816555
609 609 92.0102058859
610 610 272.918643498
611 611 0.000373480715906
612 612 51.2341525305
613 613 399.696865919
614 614 81.0610948337
615 615 526.852887355
616 616 495.774062413
617 617 340.515328312
618 618 9.20521429588e-06
619 619 431.884133811
620 620 320.508106298
621 621 0.00842642689674
622 622 83.326131766
623 623 596.511280621
624 624 602.122359101
625 625 459.9972022
626 626 75.5771828373
627 627 0.00790338316497
628 628 70.2796313311
629 629 396.005431054
630 630 0.00217166758904
631 631 155.972125623
632 632 218.00265917
633 633 0.00786099399002
634 634 0.00639212368076
635 635 0.000217564335012
636 636 0.00401233254243
637 637 20.1310372971
638 638 280.020956932
639 639 6.55491302816e-05
640 640 108.61964804
641 641 361.084752879
642 642 209.288927201
643 643 54.2937340444
644 644 284.852844301
645 645 0.00903294312117
646 646 605.927730012
647 647 496.830106121
648 648 587.672761328
649 649 145.614381732
650 650 535.464696749
651 651 0.00330972475429
652 652 387.735017053
653 653 249.496295149
654 654 490.309504401
655 655 121.996563629
656 656 15.2949978797
657 657 365.002660334
658 658 101.878250449
659 659 152.676455167
660 660 525.682997618
661 661 173.717936114
662 662 378.706360412
663 663 375.388904431
664 664 455.308569761
665 665 564.730190402
666 666 601.092456881
667 667 0.000895512426961
668 668 213.741693118
669 669 592.589310544
670 670 272.861755052
671 671 0.000940963105585
672 672 516.276532961
673 673 44.6188661834
674 674 0.0080683663719
675 675 140.361512548
676 676 520.262065068
677 677 0.00850324037961
678 678 0.00395398461412
679 679 484.186339116
680 680 390.152192023
681 681 554.005740875
682 682 392.264995696
683 683 283.702406611
684 684 95.8260567455
685 685 171.031603663
686 686 183.204720085
687 687 247.645235874
688 688 155.448635086
689 689 463.968140648
690 690 397.118046738
691 691 0.00607330959655
692 692 0.00747176911341
693 693 613.354392104
694 694 528.043596288
695 695 174.168426908
696 696 183.93668955
697 697 403.035911437
698 698 493.228724486
699 699 194.073641448
700 700 13.265934301
701 701 42.3470984096
702 702 0.00949108611294
703 703 527.020965517
704 704 423.380151468
705 705 428.196403846
706 706 31.1166370077
707 707 444.346080587
708 708 544.952866218
709 709 43.9265487183
710 710 0.00419737640228
711 711 158.57124576
712 712 0.00896701473742
713 713 344.488736294
714 714 434.080983565
715 715 404.526596398
716 716 412.063948366
717 717 83.818477166
718 718 0.000936652387047
719 719 250.490448109
720 720 0.000474570917711
721 721 0.00614221949808
722 722 0.00943802665098
723 723 195.369546044
724 724 0.00371090305679
725 725 157.234158811
726 726 211.463884425
727 727 262.472024102
728 728 0.00625306895712
729 729 575.760603772
730 730 0.00834707408992
731 731 0.000195361470188
732 732 365.532975938
733 733 0.00266419974134
734 734 334.655808533
735 735 257.823699081
736 736 193.686212624
737 737 20.0418534471
738 738 563.563838391
739 739 299.154408681
740 740 0.00734119713205
741 741 379.256382727
742 742 0.00948116912167
743 743 307.257675677
744 744 65.2600345168
745 745 590.50876903
746 746 180.400904487
747 747 184.040488308
748 748 620.863273096
749 749 0.00607410219184
750 750 393.513587338
751 751 93.3052397695
752 752 0.00134452261224
753 753 44.0039438339
754 754 563.915663257
755 755 0.00987921648031
756 756 541.689785086
757 757 220.640357167
758 758 14.3449523625
759 759 332.945616529
760 760 0.00444867916079
761 761 165.005840662
762 762 525.227743173
763 763 191.781852628
764 764 180.056176979
765 765 388.645631812
766 766 88.4939488722
767 767 433.308651832
768 768 325.509464445
769 769 60.5912782539
770 770 478.624134364
771 771 0.00969562103201
772 772 527.336629589
773 773 115.420775902
774 774 623.242513755
775 775 624.388261161
776 776 0.00881584239575
777 777 558.755443713
778 778 231.102026286
779 779 0.000554535945908
780 780 430.99404435
781 781 446.510553328
782 782 290.0676814
783 783 561.635357506
784 784 137.159030927
785 785 476.405478931
786 786 192.027723827
787 787 370.28264869
788 788 0.00163299149261
789 789 544.650244762
790 790 92.6825646749
791 791 582.668735594
792 792 573.807154145
793 793 386.684499644
794 794 581.113827455
795 795 409.712040249
796 796 443.004994628
797 797 0.00787079284223
798 798 216.802374268
799 799 0.00282951564966
800 800 602.609655521
801 801 0.00560390213877
802 802 295.920008011
803 803 0.00284617941887
804 804 202.494928851
805 805 0.00541932176011
806 806 471.862047321
807 807 0.00902967078263
808 808 393.559825475
809 809 107.906409798
810 810 15.949589572
811 811 608.686296172
812 812 566.586051334
813 813 313.651099701
814 814 0.000777400215935
815 815 9.61043604313
816 816 63.2387777336
817 817 125.424970754
818 818 395.003678878
819 819 255.075022979
820 820 587.724748216
821 821 356.602272938
822 822 370.303676629
823 823 0.00167835959489
824 824 272.360679936
825 825 62.1613708635
826 826 232.261195636
827 827 238.581734482
828 828 0.0040637557828
829 829 0.000945583367369
830 830 418.775885311
831 831 245.526771718
832 832 9.39158266431
833 833 0.00772507783946
834 834 0.00421660580456
835 835 608.055821603
836 836 0.000364888488016
837 837 0.00366571275017
838 838 505.599247519
839 839 549.982920666
840 840 83.61440784
841 841 64.5720062774
842 842 399.841878427
843 843 0.00626803686102
844 844 432.223746119
845 845 296.584197169
846 846 203.155226381
847 847 0.00408256253773
848 848 0.00221486483775
849 849 231.149478097
850 850 21.2082238477
851 851 578.838564699
852 852 581.676782581
853 853 97.5371896271
854 854 505.250650942
855 855 0.00545159231837
856 856 0.00338440850452
857 857 0.00341196804874
858 858 53.5769353241
859 859 269.144926799
860 860 0.000259873533224
861 861 128.309722453
862 862 279.276692213
863 863 334.742917297
864 864 243.545222635
865 865 67.6843998183
866 866 96.4072064156
867 867 195.465112076
868 868 324.591159126
869 869 389.179445457
870 870 187.473616093
871 871 122.451607561
872 872 178.767030731
873 873 126.650677404
874 874 0.00385391248777
875 875 249.61643072
876 876 0.00987202249938
877 877 0.00656558819296
878 878 419.427584298
879 879 0.00908063238007
880 880 578.561495947
881 881 101.026885843
882 882 293.574039577
883 883 310.527704244
884 884 243.922901899
885 885 564.035014207
886 886 547.366674167
887 887 352.444354103
888 888 462.30382819
889 889 227.198351728
890 890 453.925909741
891 891 169.752063516
892 892 0.00263965648927
893 893 426.760656136
894 894 379.990670769
895 895 150.252886264
896 896 299.08287369
897 897 89.9027481626
898 898 219.995600913
899 899 278.514322711
900 900 144.859872829
901 901 355.905884053
902 902 50.1393468089
903 903 7.41242760175
904 904 54.2286220479
905 905 0.00707647050317
906 906 0.00718060726317
907 907 122.970353582
908 908 456.509331085
909 909 78.1558966618
910 910 0.00512867561513
911 911 282.426073638
912 912 562.015605172
913 913 334.676997611
914 914 462.176280677
915 915 0.00466303190321
916 916 231.197176668
917 917 91.9794007625
918 918 263.932258627
919 919 0.00492982874977
920 920 500.116494662
921 921 199.224767928
922 922 23.8808726872
923 923 10.2725924245
924 924 142.609292826
925 925 327.144272313
926 926 352.974088911
927 927 0.00740982230665
928 928 306.612174962
929 929 23.8143184421
930 930 73.1328173118
931 931 154.783203708
932 932 288.55528241
933 933 89.4272067308
934 934 193.710966027
935 935 7.93682539289
936 936 0.000208100985605
937 937 462.830715916
938 938 434.180256059
939 939 382.842367821
940 940 54.8015562425
941 941 453.14001713
942 942 0.00469075532964
943 943 331.245524805
944 944 244.792938499
945 945 307.436567976
946 946 18.8046837806
947 947 0.00305138132561
948 948 0.00172086668986
949 949 585.884733811
950 950 0.00933283416026
951 951 131.609467723
952 952 427.373673877
953 953 557.185538927
954 954 0.00429130035234
955 955 419.483383572
956 956 257.831310493
957 957 0.00729259402339
958 958 2.93273494971
959 959 486.620926536
960 960 0.00499411536146
961 961 4.36819469848
962 962 86.0656147049
963 963 417.7743762
964 964 78.7412936217
965 965 354.934681748
966 966 13.0239265532
967 967 616.994098088
968 968 567.345432905
969 969 361.242217544
970 970 571.949983426
971 971 28.5380649168
972 972 369.529029609
973 973 609.384937625
974 974 499.541083803
975 975 530.304213029
976 976 312.946631488
977 977 377.295530964
978 978 33.6607391198
979 979 250.375390723
980 980 219.486929671
981 981 83.5332858029
982 982 333.841599089
983 983 555.161064352
984 984 0.000784736835457
985 985 396.238423779
986 986 189.306551688
987 987 368.854229099
988 988 0.00398704864811
989 989 416.818666896
990 990 174.3765825
991 991 129.478357544
992 992 554.281734063
993 993 291.510001294
994 994 137.706861078
995 995 49.7535741987
996 996 566.206399634
997 997 372.30905886
998 998 159.51992145
999 999 255.869276486
1000 1000 176.544802354
1001 1001 607.897999784
1002 1002 8.45136140587
1003 1003 0.00414374447353
1004 1004 0.00867884161817
1005 1005 0.00010266054101
1006 1006 304.094417995
1007 1007 0.00170316258136
1008 1008 540.45357731
1009 1009 595.455046598
1010 1010 623.906290442
1011 1011 299.879892986
1012 1012 544.15748975
1013 1013 369.146049194
1014 1014 307.209784739
1015 1015 122.993341814
1016 1016 200.010741481
1017 1017 117.574056244
1018 1018 151.0910271
1019 1019 369.80050865
1020 1020 0.00956154142701
1021 1021 490.697757691
1022 1022 380.283859172
1023 1023 48.143800523
1024 1024 140.629542719
1025 1025 235.500128921
1026 1026 483.854169142
1027 1027 615.437426106
1028 1028 283.683556109
1029 1029 334.973241305
1030 1030 0.0082147308963
1031 1031 533.828805384
1032 1032 0.00602744050281
1033 1033 0.00428007370822
1034 1034 1.93524791764
1035 1035 342.979124348
1036 1036 0.00663645782952
1037 1037 93.3337392456
1038 1038 608.603978028
1039 1039 109.470493608
1040 1040 481.675606927
1041 1041 545.17101822
1042 1042 0.0073438051791
1043 1043 0.00570061847176
1044 1044 317.889348662
1045 1045 547.979877906
1046 1046 30.0292915841
1047 1047 336.200511072
1048 1048 552.494886911
1049 1049 202.432238159
1050 1050 350.561528306
1051 1051 34.6752737048
1052 1052 553.872041544
1053 1053 0.00519576694046
1054 1054 359.27034144
1055 1055 0.00462151339874
1056 1056 428.851089982
1057 1057 512.746080632
1058 1058 565.556782585
1059 1059 292.704969127
1060 1060 0.00559686449882
1061 1061 0.002750260002
1062 1062 306.395122402
1063 1063 0.00642445162613
1064 1064 380.264887178
1065 1065 0.00680499455528
1066 1066 564.882546897
1067 1067 318.526972502
1068 1068 66.7189343401
1069 1069 0.00831101400274
1070 1070 1.35026743493
1071 1071 41.645252178
1072 1072 619.416101835
1073 1073 240.809950931
1074 1074 109.680967213
1075 1075 0.00732797256635
1076 1076 233.558378574
1077 1077 367.262291333
1078 1078 552.006986832
1079 1079 547.658931909
1080 1080 615.131657468
1081 1081 364.99196774
1082 1082 0.00609701412779
1083 1083 73.5013063003
1084 1084 7.71121455006e-05
1085 1085 0.00750365151908
1086 1086 422.877377798
1087 1087 0.00778932478954
1088 1088 71.9990746168
1089 1089 0.00645520791676
1090 1090 392.614404754
1091 1091 287.226152136
1092 1092 205.837510972
1093 1093 0.00190201711873
1094 1094 257.430680682
1095 1095 40.0930094257
1096 1096 60.2360363992
1097 1097 485.639037835
1098 1098 620.835326212
1099 1099 0.000698820602307
1100 1100 240.916089719
1101 1101 404.30565904
1102 1102 449.856673854
1103 1103 421.856803151
1104 1104 225.165956295
1105 1105 110.917360698
1106 1106 364.218964767
1107 1107 125.554676901
1108 1108 305.966914247
1109 1109 350.768550489
1110 1110 21.6731990975
1111 1111 66.9743860799
1112 1112 135.165303207
1113 1113 232.780839211
1114 1114 586.280279512
1115 1115 413.277254981
1116 1116 0.00570548406539
1117 1117 235.11863348
1118 1118 200.295387979
1119 1119 153.004486861
1120 1120 106.900132212
1121 1121 0.00405694280781
1122 1122 63.3568720042
1123 1123 62.7924655111
1124 1124 605.745276353
1125 1125 0.00452377718834
1126 1126 613.771954968
1127 1127 110.752868198
1128 1128 375.792847008
1129 1129 376.509758921
1130 1130 259.640054118
1131 1131 0.00612746673469
1132 1132 395.266842015
1133 1133 244.464081352
1134 1134 44.7564008106
1135 1135 314.230228994
1136 1136 0.00975922082341
1137 1137 599.661826467
1138 1138 580.860443977
1139 1139 248.978589168
1140 1140 398.451307999
1141 1141 457.500763172
1142 1142 15.1295681246
1143 1143 497.782947994
1144 1144 355.269202118
1145 1145 572.585642595
1146 1146 419.262000376
1147 1147 530.352259501
1148 1148 0.00271799245277
1149 1149 0.00276061079572
1150 1150 312.046771223
1151 1151 569.693677119
1152 1152 504.65119965
1153 1153 484.202343694
1154 1154 66.3192415648
1155 1155 561.274993971
1156 1156 113.887231305
1157 1157 225.670387256
1158 1158 0.00862704835074
1159 1159 117.579158046
1160 1160 330.33765962
1161 1161 0.00672853465061
1162 1162 496.097896199
1163 1163 429.035697999
1164 1164 480.117709729
1165 1165 0.00783680617114
1166 1166 0.00446772201669
1167 1167 589.191906692
1168 1168 409.453357394
1169 1169 0.000788102259823
1170 1170 425.897583645
1171 1171 0.00980953665516
1172 1172 68.4288040984
1173 1173 148.972547866
1174 1174 288.037886781
1175 1175 329.787943161
1176 1176 501.223236557
1177 1177 404.274076597
1178 1178 143.763037802
1179 1179 0.00979598606048
1180 1180 428.194989408
1181 1181 147.425975953
1182 1182 0.0070729254169
1183 1183 23.9857324749
1184 1184 445.167845021
1185 1185 271.444979847
1186 1186 127.009515487
1187 1187 490.253030967
1188 1188 284.933509246
1189 1189 0.00484015686546
1190 1190 280.252823512
1191 1191 13.0943132953
1192 1192 480.74301954
1193 1193 443.01840124
1194 1194 500.580287101
1195 1195 589.310919225
1196 1196 322.265287768
1197 1197 334.851848176
1198 1198 607.196830539
1199 1199 311.864836785
1200 1200 210.378949921
1201 1201 0.00339204122369
1202 1202 302.094025707
1203 1203 347.683369604
1204 1204 85.596690682
1205 1205 552.935688995
1206 1206 0.00708209089169
1207 1207 296.629529695
1208 1208 34.3478127748
1209 1209 380.727306067
1210 1210 85.6715751537
1211 1211 357.416532117
1212 1212 552.419023381
1213 1213 8.35319907315
1214 1214 118.008119905
1215 1215 0.00650839519142
1216 1216 123.531552539
1217 1217 615.560104803
1218 1218 260.336841763
1219 1219 287.153992444
1220 1220 248.258000347
1221 1221 0.00729849489522
1222 1222 396.267886377
1223 1223 467.754249399
1224 1224 120.608481728
1225 1225 497.891980373
1226 1226 210.999874881
1227 1227 586.58208432
1228 1228 544.200484283
1229 1229 49.7277683172
1230 1230 539.941031027
1231 1231 522.095482858
1232 1232 1.54038797764
1233 1233 0.00204223133834
1234 1234 0.00220840656053
1235 1235 325.643844927
1236 1236 53.09173285
1237 1237 0.00443349087092
1238 1238 355.157532078
1239 1239 111.542378078
1240 1240 447.724720421
1241 1241 399.353669857
1242 1242 554.30216984
1243 1243 307.666334181
1244 1244 229.428800909
1245 1245 117.152184846
1246 1246 555.352865173
1247 1247 202.703329547
1248 1248 299.8022135
1249 1249 270.61603674
1250 1250 325.752466904
1251 1251 615.696922118
1252 1252 0.00731574183047
1253 1253 569.52609906
1254 1254 172.257311665
1255 1255 203.608698009
1256 1256 621.77786234
1257 1257 60.2839522981
1258 1258 0.00495919614257
1259 1259 0.0076303470945
1260 1260 308.665869602
1261 1261 152.723226506
1262 1262 618.010177006
1263 1263 434.297002802
1264 1264 326.763373761
1265 1265 575.449367421
1266 1266 378.7099626
1267 1267 411.287618882
1268 1268 396.318008861
1269 1269 240.027473475
1270 1270 531.385663462
1271 1271 0.00186977471128
1272 1272 0.00278446311247
1273 1273 524.281526239
1274 1274 427.371555809
1275 1275 143.937278005
1276 1276 487.675519041
1277 1277 493.182829756
1278 1278 0.00898470195508
1279 1279 607.319811403
1280 1280 0.0019681230725
1281 1281 8.68789415141
1282 1282 417.845335379
1283 1283 254.429881962
1284 1284 327.526731031
1285 1285 623.917892425
1286 1286 0.00901112602935
1287 1287 562.195885812
1288 1288 130.24109166
1289 1289 395.917158374
1290 1290 62.6316926486
1291 1291 265.518861126
1292 1292 428.726794657
1293 1293 0.00874637015385
1294 1294 297.761104504
1295 1295 539.618899856
1296 1296 499.797134131
1297 1297 20.2800723852
1298 1298 0.000951352641442
1299 1299 78.0147191878
1300 1300 467.992227759
1301 1301 0.00257191253878
1302 1302 0.00667029141961
1303 1303 0.00727196238439
1304 1304 454.136675028
1305 1305 592.813435146
1306 1306 316.014267834
1307 1307 0.00297886768395
1308 1308 542.500347443
1309 1309 567.720090916
1310 1310 223.041619217
1311 1311 0.00811985230789
1312 1312 0.00432941852629
1313 1313 0.0081718500463
1314 1314 477.627139106
1315 1315 323.975851492
1316 1316 474.332607784
1317 1317 331.912143735
1318 1318 63.6383868732
1319 1319 170.796144262
1320 1320 346.016119323
1321 1321 10.8011117424
1322 1322 0.00230596222057
1323 1323 0.00370831072815
1324 1324 0.00732880654109
1325 1325 0.00561514172465
1326 1326 0.00131680537813
1327 1327 123.957174664
1328 1328 540.677819698
1329 1329 0.00775141704634
1330 1330 0.00843529028583
1331 1331 0.00925572439426
1332 1332 618.100197306
1333 1333 184.487682017
1334 1334 0.00696527426767
1335 1335 602.655401824
1336 1336 169.332847112
1337 1337 72.8316472084
1338 1338 438.184620955
1339 1339 625.217876874
1340 1340 270.063483699
1341 1341 425.572678781
1342 1342 547.534925001
1343 1343 264.202067814
1344 1344 0.000134606827185
1345 1345 435.535859285
1346 1346 0.00750218315316
1347 1347 562.559357473
1348 1348 253.052225281
1349 1349 284.483239913
1350 1350 0.00512322091997
1351 1351 511.102321676
1352 1352 270.421100372
1353 1353 458.847552097
1354 1354 117.009830097
1355 1355 146.034746289
1356 1356 528.283996226
1357 1357 486.18807978
1358 1358 450.523838446
1359 1359 624.50385476
1360 1360 191.675822099
1361 1361 0.00624664529988
1362 1362 40.3135953661
1363 1363 0.00877249862195
1364 1364 0.00846777123986
1365 1365 0.00287935286245
1366 1366 266.340068663
1367 1367 606.430745498
1368 1368 10.1498094305
1369 1369 191.657773327
1370 1370 568.661930211
1371 1371 0.00123525786738
1372 1372 199.424686479
1373 1373 0.00219738832937
1374 1374 304.47055767
1375 1375 286.407509603
1376 1376 396.411212136
1377 1377 369.194701707
1378 1378 623.952641121
1379 1379 245.14494617
1380 1380 0.00997819725779
1381 1381 0.00714626279621
1382 1382 306.91066277
1383 1383 99.2846248022
1384 1384 557.254056429
1385 1385 0.000277690906165
1386 1386 50.2470322121
1387 1387 0.0061675724712
1388 1388 66.0887540612
1389 1389 0.00941457451768
1390 1390 552.387266959
1391 1391 0.00334592080545
1392 1392 42.6414559024
1393 1393 287.212674616
1394 1394 0.00837924075883
1395 1395 0.00433231861317
1396 1396 52.9219123945
1397 1397 0.00593836952673
1398 1398 315.864863654
1399 1399 0.00635323123466
1400 1400 549.054387388
1401 1401 11.1734687371
1402 1402 122.963565448
1403 1403 365.862875143
1404 1404 577.613846174
1405 1405 579.912654179
1406 1406 116.880296368
1407 1407 0.00575398923801
1408 1408 0.00125297470775
1409 1409 495.145258435
1410 1410 0.0035989576289
1411 1411 132.16072394
1412 1412 0.000518416181605
1413 1413 146.680917565
1414 1414 174.207906867
1415 1415 80.6347106776
1416 1416 194.775046178
1417 1417 0.00288359400294
1418 1418 0.00996343513173
1419 1419 293.956255732
1420 1420 506.959907843
1421 1421 283.252878695
1422 1422 612.854511852
1423 1423 600.14229697
1424 1424 129.559247286
1425 1425 541.695368039
1426 1426 0.00407827530445
1427 1427 0.563463435035
1428 1428 0.000322785161994
1429 1429 49.7369644819
1430 1430 580.829928728
1431 1431 0.00186333475004
1432 1432 0.00456069399283
1433 1433 491.052530002
1434 1434 591.717958539
1435 1435 0.00231723817159
1436 1436 0.00310444169972
1437 1437 0.00506920273814
1438 1438 603.192423789
1439 1439 35.2981686904
1440 1440 492.515001305
1441 1441 430.089845876
1442 1442 205.054007938
1443 1443 416.921781719
1444 1444 300.7505476
1445 1445 0.00415969986554
1446 1446 0.00414209151505
1447 1447 512.844851235
1448 1448 0.00877134630346
1449 1449 210.515227625
1450 1450 93.3339439827
1451 1451 324.399163858
1452 1452 257.17290801
1453 1453 553.290499159
1454 1454 34.6995574794
1455 1455 69.6195619002
1456 1456 241.756388474
1457 1457 301.682130466
1458 1458 605.100127862
1459 1459 21.5618875796
1460 1460 0.00249792008648
1461 1461 0.00532942087868
1462 1462 108.262923872
1463 1463 392.111461161
1464 1464 0.00303973509212
1465 1465 80.5798160369
1466 1466 182.81409275
1467 1467 587.815824391
1468 1468 189.571109997
1469 1469 365.776466701
1470 1470 0.00883632700857
1471 1471 70.5342087298
1472 1472 159.902487622
1473 1473 261.170522428
1474 1474 422.711584413
1475 1475 0.00438143524069
1476 1476 341.608541943
1477 1477 234.461334528
1478 1478 0.00712497798038
1479 1479 0.00915634928984
1480 1480 102.220425219
1481 1481 386.833826711
1482 1482 34.3393930754
1483 1483 117.07471645
1484 1484 439.365596857
1485 1485 510.102273205
1486 1486 0.00318618275944
1487 1487 0.00833210992843
1488 1488 436.437323235
1489 1489 582.739611023
1490 1490 119.733292102
1491 1491 520.60042642
1492 1492 217.321073479
1493 1493 472.349416454
1494 1494 462.498658744
1495 1495 601.823198842
1496 1496 0.00463736953205
1497 1497 578.210335912
1498 1498 0.00959183006664
1499 1499 624.805990161
1500 1500 0.00521936753088
1501 1501 606.656918825
1502 1502 377.412559113
1503 1503 454.637473246
1504 1504 612.127909649
1505 1505 557.514428022
1506 1506 265.796416694
1507 1507 154.348715759
1508 1508 613.343646288
1509 1509 0.00393299653627
1510 1510 50.0911243477
1511 1511 554.742948185
1512 1512 399.722697125
1513 1513 288.70024676
1514 1514 117.94374836
1515 1515 462.573411683
1516 1516 0.00151489044789
1517 1517 0.00350354171188
1518 1518 305.02559989
1519 1519 243.29973143
1520 1520 0.00111932293631
1521 1521 452.806709979
1522 1522 271.274755561
1523 1523 0.00953415428329
1524 1524 2.2899472005
1525 1525 109.041547044
1526 1526 408.069705646
1527 1527 0.00276413291775
1528 1528 593.330198354
1529 1529 0.00184285059321
1530 1530 0.00103942890962
1531 1531 152.100177741
1532 1532 101.684194567
1533 1533 150.844144354
1534 1534 231.961091259
1535 1535 47.5700185885
1536 1536 0.00410189431475
1537 1537 290.180503495
1538 1538 329.291878838
1539 1539 66.4412073849
1540 1540 78.8886416077
1541 1541 361.802741378
1542 1542 596.3218343
1543 1543 0.00776015851701
1544 1544 6.48760721252
1545 1545 478.21327491
1546 1546 173.110729331
1547 1547 0.00524426765581
1548 1548 296.877552669
1549 1549 235.35874923
1550 1550 559.098672999
1551 1551 495.645010602
1552 1552 269.240812215
1553 1553 368.316906008
1554 1554 175.406023285
1555 1555 0.00664805917551
1556 1556 44.2252515536
1557 1557 0.00728904246831
1558 1558 221.913298631
1559 1559 0.00018018743566
1560 1560 548.423421339
1561 1561 328.641869003
1562 1562 313.132563703
1563 1563 264.718305293
1564 1564 402.367307695
1565 1565 272.949341696
1566 1566 579.695929739
1567 1567 205.414042763
1568 1568 0.000168954907844
1569 1569 624.106998395
1570 1570 203.232460708
1571 1571 116.261375914
1572 1572 98.9742114891
1573 1573 583.139057164
1574 1574 412.471582698
1575 1575 373.74397173
1576 1576 385.476907322
1577 1577 235.12779872
1578 1578 0.00629932291972
1579 1579 329.884964885
1580 1580 97.384510348
1581 1581 550.741720467
1582 1582 32.7395615085
1583 1583 8.73788490895
1584 1584 266.950662095
1585 1585 525.068974186
1586 1586 0.00181689663756
1587 1587 383.928125975
1588 1588 87.0156972482
1589 1589 247.353874884
1590 1590 157.382837415
1591 1591 0.00397695113296
1592 1592 432.265752824
1593 1593 0.000192570337819
1594 1594 489.025246271
1595 1595 10.0419621049
1596 1596 89.3799200606
1597 1597 486.107062727
1598 1598 360.141848059
1599 1599 576.062282837
1600 1600 392.99708874
1601 1601 0.00367753352515
1602 1602 31.9430401806
1603 1603 194.196140498
1604 1604 437.829081757
1605 1605 19.3750394173
1606 1606 191.358251468
1607 1607 518.242749303
1608 1608 263.682054768
1609 1609 8.12778140793
1610 1610 366.877980998
1611 1611 190.91405173
1612 1612 131.782265006
1613 1613 208.056132641
1614 1614 0.00371145329689
1615 1615 474.465228813
1616 1616 0.00256185175516
1617 1617 33.3405403926
1618 1618 56.1225323005
1619 1619 115.799645194
1620 1620 603.948667413
1621 1621 476.01210081
1622 1622 0.00701713802984
1623 1623 0.00836678811475
1624 1624 244.46627262
1625 1625 0.00337784890548
1626 1626 0.00708895135818
1627 1627 612.79496503
1628 1628 0.00504445573346
1629 1629 551.787342388
1630 1630 335.692185182
1631 1631 0.000344037062252
1632 1632 0.00682502070941
1633 1633 248.27122151
1634 1634 329.101865724
1635 1635 0.00214739127037
1636 1636 145.572942796
1637 1637 623.739631432
1638 1638 0.00927742084302
1639 1639 0.00867497185563
1640 1640 66.802603619
1641 1641 228.305020648
1642 1642 87.77329525
1643 1643 423.475645447
1644 1644 0.00696127775706
1645 1645 560.817316424
1646 1646 236.519806532
1647 1647 0.00906400047931
1648 1648 0.00198086421409
1649 1649 0.00412059243393
1650 1650 598.198453557
1651 1651 474.583389005
1652 1652 497.250480281
1653 1653 486.917947274
1654 1654 390.674752839
1655 1655 184.768269237
1656 1656 0.000874407022812
1657 1657 24.3032855521
1658 1658 531.827750703
1659 1659 147.805449044
1660 1660 0.00746367167087
1661 1661 148.037164487
1662 1662 0.00835953434318
1663 1663 517.349779277
1664 1664 0.00550308205715
1665 1665 56.8315715095
1666 1666 0.00327920698581
1667 1667 0.000677832131386
1668 1668 0.00751794191293
1669 1669 159.834285984
1670 1670 398.100017432
1671 1671 224.845171083
1672 1672 611.197069014
1673 1673 619.335045189
1674 1674 0.00948808792956
1675 1675 419.722778019
1676 1676 58.0248915029
1677 1677 168.169430754
1678 1678 491.545832029
1679 1679 0.00214464016589
1680 1680 88.3919151156
1681 1681 373.729195543
1682 1682 287.131629623
1683 1683 592.040140899
1684 1684 0.00134407103485
1685 1685 153.621961277
1686 1686 0.00624721390238
1687 1687 345.163991945
1688 1688 71.3085274377
1689 1689 0.00691034262492
1690 1690 230.163429386
1691 1691 11.0750184492
1692 1692 468.063617424
1693 1693 532.209671374
1694 1694 511.046215794
1695 1695 0.00690024974355
1696 1696 210.194473435
1697 1697 0.00657548167462
1698 1698 396.282429248
1699 1699 614.490001491
1700 1700 147.712645019
1701 1701 20.4330546187
1702 1702 617.591064935
1703 1703 619.573158894
1704 1704 236.319565524
1705 1705 415.287740591
1706 1706 222.323799694
1707 1707 613.623210615
1708 1708 23.2707600304
1709 1709 580.273798114
1710 1710 399.851390637
1711 1711 481.597643216
1712 1712 0.00861308949192
1713 1713 239.014205616
1714 1714 271.466161804
1715 1715 308.292983917
1716 1716 388.742142565
1717 1717 302.202425155
1718 1718 289.73704715
1719 1719 0.00608304272701
1720 1720 56.2894563243
1721 1721 167.146397142
1722 1722 154.937914672
1723 1723 0.000518802345407
1724 1724 7.42291286319
1725 1725 0.00833779715205
1726 1726 0.00334889091038
1727 1727 476.875134764
1728 1728 418.243680024
1729 1729 481.41542816
1730 1730 0.00100024637415
1731 1731 391.802637589
1732 1732 294.096785146
1733 1733 560.856658797
1734 1734 85.9319644325
1735 1735 71.9677157862
1736 1736 557.798867571
1737 1737 423.632673418
1738 1738 0.00517707975095
1739 1739 324.800256071
1740 1740 89.5875577538
1741 1741 461.981546972
1742 1742 544.039059277
1743 1743 121.219266956
1744 1744 0.00392096414777
1745 1745 550.660810352
1746 1746 0.00349433734789
1747 1747 326.178723767
1748 1748 427.678208685
1749 1749 446.143707122
1750 1750 565.405185941
1751 1751 287.029926771
1752 1752 281.592894201
1753 1753 0.00779868214677
1754 1754 0.00292551401514
1755 1755 172.28598516
1756 1756 149.068538558
1757 1757 561.065500426
1758 1758 235.145952144
1759 1759 540.964637501
1760 1760 0.00896934522192
1761 1761 397.03095328
1762 1762 0.00620778816015
1763 1763 320.543665196
1764 1764 462.471880648
1765 1765 360.590055976
1766 1766 355.750812462
1767 1767 596.315393639
1768 1768 59.0881569705
1769 1769 0.0014496064202
1770 1770 358.408849021
1771 1771 26.9514691995
1772 1772 604.993475012
1773 1773 0.00308973577648
1774 1774 6.57670808127
1775 1775 134.376268843
1776 1776 523.417194883
1777 1777 3.58754523763
1778 1778 532.834535345
1779 1779 439.169624535
1780 1780 0.00806129662625
1781 1781 0.00551330566142
1782 1782 342.848739868
1783 1783 79.1651436443
1784 1784 624.382347841
1785 1785 315.617507413
1786 1786 0.00163716242818
1787 1787 114.838921838
1788 1788 397.872383777
1789 1789 169.68424437
1790 1790 542.469249054
1791 1791 264.870424522
1792 1792 541.354771463
1793 1793 69.832211778
1794 1794 127.764971179
1795 1795 601.017053519
1796 1796 375.303723664
1797 1797 589.921585943
1798 1798 36.3357124555
1799 1799 0.00951769137737
1800 1800 467.059235299
1801 1801 0.00121448766348
1802 1802 0.00919648672087
1803 1803 0.00248144935243
1804 1804 454.716838208
1805 1805 621.841218806
1806 1806 100.486867283
1807 1807 406.600460296
1808 1808 460.956335398
1809 1809 562.580460888
1810 1810 54.6436882888
1811 1811 113.721490006
1812 1812 86.9796798105
1813 1813 586.971553465
1814 1814 462.24651021
1815 1815 486.150783
1816 1816 531.885480225
1817 1817 0.00880219844748
1818 1818 207.635413642
1819 1819 565.236268784
1820 1820 68.863026662
1821 1821 188.447609874
1822 1822 0.00351180995826
1823 1823 50.1323447356
1824 1824 389.421059231
1825 1825 581.954083658
1826 1826 0.00686336168223
1827 1827 497.405440939
1828 1828 382.484008642
1829 1829 0.0025478098095
1830 1830 514.346951606
1831 1831 555.677020211
1832 1832 298.59392428
1833 1833 0.000394589920171
1834 1834 0.000610347092141
1835 1835 67.7964068483
1836 1836 538.38650589
1837 1837 368.413260446
1838 1838 481.274558249
1839 1839 0.00493167793579
1840 1840 54.4840441892
1841 1841 0.000299128339223
1842 1842 369.819051203
1843 1843 17.5072806599
1844 1844 20.6117147653
1845 1845 217.572607746
1846 1846 0.00278618958963
1847 1847 43.0528607256
1848 1848 215.884415888
1849 1849 0.00885043783601
1850 1850 463.298511719
1851 1851 121.826051259
1852 1852 327.144953878
1853 1853 236.198467717
1854 1854 0.00213023373793
1855 1855 0.00932481071459
1856 1856 160.585742871
1857 1857 0.00774863872561
1858 1858 144.164561603
1859 1859 520.677007884
1860 1860 222.944098324
1861 1861 7.47164231625
1862 1862 284.725765622
1863 1863 16.1514090556
1864 1864 118.831219313
1865 1865 498.493889891
1866 1866 0.00296142073108
1867 1867 0.00716839310057
1868 1868 390.380554581
1869 1869 1.32191315568
1870 1870 84.0382840555
1871 1871 451.800038087
1872 1872 537.120121431
1873 1873 258.069244717
1874 1874 474.321407283
1875 1875 433.402829565
1876 1876 253.404447181
1877 1877 419.292846395
1878 1878 280.183400344
1879 1879 291.042038502
1880 1880 473.2229186
1881 1881 172.11155195
1882 1882 0.0016927403517
1883 1883 167.698202193
1884 1884 211.3255032
1885 1885 0.0034672390896
1886 1886 463.575861704
1887 1887 117.097479376
1888 1888 524.053311543
1889 1889 190.55700317
1890 1890 0.00408462886551
1891 1891 0.00934525187517
1892 1892 0.00711676003555
1893 1893 0.00908822307552
1894 1894 140.714665893
1895 1895 220.215668563
1896 1896 205.413068967
1897 1897 37.7175933741
1898 1898 332.676751634
1899 1899 157.222047014
1900 1900 373.767157612
1901 1901 392.83873082
1902 1902 149.936319431
1903 1903 0.00775563839018
1904 1904 479.601363709
1905 1905 519.524381096
1906 1906 338.268925353
1907 1907 387.202295156
1908 1908 0.00576976460881
1909 1909 498.739799042
1910 1910 116.089006909
1911 1911 32.2495623708
1912 1912 0.00163585306857
1913 1913 0.00461757021003
1914 1914 422.965012449
1915 1915 0.00791556688795
1916 1916 117.598112496
1917 1917 0.0008313197226
1918 1918 551.066125456
1919 1919 0.00744869259082
1920 1920 225.141787801
1921 1921 418.408823715
1922 1922 618.098670242
1923 1923 0.00241749154816
1924 1924 291.621001436
1925 1925 0.00827640497316
1926 1926 317.312154913
1927 1927 327.612079279
1928 1928 249.51344642
1929 1929 394.557345629
1930 1930 490.973418944
1931 1931 0.00882494882658
1932 1932 0.00508959392085
1933 1933 102.481352959
1934 1934 217.951174409
1935 1935 492.733898907
1936 1936 361.695288638
1937 1937 425.468016858
1938 1938 280.022892323
1939 1939 37.5141430922
1940 1940 0.00698188729071
1941 1941 415.585943158
1942 1942 0.00106033336134
1943 1943 84.5122159656
1944 1944 0.0019485707858
1945 1945 0.00992721702028
1946 1946 133.510859264
1947 1947 0.00203797613561
1948 1948 0.00836476455262
1949 1949 560.880181096
1950 1950 0.0015150515101
1951 1951 549.933224906
1952 1952 492.711141356
1953 1953 158.623917729
1954 1954 505.880443558
1955 1955 344.757680889
1956 1956 130.150484798
1957 1957 0.00721418868448
1958 1958 354.636185461
1959 1959 125.800542541
1960 1960 419.961324397
1961 1961 165.133512463
1962 1962 79.8799460212
1963 1963 288.572498414
1964 1964 254.024909649
1965 1965 262.146912709
1966 1966 351.3159812
1967 1967 0.00302754207776
1968 1968 618.34856655
1969 1969 56.5500958437
1970 1970 619.170436425
1971 1971 595.924730433
1972 1972 0.00800810848042
1973 1973 543.882143554
1974 1974 0.00106040959464
1975 1975 249.682469315
1976 1976 112.281645038
1977 1977 586.37684764
1978 1978 462.590662788
1979 1979 45.0199678394
1980 1980 15.9462902961
1981 1981 362.340035271
1982 1982 0.008672944022
1983 1983 270.151592514
1984 1984 0.00396949074655
1985 1985 457.169771239
1986 1986 201.231749525
1987 1987 0.001142520383
1988 1988 532.698925753
1989 1989 530.190941258
1990 1990 425.264733402
1991 1991 220.660048577
1992 1992 0.0011764875772
1993 1993 414.57143835
1994 1994 341.123529978
1995 1995 313.323796248
1996 1996 180.983321555
1997 1997 0.00483996906856
1998 1998 625.838389607
1999 1999 126.639376127
2000 2000 259.562317142
2001 2001 457.366239644
2002 2002 0.00279182033053
2003 2003 235.7703909
2004 2004 0.00710902166942
2005 2005 213.308881276
2006 2006 55.5158814279
2007 2007 582.47472263
2008 2008 426.500251683
2009 2009 0.00797597296808
2010 2010 0.00594043567275
2011 2011 184.729441264
2012 2012 0.00158680878928
2013 2013 509.158521829
2014 2014 492.318791314
2015 2015 14.0195395828
2016 2016 573.047340792
2017 2017 0.00447957799066
2018 2018 0.00965147691025
2019 2019 583.87218904
2020 2020 480.237069391
2021 2021 134.898257756
2022 2022 169.551716442
2023 2023 174.678990503
2024 2024 450.050953384
2025 2025 578.830681635
2026 2026 140.496165324
2027 2027 99.7634809782
2028 2028 0.00256540399134
2029 2029 0.00114157738351
2030 2030 52.0288449794
2031 2031 400.438914012
2032 2032 156.705813532
2033 2033 236.693331532
2034 2034 0.000818195052923
2035 2035 0.00493367969179
2036 2036 154.386579629
2037 2037 6.57524929802e-05
2038 2038 493.876241911
2039 2039 133.812992424
2040 2040 0.00907426885925
2041 2041 568.582537226
2042 2042 0.00520695485996
2043 2043 0.00749469074822
2044 2044 492.138337359
2045 2045 236.886086372
2046 2046 190.188229415
2047 2047 20.6237331317
2048 2048 589.264580265
2049 2049 555.252128889
2050 2050 206.569655992
2051 2051 447.574293704
2052 2052 121.950246434
2053 2053 187.977598317
2054 2054 0.00367459115247
2055 2055 156.360825015
2056 2056 0.00875951527328
2057 2057 81.0662171995
2058 2058 0.00448617132187
2059 2059 0.00435618410236
2060 2060 456.696821788
2061 2061 29.1293569113
2062 2062 0.00829755433733
2063 2063 597.024544483
2064 2064 0.00982372053922
2065 2065 0.00378823071778
2066 2066 152.544685464
2067 2067 0.00937334804538
2068 2068 0.00273800412628
2069 2069 480.263306742
2070 2070 268.976154274
2071 2071 0.00926710897849
2072 2072 92.8485495858
2073 2073 447.348394376
2074 2074 376.338865361
2075 2075 0.00992839265111
2076 2076 573.802136406
2077 2077 197.792269363
2078 2078 42.2465943254
2079 2079 120.697074286
2080 2080 10.7237657565
2081 2081 157.860428264
2082 2082 426.64717514
2083 2083 623.426489148
2084 2084 187.956504887
2085 2085 176.514439018
2086 2086 326.35406445
2087 2087 34.1382253274
2088 2088 428.926507201
2089 2089 6.32319406261
2090 2090 94.5724631602
2091 2091 614.682009438
2092 2092 622.900171686
2093 2093 568.202467122
2094 2094 617.018402991
2095 2095 0.00842356183927
2096 2096 0.00775247605325
2097 2097 392.515165974
2098 2098 0.00613930710342
2099 2099 0.00190761417816
2100 2100 206.206240272
2101 2101 0.00964926264388
2102 2102 400.211765092
2103 2103 39.8459560277
2104 2104 0.00379360064938
2105 2105 78.135652142
2106 2106 499.258709424
2107 2107 557.416621035
2108 2108 0.00557350453412
2109 2109 307.187002812
2110 2110 205.842506442
2111 2111 467.570292941
2112 2112 210.284540962
2113 2113 0.00263608292418
2114 2114 266.117030957
2115 2115 25.4125410215
2116 2116 80.890413931
2117 2117 0.00527434745619
2118 2118 474.694666936
2119 2119 406.212333675
2120 2120 196.059461914
2121 2121 6.0631542733e-05
2122 2122 344.593171621
2123 2123 0.00309754087741
2124 2124 238.785266137
2125 2125 266.887411617
2126 2126 0.00906787427757
2127 2127 318.920309322
2128 2128 613.073518526
2129 2129 101.149020748
2130 2130 546.251994543
2131 2131 426.810876757
2132 2132 381.768697345
2133 2133 95.0462791925
2134 2134 533.425282059
2135 2135 574.225562256
2136 2136 180.812023369
2137 2137 289.462292819
2138 2138 123.654983543
2139 2139 402.062311822
2140 2140 0.000663032112201
2141 2141 169.315678002
2142 2142 38.7408388601
2143 2143 558.523718283
2144 2144 200.536142344
2145 2145 0.00720997723452
2146 2146 0.00241966112251
2147 2147 118.611319429
2148 2148 220.089418322
2149 2149 276.174915304
2150 2150 90.5980294549
2151 2151 0.00290170928368
2152 2152 21.1030867475
2153 2153 0.00168201862076
2154 2154 0.00695518397727
2155 2155 249.013971051
2156 2156 87.6298617184
2157 2157 206.220257445
2158 2158 180.920239538
2159 2159 0.00182416384969
2160 2160 47.010416786
2161 2161 564.414179793
2162 2162 0.00027051214096
2163 2163 525.373608345
2164 2164 274.977966325
2165 2165 0.00795163046211
2166 2166 0.000758455726693
2167 2167 408.592518193
2168 2168 0.00875636128552
2169 2169 45.0367935861
2170 2170 232.469428333
2171 2171 517.278496323
2172 2172 384.609258351
2173 2173 411.1406468
2174 2174 394.744517255
2175 2175 0.00155176663943
2176 2176 339.970613444
2177 2177 607.764522262
2178 2178 0.00156712217255
2179 2179 317.254621453
2180 2180 149.82821642
2181 2181 53.5921837096
2182 2182 475.014925165
2183 2183 367.220582213
2184 2184 0.00558643524678
2185 2185 36.0502942452
2186 2186 493.842696907
2187 2187 350.712494422
2188 2188 116.292859884
2189 2189 546.054901182
2190 2190 563.008381927
2191 2191 5.27133036963
2192 2192 547.456020974
2193 2193 290.314920415
2194 2194 177.495705477
2195 2195 148.085571546
2196 2196 517.198840628
2197 2197 199.064218818
2198 2198 519.550100269
2199 2199 0.000961467921858
2200 2200 156.766572821
2201 2201 451.170234315
2202 2202 532.356980898
2203 2203 0.0058495851357
2204 2204 41.6862175064
2205 2205 0.00634284111226
2206 2206 0.00523697712919
2207 2207 0.00854409509717
2208 2208 507.609920527
2209 2209 54.3290878986
2210 2210 486.12058094
2211 2211 0.00433484660109
2212 2212 477.362201591
2213 2213 518.60030902
2214 2214 92.9766087008
2215 2215 0.00918651638981
2216 2216 0.00381904785983
2217 2217 490.687898331
2218 2218 0.00396334985946
2219 2219 0.0059930998614
2220 2220 85.8040216067
2221 2221 346.892662806
2222 2222 269.022577889
2223 2223 0.000529302724353
2224 2224 432.617564635
2225 2225 0.00531623159265
2226 2226 132.179692351
2227 2227 116.88901435
2228 2228 564.074724057
2229 2229 0.00825041778748
2230 2230 24.7852400687
2231 2231 167.249228781
2232 2232 492.198195352
2233 2233 105.282651874
2234 2234 457.901035106
2235 2235 412.169876686
2236 2236 425.24248966
2237 2237 395.844751214
2238 2238 281.263536612
2239 2239 506.090451946
2240 2240 0.000500075658408
2241 2241 33.2291130397
2242 2242 520.038652345
2243 2243 0.00836537928328
2244 2244 431.90378062
2245 2245 144.745696855
2246 2246 50.4630192085
2247 2247 570.13956421
2248 2248 511.03227717
2249 2249 72.2583437375
2250 2250 0.00655435747102
2251 2251 518.009111154
2252 2252 592.556143655
2253 2253 347.123959642
2254 2254 312.816341733
2255 2255 204.851293798
2256 2256 522.400673571
2257 2257 243.519145749
2258 2258 449.515793707
2259 2259 132.094151205
2260 2260 101.573578717
2261 2261 590.091618861
2262 2262 269.653838662
2263 2263 387.654662113
2264 2264 248.924589865
2265 2265 390.031430862
2266 2266 0.00590723194561
2267 2267 51.9017055137
2268 2268 104.917714286
2269 2269 0.00511623284774
2270 2270 398.02622351
2271 2271 611.076185362
2272 2272 282.529835732
2273 2273 274.779589245
2274 2274 0.00982987680062
2275 2275 540.107494362
2276 2276 462.160426823
2277 2277 473.107046186
2278 2278 171.343126562
2279 2279 615.689529006
2280 2280 159.826944222
2281 2281 0.00112023518986
2282 2282 66.2147925837
2283 2283 0.000193778555538
2284 2284 292.024816678
2285 2285 36.2449260653
2286 2286 232.693224241
2287 2287 407.809161936
2288 2288 24.6602301394
2289 2289 325.503292386
2290 2290 292.750440842
2291 2291 235.665244163
2292 2292 255.972419081
2293 2293 477.587704571
2294 2294 546.58560289
2295 2295 177.382291902
2296 2296 0.00263391511198
2297 2297 620.1418217
2298 2298 318.900722924
2299 2299 0.00735189966336
2300 2300 498.710722405
2301 2301 399.740127872
2302 2302 391.622764979
2303 2303 179.690802579
2304 2304 5.81789643499e-05
2305 2305 137.257895961
2306 2306 395.676820604
2307 2307 453.419230422
2308 2308 424.307909861
2309 2309 0.00691707629274
2310 2310 0.000418978868603
2311 2311 155.390025988
2312 2312 153.202889098
2313 2313 236.94218923
2314 2314 0.00288033780948
2315 2315 343.868770881
2316 2316 0.00127435651839
2317 2317 266.321570947
2318 2318 0.00361693847661
2319 2319 53.9948551859
2320 2320 0.00789143184008
2321 2321 346.000485591
2322 2322 0.00731034841716
2323 2323 544.673509085
2324 2324 487.28466705
2325 2325 606.015707877
2326 2326 391.637632147
2327 2327 536.185199212
2328 2328 0.0021664496532
2329 2329 451.761109323
2330 2330 420.955093074
2331 2331 0.00176568801699
2332 2332 146.055399499
2333 2333 88.1604876862
2334 2334 600.246933264
2335 2335 183.986080859
2336 2336 0.00847354491761
2337 2337 329.51023117
2338 2338 413.227652825
2339 2339 299.196289677
2340 2340 0.00995940713081
2341 2341 582.649611192
2342 2342 0.0059942758978
2343 2343 432.949338745
2344 2344 245.34738781
2345 2345 0.00569211711916
2346 2346 365.592145102
2347 2347 523.332018611
2348 2348 346.599269277
2349 2349 244.667810267
2350 2350 52.6063143716
2351 2351 456.211003711
2352 2352 0.00822825605561
2353 2353 0.00580670267741
2354 2354 15.0369322427
2355 2355 375.328786711
2356 2356 469.099114
2357 2357 0.000316407055023
2358 2358 0.0089589786941
2359 2359 0.00425192125189
2360 2360 0.0022148090839
2361 2361 604.935609146
2362 2362 557.194734891
2363 2363 232.475653996
2364 2364 496.585590594
2365 2365 544.403423054
2366 2366 610.013562263
2367 2367 0.00697138064466
2368 2368 439.309258236
2369 2369 194.277936552
2370 2370 353.525334886
2371 2371 367.763918787
2372 2372 61.5514760014
2373 2373 0.000788393684921
2374 2374 608.292067922
2375 2375 0.00212567880023
2376 2376 192.022842299
2377 2377 345.684634526
2378 2378 0.00741995104549
2379 2379 0.0064951161972
2380 2380 39.5835591899
2381 2381 415.439849225
2382 2382 521.522252086
2383 2383 503.002039586
2384 2384 16.1010566004
2385 2385 602.274182559
2386 2386 0.0083356420972
2387 2387 225.312294667
2388 2388 116.161445982
2389 2389 211.710384629
2390 2390 536.895574331
2391 2391 127.901709148
2392 2392 0.00474290065502
2393 2393 0.00583930689925
2394 2394 140.089632627
2395 2395 467.647527564
2396 2396 0.00244467045464
2397 2397 415.044778624
2398 2398 0.00138434293085
2399 2399 0.00842017353383
2400 2400 422.337597447
2401 2401 126.288145625
2402 2402 0.0046211463582
2403 2403 605.374091529
2404 2404 366.182950031
2405 2405 222.879409735
2406 2406 333.739219616
2407 2407 514.217752572
2408 2408 443.071089587
2409 2409 0.00989448900767
2410 2410 483.138039315
2411 2411 0.00992701878402
2412 2412 491.490735978
2413 2413 611.226815264
2414 2414 404.460416289
2415 2415 371.078435035
2416 2416 430.108507739
2417 2417 37.8883599417
2418 2418 414.52308803
2419 2419 210.083327187
2420 2420 327.775970208
2421 2421 0.00903906771324
2422 2422 599.915921885
2423 2423 258.345239541
2424 2424 0.00693235087382
2425 2425 490.394343385
2426 2426 123.50565532
2427 2427 416.793387824
2428 2428 199.015673337
2429 2429 134.819201731
2430 2430 512.913077815
2431 2431 418.968291949
2432 2432 235.297165125
2433 2433 0.00230049471947
2434 2434 109.391352746
2435 2435 0.00298727386139
2436 2436 338.785558551
2437 2437 36.6397053083
2438 2438 265.592003055
2439 2439 436.8607444
2440 2440 0.00263880297083
2441 2441 0.00330941927186
2442 2442 548.614966678
2443 2443 179.498254212
2444 2444 207.759382319
2445 2445 0.00298021893491
2446 2446 156.486070903
2447 2447 236.108570768
2448 2448 332.378084261
2449 2449 0.00779040782579
2450 2450 0.00807187341025
2451 2451 274.372540147
2452 2452 383.768088585
2453 2453 21.7040479385
2454 2454 0.00732264973969
2455 2455 0.00742805644789
2456 2456 409.053823374
2457 2457 0.00644550070823
2458 2458 0.00948606186337
2459 2459 466.897940725
2460 2460 336.650871673
2461 2461 373.782914024
2462 2462 0.00235709346218
2463 2463 0.0099898610975
2464 2464 281.048607204
2465 2465 600.818891703
2466 2466 302.854302879
2467 2467 148.440238868
2468 2468 0.00268462919697
2469 2469 552.269578761
2470 2470 560.001370501
2471 2471 0.000716649227497
2472 2472 416.32107154
2473 2473 0.00637976574516
2474 2474 275.320481806
2475 2475 315.889085675
2476 2476 436.821525613
2477 2477 16.314593721
2478 2478 618.444311041
2479 2479 409.596722167
2480 2480 529.651782558
2481 2481 326.248156799
2482 2482 549.510125088
2483 2483 614.172273612
2484 2484 142.996245908
2485 2485 614.429340033
2486 2486 272.988800986
2487 2487 0.00676867657776
2488 2488 0.00248576527492
2489 2489 30.627410161
2490 2490 421.613070096
2491 2491 24.9631261451
2492 2492 304.47991735
2493 2493 534.834036683
2494 2494 169.592648722
2495 2495 549.333036839
2496 2496 267.907083691
2497 2497 0.00511909606373
2498 2498 0.00761605432201
2499 2499 472.510868577
2500 2500 0.00408628905885
2501 2501 41.3224375583
2502 2502 573.415184527
2503 2503 147.210576384
2504 2504 566.392300823
2505 2505 395.580227963
2506 2506 74.0691356779
2507 2507 256.491933581
2508 2508 114.37757397
2509 2509 238.233198666
2510 2510 165.987866949
2511 2511 216.047681208
2512 2512 617.456328807
2513 2513 0.00721533216362
2514 2514 0.00728554985912
2515 2515 572.241403961
2516 2516 322.252952463
2517 2517 0.000454543623488
2518 2518 30.1646846416
2519 2519 284.022409443
2520 2520 543.489446335
2521 2521 136.717379763
2522 2522 384.476824129
2523 2523 23.5555700427
2524 2524 0.0039975750654
2525 2525 533.234555526
2526 2526 0.0073930692244
2527 2527 368.454599957
2528 2528 0.00600873831069
2529 2529 526.309087871
2530 2530 0.00869829883479
2531 2531 0.00662554446369
2532 2532 486.287550436
2533 2533 342.750855357
2534 2534 0.00353611347056
2535 2535 279.852327784
2536 2536 1.98665083364
2537 2537 0.00626316315102
2538 2538 460.355567144
2539 2539 119.177694959
2540 2540 3.81537898893
2541 2541 423.617092618
2542 2542 615.086173094
2543 2543 393.815375775
2544 2544 0.00912091231325
2545 2545 271.144987812
2546 2546 269.479745575
2547 2547 0.00529836233422
2548 2548 14.3643724704
2549 2549 276.995831109
2550 2550 477.05457246
2551 2551 289.477845813
2552 2552 438.363771567
2553 2553 0.00716344185854
2554 2554 74.1058189108
2555 2555 213.991960615
2556 2556 0.00866288577782
2557 2557 4.41047796058
2558 2558 176.328670043
2559 2559 59.4994851049
2560 2560 0.00289744804008
2561 2561 188.439314373
2562 2562 179.565350141
2563 2563 203.409548459
2564 2564 314.589193924
2565 2565 0.00494766729004
2566 2566 156.036251521
2567 2567 32.4256566179
2568 2568 361.757541921
2569 2569 236.527196763
2570 2570 0.0036330319126
2571 2571 192.83764773
2572 2572 0.00376269365785
2573 2573 15.8496272256
2574 2574 0.00339662741617
2575 2575 0.00807212066983
2576 2576 0.00189296163798
2577 2577 0.00430093388531
2578 2578 411.240508856
2579 2579 7.88947100481
2580 2580 366.277169106
2581 2581 0.00390539251059
2582 2582 0.000129770395373
2583 2583 397.754616034
2584 2584 451.823939375
2585 2585 385.684962189
2586 2586 0.0068290942758
2587 2587 0.00255891914985
2588 2588 545.839417721
2589 2589 0.00577969455107
2590 2590 180.035525432
2591 2591 277.476401545
2592 2592 31.321184154
2593 2593 605.360050421
2594 2594 0.00716319655635
2595 2595 63.3992977902
2596 2596 0.00964911715902
2597 2597 447.66478714
2598 2598 251.690324037
2599 2599 616.186520442
2600 2600 0.00647873440227
2601 2601 213.100163505
2602 2602 0.00351865091821
2603 2603 212.919395756
2604 2604 0.000810556549486
2605 2605 0.00221821549718
2606 2606 0.00599357846391
2607 2607 538.078897472
2608 2608 475.407914732
2609 2609 0.00833466194744
2610 2610 0.0070013473514
2611 2611 214.764529847
2612 2612 232.05647952
2613 2613 267.113743236
2614 2614 250.67597701
2615 2615 603.715350311
2616 2616 590.752919575
2617 2617 386.68564635
2618 2618 0.00356782666425
2619 2619 410.346015689
2620 2620 609.034668191
2621 2621 417.043226993
2622 2622 239.575690215
2623 2623 131.996817353
2624 2624 365.642702412
2625 2625 534.162592784
2626 2626 452.517337317
2627 2627 59.5183816624
2628 2628 615.776977867
2629 2629 480.560192707
2630 2630 265.150996585
2631 2631 0.00593392296728
2632 2632 197.608417544
2633 2633 0.00504840639714
2634 2634 420.747215201
2635 2635 0.00779123034772
2636 2636 541.088315731
2637 2637 337.677420474
2638 2638 6.72130350233
2639 2639 0.00331125821598
2640 2640 591.254230066
2641 2641 108.578248715
2642 2642 0.0026055664758
2643 2643 194.362090552
2644 2644 82.9459098913
2645 2645 191.587352286
2646 2646 0.00418007561793
2647 2647 0.00244336242359
2648 2648 58.0796988628
2649 2649 85.5963899835
2650 2650 461.556709357
2651 2651 447.271504178
2652 2652 335.357727725
2653 2653 439.313188866
2654 2654 466.124768146
2655 2655 0.00348838105174
2656 2656 0.00935731111613
2657 2657 35.7604987303
2658 2658 0.00054430054962
2659 2659 337.821945562
2660 2660 240.072387052
2661 2661 369.227704751
2662 2662 48.3237956839
2663 2663 230.893646817
2664 2664 459.308003986
2665 2665 0.00438346560815
2666 2666 142.693983327
2667 2667 255.787001223
2668 2668 476.561436841
2669 2669 108.10413535
2670 2670 454.807821032
2671 2671 348.732750291
2672 2672 592.95057419
2673 2673 175.160724105
2674 2674 512.893129396
2675 2675 0.00565610399945
2676 2676 14.5595013706
2677 2677 47.2929091512
2678 2678 195.377799579
2679 2679 537.93202785
2680 2680 75.6670727099
2681 2681 453.001638186
2682 2682 0.00235414548118
2683 2683 314.554381177
2684 2684 81.7015410081
2685 2685 53.90525616
2686 2686 548.491538456
2687 2687 105.073767382
2688 2688 0.00992846826115
2689 2689 287.089008001
2690 2690 392.960828767
2691 2691 281.130104269
2692 2692 134.249564484
2693 2693 169.516340572
2694 2694 4.41948915394
2695 2695 0.00896862709629
2696 2696 62.8046964155
2697 2697 0.00224388892358
2698 2698 448.684434207
2699 2699 450.06733358
2700 2700 458.7678914
2701 2701 220.9856612
2702 2702 437.477119481
2703 2703 229.216248754
2704 2704 0.00393604276328
2705 2705 409.233332421
2706 2706 136.341459153
2707 2707 508.463318309
2708 2708 591.007830886
2709 2709 296.956454587
2710 2710 0.00570735609062
2711 2711 83.90071881
2712 2712 35.1500616355
2713 2713 341.756037893
2714 2714 524.586552649
2715 2715 245.288898995
2716 2716 545.94251942
2717 2717 526.479249424
2718 2718 0.00183855354434
2719 2719 114.893494743
2720 2720 475.837158663
2721 2721 406.33689964
2722 2722 86.7957887805
2723 2723 83.5444473231
2724 2724 0.00285511235558
2725 2725 0.00957554794283
2726 2726 77.7613058004
2727 2727 249.070602019
2728 2728 344.530553023
2729 2729 0.0034566347496
2730 2730 22.069317815
2731 2731 363.878126352
2732 2732 510.965756752
2733 2733 320.891042539
2734 2734 149.78804376
2735 2735 2.30869697574
2736 2736 0.00911656872041
2737 2737 490.837763269
2738 2738 0.00669173149513
2739 2739 455.11507698
2740 2740 116.886371701
2741 2741 125.362566716
2742 2742 197.002893486
2743 2743 401.590981884
2744 2744 217.729976261
2745 2745 0.00834455492834
2746 2746 265.224680544
2747 2747 140.634430842
2748 2748 0.000150360498914
2749 2749 494.980026424
2750 2750 385.721662499
2751 2751 509.742785824
2752 2752 0.00811593725026
2753 2753 0.00146224327226
2754 2754 286.189693763
2755 2755 492.389168085
2756 2756 519.844243395
2757 2757 133.122262248
2758 2758 231.671059787
2759 2759 0.00944615115184
2760 2760 102.716900169
2761 2761 0.00939982814845
2762 2762 262.921296669
2763 2763 275.607761145
2764 2764 125.509167712
2765 2765 0.00264740583889
2766 2766 418.331077739
2767 2767 0.00914812871862
2768 2768 0.00959543811265
2769 2769 592.260269318
2770 2770 0.00821853388724
2771 2771 259.88491361
2772 2772 0.00842774288905
2773 2773 0.00802092839223
2774 2774 478.943808067
2775 2775 86.8850141775
2776 2776 0.00166267712345
2777 2777 0.000959972067915
2778 2778 0.00580359043282
2779 2779 455.638100911
2780 2780 232.299936419
2781 2781 39.4629989162
2782 2782 0.000788487528336
2783 2783 230.822714304
2784 2784 300.634878606
2785 2785 0.00907063918806
2786 2786 517.56986631
2787 2787 110.370839669
2788 2788 64.6666041662
2789 2789 0.00852262497682
2790 2790 167.805161779
2791 2791 499.693153058
2792 2792 467.520414801
2793 2793 311.793332165
2794 2794 223.267465104
2795 2795 321.877675022
2796 2796 548.952376269
2797 2797 437.634581124
2798 2798 478.541532808
2799 2799 277.892011945
2800 2800 0.00791546121283
2801 2801 574.708979792
2802 2802 79.7124868297
2803 2803 0.000278965097864
2804 2804 449.294406444
2805 2805 0.0031897861031
2806 2806 0.00637519948033
2807 2807 393.013175973
2808 2808 169.281449326
2809 2809 0.00778871747572
2810 2810 129.853817506
2811 2811 371.72956287
2812 2812 321.02821592
2813 2813 375.608848762
2814 2814 132.523706154
2815 2815 189.498994107
2816 2816 0.00519183800199
2817 2817 238.252075233
2818 2818 154.161442109
2819 2819 225.616051427
2820 2820 0.00237709009436
2821 2821 0.00563633132813
2822 2822 218.283150769
2823 2823 561.374300751
2824 2824 469.324529551
2825 2825 0.00997267903156
2826 2826 472.056552164
2827 2827 0.00217882342881
2828 2828 0.0066104327882
2829 2829 229.612514468
2830 2830 0.00549520664614
2831 2831 408.564397916
2832 2832 596.180260788
2833 2833 262.924286001
2834 2834 405.868315901
2835 2835 394.001807547
2836 2836 147.439399626
2837 2837 461.083423499
2838 2838 291.986191219
2839 2839 542.602335065
2840 2840 17.8894290255
2841 2841 0.0031048694443
2842 2842 502.950356068
2843 2843 233.01982032
2844 2844 531.383970965
2845 2845 276.719755068
2846 2846 126.693749698
2847 2847 37.5340181618
2848 2848 239.227543457
2849 2849 596.706308844
2850 2850 543.168646791
2851 2851 127.951002535
2852 2852 192.501899769
2853 2853 348.538843927
2854 2854 452.691887339
2855 2855 466.607154876
2856 2856 373.780002682
2857 2857 0.00529613337901
2858 2858 240.670013746
2859 2859 287.889404313
2860 2860 0.00107777646639
2861 2861 0.00972840230506
2862 2862 0.00739714962603
2863 2863 412.524077276
2864 2864 426.982813182
2865 2865 120.145355399
2866 2866 529.561067243
2867 2867 81.6641862899
2868 2868 523.128939571
2869 2869 73.4533926273
2870 2870 623.796010601
2871 2871 0.0042362759673
2872 2872 138.980551843
2873 2873 176.432644578
2874 2874 42.7987159846
2875 2875 45.1428724758
2876 2876 464.962997041
2877 2877 586.088245027
2878 2878 231.339110549
2879 2879 232.349914459
2880 2880 412.942689709
2881 2881 500.878863254
2882 2882 0.00371409109643
2883 2883 234.728519516
2884 2884 0.00620303086164
2885 2885 33.80944216
2886 2886 215.586115623
2887 2887 266.414549448
2888 2888 452.130232396
2889 2889 24.4335427221
2890 2890 166.214410202
2891 2891 433.218540693
2892 2892 311.707975486
2893 2893 34.5195918674
2894 2894 491.85741623
2895 2895 0.00729918451355
2896 2896 494.333623078
2897 2897 272.155518496
2898 2898 97.5911450433
2899 2899 483.517950153
2900 2900 549.50197547
2901 2901 0.006408824464
2902 2902 158.591508729
2903 2903 0.00776317291963
2904 2904 378.87835075
2905 2905 169.668195096
2906 2906 223.8842389
2907 2907 282.018313196
2908 2908 523.733435702
2909 2909 88.1639772436
2910 2910 260.855640073
2911 2911 0.00649291150972
2912 2912 297.502548175
2913 2913 0.00659125753059
2914 2914 0.00304161921816
2915 2915 215.605389662
2916 2916 0.00251906629098
2917 2917 0.00710106891181
2918 2918 429.646537217
2919 2919 256.421560474
2920 2920 542.833774482
2921 2921 81.7790453939
2922 2922 235.958844623
2923 2923 451.165118203
2924 2924 248.89763335
2925 2925 541.7956478
2926 2926 0.00293653918548
2927 2927 0.000913923453408
2928 2928 568.540754378
2929 2929 331.800878978
2930 2930 279.227840436
2931 2931 0.00278777994531
2932 2932 369.91076831
2933 2933 21.5399469452
2934 2934 445.408995097
2935 2935 0.00968699235495
2936 2936 172.33425342
2937 2937 203.448777505
2938 2938 146.865563518
2939 2939 36.8266944891
2940 2940 491.974110972
2941 2941 346.469328395
2942 2942 218.660667598
2943 2943 318.032986175
2944 2944 304.127322629
2945 2945 212.260233969
2946 2946 329.463519291
2947 2947 312.830888066
2948 2948 0.00797729033209
2949 2949 85.0731992195
2950 2950 484.232612711
2951 2951 0.00973288720863
2952 2952 592.832473122
2953 2953 436.376896346
2954 2954 0.00683761900711
2955 2955 309.825230572
2956 2956 0.00318189547763
2957 2957 345.509878487
2958 2958 0.00798487860078
2959 2959 373.897977213
2960 2960 565.19857056
2961 2961 568.822036554
2962 2962 0.00566838470504
2963 2963 182.23148122
2964 2964 125.823509829
2965 2965 93.6151325248
2966 2966 183.684701505
2967 2967 494.20544906
2968 2968 51.8294090732
2969 2969 17.2739328269
2970 2970 0.00727666540463
2971 2971 0.00242601775823
2972 2972 593.782952166
2973 2973 0.00696120977955
2974 2974 503.268486842
2975 2975 0.00149369002704
2976 2976 403.162935814
2977 2977 23.5319030819
2978 2978 252.152533808
2979 2979 0.00874956176649
2980 2980 63.5758398946
2981 2981 362.691774326
2982 2982 453.949116963
2983 2983 399.080797733
2984 2984 126.773907321
2985 2985 457.843861456
2986 2986 388.450218807
2987 2987 0.00803596600719
2988 2988 79.3366279065
2989 2989 98.84704514
2990 2990 469.521098761
2991 2991 197.067691025
2992 2992 591.114316058
2993 2993 0.0092473693276
2994 2994 340.848601704
2995 2995 324.682695373
2996 2996 389.883200479
2997 2997 335.306467525
2998 2998 593.566980935
2999 2999 152.240032422
3000 3000 94.2095375362
