1 1 5348.44727128
2 2 5.25396867526e-05
3 3 8.62502435187e-05
4 4 5.20240438224e-05
5 5 1.88264903109e-05
6 6 3147.38996167
7 7 1.78512004088e-05
8 8 8.56343229721e-05
9 9 3.91713006888e-06
10 10 9.4222068094e-05
11 11 3593.1654888
12 12 5.47642401147e-05
13 13 6.70724011466e-05
14 14 2.88671464893e-05
15 15 1.94915506809e-05
16 16 1145.28256568
17 17 9.07583288652e-05
18 18 3.59593407069e-05
19 19 9.83332661814e-05
20 20 3537.17628258
21 21 1.3054401424e-05
22 22 2920.51518956
23 23 2656.59939198
24 24 240.041934464
25 25 1.25323582018e-05
26 26 4.84399110586e-05
27 27 4.87324536952e-05
28 28 2.13467688958e-05
29 29 5.84982808036e-05
30 30 5207.32637819
31 31 5.43113845121e-06
32 32 5.5036393851e-05
33 33 3810.74464346
34 34 5.55697038357e-05
35 35 1.33333065222e-05
36 36 5.63350585002e-05
37 37 576.20459132
38 38 2.53088005582e-05
39 39 2.97878080146e-05
40 40 469.025070077
41 41 4095.92620425
42 42 4.62997297678e-05
43 43 4.28498285692e-05
44 44 1.60306016691e-05
45 45 8.97951166286e-05
46 46 4.83233451343e-05
47 47 5.86445396034e-05
48 48 9.86705071963e-05
49 49 2.29910050409e-06
50 50 7.85002470727e-05
51 51 810.024480869
52 52 442.684660294
53 53 2505.02229488
54 54 7.27614833897e-05
55 55 9.15815819347e-05
56 56 8.5285516429e-06
57 57 4321.91345493
58 58 5.51093522687e-05
59 59 6.02081662661e-05
60 60 1.93202925825e-06
61 61 3.86929135766e-05
62 62 6.4591230741e-05
63 63 5.65043557038e-05
64 64 3.9955053912e-05
65 65 9.49620170115e-06
66 66 5331.32014247
67 67 9.78358263971e-05
68 68 5330.49921016
69 69 2.71540982776e-06
70 70 9.39529636893e-05
71 71 3.20814559489e-05
72 72 3.25676633039e-05
73 73 2417.12058393
74 74 322.195096748
75 75 598.031221426
76 76 9.84996471284e-06
77 77 6.69645108046e-05
78 78 4.97865951496e-05
79 79 9.93105844922e-05
80 80 7.68650705373e-05
81 81 2.34249888356e-05
82 82 4.40918043808e-05
83 83 2480.43149864
84 84 3.55510523241e-05
85 85 3.92019681083e-05
86 86 4.86160086122e-05
87 87 8.17043060422e-05
88 88 2268.13772176
89 89 1.61481990259e-05
90 90 3875.73827336
91 91 2.96234681857e-06
92 92 7.62302763444e-05
93 93 5.21015340494e-05
94 94 3.78966011473e-05
95 95 7.43421550611e-06
96 96 3038.85201352
97 97 2593.53676514
98 98 5069.26262946
99 99 738.515307534
100 100 6.77146228403e-05
101 101 4.63772994162e-05
102 102 4510.48154565
103 103 1547.01903159
104 104 6.76344941385e-05
105 105 1.31946699011e-05
106 106 2.3480438726e-05
107 107 8.40248609334e-05
108 108 4.84361167838e-05
109 109 7.31653292382e-05
110 110 4400.32873891
111 111 3.59619774672e-05
112 112 1.58568060725e-05
113 113 3.97787193347e-05
114 114 4.21383161747e-05
115 115 3054.2482305
116 116 6.20103008955e-05
117 117 9.32579813733e-05
118 118 1010.45008331
119 119 4.77069880827e-05
120 120 3.73276552098e-05
121 121 3889.23051374
122 122 5.27593500858e-06
123 123 8.9572030396e-05
124 124 8.23746123191e-05
125 125 8.04700475784e-05
126 126 1.56107739387e-06
127 127 7.57414083957e-05
128 128 2.67003121388e-05
129 129 6.84713150045e-05
130 130 9.82395910016e-05
131 131 3.06814076234e-05
132 132 3.27924533238e-05
133 133 2.45381652496e-05
134 134 1.88338820767e-05
135 135 1698.008001
136 136 9.85484732636e-05
137 137 3.72253860265e-05
138 138 2.7109199248e-05
139 139 2183.69785694
140 140 7.99017324496e-07
141 141 3.20361803737e-05
142 142 1482.62072673
143 143 3752.54757175
144 144 1.33617358926e-05
145 145 7.5608413045e-05
146 146 2.05398915185e-05
147 147 3.4861563893e-05
148 148 8.7530781457e-05
149 149 6.69844636359e-05
150 150 1801.61151596
151 151 3.09230245224e-05
152 152 6.62582907405e-05
153 153 9.78686804566e-05
154 154 3.53020547156e-05
155 155 5395.91236044
156 156 5.50890347568e-05
157 157 8.50275523539e-05
158 158 5.63899864132e-05
159 159 8.35144180509e-05
160 160 2.30567003543e-05
161 161 2.46477191763e-05
162 162 751.063931572
163 163 5.61754988345e-05
164 164 3.09669827522e-05
165 165 2336.004446
166 166 1.70702249253e-06
167 167 7.02202394064e-05
168 168 4.96808477599e-06
169 169 5.47667593166e-05
170 170 3.54254921245e-05
171 171 5.96765068489e-05
172 172 2263.19978639
173 173 225.512826337
174 174 9.56915267875e-05
175 175 3.33187851997e-05
176 176 1.82156493363e-05
177 177 2895.16175568
178 178 5.00338794844e-05
179 179 9.89188976182e-05
180 180 2130.76635788
181 181 3565.80335653
182 182 2.78541570898e-05
183 183 8.03879961057e-05
184 184 7.03341818732e-05
185 185 9.43921248574e-05
186 186 2.53555815497e-07
187 187 9.39974625507e-08
188 188 628.949332267
189 189 7.53979534708e-05
190 190 8.26051544222e-05
191 191 7.87400975425e-05
192 192 1.78891569664e-05
193 193 6.23634507739e-05
194 194 1.69975596163e-05
195 195 3.25585221432e-06
196 196 3.70994749403e-05
197 197 3428.62112106
198 198 8.20364637594e-05
199 199 3.74836283272e-05
200 200 2545.04446393
201 201 3487.50487183
202 202 2.9439469689e-05
203 203 9.12706873736e-05
204 204 6.57466432792e-06
205 205 3.56214431264e-05
206 206 6.41080235491e-05
207 207 5400.0332424
208 208 1.03557158029e-05
209 209 6.25863551945e-05
210 210 1300.6526855
211 211 2633.59244979
212 212 3368.39015476
213 213 4544.58248823
214 214 9.5909927087e-05
215 215 2.63908010112e-05
216 216 2492.36673686
217 217 1047.10599588
218 218 1.52387304797e-05
219 219 5.50703948305e-05
220 220 5.45641954554e-05
221 221 1.45660747015e-05
222 222 7.84694973415e-05
223 223 4860.23228327
224 224 3.45088877665e-05
225 225 3.6351902768e-06
226 226 9.62004169913e-05
227 227 4.92897812005e-05
228 228 6.68557650688e-05
229 229 3.63505221838e-05
230 230 3224.61179145
231 231 6.83240951466e-05
232 232 7.53367084857e-05
233 233 1.94414189312e-05
234 234 5.5855997197e-05
235 235 8.84643908754e-05
236 236 3949.74733866
237 237 8.85042589128e-05
238 238 6.7143308788e-05
239 239 3.15242546836e-05
240 240 2.4709015139e-05
241 241 1053.02654349
242 242 5.05724978011e-05
243 243 1.55864972848e-05
244 244 5.17020529811e-05
245 245 3685.880317
246 246 809.340088033
247 247 4.27419975835e-05
248 248 5465.15329719
249 249 9.65389580142e-06
250 250 9.98686189964e-05
251 251 9.70099529764e-05
252 252 2.08142003869e-05
253 253 2.33936620498e-06
254 254 2.41113137092e-05
255 255 4.93529039082e-05
256 256 9.20280065593e-05
257 257 9.11005794149e-05
258 258 8.5054567406e-05
259 259 9.22118970946e-07
260 260 2.22646886607e-05
261 261 8.77208327766e-05
262 262 3280.98445836
263 263 3.54692918799e-05
264 264 1.6096524825e-05
265 265 3.60343437446e-05
266 266 1.45642534567e-05
267 267 8.13302354927e-05
268 268 6.68547700202e-05
269 269 5.56711912465e-05
270 270 5112.85462189
271 271 7.39818209744e-05
272 272 5.73575361365
273 273 669.458152706
274 274 2.21769766797e-05
275 275 8.3920178228e-05
276 276 3756.5053565
277 277 9.89459747549e-06
278 278 5.62343480006e-05
279 279 5.88741487955e-05
280 280 9.66552607237e-05
281 281 4.94712180814e-06
282 282 3728.20202116
283 283 7.95447971203e-05
284 284 6.73668466037e-05
285 285 7.43548564922e-08
286 286 1.35513772658e-05
287 287 5.11139954524e-05
288 288 6.57893210673e-05
289 289 1018.25444627
290 290 1.49388531188e-05
291 291 7.70753660999e-05
292 292 4.58884288248e-05
293 293 5167.29857905
294 294 295.530896868
295 295 4.86818770344e-05
296 296 213.67819147
297 297 3136.55876718
298 298 9.77188184548e-06
299 299 8.68406135725e-05
300 300 6.02353423692e-05
301 301 4597.96502867
302 302 3.65296113097e-05
303 303 7.38129387847e-05
304 304 3011.40313329
305 305 5.90974829376e-05
306 306 8.41882616607e-05
307 307 5.76587593946e-05
308 308 3908.79210529
309 309 4.98177393664e-05
310 310 5.29648938395e-05
311 311 8.86334907824e-05
312 312 5077.75816711
313 313 7.42684101369e-05
314 314 4.97873887817e-05
315 315 3118.40510487
316 316 1.38884784184e-05
317 317 1.56105515659e-05
318 318 7.70053487276e-05
319 319 5.6294352889e-05
320 320 2.06730084245e-07
321 321 8.42175147212e-05
322 322 4.99863644567e-05
323 323 6.9419945603e-05
324 324 3.39819842914e-06
325 325 7.5515432807e-05
326 326 3463.61303825
327 327 4.67826611563e-05
328 328 3.05405400759e-05
329 329 2.5872665662e-05
330 330 5.77026907568e-05
331 331 5.22638499907e-05
332 332 5367.54224309
333 333 8.34470534374e-05
334 334 3.79410658902e-05
335 335 5.61669398529e-05
336 336 6.88855698946e-05
337 337 5.11459195332e-05
338 338 9.23884385948e-05
339 339 2.19857383369e-06
340 340 2.42186484766e-05
341 341 7.32305854392e-05
342 342 1.04334693189e-05
343 343 3.39325862492e-05
344 344 1.98116217093e-05
345 345 1147.89064373
346 346 7.05687417816e-05
347 347 9.34113538393e-05
348 348 5.96753576982e-05
349 349 5.28812656644e-05
350 350 2.74074783137e-05
351 351 3958.45339627
352 352 7.70365823069e-05
353 353 6.65659371519e-05
354 354 4068.76201948
355 355 2.70300288984e-05
356 356 7.46850482029e-05
357 357 9.80353349952e-05
358 358 4750.53524209
359 359 5.21463158828e-05
360 360 1.94953214771e-05
361 361 6.22492625998e-05
362 362 3.97071447486e-05
363 363 9.29220035741e-05
364 364 1457.09541825
365 365 106.448035955
366 366 9.61573458213e-05
367 367 4.77942600434e-05
368 368 4.1940738818e-05
369 369 2.45582898748e-05
370 370 9.67565238468e-05
371 371 1.63725643124e-05
372 372 5135.71607073
373 373 2627.51759395
374 374 4098.54652905
375 375 3730.14839552
376 376 4.88489264395e-06
377 377 8.1261460297e-05
378 378 9.4660706754e-05
379 379 9.21028401768e-05
380 380 9.72853108506e-05
381 381 9.78893640796e-06
382 382 7.3527412538e-05
383 383 2.93277040523e-05
384 384 2.56273908637e-05
385 385 5.60179209427e-05
386 386 4.87974627644e-05
387 387 3.50473484363e-05
388 388 4507.50498412
389 389 6.69714446134e-05
390 390 7.57710522529e-06
391 391 2.23056338307e-06
392 392 3.87411442617e-05
393 393 4901.77481207
394 394 3.76618482878e-05
395 395 3.01781331072e-05
396 396 1.76965334741e-05
397 397 2.64131048937e-05
398 398 5.95583344989e-05
399 399 7.55471010167e-06
400 400 1.57896204182e-05
401 401 8.3656363297e-06
402 402 4.72608169541e-05
403 403 7.88417769985e-05
404 404 4.56314688651e-05
405 405 1.51387635254e-05
406 406 5.65214980136e-05
407 407 9.37766279567e-05
408 408 8.82065132469e-05
409 409 5.24351843494e-05
410 410 5.27522985191e-05
411 411 4.50643547466e-05
412 412 4.1261845832e-07
413 413 4.01662829859e-06
414 414 623.503344426
415 415 9.54669970799e-06
416 416 3.57293925606e-05
417 417 7.27968956854e-05
418 418 3902.52888086
419 419 3035.5327973
420 420 2.19898050155e-05
421 421 5.02223262473e-05
422 422 7.74818614362e-05
423 423 6.54895511331e-05
424 424 5056.26468892
425 425 5.16350773285e-06
426 426 8.1303386655e-05
427 427 4.33544216111e-05
428 428 5.6990857819e-05
429 429 2862.34507723
430 430 3.90407378456e-05
431 431 1.83997064265e-06
432 432 6.18870053442e-05
433 433 3051.17015698
434 434 8.20056496315e-05
435 435 3.74337935498e-05
436 436 2.6099713601e-05
437 437 6.25046179703e-05
438 438 4.57204818031e-05
439 439 1.99000299358e-05
440 440 6.78396191254e-05
441 441 6.34854173341e-05
442 442 7.92456965626e-05
443 443 9.84705282254e-05
444 444 8.47040394714e-05
445 445 5160.83450444
446 446 6.70105749266e-06
447 447 6.77711371155e-06
448 448 6.75406479881e-08
449 449 5596.78193261
450 450 3.30636737232e-05
451 451 2.40552946695e-05
452 452 2.67605485176e-05
453 453 5490.95874017
454 454 9.66985212806e-05
455 455 3.25018245321e-05
456 456 2448.87691013
457 457 4.50151826859e-05
458 458 7.56045663096e-06
459 459 3.28998974446e-05
460 460 7.41798740797e-05
461 461 4565.44353615
462 462 8.51021504691e-05
463 463 9.4849230496e-05
464 464 9.83139974197e-05
465 465 6.97710189761e-05
466 466 8.90665370302e-05
467 467 8.63970214644e-05
468 468 9.36721832704e-05
469 469 5165.02050781
470 470 40.1429923677
471 471 2.57399440987e-05
472 472 3501.61508816
473 473 3640.00043382
474 474 7.37369567923e-05
475 475 4836.30671361
476 476 8.112399474e-05
477 477 3.87045414713e-07
478 478 9.10132083732e-05
479 479 5.6962643032e-05
480 480 1051.5933341
481 481 9.47045646587e-05
482 482 2249.67700588
483 483 3.95869303043e-05
484 484 8.24067469204e-05
485 485 5.45924409076e-05
486 486 8.75973607256e-05
487 487 6.9031544716e-05
488 488 1.48251087226e-05
489 489 2.82391174011e-05
490 490 5170.81275191
491 491 3.06870469939e-05
492 492 7.19788919869e-05
493 493 7.81978370716e-05
494 494 8.63188464398e-06
495 495 6.51858679443e-05
496 496 3342.01518767
497 497 1110.95328812
498 498 3496.23190521
499 499 5.45701498967e-05
500 500 5155.89076172
501 501 4506.98393007
502 502 8.49358977611e-05
503 503 5.99509907373e-06
504 504 1451.38561988
505 505 1105.62847278
506 506 9.70264017265e-05
507 507 2.26973923441e-05
508 508 7.6942929477e-05
509 509 8.01420071207e-05
510 510 8.43131908342e-05
511 511 6.38136740185e-05
512 512 8.16636604905e-05
513 513 4899.5939256
514 514 5.01908533295e-05
515 515 5.57211286724e-05
516 516 9.91516948922e-06
517 517 5.23508556662e-05
518 518 5.27058879619e-05
519 519 6.98490697385e-05
520 520 1214.04395385
521 521 850.244499533
522 522 7.89612604045e-05
523 523 4.19934268003e-06
524 524 5.12249373899e-05
525 525 3677.80569572
526 526 9.83199455055e-05
527 527 3874.49725585
528 528 2293.91595506
529 529 4.31556658396e-05
530 530 4303.65869894
531 531 5.05560539726e-05
532 532 3.92897067218e-05
533 533 9.87717973792e-05
534 534 8.58184896221e-05
535 535 1.42402080278e-05
536 536 8.4352777824e-05
537 537 2086.31424537
538 538 2470.8927108
539 539 4.53853328602e-05
540 540 3549.20577231
541 541 8.55129881502e-05
542 542 4.40774041506e-05
543 543 2122.15643947
544 544 21.845980316
545 545 5.38492041009e-05
546 546 4.34266793245e-05
547 547 5.02902143353e-05
548 548 4537.00612333
549 549 7.97749890556e-05
550 550 1398.17944524
551 551 8.84652048657e-05
552 552 2.18775731244e-05
553 553 7.78499013938e-05
554 554 3.48435028416e-05
555 555 4.22643920072e-05
556 556 1.87438303596e-05
557 557 4.75074997691e-05
558 558 7.20347671836e-05
559 559 8.50022930433e-05
560 560 8.35966855751e-05
561 561 7.68850127694e-05
562 562 1886.10733645
563 563 9.81225305756e-05
564 564 1.98134374778e-05
565 565 3.95192086676e-05
566 566 1.5231836426e-06
567 567 5.98040066994e-05
568 568 7.57574587771e-05
569 569 3.19578881229e-05
570 570 5368.55306319
571 571 3255.63879656
572 572 6.94960030178e-05
573 573 4232.41981707
574 574 8.73963304626e-05
575 575 2.81046661224e-05
576 576 1856.03406265
577 577 3.91671415507e-05
578 578 1227.4928088
579 579 3713.8516288
580 580 5.48978531356e-05
581 581 1.64575221095e-05
582 582 2.99174263564e-05
583 583 5571.48935246
584 584 5.7315261164e-05
585 585 1.18951653408e-05
586 586 4.91181287156e-05
587 587 8.32804144105e-05
588 588 7.42321166732e-05
589 589 1259.95958511
590 590 9.36136445573e-05
591 591 9.81911160606e-05
592 592 2.66026651453e-05
593 593 4065.46844017
594 594 8.37709622399e-05
595 595 3480.28781598
596 596 1098.96459353
597 597 3830.22496213
598 598 1659.5547403
599 599 6.37139118989e-05
600 600 8.30176001402e-05
601 601 1716.46324009
602 602 6.48021049064e-05
603 603 5473.39533103
604 604 8.31203484626e-05
605 605 7.29388749297e-06
606 606 5.21698841105e-05
607 607 1.70035076618e-05
608 608 4.14386797482e-05
609 609 30.4208825857
610 610 2.26148779698e-06
611 611 4993.47106497
612 612 947.673816177
613 613 6.37758324509e-05
614 614 9.15601585496e-05
615 615 9.84199427895e-05
616 616 9.71679687607e-05
617 617 7.178179324e-05
618 618 5517.34720148
619 619 9.70632128388e-05
620 620 1710.20186688
621 621 2449.10588777
622 622 5.13020798858e-05
623 623 6.12424810665e-05
624 624 6.52775781329e-05
625 625 5420.90735099
626 626 3809.24711763
627 627 1966.55928027
628 628 2.22100255023e-05
629 629 4.6903189549e-05
630 630 7.69662871558e-05
631 631 4223.70521744
632 632 1.8355261971e-05
633 633 3808.49256832
634 634 1.37569724765e-05
635 635 693.792835912
636 636 3088.15324184
637 637 1.27832502431e-08
638 638 4586.06838942
639 639 4.70064966139e-05
640 640 4964.01154265
641 641 5.34607724421e-05
642 642 3.7011083951e-05
643 643 2.89212514278e-05
644 644 1.32225113661e-05
645 645 7.70380053505e-05
646 646 1394.34407523
647 647 8.04023852152e-05
648 648 9.67288981982e-05
649 649 9.73879750746e-05
650 650 6.48108111736e-05
651 651 2549.68789953
652 652 6.01299982045e-05
653 653 4899.47334255
654 654 1268.18036257
655 655 4023.00300933
656 656 8.42860798545e-05
657 657 3419.29808805
658 658 2.39445982612e-05
659 659 9.1814348965e-05
660 660 6.37953360457e-05
661 661 4.98211824219e-05
662 662 3.36653424023e-05
663 663 7.26739049463e-05
664 664 1140.23083465
665 665 1.58986195332e-05
666 666 1901.44629605
667 667 2.29521074407e-06
668 668 7.08505719646e-05
669 669 6.88999459806e-05
670 670 6.18274139965e-05
671 671 6.8654234505e-05
672 672 8.43881485076e-05
673 673 1.58407029591e-05
674 674 4.16033022349e-05
675 675 3.03740045223e-05
676 676 4.94058460695e-05
677 677 4.03691721257e-05
678 678 4.7131931199e-05
679 679 9.82899476504e-05
680 680 7.43797409944e-06
681 681 9.02821458693e-05
682 682 71.1338150666
683 683 7.53418530738e-05
684 684 1.82839397473e-05
685 685 2.92366351776e-05
686 686 152.968534027
687 687 2.39331577927e-05
688 688 3.42910748725e-05
689 689 1510.58494103
690 690 5.89711245015e-05
691 691 4725.7008324
692 692 1.12318468489e-05
693 693 8.10128143612e-05
694 694 7.00932766868e-05
695 695 4854.30161705
696 696 5.95366754832e-05
697 697 1770.75210817
698 698 5359.07030297
699 699 1.63685777721e-05
700 700 3.81468269981e-05
701 701 3.95159038869e-05
702 702 2.56969190797e-05
703 703 2.56709249643e-05
704 704 9.92559328387e-05
705 705 8.65824745092e-05
706 706 7.29444997383e-05
707 707 1403.19200551
708 708 8.06254800944e-06
709 709 4363.63329582
710 710 617.643290829
711 711 8.68746451973e-05
712 712 7.13361865707e-05
713 713 9.87851395747e-05
714 714 8.06137727252e-05
715 715 7.37923259822e-05
716 716 6.75093842347e-05
717 717 6.0547775205e-05
718 718 6.79253533276e-05
719 719 3.5381807842e-05
720 720 4.50782767087e-05
721 721 7.93849951484e-05
722 722 3.10371905381e-05
723 723 5.5888953713e-05
724 724 7.35047671983e-05
725 725 9.70000072163e-05
726 726 9.91142867054e-05
727 727 4.85745925861e-05
728 728 6.61155267369e-05
729 729 7.83171872555e-05
730 730 4.69581271268e-05
731 731 4378.11862138
732 732 3.35370454517e-05
733 733 7.43866071614e-05
734 734 9.94584411191e-05
735 735 1.55233076728e-05
736 736 7.63773526726e-05
737 737 2.54816585489e-06
738 738 7.0927764252e-05
739 739 4.34578088695e-05
740 740 3.94657820853e-05
741 741 2.01078664502e-06
742 742 7.04152485009e-05
743 743 1030.84855137
744 744 5.82421096705e-05
745 745 1.62243836391e-05
746 746 4.75235144458e-05
747 747 2.40194660788e-05
748 748 149.251680143
749 749 4.90655414016e-05
750 750 2670.41408216
751 751 2648.78328798
752 752 2.59764084102e-06
753 753 8.99242379719e-05
754 754 3.75802120296e-05
755 755 8.82465500544e-05
756 756 3.35512891082e-05
757 757 4.94120704916e-05
758 758 2.16177720418e-06
759 759 5.91635660638e-05
760 760 8.16647918165e-05
761 761 7.15833431922e-05
762 762 1726.35644492
763 763 5.07159793628e-05
764 764 9.54445257194e-05
765 765 1244.94549957
766 766 4850.01957335
767 767 4417.19146966
768 768 2.33476699256e-05
769 769 2.38379204084e-05
770 770 7.35381072573e-05
771 771 5529.65193466
772 772 131.168335654
773 773 4.55768692723e-05
774 774 5.33809974071e-05
775 775 2578.4366102
776 776 5.35428333252e-05
777 777 3911.95448104
778 778 4.69495301223e-05
779 779 5.49388055384e-05
780 780 6.70912578808e-05
781 781 6.34722578921e-05
782 782 1.95350653211e-05
783 783 5.95628968216e-05
784 784 4.98058702619e-05
785 785 4.89644383901e-05
786 786 318.525998348
787 787 9.22553572676e-05
788 788 3058.81944438
789 789 871.299490407
790 790 1816.51823243
791 791 7.23654339542e-05
792 792 4419.58300326
793 793 269.186772057
794 794 1568.7431023
795 795 3.97442431801e-05
796 796 2.98032546967e-05
797 797 5176.93238147
798 798 6.31441971977e-05
799 799 6.17029965923e-06
800 800 4756.5381373
801 801 31.0078468713
802 802 2372.59834338
803 803 3304.14374488
804 804 3.32479815389e-05
805 805 6.51710924623e-05
806 806 3.05348828985e-05
807 807 4.87651449397e-05
808 808 3.16063893843e-05
809 809 4880.99315192
810 810 3051.47425672
811 811 1.07278069539e-05
812 812 1.45007601574e-05
813 813 7.79235148204e-05
814 814 6.21175698073e-05
815 815 4.81425674585e-05
816 816 4357.34271172
817 817 1.97693001703e-05
818 818 9.68974521329e-05
819 819 4028.8151816
820 820 3587.95722236
821 821 8.03301381214e-05
822 822 4.48061638232e-05
823 823 3.23095902747e-05
824 824 5.66126561365e-05
825 825 2127.37491854
826 826 4.54086793095e-06
827 827 5.14978781942e-05
828 828 9.36490098066e-05
829 829 766.734245998
830 830 3113.88937649
831 831 2.3429561718e-05
832 832 4.03761712579e-05
833 833 3787.81855556
834 834 6.17776326654e-05
835 835 5.08140970283e-05
836 836 5223.72958376
837 837 4.81112261411e-05
838 838 3.70767710209e-05
839 839 3.36418103527e-05
840 840 2037.44315773
841 841 7.85171592101e-05
842 842 8.12867547686e-05
843 843 2.05812112265e-05
844 844 4456.78235263
845 845 5.26790250426e-05
846 846 3521.75760446
847 847 3.14794745169e-05
848 848 1.64193380968e-05
849 849 4.40989446322e-05
850 850 3282.21710871
851 851 4.42113888905e-05
852 852 3.01633991979e-05
853 853 4948.17652566
854 854 322.796909791
855 855 5.90706676687e-05
856 856 2.60984680422e-05
857 857 1.18555839942e-05
858 858 3688.06457541
859 859 7.36695183134e-06
860 860 7.93087175914e-05
861 861 9.68817475543e-05
862 862 1085.65167137
863 863 3.4532706703e-05
864 864 1.21602698614e-06
865 865 4.48350014264e-05
866 866 6.5409917687e-05
867 867 5.57651046517e-05
868 868 9.23497252185e-05
869 869 1.48105727155e-05
870 870 6.72342576704e-05
871 871 1.13998912538e-05
872 872 4809.98951399
873 873 4894.2370117
874 874 2.44407533381e-05
875 875 2.66574668073e-05
876 876 2.51360019677e-05
877 877 3.28188883144e-05
878 878 3746.35700355
879 879 1318.9934139
880 880 1.65840219967e-05
881 881 2.75666718173e-05
882 882 7.02084801938e-05
883 883 2.14285646414e-05
884 884 1899.21763744
885 885 1.93841188018e-05
886 886 4.49321406956e-06
887 887 6.81038636877e-05
888 888 4198.80869111
889 889 6.65200640451e-05
890 890 6.53958641985e-05
891 891 3623.93346627
892 892 8.02151285387e-05
893 893 5448.32117781
894 894 6.58391623963e-05
895 895 6.49881704794e-05
896 896 3487.92075807
897 897 2.8860881135e-05
898 898 1279.17200163
899 899 4855.1601988
900 900 2.59446419701e-05
901 901 2328.00001869
902 902 3.10277358305e-05
903 903 1.09257642659e-05
904 904 3.39107569878e-05
905 905 8.47926697942e-05
906 906 3.77125338805e-05
907 907 9.63457611239e-05
908 908 5.96400185454e-05
909 909 3033.78095618
910 910 5162.55175893
911 911 8.1833973176e-05
912 912 895.050302122
913 913 4525.06925326
914 914 1626.27645219
915 915 6.33615448737e-05
916 916 1418.24179713
917 917 2720.49102379
918 918 9.48899309034e-06
919 919 2.81274384173e-05
920 920 5.29990085325e-05
921 921 3.32719242141e-05
922 922 1.05458591718e-05
923 923 1.15320162159e-05
924 924 1.93414348439e-05
925 925 8.93757953854e-06
926 926 5216.66481558
927 927 452.551629056
928 928 6.56556453422e-05
929 929 7.0229304727e-06
930 930 8.60874174979e-05
931 931 3.96790502266e-05
932 932 9.34233161436e-05
933 933 314.343048881
934 934 7.80633719199e-05
935 935 3.24622417956e-05
936 936 1.35330744951e-05
937 937 8.4656446471e-05
938 938 1.41887891744e-05
939 939 2.71874348261e-05
940 940 5.42888246764e-05
941 941 1.74379984474e-05
942 942 2876.81975043
943 943 3.09354000229e-05
944 944 3163.41453222
945 945 4.89258582747e-06
946 946 4782.90565763
947 947 1114.19195775
948 948 2.22886226167e-05
949 949 3.3452947825e-05
950 950 9.7890421006e-06
951 951 2.83415115709e-05
952 952 8.25320989761e-05
953 953 930.862487434
954 954 6.88133752787e-05
955 955 8.33497785284e-05
956 956 6.88125233634e-05
957 957 4562.89187626
958 958 8.74145642762e-05
959 959 4.43021631985e-05
960 960 3852.81931371
961 961 5.12380391777e-05
962 962 7.07162690259e-06
963 963 4.03372722377e-05
964 964 5.45738588405e-05
965 965 9.40251584355e-05
966 966 1.30722647379e-05
967 967 3.51017944904e-05
968 968 5.4368712326e-05
969 969 2001.53641335
970 970 9.16955664072e-07
971 971 1539.16095622
972 972 1.46725031841e-05
973 973 4.29129519019e-05
974 974 5.43192913858e-05
975 975 1305.8881262
976 976 6.52149634945e-05
977 977 3.13791039878e-05
978 978 1.79642500963e-05
979 979 6.99349560598e-05
980 980 6.32885037436e-05
981 981 4.47977382392e-05
982 982 4.12804834896e-05
983 983 1886.51912307
984 984 4612.37878962
985 985 2445.0940717
986 986 5367.16039488
987 987 5.49719986161e-05
988 988 6.14579678323e-07
989 989 1.40495564025e-05
990 990 3221.2694493
991 991 5.18688134979e-05
992 992 3.25712508045e-05
993 993 2.42651653805e-05
994 994 162.288988556
995 995 7.69299691437e-05
996 996 8.76638099485e-05
997 997 6.34099489508e-05
998 998 5.20588877885e-05
999 999 2.65648884032e-05
1000 1000 6.51086595725e-05
1001 1001 7.266430917e-05
1002 1002 4582.87614515
1003 1003 8.57893257684e-05
1004 1004 2.43321509668e-05
1005 1005 786.471838205
1006 1006 7.51009580974e-05
1007 1007 401.437257444
1008 1008 1.85453364543e-06
1009 1009 5.92422435415e-05
1010 1010 7.35002217732e-05
1011 1011 4.10181413574e-05
1012 1012 611.522147777
1013 1013 2.66094777841e-05
1014 1014 1752.95437072
1015 1015 3.77649436899e-05
1016 1016 4570.32577224
1017 1017 6.93371232231e-05
1018 1018 5.45369331415e-05
1019 1019 7.00273333438e-05
1020 1020 3.27098024178e-06
1021 1021 665.549355502
1022 1022 2.01615203561e-05
1023 1023 1.54498456176e-05
1024 1024 6.73306002757e-05
1025 1025 7.42650071225e-05
1026 1026 6.882763437e-05
1027 1027 930.086220885
1028 1028 3.40520719683e-05
1029 1029 1.56785291117e-05
1030 1030 1525.28303549
1031 1031 2.98824364045e-05
1032 1032 6.04429377675e-05
1033 1033 1703.53676718
1034 1034 7.1578335206e-05
1035 1035 2.47519607916e-05
1036 1036 1.89007949869e-05
1037 1037 2974.27820057
1038 1038 326.847005845
1039 1039 1.72965751366e-05
1040 1040 9.28687407985e-06
1041 1041 2.92896728132e-05
1042 1042 7.73978826896e-05
1043 1043 5466.61428849
1044 1044 8.79699136373e-05
1045 1045 5.52695789453e-05
1046 1046 2.08772098286e-05
1047 1047 3.3806219233e-05
1048 1048 1.50525356374e-05
1049 1049 2.46340728489e-05
1050 1050 6.143849543e-06
1051 1051 4.92454942792e-05
1052 1052 7.47987378826e-06
1053 1053 9.76108383192e-05
1054 1054 5.08206414376e-05
1055 1055 4.34920476232e-05
1056 1056 5.99587195103e-06
1057 1057 9.21240850191e-06
1058 1058 6.99839135945e-05
1059 1059 3.72034002059e-05
1060 1060 1.22283483615e-05
1061 1061 1.07357228452e-05
1062 1062 2.48253297881e-05
1063 1063 5.76183876851e-05
1064 1064 6.06538878861e-06
1065 1065 4.36870335022e-05
1066 1066 7.57816544423e-05
1067 1067 6.54462591021e-05
1068 1068 8.95592662845e-06
1069 1069 3.52604694581e-05
1070 1070 2.0992037865e-05
1071 1071 6.58955727068e-07
1072 1072 9.9384544989e-05
1073 1073 9.4567560324e-05
1074 1074 3.05901674068e-05
1075 1075 960.287234161
1076 1076 7.18966021909e-05
1077 1077 9.72551676108e-06
1078 1078 2.4846918213e-05
1079 1079 3.04611139153e-05
1080 1080 1.84760426012e-05
1081 1081 4997.64489469
1082 1082 5.44298646441e-05
1083 1083 297.800599827
1084 1084 2.73367263514e-05
1085 1085 5488.16623535
1086 1086 8.49083489084e-05
1087 1087 2.45214697486e-05
1088 1088 2.99122871028e-05
1089 1089 793.517423691
1090 1090 8.56427527067e-05
1091 1091 9.00965085145e-05
1092 1092 2.8897186412e-05
1093 1093 8.60101131992e-05
1094 1094 3.28396764166e-05
1095 1095 8.33839391596e-05
1096 1096 2.64219688571e-05
1097 1097 168.077556595
1098 1098 4.45634860371e-05
1099 1099 7.62846028943e-05
1100 1100 6.50348527242e-05
1101 1101 1.98278067706e-05
1102 1102 9.11510330144e-05
1103 1103 2025.12079985
1104 1104 2325.58541405
1105 1105 4.50951295782e-05
1106 1106 2978.62081525
1107 1107 9.17615003262e-05
1108 1108 9.18856406273e-05
1109 1109 9.06876967981e-05
1110 1110 8.94853572806e-05
1111 1111 1.15021916311e-05
1112 1112 1.35612204591e-07
1113 1113 5001.69803282
1114 1114 1.20986941355e-05
1115 1115 4729.70310147
1116 1116 7.43847353836e-05
1117 1117 2410.3746631
1118 1118 6.07018354803e-06
1119 1119 8.50333603502e-05
1120 1120 4466.137606
1121 1121 1745.70188511
1122 1122 3.62836599275e-05
1123 1123 3205.49591124
1124 1124 6.28760748587e-05
1125 1125 3.36763574437e-06
1126 1126 9.89873732876e-05
1127 1127 7.76828872366e-05
1128 1128 2.43953333317e-05
1129 1129 1656.9922706
1130 1130 3.06632171549e-05
1131 1131 4974.70284083
1132 1132 6.93060541607e-05
1133 1133 6.57084106686e-05
1134 1134 9.947811731e-05
1135 1135 1.93588108602e-05
1136 1136 7.17037813286e-05
1137 1137 8.97610619697e-05
1138 1138 5.32087753917e-05
1139 1139 147.749878603
1140 1140 6.40138893959e-05
1141 1141 2004.08632774
1142 1142 5.29539148569e-05
1143 1143 5.2807215052e-06
1144 1144 4214.34548827
1145 1145 1.90761944675e-06
1146 1146 6.44192223792e-05
1147 1147 6.51720361995e-05
1148 1148 4107.80175983
1149 1149 2655.00298147
1150 1150 9.45246862198e-05
1151 1151 2697.86853326
1152 1152 4.273482034e-05
1153 1153 9.83625727628e-05
1154 1154 852.377511724
1155 1155 5197.01667662
1156 1156 1070.98867115
1157 1157 3872.91110956
1158 1158 5.52172106952e-05
1159 1159 5.39715135511e-05
1160 1160 2916.15499278
1161 1161 5259.01397346
1162 1162 9.55675106711e-05
1163 1163 1.63563165455e-05
1164 1164 972.330912112
1165 1165 1.47178271133e-05
1166 1166 4575.8486198
1167 1167 1.12025716136e-05
1168 1168 2.22873166519e-05
1169 1169 5.49804820036e-05
1170 1170 8.69625306046e-05
1171 1171 2.3824469816e-05
1172 1172 8.05161476103e-05
1173 1173 4.90134329038e-05
1174 1174 4.42787363822e-05
1175 1175 6.68365199684e-05
1176 1176 1988.21413888
1177 1177 2.3957311518e-05
1178 1178 3.08143021713e-05
1179 1179 2.34859137246e-05
1180 1180 4327.8844506
1181 1181 8.3006979476e-05
1182 1182 502.156867674
1183 1183 9.55251441487e-05
1184 1184 4.99626101919e-06
1185 1185 1235.51802108
1186 1186 1711.26073419
1187 1187 4.25367504335e-05
1188 1188 6.60386590586e-05
1189 1189 5.14076366238e-05
1190 1190 1.86537323275e-05
1191 1191 9.68312522705e-05
1192 1192 5.70991612322e-05
1193 1193 83.2007512514
1194 1194 9.95476230654e-05
1195 1195 6.12159637338e-05
1196 1196 5.01355534446e-05
1197 1197 3.85710280861e-05
1198 1198 8.69924581505e-05
1199 1199 3.54188510189e-05
1200 1200 67.9184495455
1201 1201 9.84331794964e-05
1202 1202 3.42522678572e-05
1203 1203 2.9520771812e-05
1204 1204 2.47454679073e-05
1205 1205 2637.21406727
1206 1206 8.88864007578e-05
1207 1207 523.417478351
1208 1208 5425.06584513
1209 1209 3471.51133218
1210 1210 1.07967936599e-05
1211 1211 412.079647013
1212 1212 4.04652436148e-05
1213 1213 295.619213296
1214 1214 4.35589119498e-06
1215 1215 8.85838444258e-05
1216 1216 589.450096247
1217 1217 2.86680117625e-05
1218 1218 6.29128904643e-05
1219 1219 1.92382758466e-05
1220 1220 2.8839807027e-05
1221 1221 2746.8564718
1222 1222 1.05037113176e-05
1223 1223 4.78630249614e-05
1224 1224 9.20355481442e-05
1225 1225 5.95408343898e-05
1226 1226 4.5666852733e-05
1227 1227 5.14561427597e-05
1228 1228 3.17683337042e-05
1229 1229 1.01227812802e-05
1230 1230 246.724545122
1231 1231 7.7910755023e-05
1232 1232 7.9315869819e-05
1233 1233 4732.14596492
1234 1234 4315.3581245
1235 1235 719.728040998
1236 1236 3630.66265978
1237 1237 2.92414375166e-05
1238 1238 5.53813600782e-05
1239 1239 3631.41569878
1240 1240 6.69010464265e-05
1241 1241 533.492184396
1242 1242 6.96232479728e-05
1243 1243 6.63088952722e-05
1244 1244 5.62520403319e-05
1245 1245 2.27691436563e-06
1246 1246 7.41359120931e-05
1247 1247 5534.88555155
1248 1248 4.64050231303e-05
1249 1249 3.57299816926e-05
1250 1250 481.793006324
1251 1251 7.39741029722e-05
1252 1252 9.07940438562e-05
1253 1253 3.29951846712e-05
1254 1254 4677.13660752
1255 1255 5.74102946073e-05
1256 1256 5.84924672717e-05
1257 1257 1480.69839337
1258 1258 6.66461436538e-06
1259 1259 1370.16842635
1260 1260 1008.65525771
1261 1261 5254.57255959
1262 1262 7.80151381573e-05
1263 1263 8.36399382443e-05
1264 1264 7.03839967733e-05
1265 1265 6.04006810612e-05
1266 1266 666.20579397
1267 1267 2404.95940019
1268 1268 5.43355868325e-05
1269 1269 3.95436919262e-05
1270 1270 2.18191277513e-05
1271 1271 4.33075809753e-05
1272 1272 9.63067185921e-05
1273 1273 5.10409256918e-05
1274 1274 4380.17631715
1275 1275 1817.79788329
1276 1276 5.727310035e-05
1277 1277 4.71990258291e-05
1278 1278 5.025312372e-05
1279 1279 1998.60180584
1280 1280 7.6989265248e-05
1281 1281 8.0677893777e-05
1282 1282 2.90475216291e-05
1283 1283 3.7899739227e-05
1284 1284 4.6075392772e-05
1285 1285 1797.5937212
1286 1286 1.60061361619e-05
1287 1287 3678.36994713
1288 1288 5.16776183651e-05
1289 1289 4.91364796206e-05
1290 1290 4887.06199786
1291 1291 2.62076632358e-05
1292 1292 2883.62004055
1293 1293 1250.35270551
1294 1294 469.99642077
1295 1295 4.16674460702e-05
1296 1296 5416.20890262
1297 1297 5.41837805489e-05
1298 1298 7.58293468474e-05
1299 1299 140.291321742
1300 1300 2.09469050333e-05
1301 1301 4.63838350745e-06
1302 1302 6.14977964023e-05
1303 1303 1.6466251717e-05
1304 1304 1278.81335395
1305 1305 4.2166042455e-05
1306 1306 3.66351002743e-05
1307 1307 5.5009292876
1308 1308 2.51902669496e-05
1309 1309 1144.96779945
1310 1310 6.88332888394e-06
1311 1311 4001.17933003
1312 1312 8.10006475287e-05
1313 1313 3.44647451097e-05
1314 1314 8.77553835696e-05
1315 1315 7.48804107971e-05
1316 1316 1.06936580677e-05
1317 1317 745.862152501
1318 1318 1632.49778487
1319 1319 8.14264127728e-05
1320 1320 9.46575600974e-05
1321 1321 5.88663336489e-05
1322 1322 2330.62457006
1323 1323 2.23188691365e-05
1324 1324 4239.84198789
1325 1325 6.36269198888e-05
1326 1326 4.41605339735e-05
1327 1327 1.38530523095e-07
1328 1328 5.54536142456e-06
1329 1329 7.06969907593e-05
1330 1330 5.22881819679e-05
1331 1331 9.6337279746e-05
1332 1332 1.0075656747e-05
1333 1333 9.0214039438e-05
1334 1334 1.58555227813e-05
1335 1335 8.28312982457e-06
1336 1336 9.94824036182e-05
1337 1337 1.40613552266e-07
1338 1338 3741.57706128
1339 1339 3483.63849446
1340 1340 2991.59707136
1341 1341 4.26194904747e-06
1342 1342 3201.84877714
1343 1343 9.21665281444e-05
1344 1344 1.08302534024e-05
1345 1345 758.822675673
1346 1346 3938.45200615
1347 1347 8.03691261847e-06
1348 1348 506.544965991
1349 1349 8.01749979714e-06
1350 1350 3330.77013701
1351 1351 3.77342935011e-05
1352 1352 6.84654975099e-05
1353 1353 5138.33265375
1354 1354 5.83027053663e-05
1355 1355 5.37222390844e-05
1356 1356 9.39240165869e-05
1357 1357 7.38503387657e-05
1358 1358 2.47786857355e-05
1359 1359 4.99862151714e-05
1360 1360 4.45557045322e-05
1361 1361 3.35966592664e-05
1362 1362 9.50035919918e-05
1363 1363 8.71309443494e-05
1364 1364 3.20829131482e-05
1365 1365 4.30654374878e-05
1366 1366 9.78220157642e-05
1367 1367 6.83264959458e-05
1368 1368 5.34562704298e-05
1369 1369 7.20714821075e-05
1370 1370 5192.00733855
1371 1371 978.481485512
1372 1372 8.51891828273e-06
1373 1373 6.54852802406e-05
1374 1374 4.1406399984e-05
1375 1375 5339.69003899
1376 1376 5058.66612017
1377 1377 9.75280587243e-05
1378 1378 5.10302865865e-05
1379 1379 1.40397559629e-06
1380 1380 4.94989499735e-05
1381 1381 4.65121245452e-05
1382 1382 1.03283931074e-05
1383 1383 2.13213935179e-05
1384 1384 3.4809041416e-05
1385 1385 4.88743770559e-05
1386 1386 8.90539687609e-05
1387 1387 1.58623650411e-05
1388 1388 5.06450767289e-05
1389 1389 1.15469187716e-05
1390 1390 2146.59299128
1391 1391 6.34349949247e-05
1392 1392 5.49806220657e-05
1393 1393 9.28009802559e-05
1394 1394 1.80823528587e-05
1395 1395 2.64856541144e-06
1396 1396 9.0720311485e-05
1397 1397 4060.13972549
1398 1398 6.00356716199e-05
1399 1399 1.25271119124e-05
1400 1400 3.7039795369e-06
1401 1401 3.37492984151e-05
1402 1402 3605.92990104
1403 1403 4.53688105915e-05
1404 1404 2587.64447942
1405 1405 1.95436511219e-05
1406 1406 5.52728705385e-05
1407 1407 4.78918177941e-05
1408 1408 7.9659912218e-05
1409 1409 1.57490959415e-05
1410 1410 2.3707462766e-05
1411 1411 9.28080033333e-05
1412 1412 1.44210045853e-05
1413 1413 5.0685715161e-05
1414 1414 9.75875563437e-05
1415 1415 3.28268310699e-05
1416 1416 9.30533347838e-05
1417 1417 2.92999968295e-05
1418 1418 4.26518446063e-05
1419 1419 4.73094775066e-05
1420 1420 3.41067333014e-05
1421 1421 5248.68598088
1422 1422 1.49895466399e-05
1423 1423 4.45420891634e-05
1424 1424 7.99685115787e-05
1425 1425 2.75257134566e-05
1426 1426 5.71760650667e-05
1427 1427 2.00523517896e-05
1428 1428 3.87347794098e-06
1429 1429 2798.22139541
1430 1430 8.26128298776e-05
1431 1431 1.90626870716e-05
1432 1432 7.32395243658e-05
1433 1433 2.78351563368e-05
1434 1434 2112.91309438
1435 1435 5.1081122824e-05
1436 1436 1.39111672416e-05
1437 1437 9.07676452465e-05
1438 1438 4.24461088681e-05
1439 1439 4.66955529622e-05
1440 1440 8.67262345445e-05
1441 1441 1822.89006521
1442 1442 2.61654279956e-05
1443 1443 6.97843408965e-05
1444 1444 4745.94374138
1445 1445 2.73973524594e-05
1446 1446 3.08953454915e-05
1447 1447 8.10512609055e-05
1448 1448 3583.42618245
1449 1449 5.64567881416e-05
1450 1450 6.68299851972e-05
1451 1451 5.10279844516e-05
1452 1452 5305.08904436
1453 1453 4.5768397939e-06
1454 1454 2.91033567839e-05
1455 1455 3.70774436183e-05
1456 1456 2.45814136917e-05
1457 1457 8.38251576097e-05
1458 1458 6.1711423855e-05
1459 1459 3.64720329778e-05
1460 1460 2.46618184133e-05
1461 1461 6.55666316885e-05
1462 1462 8.50362743805e-05
1463 1463 6.2193017584e-05
1464 1464 1.45130233459e-05
1465 1465 3203.73738079
1466 1466 4.46935255053e-05
1467 1467 6.52475075461e-05
1468 1468 8.57309435439e-06
1469 1469 4.13550351803e-05
1470 1470 9.19471400457e-05
1471 1471 3086.51519395
1472 1472 8.08669418602e-05
1473 1473 5.18695364294e-05
1474 1474 6.63179931096e-05
1475 1475 5.38831494468e-05
1476 1476 4879.42400546
1477 1477 9.48342300727e-05
1478 1478 5.47159402175e-05
1479 1479 2.28293846569e-05
1480 1480 4.32556493106e-05
1481 1481 9.54718309554e-05
1482 1482 8.53469463176e-05
1483 1483 3260.79089966
1484 1484 7.64570039842e-06
1485 1485 5611.25063765
1486 1486 6.57323380484e-05
1487 1487 9.28353399781e-05
1488 1488 850.308766758
1489 1489 4.63675903617e-05
1490 1490 2098.16875255
1491 1491 4.26989859429e-05
1492 1492 3.41272212258e-05
1493 1493 4.92021285539e-05
1494 1494 4.61596092674e-05
1495 1495 5504.40374296
1496 1496 5.01408739249e-05
1497 1497 6.8405656187e-05
1498 1498 9.37155897784e-05
1499 1499 2308.8789057
1500 1500 5.32930887056e-05
1501 1501 3286.82559952
1502 1502 2462.34456069
1503 1503 2535.9433758
1504 1504 9.813866775e-05
1505 1505 2.2040000552e-05
1506 1506 1.83997109405e-05
1507 1507 3466.05815999
1508 1508 4741.56075481
1509 1509 1.57121108814e-05
1510 1510 2.22945965182e-05
1511 1511 2.29052751667e-05
1512 1512 2836.08969559
1513 1513 4.78320247698e-05
1514 1514 8.07593286447e-05
1515 1515 3.77164892808e-05
1516 1516 5.918690452e-05
1517 1517 1.15906975868e-05
1518 1518 1.7290308721e-05
1519 1519 6.7620968428e-05
1520 1520 4757.69774243
1521 1521 1.85144123458e-05
1522 1522 6.2283978602e-05
1523 1523 9.87063491786e-05
1524 1524 3041.89460842
1525 1525 4.02241273396e-05
1526 1526 4.51682367067e-05
1527 1527 8.453272307e-05
1528 1528 8.77882243965e-05
1529 1529 3413.4755507
1530 1530 4.05118298328e-05
1531 1531 3.6640698008e-06
1532 1532 8.79787813405e-05
1533 1533 2.02479121193e-05
1534 1534 8.89295940999e-05
1535 1535 1.77477217745e-06
1536 1536 4.45493717491e-06
1537 1537 691.743036934
1538 1538 5.67098013874e-05
1539 1539 7.84232587548e-05
1540 1540 6.82583877388e-05
1541 1541 5.126562684e-05
1542 1542 8.64388437628e-05
1543 1543 1.71747593458e-05
1544 1544 59.437872493
1545 1545 2.51867230356e-06
1546 1546 5152.39537906
1547 1547 4.90674621282e-05
1548 1548 1.72057184926e-05
1549 1549 6.90711625856e-05
1550 1550 7.8816249997e-05
1551 1551 3377.61634614
1552 1552 2095.77206083
1553 1553 5609.52331333
1554 1554 6.12246945703e-06
1555 1555 1.72227508949e-05
1556 1556 7.20286635663e-05
1557 1557 2573.51963756
1558 1558 5.83031136302e-05
1559 1559 7.66627116834e-05
1560 1560 3614.22624575
1561 1561 1409.62198213
1562 1562 2.96043948118e-05
1563 1563 1355.53203524
1564 1564 3.45975799628e-05
1565 1565 1.23978601936e-05
1566 1566 1739.85599479
1567 1567 2.15865874228e-05
1568 1568 59.2995036605
1569 1569 2.05113490105e-05
1570 1570 1.1459818816e-05
1571 1571 7.10301504497e-05
1572 1572 1.34799691672e-05
1573 1573 767.332074401
1574 1574 4.96714683932e-05
1575 1575 2939.39991076
1576 1576 5141.0716654
1577 1577 5004.46851135
1578 1578 1.83978236349e-05
1579 1579 7.15064142518e-05
1580 1580 626.53551347
1581 1581 1092.88597169
1582 1582 8.0018190548e-06
1583 1583 1.98312849002e-05
1584 1584 619.134383363
1585 1585 1.63763680952e-05
1586 1586 1.45205051483e-05
1587 1587 5023.95638883
1588 1588 6.78908520776e-05
1589 1589 3.3835002601e-05
1590 1590 3.74591786908e-05
1591 1591 3.26360346569e-05
1592 1592 3.03580531774e-05
1593 1593 5374.10447831
1594 1594 1.48358685571e-05
1595 1595 9.41400401124e-05
1596 1596 5.47825797636e-05
1597 1597 3201.88974814
1598 1598 9.18058303732e-05
1599 1599 6.7370305451e-05
1600 1600 4734.05264568
1601 1601 955.126548456
1602 1602 1233.55633103
1603 1603 4862.24205043
1604 1604 4.85043522119e-05
1605 1605 2648.23317755
1606 1606 5.26728964278e-05
1607 1607 2.10253105379e-06
1608 1608 4154.71895102
1609 1609 3.5704010968e-05
1610 1610 6.59272191582e-05
1611 1611 7.46383277956e-05
1612 1612 8.03509744362e-05
1613 1613 9.76630745118e-05
1614 1614 9.65822246316e-05
1615 1615 1241.46612729
1616 1616 8.60082473306e-05
1617 1617 5.93159837948e-05
1618 1618 6.54104023853e-05
1619 1619 2.17774925568e-05
1620 1620 4.28730699749e-06
1621 1621 9.02085809126e-05
1622 1622 5.09251331998e-05
1623 1623 6.39006111943e-05
1624 1624 3.17693868984e-05
1625 1625 8.67750481315e-05
1626 1626 2.88563328086e-05
1627 1627 2.90582263491e-05
1628 1628 4485.98341969
1629 1629 4.35882001463e-05
1630 1630 2.19811382109e-05
1631 1631 8.70594163007e-05
1632 1632 2872.73801085
1633 1633 3.28308644621e-05
1634 1634 3163.28823294
1635 1635 4004.81870482
1636 1636 5.54177475745e-05
1637 1637 1322.21179844
1638 1638 5.5378231061e-05
1639 1639 6.90032608861e-05
1640 1640 4.1768083874e-05
1641 1641 1730.19013271
1642 1642 9.54747758655e-05
1643 1643 1858.30266588
1644 1644 4.43047797955e-05
1645 1645 2.00396562096e-05
1646 1646 4697.67287625
1647 1647 3120.4719889
1648 1648 5.35212167656e-05
1649 1649 6.83607866333e-05
1650 1650 1224.94338223
1651 1651 9.78732272552e-05
1652 1652 5.48940636492e-06
1653 1653 5001.69780192
1654 1654 1881.26444819
1655 1655 1229.81674702
1656 1656 6.12726884251e-05
1657 1657 3165.38958126
1658 1658 6.77880189894e-05
1659 1659 1.74327493148e-05
1660 1660 8.20301229749e-07
1661 1661 6.81152767801e-05
1662 1662 7.38870537398e-05
1663 1663 3256.04345186
1664 1664 4.01878154453e-05
1665 1665 4.15987028707e-05
1666 1666 2.89610295753e-05
1667 1667 8.55765632317e-05
1668 1668 1850.16344841
1669 1669 1.75992616337e-05
1670 1670 4.82029405059e-05
1671 1671 2.18621282248e-05
1672 1672 6.92038305257e-05
1673 1673 5174.23425798
1674 1674 9.24497803399e-05
1675 1675 2642.98686369
1676 1676 5075.80345276
1677 1677 9.45930548728e-05
1678 1678 4.38658339458e-05
1679 1679 5020.57023566
1680 1680 1144.24976251
1681 1681 8.22918712964e-05
1682 1682 4.29873285822e-05
1683 1683 3727.98641857
1684 1684 4.150775125e-05
1685 1685 5.24556766256e-05
1686 1686 1.8493053487e-05
1687 1687 1.70996421805e-05
1688 1688 6.98008488665e-05
1689 1689 3.71973810883e-05
1690 1690 7.69032403536e-05
1691 1691 5.21902381048e-05
1692 1692 4.51543857772e-05
1693 1693 3743.34017483
1694 1694 6.23320603012e-05
1695 1695 7.27133186226e-05
1696 1696 8.17893128222e-05
1697 1697 7.05460020276e-05
1698 1698 3.0737716126e-05
1699 1699 9.98226113646e-05
1700 1700 4.35513748326e-05
1701 1701 7.536488342e-05
1702 1702 3.1829253557e-05
1703 1703 3.93450004943e-05
1704 1704 6.71869737872e-05
1705 1705 9.89308387936e-05
1706 1706 8.78570767724e-05
1707 1707 5456.89224566
1708 1708 3.01657950092e-05
1709 1709 4.14897591121e-05
1710 1710 1.29658252581e-05
1711 1711 2.01860213761e-05
1712 1712 5.6267095073e-05
1713 1713 1.95963619007e-05
1714 1714 1.46203998208e-05
1715 1715 2.10610609409e-05
1716 1716 1139.6205936
1717 1717 6.93320110364e-05
1718 1718 9.1813682053e-05
1719 1719 7.53268109899e-05
1720 1720 9.76391093108e-05
1721 1721 5.38221425345e-05
1722 1722 6.0619617665e-05
1723 1723 3578.95714803
1724 1724 9.0825227839e-05
1725 1725 2.69555164608e-05
1726 1726 7.0485071792e-05
1727 1727 8.57183843227e-06
1728 1728 3312.18727743
1729 1729 4.07046341818e-05
1730 1730 1.94214300381e-06
1731 1731 5516.592408
1732 1732 473.533047561
1733 1733 3.88830377607e-06
1734 1734 4658.77199701
1735 1735 2.11971320113e-05
1736 1736 2.59249946103e-05
1737 1737 5.35004935895e-05
1738 1738 1.79232811351e-05
1739 1739 3.33610220544e-06
1740 1740 4.79608535761e-05
1741 1741 6.65564414325e-05
1742 1742 3.33140669239e-05
1743 1743 1.08557380999e-05
1744 1744 4.80999645317e-05
1745 1745 2.83582876179e-05
1746 1746 1.51856701308e-05
1747 1747 4694.85883523
1748 1748 5.97545213348e-05
1749 1749 5622.7766005
1750 1750 1.54081631229e-05
1751 1751 2.95511196898e-05
1752 1752 6.57934874673e-05
1753 1753 9.55042465793e-05
1754 1754 5.61139064661e-05
1755 1755 2430.61942822
1756 1756 1024.04025762
1757 1757 6.42629314301e-05
1758 1758 9.21606550554e-05
1759 1759 5.03201987506e-05
1760 1760 7.61240642343e-05
1761 1761 1501.05314324
1762 1762 9.17816726418e-05
1763 1763 4.73859557152e-05
1764 1764 8.44857855037e-05
1765 1765 9.78730442703e-05
1766 1766 2.69331262366e-06
1767 1767 5.23697137977e-05
1768 1768 4.98468633255e-05
1769 1769 3.84163339799e-05
1770 1770 9.17269394225e-05
1771 1771 8.34489152407e-05
1772 1772 3737.81276385
1773 1773 6.23951178692e-05
1774 1774 1.91345191213e-05
1775 1775 1.12894834372e-05
1776 1776 3.4346076755e-05
1777 1777 3.44849261996e-05
1778 1778 8.36586472127e-05
1779 1779 6.35615148486e-05
1780 1780 1.4288233995e-05
1781 1781 3713.02735273
1782 1782 8.28809602072e-05
1783 1783 5.36068144525e-05
1784 1784 6.63044133875e-05
1785 1785 2.90016733901e-06
1786 1786 1.31927203468e-05
1787 1787 6.20880427456e-05
1788 1788 5.9246743393e-05
1789 1789 9.51698215642e-06
1790 1790 9.81288831889e-05
1791 1791 6.51992499822e-05
1792 1792 9.15421892484e-05
1793 1793 2988.53246061
1794 1794 3.4511863285e-05
1795 1795 2.12363253955e-06
1796 1796 7.89670158531e-06
1797 1797 8.06427293124e-05
1798 1798 3.08147826274e-05
1799 1799 8.60226769684e-05
1800 1800 4.24322606616e-05
1801 1801 4.04110125511e-05
1802 1802 3895.8592186
1803 1803 8.20502676953e-05
1804 1804 6.72846579238e-05
1805 1805 9.4958720395e-06
1806 1806 6.66485706146e-05
1807 1807 4.13290347188e-05
1808 1808 3.02532154691e-05
1809 1809 3.98454171131e-05
1810 1810 2.23214779011e-05
1811 1811 8.45600091355e-05
1812 1812 2047.14676241
1813 1813 7.57847606054e-06
1814 1814 5.0902963123e-05
1815 1815 4241.3442599
1816 1816 8.17742613256e-05
1817 1817 2.16034630978e-05
1818 1818 3.29337568183e-06
1819 1819 1.08453466618e-05
1820 1820 7.00432880133e-05
1821 1821 4610.44251721
1822 1822 6.63127989236e-05
1823 1823 1440.90386919
1824 1824 3277.08041824
1825 1825 8.81062695135e-05
1826 1826 6.93303512093e-05
1827 1827 1.42018406618e-05
1828 1828 2.51953903562e-05
1829 1829 2.27578583472e-05
1830 1830 2395.8956356
1831 1831 4417.43808642
1832 1832 9.05431424014e-05
1833 1833 1.61605693417e-05
1834 1834 3.02987323954e-05
1835 1835 7.76612586005e-05
1836 1836 9.61214230845e-05
1837 1837 8.97312641171e-05
1838 1838 6.66363415594e-05
1839 1839 5.96265220727e-05
1840 1840 4.84940649588e-05
1841 1841 9.51537914377e-05
1842 1842 1920.44589798
1843 1843 4.39842724089e-05
1844 1844 7.47795466286e-06
1845 1845 7.40208382715e-05
1846 1846 3.94267090175e-05
1847 1847 6.06523199365e-05
1848 1848 2.58454610458e-05
1849 1849 3.55837418495e-05
1850 1850 2244.45460473
1851 1851 4.22462506173e-05
1852 1852 1.24394441026e-05
1853 1853 3.01052112311e-05
1854 1854 2429.09351692
1855 1855 4.595723475e-05
1856 1856 3.65560616694e-05
1857 1857 3875.92570229
1858 1858 6.72279798936e-05
1859 1859 4.4851061468e-05
1860 1860 225.656235854
1861 1861 4.73839789632e-05
1862 1862 4.4694825518e-05
1863 1863 3.72653468789e-05
1864 1864 4.82824559258e-05
1865 1865 3.08807748824e-05
1866 1866 7.13190019492e-05
1867 1867 1.93260491578e-05
1868 1868 5.80154216332e-05
1869 1869 1.22291418315e-05
1870 1870 8.11168389972e-05
1871 1871 7.30432516507e-05
1872 1872 1445.55160804
1873 1873 2.56409137004e-05
1874 1874 2711.60525146
1875 1875 989.223321718
1876 1876 7.28559262164e-05
1877 1877 1493.62046988
1878 1878 3.04761619862e-05
1879 1879 3.83372236309e-05
1880 1880 3284.88459027
1881 1881 3437.78171553
1882 1882 7.62900090289e-05
1883 1883 1.59858061553e-05
1884 1884 5.82229228562e-05
1885 1885 473.820549969
1886 1886 4.00702127018e-05
1887 1887 4.04972051862e-05
1888 1888 9.56219640868e-05
1889 1889 6.85917115033e-05
1890 1890 6.42560779644e-05
1891 1891 7.35391549121e-06
1892 1892 6.59290452875e-05
1893 1893 4.83629653615e-05
1894 1894 3693.67715364
1895 1895 4.52865228932e-05
1896 1896 5.0195791956e-05
1897 1897 5.90447607765e-05
1898 1898 4.61402211556e-05
1899 1899 7.98609034217e-06
1900 1900 8.6166583745e-05
1901 1901 5.37805436042e-05
1902 1902 2.63638684255e-05
1903 1903 5.20198736224e-05
1904 1904 6.96037478497e-06
1905 1905 5.42622661696e-05
1906 1906 1.32157741696e-05
1907 1907 5.10846024222e-05
1908 1908 3596.93047459
1909 1909 5.53868272625e-05
1910 1910 2.32034232727e-05
1911 1911 5.49799305374e-05
1912 1912 4.59768285442e-05
1913 1913 7.86963870235e-05
1914 1914 4.08715168089e-05
1915 1915 3.24383437876e-05
1916 1916 2.37199462427e-05
1917 1917 5.83249944172e-05
1918 1918 1.10215960794e-05
1919 1919 4.59448821708e-05
1920 1920 5588.52268619
1921 1921 3.82143213192e-05
1922 1922 2.92447412665e-05
1923 1923 9.52126296636e-05
1924 1924 9.79805857625e-05
1925 1925 2.40406994274e-05
1926 1926 8.36799567198e-05
1927 1927 3168.0953978
1928 1928 2307.72520348
1929 1929 6.0826123398e-05
1930 1930 8.60503195441e-05
1931 1931 4764.38015614
1932 1932 4924.07477332
1933 1933 18.3345996368
1934 1934 9.53090580523e-05
1935 1935 7.10528855291e-05
1936 1936 1924.62608502
1937 1937 6.13681879154e-05
1938 1938 8.14237451942e-05
1939 1939 4174.36008112
1940 1940 2.03713269285e-05
1941 1941 4893.56611839
1942 1942 2.2568947381e-05
1943 1943 5.9702131092e-05
1944 1944 6.44129754419e-05
1945 1945 1.45593310947e-05
1946 1946 8.29196149078e-05
1947 1947 4.68485675244e-05
1948 1948 732.923546715
1949 1949 8.06217835188e-05
1950 1950 3.65820292763e-05
1951 1951 2.21179560695e-05
1952 1952 8.42878771399e-05
1953 1953 4.31364343239e-05
1954 1954 3.44549114089e-05
1955 1955 8.18935012008e-05
1956 1956 929.952517645
1957 1957 6.21499015541e-05
1958 1958 2.02551554215e-05
1959 1959 8.60200921028e-05
1960 1960 3.61263913115e-05
1961 1961 8.66059674813e-05
1962 1962 2.61673808435e-05
1963 1963 6.7780603179e-05
1964 1964 4.79462332413e-05
1965 1965 3216.49306269
1966 1966 2.85077578631e-05
1967 1967 2.08521800073e-05
1968 1968 5.46261172043e-05
1969 1969 5.31625601216e-05
1970 1970 5.22003752251e-05
1971 1971 5194.78571958
1972 1972 9.77146392426e-05
1973 1973 4.78891437243e-06
1974 1974 7.3330035428e-05
1975 1975 1.9248840212e-05
1976 1976 4792.71926973
1977 1977 8.76453292201e-05
1978 1978 3.75129807765e-05
1979 1979 8.13370244681e-05
1980 1980 9.808136705e-05
1981 1981 8.61693722757e-05
1982 1982 165.401944122
1983 1983 2.13659567855e-05
1984 1984 2136.62997223
1985 1985 7.1264929526e-05
1986 1986 1.51471742671e-07
1987 1987 5236.12894359
1988 1988 4.43395291448e-06
1989 1989 3.77639983195e-05
1990 1990 6.17057833559e-05
1991 1991 5.26409812765e-05
1992 1992 7.32748822098e-05
1993 1993 6.04133591817e-05
1994 1994 280.078986294
1995 1995 7.38540783871e-05
1996 1996 9.93702855815e-05
1997 1997 1.87216277539e-05
1998 1998 3213.59611396
1999 1999 3585.59310133
2000 2000 5.08365282282e-05
2001 2001 5241.56805268
2002 2002 8.83213145681e-05
2003 2003 3.33077863587e-05
2004 2004 3682.0147339
2005 2005 3341.49069402
2006 2006 5.08387246285e-05
2007 2007 8.11344073136e-05
2008 2008 5.88685764006e-05
2009 2009 4.75804967271e-05
2010 2010 5.59136315541e-05
2011 2011 2.03952982818e-05
2012 2012 3.13579100087e-05
2013 2013 3.63317641696e-05
2014 2014 2.52872748272e-06
2015 2015 3.70375602897e-05
2016 2016 8.94084400307e-05
2017 2017 1.12817722061e-05
2018 2018 1.04814900979e-05
2019 2019 1208.50851742
2020 2020 5.75767916964e-05
2021 2021 2775.21884825
2022 2022 1.64146849321e-05
2023 2023 3.85826814513e-06
2024 2024 7.27767835008e-05
2025 2025 6.56546125725e-05
2026 2026 2.54000758689e-05
2027 2027 9.64708310606e-05
2028 2028 3.00613558883e-05
2029 2029 8.12148626097e-06
2030 2030 1.7017164938e-05
2031 2031 4522.99833952
2032 2032 1437.31293792
2033 2033 8.23630649298e-05
2034 2034 1.04285258829e-05
2035 2035 592.010547199
2036 2036 5.39012787084e-05
2037 2037 4799.38442955
2038 2038 3.13580287589e-05
2039 2039 1.49209928452e-05
2040 2040 5.83380119042e-05
2041 2041 2.33541099625e-05
2042 2042 132.426050552
2043 2043 1.90458957394e-06
2044 2044 5114.21847423
2045 2045 3.4999914277e-05
2046 2046 2.76534387915e-05
2047 2047 4.16323546231e-05
2048 2048 5.37017521899e-05
2049 2049 4182.53731364
2050 2050 4.85865431471e-05
2051 2051 1.14784865396e-05
2052 2052 4.24438276095e-05
2053 2053 4743.45429034
2054 2054 4.1955618083e-05
2055 2055 8.69122330517e-05
2056 2056 9.0926595132e-05
2057 2057 2.10502692533e-05
2058 2058 937.026024928
2059 2059 9.34631416191e-06
2060 2060 3.2850282119e-05
2061 2061 4.53128535027e-05
2062 2062 2.94954487728e-05
2063 2063 1.83737287209e-05
2064 2064 6.9517818772e-05
2065 2065 3.09909073282e-05
2066 2066 2.44697324127e-05
2067 2067 3807.71536284
2068 2068 4275.83175528
2069 2069 2071.7136714
2070 2070 7.03914404564e-05
2071 2071 8.81048264036e-05
2072 2072 9.97943400919e-05
2073 2073 3102.32763506
2074 2074 8.96434058762e-05
2075 2075 5.52891726595e-05
2076 2076 987.888005493
2077 2077 3.69795089569e-05
2078 2078 4.30354866367e-05
2079 2079 7.23979728865e-05
2080 2080 7.8041634202e-05
2081 2081 4.27588925531e-06
2082 2082 6.8120185106e-05
2083 2083 5.43840485356e-05
2084 2084 9.79072501108e-05
2085 2085 3853.68651965
2086 2086 8.90073014726e-05
2087 2087 5.6039718014e-05
2088 2088 6.45859395637e-05
2089 2089 5.99245786222e-05
2090 2090 8.96450416355e-05
2091 2091 6.0027530497e-05
2092 2092 1226.46073883
2093 2093 8.77388019406e-05
2094 2094 6.41009767888e-05
2095 2095 8.21795977731e-05
2096 2096 4.28104821481e-07
2097 2097 6.37114465482e-05
2098 2098 9.82255591061e-05
2099 2099 9.58109058374e-05
2100 2100 6.94758587727e-05
2101 2101 8.15843508161e-05
2102 2102 3.32989138322e-05
2103 2103 6.72438627896e-05
2104 2104 5.26811836956e-05
2105 2105 8.24903749025e-05
2106 2106 8.10796973745e-05
2107 2107 1180.64563841
2108 2108 4.18720294079e-05
2109 2109 5.34686591645e-05
2110 2110 2.62241279756e-05
2111 2111 8.64983465066e-05
2112 2112 5.62319446667e-05
2113 2113 7.47021399377e-05
2114 2114 5.13914207583e-05
2115 2115 5.22666065235e-05
2116 2116 1.19030746577e-05
2117 2117 462.524819511
2118 2118 2.7711438407e-05
2119 2119 4.85200720763e-05
2120 2120 2367.08427969
2121 2121 6.47963875912e-05
2122 2122 7.59519847902e-05
2123 2123 3.48947913003e-05
2124 2124 3.54495094964e-06
2125 2125 2.41946161271e-05
2126 2126 6.20701122913e-05
2127 2127 2015.43262253
2128 2128 3828.17112159
2129 2129 3.11159651675e-05
2130 2130 4.43588733594e-06
2131 2131 1.35586259023e-05
2132 2132 2.64746263617e-05
2133 2133 2.71909445839e-05
2134 2134 9.4130483128e-07
2135 2135 286.374351507
2136 2136 3.33270846192e-05
2137 2137 3.47828213457e-05
2138 2138 2524.95889195
2139 2139 2479.57240451
2140 2140 1678.40267697
2141 2141 6.37690765624e-05
2142 2142 8.45279049298e-05
2143 2143 703.03698988
2144 2144 4.8352849368e-05
2145 2145 4135.31897471
2146 2146 5042.30854902
2147 2147 2.5060735056e-05
2148 2148 1221.2336977
2149 2149 8.64150671164e-05
2150 2150 5.1915875745e-05
2151 2151 4.45353976344e-06
2152 2152 4458.89498179
2153 2153 8.62873395674e-05
2154 2154 1.81670214212e-05
2155 2155 2.30241378969e-05
2156 2156 9.12220807552e-06
2157 2157 6.76006822249e-05
2158 2158 8.36673017252e-05
2159 2159 2.99897414612e-05
2160 2160 2350.09403418
2161 2161 2.15623162508e-05
2162 2162 956.551107074
2163 2163 9.44660918689e-05
2164 2164 1.97898688353e-05
2165 2165 3212.89777687
2166 2166 9.01152898499e-05
2167 2167 4357.69906573
2168 2168 7.3713836887e-07
2169 2169 1.96134688794e-06
2170 2170 1.97507651437e-05
2171 2171 2016.39081269
2172 2172 1959.17888442
2173 2173 2396.66676372
2174 2174 4.22125852145e-05
2175 2175 8.65618044448e-06
2176 2176 7.43068042244e-05
2177 2177 1.18457500047e-05
2178 2178 5.35201410568e-05
2179 2179 8.62671607121e-05
2180 2180 2.1269492005e-05
2181 2181 8.001086424e-05
2182 2182 6.06308503555e-05
2183 2183 9.3845977313e-05
2184 2184 2617.2836556
2185 2185 2.12600503455e-05
2186 2186 5.97867374453e-05
2187 2187 6.02451194082e-06
2188 2188 3.12971162372e-05
2189 2189 7.92594103235e-05
2190 2190 1098.14412855
2191 2191 9.6935905345e-05
2192 2192 4544.67899386
2193 2193 8.23238460709e-05
2194 2194 3.27624957084e-05
2195 2195 4.89301467495e-05
2196 2196 1556.04777809
2197 2197 275.641534509
2198 2198 5.21280240771e-05
2199 2199 5.07787535205e-05
2200 2200 3.18338387362e-05
2201 2201 7.06034693208e-05
2202 2202 1.90324414941e-05
2203 2203 5624.14706442
2204 2204 6.08965417117e-05
2205 2205 4.24861556303e-05
2206 2206 2479.68370601
2207 2207 2.59485457323e-05
2208 2208 5262.0176835
2209 2209 9.26484989201e-05
2210 2210 1987.80893438
2211 2211 5.67739262927e-06
2212 2212 857.189699705
2213 2213 747.816445882
2214 2214 3.6779607907e-06
2215 2215 8.01335073024e-05
2216 2216 4.78276465706e-05
2217 2217 9.52939675171e-05
2218 2218 4.17907883661e-05
2219 2219 3889.23891922
2220 2220 8.86577513579e-05
2221 2221 5179.60304294
2222 2222 3.64436408777e-05
2223 2223 2.38521547013e-05
2224 2224 7.30537612378e-05
2225 2225 2256.97142858
2226 2226 578.073414144
2227 2227 1.46710694816e-05
2228 2228 9.95009089325e-05
2229 2229 2265.5486468
2230 2230 8.40536785284e-05
2231 2231 2.76319342757e-05
2232 2232 9.16410992084e-05
2233 2233 3.44715140998e-05
2234 2234 1.28994787118e-05
2235 2235 6.40111965692e-05
2236 2236 7.26824242451e-05
2237 2237 5.93847344981e-05
2238 2238 1.25278643251e-06
2239 2239 4267.69873462
2240 2240 6.38187998987e-05
2241 2241 1.44361395624e-05
2242 2242 6.35829746591e-05
2243 2243 1.14267020101e-07
2244 2244 6.06164653689e-07
2245 2245 6.89715924538e-05
2246 2246 4.25654360968e-05
2247 2247 9.75259372016e-05
2248 2248 3618.17174135
2249 2249 1.92721642257e-05
2250 2250 3.15789371134e-05
2251 2251 1519.50459619
2252 2252 382.256925572
2253 2253 7.02623717418e-05
2254 2254 931.250428166
2255 2255 6.76539493123e-05
2256 2256 2961.49778544
2257 2257 6.10865639796e-05
2258 2258 4.82736306156e-05
2259 2259 7.11919269273e-05
2260 2260 3.52462441699e-06
2261 2261 6.88528738157e-05
2262 2262 6.72682418823e-05
2263 2263 1.3489662384e-07
2264 2264 463.41076735
2265 2265 4493.15693441
2266 2266 8.50876878396e-06
2267 2267 3.08403262529e-05
2268 2268 5.83240641066e-05
2269 2269 3.87493209068e-05
2270 2270 7.19514611544e-05
2271 2271 9.87174253194e-05
2272 2272 8.41366084011e-05
2273 2273 5.22980169919e-05
2274 2274 9.22747328859e-05
2275 2275 5.53961126511e-05
2276 2276 3.20053837513e-05
2277 2277 4.46085507025e-05
2278 2278 1.95651022912e-05
2279 2279 7.07321490105e-05
2280 2280 5279.88933851
2281 2281 5.23781794445e-06
2282 2282 1.49485984469e-05
2283 2283 1.50238846492e-05
2284 2284 2.30453273543e-06
2285 2285 6.17714827181e-05
2286 2286 2254.59231125
2287 2287 1598.38101155
2288 2288 5.41198858488e-05
2289 2289 2613.35479461
2290 2290 6.3372859002e-05
2291 2291 4.10797447141e-05
2292 2292 9.12360076643e-05
2293 2293 6.11545074386e-05
2294 2294 2.36928409459e-06
2295 2295 8.06109063494e-05
2296 2296 5.17985890265e-05
2297 2297 2387.8175144
2298 2298 1.25137836407e-05
2299 2299 2013.61526381
2300 2300 7.56131761135e-05
2301 2301 4523.86090599
2302 2302 301.907593402
2303 2303 2582.6345569
2304 2304 9.08898190817e-05
2305 2305 1998.58719869
2306 2306 3.02238799599e-05
2307 2307 1.51798828698e-05
2308 2308 5122.65601697
2309 2309 3220.66014023
2310 2310 4.80078986219e-05
2311 2311 5.34925491586e-05
2312 2312 7.7941395129e-05
2313 2313 1.23647795183e-05
2314 2314 4913.0879016
2315 2315 2.0717453374e-05
2316 2316 2710.38656767
2317 2317 2.08255731428e-05
2318 2318 3963.81398038
2319 2319 8.99500133072e-05
2320 2320 5.2197529555e-05
2321 2321 9.33032927349e-05
2322 2322 2599.03849
2323 2323 4921.86203781
2324 2324 7.42548975355e-05
2325 2325 6.69270399768e-05
2326 2326 4.22538800522e-05
2327 2327 2.68212258211e-05
2328 2328 1984.65453874
2329 2329 1004.8340947
2330 2330 7.44630560797e-05
2331 2331 5.36247601705e-05
2332 2332 5012.80825241
2333 2333 5.64399054124e-05
2334 2334 2.94114358234e-05
2335 2335 6.43577677794e-05
2336 2336 1553.14454372
2337 2337 9.38447490425e-05
2338 2338 6.41866453631e-06
2339 2339 3808.34177024
2340 2340 8.08201057425e-05
2341 2341 959.578532722
2342 2342 7.95438606749e-05
2343 2343 2.30341211036e-05
2344 2344 5.96898557493e-05
2345 2345 4127.13768752
2346 2346 168.728776999
2347 2347 2464.58501137
2348 2348 8.00345327242e-06
2349 2349 4.36462167798e-05
2350 2350 8.76750412345e-05
2351 2351 4.14995736757e-05
2352 2352 8.82707385858e-05
2353 2353 8.57239147509e-05
2354 2354 1.04226406253e-05
2355 2355 9.49685111873e-05
2356 2356 1991.96113708
2357 2357 5.05944095946e-05
2358 2358 1.44530117262e-05
2359 2359 258.87013125
2360 2360 6.22662722079e-05
2361 2361 4.28068597253e-05
2362 2362 5.24481280712e-05
2363 2363 2.2149280525e-05
2364 2364 7.10658963622e-05
2365 2365 2.23585854237e-05
2366 2366 3434.2354722
2367 2367 7.62359190759e-05
2368 2368 6.57842816139e-05
2369 2369 7.50848495823e-05
2370 2370 8.92124718157e-05
2371 2371 4.72748926816e-05
2372 2372 1.27332649751e-05
2373 2373 6.90443500595e-05
2374 2374 7.61353298602e-05
2375 2375 1.63801569871e-05
2376 2376 4.28781243044e-05
2377 2377 8.77749851507e-05
2378 2378 6.84993933566e-05
2379 2379 8.2086184998e-05
2380 2380 8.58443877956e-05
2381 2381 3330.8042714
2382 2382 6.33598597398e-05
2383 2383 4.86412410966e-05
2384 2384 5.32897043734e-05
2385 2385 3.82339789354e-05
2386 2386 4077.9228997
2387 2387 8.28823309166e-05
2388 2388 4020.2261458
2389 2389 3216.63233026
2390 2390 5.85017058202e-05
2391 2391 8.36977846923e-05
2392 2392 5.64698979284e-05
2393 2393 5.91652217637e-05
2394 2394 6.67286972295e-05
2395 2395 8.5449136164e-05
2396 2396 4.39182168698e-05
2397 2397 6.84304615595e-05
2398 2398 3.67016777565e-05
2399 2399 4954.47365042
2400 2400 8.25258455413e-05
2401 2401 2422.42624276
2402 2402 2.98996000044e-05
2403 2403 5162.09451179
2404 2404 7.91612192462e-05
2405 2405 2577.40035243
2406 2406 7.13083388919e-05
2407 2407 3882.61608971
2408 2408 705.358654113
2409 2409 364.866001043
2410 2410 4.99908989457e-05
2411 2411 1.87490052104e-05
2412 2412 1048.00124584
2413 2413 9.40507414176e-05
2414 2414 3002.60618962
2415 2415 7.89657599058e-05
2416 2416 7.40207167505e-06
2417 2417 8.78007595772e-06
2418 2418 2.46518402081e-05
2419 2419 7.38085142004e-06
2420 2420 9.49613542363e-05
2421 2421 7.09677574113e-05
2422 2422 5.74008846205e-05
2423 2423 1.61941364736e-05
2424 2424 7.74492935997e-05
2425 2425 4944.52762678
2426 2426 6.86018956e-05
2427 2427 3571.22712489
2428 2428 2.99376297604e-05
2429 2429 4.33142832581e-05
2430 2430 7.04213696386e-05
2431 2431 2697.71835519
2432 2432 2.99596948174e-05
2433 2433 4.24254149314e-05
2434 2434 7.49029040169e-05
2435 2435 8.58789364504e-05
2436 2436 1.54665458006e-05
2437 2437 2.21310293071e-05
2438 2438 8.32224950185e-05
2439 2439 2.37116452041e-05
2440 2440 8.44972723777e-05
2441 2441 5.62279621223e-05
2442 2442 3117.66819856
2443 2443 2.37974910667e-05
2444 2444 9.2568226586e-05
2445 2445 6.20436413399e-05
2446 2446 8.73683164659e-05
2447 2447 6.50095766279e-05
2448 2448 1.97685761969e-05
2449 2449 6.53251152148e-05
2450 2450 8.98681342854e-05
2451 2451 2.64138075103e-05
2452 2452 6.30167857566e-05
2453 2453 8.84778977864e-05
2454 2454 2362.1244398
2455 2455 3.67304716537e-05
2456 2456 1168.77405418
2457 2457 3.09497140981e-06
2458 2458 2.21522108014e-05
2459 2459 6.05402183529e-05
2460 2460 1025.82251895
2461 2461 9.1403034058e-05
2462 2462 6.02864723821e-05
2463 2463 8.134280157e-05
2464 2464 7.215578271e-05
2465 2465 849.812538747
2466 2466 5.05775661579e-05
2467 2467 4854.01204808
2468 2468 3266.43457039
2469 2469 3626.89309573
2470 2470 3.52679758299e-06
2471 2471 2245.63174925
2472 2472 8.12586251544e-05
2473 2473 8.27853738253e-05
2474 2474 5228.74231046
2475 2475 3.95230943398e-05
2476 2476 2.96134133809e-05
2477 2477 6.29737881698e-05
2478 2478 6.23249129942e-05
2479 2479 6.72695112883e-05
2480 2480 5.63441066537e-05
2481 2481 4.56054719998e-05
2482 2482 5.18193968253e-05
2483 2483 5.12864770965e-05
2484 2484 8.96549056829e-05
2485 2485 3.76651306214e-05
2486 2486 8.95354100158e-05
2487 2487 23.7249054286
2488 2488 9.1714236587e-05
2489 2489 3.58190959277e-05
2490 2490 5.85074729106e-05
2491 2491 9.14909705647e-06
2492 2492 8.9266557064e-05
2493 2493 1.52929908254e-05
2494 2494 4.20245602222e-05
2495 2495 3.49183182061e-05
2496 2496 8.60875531061e-05
2497 2497 4.01991579091e-05
2498 2498 3.83641693623e-05
2499 2499 8.17649824979e-05
2500 2500 3.58062500495e-05
2501 2501 8.15121350271e-05
2502 2502 9.20463026446e-05
2503 2503 1720.15595745
2504 2504 5.45224142941e-05
2505 2505 4.0297884916e-05
2506 2506 8.27109995821e-05
2507 2507 3.12907159602e-05
2508 2508 1.9130584455e-05
2509 2509 5.67763344962e-05
2510 2510 2.37608813972e-05
2511 2511 1.42018798203e-05
2512 2512 3.66268754065e-05
2513 2513 9.82658192762e-05
2514 2514 4420.32089996
2515 2515 4710.45498351
2516 2516 8.8965936471e-05
2517 2517 5.69666355021e-05
2518 2518 4.81758407563e-05
2519 2519 4.09071786401e-05
2520 2520 2694.36023124
2521 2521 3885.73104013
2522 2522 1479.49155933
2523 2523 2714.35892686
2524 2524 3445.71513145
2525 2525 2689.22923005
2526 2526 9.05021162996e-05
2527 2527 5182.69416696
2528 2528 1631.05639048
2529 2529 6.29109943466e-05
2530 2530 1503.97844103
2531 2531 4.7639777691e-05
2532 2532 9.43715775317e-05
2533 2533 3.65885292559e-05
2534 2534 2.27107560286e-05
2535 2535 4.70100256482e-06
2536 2536 8.44194306553e-05
2537 2537 4896.83032349
2538 2538 3803.65619665
2539 2539 1.05992446876e-05
2540 2540 1628.83290581
2541 2541 8.60421859063e-05
2542 2542 1742.86546515
2543 2543 2.98010731445e-07
2544 2544 9.92368973061e-05
2545 2545 3.40133269524e-05
2546 2546 8.80849547346e-05
2547 2547 3848.64914994
2548 2548 6.44266901429e-05
2549 2549 8.73871113123e-05
2550 2550 8.91261544081e-05
2551 2551 1165.68932755
2552 2552 2900.03299166
2553 2553 2.79598331004e-05
2554 2554 9.60291301833e-05
2555 2555 5273.92601107
2556 2556 4.13580445642e-05
2557 2557 7.80293884967e-05
2558 2558 9.4571038953e-05
2559 2559 9.93890223706e-05
2560 2560 5478.02035377
2561 2561 1.65169278909e-05
2562 2562 527.215252585
2563 2563 3.90566167792e-05
2564 2564 6.17858166955e-05
2565 2565 5.18160973611e-05
2566 2566 2.54824398065e-05
2567 2567 3068.27345013
2568 2568 4.97498475398e-05
2569 2569 4.51666756913e-05
2570 2570 2233.77158362
2571 2571 5.48029716082e-05
2572 2572 1692.32946881
2573 2573 2.94898293273e-05
2574 2574 1.49518579975e-05
2575 2575 1060.79464696
2576 2576 1.67682997443e-05
2577 2577 7.3477127105e-06
2578 2578 5.96547324029e-05
2579 2579 2743.98581296
2580 2580 4015.22960661
2581 2581 1660.71261587
2582 2582 2566.93619028
2583 2583 8.0648486255e-05
2584 2584 4431.505208
2585 2585 4.9627944592e-05
2586 2586 6.46109789017e-05
2587 2587 1367.5131863
2588 2588 4571.67685396
2589 2589 4.1609394495e-05
2590 2590 3.81408792286e-05
2591 2591 415.666341569
2592 2592 4.60955601534e-05
2593 2593 9.04827960696e-05
2594 2594 3824.43252727
2595 2595 5.81333574906e-05
2596 2596 4.89841294613e-05
2597 2597 5.91490562841e-05
2598 2598 4.930077909e-05
2599 2599 1014.16361907
2600 2600 4252.38426209
2601 2601 3830.94291981
2602 2602 3.75753519718e-05
2603 2603 7.50277613776e-06
2604 2604 3.82597475213e-05
2605 2605 4.78805596896e-06
2606 2606 2.23813099899e-05
2607 2607 7.85551185823e-05
2608 2608 3.93895583568e-06
2609 2609 602.753728829
2610 2610 1.32898145658e-05
2611 2611 2.78700321118e-05
2612 2612 2.3711804438e-06
2613 2613 3.10455416887e-05
2614 2614 8.37199374959e-05
2615 2615 4199.4579572
2616 2616 64.5878897521
2617 2617 8.03655991045e-05
2618 2618 9.04034358916e-05
2619 2619 6.85736166357e-05
2620 2620 4.49910976541e-05
2621 2621 5.15655547506e-05
2622 2622 7.69208541181e-05
2623 2623 3.28163934534e-05
2624 2624 5.15935381451e-05
2625 2625 1.99596320029e-05
2626 2626 2207.30370614
2627 2627 9.30733763584e-06
2628 2628 8.0663431962e-05
2629 2629 1093.08053598
2630 2630 3.11819261829e-05
2631 2631 8.72172888777e-05
2632 2632 6.37384540874e-05
2633 2633 5.08001209852e-05
2634 2634 2.65607618745e-05
2635 2635 3.68065729228e-05
2636 2636 9.48356698655e-05
2637 2637 4.84883495696e-05
2638 2638 3544.99449432
2639 2639 6.44033944971e-05
2640 2640 7.6019225116e-05
2641 2641 9.95521506758e-05
2642 2642 9.52389995947e-05
2643 2643 1232.46646975
2644 2644 2.79883901323e-05
2645 2645 3.22297189642e-05
2646 2646 3.77639908423e-06
2647 2647 9.41354348459e-05
2648 2648 7.03928075794e-05
2649 2649 2.87960391161e-05
2650 2650 2.29173601357e-05
2651 2651 7.48155921386e-05
2652 2652 6.73479026605e-05
2653 2653 1953.55456011
2654 2654 4.58894933577e-06
2655 2655 463.029490076
2656 2656 4.35538968512e-05
2657 2657 7.49241864146e-05
2658 2658 6.0217176291e-05
2659 2659 6.10962931182e-05
2660 2660 1.57650248983e-05
2661 2661 6.64735964083e-05
2662 2662 2.98308206313e-05
2663 2663 4.40173336843e-05
2664 2664 5.79454413481e-05
2665 2665 2464.70505033
2666 2666 6.12611389608e-05
2667 2667 5.23640724499e-06
2668 2668 9.64750124861e-05
2669 2669 714.970427334
2670 2670 3464.59419032
2671 2671 9.27801311036e-06
2672 2672 6.64974534788e-05
2673 2673 3.52733941123e-06
2674 2674 9.72292219011e-05
2675 2675 3.68095540642e-05
2676 2676 8.66079967455e-05
2677 2677 2756.91484921
2678 2678 6.92458101523e-05
2679 2679 4390.07182994
2680 2680 6.50644425246e-05
2681 2681 7.75396210422e-05
2682 2682 3.6102659734e-05
2683 2683 9.21994803739e-05
2684 2684 3362.15382445
2685 2685 4.71370197671e-05
2686 2686 3.8110058172e-05
2687 2687 9.25476382212e-05
2688 2688 5.43406650988e-05
2689 2689 9.5194308634e-05
2690 2690 8.98349093983e-05
2691 2691 4.49602970913e-05
2692 2692 1.77419648201e-05
2693 2693 2.63241776215e-05
2694 2694 1509.56095829
2695 2695 5.67079285554e-06
2696 2696 2.69173406199e-05
2697 2697 3.6420967181e-05
2698 2698 6.71077416467e-05
2699 2699 4.41446368063e-05
2700 2700 7.21633984128e-05
2701 2701 1.98986671735e-05
2702 2702 4.64839774277e-05
2703 2703 2202.13804552
2704 2704 2.38549139738e-07
2705 2705 3.98591255924e-05
2706 2706 8.0352838063e-05
2707 2707 509.552232895
2708 2708 2.61464903813e-05
2709 2709 2972.32501004
2710 2710 1.45397081573e-05
2711 2711 9.75485648064e-05
2712 2712 9.12590093659e-05
2713 2713 2.90504558962e-05
2714 2714 4248.09733476
2715 2715 2.42466868596e-05
2716 2716 8.72877087717e-05
2717 2717 2200.73301435
2718 2718 4.74536807762e-05
2719 2719 1.55989086799e-06
2720 2720 4.74965192556e-05
2721 2721 1202.09761324
2722 2722 2846.86072864
2723 2723 9.38035318062e-05
2724 2724 2.38117281073e-05
2725 2725 2.28327363338e-05
2726 2726 1.86614723875e-05
2727 2727 2.40644655898e-05
2728 2728 3.49265248555e-05
2729 2729 2895.64771582
2730 2730 7.6433868292e-05
2731 2731 9.34881469744e-05
2732 2732 6.04847301671e-05
2733 2733 1001.1505468
2734 2734 1.15275200193e-05
2735 2735 3360.50668469
2736 2736 3.55936940898e-05
2737 2737 2.71701694144e-05
2738 2738 6.22473507329e-05
2739 2739 4.56281214881e-05
2740 2740 7.33217352464e-05
2741 2741 3.47591145427e-05
2742 2742 4.29548604848e-05
2743 2743 4.487165864e-05
2744 2744 4.26669399914e-05
2745 2745 6.93372382882e-05
2746 2746 3.84187802751e-05
2747 2747 7.80667428375e-05
2748 2748 8.02790229168e-05
2749 2749 5.9370574226e-05
2750 2750 8.51394110619e-05
2751 2751 8.51049729019e-05
2752 2752 332.072489918
2753 2753 8.46524209564e-05
2754 2754 4.05405045901e-06
2755 2755 5.81603013942e-05
2756 2756 9.98157518186e-05
2757 2757 2271.36813036
2758 2758 1.79861754226e-05
2759 2759 8.53589718956e-05
2760 2760 5.35303877763e-05
2761 2761 2.55649290659e-05
2762 2762 8.30853372299e-05
2763 2763 5176.32181749
2764 2764 8.49227082054e-05
2765 2765 2.2695415606e-06
2766 2766 1832.61416478
2767 2767 3.34602947194e-05
2768 2768 2.53385361929e-05
2769 2769 3045.88637752
2770 2770 6.1665908162e-05
2771 2771 3.86180255839e-05
2772 2772 5.66764291868e-05
2773 2773 9.46611684047e-05
2774 2774 4206.54318022
2775 2775 2.3814331663e-06
2776 2776 2.28993042895e-05
2777 2777 6.13951788188e-05
2778 2778 2.82703826085e-05
2779 2779 2557.45885452
2780 2780 7.39460003771e-06
2781 2781 1.83389574771e-05
2782 2782 5356.77465323
2783 2783 4980.50935115
2784 2784 2.36354250941e-05
2785 2785 2224.81062515
2786 2786 3973.67419837
2787 2787 1523.63591197
2788 2788 9.50714573891e-05
2789 2789 9.67527832466e-05
2790 2790 426.937488079
2791 2791 6.00152806718e-05
2792 2792 4.49879843786e-06
2793 2793 9.38809994587e-05
2794 2794 8.75730971322e-05
2795 2795 6.38631370049e-05
2796 2796 2.80985663486e-05
2797 2797 1.07460652093e-05
2798 2798 5.70241686186e-05
2799 2799 5.38686493427e-05
2800 2800 5031.81506586
2801 2801 2489.33834343
2802 2802 8.33875338402e-05
2803 2803 9.55444112454e-05
2804 2804 8.3998859465e-05
2805 2805 4305.196074
2806 2806 3.46363124305
2807 2807 1929.9880415
2808 2808 4.52390613554e-05
2809 2809 4.05259411714e-05
2810 2810 3855.17720583
2811 2811 4.99150070335e-05
2812 2812 1.46440702194e-06
2813 2813 7.00270840211e-05
2814 2814 5.49522496869e-05
2815 2815 1.88075135064e-06
2816 2816 3.90085348645e-05
2817 2817 5.99135360695e-05
2818 2818 531.678122199
2819 2819 331.868222324
2820 2820 4.58721176513e-05
2821 2821 1.87257424911e-06
2822 2822 6.53968198503e-06
2823 2823 2.94314742994e-05
2824 2824 5.41682684842e-06
2825 2825 1276.10823069
2826 2826 4274.50745839
2827 2827 2905.87426801
2828 2828 3.57777145792e-05
2829 2829 4269.29826836
2830 2830 5.82268384614e-06
2831 2831 1.01466492602e-05
2832 2832 2.41316176762e-05
2833 2833 2.44566900048e-05
2834 2834 1331.61736035
2835 2835 5.07250748681e-05
2836 2836 2971.59125827
2837 2837 6.33998115821e-06
2838 2838 8.52611167033e-05
2839 2839 4454.01309858
2840 2840 1.6416445755e-05
2841 2841 5.91334678366e-05
2842 2842 2804.91082523
2843 2843 1632.82198706
2844 2844 6.04464172515e-05
2845 2845 1.28467156468e-05
2846 2846 5.07895123179e-05
2847 2847 9.62527358006e-05
2848 2848 2.4771655159e-05
2849 2849 4.43450729512e-05
2850 2850 4.75222704177e-05
2851 2851 5.12106204466e-06
2852 2852 2.82245511523e-05
2853 2853 3.65788174427e-05
2854 2854 3.35602548612e-05
2855 2855 2.07323182661e-05
2856 2856 5.46042842791e-06
2857 2857 6.88627664282e-05
2858 2858 2441.47684372
2859 2859 7.50574605499e-05
2860 2860 9.11811472342e-05
2861 2861 2.38006339705e-05
2862 2862 4.30019065365e-05
2863 2863 520.900469489
2864 2864 7.04771203248e-05
2865 2865 3.98874217721e-05
2866 2866 7.72758052234e-05
2867 2867 3274.06465814
2868 2868 700.582241233
2869 2869 9.25079025412e-05
2870 2870 2.42046103686e-05
2871 2871 1905.35882837
2872 2872 3.7493627843e-05
2873 2873 3992.50630331
2874 2874 1538.72911763
2875 2875 9.03170776167e-05
2876 2876 1668.68115319
2877 2877 1483.17237833
2878 2878 6.77208517856e-05
2879 2879 9.69264263797e-05
2880 2880 6.82436235488e-05
2881 2881 2.05271201676e-05
2882 2882 3.99473352325e-05
2883 2883 3.13630780432e-05
2884 2884 3.72964591582e-05
2885 2885 4.17026843771e-05
2886 2886 4790.94920936
2887 2887 2.70403014039e-05
2888 2888 7.97114099764e-05
2889 2889 5338.97837298
2890 2890 6.3532603464e-06
2891 2891 425.56927089
2892 2892 3443.81379497
2893 2893 4264.52806615
2894 2894 8.74792204578e-05
2895 2895 5.37499585175e-05
2896 2896 1256.68304151
2897 2897 2.02951446464e-05
2898 2898 8.64924632185e-05
2899 2899 1088.88961799
2900 2900 5.47440646633e-06
2901 2901 3.04414131036e-05
2902 2902 4.42257813041e-05
2903 2903 8.2890684503e-06
2904 2904 5.65498948246e-05
2905 2905 1.14032505253e-05
2906 2906 2.66745996199e-05
2907 2907 644.16104722
2908 2908 6.9667685203e-05
2909 2909 5.52325972626e-05
2910 2910 5.08601109836e-05
2911 2911 3699.51422332
2912 2912 7.36419144003e-05
2913 2913 6.26117495711e-05
2914 2914 1.03139726362e-05
2915 2915 1.6800496319e-05
2916 2916 898.990008347
2917 2917 2.78573110885e-05
2918 2918 2.77427432264e-05
2919 2919 1.30336628009e-06
2920 2920 7.64354644851e-05
2921 2921 4.00215061325e-05
2922 2922 4843.25194727
2923 2923 2.4984985599e-05
2924 2924 3707.75383377
2925 2925 1.08268002417e-06
2926 2926 9.08321121646e-05
2927 2927 9.66836588474e-05
2928 2928 8.74423122238e-05
2929 2929 4.87372976271e-05
2930 2930 6.81768499179e-06
2931 2931 6.50685833524e-05
2932 2932 3.99208377594e-05
2933 2933 6.64170265157e-05
2934 2934 3198.40845059
2935 2935 1375.0896252
2936 2936 4.43448026046e-05
2937 2937 5.31757492874e-05
2938 2938 6.88178480768e-05
2939 2939 9.05758889015e-05
2940 2940 5.97614154268e-05
2941 2941 3.7779469977e-05
2942 2942 6.60548394856e-05
2943 2943 4361.54919152
2944 2944 6.45442538194e-05
2945 2945 6.47017522624e-05
2946 2946 1.57393531445e-05
2947 2947 3276.80036995
2948 2948 1.8863100232e-05
2949 2949 389.512894631
2950 2950 1748.34395529
2951 2951 4267.07364417
2952 2952 6.3401252527e-05
2953 2953 9.97650890561e-05
2954 2954 8.64298913576e-05
2955 2955 4.61893799968e-05
2956 2956 1277.88918919
2957 2957 5501.02753937
2958 2958 3.7681574301e-06
2959 2959 4.09614737993e-05
2960 2960 1352.65783171
2961 2961 2872.86737176
2962 2962 1.868052379e-05
2963 2963 1.81208160194e-05
2964 2964 2.83395793549e-05
2965 2965 4.39455704425e-05
2966 2966 9.55835505358e-05
2967 2967 4.41400222195e-05
2968 2968 2.81114427096e-06
2969 2969 3.743526551e-05
2970 2970 4.64716810218e-06
2971 2971 6.37981056547e-05
2972 2972 4842.60469337
2973 2973 7.89289885273e-05
2974 2974 3743.94530959
2975 2975 8.67442895992e-06
2976 2976 675.073770701
2977 2977 6.47803218252e-05
2978 2978 1.97801555017e-05
2979 2979 4887.28334985
2980 2980 4.14639370151e-05
2981 2981 2.56031191745e-05
2982 2982 2171.03493875
2983 2983 1414.40866779
2984 2984 4658.29604258
2985 2985 472.940623294
2986 2986 2.92226349478e-05
2987 2987 5383.31262203
2988 2988 1.56059930313e-05
2989 2989 2967.53877148
2990 2990 6.97156693091e-05
2991 2991 4.00227013704e-05
2992 2992 1960.12358481
2993 2993 1.3166345075e-05
2994 2994 4.50330739255e-05
2995 2995 2.53278716314e-05
2996 2996 5338.93413836
2997 2997 3.70360382166e-05
2998 2998 9.87024981035e-05
2999 2999 4741.46171883
3000 3000 1187.8006837
