1 1 344.57021382
2 2 0.00504173688959
3 3 124.539504567
4 4 278.718384099
5 5 0.00411535210949
6 6 0.00759500044691
7 7 171.302449719
8 8 494.259630468
9 9 0.00566406841104
10 10 577.271128071
11 11 530.841355063
12 12 562.079304524
13 13 178.26551444
14 14 0.00378174466032
15 15 502.705627859
16 16 21.8293219141
17 17 0.00856806468537
18 18 313.276654402
19 19 155.544819844
20 20 0.0092179628994
21 21 0.00688219840231
22 22 607.297851186
23 23 487.114386783
24 24 402.112635431
25 25 0.00786659700789
26 26 168.725512058
27 27 52.74440915
28 28 350.59240083
29 29 528.500273521
30 30 0.0020682279874
31 31 220.213621623
32 32 489.714708289
33 33 361.840340783
34 34 387.176340788
35 35 0.000255171051341
36 36 510.470224399
37 37 184.528065433
38 38 240.677596166
39 39 0.00705869376173
40 40 412.882594605
41 41 34.0180359197
42 42 268.963991792
43 43 237.024592472
44 44 427.814490163
45 45 481.402851859
46 46 449.07990452
47 47 0.00969990208583
48 48 348.588499177
49 49 427.343395725
50 50 0.00569332518387
51 51 0.00138260893251
52 52 108.475436909
53 53 307.835803113
54 54 440.48718633
55 55 0.00192236797461
56 56 588.970751407
57 57 216.528700286
58 58 241.645311268
59 59 0.00874429240345
60 60 0.00230880296807
61 61 223.966702507
62 62 334.137644875
63 63 116.984592321
64 64 0.00197484523737
65 65 0.00688643353802
66 66 470.642635762
67 67 486.180262209
68 68 81.3716221979
69 69 278.076982772
70 70 459.777620353
71 71 0.00159061190631
72 72 408.799770832
73 73 592.475345769
74 74 245.582918316
75 75 223.172946437
76 76 428.61815584
77 77 553.907754779
78 78 156.478171701
79 79 0.000829879288047
80 80 0.00351744051571
81 81 297.148965555
82 82 0.00973731526909
83 83 8.94102251901
84 84 442.145046416
85 85 575.322031086
86 86 0.00797604160198
87 87 417.916854049
88 88 76.0090308837
89 89 609.72546226
90 90 371.648260354
91 91 0.00636478027161
92 92 532.053367168
93 93 543.062035521
94 94 0.00630221995481
95 95 618.292012975
96 96 126.756742555
97 97 0.00284180920026
98 98 137.967502715
99 99 98.5321216381
100 100 529.104473062
101 101 381.824762671
102 102 150.14005385
103 103 20.4995934852
104 104 0.0031141939474
105 105 0.00959105483895
106 106 48.489877392
107 107 0.00405930872924
108 108 304.538846928
109 109 493.096984887
110 110 0.00637749812917
111 111 288.463167595
112 112 136.904507983
113 113 0.00351014222374
114 114 49.3566360857
115 115 0.00170287826627
116 116 158.938244602
117 117 453.156697676
118 118 455.223489615
119 119 444.538148279
120 120 0.00362917907813
121 121 405.896758749
122 122 187.195678938
123 123 195.193383013
124 124 0.00661610876763
125 125 0.00624832883315
126 126 0.00478515442113
127 127 108.483387854
128 128 9.61230430499
129 129 287.781605781
130 130 41.6796784974
131 131 361.035361975
132 132 619.54774992
133 133 163.584497803
134 134 0.00126383483721
135 135 0.00171984384992
136 136 84.0913688647
137 137 372.467323456
138 138 0.00625019508632
139 139 297.752368701
140 140 414.650370016
141 141 0.00565628659457
142 142 235.92266282
143 143 412.773813998
144 144 277.244878497
145 145 148.285598414
146 146 303.878144414
147 147 0.0087133469675
148 148 238.664601688
149 149 0.00491843363973
150 150 364.664690883
151 151 129.988841871
152 152 374.375697329
153 153 333.470831259
154 154 101.077345205
155 155 118.422573282
156 156 2.05762595868
157 157 408.970328911
158 158 0.00575484718729
159 159 278.935001698
160 160 566.951668672
161 161 0.00164218919645
162 162 0.0029332754693
163 163 344.77307101
164 164 545.953647064
165 165 0.00177552927195
166 166 410.296821006
167 167 0.00939902223839
168 168 193.901121763
169 169 463.607273007
170 170 145.508148148
171 171 560.510644028
172 172 519.322762843
173 173 65.2219747652
174 174 0.00518395234965
175 175 232.336799644
176 176 514.963788074
177 177 165.719587838
178 178 443.018737323
179 179 322.329065928
180 180 266.856791916
181 181 5.73123089783e-05
182 182 100.31094584
183 183 110.84932619
184 184 413.699928479
185 185 566.182276177
186 186 236.25134056
187 187 284.82225539
188 188 37.7313867943
189 189 0.00104169285951
190 190 483.660978449
191 191 578.356262275
192 192 15.2952059447
193 193 585.477818956
194 194 562.94700511
195 195 403.578431594
196 196 262.487799289
197 197 235.643469687
198 198 360.170978892
199 199 502.266367313
200 200 455.288593499
201 201 0.00915922941554
202 202 526.327629775
203 203 87.2469877155
204 204 382.689117214
205 205 15.4368276505
206 206 326.517872603
207 207 0.00234955265377
208 208 0.00372692145817
209 209 585.1183222
210 210 14.8161794898
211 211 420.490624444
212 212 440.505601351
213 213 0.009250416316
214 214 108.094329303
215 215 0.00971322616312
216 216 272.528722844
217 217 236.157569146
218 218 605.414107956
219 219 286.459422467
220 220 173.007086215
221 221 243.438332444
222 222 0.00261656659886
223 223 0.000387387234014
224 224 415.126726054
225 225 0.00546091710871
226 226 264.050833525
227 227 395.064358429
228 228 620.630694747
229 229 32.2563466483
230 230 546.160493124
231 231 295.597427067
232 232 0.00870687994391
233 233 0.0013577743488
234 234 184.879712774
235 235 0.00922272448451
236 236 95.4601576514
237 237 533.434737517
238 238 24.1758194293
239 239 0.00557351130416
240 240 190.463111407
241 241 336.903995165
242 242 23.6565487089
243 243 0.00210168567456
244 244 77.3356300188
245 245 316.230679305
246 246 571.651863121
247 247 310.951171373
248 248 0.00120417160572
249 249 538.87901738
250 250 0.00979185163039
251 251 0.00114669167712
252 252 465.82660615
253 253 317.324160425
254 254 130.447090057
255 255 535.11578125
256 256 0.00439330780013
257 257 432.297355229
258 258 573.562019941
259 259 9.69672829606
260 260 236.305968735
261 261 0.0068730458891
262 262 256.014513176
263 263 555.359490434
264 264 25.4338666977
265 265 0.00524911739339
266 266 494.468890421
267 267 385.560254717
268 268 58.2339292511
269 269 281.782441533
270 270 392.743928263
271 271 386.348529775
272 272 82.8116274968
273 273 0.00204735990122
274 274 347.303063844
275 275 549.365002199
276 276 287.409108639
277 277 516.507352318
278 278 8.13295016415e-05
279 279 204.039188273
280 280 450.076634916
281 281 450.110980513
282 282 219.632068673
283 283 311.001021368
284 284 612.47686336
285 285 317.920283416
286 286 0.00783795201045
287 287 512.597106766
288 288 114.243231607
289 289 171.671250931
290 290 503.314551298
291 291 262.991907003
292 292 594.85239143
293 293 0.00173235747979
294 294 0.00832249399582
295 295 549.222923395
296 296 0.00375252139672
297 297 0.000255404149373
298 298 160.289791796
299 299 484.745803089
300 300 56.9863443467
301 301 0.00695102138395
302 302 458.381737095
303 303 386.768833585
304 304 105.485907324
305 305 0.00223917602362
306 306 0.00348498567513
307 307 205.677228146
308 308 332.758673626
309 309 457.756610821
310 310 459.277670407
311 311 78.0907168501
312 312 318.145619005
313 313 0.00375767200818
314 314 79.9834685452
315 315 97.744875172
316 316 585.586944387
317 317 530.486143083
318 318 582.567122917
319 319 593.18935299
320 320 33.1009965806
321 321 0.00566227257435
322 322 35.6109007788
323 323 0.00292539887702
324 324 454.252358606
325 325 380.522665595
326 326 246.079910158
327 327 0.00461389821601
328 328 93.0926297684
329 329 147.319756368
330 330 586.849071644
331 331 324.987061649
332 332 0.00563902804711
333 333 479.266264296
334 334 73.4335553846
335 335 402.026683711
336 336 47.0706783265
337 337 490.699727278
338 338 562.90138741
339 339 291.993928542
340 340 485.973668318
341 341 426.174261769
342 342 569.182285248
343 343 561.406421762
344 344 169.716022037
345 345 272.058828144
346 346 287.895762289
347 347 0.00456328559114
348 348 93.062444128
349 349 486.913735546
350 350 464.36544384
351 351 0.00310750097132
352 352 0.00472809281933
353 353 142.165127052
354 354 0.00708654802182
355 355 0.00250622113136
356 356 390.029980102
357 357 297.224088071
358 358 10.1073035392
359 359 223.338955014
360 360 270.374062423
361 361 338.383238685
362 362 370.946809797
363 363 121.737737897
364 364 205.91613395
365 365 183.545670148
366 366 605.706258078
367 367 12.8124058659
368 368 509.144288062
369 369 0.00960400893851
370 370 0.00807568223355
371 371 512.963450615
372 372 0.00581645134054
373 373 568.771485715
374 374 554.386809992
375 375 0.000311888285027
376 376 469.816653051
377 377 303.449423009
378 378 372.850909107
379 379 0.0052664918103
380 380 502.443314024
381 381 336.962735015
382 382 341.119051899
383 383 0.00398634956569
384 384 87.8878139555
385 385 76.6083595029
386 386 0.00229780471554
387 387 71.8962783932
388 388 226.902903894
389 389 0.00951485404577
390 390 0.0018551093691
391 391 253.668988218
392 392 550.990754907
393 393 333.246510718
394 394 0.00663139842963
395 395 281.422828119
396 396 274.919130186
397 397 414.36290731
398 398 481.994864753
399 399 385.420744119
400 400 550.12151404
401 401 542.520877742
402 402 0.00570247149765
403 403 354.155850064
404 404 0.00670769547085
405 405 316.659065808
406 406 321.185315468
407 407 115.270494618
408 408 125.160665362
409 409 243.04134124
410 410 591.324456566
411 411 292.468624525
412 412 0.000618864124845
413 413 0.000839910527822
414 414 293.638474651
415 415 109.846925852
416 416 595.165864429
417 417 0.00456164249836
418 418 172.872450326
419 419 327.193886331
420 420 0.00413092801742
421 421 527.03894621
422 422 0.00756973934457
423 423 324.767804683
424 424 193.868203901
425 425 282.808849399
426 426 590.228413219
427 427 206.480700239
428 428 613.210755704
429 429 83.5586338755
430 430 462.561176735
431 431 0.000454128472083
432 432 21.767149422
433 433 0.0045975311081
434 434 48.2570769475
435 435 160.453418317
436 436 260.098727893
437 437 489.033360701
438 438 207.336656161
439 439 604.475734046
440 440 428.294922343
441 441 385.794194226
442 442 123.415330788
443 443 118.541000561
444 444 189.086832424
445 445 105.091068074
446 446 119.77916788
447 447 592.632012071
448 448 0.00672861331942
449 449 98.9771360418
450 450 0.00210871009963
451 451 134.943099094
452 452 53.5443879221
453 453 562.09575116
454 454 0.00731911518338
455 455 432.976894617
456 456 117.306506085
457 457 438.215065675
458 458 448.756689561
459 459 66.0671975611
460 460 0.00920958902691
461 461 306.471834878
462 462 531.993491601
463 463 370.664472086
464 464 590.750547974
465 465 256.849871077
466 466 0.00166680744928
467 467 0.0048583357706
468 468 193.669861472
469 469 0.00248979714489
470 470 192.277509875
471 471 0.00099250741096
472 472 137.348839534
473 473 265.263596138
474 474 64.5498837656
475 475 275.118942555
476 476 471.883122175
477 477 0.00235917598329
478 478 67.2056687797
479 479 350.520508254
480 480 0.00883090904237
481 481 546.557251379
482 482 0.00648710165525
483 483 529.891710357
484 484 0.00968988568039
485 485 1.01585168036
486 486 188.661650867
487 487 0.00677244887343
488 488 258.839068195
489 489 480.157767629
490 490 280.673302904
491 491 392.733308594
492 492 0.00724868553479
493 493 268.861737989
494 494 0.00812618823473
495 495 27.4690001195
496 496 159.729662849
497 497 544.290835846
498 498 0.00634866210439
499 499 0.00237543144224
500 500 135.52731733
501 501 551.545674276
502 502 77.7522255876
503 503 0.00134014029619
504 504 0.00196565917075
505 505 0.00190702199518
506 506 0.0018538361675
507 507 137.536359607
508 508 0.00347352110094
509 509 589.341408981
510 510 0.000635520981669
511 511 0.00114305026218
512 512 356.691456685
513 513 128.533007713
514 514 19.0387875675
515 515 495.867929221
516 516 43.4422321942
517 517 11.1661344273
518 518 127.030486942
519 519 574.486991072
520 520 283.168441728
521 521 498.054704957
522 522 92.4313236935
523 523 334.47574788
524 524 0.00745799870834
525 525 2.27785982316
526 526 187.263994534
527 527 448.896945788
528 528 590.262651207
529 529 56.6249971944
530 530 75.9136757216
531 531 0.00762872147048
532 532 420.456744256
533 533 32.1959005489
534 534 56.6709393946
535 535 391.37642765
536 536 152.72420226
537 537 0.00508630660248
538 538 148.55891718
539 539 49.8841307437
540 540 0.00776127943783
541 541 69.1731449511
542 542 387.558613212
543 543 0.00259601786375
544 544 0.00544565480369
545 545 470.387610818
546 546 498.858828345
547 547 121.97053407
548 548 107.26060908
549 549 14.4326039572
550 550 242.975909672
551 551 0.0086451551994
552 552 50.6543816824
553 553 624.059932247
554 554 535.024846619
555 555 0.00417995197035
556 556 0.00126379968326
557 557 225.778691955
558 558 223.069779627
559 559 243.677011874
560 560 478.600245378
561 561 573.996654597
562 562 0.00648438896032
563 563 79.55298406
564 564 0.00334803563715
565 565 36.3977785145
566 566 0.000447809346236
567 567 115.676308763
568 568 322.066527796
569 569 326.563613914
570 570 185.378174809
571 571 451.047325944
572 572 294.212900138
573 573 7.60459080091
574 574 0.000887469088997
575 575 412.331824822
576 576 77.8096238885
577 577 22.3434795253
578 578 518.851596852
579 579 553.637914967
580 580 103.120790794
581 581 274.931217029
582 582 61.3645339193
583 583 198.50767121
584 584 0.00619474450857
585 585 0.00129766210104
586 586 369.95722681
587 587 484.824918268
588 588 313.127493192
589 589 618.339435529
590 590 370.457135393
591 591 0.00640389498053
592 592 0.0055073960834
593 593 541.08576654
594 594 78.6711465181
595 595 140.187925844
596 596 307.219554046
597 597 616.309205038
598 598 294.938673736
599 599 132.895075411
600 600 485.827052846
601 601 290.871927247
602 602 0.00157944823632
603 603 560.627839263
604 604 556.104203145
605 605 0.00438607694975
606 606 0.0015490537355
607 607 196.755918158
608 608 0.00634253411666
609 609 0.00333873818637
610 610 243.70878181
611 611 460.867587265
612 612 242.686812988
613 613 444.679942713
614 614 379.856383644
615 615 0.00633523784647
616 616 0.00923115239872
617 617 0.00231275483276
618 618 157.788403154
619 619 0.00141474197005
620 620 437.900031843
621 621 275.850772668
622 622 296.430703843
623 623 595.180057737
624 624 28.1077949589
625 625 421.306040105
626 626 380.935990446
627 627 10.8966663162
628 628 32.1512421022
629 629 504.388671245
630 630 158.259909063
631 631 368.009013176
632 632 567.629691995
633 633 0.00979118247695
634 634 11.0364537219
635 635 245.026677551
636 636 0.00198036537137
637 637 0.00724792635362
638 638 0.00729789837272
639 639 340.845526142
640 640 0.00473862734899
641 641 179.979315964
642 642 0.00129504795913
643 643 481.011480615
644 644 362.060071232
645 645 607.724510512
646 646 123.146904318
647 647 497.99265892
648 648 0.00716509532002
649 649 0.00707582509348
650 650 187.528392886
651 651 0.00270996529584
652 652 469.594569305
653 653 0.00775546312991
654 654 66.3345347078
655 655 604.537516283
656 656 378.667628994
657 657 308.895925047
658 658 325.161606571
659 659 354.022698046
660 660 581.610745306
661 661 0.0041196001975
662 662 605.079579104
663 663 209.46622586
664 664 433.110489503
665 665 0.00822851513969
666 666 381.02567967
667 667 602.967763626
668 668 336.422807491
669 669 208.481365426
670 670 22.1485080372
671 671 519.686021813
672 672 401.718037324
673 673 574.849135959
674 674 148.076082017
675 675 434.731424814
676 676 56.1608842952
677 677 447.256755512
678 678 399.864579753
679 679 466.351988312
680 680 384.755125371
681 681 0.00589722935657
682 682 527.263970717
683 683 0.0097591390312
684 684 0.00361986080803
685 685 35.7185103985
686 686 330.531196728
687 687 539.284152524
688 688 579.853735487
689 689 0.00641679758457
690 690 96.0694439421
691 691 0.00178841339186
692 692 559.100408467
693 693 0.00912170065596
694 694 257.333303746
695 695 0.00707893988455
696 696 0.00708606130952
697 697 0.00768229770967
698 698 542.640522815
699 699 400.445374442
700 700 274.842476962
701 701 87.4381852852
702 702 200.65046986
703 703 293.725455267
704 704 420.94965654
705 705 262.192383015
706 706 523.438212114
707 707 486.17066348
708 708 0.00950039440958
709 709 265.045369269
710 710 0.00559731763279
711 711 177.897105467
712 712 261.794302033
713 713 22.3683938236
714 714 541.138699852
715 715 302.214509912
716 716 4.19698167791
717 717 225.144640811
718 718 589.468537127
719 719 583.439324994
720 720 260.237417656
721 721 122.108304984
722 722 209.559471328
723 723 0.00261782846045
724 724 345.154209717
725 725 0.000941269608981
726 726 87.0585466896
727 727 446.762125946
728 728 355.695186642
729 729 0.00607250509973
730 730 331.575748615
731 731 579.652410996
732 732 0.00744073976102
733 733 0.00927225543245
734 734 187.840590238
735 735 275.995296262
736 736 541.869642784
737 737 0.00698350295699
738 738 155.552755028
739 739 391.628758872
740 740 280.95632221
741 741 11.9764240416
742 742 452.276413731
743 743 405.722233642
744 744 386.802491025
745 745 0.00223475254625
746 746 0.0012204459375
747 747 414.45015909
748 748 249.028593245
749 749 302.307360669
750 750 512.618709461
751 751 45.4532546712
752 752 43.0093021284
753 753 409.046174499
754 754 137.924939333
755 755 410.562758478
756 756 573.201949608
757 757 0.00797810367413
758 758 343.929178214
759 759 0.00840693368777
760 760 0.00995774540685
761 761 197.058233196
762 762 0.00562407628598
763 763 519.745036191
764 764 375.551869011
765 765 0.00660118186661
766 766 611.39090792
767 767 314.6675608
768 768 379.468002632
769 769 340.142252791
770 770 9.99930397131
771 771 531.532065429
772 772 0.00474285883115
773 773 455.067453601
774 774 191.702728221
775 775 0.00415772101745
776 776 0.00511792723165
777 777 0.00785932385239
778 778 455.525914397
779 779 365.241281056
780 780 182.666597083
781 781 0.00219382888581
782 782 0.00142831665904
783 783 0.00137410905166
784 784 0.00239720550264
785 785 329.609765976
786 786 12.2184532533
787 787 0.000253323958994
788 788 207.04961065
789 789 300.234557625
790 790 0.0052645389183
791 791 490.395686836
792 792 592.176818324
793 793 320.803206402
794 794 479.368915196
795 795 96.6833857226
796 796 53.1011394564
797 797 488.326328064
798 798 5.94451638294
799 799 0.00695374736371
800 800 0.00418395224364
801 801 0.00855792185407
802 802 624.808403809
803 803 216.15066444
804 804 154.731818684
805 805 0.00749357952587
806 806 391.321167624
807 807 185.365485591
808 808 0.000115148452204
809 809 59.3986096028
810 810 0.0010143540456
811 811 176.997488403
812 812 201.008928655
813 813 0.00481119739706
814 814 246.836297191
815 815 266.577679204
816 816 40.2872776816
817 817 520.83049998
818 818 526.380136499
819 819 529.289788772
820 820 270.993562988
821 821 574.118427378
822 822 16.1347046875
823 823 382.103990398
824 824 204.811202993
825 825 207.38722935
826 826 625.181712097
827 827 231.357932244
828 828 488.469325548
829 829 0.00582294220968
830 830 0.0010535303663
831 831 419.12357426
832 832 0.0095626452102
833 833 601.313574094
834 834 0.00342770209272
835 835 0.00369326420076
836 836 164.949887828
837 837 0.00301374576227
838 838 314.229455568
839 839 413.945405721
840 840 140.773606594
841 841 196.968171121
842 842 370.069788023
843 843 378.451820052
844 844 0.00670628344822
845 845 102.210705349
846 846 0.00682916768579
847 847 11.55651396
848 848 307.615807167
849 849 0.00721209429045
850 850 0.00429449444738
851 851 60.6419136487
852 852 323.198231284
853 853 325.52718265
854 854 208.3984247
855 855 0.0067875934393
856 856 528.100599679
857 857 0.0074263789621
858 858 351.688622447
859 859 0.00135324961469
860 860 452.631692596
861 861 86.0990777463
862 862 548.397173291
863 863 0.00330805177943
864 864 0.00656052493576
865 865 541.746664783
866 866 326.176274348
867 867 0.00384128524593
868 868 442.582351046
869 869 34.2332321678
870 870 194.229756204
871 871 368.112790358
872 872 160.142711441
873 873 213.450972854
874 874 578.518433045
875 875 580.92721534
876 876 446.929875444
877 877 356.157096067
878 878 0.00518931802596
879 879 97.5513294595
880 880 144.841039227
881 881 14.0449096686
882 882 383.965614921
883 883 0.00820731649039
884 884 349.975410158
885 885 0.00361754579216
886 886 449.665058449
887 887 527.97158142
888 888 0.00202841158292
889 889 549.757442601
890 890 69.3863597719
891 891 455.44199759
892 892 358.053800317
893 893 275.220290383
894 894 116.581750395
895 895 455.544782929
896 896 520.397655768
897 897 125.32577024
898 898 493.95270258
899 899 175.177921784
900 900 216.276930145
901 901 451.535246271
902 902 334.035228868
903 903 399.622688963
904 904 218.026833304
905 905 0.00346527981543
906 906 137.788332887
907 907 509.826604763
908 908 378.156116873
909 909 32.2024462971
910 910 291.928551805
911 911 31.976090476
912 912 256.59606119
913 913 580.278876385
914 914 299.282170802
915 915 0.00450598516061
916 916 0.008128402024
917 917 415.663510468
918 918 553.275527887
919 919 382.342876242
920 920 88.5443676581
921 921 99.4092557312
922 922 0.0044705708377
923 923 374.78452437
924 924 18.4722750451
925 925 291.531259113
926 926 457.69750706
927 927 9.98853368694e-05
928 928 0.00320281148804
929 929 0.00576992632421
930 930 202.114742171
931 931 0.00777265989002
932 932 0.00159717073061
933 933 352.324787812
934 934 173.3941606
935 935 622.254301375
936 936 0.00151404860098
937 937 0.0094337196873
938 938 327.520877964
939 939 245.589871511
940 940 137.608412552
941 941 541.747723411
942 942 2.76932516992
943 943 557.746663412
944 944 63.7954668143
945 945 21.4864412954
946 946 479.638677559
947 947 0.00335368633273
948 948 0.00684581226982
949 949 276.533962085
950 950 458.667670325
951 951 264.5265624
952 952 290.620761693
953 953 0.00858800117143
954 954 0.00644496363714
955 955 338.212562574
956 956 0.00436820355774
957 957 0.00764657134241
958 958 0.00681429511364
959 959 313.881617581
960 960 320.437703763
961 961 234.209301097
962 962 188.069485328
963 963 332.901055518
964 964 433.339617499
965 965 369.265203119
966 966 173.015451759
967 967 554.232796502
968 968 395.763906682
969 969 508.034025893
970 970 243.636016465
971 971 500.979995765
972 972 389.221917009
973 973 318.297387805
974 974 353.172526661
975 975 318.017949037
976 976 1.41094521911e-05
977 977 129.775115691
978 978 0.00780873852976
979 979 45.9913410308
980 980 12.9600193097
981 981 246.121141486
982 982 282.735140843
983 983 14.0831509991
984 984 522.398619355
985 985 69.1686086465
986 986 600.398201212
987 987 202.934643239
988 988 0.00144840045638
989 989 0.00423193473355
990 990 0.00689702136926
991 991 22.8596271121
992 992 490.87261207
993 993 110.391685632
994 994 623.15510495
995 995 614.286445204
996 996 599.368808447
997 997 31.0703481914
998 998 427.66265206
999 999 0.00160050501873
1000 1000 305.779550518
1001 1001 328.793783997
1002 1002 356.521573743
1003 1003 0.00806938642383
1004 1004 0.00491868667216
1005 1005 620.665405026
1006 1006 82.3444445249
1007 1007 247.416520893
1008 1008 224.605485132
1009 1009 564.41922248
1010 1010 303.748573508
1011 1011 135.070515269
1012 1012 0.00709715452682
1013 1013 521.651980319
1014 1014 479.414087183
1015 1015 42.8099488796
1016 1016 471.303912015
1017 1017 442.33973743
1018 1018 0.00284351747227
1019 1019 0.0015943306529
1020 1020 231.448766653
1021 1021 400.666727149
1022 1022 153.893805693
1023 1023 406.311129753
1024 1024 22.1204772776
1025 1025 0.583400755812
1026 1026 189.493334522
1027 1027 403.797352908
1028 1028 161.418714638
1029 1029 10.3348997078
1030 1030 256.771180604
1031 1031 624.989488732
1032 1032 0.00165709884456
1033 1033 8.57481274274e-06
1034 1034 464.022197148
1035 1035 0.00226989449222
1036 1036 103.342492387
1037 1037 297.449701506
1038 1038 358.761464657
1039 1039 0.00395074545963
1040 1040 57.5109082866
1041 1041 42.5610167978
1042 1042 0.00354627051801
1043 1043 140.797422659
1044 1044 419.617293911
1045 1045 19.5942176517
1046 1046 359.946546325
1047 1047 479.956887482
1048 1048 143.573994115
1049 1049 92.4679766215
1050 1050 311.548279997
1051 1051 430.996676502
1052 1052 565.393151144
1053 1053 318.670596458
1054 1054 128.245377456
1055 1055 264.897934181
1056 1056 132.430024352
1057 1057 266.97219884
1058 1058 35.3886910676
1059 1059 0.00159538381406
1060 1060 300.042965242
1061 1061 208.940820815
1062 1062 263.980827613
1063 1063 475.368367251
1064 1064 496.763239615
1065 1065 27.795085021
1066 1066 617.489846938
1067 1067 0.00240788726025
1068 1068 197.30613878
1069 1069 452.712570058
1070 1070 497.926717014
1071 1071 452.598816945
1072 1072 508.247919457
1073 1073 0.0084654313571
1074 1074 599.672116192
1075 1075 384.586190376
1076 1076 148.380816928
1077 1077 358.770070805
1078 1078 561.261437333
1079 1079 505.544922381
1080 1080 542.208649231
1081 1081 0.00121588745543
1082 1082 0.00807071243766
1083 1083 184.091765639
1084 1084 423.100932095
1085 1085 0.0034292430559
1086 1086 263.926998532
1087 1087 0.00526120595209
1088 1088 604.273830962
1089 1089 361.426721652
1090 1090 170.741668993
1091 1091 612.678786698
1092 1092 0.00606212469214
1093 1093 21.3397523072
1094 1094 208.166782413
1095 1095 477.972496129
1096 1096 0.00197879060339
1097 1097 90.1106203574
1098 1098 453.131527947
1099 1099 614.52423267
1100 1100 147.539065139
1101 1101 242.400963884
1102 1102 7.71479576612e-05
1103 1103 575.13727695
1104 1104 0.00996569998252
1105 1105 0.00475842684877
1106 1106 473.129310249
1107 1107 372.585579095
1108 1108 0.00323399749093
1109 1109 623.212735945
1110 1110 76.5525961117
1111 1111 26.0078287349
1112 1112 393.277216039
1113 1113 593.714355335
1114 1114 423.825900987
1115 1115 458.266941967
1116 1116 0.00982364862623
1117 1117 321.623643466
1118 1118 188.604295984
1119 1119 471.697644172
1120 1120 613.533978174
1121 1121 162.948440986
1122 1122 169.008088751
1123 1123 391.214267196
1124 1124 323.037953281
1125 1125 542.976284028
1126 1126 99.9994044976
1127 1127 589.882178901
1128 1128 471.587264906
1129 1129 159.748361582
1130 1130 3.39047487322e-05
1131 1131 0.000317447596171
1132 1132 472.803214404
1133 1133 552.939230595
1134 1134 328.120760569
1135 1135 0.00136606897687
1136 1136 138.287219613
1137 1137 15.5749734224
1138 1138 0.00455371100967
1139 1139 0.00041256588502
1140 1140 503.02614854
1141 1141 379.128635826
1142 1142 0.00577758376501
1143 1143 41.6292531735
1144 1144 96.6121909293
1145 1145 0.00447048214615
1146 1146 0.00852090770888
1147 1147 0.00338480553143
1148 1148 614.352379809
1149 1149 0.0084845133319
1150 1150 455.670308116
1151 1151 103.42537445
1152 1152 496.225281986
1153 1153 0.00847317656464
1154 1154 11.8228336165
1155 1155 572.28291405
1156 1156 570.393867636
1157 1157 440.454669154
1158 1158 0.0033433548992
1159 1159 59.4637164161
1160 1160 494.247944602
1161 1161 43.6696546565
1162 1162 366.859674889
1163 1163 539.420262614
1164 1164 0.00833673824147
1165 1165 493.745585847
1166 1166 350.008647858
1167 1167 0.00337964641349
1168 1168 196.819686598
1169 1169 0.00162713730111
1170 1170 160.996515577
1171 1171 596.85221241
1172 1172 291.899537044
1173 1173 420.444691035
1174 1174 0.00448016252331
1175 1175 0.00699106060313
1176 1176 226.539006588
1177 1177 603.684158332
1178 1178 273.179294283
1179 1179 87.3641066583
1180 1180 29.2824591533
1181 1181 592.484652325
1182 1182 24.5510085449
1183 1183 0.330973975705
1184 1184 375.900724508
1185 1185 386.278943305
1186 1186 255.00769166
1187 1187 300.529498135
1188 1188 0.00160945969203
1189 1189 389.239440587
1190 1190 427.78368533
1191 1191 0.00646913412604
1192 1192 0.00677041879475
1193 1193 401.777810513
1194 1194 475.715211147
1195 1195 277.045101184
1196 1196 126.905546521
1197 1197 516.942541984
1198 1198 178.012765092
1199 1199 217.704414516
1200 1200 228.047774424
1201 1201 0.000854470720301
1202 1202 190.19582285
1203 1203 2.34376332207
1204 1204 97.2021190405
1205 1205 326.161934747
1206 1206 400.606315547
1207 1207 373.208367251
1208 1208 65.0543363443
1209 1209 0.000484823473323
1210 1210 7.46632495769
1211 1211 0.00928707491391
1212 1212 575.464163173
1213 1213 0.0071631486715
1214 1214 69.0887233038
1215 1215 489.505950121
1216 1216 432.59277768
1217 1217 121.743832823
1218 1218 0.00856351704362
1219 1219 113.836579248
1220 1220 264.61670918
1221 1221 224.626502598
1222 1222 361.471378704
1223 1223 124.410223379
1224 1224 0.00126439458413
1225 1225 0.00155277654089
1226 1226 0.00899097454781
1227 1227 307.54421078
1228 1228 166.247202309
1229 1229 436.613323571
1230 1230 65.2489584221
1231 1231 0.00568086697902
1232 1232 535.484006324
1233 1233 360.340603618
1234 1234 220.414410826
1235 1235 248.831596017
1236 1236 514.878335671
1237 1237 352.623404823
1238 1238 612.519945483
1239 1239 617.448699384
1240 1240 397.57448192
1241 1241 613.623178855
1242 1242 222.249732194
1243 1243 160.031769354
1244 1244 372.252179994
1245 1245 0.00198981777264
1246 1246 327.085327341
1247 1247 498.161115371
1248 1248 0.00126749599205
1249 1249 72.5022452485
1250 1250 415.88925802
1251 1251 117.566960986
1252 1252 208.046641922
1253 1253 326.809343541
1254 1254 2.4494386606
1255 1255 395.14019956
1256 1256 537.87191791
1257 1257 195.983320766
1258 1258 269.686523756
1259 1259 0.000485353790274
1260 1260 530.395912549
1261 1261 0.00281561079624
1262 1262 588.886966741
1263 1263 100.349474134
1264 1264 559.864484845
1265 1265 408.092907512
1266 1266 510.145525424
1267 1267 87.4271182705
1268 1268 106.467323915
1269 1269 358.499898685
1270 1270 16.9278530737
1271 1271 0.00401207031401
1272 1272 474.805720481
1273 1273 0.00428659504092
1274 1274 0.00427732591218
1275 1275 0.000130491219846
1276 1276 201.72733783
1277 1277 161.839507202
1278 1278 161.247706879
1279 1279 310.897488959
1280 1280 188.342208654
1281 1281 0.00299116049432
1282 1282 313.651873246
1283 1283 265.097379299
1284 1284 54.1496735262
1285 1285 0.00869181502173
1286 1286 0.00770984202103
1287 1287 564.516728391
1288 1288 338.791774171
1289 1289 544.335144177
1290 1290 575.276172973
1291 1291 520.54991676
1292 1292 21.739051267
1293 1293 428.126069625
1294 1294 615.213562453
1295 1295 0.00495274084652
1296 1296 257.06919212
1297 1297 98.2306087742
1298 1298 462.925819766
1299 1299 16.2647170806
1300 1300 90.3293076454
1301 1301 601.209608181
1302 1302 0.000615381821538
1303 1303 427.174906998
1304 1304 208.404262935
1305 1305 355.435435348
1306 1306 429.710229692
1307 1307 476.973563957
1308 1308 189.880589475
1309 1309 85.3140659506
1310 1310 0.00617260113656
1311 1311 0.00545863181984
1312 1312 85.4341369532
1313 1313 0.000456891179098
1314 1314 0.0025490707079
1315 1315 148.853818972
1316 1316 0.000235498135939
1317 1317 485.307159474
1318 1318 78.0072007872
1319 1319 81.8220273737
1320 1320 250.242251021
1321 1321 318.497071783
1322 1322 279.207702289
1323 1323 271.168521199
1324 1324 82.5205133616
1325 1325 218.777996208
1326 1326 478.349040621
1327 1327 0.00963882497271
1328 1328 522.764543708
1329 1329 161.507468539
1330 1330 229.386158721
1331 1331 185.836665741
1332 1332 317.454503292
1333 1333 138.386757852
1334 1334 52.5227333897
1335 1335 489.288318776
1336 1336 185.744493159
1337 1337 111.687068967
1338 1338 321.761088404
1339 1339 422.42980342
1340 1340 215.474748978
1341 1341 430.22920596
1342 1342 356.67544054
1343 1343 253.466768999
1344 1344 0.0095825486415
1345 1345 389.978463863
1346 1346 474.984106978
1347 1347 81.7035461378
1348 1348 455.226836447
1349 1349 0.00210872551308
1350 1350 573.533191882
1351 1351 565.499806265
1352 1352 454.512480614
1353 1353 494.12247693
1354 1354 451.729318266
1355 1355 0.00718881925699
1356 1356 308.251806838
1357 1357 0.00837248270878
1358 1358 89.8590847935
1359 1359 0.00678332062683
1360 1360 378.741261906
1361 1361 394.163747966
1362 1362 210.742469822
1363 1363 258.266688364
1364 1364 125.029393955
1365 1365 0.00747047583355
1366 1366 152.484183896
1367 1367 85.6615755711
1368 1368 569.618698863
1369 1369 530.812398672
1370 1370 247.635572571
1371 1371 157.026881106
1372 1372 0.00563381816732
1373 1373 0.00943540508628
1374 1374 7.92695454558e-05
1375 1375 0.00991142792462
1376 1376 582.54329386
1377 1377 204.440099889
1378 1378 431.997133221
1379 1379 278.188709084
1380 1380 324.980592488
1381 1381 54.7773311774
1382 1382 625.139096306
1383 1383 620.028877348
1384 1384 146.174112999
1385 1385 0.0047306083345
1386 1386 0.00530620517424
1387 1387 586.076250862
1388 1388 0.00761045070125
1389 1389 483.945587812
1390 1390 423.560631391
1391 1391 0.00850682577527
1392 1392 0.00368556071675
1393 1393 0.0055550648836
1394 1394 0.00845335496974
1395 1395 6.49238579378
1396 1396 174.195292928
1397 1397 203.780239315
1398 1398 357.349771819
1399 1399 0.00934077555496
1400 1400 11.5671366178
1401 1401 105.504981631
1402 1402 70.4355573028
1403 1403 493.027912209
1404 1404 485.44210215
1405 1405 508.093595916
1406 1406 0.00442354957841
1407 1407 304.573976607
1408 1408 414.992182003
1409 1409 105.348357126
1410 1410 0.00179736652545
1411 1411 270.16257424
1412 1412 0.0052604510945
1413 1413 329.502475698
1414 1414 340.463096638
1415 1415 411.029556431
1416 1416 0.00433011150899
1417 1417 146.475646563
1418 1418 85.3615899181
1419 1419 539.626951977
1420 1420 0.00683830843006
1421 1421 0.00509570813006
1422 1422 550.312542876
1423 1423 392.023199748
1424 1424 509.647606071
1425 1425 0.00149193804435
1426 1426 461.900884971
1427 1427 394.414902669
1428 1428 500.713938582
1429 1429 0.00554933043111
1430 1430 0.00446781542739
1431 1431 538.002673583
1432 1432 186.827920292
1433 1433 527.204347025
1434 1434 445.601035937
1435 1435 421.125251736
1436 1436 285.50486215
1437 1437 236.156231315
1438 1438 552.543092293
1439 1439 534.793576456
1440 1440 315.1515605
1441 1441 356.491399333
1442 1442 620.844259357
1443 1443 68.1634100986
1444 1444 0.00981118250447
1445 1445 164.414299469
1446 1446 559.447191357
1447 1447 76.9748043658
1448 1448 550.348670065
1449 1449 77.1899077191
1450 1450 8.27572329937
1451 1451 239.321603336
1452 1452 72.0226888705
1453 1453 418.59690923
1454 1454 104.776925933
1455 1455 0.0098009224519
1456 1456 276.323418796
1457 1457 213.150266454
1458 1458 204.580156317
1459 1459 82.1834908476
1460 1460 390.226644161
1461 1461 422.513162945
1462 1462 0.00620991162749
1463 1463 0.000351971962147
1464 1464 148.850654641
1465 1465 0.00747877915782
1466 1466 2.01171245835
1467 1467 87.7548615751
1468 1468 420.298732155
1469 1469 33.7156401258
1470 1470 112.927020909
1471 1471 65.0738354354
1472 1472 291.857129551
1473 1473 553.940036619
1474 1474 164.797645399
1475 1475 421.021200514
1476 1476 287.255313076
1477 1477 272.995487087
1478 1478 225.629640009
1479 1479 333.565582967
1480 1480 601.690338083
1481 1481 354.149355191
1482 1482 615.934138653
1483 1483 43.3257709931
1484 1484 208.18294087
1485 1485 222.969641763
1486 1486 380.146618169
1487 1487 3.0248904233
1488 1488 138.268238101
1489 1489 99.1067927828
1490 1490 0.00653407846265
1491 1491 120.976420568
1492 1492 351.729221743
1493 1493 0.00677578886658
1494 1494 22.204971003
1495 1495 148.828240117
1496 1496 0.00265991963019
1497 1497 306.328451411
1498 1498 0.00397485212525
1499 1499 266.988579802
1500 1500 49.0166032053
1501 1501 356.094463247
1502 1502 597.558038025
1503 1503 0.00981938212606
1504 1504 568.083482818
1505 1505 178.880351297
1506 1506 397.661626545
1507 1507 0.00130139489567
1508 1508 359.517728158
1509 1509 0.00829042664974
1510 1510 0.00851112443927
1511 1511 208.607116567
1512 1512 0.00760214156482
1513 1513 0.000700680019655
1514 1514 126.305697769
1515 1515 34.3993655838
1516 1516 335.307367963
1517 1517 0.000419205182213
1518 1518 507.536018492
1519 1519 512.203241094
1520 1520 51.9843553733
1521 1521 0.00652979372348
1522 1522 0.00703110367605
1523 1523 352.201242642
1524 1524 28.0375682393
1525 1525 309.288361339
1526 1526 494.809325696
1527 1527 0.000112465955666
1528 1528 319.262496164
1529 1529 0.00223192718509
1530 1530 0.00580735992155
1531 1531 0.00650123040062
1532 1532 135.91693247
1533 1533 192.943146919
1534 1534 0.00266281169271
1535 1535 510.657674243
1536 1536 428.460459862
1537 1537 0.00992705725292
1538 1538 0.00628889723997
1539 1539 69.8387597607
1540 1540 154.201780208
1541 1541 571.29985621
1542 1542 96.7151357329
1543 1543 0.0041640429012
1544 1544 275.80848861
1545 1545 55.1109176617
1546 1546 0.00436874132192
1547 1547 510.37008004
1548 1548 556.083465964
1549 1549 47.9337532375
1550 1550 216.936420022
1551 1551 51.4200707482
1552 1552 156.878967087
1553 1553 195.979496561
1554 1554 540.113791665
1555 1555 0.00546813051823
1556 1556 5.57061785165
1557 1557 527.803328253
1558 1558 42.2891361762
1559 1559 2.24854507345
1560 1560 320.85161311
1561 1561 0.00923302364791
1562 1562 0.00294803301037
1563 1563 135.348472754
1564 1564 153.083669741
1565 1565 0.00348049755463
1566 1566 571.047021195
1567 1567 84.2750914016
1568 1568 481.908571808
1569 1569 176.202020436
1570 1570 0.00292151525078
1571 1571 237.322981383
1572 1572 0.00595404972797
1573 1573 102.207657113
1574 1574 285.164043953
1575 1575 238.571658053
1576 1576 74.2404147335
1577 1577 221.624679752
1578 1578 386.529294945
1579 1579 120.763840811
1580 1580 77.6103845283
1581 1581 0.00154725442627
1582 1582 604.769792703
1583 1583 550.691064911
1584 1584 361.681912424
1585 1585 71.651515762
1586 1586 0.00452032861739
1587 1587 327.574658698
1588 1588 134.391779439
1589 1589 616.571409537
1590 1590 380.166717305
1591 1591 514.652529755
1592 1592 73.6088024117
1593 1593 311.305705599
1594 1594 0.00489848338894
1595 1595 359.736244434
1596 1596 225.245428184
1597 1597 414.591061602
1598 1598 615.25410015
1599 1599 0.00276094363759
1600 1600 0.00210587069704
1601 1601 0.00544439183139
1602 1602 0.00864627658331
1603 1603 33.3374313038
1604 1604 0.00750310089513
1605 1605 364.71136628
1606 1606 547.474810833
1607 1607 0.00979424816986
1608 1608 0.00627970536983
1609 1609 109.458584288
1610 1610 512.301145771
1611 1611 0.00237977544392
1612 1612 420.641978814
1613 1613 135.361184256
1614 1614 622.543277597
1615 1615 254.618130991
1616 1616 0.00675094425423
1617 1617 225.786343071
1618 1618 77.0112055535
1619 1619 497.076440983
1620 1620 58.5793219475
1621 1621 341.476530561
1622 1622 296.536901176
1623 1623 0.00627126992992
1624 1624 496.927424185
1625 1625 278.924983412
1626 1626 167.473921009
1627 1627 0.00315293881769
1628 1628 30.2486142033
1629 1629 19.595960996
1630 1630 0.00808509520145
1631 1631 357.838458302
1632 1632 0.00249268949584
1633 1633 78.0225101972
1634 1634 603.079619162
1635 1635 521.100158827
1636 1636 0.00392489032921
1637 1637 70.1288667454
1638 1638 328.957737688
1639 1639 281.007600855
1640 1640 587.29399485
1641 1641 255.746494211
1642 1642 511.888497856
1643 1643 0.00226784233779
1644 1644 379.927129128
1645 1645 43.3849198412
1646 1646 0.000873927186994
1647 1647 466.281428159
1648 1648 29.8735922012
1649 1649 0.00772741321466
1650 1650 0.00629404030832
1651 1651 54.2097981299
1652 1652 380.346901569
1653 1653 0.00639742748162
1654 1654 469.592020556
1655 1655 368.699495101
1656 1656 8.21727038975
1657 1657 256.770965892
1658 1658 545.070596598
1659 1659 0.00879129856235
1660 1660 81.237268119
1661 1661 0.000647697368826
1662 1662 0.00298122765167
1663 1663 594.770877053
1664 1664 538.093416971
1665 1665 383.862929676
1666 1666 303.383586334
1667 1667 422.994744296
1668 1668 32.2634613584
1669 1669 393.190472419
1670 1670 0.00631247967571
1671 1671 400.044771458
1672 1672 90.3078410445
1673 1673 555.013917586
1674 1674 7.69556487625
1675 1675 498.750006427
1676 1676 390.422792531
1677 1677 463.078268346
1678 1678 582.704742831
1679 1679 269.5454597
1680 1680 0.00522987128054
1681 1681 108.052086162
1682 1682 41.902227675
1683 1683 337.40517488
1684 1684 561.672583757
1685 1685 112.71139481
1686 1686 599.48715091
1687 1687 191.941545857
1688 1688 184.01737229
1689 1689 15.0414013443
1690 1690 318.156502201
1691 1691 0.00284662571139
1692 1692 382.568904488
1693 1693 177.956382591
1694 1694 29.4051815911
1695 1695 612.172657848
1696 1696 465.441674008
1697 1697 0.00798393250299
1698 1698 65.2079522591
1699 1699 389.454314532
1700 1700 171.600659244
1701 1701 65.1216105575
1702 1702 287.494572182
1703 1703 568.08301886
1704 1704 80.5445026839
1705 1705 311.975719958
1706 1706 0.00499568982257
1707 1707 535.297701635
1708 1708 471.972160619
1709 1709 598.452054389
1710 1710 13.2382711705
1711 1711 260.962611661
1712 1712 422.886135768
1713 1713 0.00281321210936
1714 1714 87.9680570703
1715 1715 559.384193268
1716 1716 151.951087751
1717 1717 0.00420080461901
1718 1718 0.00678204762214
1719 1719 68.2794222821
1720 1720 105.864271525
1721 1721 268.031775264
1722 1722 0.00636956744472
1723 1723 0.000528074603577
1724 1724 490.421397686
1725 1725 0.00795403111512
1726 1726 18.2722746679
1727 1727 226.87057032
1728 1728 4.00199179573
1729 1729 201.070967967
1730 1730 568.753445298
1731 1731 559.473803159
1732 1732 272.520150609
1733 1733 245.895505341
1734 1734 449.015555403
1735 1735 550.219990908
1736 1736 312.913210488
1737 1737 201.658832785
1738 1738 229.356726528
1739 1739 400.520679681
1740 1740 0.00465970686259
1741 1741 597.331563973
1742 1742 0.0097531932047
1743 1743 355.806316687
1744 1744 441.487220128
1745 1745 116.367135634
1746 1746 227.483441394
1747 1747 201.381294339
1748 1748 416.482329564
1749 1749 48.7396308995
1750 1750 560.162845614
1751 1751 123.548927216
1752 1752 248.913195673
1753 1753 25.7136694923
1754 1754 529.214119431
1755 1755 185.390599435
1756 1756 485.167462063
1757 1757 454.988174154
1758 1758 416.871163003
1759 1759 146.448790059
1760 1760 354.765720126
1761 1761 11.1149829304
1762 1762 539.809018781
1763 1763 158.484290149
1764 1764 205.45647881
1765 1765 131.440220472
1766 1766 604.875058252
1767 1767 304.361621775
1768 1768 0.00378253612653
1769 1769 522.585898581
1770 1770 575.025176918
1771 1771 195.805116172
1772 1772 554.454870578
1773 1773 334.790011924
1774 1774 370.080786191
1775 1775 0.00039022981912
1776 1776 0.00301376861553
1777 1777 0.00928501928085
1778 1778 583.085293818
1779 1779 560.423167018
1780 1780 0.00507677362121
1781 1781 571.851727589
1782 1782 0.000722034156753
1783 1783 195.222911739
1784 1784 295.209944165
1785 1785 573.669015067
1786 1786 196.821291875
1787 1787 173.036622531
1788 1788 0.00464538462258
1789 1789 308.323411149
1790 1790 0.00431925695364
1791 1791 0.000984479010983
1792 1792 295.490703006
1793 1793 148.208246285
1794 1794 280.953015915
1795 1795 0.00287566994843
1796 1796 124.236402962
1797 1797 350.886817466
1798 1798 0.00455487029025
1799 1799 279.534305038
1800 1800 408.938591303
1801 1801 221.286608277
1802 1802 574.693776238
1803 1803 79.0576291063
1804 1804 342.67618961
1805 1805 96.2826882626
1806 1806 365.978258549
1807 1807 41.1830293439
1808 1808 163.903711671
1809 1809 7.16463669002e-05
1810 1810 429.884726316
1811 1811 538.707491028
1812 1812 12.7015490806
1813 1813 166.964645897
1814 1814 132.069200731
1815 1815 103.665156279
1816 1816 210.706707701
1817 1817 275.957181495
1818 1818 0.00427346306357
1819 1819 0.0055484553155
1820 1820 0.00691491556597
1821 1821 483.975397598
1822 1822 351.543310505
1823 1823 200.913606337
1824 1824 62.8603133394
1825 1825 174.388795444
1826 1826 0.000889428674268
1827 1827 415.929016497
1828 1828 546.991065882
1829 1829 0.00081110941544
1830 1830 466.343678232
1831 1831 48.616015403
1832 1832 0.00613808747492
1833 1833 311.37638105
1834 1834 539.7337447
1835 1835 517.575588392
1836 1836 241.488772145
1837 1837 0.003138217193
1838 1838 0.00374164606086
1839 1839 232.77999841
1840 1840 0.00848940494287
1841 1841 504.193166251
1842 1842 0.0012004428763
1843 1843 197.136002999
1844 1844 0.00890404476991
1845 1845 339.609386353
1846 1846 0.0028895752116
1847 1847 569.872611468
1848 1848 0.000717317247565
1849 1849 475.563600912
1850 1850 0.00340493446248
1851 1851 95.4116467846
1852 1852 410.31092912
1853 1853 372.713509036
1854 1854 209.042341074
1855 1855 25.3873837374
1856 1856 148.070635849
1857 1857 510.690140938
1858 1858 0.00749091068969
1859 1859 6.61506939599
1860 1860 299.793487489
1861 1861 246.469692257
1862 1862 0.00103252462021
1863 1863 33.3265925264
1864 1864 61.1531093751
1865 1865 0.00463236235897
1866 1866 577.46519122
1867 1867 0.00590863877864
1868 1868 112.759600038
1869 1869 51.1302622204
1870 1870 144.97033666
1871 1871 619.796326227
1872 1872 600.091922726
1873 1873 612.011937998
1874 1874 112.157621573
1875 1875 44.7684117345
1876 1876 470.43406225
1877 1877 528.158519215
1878 1878 566.706968558
1879 1879 154.464194443
1880 1880 415.284831653
1881 1881 107.845292107
1882 1882 570.397219275
1883 1883 231.21177757
1884 1884 413.942644573
1885 1885 0.00690719584372
1886 1886 539.769681421
1887 1887 0.00271369162542
1888 1888 1.71792829397
1889 1889 458.516265782
1890 1890 532.345586537
1891 1891 0.00116056015456
1892 1892 0.00909346434338
1893 1893 460.975278681
1894 1894 320.578388704
1895 1895 249.017556815
1896 1896 611.720937006
1897 1897 328.200053759
1898 1898 430.974805776
1899 1899 597.920661423
1900 1900 357.94692953
1901 1901 333.049877458
1902 1902 121.115458114
1903 1903 113.229506152
1904 1904 124.261045885
1905 1905 214.010835784
1906 1906 352.11028092
1907 1907 585.735863372
1908 1908 302.180024068
1909 1909 0.00693234811224
1910 1910 0.00930579356691
1911 1911 228.263768287
1912 1912 0.00480145609082
1913 1913 0.00471238437023
1914 1914 74.3864837069
1915 1915 539.050270759
1916 1916 0.00244974332086
1917 1917 395.537774579
1918 1918 390.133252317
1919 1919 90.5661941178
1920 1920 366.415210487
1921 1921 581.942241553
1922 1922 157.469733523
1923 1923 482.151468935
1924 1924 260.804080244
1925 1925 502.677117734
1926 1926 0.00443105961553
1927 1927 0.00101394313287
1928 1928 400.636460899
1929 1929 428.367059917
1930 1930 148.106011114
1931 1931 0.00797044024953
1932 1932 229.748930428
1933 1933 0.000563872383111
1934 1934 0.00852554706727
1935 1935 464.036802887
1936 1936 0.000865535145772
1937 1937 386.89252708
1938 1938 0.00851503051552
1939 1939 0.00422712333542
1940 1940 465.371428526
1941 1941 319.471728592
1942 1942 0.00821959725233
1943 1943 0.00609852766609
1944 1944 0.00539158018873
1945 1945 316.983025043
1946 1946 11.5812057792
1947 1947 0.0084734359327
1948 1948 87.5773484078
1949 1949 600.183298359
1950 1950 478.631860919
1951 1951 442.121422048
1952 1952 475.519858657
1953 1953 0.00489984543463
1954 1954 570.248472715
1955 1955 244.17485976
1956 1956 0.00384355819548
1957 1957 167.265324046
1958 1958 363.049752086
1959 1959 618.820750933
1960 1960 436.424222789
1961 1961 0.000154834812613
1962 1962 579.182600306
1963 1963 518.772100375
1964 1964 0.0026665777856
1965 1965 1.1933577031
1966 1966 213.775951892
1967 1967 423.530652947
1968 1968 528.30914672
1969 1969 489.291168471
1970 1970 417.415585152
1971 1971 0.00217267566226
1972 1972 363.022871356
1973 1973 0.00769169384009
1974 1974 165.877379175
1975 1975 550.690413906
1976 1976 209.202640558
1977 1977 0.00082569648507
1978 1978 253.627942549
1979 1979 0.00333965403298
1980 1980 229.502829444
1981 1981 177.903069038
1982 1982 96.2245669383
1983 1983 395.804027428
1984 1984 125.234396612
1985 1985 550.701027777
1986 1986 0.00935672668638
1987 1987 271.210108595
1988 1988 0.00717767578446
1989 1989 510.132578181
1990 1990 151.496881854
1991 1991 40.7196329322
1992 1992 503.067394365
1993 1993 0.00961341343139
1994 1994 353.641900124
1995 1995 488.056179702
1996 1996 379.805534388
1997 1997 279.518714952
1998 1998 376.359823478
1999 1999 0.00509086118879
2000 2000 13.0972461388
2001 2001 439.192397009
2002 2002 448.221498028
2003 2003 267.116220441
2004 2004 388.839386107
2005 2005 435.216989882
2006 2006 283.854815169
2007 2007 0.00324238189561
2008 2008 0.00529709132782
2009 2009 212.506862699
2010 2010 263.468564358
2011 2011 352.596228607
2012 2012 402.003022069
2013 2013 385.568171381
2014 2014 251.066236675
2015 2015 250.237248571
2016 2016 555.536188912
2017 2017 0.000396017625281
2018 2018 3.06035232363
2019 2019 70.2004785898
2020 2020 419.596923015
2021 2021 0.000715163233223
2022 2022 50.3217681017
2023 2023 263.278365821
2024 2024 79.2904128363
2025 2025 403.19764264
2026 2026 163.212465533
2027 2027 573.855813724
2028 2028 0.00569799828821
2029 2029 66.034053829
2030 2030 606.981395206
2031 2031 208.80340594
2032 2032 538.824973443
2033 2033 0.00943641207446
2034 2034 124.826332134
2035 2035 272.418076655
2036 2036 14.4864439157
2037 2037 0.00710602606888
2038 2038 90.6154611036
2039 2039 365.015495847
2040 2040 0.00380812263001
2041 2041 0.00318866864482
2042 2042 0.00933023236013
2043 2043 516.436513437
2044 2044 567.827655986
2045 2045 511.888238577
2046 2046 342.433846021
2047 2047 68.9282668757
2048 2048 438.83717288
2049 2049 405.867888477
2050 2050 411.911987142
2051 2051 219.843071051
2052 2052 139.714983012
2053 2053 346.089898943
2054 2054 524.758684384
2055 2055 201.018439631
2056 2056 522.838168788
2057 2057 516.668141798
2058 2058 0.00719032360385
2059 2059 0.00635142737789
2060 2060 508.552995782
2061 2061 0.00148659534228
2062 2062 0.00267012817362
2063 2063 354.794574226
2064 2064 0.00626558655101
2065 2065 382.364508844
2066 2066 0.00983858793028
2067 2067 241.704916995
2068 2068 38.1634425634
2069 2069 175.333216067
2070 2070 22.171828043
2071 2071 0.00930162519116
2072 2072 560.781865121
2073 2073 0.00498511394118
2074 2074 612.183593612
2075 2075 0.00207873899168
2076 2076 604.103642908
2077 2077 327.298731344
2078 2078 557.114115924
2079 2079 316.365216345
2080 2080 368.101380854
2081 2081 0.00352916605255
2082 2082 401.787836963
2083 2083 0.00450991288349
2084 2084 529.238089225
2085 2085 471.22738516
2086 2086 515.737175883
2087 2087 465.810357426
2088 2088 22.2608493791
2089 2089 524.041593687
2090 2090 364.737582268
2091 2091 371.565952801
2092 2092 0.00678054171203
2093 2093 131.461955793
2094 2094 569.807756884
2095 2095 269.257653959
2096 2096 22.0310658296
2097 2097 60.3480864857
2098 2098 594.935783286
2099 2099 511.125680369
2100 2100 262.381883804
2101 2101 163.815283916
2102 2102 0.00747760536328
2103 2103 284.633668805
2104 2104 387.512344597
2105 2105 0.00843245754179
2106 2106 596.528750649
2107 2107 219.153773822
2108 2108 251.395584701
2109 2109 0.00831235165322
2110 2110 24.1467667404
2111 2111 435.786680663
2112 2112 0.008465475702
2113 2113 0.00518940482209
2114 2114 159.261602239
2115 2115 109.970242672
2116 2116 0.00547566488755
2117 2117 438.813197189
2118 2118 152.330676388
2119 2119 607.117874042
2120 2120 0.00204045155845
2121 2121 278.08343493
2122 2122 584.26922155
2123 2123 0.00228495710212
2124 2124 0.00206041255691
2125 2125 0.000535028216163
2126 2126 0.00550636907357
2127 2127 8.4844073995e-05
2128 2128 0.00552198348742
2129 2129 476.60700447
2130 2130 487.536569927
2131 2131 0.00848252581488
2132 2132 0.0079094412266
2133 2133 303.7938131
2134 2134 0.00584949099199
2135 2135 581.161463964
2136 2136 0.000884986270995
2137 2137 0.00148761755688
2138 2138 497.056652579
2139 2139 0.00713548905159
2140 2140 305.346359159
2141 2141 534.6524648
2142 2142 0.0099623973322
2143 2143 228.611013772
2144 2144 0.00836981140371
2145 2145 0.00683208466087
2146 2146 602.672232385
2147 2147 243.428078623
2148 2148 230.45187478
2149 2149 281.618854803
2150 2150 168.348622631
2151 2151 215.688498118
2152 2152 407.236829966
2153 2153 603.567867768
2154 2154 283.121740211
2155 2155 236.532972215
2156 2156 177.487630699
2157 2157 107.542982109
2158 2158 0.00339969923526
2159 2159 266.353277874
2160 2160 7.33591886316
2161 2161 405.962487968
2162 2162 49.1028484294
2163 2163 387.219350141
2164 2164 303.454345251
2165 2165 330.827182501
2166 2166 104.747089214
2167 2167 0.00767765709714
2168 2168 107.706113746
2169 2169 330.078219047
2170 2170 0.00845511496326
2171 2171 365.113324789
2172 2172 0.000431903174257
2173 2173 208.475825646
2174 2174 0.00361391490411
2175 2175 53.4400546352
2176 2176 0.0071753632805
2177 2177 4.18689260602
2178 2178 280.959382469
2179 2179 576.231003932
2180 2180 0.000541698848371
2181 2181 0.0071924897535
2182 2182 249.374906368
2183 2183 343.617851663
2184 2184 405.461923345
2185 2185 0.00245116500748
2186 2186 31.8096082631
2187 2187 310.272595501
2188 2188 471.162133561
2189 2189 118.556389967
2190 2190 139.76095582
2191 2191 0.0064495776038
2192 2192 0.00287474481102
2193 2193 286.275449319
2194 2194 114.236378278
2195 2195 609.884404919
2196 2196 11.9262106629
2197 2197 32.3305660995
2198 2198 242.006327674
2199 2199 0.0048147932726
2200 2200 2.13576942355
2201 2201 404.124010402
2202 2202 0.00956120521432
2203 2203 519.951929822
2204 2204 356.378769725
2205 2205 396.007912988
2206 2206 369.243743675
2207 2207 200.227232593
2208 2208 411.702650925
2209 2209 151.711616857
2210 2210 75.3927056951
2211 2211 0.00180424607204
2212 2212 288.953624812
2213 2213 124.71532093
2214 2214 347.786380318
2215 2215 185.890012887
2216 2216 0.00228949076094
2217 2217 5.39000761783
2218 2218 109.945558381
2219 2219 429.821954766
2220 2220 270.082001549
2221 2221 11.4608446508
2222 2222 293.332662275
2223 2223 396.830614411
2224 2224 74.720460027
2225 2225 439.321470603
2226 2226 0.00157171405179
2227 2227 0.00631160980351
2228 2228 492.127754724
2229 2229 592.892308148
2230 2230 309.041452881
2231 2231 0.00623511617803
2232 2232 50.6695092796
2233 2233 1.75281231334
2234 2234 258.825815688
2235 2235 442.388671678
2236 2236 169.835770436
2237 2237 192.560270825
2238 2238 0.00977330431629
2239 2239 66.6191118334
2240 2240 128.85404234
2241 2241 598.815721073
2242 2242 280.588663606
2243 2243 539.304863713
2244 2244 183.061364767
2245 2245 0.00867810971035
2246 2246 236.296339572
2247 2247 0.00525835227688
2248 2248 354.227637257
2249 2249 474.542231519
2250 2250 354.482020996
2251 2251 0.000130414168648
2252 2252 241.754096033
2253 2253 117.14920067
2254 2254 0.00702905078804
2255 2255 425.081724802
2256 2256 312.304289219
2257 2257 404.050421522
2258 2258 416.409373579
2259 2259 487.626519465
2260 2260 524.98094219
2261 2261 0.00682558435408
2262 2262 568.162287018
2263 2263 0.000764730590422
2264 2264 411.979992267
2265 2265 419.117157223
2266 2266 11.0542406929
2267 2267 214.017315874
2268 2268 184.140003713
2269 2269 173.576515243
2270 2270 252.826249882
2271 2271 280.732001623
2272 2272 0.00472026975223
2273 2273 477.665087922
2274 2274 36.9071866293
2275 2275 0.000969628450913
2276 2276 0.00776110346415
2277 2277 0.00259900539745
2278 2278 0.00939237615671
2279 2279 0.00756340518403
2280 2280 225.018433484
2281 2281 137.025625843
2282 2282 0.00255055863436
2283 2283 390.029112095
2284 2284 332.811975425
2285 2285 0.00602330060268
2286 2286 0.0082471140472
2287 2287 0.00891121448017
2288 2288 612.366232074
2289 2289 466.751319164
2290 2290 320.37710755
2291 2291 153.651213942
2292 2292 325.987108201
2293 2293 0.00906896889998
2294 2294 304.484765097
2295 2295 0.00266411667139
2296 2296 367.622559407
2297 2297 5.64607812408e-05
2298 2298 0.00619147284625
2299 2299 0.00976975639756
2300 2300 567.390898862
2301 2301 0.00463810381085
2302 2302 0.00311074888749
2303 2303 617.318201806
2304 2304 0.00556092118509
2305 2305 124.947644471
2306 2306 441.208705744
2307 2307 376.038579721
2308 2308 313.221669267
2309 2309 472.713261515
2310 2310 474.472207237
2311 2311 0.00578801773944
2312 2312 490.422903252
2313 2313 0.00872342286058
2314 2314 393.27587797
2315 2315 35.6765565033
2316 2316 17.4242888366
2317 2317 0.00260183145021
2318 2318 0.00804631568973
2319 2319 0.000283246378416
2320 2320 209.020733629
2321 2321 0.00939895666335
2322 2322 379.061077068
2323 2323 102.211552213
2324 2324 622.968400786
2325 2325 162.076434066
2326 2326 0.000178469274313
2327 2327 81.7785655413
2328 2328 203.171354836
2329 2329 461.920685309
2330 2330 126.023498481
2331 2331 0.00331958550157
2332 2332 396.246021717
2333 2333 213.808082535
2334 2334 354.386704664
2335 2335 0.00933599846689
2336 2336 128.946250258
2337 2337 354.420935582
2338 2338 454.087912348
2339 2339 0.00379520885186
2340 2340 251.035919993
2341 2341 0.00187035519375
2342 2342 297.623836476
2343 2343 257.655182908
2344 2344 445.691959893
2345 2345 10.2957753022
2346 2346 328.066296427
2347 2347 451.527546365
2348 2348 255.222632702
2349 2349 502.141454414
2350 2350 4.36642528577
2351 2351 422.693344105
2352 2352 0.00244513650559
2353 2353 144.606281679
2354 2354 246.751331454
2355 2355 247.88951703
2356 2356 510.313425617
2357 2357 0.00612988134326
2358 2358 87.322880058
2359 2359 109.588033177
2360 2360 353.663965247
2361 2361 0.00709486532137
2362 2362 73.5106095067
2363 2363 63.5466723479
2364 2364 0.00805593074815
2365 2365 0.00616203337103
2366 2366 551.203798335
2367 2367 568.733467826
2368 2368 13.285742893
2369 2369 240.31651203
2370 2370 592.746308551
2371 2371 52.9124900805
2372 2372 593.945623919
2373 2373 0.00198599319269
2374 2374 315.094508162
2375 2375 0.00619721865245
2376 2376 0.00089872168724
2377 2377 0.000528727973709
2378 2378 576.226017372
2379 2379 0.000468298928299
2380 2380 132.688334029
2381 2381 0.00124805870925
2382 2382 344.048780563
2383 2383 213.869247316
2384 2384 576.340031805
2385 2385 0.0013551656832
2386 2386 39.4715697517
2387 2387 140.716683652
2388 2388 0.00531029088475
2389 2389 525.036796466
2390 2390 74.9164381108
2391 2391 0.00472372054546
2392 2392 256.787058313
2393 2393 410.134886386
2394 2394 603.432863287
2395 2395 0.00664040726638
2396 2396 43.8141008553
2397 2397 513.051134359
2398 2398 559.834370018
2399 2399 0.00714653039364
2400 2400 0.00166894683996
2401 2401 0.00852990812015
2402 2402 0.00498464900978
2403 2403 0.00614535042647
2404 2404 0.00917441773992
2405 2405 0.00296421460292
2406 2406 33.3591545985
2407 2407 144.355068787
2408 2408 0.00427264470574
2409 2409 0.00841224286964
2410 2410 0.00176397578584
2411 2411 55.9044109939
2412 2412 0.00761077989416
2413 2413 505.157663229
2414 2414 100.216936396
2415 2415 0.00369285296963
2416 2416 227.309545569
2417 2417 355.681505334
2418 2418 114.188863579
2419 2419 0.00612438442069
2420 2420 152.282331322
2421 2421 0.00873577580646
2422 2422 409.986906013
2423 2423 272.191828836
2424 2424 259.978288499
2425 2425 176.843248893
2426 2426 411.578118008
2427 2427 0.00108827824366
2428 2428 255.554843071
2429 2429 335.475225494
2430 2430 473.957311178
2431 2431 294.677104239
2432 2432 429.429041142
2433 2433 0.00336715446418
2434 2434 470.734243076
2435 2435 517.081997637
2436 2436 397.590481236
2437 2437 89.5765016939
2438 2438 0.000856790088764
2439 2439 270.260986476
2440 2440 88.7863489667
2441 2441 233.103748219
2442 2442 362.363331066
2443 2443 66.2982449345
2444 2444 536.611673378
2445 2445 34.6617996805
2446 2446 471.197751522
2447 2447 305.230101203
2448 2448 0.00438133633166
2449 2449 335.440229624
2450 2450 518.899857406
2451 2451 337.481344257
2452 2452 171.825336513
2453 2453 350.586617093
2454 2454 0.00542476011723
2455 2455 0.00796613416064
2456 2456 0.00777652577179
2457 2457 0.00106510873965
2458 2458 0.00143477548508
2459 2459 298.677606754
2460 2460 377.435609253
2461 2461 378.872446621
2462 2462 176.153290945
2463 2463 597.154923582
2464 2464 52.7473730367
2465 2465 42.2416224699
2466 2466 189.978186131
2467 2467 8.03715395849
2468 2468 565.228428248
2469 2469 417.69690697
2470 2470 0.00443687805785
2471 2471 0.00557676327194
2472 2472 574.598223099
2473 2473 373.969411308
2474 2474 346.473794163
2475 2475 83.3099659981
2476 2476 0.00151453850186
2477 2477 136.532564042
2478 2478 339.583250209
2479 2479 133.301475581
2480 2480 347.327000124
2481 2481 227.585913848
2482 2482 0.00450477669167
2483 2483 8.2896386534
2484 2484 407.019347896
2485 2485 227.020909216
2486 2486 429.800707658
2487 2487 0.00997690683474
2488 2488 233.333174897
2489 2489 369.386013403
2490 2490 0.00381825132904
2491 2491 127.051441468
2492 2492 0.00525202973255
2493 2493 318.072053572
2494 2494 267.80308392
2495 2495 93.4638517861
2496 2496 476.293806574
2497 2497 19.2639815606
2498 2498 314.433117672
2499 2499 456.02225401
2500 2500 429.038678599
2501 2501 357.658460793
2502 2502 40.4929727686
2503 2503 81.0862248322
2504 2504 321.591061726
2505 2505 305.829369964
2506 2506 234.224986779
2507 2507 67.8920575592
2508 2508 0.00134137914929
2509 2509 0.00216165314111
2510 2510 0.00711291650075
2511 2511 50.6727629332
2512 2512 382.682334505
2513 2513 0.00818942902033
2514 2514 399.491735039
2515 2515 0.00849217983591
2516 2516 148.954169212
2517 2517 433.565006066
2518 2518 576.304666363
2519 2519 264.631890734
2520 2520 625.407014172
2521 2521 0.00543183490034
2522 2522 416.69940537
2523 2523 388.99048601
2524 2524 380.916167139
2525 2525 0.00257651843457
2526 2526 100.987270132
2527 2527 566.213694044
2528 2528 0.00304049761196
2529 2529 202.018987235
2530 2530 161.719251941
2531 2531 202.563817407
2532 2532 353.261219775
2533 2533 492.649072905
2534 2534 11.0773772993
2535 2535 587.341584206
2536 2536 583.835734712
2537 2537 0.00995778460188
2538 2538 0.00246789138761
2539 2539 488.886975939
2540 2540 510.008919798
2541 2541 385.97432044
2542 2542 169.688710944
2543 2543 329.605054371
2544 2544 370.13767626
2545 2545 151.772550854
2546 2546 0.00837902442269
2547 2547 0.00647981518995
2548 2548 0.00326382548398
2549 2549 0.00221586875829
2550 2550 0.00893533353329
2551 2551 22.7951943108
2552 2552 36.0623361196
2553 2553 317.003376513
2554 2554 0.00651746692995
2555 2555 88.8395380997
2556 2556 62.4747894531
2557 2557 243.689224503
2558 2558 0.00271595950335
2559 2559 377.531823821
2560 2560 273.935214934
2561 2561 304.414505163
2562 2562 587.676966196
2563 2563 0.00380573623645
2564 2564 0.0031202570252
2565 2565 0.00918189765394
2566 2566 0.00432738641368
2567 2567 191.132177749
2568 2568 267.594239835
2569 2569 0.00962144050304
2570 2570 389.545022874
2571 2571 449.172748869
2572 2572 251.530284921
2573 2573 375.304643335
2574 2574 0.0019702086262
2575 2575 410.143698546
2576 2576 574.892638043
2577 2577 133.837281267
2578 2578 551.051621564
2579 2579 293.352662074
2580 2580 80.1417782551
2581 2581 573.044704131
2582 2582 10.6464412405
2583 2583 87.2591731712
2584 2584 192.821122933
2585 2585 363.336388299
2586 2586 262.704953156
2587 2587 0.00194651939042
2588 2588 160.832022949
2589 2589 14.7209723558
2590 2590 0.00252587340217
2591 2591 148.46256579
2592 2592 415.722654618
2593 2593 424.670492355
2594 2594 253.101804559
2595 2595 504.109399366
2596 2596 0.00114943006391
2597 2597 30.7384275889
2598 2598 248.125450199
2599 2599 203.339617926
2600 2600 149.406720998
2601 2601 183.987325687
2602 2602 373.852283808
2603 2603 282.780427729
2604 2604 12.5959064809
2605 2605 108.580269459
2606 2606 0.0021643112749
2607 2607 86.0525400556
2608 2608 0.00173345763317
2609 2609 65.9268057384
2610 2610 624.100461114
2611 2611 496.869814362
2612 2612 540.700903799
2613 2613 0.00312774394535
2614 2614 0.00716722483136
2615 2615 115.33650054
2616 2616 130.866198503
2617 2617 362.06890892
2618 2618 538.260000617
2619 2619 285.707239651
2620 2620 194.371174652
2621 2621 283.841001488
2622 2622 201.315606168
2623 2623 0.00419636687873
2624 2624 155.347796793
2625 2625 0.0096970170534
2626 2626 160.690469836
2627 2627 0.00285492665758
2628 2628 508.447258687
2629 2629 208.707648303
2630 2630 60.4933092968
2631 2631 142.635102685
2632 2632 606.93476933
2633 2633 99.353921574
2634 2634 0.00045468873961
2635 2635 382.291094242
2636 2636 117.665187823
2637 2637 258.426703865
2638 2638 0.00190073021083
2639 2639 292.434561734
2640 2640 0.00607325879023
2641 2641 1.5175342245e-05
2642 2642 190.48254428
2643 2643 5.62457364509
2644 2644 140.895571857
2645 2645 435.979499415
2646 2646 0.000477803119566
2647 2647 25.1919713796
2648 2648 0.00465835326678
2649 2649 373.420902853
2650 2650 508.263583209
2651 2651 4.47727793415
2652 2652 270.202967846
2653 2653 615.998062585
2654 2654 0.00603338649598
2655 2655 475.833864716
2656 2656 287.031604384
2657 2657 434.107422097
2658 2658 108.232612793
2659 2659 0.00773878523
2660 2660 78.8947627583
2661 2661 145.402099777
2662 2662 411.053118305
2663 2663 297.467112025
2664 2664 0.00156135940617
2665 2665 64.1966838365
2666 2666 361.779485413
2667 2667 19.9165525015
2668 2668 444.787337456
2669 2669 186.020806179
2670 2670 419.392151032
2671 2671 80.3829934599
2672 2672 291.733271647
2673 2673 474.252559566
2674 2674 396.017638091
2675 2675 216.192557764
2676 2676 304.971003339
2677 2677 0.00357736641334
2678 2678 455.961126502
2679 2679 447.447945153
2680 2680 354.639905318
2681 2681 0.00819536214774
2682 2682 0.0062971773334
2683 2683 193.838764005
2684 2684 16.6254619999
2685 2685 602.168108461
2686 2686 0.00269578756838
2687 2687 0.00376399203391
2688 2688 0.313695948173
2689 2689 141.789736446
2690 2690 135.838667881
2691 2691 0.00390014305468
2692 2692 515.091389181
2693 2693 240.268827158
2694 2694 0.00722315152824
2695 2695 0.00595146927509
2696 2696 532.691852105
2697 2697 0.00134450843469
2698 2698 89.6420723158
2699 2699 540.234251097
2700 2700 154.74687234
2701 2701 0.00143191998066
2702 2702 12.733221604
2703 2703 550.187832299
2704 2704 257.392096661
2705 2705 342.495789976
2706 2706 276.43907281
2707 2707 176.92171727
2708 2708 0.00548868786044
2709 2709 495.046546929
2710 2710 591.98728295
2711 2711 446.966605926
2712 2712 47.8159057382
2713 2713 19.8502145195
2714 2714 28.7319503157
2715 2715 347.445185937
2716 2716 328.126439939
2717 2717 43.3657722607
2718 2718 0.00511546855605
2719 2719 493.164056596
2720 2720 25.1399148563
2721 2721 246.161316716
2722 2722 396.450799845
2723 2723 510.933425493
2724 2724 357.061598388
2725 2725 290.649235646
2726 2726 123.331309969
2727 2727 377.412483093
2728 2728 234.022928357
2729 2729 382.813690273
2730 2730 502.617422982
2731 2731 215.060462036
2732 2732 261.424213354
2733 2733 606.471299159
2734 2734 0.00167022483697
2735 2735 0.0017006712919
2736 2736 579.851378964
2737 2737 0.00795133599587
2738 2738 447.211170339
2739 2739 616.635965895
2740 2740 94.5872864518
2741 2741 90.3504576934
2742 2742 251.862897911
2743 2743 250.564305586
2744 2744 125.620006048
2745 2745 591.828890481
2746 2746 214.488046682
2747 2747 560.582470587
2748 2748 107.392830643
2749 2749 0.0073576389793
2750 2750 263.312840287
2751 2751 226.824689103
2752 2752 459.63729325
2753 2753 487.65395866
2754 2754 184.520062689
2755 2755 0.00303767916827
2756 2756 144.507406011
2757 2757 0.00467150419264
2758 2758 197.156029568
2759 2759 302.681853913
2760 2760 0.000813990860772
2761 2761 435.492189468
2762 2762 41.1337853486
2763 2763 0.00296912483749
2764 2764 339.0598316
2765 2765 53.6349209954
2766 2766 440.732649367
2767 2767 555.191620121
2768 2768 0.00877946825577
2769 2769 549.298706393
2770 2770 0.00647153647927
2771 2771 257.617636239
2772 2772 0.00792933378285
2773 2773 389.681149288
2774 2774 614.000287374
2775 2775 552.031491892
2776 2776 0.00473399041545
2777 2777 399.835733853
2778 2778 132.229973618
2779 2779 0.00890113947258
2780 2780 435.284281059
2781 2781 399.180006298
2782 2782 521.805158344
2783 2783 31.0488079832
2784 2784 0.00844422589214
2785 2785 0.00775501045327
2786 2786 313.549538477
2787 2787 158.153540057
2788 2788 607.47388644
2789 2789 449.265137582
2790 2790 0.00920142620653
2791 2791 183.328433659
2792 2792 618.397948977
2793 2793 327.940789041
2794 2794 0.0056844934855
2795 2795 547.95500892
2796 2796 35.7272293567
2797 2797 42.3869274893
2798 2798 0.00778407242517
2799 2799 346.620037316
2800 2800 428.0656238
2801 2801 0.0093920126588
2802 2802 468.722587675
2803 2803 184.727691447
2804 2804 130.678800929
2805 2805 0.00616490435766
2806 2806 548.627414081
2807 2807 0.00940478831046
2808 2808 32.0126760765
2809 2809 157.196369513
2810 2810 569.579948544
2811 2811 152.174678615
2812 2812 496.154778182
2813 2813 218.466737409
2814 2814 0.00483162736525
2815 2815 57.17509636
2816 2816 441.559559865
2817 2817 28.0030979754
2818 2818 172.168859731
2819 2819 602.703767831
2820 2820 593.614199771
2821 2821 0.00683144239517
2822 2822 212.575783114
2823 2823 328.943204974
2824 2824 98.7876553948
2825 2825 499.832787918
2826 2826 50.575249845
2827 2827 231.602409114
2828 2828 606.438289551
2829 2829 434.353519351
2830 2830 0.000314013537225
2831 2831 304.10437366
2832 2832 301.743493912
2833 2833 32.8589898376
2834 2834 624.105865014
2835 2835 374.958708509
2836 2836 276.38473325
2837 2837 621.382641384
2838 2838 0.00710145730596
2839 2839 536.810702852
2840 2840 0.00683207365715
2841 2841 12.2261045128
2842 2842 528.612535303
2843 2843 356.787510866
2844 2844 476.713841264
2845 2845 524.566815764
2846 2846 592.173562274
2847 2847 215.983264846
2848 2848 395.230492922
2849 2849 154.403350312
2850 2850 207.390269226
2851 2851 0.0053706357258
2852 2852 119.573075772
2853 2853 0.53926879012
2854 2854 528.087880851
2855 2855 8.40281408045
2856 2856 0.0064699281297
2857 2857 0.0065756692307
2858 2858 0.00477632506105
2859 2859 573.683707678
2860 2860 0.00830521810287
2861 2861 38.2751450296
2862 2862 454.436354474
2863 2863 499.848673054
2864 2864 0.00898124028783
2865 2865 67.663182456
2866 2866 172.963963427
2867 2867 118.267297627
2868 2868 33.0463024501
2869 2869 0.00543048886984
2870 2870 547.645207201
2871 2871 569.233472051
2872 2872 411.34885023
2873 2873 538.771742958
2874 2874 383.254468415
2875 2875 294.443653243
2876 2876 0.00197045628547
2877 2877 3.62349752023
2878 2878 517.537809496
2879 2879 161.980694433
2880 2880 276.98606362
2881 2881 0.00353635561427
2882 2882 334.438485638
2883 2883 359.774111674
2884 2884 211.51384722
2885 2885 0.00900634958073
2886 2886 578.833037815
2887 2887 482.575542886
2888 2888 228.898933693
2889 2889 428.490122727
2890 2890 0.0083693026575
2891 2891 71.0772412127
2892 2892 0.00739595858385
2893 2893 66.4627796096
2894 2894 304.274568284
2895 2895 175.579467889
2896 2896 366.913330386
2897 2897 0.00331608057056
2898 2898 324.931330959
2899 2899 48.708775959
2900 2900 326.742957146
2901 2901 226.418600036
2902 2902 0.00741599000715
2903 2903 407.485069131
2904 2904 65.8838902991
2905 2905 106.884194318
2906 2906 582.491785468
2907 2907 0.00266106435427
2908 2908 105.402607446
2909 2909 438.144587648
2910 2910 0.00856355549306
2911 2911 590.051344241
2912 2912 515.427866907
2913 2913 554.32822208
2914 2914 175.214013439
2915 2915 413.791892382
2916 2916 210.528790024
2917 2917 610.015456895
2918 2918 0.00841012737647
2919 2919 388.932751283
2920 2920 0.00605347000603
2921 2921 587.754437744
2922 2922 388.820780696
2923 2923 0.00331938877603
2924 2924 0.00870465938273
2925 2925 0.00653493839251
2926 2926 118.533876704
2927 2927 0.0093501683467
2928 2928 169.653466346
2929 2929 0.00329417663264
2930 2930 0.00669278095914
2931 2931 0.000442943708306
2932 2932 472.243464062
2933 2933 473.340216474
2934 2934 309.859893852
2935 2935 0.00206450081801
2936 2936 260.259877382
2937 2937 151.96164432
2938 2938 561.796522647
2939 2939 0.00367261004662
2940 2940 324.384204533
2941 2941 165.925487473
2942 2942 454.152154452
2943 2943 0.0057109225268
2944 2944 282.450080909
2945 2945 502.474013417
2946 2946 213.76629273
2947 2947 551.116860529
2948 2948 159.204693419
2949 2949 7.24119049102
2950 2950 606.52373528
2951 2951 0.00538377320488
2952 2952 213.305472259
2953 2953 255.053236728
2954 2954 0.00511428886352
2955 2955 350.525600926
2956 2956 0.00428165470899
2957 2957 0.00861106319824
2958 2958 0.00470129691272
2959 2959 455.16414612
2960 2960 277.618409441
2961 2961 483.118780854
2962 2962 0.00638179093183
2963 2963 306.746644577
2964 2964 299.005382235
2965 2965 351.655079958
2966 2966 168.491078296
2967 2967 272.387585133
2968 2968 92.1887434472
2969 2969 279.575191893
2970 2970 24.4135768363
2971 2971 454.180967084
2972 2972 280.954772672
2973 2973 405.649625021
2974 2974 0.0078439053363
2975 2975 484.613322886
2976 2976 30.8668808656
2977 2977 0.00500956434789
2978 2978 138.757091773
2979 2979 0.00147453639215
2980 2980 404.407375848
2981 2981 0.00669004241072
2982 2982 346.383256083
2983 2983 398.075360786
2984 2984 0.00379702035927
2985 2985 0.00410645888397
2986 2986 414.838360972
2987 2987 375.149467125
2988 2988 572.660078495
2989 2989 76.9423856753
2990 2990 163.958777302
2991 2991 425.649158403
2992 2992 0.00991104729909
2993 2993 400.874018501
2994 2994 500.941535767
2995 2995 0.00414058941632
2996 2996 510.863524856
2997 2997 194.064353477
2998 2998 236.338522049
2999 2999 296.22006794
3000 3000 246.083384022
