1 1 5574.77259171
2 2 2396.92319166
3 3 2.39901559823e-05
4 4 8.88641510405e-05
5 5 4.00817275346e-05
6 6 6.06788790854e-05
7 7 1.0111270431e-06
8 8 9.81902520739e-05
9 9 4.87478250385e-05
10 10 1.37340028913e-06
11 11 4.0796290836e-05
12 12 4.30800483916e-05
13 13 4.0441139282e-05
14 14 6.69641479719e-05
15 15 3.43202988896e-05
16 16 5.45500212384e-05
17 17 1202.0494803
18 18 9.86366387966e-05
19 19 9.97605213945e-05
20 20 8.49325811955e-05
21 21 4366.45009784
22 22 2464.30881771
23 23 4.4500918048e-06
24 24 666.218474858
25 25 826.989129895
26 26 2.70787474519e-05
27 27 9.75052028355e-05
28 28 5615.20134088
29 29 2025.54862251
30 30 3.4297710449e-05
31 31 6.59085345493e-05
32 32 1.39656851378e-05
33 33 8.07808146251e-05
34 34 4.18297729702e-05
35 35 3100.09312992
36 36 5238.63070395
37 37 2956.98045583
38 38 7.77156794962e-05
39 39 6.87956155911e-05
40 40 7.27037506007e-05
41 41 5.10250946764e-05
42 42 2.24827436897e-05
43 43 9.45177877196e-05
44 44 1.66228562178e-05
45 45 6.51151745054e-05
46 46 832.918277576
47 47 6.38858429635e-05
48 48 8.71038021103e-05
49 49 4418.85442408
50 50 8.89054255833e-06
51 51 3.73788783172e-06
52 52 7.78025335235e-05
53 53 7.00353241292e-05
54 54 4963.91964124
55 55 9.02228518385e-05
56 56 3950.97086128
57 57 1.91821594564e-05
58 58 8.98414890849e-05
59 59 7.31673916757e-05
60 60 9.20271581397e-05
61 61 7.48992905528e-05
62 62 3.63535675447e-05
63 63 3.69334231607e-05
64 64 3.99775586436e-05
65 65 6.78936937491e-05
66 66 1.45027609804e-05
67 67 1542.31889233
68 68 3.62518714612e-05
69 69 2.29845831499e-05
70 70 4.71551779626e-05
71 71 8.27818883851e-05
72 72 7.04703209106e-05
73 73 5.60775180618e-05
74 74 6.50878592694e-06
75 75 2.89895981762e-05
76 76 5501.73371905
77 77 9.82242829104e-05
78 78 9.77234386403e-05
79 79 2.61651362401e-05
80 80 3.75519661337e-05
81 81 1073.98107539
82 82 5.52842383358e-05
83 83 8.75022611897e-05
84 84 9.58377032937e-05
85 85 4.80080608346e-05
86 86 5.53939921094e-05
87 87 1091.59797173
88 88 3.4647290651e-05
89 89 4.08965345844e-05
90 90 3.63437101059e-05
91 91 9.6690291704e-05
92 92 8.17109738861e-05
93 93 2.25995648758e-05
94 94 8.42023582845e-05
95 95 9.52723336733e-05
96 96 5.25802407233e-05
97 97 2.51986296072e-05
98 98 4.27553250938e-05
99 99 3268.15490893
100 100 6.32528998136e-05
101 101 3347.33652932
102 102 7.95438853265e-05
103 103 2.11021582184e-05
104 104 2.19838839987e-05
105 105 6.74556158834e-05
106 106 3.61585459847e-05
107 107 7.74835228399e-05
108 108 5248.18979612
109 109 8.91099180755e-05
110 110 8.38043749603e-05
111 111 6.10104582405e-05
112 112 3.03523433088e-05
113 113 8.60258845845e-07
114 114 9.15682938765e-05
115 115 1183.22305727
116 116 1.66571977442e-05
117 117 3.36612781929e-05
118 118 8.2127044965e-05
119 119 4827.14585801
120 120 2.83898650252e-05
121 121 7.21094448158e-05
122 122 9.74914440053e-05
123 123 6.14485110652e-05
124 124 4.15993400495e-06
125 125 4043.31493702
126 126 3201.96939769
127 127 2.87680238092e-05
128 128 2989.0122532
129 129 3.49606043286e-06
130 130 6.33497797383e-05
131 131 7.1627910049e-05
132 132 7.78586942021e-05
133 133 3346.88914243
134 134 5.65792634023e-05
135 135 3.20464301274e-05
136 136 4.67309588026e-05
137 137 3.85372413084e-05
138 138 3273.8119946
139 139 7.05744161866e-05
140 140 3.69351447526e-05
141 141 4664.5973977
142 142 3786.34595842
143 143 3.43200749486e-05
144 144 5547.83698767
145 145 5.34176985044e-05
146 146 6.76457556316e-05
147 147 3296.96536698
148 148 1.74112606414e-06
149 149 5.34051936659e-06
150 150 8.34108533751e-05
151 151 9.05557773416e-05
152 152 5.48660224972e-05
153 153 4670.83701845
154 154 3.92395774844e-05
155 155 3.91179274053e-05
156 156 1.01861257133e-05
157 157 1.93757840961e-05
158 158 3.05963360292e-05
159 159 1108.18557413
160 160 8.4776767409e-05
161 161 6.78644878649e-06
162 162 9.09879447792e-05
163 163 7.92376764714e-05
164 164 1.55554791078e-05
165 165 1.92277938259e-05
166 166 3863.82395608
167 167 7.32503170207e-05
168 168 7.08102445649e-05
169 169 6.10003820767e-05
170 170 4.90337615008e-05
171 171 3.72970896868e-05
172 172 591.439899561
173 173 1.13384397556e-05
174 174 163.950254207
175 175 7.1272353827e-05
176 176 6.017748241e-05
177 177 2.95371132817e-05
178 178 5.44237070257e-05
179 179 4457.97962112
180 180 2798.19040807
181 181 5.46185404137e-05
182 182 6.09209509874e-05
183 183 6.66971086304e-05
184 184 1942.87529013
185 185 2.40478178055e-05
186 186 6.53923179368e-05
187 187 7.60447436721e-05
188 188 8.90640531436e-05
189 189 8.61175435558e-06
190 190 4972.84297466
191 191 7.52813977341e-05
192 192 4.4206468189e-05
193 193 1.80023305337e-05
194 194 2276.44448656
195 195 4421.42364171
196 196 4.94852241706e-05
197 197 9.52129150907e-05
198 198 5.698814814e-05
199 199 3.23452767788e-05
200 200 5.62144977264e-05
201 201 6.39519319313e-05
202 202 5.18647462388e-05
203 203 7.36551080621e-05
204 204 4.20816167598e-05
205 205 4.30439148948e-05
206 206 965.743051087
207 207 3191.4109319
208 208 4.10274287014e-06
209 209 8.76047447926e-06
210 210 3.43976380996e-05
211 211 7.36947282662e-05
212 212 1.97087796684e-05
213 213 5.90750285441e-06
214 214 1.73261648354e-05
215 215 1818.96009551
216 216 1296.44678187
217 217 5.30412722336e-06
218 218 1982.19085954
219 219 4.58021334222e-05
220 220 1.59457240601e-05
221 221 2.99784689149e-05
222 222 8.9747466198e-05
223 223 3.45631991639e-05
224 224 875.70095038
225 225 5.34487338334e-05
226 226 2330.46436386
227 227 9.75164197153e-05
228 228 1461.15283881
229 229 9.05584437032e-05
230 230 8.20714365644e-05
231 231 3.79962287037e-05
232 232 7.16968459622e-05
233 233 6.95627580871e-05
234 234 1.45589111952e-05
235 235 7.74868879865e-05
236 236 3.5092458884e-05
237 237 9.69458864045e-05
238 238 6.91888330956e-05
239 239 2.12466678241e-05
240 240 6.34816125562e-05
241 241 2.55339872215e-05
242 242 2.45231779547e-05
243 243 4.65275330905e-05
244 244 2.03992273121e-06
245 245 1980.87236536
246 246 1948.40145096
247 247 5.96630082233e-05
248 248 6.45408475586e-05
249 249 7.87468043966e-05
250 250 716.973759172
251 251 3.71404477171e-05
252 252 911.677808252
253 253 6.08900429363e-05
254 254 7.49982265842e-06
255 255 2.80743749258e-05
256 256 7.5953617947e-05
257 257 3.23870169813e-05
258 258 7.79484256832e-05
259 259 1974.52083765
260 260 432.294337776
261 261 6.6848251985e-05
262 262 9.2028684895e-05
263 263 8.83335861562e-05
264 264 3.98848878896e-05
265 265 6.54727289171e-05
266 266 2.96107082968e-05
267 267 3.34462638152e-05
268 268 420.144391438
269 269 2.39515363696e-05
270 270 6.13814748843e-06
271 271 9.46602693121e-05
272 272 4894.65156439
273 273 7.57067348508e-05
274 274 1536.2332088
275 275 8.37125411704e-05
276 276 7.4233103737e-06
277 277 3.09877791475e-05
278 278 5.12817010206e-05
279 279 5.27859832353e-05
280 280 3.75468659885e-05
281 281 8.03256285825e-05
282 282 9.35781655737e-05
283 283 1.05942368917e-05
284 284 1495.61562982
285 285 4.70355929767e-06
286 286 1829.48373459
287 287 7.50886129654e-05
288 288 8.13536488152e-05
289 289 6.34080014714e-05
290 290 4.4311724074e-05
291 291 3.70103380154e-05
292 292 2.76391768849e-05
293 293 2.26556038343e-05
294 294 1.20601339958e-05
295 295 2763.98949189
296 296 8.2450094198e-05
297 297 9.22751221992e-05
298 298 4.24282962715e-05
299 299 4.97042892139e-05
300 300 2.95156421959e-05
301 301 4.59877195115e-05
302 302 1250.6709874
303 303 9.46668018614e-05
304 304 6.17566579855e-05
305 305 4.58168575015e-05
306 306 3238.32066172
307 307 3703.18281914
308 308 2.17462629129e-05
309 309 1.25704362544e-07
310 310 6.23351778182e-05
311 311 5321.23084686
312 312 5.06595484778e-05
313 313 5.84463507555e-05
314 314 3438.34462631
315 315 4036.48192739
316 316 3.93645325532e-05
317 317 8.66779321171e-06
318 318 1.08674323763e-05
319 319 2.05969792487e-05
320 320 6.3402197249e-05
321 321 6.52309269011e-05
322 322 5.62556456761e-05
323 323 3.49046097378e-05
324 324 2430.63533064
325 325 7.64138024622e-05
326 326 6.03124089821e-05
327 327 2.34960962608e-05
328 328 5.48006625157e-05
329 329 2123.73575992
330 330 6.49585192924e-05
331 331 1502.05785936
332 332 9.5812476051e-05
333 333 3.89091401982e-05
334 334 3.78608249129e-05
335 335 2787.26067606
336 336 2947.75996558
337 337 5.81870502327e-05
338 338 3.07511942321e-05
339 339 6.7623241304e-05
340 340 8.45587707243e-05
341 341 8.21124460061e-05
342 342 7.40356861786e-05
343 343 1.30831979785e-05
344 344 2.45392953471e-05
345 345 7.69177653501e-05
346 346 7.44969126978e-05
347 347 2760.63575235
348 348 1295.25344922
349 349 5.23070853997
350 350 9.11511852429e-07
351 351 1.19035757575e-05
352 352 2.94214711379e-06
353 353 3419.6875402
354 354 5.06593742656e-05
355 355 2629.49760265
356 356 8.30762839702e-05
357 357 7.23351743752e-05
358 358 3991.96223786
359 359 4.04808286452e-05
360 360 5259.45643911
361 361 4.49158361168e-05
362 362 4032.13810933
363 363 1.88151240099e-05
364 364 1194.74469788
365 365 8.13623162635e-05
366 366 2.09832354841e-05
367 367 6.1217852398e-06
368 368 913.71240383
369 369 8.7118132486e-05
370 370 1.71090487318e-06
371 371 7.77479290434e-05
372 372 210.158157657
373 373 5.79228582411e-05
374 374 2.62408257058e-05
375 375 3.29391779968e-05
376 376 2910.12537466
377 377 6.71090946342e-05
378 378 8.82153349001e-05
379 379 7.82334540823e-05
380 380 7.42742035966e-05
381 381 2121.5834329
382 382 2.86720688093e-05
383 383 3.84906701294e-05
384 384 7.74637860945e-05
385 385 8.50719310103e-05
386 386 1373.29513993
387 387 7.53632577842e-05
388 388 41.2643991943
389 389 2.63978435227e-05
390 390 6.27413989899e-05
391 391 2.91369037382e-06
392 392 6.6205441876e-05
393 393 4715.35899586
394 394 8.31858196814e-05
395 395 3198.03246789
396 396 5.29323422027e-05
397 397 8.39802250002e-05
398 398 2.77284804398e-05
399 399 3995.96955238
400 400 9.74460160676e-05
401 401 6.23850082961e-05
402 402 4.61482177936e-05
403 403 8.27244728216e-05
404 404 986.078645022
405 405 8.62760688958e-05
406 406 2.93353650485e-05
407 407 2639.36533747
408 408 2.54280981516e-05
409 409 7.18362048539e-05
410 410 7.70927217704e-05
411 411 1.3146043818e-06
412 412 7.1421385869e-05
413 413 1.84407117057e-05
414 414 5.08557225199e-05
415 415 2788.55066659
416 416 1.43920606317e-05
417 417 4471.42028868
418 418 1654.8275655
419 419 3.75812450048e-05
420 420 9.50365867811e-05
421 421 1.7908197151e-05
422 422 2.96383280834e-05
423 423 1.97247817887e-05
424 424 4550.76035217
425 425 3.92763254974e-05
426 426 9.22887107747e-05
427 427 4.41950720893e-05
428 428 3.61104364926e-05
429 429 7.77029857454e-05
430 430 6.60275153377e-05
431 431 5.89490075006e-05
432 432 3.81828150806e-05
433 433 7.29720405211e-05
434 434 2848.31482962
435 435 3.70592694322e-05
436 436 4.94998800275e-06
437 437 1952.17662314
438 438 9.28433379957e-05
439 439 4.42709697083e-05
440 440 7.0039689084e-05
441 441 8.09073908361e-05
442 442 7.76478540641e-05
443 443 2732.27393174
444 444 9.19241522357e-05
445 445 5256.73363393
446 446 1.12728380418e-05
447 447 9.94050904577e-06
448 448 9.12738952459e-05
449 449 9.70202745597e-05
450 450 3.91349878699e-05
451 451 4.78379882449e-06
452 452 1415.98938045
453 453 9.07157321459e-05
454 454 7.46331814018e-05
455 455 8.98642996579e-05
456 456 4.16780254048e-05
457 457 4972.49671905
458 458 6.34231408463e-06
459 459 3.80735484271e-06
460 460 165.500825122
461 461 7.70039306301e-06
462 462 1.4194221511e-05
463 463 1129.40468382
464 464 2.5579997232e-05
465 465 5.26167229791e-05
466 466 3.57690154436e-05
467 467 5.07641298424e-06
468 468 3.88991656089e-05
469 469 5.43795684485e-05
470 470 1.76458542974e-05
471 471 4534.40001085
472 472 5.41090464075e-06
473 473 9.66958235848e-05
474 474 3.42452847122e-05
475 475 4.4619402781e-05
476 476 4.02694777312e-05
477 477 1888.23657302
478 478 1.56109566374e-05
479 479 8.22940554187e-05
480 480 8.96624646952e-05
481 481 3.99813082639e-05
482 482 1400.67116891
483 483 6.92500844858e-05
484 484 6.07345002649e-06
485 485 748.612455466
486 486 2.34977014903e-05
487 487 1.53888608345e-05
488 488 5.18281901853e-05
489 489 8.31539239023e-05
490 490 1.23201728709e-05
491 491 8.69258096687e-05
492 492 1838.56692821
493 493 5611.88257508
494 494 3.36970369275e-05
495 495 8.57982603453e-05
496 496 5509.30015279
497 497 6.56689422594e-05
498 498 8.37269223821e-05
499 499 2182.85336405
500 500 4.53779936814e-05
501 501 4.48359497603e-05
502 502 3.09042317808e-05
503 503 5.12687881307e-05
504 504 4.28336618094e-06
505 505 1272.91555559
506 506 5.89967854324e-05
507 507 7.18227829313e-05
508 508 7.92933391249e-06
509 509 5.96626676511e-05
510 510 4782.5196379
511 511 4492.52191236
512 512 9.94146293439e-05
513 513 3.86707651907e-05
514 514 6.75568590996e-05
515 515 3.21718412576e-05
516 516 5.8344963606e-05
517 517 9.4587440225e-05
518 518 7.02008981491e-05
519 519 6.67692937533e-05
520 520 1.04622548899e-05
521 521 112.373656005
522 522 8.56785951789e-05
523 523 5.05155680599e-05
524 524 5317.23619045
525 525 6.46222411556e-05
526 526 566.482707921
527 527 1.49199571505e-05
528 528 898.619765941
529 529 2825.45571029
530 530 5.1992060782e-06
531 531 5.26154655767e-05
532 532 1.45826791213e-06
533 533 9.75362846383e-05
534 534 7.26639296855e-05
535 535 2.96786788274e-05
536 536 8.4535512231e-05
537 537 3644.14390838
538 538 7.75705468195e-06
539 539 5.98874690203e-05
540 540 1465.36361003
541 541 8.72767434579e-05
542 542 1.39213523096e-05
543 543 2751.804886
544 544 9.24052025556e-05
545 545 6.89538291503e-05
546 546 4.74672976031e-06
547 547 3.64756980009e-06
548 548 1.3222893786e-05
549 549 4.08201424978e-05
550 550 5.4555011873e-05
551 551 6.97393916913e-05
552 552 2070.23877339
553 553 496.354319958
554 554 3731.65098432
555 555 4.13225115495e-05
556 556 6.10949752317e-05
557 557 2.24729624039e-05
558 558 6.5325245858e-05
559 559 6.21586116315e-05
560 560 3.1867495898e-05
561 561 4.52044814804e-05
562 562 1424.68596109
563 563 4.96547778115e-06
564 564 8.94861577712e-05
565 565 3.8847026036e-05
566 566 61.6823397726
567 567 2.44345416636e-05
568 568 8.2568675232e-05
569 569 5585.74568938
570 570 862.475458491
571 571 1.71856326168e-05
572 572 5.53052421531e-05
573 573 7.53531748975e-05
574 574 2389.23421898
575 575 7.66422595269e-05
576 576 4.89986073708e-05
577 577 2.60874439687e-05
578 578 2860.42455723
579 579 7.03039008095e-05
580 580 9.92833341726e-05
581 581 9.50286151632e-05
582 582 3724.29494976
583 583 6.55313389812e-05
584 584 9.74575076111e-06
585 585 3.16730045027e-05
586 586 8.74547871571e-05
587 587 9.80039307982e-05
588 588 9.18276351416e-05
589 589 3114.43187462
590 590 4706.12678962
591 591 2.59223345804e-05
592 592 3902.52238094
593 593 8.81644505634e-05
594 594 7.84439894176e-05
595 595 2001.97880977
596 596 5288.64329723
597 597 4.52739473526e-06
598 598 1.38074807091e-05
599 599 4559.70916663
600 600 1935.43790463
601 601 7.52707792359e-05
602 602 5.19037866485e-06
603 603 1.44034991881e-05
604 604 4176.88135814
605 605 1.64085631446e-05
606 606 5.40841391374e-05
607 607 7.17377726157e-05
608 608 8.64796707533e-05
609 609 1685.24243973
610 610 1584.3896844
611 611 7.60597821347e-05
612 612 1.32141500137e-05
613 613 4.50775605423e-05
614 614 9.7691468172e-05
615 615 7.577898947e-05
616 616 3.76684232962e-05
617 617 4.52844180352e-05
618 618 1.74557417801e-06
619 619 1013.64034256
620 620 7.778183199e-05
621 621 2.56490573855e-05
622 622 4909.79286747
623 623 5.0210534452e-05
624 624 2.15647091303e-05
625 625 2.59118730053e-05
626 626 1.21050100216e-05
627 627 5.66519041983e-05
628 628 3.09132335245e-05
629 629 2.14620622191e-05
630 630 560.897985458
631 631 2.04354155012e-05
632 632 8.06767989579e-05
633 633 5.04192253873e-05
634 634 7.04521654176e-06
635 635 3823.82074656
636 636 1224.71009843
637 637 6.58992324806e-05
638 638 2744.97093256
639 639 6.06856899131e-05
640 640 7.94600538065e-05
641 641 9.14250147007e-05
642 642 5.29992231236e-05
643 643 1.16770397352e-05
644 644 3.29383963927e-05
645 645 1662.55684173
646 646 4.80403997096e-05
647 647 7.14829098374e-05
648 648 6.72111625338e-05
649 649 5553.72345294
650 650 7.66957866731e-05
651 651 2.9686420636e-05
652 652 2.43063364884e-05
653 653 5.68121626461e-05
654 654 3847.72400984
655 655 6.55364703357e-05
656 656 7.5860503137e-06
657 657 9.1494318474e-05
658 658 3696.08899493
659 659 3.3515813301e-05
660 660 2.79932104715e-05
661 661 4568.0402624
662 662 2.22779184063e-05
663 663 5.25686514371e-05
664 664 9.03916662421e-05
665 665 3.93869180793e-05
666 666 8.68250402989e-05
667 667 1874.96049824
668 668 1949.89362835
669 669 2.25218909227e-05
670 670 4.20434173537e-05
671 671 5.69495747954e-05
672 672 4.71928226989e-05
673 673 4.30745053375e-05
674 674 1925.1147787
675 675 4.28101095211e-05
676 676 1.96311283644e-05
677 677 2.93912679234e-05
678 678 1.7608076677e-05
679 679 6.23100632576e-05
680 680 5.52137349764e-05
681 681 7.81379039773e-05
682 682 6.62025781984e-05
683 683 8.7852266306e-05
684 684 8.42481743574e-05
685 685 4576.54500857
686 686 302.737534171
687 687 3.53167863131e-05
688 688 4230.93087063
689 689 4364.67622753
690 690 9.52195256425e-05
691 691 3.75868314728e-05
692 692 2581.84944689
693 693 9.45722260236e-05
694 694 1586.15531866
695 695 3365.29260666
696 696 2121.78531567
697 697 6.76458794303e-05
698 698 7.5021973215e-05
699 699 4566.3020747
700 700 5.92912767318e-05
701 701 7.3076496734e-07
702 702 244.471571463
703 703 6.09004456228e-05
704 704 3715.83013835
705 705 2.22231342579e-05
706 706 8.00830984405e-05
707 707 7.94752564206e-05
708 708 527.154729679
709 709 4.2784390463e-06
710 710 4.78495211999e-05
711 711 8.37708145183e-05
712 712 5.08942694869e-05
713 713 3108.82446117
714 714 7.12928735405e-06
715 715 6.26059208423e-05
716 716 7.14847773778e-05
717 717 5.14680997155e-05
718 718 5.40904993956e-05
719 719 857.201009073
720 720 766.388203641
721 721 6.25334087929e-05
722 722 4.12469911865e-05
723 723 5.69782968795e-05
724 724 4.40912141828e-05
725 725 2.01793844651e-05
726 726 1.48128282973e-05
727 727 3.29767211882e-05
728 728 8.37315547889e-05
729 729 3556.71446701
730 730 6.08695062671e-05
731 731 7.77928561148e-05
732 732 3.36975520365e-05
733 733 6.80091082459e-05
734 734 8.0057473992e-05
735 735 1.09158259305e-05
736 736 4.72867810725e-05
737 737 1.17904002645e-05
738 738 4035.67763768
739 739 5.76777404551e-05
740 740 3.73910846091e-05
741 741 4709.76724086
742 742 1.95736161007e-05
743 743 2243.729141
744 744 5496.23104643
745 745 1203.1554255
746 746 1157.71617908
747 747 1070.70206056
748 748 1.50095763602e-05
749 749 5148.72545448
750 750 9.96777229953e-05
751 751 3.85311987663e-05
752 752 2.13573347489e-05
753 753 1.30656963296e-05
754 754 77.9673928007
755 755 1275.54684783
756 756 8.4214805584e-05
757 757 1573.14302072
758 758 3.48225369114e-05
759 759 3.77062675778e-06
760 760 8.69673939139e-05
761 761 2.1338249807e-05
762 762 9.07108578219e-05
763 763 2.72319858119e-05
764 764 4.01171104754e-05
765 765 8.03835835864e-05
766 766 2.20798995269e-05
767 767 5.06661995892e-05
768 768 1.16681548066e-05
769 769 7.60248609031e-05
770 770 23.8223849125
771 771 7.20034074612e-05
772 772 5.00762059508e-05
773 773 3.26526509023e-05
774 774 2754.65256516
775 775 3.11844712753e-05
776 776 8.49572005962e-05
777 777 1.02979486801e-05
778 778 3.19680045768e-05
779 779 3.26024421093e-05
780 780 1.06414827987e-05
781 781 4.77668580229e-05
782 782 3.69823871072e-06
783 783 9.75003479271e-06
784 784 4.31357949675e-05
785 785 4.11491486975e-05
786 786 3.34787786731e-05
787 787 3.76794218602e-05
788 788 8.50248404913e-05
789 789 3.11949082707e-05
790 790 1.64610989308e-05
791 791 8.38015526826e-05
792 792 5127.33539702
793 793 7.58304341696e-05
794 794 8.8366171233e-05
795 795 1105.17948676
796 796 2562.54020609
797 797 3.69384738723e-05
798 798 9.51396856958e-05
799 799 1.9876664535e-05
800 800 4152.89036967
801 801 8.33103020188e-05
802 802 4158.1654659
803 803 3509.68562651
804 804 2.74839447326e-06
805 805 7.17546127089e-05
806 806 2.49979653351e-05
807 807 9.65474489666e-06
808 808 7.10283482263e-05
809 809 1.91460444194e-05
810 810 3535.15009252
811 811 8.43818391978e-05
812 812 3553.43707519
813 813 2329.95465231
814 814 7.01630021084e-05
815 815 2.29983780027e-05
816 816 5.44103622328e-05
817 817 4127.1284628
818 818 7.26364322452e-05
819 819 6.75264517312e-05
820 820 3.67464182803e-05
821 821 3435.67689501
822 822 8.19421956906e-05
823 823 85.1926816445
824 824 3.38319054821e-05
825 825 4.80329877484
826 826 4.93003755153e-05
827 827 2.43413632934e-05
828 828 5.86286295458e-05
829 829 4.49852737069e-05
830 830 1744.54221266
831 831 3926.60827567
832 832 1.87942766974e-05
833 833 1.0897030165e-05
834 834 2.11374734915e-05
835 835 2.68076611348e-05
836 836 1898.95895763
837 837 2626.36949949
838 838 9.56058763683e-05
839 839 9.38189407944e-05
840 840 3.09738866126e-05
841 841 4197.86029994
842 842 9.06076816918e-05
843 843 5.41370282159e-05
844 844 8.76579731222e-05
845 845 1.18993529213e-05
846 846 3.70108407997e-06
847 847 3694.02506671
848 848 6.18361753845e-05
849 849 5.12075201925e-05
850 850 9.02534452853e-05
851 851 638.215924212
852 852 3.03662932215e-05
853 853 4996.76106793
854 854 4109.92800603
855 855 1.13223363581e-05
856 856 5.33266187095e-05
857 857 919.269251646
858 858 7.28951024325e-05
859 859 1.34086460991e-05
860 860 708.037599383
861 861 1697.2843912
862 862 4289.22510086
863 863 4.12342482128e-05
864 864 8.0455463451e-06
865 865 2.78019208499e-05
866 866 2246.33616658
867 867 4978.59208244
868 868 3.46711630957e-06
869 869 1.20341239948e-05
870 870 2.10132890257e-05
871 871 5.46719089502e-05
872 872 3.03593433572e-05
873 873 4871.7250097
874 874 9.81328764371e-05
875 875 5.85542300451e-05
876 876 8.26179062003e-05
877 877 9.61902422494e-05
878 878 5.1014347642e-05
879 879 8.07311200779e-05
880 880 2.39356790727e-05
881 881 2.87955855857e-05
882 882 3.98536542733e-06
883 883 1.36472801808e-05
884 884 7.53478999657e-06
885 885 9.2723549967e-06
886 886 7.97261873855e-05
887 887 6.67763909047e-05
888 888 2.86113240133e-05
889 889 2.81379936829e-05
890 890 3032.41242243
891 891 4533.27726648
892 892 3109.13240995
893 893 4207.69083061
894 894 3987.37230175
895 895 4.13662142749e-05
896 896 3132.01548379
897 897 1.87360692215e-05
898 898 7.69199628331e-05
899 899 4.52218874924e-05
900 900 1727.78531266
901 901 3.6533916061e-06
902 902 1.86810800798e-05
903 903 9.64967030405e-06
904 904 8.25706482996e-05
905 905 6.30959281018e-06
906 906 4.16069129429e-06
907 907 3242.63820704
908 908 3.144719751e-05
909 909 2226.20641154
910 910 9.20782225001e-06
911 911 2.95736421258e-05
912 912 7.86826152298e-05
913 913 1894.68347838
914 914 2.61759548131e-05
915 915 4.86980441567e-05
916 916 6.52299420186e-05
917 917 9.88043833495e-05
918 918 5.80233053742e-05
919 919 6.78974656105e-05
920 920 7.73813095879e-05
921 921 5.74927814114e-05
922 922 9.20271022364e-05
923 923 3.30117828138e-05
924 924 3.36891494474e-05
925 925 3511.69804589
926 926 5.4458434521e-05
927 927 3487.37622937
928 928 2252.12927397
929 929 4.27313102654e-05
930 930 2528.20482066
931 931 9.20285384778e-05
932 932 9.33702515373e-05
933 933 1.0497363501e-05
934 934 3778.16520646
935 935 1723.31189228
936 936 6.04346098842e-05
937 937 9.7318697167e-05
938 938 1161.18011147
939 939 1.13926812937e-05
940 940 3729.98669649
941 941 3.76251268109e-05
942 942 3.33216681312e-05
943 943 3.80738508262e-05
944 944 5.58203857195e-05
945 945 2.85376702522e-05
946 946 7.38692182919e-05
947 947 7.16965612282e-05
948 948 5.26007108031e-06
949 949 7.95174068288e-05
950 950 4.44921512703e-05
951 951 7.05722911874e-05
952 952 5.49829897722e-05
953 953 9.06996322712e-05
954 954 7.98245489308e-05
955 955 8.97927332466e-05
956 956 3.56283587182e-05
957 957 8.82400305901e-05
958 958 3.54979237961e-05
959 959 1.66913426005e-06
960 960 1.10494928728e-05
961 961 2.26737046265e-05
962 962 8.55007151485e-05
963 963 1710.40308593
964 964 8.11731932489e-05
965 965 1039.87766669
966 966 2.47210933678e-05
967 967 4.18687815919e-05
968 968 5.10803474649e-05
969 969 4.72792954863e-05
970 970 1.44479101304e-05
971 971 1675.23049546
972 972 2965.07402152
973 973 2227.60519613
974 974 2.34483761609e-05
975 975 6.55926105826e-05
976 976 3519.55493273
977 977 9.11182329365e-05
978 978 5547.29851225
979 979 5420.96221752
980 980 9.15293696421e-05
981 981 8.9110497235e-05
982 982 4.26803214251e-05
983 983 1.21129283587e-05
984 984 4689.04573474
985 985 1.43747496491e-05
986 986 4.70877466431e-05
987 987 6.63536968208e-05
988 988 9.01703860998e-05
989 989 3579.25397373
990 990 3.92625339989e-05
991 991 5.55691912744e-05
992 992 6.90383240303e-05
993 993 8.63717202802e-05
994 994 4.02173984961e-05
995 995 1.02237868299e-05
996 996 6.3706045501e-05
997 997 6.5806641278e-05
998 998 3.6309392957e-05
999 999 4.76737572018e-05
1000 1000 7.64556671206e-05
1001 1001 4818.1545202
1002 1002 2411.46674657
1003 1003 4661.01395145
1004 1004 1566.77441206
1005 1005 3838.2694609
1006 1006 7.83959604717e-05
1007 1007 5009.74020599
1008 1008 9.41506307152e-05
1009 1009 8.700574225e-05
1010 1010 2.94116282135e-05
1011 1011 4064.05507437
1012 1012 9.93565739232e-05
1013 1013 5.8167803495e-05
1014 1014 6.13930082116e-05
1015 1015 1.37096064328e-05
1016 1016 8.86168782787e-05
1017 1017 3575.17039993
1018 1018 2319.77605746
1019 1019 1894.24534746
1020 1020 4.91208559443e-05
1021 1021 1399.37419844
1022 1022 4248.12245135
1023 1023 4.59617522906e-05
1024 1024 8.99942336254e-05
1025 1025 1.61482304396e-05
1026 1026 4.67143541301e-05
1027 1027 8.7819723287e-05
1028 1028 9.65940588577e-05
1029 1029 9.23774120369e-05
1030 1030 2577.09789982
1031 1031 3748.64006631
1032 1032 2672.97978077
1033 1033 6.59280015474e-05
1034 1034 1609.25050505
1035 1035 4.97481273667e-05
1036 1036 8.82701786364e-05
1037 1037 7.11333662211e-05
1038 1038 3.09498206105e-05
1039 1039 8.36050321862e-05
1040 1040 5.7442099106e-05
1041 1041 1.23485969725e-05
1042 1042 3570.92506201
1043 1043 3.73369294278e-05
1044 1044 1102.26064865
1045 1045 2.27144485048e-05
1046 1046 3866.63841888
1047 1047 1.89683316042e-06
1048 1048 8.56324801846e-05
1049 1049 8.42839060297e-05
1050 1050 2072.3606402
1051 1051 3.26515177873e-05
1052 1052 3.78595909382e-05
1053 1053 7.52636383244e-06
1054 1054 4.00678750804e-05
1055 1055 8.11350553275e-05
1056 1056 4.65691104478e-05
1057 1057 2177.56621792
1058 1058 3639.50889769
1059 1059 3700.74864047
1060 1060 1.16916822883e-05
1061 1061 1.67941684713e-05
1062 1062 8.88858098456e-05
1063 1063 2.82182039736e-05
1064 1064 3.64058494082e-05
1065 1065 3532.66432019
1066 1066 2.52889830324e-05
1067 1067 7.08288557585e-05
1068 1068 9.7698294252e-05
1069 1069 6.96979732411e-05
1070 1070 7.99026764124e-05
1071 1071 2310.95484424
1072 1072 6.03834755566e-05
1073 1073 5.00653377538e-05
1074 1074 2.13028744366e-05
1075 1075 7.45224277474e-05
1076 1076 3.92422024705e-05
1077 1077 5.22388941906e-05
1078 1078 2.87928317527e-06
1079 1079 5292.59079563
1080 1080 2530.87853955
1081 1081 9.9654160966e-05
1082 1082 363.945562573
1083 1083 380.163696854
1084 1084 5.23274392656e-05
1085 1085 4141.19884363
1086 1086 1709.91961028
1087 1087 1080.85442208
1088 1088 8.46684977735e-05
1089 1089 2.78414393976e-06
1090 1090 3.3828331847e-06
1091 1091 8.66781000783e-05
1092 1092 7.85892733314e-05
1093 1093 4.76269501816e-05
1094 1094 7.30585611032e-05
1095 1095 1.16451353015e-05
1096 1096 5.16984848775e-05
1097 1097 3.22354107734e-05
1098 1098 6.50106753163e-05
1099 1099 1537.08062255
1100 1100 2618.11690746
1101 1101 3867.63716524
1102 1102 1.09011987925e-05
1103 1103 9.57357597217e-06
1104 1104 3.90355738356e-05
1105 1105 5.45114250325e-07
1106 1106 9.01637714318e-05
1107 1107 1.70818328818e-05
1108 1108 5013.54916474
1109 1109 7.91482856292e-05
1110 1110 6.28707592625e-05
1111 1111 6.29225591796e-05
1112 1112 1.8901960744e-05
1113 1113 4.28330793438e-06
1114 1114 1578.77935574
1115 1115 1.58712025988e-05
1116 1116 5.94930968882e-05
1117 1117 2.85523965519e-05
1118 1118 6.97802751415e-06
1119 1119 5.30953972146e-05
1120 1120 9.26291131795e-05
1121 1121 7.50282109349e-05
1122 1122 4381.09990114
1123 1123 3695.93472946
1124 1124 3.61254978512e-05
1125 1125 611.810011866
1126 1126 9.71776130638e-05
1127 1127 6.35913179945e-05
1128 1128 5258.78548132
1129 1129 4.61197056806e-05
1130 1130 1.14872988242e-05
1131 1131 6.53827298935e-05
1132 1132 4.94980902004e-05
1133 1133 8.40437500875e-05
1134 1134 8.5638826795e-05
1135 1135 7.53004125623e-05
1136 1136 1170.46597923
1137 1137 3910.65786381
1138 1138 3.43737232267e-05
1139 1139 9.06630351041e-05
1140 1140 5.45744040794e-06
1141 1141 9.01979955606e-05
1142 1142 3888.31667144
1143 1143 3308.68966597
1144 1144 3.79386430028e-05
1145 1145 3087.15444131
1146 1146 2.29468172502e-05
1147 1147 4.04034284047e-05
1148 1148 4.66330305948e-05
1149 1149 5208.59091628
1150 1150 9.05828395671e-05
1151 1151 2130.2105917
1152 1152 3.65864730424e-05
1153 1153 6.24392624694e-05
1154 1154 3.65595398239e-05
1155 1155 9.62812500222e-05
1156 1156 1.82071645185e-05
1157 1157 3442.15184328
1158 1158 4.40459408442e-05
1159 1159 7.67886689518e-05
1160 1160 4.71939280921e-05
1161 1161 6.48637754606e-05
1162 1162 3527.16308079
1163 1163 1.95723224621e-05
1164 1164 2.17799024096e-05
1165 1165 9.82206674732e-05
1166 1166 5.02639180413e-05
1167 1167 8.10842218599e-05
1168 1168 4.82118979166e-05
1169 1169 5173.63742803
1170 1170 3.42303559695e-05
1171 1171 4.54765585357e-07
1172 1172 7.09318684946e-05
1173 1173 2.06375992138e-05
1174 1174 1.75672413483e-05
1175 1175 5025.72274637
1176 1176 2546.21908717
1177 1177 8.01883323716e-05
1178 1178 3.82848726773e-05
1179 1179 2975.77662248
1180 1180 3766.89645619
1181 1181 8.49247712317e-05
1182 1182 647.111741932
1183 1183 3.73162591097e-05
1184 1184 2.89864921248e-05
1185 1185 9.53486990863e-06
1186 1186 2073.96063939
1187 1187 8.86052371822e-06
1188 1188 2.93795192583e-05
1189 1189 5.43552455935e-05
1190 1190 4502.59356039
1191 1191 3333.93141447
1192 1192 2764.48332008
1193 1193 8.70098642995e-05
1194 1194 6.9454268636e-06
1195 1195 8.16209092931e-05
1196 1196 5528.31269351
1197 1197 2224.65400049
1198 1198 5.16285042553e-05
1199 1199 5.04468641268e-05
1200 1200 8.11572413968e-05
1201 1201 7.82848991679e-05
1202 1202 5.06785317871e-05
1203 1203 1111.28147284
1204 1204 3915.8736266
1205 1205 2095.69133788
1206 1206 2.6229771418e-05
1207 1207 5.40518842509e-05
1208 1208 1009.78831132
1209 1209 2.0916084732e-05
1210 1210 6.59656944319e-05
1211 1211 6.31277424187e-05
1212 1212 7.17287097066e-05
1213 1213 3143.95327329
1214 1214 8.3293857709e-05
1215 1215 7.07330328933e-05
1216 1216 3443.63014045
1217 1217 4551.07235297
1218 1218 2.34988937005e-05
1219 1219 6.45111024662e-05
1220 1220 2.30353361104e-06
1221 1221 8.58564949826e-06
1222 1222 3.87088611576e-05
1223 1223 2.89769892077e-05
1224 1224 1.78894952268e-05
1225 1225 7.97107019642e-05
1226 1226 4.14151761944e-05
1227 1227 6.78959103685e-05
1228 1228 5.90224108505e-05
1229 1229 3.83189083123e-05
1230 1230 9.6153033424e-05
1231 1231 1280.46013056
1232 1232 3.63882532301e-05
1233 1233 4.26281956876e-05
1234 1234 5.36800317379e-05
1235 1235 6.70320478484e-06
1236 1236 5.77333807472e-05
1237 1237 2.70323561032e-05
1238 1238 5.05542801995e-05
1239 1239 8.22482427144e-05
1240 1240 3347.41857798
1241 1241 6.08894633376e-05
1242 1242 5.90147679043e-05
1243 1243 2.23870354293e-05
1244 1244 2.46500013959e-05
1245 1245 4.14447406366e-05
1246 1246 4.87973047917e-05
1247 1247 9.59777326719e-05
1248 1248 8.6903792755e-05
1249 1249 7.99025760182e-05
1250 1250 6.51708091901e-05
1251 1251 5.18272706881e-05
1252 1252 6.29706240317e-05
1253 1253 5600.53161405
1254 1254 2.77135369851e-05
1255 1255 2.10280627127e-05
1256 1256 2.97580614387e-05
1257 1257 838.008536953
1258 1258 1.30430214114e-06
1259 1259 3.64008043873e-05
1260 1260 2951.85602128
1261 1261 4237.83328257
1262 1262 9.84921225984e-05
1263 1263 5.6505334992e-05
1264 1264 5002.48496459
1265 1265 1.4247086437e-05
1266 1266 2208.54995355
1267 1267 4842.14319732
1268 1268 8.90213385629e-05
1269 1269 4.04726101008e-06
1270 1270 2.70141675734e-06
1271 1271 9.78385582704e-05
1272 1272 2325.84807579
1273 1273 2.96912253788e-06
1274 1274 5.45871310648e-06
1275 1275 8.48093649486e-05
1276 1276 5.72495983736e-05
1277 1277 1.86353566761e-05
1278 1278 1.56774644057e-05
1279 1279 1.11715151063e-07
1280 1280 1.34680391366e-05
1281 1281 4.19564115229e-06
1282 1282 3.22316287063e-05
1283 1283 3.80108823126e-05
1284 1284 2488.53986861
1285 1285 895.007632607
1286 1286 4458.49976601
1287 1287 4.64405921447e-05
1288 1288 7.68525788332e-05
1289 1289 3.09947021471e-05
1290 1290 4.39116231602e-05
1291 1291 8.86684666013e-05
1292 1292 9.28792390499e-05
1293 1293 1.0643082261e-06
1294 1294 1.06348121076e-05
1295 1295 7.17382732067e-05
1296 1296 6.435786147e-05
1297 1297 7.27310186811e-05
1298 1298 2.620624074e-06
1299 1299 6.97798290521e-05
1300 1300 9.81920774605e-05
1301 1301 7.75934383267e-05
1302 1302 423.705923589
1303 1303 3.42021204344e-05
1304 1304 9.73060179807e-05
1305 1305 3686.95558392
1306 1306 9.84344330695e-05
1307 1307 3.75809090573e-06
1308 1308 2.78028802682e-05
1309 1309 1916.6554593
1310 1310 2224.72586841
1311 1311 4.22243192823e-05
1312 1312 1.37785392377e-05
1313 1313 3.73103142565e-06
1314 1314 1360.41979
1315 1315 7.48395171273e-07
1316 1316 5.02142907286e-06
1317 1317 4622.22271975
1318 1318 6.81012491666e-05
1319 1319 8.93090552976e-05
1320 1320 3557.14999003
1321 1321 3.42122402208e-05
1322 1322 2.73091008071e-05
1323 1323 2.92249915778e-05
1324 1324 6.4279014193e-05
1325 1325 1.899278832e-06
1326 1326 1942.88538987
1327 1327 9.63286095638e-05
1328 1328 3614.03809968
1329 1329 3.15243515535e-05
1330 1330 3302.7354638
1331 1331 7.34354411534e-05
1332 1332 1.27522715718e-05
1333 1333 7.18335806514e-05
1334 1334 1.35359633738e-05
1335 1335 4.0319299911e-05
1336 1336 7.09969187612e-05
1337 1337 3.65249315469e-05
1338 1338 5162.6363962
1339 1339 2.45555492796e-05
1340 1340 150.622739389
1341 1341 5.85625036807e-06
1342 1342 1661.10145619
1343 1343 1622.49007642
1344 1344 2.450992457e-06
1345 1345 3.0918800153e-05
1346 1346 6.05691173069e-06
1347 1347 4.10226114826e-05
1348 1348 6.39380796602e-05
1349 1349 5.77585171124e-05
1350 1350 3581.81880027
1351 1351 1080.96685765
1352 1352 1.46891565008e-06
1353 1353 8.91079391969e-05
1354 1354 3784.42418161
1355 1355 9.38295203562e-05
1356 1356 9.73605017849e-05
1357 1357 4528.9104877
1358 1358 3.01042694187e-05
1359 1359 6.73714921307e-05
1360 1360 5401.07234289
1361 1361 5278.28687679
1362 1362 3.11554524408e-05
1363 1363 4.4713830222e-05
1364 1364 4845.72367232
1365 1365 2.65630804439e-05
1366 1366 1126.67824961
1367 1367 8.06723741531e-05
1368 1368 326.077624651
1369 1369 3.23183956454e-05
1370 1370 8.35496345655e-05
1371 1371 21.8033300605
1372 1372 3435.94049013
1373 1373 7.71006761813e-05
1374 1374 3.66280997415e-05
1375 1375 689.994249118
1376 1376 4377.55646205
1377 1377 9.94038368308e-06
1378 1378 3351.47922523
1379 1379 1.38650380712e-05
1380 1380 3.27062988623e-05
1381 1381 2.40291975902e-05
1382 1382 9.45010834563e-05
1383 1383 5.24181423653e-05
1384 1384 5.25100245001e-05
1385 1385 2121.97030716
1386 1386 3.8537240513e-05
1387 1387 9.12732721001e-05
1388 1388 2.18490533173e-05
1389 1389 1.25578357866e-06
1390 1390 4.94021335246e-05
1391 1391 7.32956784501e-05
1392 1392 1948.23539595
1393 1393 1.67687905269e-05
1394 1394 2.42757673937e-05
1395 1395 5233.12062558
1396 1396 3.50305310818e-05
1397 1397 4.49454758742e-05
1398 1398 7.89270084709e-05
1399 1399 8.49719934259e-05
1400 1400 4.07861597928e-05
1401 1401 4.07213492873e-05
1402 1402 7.67721681574e-05
1403 1403 1868.38761467
1404 1404 2818.29719847
1405 1405 8.315878412e-05
1406 1406 1883.14310664
1407 1407 3685.43379559
1408 1408 9.52033483151e-05
1409 1409 4091.40802097
1410 1410 5.45610565224e-05
1411 1411 5.4615270896e-05
1412 1412 2.15181869855e-05
1413 1413 1930.34259852
1414 1414 4.87406535255e-05
1415 1415 3501.35859905
1416 1416 2.14533341204e-05
1417 1417 1.4411501837e-05
1418 1418 1.48903161105e-05
1419 1419 2.23072091708e-05
1420 1420 7.16392750798e-05
1421 1421 5.20929337777e-05
1422 1422 4.66623593829e-05
1423 1423 56.9833747747
1424 1424 5025.62676425
1425 1425 8.37954429494e-05
1426 1426 6.47384902612e-05
1427 1427 4529.14970367
1428 1428 7.62613063245e-05
1429 1429 2.25926824766e-05
1430 1430 5.89227590736e-05
1431 1431 1.80047163284e-05
1432 1432 1284.53309067
1433 1433 6.90022311893e-05
1434 1434 3.02064132755
1435 1435 3068.48326061
1436 1436 6.74053039865e-06
1437 1437 9.73776516875e-05
1438 1438 5017.86379154
1439 1439 8.45633640491e-07
1440 1440 1.89713811807e-05
1441 1441 8.37089670997e-05
1442 1442 1.14974865244e-05
1443 1443 7.61862594225e-06
1444 1444 4.18941540304e-05
1445 1445 2.96366521054e-05
1446 1446 9.90764137316e-05
1447 1447 2.12567953694e-05
1448 1448 6.90367635058e-05
1449 1449 8.6637217266e-05
1450 1450 1947.96323132
1451 1451 9.05972263365e-06
1452 1452 4.32988136699e-05
1453 1453 1.93278075568e-05
1454 1454 6.98744923328e-05
1455 1455 9.92291319914e-05
1456 1456 3.71725400003e-05
1457 1457 1.17881603846e-05
1458 1458 9.32011277936e-05
1459 1459 8.82273951785e-05
1460 1460 7.03964750249e-05
1461 1461 5.13580146131e-05
1462 1462 3465.8263173
1463 1463 1.5416879332e-05
1464 1464 4.92367035123e-05
1465 1465 4.08501315552e-05
1466 1466 3744.72391822
1467 1467 6.03894116571e-05
1468 1468 2.88063250494e-05
1469 1469 6.94346973583e-05
1470 1470 7.67321522424e-05
1471 1471 6.0522573699e-05
1472 1472 9.40342294387e-05
1473 1473 1.17934259917e-05
1474 1474 5.30609903056e-06
1475 1475 9.73827407378e-05
1476 1476 1.65156187913e-05
1477 1477 2.79821087205e-05
1478 1478 6.47983737666e-05
1479 1479 8.24961284206e-05
1480 1480 4616.24128702
1481 1481 3.74079900758e-06
1482 1482 4.46600290566e-05
1483 1483 3.61808389954e-05
1484 1484 760.44274186
1485 1485 9.11389814044e-05
1486 1486 8.32381340049e-05
1487 1487 1737.35739438
1488 1488 7.76061353887e-05
1489 1489 7.25980899379e-06
1490 1490 1573.89000822
1491 1491 9.48317885545e-05
1492 1492 6.55736527124e-05
1493 1493 668.074457737
1494 1494 4.61132229924e-05
1495 1495 2.61858632011e-05
1496 1496 3082.77988456
1497 1497 5145.51136119
1498 1498 2164.37262921
1499 1499 2054.66169324
1500 1500 8.32703074074e-05
1501 1501 3.39487807275e-05
1502 1502 9.1110642178e-06
1503 1503 8.20477769728e-05
1504 1504 7.63613742737e-05
1505 1505 1.44206643363e-06
1506 1506 8.95908015197e-05
1507 1507 6.25425313378e-06
1508 1508 5.77448669358e-05
1509 1509 4.89560140436e-05
1510 1510 3.62388696877e-05
1511 1511 3.11124144825e-05
1512 1512 8.07652722354e-06
1513 1513 4.80203586077e-05
1514 1514 9.73035270963e-05
1515 1515 136.597639155
1516 1516 2.42125580425e-05
1517 1517 9.93822993686e-07
1518 1518 9.92998986461e-05
1519 1519 4093.25519007
1520 1520 4.37413421765e-05
1521 1521 1.84145386378e-05
1522 1522 6.86564698617e-05
1523 1523 4.40227281474e-05
1524 1524 8.7998116821e-05
1525 1525 2306.57376508
1526 1526 5.69011972428e-05
1527 1527 9.89502638504e-05
1528 1528 7.09844893178e-05
1529 1529 5.69091800051e-05
1530 1530 9.33009678732e-05
1531 1531 5304.28734243
1532 1532 650.676285028
1533 1533 4.66192096098e-05
1534 1534 2.78994539955e-05
1535 1535 6.2689776659e-05
1536 1536 4.42153113623e-06
1537 1537 5.5575466345e-05
1538 1538 6.87417872496e-07
1539 1539 5.26137204607e-05
1540 1540 4.6060660464e-05
1541 1541 3599.1219724
1542 1542 3.32493154467e-05
1543 1543 5.11062030423e-06
1544 1544 6.93197244103e-05
1545 1545 4.56230539007e-05
1546 1546 6.78827488667e-06
1547 1547 8.14131518015e-05
1548 1548 6.25798736751e-05
1549 1549 4.70877722897e-07
1550 1550 5.21844496997e-05
1551 1551 2598.06026809
1552 1552 6.84348312659e-07
1553 1553 7.98631984042e-05
1554 1554 7.75295914107e-05
1555 1555 2703.95513818
1556 1556 1.01383789167e-05
1557 1557 7.18857716657e-05
1558 1558 7.70822529675e-05
1559 1559 2.9936637008e-05
1560 1560 7.79195908563e-05
1561 1561 1428.71809328
1562 1562 3225.48317198
1563 1563 5.94051277522e-05
1564 1564 2562.89350714
1565 1565 3017.14501519
1566 1566 3.53627089207e-05
1567 1567 8.97933919013e-05
1568 1568 5.29232133711e-05
1569 1569 8.19152930001e-05
1570 1570 8.25509941202e-05
1571 1571 2.60827659458e-05
1572 1572 3.9014829407e-05
1573 1573 7.6012848367e-07
1574 1574 1517.26831001
1575 1575 1205.00031384
1576 1576 3.81669361458e-05
1577 1577 9.16591312614e-05
1578 1578 4.50132233606e-05
1579 1579 5166.21685846
1580 1580 8.37748467004e-05
1581 1581 8.15571179468e-05
1582 1582 5.91346922188e-05
1583 1583 3030.33685927
1584 1584 1891.93665077
1585 1585 4813.2188063
1586 1586 4281.70979096
1587 1587 9.71031807677e-05
1588 1588 7.603726855e-05
1589 1589 835.239563267
1590 1590 6.998262067e-05
1591 1591 7.22253767224e-05
1592 1592 1.62589765994e-05
1593 1593 1014.52640235
1594 1594 1.20825335131e-05
1595 1595 5.28339849598e-05
1596 1596 2.52350552919e-05
1597 1597 6.12878324942e-05
1598 1598 9.13096553714e-05
1599 1599 5.55062285439e-05
1600 1600 2.66801372955e-06
1601 1601 4307.28927727
1602 1602 4.3471710802e-05
1603 1603 1.44807787193e-05
1604 1604 1.76986528884e-05
1605 1605 2.98546005571e-05
1606 1606 1801.4439563
1607 1607 3205.2455758
1608 1608 6.0775821271e-05
1609 1609 4.49480631398e-05
1610 1610 7.87651674596e-05
1611 1611 3.62181563053e-05
1612 1612 1.86066668851e-05
1613 1613 5.20448165287e-05
1614 1614 9.36799553411e-05
1615 1615 2.06635447695e-05
1616 1616 1.84595854694e-05
1617 1617 3.80243307185e-05
1618 1618 6.67950787386e-05
1619 1619 2509.79257073
1620 1620 3782.95993338
1621 1621 5621.2087485
1622 1622 3640.99579457
1623 1623 2.46742459639e-05
1624 1624 2.64489169483e-05
1625 1625 3.99994628303e-05
1626 1626 8.31569869411e-05
1627 1627 2831.52435198
1628 1628 7.23572223403e-05
1629 1629 2.9689630149e-05
1630 1630 4.95799023576e-05
1631 1631 8.76624178934e-05
1632 1632 6.2174763086e-05
1633 1633 4.9364701444e-07
1634 1634 2402.56041028
1635 1635 6.16156151147e-05
1636 1636 5556.0056446
1637 1637 731.973950529
1638 1638 2080.66580866
1639 1639 840.356160485
1640 1640 8.76025906686e-05
1641 1641 6.84405264683e-05
1642 1642 4121.29571114
1643 1643 3049.57313052
1644 1644 7.06185747832e-05
1645 1645 3.47677697152e-05
1646 1646 3762.72140818
1647 1647 5.75765749802e-05
1648 1648 580.982908191
1649 1649 5.1798509345e-05
1650 1650 775.406149418
1651 1651 4.08841696345e-05
1652 1652 2769.20200109
1653 1653 5.61218399563e-05
1654 1654 9.49743650946e-06
1655 1655 6.75788988095e-06
1656 1656 5494.4452184
1657 1657 1647.716227
1658 1658 2491.12483279
1659 1659 6.78168096451e-05
1660 1660 7.66426983331e-05
1661 1661 5.01047633346e-05
1662 1662 2.14686387224e-05
1663 1663 4.67732537982e-05
1664 1664 7.87403935912e-05
1665 1665 9.33344129934e-05
1666 1666 8.77505574224e-05
1667 1667 599.424336469
1668 1668 8.62801794383e-05
1669 1669 3453.92317035
1670 1670 4.04850893793e-05
1671 1671 4448.34634455
1672 1672 7.91615154852e-05
1673 1673 6.79159523658e-05
1674 1674 4.95971483163e-05
1675 1675 1.28518557324e-05
1676 1676 5340.4859707
1677 1677 6.51523534936e-05
1678 1678 1.63872137569e-05
1679 1679 6.59988651006e-05
1680 1680 9.5432128909e-05
1681 1681 6.98944837271e-05
1682 1682 2244.45191999
1683 1683 1.91131509642e-05
1684 1684 9.70436200378e-05
1685 1685 3.95399894221e-05
1686 1686 4527.34237223
1687 1687 4.0652615085e-05
1688 1688 7.11632880575e-05
1689 1689 2785.85897709
1690 1690 6.00168487146e-05
1691 1691 7.94918986332e-05
1692 1692 145.774281339
1693 1693 2568.72632921
1694 1694 3.78404427416e-05
1695 1695 6.85774011554e-05
1696 1696 7.43233686644e-05
1697 1697 1.94728598792e-05
1698 1698 1.79201469352e-05
1699 1699 5.54332753678e-05
1700 1700 9.43809559622e-06
1701 1701 3.97362494922e-05
1702 1702 2869.30544467
1703 1703 7.46795192978e-05
1704 1704 6.68412504053e-05
1705 1705 1.17834387105e-05
1706 1706 5.73687699366e-05
1707 1707 2783.84819558
1708 1708 5.53120616368e-05
1709 1709 7.19144824546e-05
1710 1710 3.34232098545e-05
1711 1711 7.22464636007e-05
1712 1712 7.23091979391e-05
1713 1713 9.56571982243e-05
1714 1714 6.55954526023e-05
1715 1715 4.98119739181e-05
1716 1716 6.52537173953e-05
1717 1717 2.84159795646e-05
1718 1718 4.57074730211e-05
1719 1719 8.7173815432e-05
1720 1720 3036.2441848
1721 1721 8.48410844099e-05
1722 1722 3.73568520444e-05
1723 1723 7.60395018193e-05
1724 1724 6.28762431016e-05
1725 1725 2662.72657142
1726 1726 7.87874600208e-06
1727 1727 5094.21991654
1728 1728 2.49599221608e-05
1729 1729 6.7262414695e-05
1730 1730 9.25740810133e-06
1731 1731 2.2152061115e-05
1732 1732 2768.59116974
1733 1733 3.5495418405e-05
1734 1734 3842.64762755
1735 1735 4.05366072082e-05
1736 1736 2964.72787717
1737 1737 2673.92464369
1738 1738 9.6536935016e-05
1739 1739 7.51063195745e-05
1740 1740 4207.05158691
1741 1741 2062.74344667
1742 1742 4284.68578913
1743 1743 8.36124760446e-05
1744 1744 7.71701524201e-05
1745 1745 6.33473461548e-05
1746 1746 6.4322418152e-05
1747 1747 3987.08420106
1748 1748 9.99280854925e-05
1749 1749 1380.34857095
1750 1750 7.41014275768e-05
1751 1751 3738.73813909
1752 1752 8.61631627484e-05
1753 1753 4086.10424291
1754 1754 1771.11009817
1755 1755 4.30123324728e-06
1756 1756 1.8211675743e-05
1757 1757 8.39938193795e-05
1758 1758 2.464547818e-05
1759 1759 9.25383293954e-05
1760 1760 2643.56929029
1761 1761 1518.14879091
1762 1762 8.44592004822e-05
1763 1763 2.54016404305e-05
1764 1764 3.55847410618e-05
1765 1765 1.74483796317e-06
1766 1766 671.454699111
1767 1767 5472.91254025
1768 1768 6.34485331456e-05
1769 1769 9.5019744375e-05
1770 1770 1.04410427866e-05
1771 1771 6.74854286401e-06
1772 1772 5.70644290464e-05
1773 1773 3623.78666928
1774 1774 2.88715953e-05
1775 1775 8.99026903199e-05
1776 1776 1.20671980306e-05
1777 1777 2.43603307098e-05
1778 1778 4.95360794069e-05
1779 1779 3135.40154168
1780 1780 8.11398597268e-05
1781 1781 843.250296427
1782 1782 7.65863740778e-05
1783 1783 1040.71798277
1784 1784 2175.52206951
1785 1785 3.04340445965e-05
1786 1786 5.10198798513e-05
1787 1787 3.34182320013e-06
1788 1788 7.48151590382e-05
1789 1789 4.42036148944e-05
1790 1790 5290.33356481
1791 1791 4738.11408425
1792 1792 3518.413857
1793 1793 7.73897889966e-06
1794 1794 3920.98077799
1795 1795 4100.85026156
1796 1796 3.57380449037e-05
1797 1797 1.24668635674e-05
1798 1798 5.80909292975e-05
1799 1799 3151.00223684
1800 1800 1.15265665682e-05
1801 1801 5161.80478444
1802 1802 7.87500022558e-05
1803 1803 9.79232446372e-06
1804 1804 9.58999385916e-05
1805 1805 6.27630340568e-05
1806 1806 546.37663472
1807 1807 27.2095791672
1808 1808 9.70161454235e-06
1809 1809 9.57087535948e-05
1810 1810 3.51916300349e-05
1811 1811 3.38513336602e-05
1812 1812 1.46178791337e-05
1813 1813 1.61213570793e-05
1814 1814 2.20612891699e-05
1815 1815 786.892422185
1816 1816 6.53263533927e-06
1817 1817 1867.12254999
1818 1818 8.77298991781e-05
1819 1819 3.26126732214e-05
1820 1820 2.44013721254e-05
1821 1821 1954.76984766
1822 1822 4614.62103514
1823 1823 2.78765161924e-05
1824 1824 3.55539572594e-05
1825 1825 4040.16075732
1826 1826 2.42877445887e-05
1827 1827 3682.8364373
1828 1828 4.90698336601e-05
1829 1829 2.25184436713e-05
1830 1830 6.22544276997e-05
1831 1831 4.17016104981e-05
1832 1832 2.38607334219e-05
1833 1833 6.88295865137e-05
1834 1834 2.46962734967e-05
1835 1835 1.24920455073e-05
1836 1836 2.17435144992e-05
1837 1837 2.87531470031e-05
1838 1838 1616.20980332
1839 1839 4.38520132687e-05
1840 1840 6.64005458871e-05
1841 1841 323.090458162
1842 1842 3.385626342e-05
1843 1843 2968.74193791
1844 1844 3.47537106168e-05
1845 1845 975.69177962
1846 1846 1818.55958096
1847 1847 1.05991329904e-05
1848 1848 2.29355831575e-05
1849 1849 9.4599914163e-05
1850 1850 5.28596842699e-05
1851 1851 8.05710251702e-05
1852 1852 3.46297900056e-05
1853 1853 142.601942452
1854 1854 6.15700800142e-06
1855 1855 4.83688300971e-05
1856 1856 2.3657905935e-05
1857 1857 8.04329736113e-05
1858 1858 9.64882999362e-05
1859 1859 2.24931888739e-05
1860 1860 3.33867445054e-05
1861 1861 5.40724944071e-05
1862 1862 4.36284465577e-05
1863 1863 1211.84887897
1864 1864 4446.18881845
1865 1865 8.45331584531e-05
1866 1866 7.00610376828e-05
1867 1867 4669.04071127
1868 1868 4.40163193763e-05
1869 1869 4.25858634355e-05
1870 1870 9.13072151453e-05
1871 1871 1.96981762251e-05
1872 1872 5612.55175619
1873 1873 1.35131042479e-06
1874 1874 4.21386654745e-05
1875 1875 3.32781923398e-05
1876 1876 3745.98692654
1877 1877 8.81599102635e-05
1878 1878 2.66383143904e-05
1879 1879 3.90349659996e-05
1880 1880 2.50641009642e-06
1881 1881 6.07768550004e-05
1882 1882 1.16072881824e-05
1883 1883 4.01029101813e-05
1884 1884 2044.27468467
1885 1885 5392.36453171
1886 1886 258.091398824
1887 1887 7.27048033219e-05
1888 1888 3.23315310477e-05
1889 1889 2.65896987251e-05
1890 1890 7.30660626056
1891 1891 9.04524718576e-05
1892 1892 6.4802020133e-05
1893 1893 1.68156541386e-05
1894 1894 9.96117479966e-05
1895 1895 2.8772092692e-05
1896 1896 5.21531604378e-05
1897 1897 2.44786584608e-05
1898 1898 1.69385005765e-05
1899 1899 2.53761131808e-05
1900 1900 3.52948305911e-05
1901 1901 8.7011272605e-05
1902 1902 1.14336618336e-05
1903 1903 4241.98570822
1904 1904 5.32549075211e-05
1905 1905 2994.65085647
1906 1906 9.67185512638e-05
1907 1907 7.15080672401e-05
1908 1908 8.08824560563e-05
1909 1909 5294.75768764
1910 1910 7.017962477e-05
1911 1911 2.22069257309e-05
1912 1912 8.31185233399e-05
1913 1913 3773.7063748
1914 1914 5276.25406512
1915 1915 3903.42868387
1916 1916 7.80450953147e-05
1917 1917 693.779821052
1918 1918 5.2757622807e-05
1919 1919 1020.07178751
1920 1920 8.18678893337e-05
1921 1921 5057.36146619
1922 1922 290.887695678
1923 1923 6.60587151793e-05
1924 1924 3633.84136926
1925 1925 4358.55506053
1926 1926 4599.90894931
1927 1927 8.30752211332e-05
1928 1928 7.11860344737e-05
1929 1929 4.74427200272e-05
1930 1930 2.61688053205e-05
1931 1931 4.31986223912e-05
1932 1932 5534.54024713
1933 1933 5.84665456173e-05
1934 1934 1.21544296759e-05
1935 1935 3145.9449893
1936 1936 300.5948337
1937 1937 9.94272631206e-05
1938 1938 1.33077282481e-05
1939 1939 5.92161541096e-06
1940 1940 7.41452334536e-06
1941 1941 7.60955183466e-06
1942 1942 8.97544088831e-05
1943 1943 1.2762399555e-05
1944 1944 5.66129264266e-05
1945 1945 8.00168145807e-05
1946 1946 756.087489768
1947 1947 9.53708397093e-05
1948 1948 1180.02096627
1949 1949 4.7687337617e-05
1950 1950 4817.07688345
1951 1951 3665.5031889
1952 1952 1.58057796995e-06
1953 1953 7.3167727503e-05
1954 1954 3.8932450898e-05
1955 1955 6.31149411074e-06
1956 1956 9.62367526628e-05
1957 1957 1.58152523986e-05
1958 1958 6.16899611758e-05
1959 1959 2528.71675703
1960 1960 2.07457300867e-05
1961 1961 6.05332098218e-06
1962 1962 3343.16022219
1963 1963 5.47558165867e-05
1964 1964 1.87140084517e-05
1965 1965 2038.43014264
1966 1966 2325.82704622
1967 1967 6.55451145387e-05
1968 1968 7.8127826416e-05
1969 1969 1877.62067112
1970 1970 6.47124096728e-05
1971 1971 1.48776694775e-05
1972 1972 4863.74317495
1973 1973 5432.59647865
1974 1974 3.77309966066e-05
1975 1975 3362.42289163
1976 1976 1.57372087891e-05
1977 1977 8.92159158313e-05
1978 1978 1.59063509537e-05
1979 1979 3826.79093271
1980 1980 2.93285093436e-05
1981 1981 6.3859047075e-05
1982 1982 7.69361493134e-05
1983 1983 6.20083633977e-05
1984 1984 1485.55819596
1985 1985 1.71475791031e-05
1986 1986 6.98843039841e-05
1987 1987 7.01811338245e-05
1988 1988 3.64927798834e-05
1989 1989 5.24281239566e-06
1990 1990 3.26908303669e-05
1991 1991 4225.45772128
1992 1992 7.75289896145e-05
1993 1993 5.21907848925e-05
1994 1994 5.27692664155e-05
1995 1995 3.25752599652e-06
1996 1996 4.15609416537e-05
1997 1997 2759.31569123
1998 1998 2.51305665772e-05
1999 1999 6.747638012e-05
2000 2000 4558.03922192
2001 2001 7.7230973834e-06
2002 2002 9.86051228582e-05
2003 2003 4508.68385661
2004 2004 7.62950762188e-05
2005 2005 8.24760177738e-05
2006 2006 9.11698389168e-05
2007 2007 3735.12536468
2008 2008 1.04418131542e-05
2009 2009 1.38845727952e-05
2010 2010 2.60117036259e-05
2011 2011 3.57340870628e-05
2012 2012 6.15960124996e-05
2013 2013 4709.96782557
2014 2014 7.56763748288e-05
2015 2015 2.413644545e-05
2016 2016 8.28535350061e-05
2017 2017 5.89633875554e-05
2018 2018 6.70507298165e-05
2019 2019 7.03779023239e-05
2020 2020 487.508973239
2021 2021 1.22442821212e-05
2022 2022 3.30514710241e-05
2023 2023 9.53468021838e-05
2024 2024 2.85587041882e-05
2025 2025 9.60026225636e-05
2026 2026 6.7719433089e-05
2027 2027 5.91956933482e-05
2028 2028 5.11390476969e-05
2029 2029 2.85646334972e-05
2030 2030 5.30392739633e-06
2031 2031 7.7246597875e-05
2032 2032 7.59103661386e-05
2033 2033 1.3619701633e-05
2034 2034 5.19041229048e-05
2035 2035 4780.80990845
2036 2036 5.02395241803e-05
2037 2037 6.18937774565e-05
2038 2038 3.85100970329e-05
2039 2039 3612.48680873
2040 2040 7.15276576907e-05
2041 2041 5.18078896334e-05
2042 2042 4918.37166474
2043 2043 6.12763478941e-05
2044 2044 1.57506311443e-05
2045 2045 3.7684874338e-05
2046 2046 3162.93790964
2047 2047 8.22565574394e-05
2048 2048 1.3007713126e-05
2049 2049 6.38250894453e-05
2050 2050 4.7705134864e-05
2051 2051 1.69414201151e-05
2052 2052 2264.55120171
2053 2053 9.57234438071e-05
2054 2054 3.43173065786e-05
2055 2055 9.70043758053e-05
2056 2056 3426.77978578
2057 2057 2017.11821703
2058 2058 118.878986482
2059 2059 9.38491481203e-05
2060 2060 2033.93403362
2061 2061 3.39301047324e-06
2062 2062 5.84145725534e-05
2063 2063 5042.08007465
2064 2064 4.23539892084e-05
2065 2065 9.98213790726e-05
2066 2066 9.13935816366e-05
2067 2067 5.79304671567e-05
2068 2068 9.99007111075e-05
2069 2069 5.85920236745e-05
2070 2070 1.60174019127e-05
2071 2071 8.39150604323e-05
2072 2072 4.48177676773e-05
2073 2073 132.785334213
2074 2074 780.488181582
2075 2075 348.17571513
2076 2076 9.27878790019e-05
2077 2077 8.04123370345e-05
2078 2078 8.41721455286e-05
2079 2079 1007.57751468
2080 2080 1.35997732071e-06
2081 2081 3081.52578384
2082 2082 4.94465654023e-07
2083 2083 1.77037423032e-05
2084 2084 593.681109317
2085 2085 3.20351884869e-07
2086 2086 1.17515158417e-05
2087 2087 5.89940422017e-05
2088 2088 6.27541847425e-05
2089 2089 7.13399490111e-05
2090 2090 3325.5708273
2091 2091 9.27213358622e-06
2092 2092 5259.54736784
2093 2093 2.36283770131e-05
2094 2094 6.80571264833e-05
2095 2095 9.56925650837e-05
2096 2096 2.57606198414e-05
2097 2097 4011.97282656
2098 2098 8.13811901003e-06
2099 2099 2.66592312762e-05
2100 2100 2.2354987446e-05
2101 2101 3041.35820692
2102 2102 3.73271525774e-05
2103 2103 9.66803446327e-05
2104 2104 3458.5691393
2105 2105 6.6532192939e-05
2106 2106 1177.48098034
2107 2107 9.88789138049e-05
2108 2108 3.55418158148e-05
2109 2109 6.35912378794e-05
2110 2110 5.25575198811e-05
2111 2111 1978.16177942
2112 2112 7.65228008533e-05
2113 2113 5.27172362894e-05
2114 2114 7.23417640458e-05
2115 2115 7.80606534686e-05
2116 2116 4.12495356299e-05
2117 2117 6.78248015431e-05
2118 2118 3.31887146274e-05
2119 2119 2137.17737196
2120 2120 1.08416852498e-05
2121 2121 5.16585632249e-05
2122 2122 3.89495596838e-05
2123 2123 8.5393915882e-05
2124 2124 2.16018287142e-05
2125 2125 3.72816586545e-05
2126 2126 2607.03611424
2127 2127 1544.37978149
2128 2128 1.93802311279e-05
2129 2129 3.88501012152e-05
2130 2130 8.39057240888e-05
2131 2131 5528.53879896
2132 2132 7.43057288195e-06
2133 2133 2.71101001313e-05
2134 2134 2.76525746616e-05
2135 2135 2.26702139376e-06
2136 2136 1.98908918486e-05
2137 2137 6.69541929415e-05
2138 2138 9.79542499673e-05
2139 2139 5.11839425077e-05
2140 2140 1.63644784824e-05
2141 2141 3175.76365774
2142 2142 9.80727942427e-05
2143 2143 2198.9073221
2144 2144 6.30469155173e-05
2145 2145 9.11915216155e-05
2146 2146 1.25744960042e-05
2147 2147 8.74873088772e-05
2148 2148 1798.24955184
2149 2149 7.81496674768e-05
2150 2150 2.00891823147e-05
2151 2151 1.64928067681e-05
2152 2152 7.00406816277e-05
2153 2153 7.67065932721e-05
2154 2154 8.72699072802e-06
2155 2155 9.98893472851e-05
2156 2156 5479.38767669
2157 2157 5.67558602192e-05
2158 2158 8.66073543876e-05
2159 2159 3.17506527404e-05
2160 2160 6.8710329852e-05
2161 2161 2.2401052884e-05
2162 2162 6.53430184527e-05
2163 2163 9.60050478838e-05
2164 2164 3795.28095107
2165 2165 4.90928468751e-05
2166 2166 5.80189462216e-05
2167 2167 5.86800218782e-05
2168 2168 6.87458750032e-06
2169 2169 1.91474323308e-05
2170 2170 728.370825692
2171 2171 3.32430002137e-05
2172 2172 7.69432963675e-05
2173 2173 315.235262695
2174 2174 4963.57248995
2175 2175 475.262936951
2176 2176 5174.78031123
2177 2177 4254.35199975
2178 2178 2579.91848779
2179 2179 4526.24395097
2180 2180 7.6202518006e-05
2181 2181 1.59443735478e-05
2182 2182 8.65256415246e-05
2183 2183 2.98394748514e-05
2184 2184 7.95630348409e-05
2185 2185 6.31066088358e-05
2186 2186 5.38751842588e-05
2187 2187 7.60570064618e-05
2188 2188 3.79455192334e-05
2189 2189 3.21062834649e-05
2190 2190 8.61002182619e-05
2191 2191 546.128999402
2192 2192 2.8914315841e-05
2193 2193 3.78338388358e-05
2194 2194 6.75467895917e-05
2195 2195 7.49496869362e-05
2196 2196 7.84568500572e-05
2197 2197 1.2077331996e-05
2198 2198 31.9705263522
2199 2199 2.91891587268e-05
2200 2200 2.6858154135e-05
2201 2201 5.3429584434e-05
2202 2202 6.52308090947e-05
2203 2203 2003.07705349
2204 2204 6.68395883661e-05
2205 2205 9.16870350009e-05
2206 2206 8.69161160959e-05
2207 2207 9.44537566864e-05
2208 2208 9.73183475338e-05
2209 2209 746.481412115
2210 2210 4923.30388293
2211 2211 5446.80786727
2212 2212 4.14288796878e-05
2213 2213 8.21721825327e-05
2214 2214 9.07837029044e-05
2215 2215 2.39323962493e-05
2216 2216 9.65038474772e-05
2217 2217 3.53808278467e-05
2218 2218 6.03351184244e-05
2219 2219 5.25892614777e-05
2220 2220 1987.73959104
2221 2221 4266.03140967
2222 2222 2965.01245371
2223 2223 1961.8178696
2224 2224 4.31313791092e-05
2225 2225 6.9819851275e-05
2226 2226 6.11649312943e-06
2227 2227 1.3767797256e-05
2228 2228 98.4973370273
2229 2229 5139.24215175
2230 2230 6.09426871498e-05
2231 2231 1.09831509065e-05
2232 2232 5.79963366966e-05
2233 2233 9.70444227372e-05
2234 2234 3.67646918203e-05
2235 2235 1.19497538084e-05
2236 2236 4.28043685686e-05
2237 2237 9.02522645789e-05
2238 2238 3.95195166016e-05
2239 2239 2.50507490821e-05
2240 2240 4.92747037592e-05
2241 2241 5.96994736305e-06
2242 2242 5.3815973852e-05
2243 2243 1.31989495194e-05
2244 2244 4518.75135482
2245 2245 1.91486687804e-05
2246 2246 3292.29132159
2247 2247 9.62186582773e-05
2248 2248 4294.31563032
2249 2249 1.88539221191e-05
2250 2250 2.69201791685e-05
2251 2251 1756.84057069
2252 2252 1.35169017998e-05
2253 2253 6.24379606201e-05
2254 2254 3551.62846999
2255 2255 1.50954706722e-06
2256 2256 4.37547196177e-05
2257 2257 541.524575005
2258 2258 4.8473163951e-05
2259 2259 1.72530277543e-05
2260 2260 1.16489101477e-05
2261 2261 4086.07994335
2262 2262 5.0709558186e-05
2263 2263 177.770388034
2264 2264 6.6446100382e-06
2265 2265 6.71961085933e-05
2266 2266 4785.09039826
2267 2267 5528.99380459
2268 2268 5603.88928282
2269 2269 4.95438969794e-05
2270 2270 1.93120103548e-06
2271 2271 2.62641266705e-05
2272 2272 8.06873264251e-05
2273 2273 9.32354055577e-05
2274 2274 4.52217900541e-05
2275 2275 7.08353446312e-06
2276 2276 3.35756347469e-05
2277 2277 6.78418591775e-05
2278 2278 2.19826503688e-05
2279 2279 7.96778911881e-05
2280 2280 8.76560293769e-06
2281 2281 9.59866522375e-05
2282 2282 8.34737986723e-05
2283 2283 741.562216577
2284 2284 5.89133226213e-05
2285 2285 6.40540646108e-05
2286 2286 1.37248923087e-06
2287 2287 8.80512246976e-05
2288 2288 2.87266085409e-05
2289 2289 1.24430624297e-06
2290 2290 2411.07305521
2291 2291 7.62590871293e-05
2292 2292 3469.22330299
2293 2293 8.48928226826e-05
2294 2294 1751.18426655
2295 2295 6.91490367541e-05
2296 2296 8.52891825757e-05
2297 2297 6.05055968753e-05
2298 2298 4185.64761747
2299 2299 1562.97338971
2300 2300 1.88757576591e-07
2301 2301 5.23221569974e-05
2302 2302 4.83198634891e-05
2303 2303 865.509819252
2304 2304 4762.98690347
2305 2305 2.42446905221e-05
2306 2306 6.25216253533e-05
2307 2307 8.99422290572e-05
2308 2308 1.8906524963e-05
2309 2309 9.56019830757e-05
2310 2310 3367.00850054
2311 2311 8.3626612946e-05
2312 2312 6.9651059676e-05
2313 2313 9.40442809791e-05
2314 2314 2.40257370069e-05
2315 2315 7.2242837386e-05
2316 2316 5421.14334359
2317 2317 7.50139472915e-06
2318 2318 3.51540811956e-05
2319 2319 2.03539325553e-05
2320 2320 1.00484356898e-05
2321 2321 5.79353452347e-05
2322 2322 4117.07341723
2323 2323 6.71739209148e-05
2324 2324 2.33248343271e-05
2325 2325 8.90222408821e-05
2326 2326 3.93867070631e-05
2327 2327 6.60910253622e-06
2328 2328 8.20187072533e-05
2329 2329 3.64882777447e-05
2330 2330 3375.77639905
2331 2331 6.65574795824e-05
2332 2332 1.82895963332e-05
2333 2333 4.02071698598e-05
2334 2334 8.32103801354e-05
2335 2335 6.82413317963e-05
2336 2336 2795.12372995
2337 2337 4.28045609408e-05
2338 2338 2970.21653054
2339 2339 3.4497258318e-05
2340 2340 5.09995462094e-05
2341 2341 4205.7614028
2342 2342 1298.14960717
2343 2343 1845.05299399
2344 2344 3516.65621534
2345 2345 4.69324079313e-05
2346 2346 7.74087340494e-07
2347 2347 3.35710083083e-06
2348 2348 1478.11770678
2349 2349 1.00513545289e-05
2350 2350 700.058672354
2351 2351 3.80144164525e-05
2352 2352 8.96122328424e-05
2353 2353 7.70467838519e-05
2354 2354 7.6481144423e-05
2355 2355 447.733702653
2356 2356 7.91332708398e-05
2357 2357 2.04832901891e-05
2358 2358 3.84097527998e-06
2359 2359 6.24663482721e-05
2360 2360 1.34808087667e-05
2361 2361 5048.92701488
2362 2362 6.31056462739e-05
2363 2363 2689.64058707
2364 2364 7.43212444925e-05
2365 2365 2.21913175232e-05
2366 2366 1.83686090983e-05
2367 2367 6.49996717163e-05
2368 2368 9.80198802766e-05
2369 2369 3.74364645259e-05
2370 2370 3.53557467277e-05
2371 2371 6.26463536882e-05
2372 2372 321.047302927
2373 2373 5.3231032413e-05
2374 2374 2.1833560284e-07
2375 2375 4773.10029733
2376 2376 4.27433115685e-05
2377 2377 4.00114604591e-05
2378 2378 8.74202033394e-05
2379 2379 6.25706652712e-05
2380 2380 6.71168495283e-05
2381 2381 2.90497410071e-07
2382 2382 4.66334297632e-05
2383 2383 2001.00032314
2384 2384 394.44532643
2385 2385 3.05306901419e-05
2386 2386 9.00432898105e-05
2387 2387 9.2955759208e-06
2388 2388 5.43910772729e-06
2389 2389 5.86441516886e-05
2390 2390 4.07835493414e-05
2391 2391 4.69000434374e-05
2392 2392 6.41260879565e-05
2393 2393 4.44501006396e-05
2394 2394 6.87673905553e-05
2395 2395 8.04965438317e-05
2396 2396 4.04337694351e-05
2397 2397 7.19624515365e-05
2398 2398 2.75880258131e-05
2399 2399 5322.97336515
2400 2400 137.647034596
2401 2401 8.58364647929e-05
2402 2402 4.36733962861e-05
2403 2403 8.24910469384e-05
2404 2404 5.83229274572e-05
2405 2405 2.92770063387e-05
2406 2406 5.13709924096e-06
2407 2407 3.36859388261e-06
2408 2408 2.09026560091e-05
2409 2409 1.33665535628e-05
2410 2410 7.0512813316e-05
2411 2411 2499.25387856
2412 2412 9.68743389969e-05
2413 2413 6.57004679366e-05
2414 2414 7.72671817947e-05
2415 2415 4.20546102751e-05
2416 2416 4.46448054186e-05
2417 2417 7.0989765588e-05
2418 2418 4.01987281405e-05
2419 2419 1263.71969443
2420 2420 5.95039653859e-05
2421 2421 3.47486906284e-05
2422 2422 2.58158805402e-05
2423 2423 9.20854731061e-05
2424 2424 8.68066426561e-06
2425 2425 1.48709713396e-05
2426 2426 1.10233429624e-05
2427 2427 2712.87770384
2428 2428 7.13143048372e-05
2429 2429 1178.06925257
2430 2430 9.81334645847e-05
2431 2431 3.69433424749e-05
2432 2432 4.58728933773e-05
2433 2433 3.16665515506e-05
2434 2434 3.39264091562e-05
2435 2435 5.17750807293e-05
2436 2436 2.3515915895e-05
2437 2437 3.0748443188e-05
2438 2438 1.18501390759e-05
2439 2439 6.8930792446e-05
2440 2440 7.24227945999e-05
2441 2441 435.750872304
2442 2442 6.96526904287e-06
2443 2443 3535.40927495
2444 2444 1.69293486779e-06
2445 2445 2151.816976
2446 2446 2.06668174003e-06
2447 2447 7.22387884078e-05
2448 2448 8.91407327301e-05
2449 2449 3.79256984145e-05
2450 2450 3517.29015274
2451 2451 3242.23485022
2452 2452 4.84532051774e-05
2453 2453 3.6977016769e-05
2454 2454 5489.77621919
2455 2455 8.08180856223e-05
2456 2456 4975.54589614
2457 2457 5.22964512127e-07
2458 2458 4.86554400563e-05
2459 2459 1555.33855631
2460 2460 7.02283620357e-05
2461 2461 7.17428871388e-05
2462 2462 3903.33353123
2463 2463 9.72803953788e-05
2464 2464 3.47741319344e-06
2465 2465 8.90278078351e-05
2466 2466 1172.81870137
2467 2467 7.92332121252e-05
2468 2468 4.19655157235e-05
2469 2469 4.05229170352e-05
2470 2470 5.22928194087e-05
2471 2471 6.99046745757e-05
2472 2472 3.15953105287e-05
2473 2473 1526.02409649
2474 2474 7.45985042447e-05
2475 2475 5.5718326221e-05
2476 2476 4.88412285861e-05
2477 2477 2.02101653439e-05
2478 2478 7.97720952392e-05
2479 2479 7.13665466735e-06
2480 2480 9.84410876853e-05
2481 2481 1.40573201101e-06
2482 2482 8.58638610812e-06
2483 2483 7.7493597827e-05
2484 2484 3906.39797904
2485 2485 1475.87988206
2486 2486 2.0141831892e-05
2487 2487 1.82666912349e-05
2488 2488 7.80311859179e-05
2489 2489 4.2957165206e-06
2490 2490 334.28624697
2491 2491 8.1255775519e-05
2492 2492 5.43925610168e-05
2493 2493 3.15373799609e-05
2494 2494 8.69269332595e-05
2495 2495 1.57190387525e-05
2496 2496 2.84676779551e-05
2497 2497 2006.53195825
2498 2498 6.06045986892e-05
2499 2499 1000.75702726
2500 2500 2.69953746713e-05
2501 2501 8.15817315028e-06
2502 2502 7.55114825401e-05
2503 2503 287.188809529
2504 2504 6.74115688225e-05
2505 2505 6.80616782761e-05
2506 2506 6.44664854562e-05
2507 2507 9.2625077546e-05
2508 2508 4953.91121372
2509 2509 1057.64118071
2510 2510 2210.82970566
2511 2511 4.68668193371e-05
2512 2512 2.19676166522e-05
2513 2513 4.0465180609e-05
2514 2514 7.13661986877e-05
2515 2515 9.63640495983e-06
2516 2516 4639.54637817
2517 2517 1.53154494491e-05
2518 2518 5.00192771325e-05
2519 2519 1744.63262878
2520 2520 1.53904586234e-05
2521 2521 8.89179806865e-05
2522 2522 3.82941947112e-05
2523 2523 6.1855727646e-06
2524 2524 5.8805154608e-05
2525 2525 3.22080696618e-05
2526 2526 6.7642147483e-05
2527 2527 8.56743452216e-05
2528 2528 5.30672493383e-05
2529 2529 1.9702646453e-05
2530 2530 9.25284948751e-05
2531 2531 3.72946357898e-05
2532 2532 4876.43338959
2533 2533 8.73738377781e-05
2534 2534 8.9009612781e-05
2535 2535 919.05845354
2536 2536 3.32632517882e-05
2537 2537 9.90276135387e-05
2538 2538 6.93969859597e-05
2539 2539 7.19113469866e-05
2540 2540 2.08689170731e-06
2541 2541 1.85917842302e-05
2542 2542 7.21385851319e-05
2543 2543 8.0956073435e-05
2544 2544 8.54647044265e-05
2545 2545 8.00366391247e-05
2546 2546 1939.93265705
2547 2547 4.18936964001e-05
2548 2548 7.23646326593e-05
2549 2549 6.12368201438e-05
2550 2550 2177.88273079
2551 2551 3.05779338427e-05
2552 2552 1959.78007997
2553 2553 3439.1378319
2554 2554 3977.74063909
2555 2555 2.90682036464e-05
2556 2556 1.23884810159e-05
2557 2557 2317.14474368
2558 2558 3915.39077354
2559 2559 4009.85879693
2560 2560 7.26774136344e-05
2561 2561 1.19884536442e-05
2562 2562 2.10912170587e-05
2563 2563 2100.4411255
2564 2564 8.69977851525e-05
2565 2565 1271.71977435
2566 2566 5.27908113743e-05
2567 2567 7.78209128021e-05
2568 2568 2495.43100736
2569 2569 658.461907209
2570 2570 5.0958130613e-05
2571 2571 379.510669648
2572 2572 9.47084804961e-05
2573 2573 3.42102673141e-05
2574 2574 3.031560654e-05
2575 2575 7.07080041361e-05
2576 2576 2.77016896622e-05
2577 2577 7.03339636734e-06
2578 2578 730.493096647
2579 2579 5.489441697e-05
2580 2580 5.65510590633e-05
2581 2581 9.20307347158e-05
2582 2582 4.32173679709e-05
2583 2583 5.04648475439e-05
2584 2584 3654.380215
2585 2585 6.7234040153e-06
2586 2586 1.76159607632e-05
2587 2587 3.12747729231e-06
2588 2588 3.36579365998e-05
2589 2589 3.6591248895e-05
2590 2590 3022.1990922
2591 2591 4568.67401659
2592 2592 5.14884406297e-05
2593 2593 4.77662748467e-05
2594 2594 7.89865232672e-05
2595 2595 3.64104902017e-05
2596 2596 8.70791153648e-05
2597 2597 2913.7329266
2598 2598 2531.83575848
2599 2599 5352.42257496
2600 2600 7.76478184469e-05
2601 2601 1.43616390559e-05
2602 2602 2744.65247626
2603 2603 6.67734141965e-05
2604 2604 1.92707833041e-05
2605 2605 1.9690239358e-05
2606 2606 4.32063629439e-05
2607 2607 7.81646239056e-05
2608 2608 4.61279228819e-05
2609 2609 8.10410988899e-05
2610 2610 6.09881422142e-06
2611 2611 2357.66474196
2612 2612 8.12947545526e-05
2613 2613 3.73017092636e-05
2614 2614 5.16641570611e-05
2615 2615 3.94523966053e-05
2616 2616 8.9639444515e-05
2617 2617 397.459630649
2618 2618 2.28759317384e-05
2619 2619 3.76466922898e-05
2620 2620 8.30226528623e-05
2621 2621 7.2589782677e-05
2622 2622 3.38475828268e-05
2623 2623 9.005951893e-05
2624 2624 4.80114840932e-05
2625 2625 1435.1735461
2626 2626 3075.1308897
2627 2627 53.1726960097
2628 2628 6.90658976534e-06
2629 2629 5.27245834995e-05
2630 2630 7.17049821137e-05
2631 2631 1.43702187628e-05
2632 2632 6.53310487307e-05
2633 2633 64.2441271215
2634 2634 1.95663025918e-05
2635 2635 5.71745386078e-05
2636 2636 7.75273333272e-05
2637 2637 1.01354562445e-05
2638 2638 6.2974243116e-05
2639 2639 4980.07415314
2640 2640 8.08583499025e-05
2641 2641 730.418689291
2642 2642 5.19779037362e-05
2643 2643 5.8820627816e-05
2644 2644 4.0787101347e-05
2645 2645 8.88759044927e-05
2646 2646 1.7349707595e-05
2647 2647 2.40157186116e-05
2648 2648 2405.77381186
2649 2649 2584.12685381
2650 2650 3.50361814478e-05
2651 2651 7.50241801168e-05
2652 2652 1632.0833831
2653 2653 7.61350072755e-05
2654 2654 1.86329969033e-05
2655 2655 8.5861920047e-05
2656 2656 5.2402335019e-05
2657 2657 3.92535927361e-05
2658 2658 2992.38596198
2659 2659 2.17273043528e-05
2660 2660 3.65966223979e-05
2661 2661 7.59555875718e-05
2662 2662 2940.13969546
2663 2663 9.99334093856e-06
2664 2664 6.78469372041e-05
2665 2665 4963.58287142
2666 2666 8.57770053218e-05
2667 2667 856.667944578
2668 2668 1.51512811163e-05
2669 2669 5.36853296907e-05
2670 2670 5235.20379729
2671 2671 9.4540214963e-05
2672 2672 8.61148827434e-05
2673 2673 5.07253209255e-06
2674 2674 7.6222489917e-05
2675 2675 3.15709922616e-05
2676 2676 5.4023358751e-05
2677 2677 3.37063864988e-05
2678 2678 1.08527447705e-05
2679 2679 2716.65588802
2680 2680 4.01987471557e-05
2681 2681 4.47877758386e-05
2682 2682 3.91487861818e-05
2683 2683 4.37716665266e-05
2684 2684 2600.25715477
2685 2685 3.95952852207e-05
2686 2686 3985.69801125
2687 2687 5.2097237578e-05
2688 2688 5.70865811943e-05
2689 2689 6.71182629236e-05
2690 2690 7.66292872121e-05
2691 2691 1383.94674117
2692 2692 4566.04075602
2693 2693 5.57630100286e-05
2694 2694 4.38527943125e-05
2695 2695 2526.30238528
2696 2696 4033.08258984
2697 2697 4.20310946954e-05
2698 2698 1.92338380185e-05
2699 2699 1.70940378551e-05
2700 2700 1196.10737721
2701 2701 2.42124291928e-05
2702 2702 5.65716834599e-05
2703 2703 9.82403787756e-05
2704 2704 1.98807477918e-05
2705 2705 5.52702330566e-05
2706 2706 645.285159241
2707 2707 580.271100619
2708 2708 3.97297001213e-05
2709 2709 6.00429854596e-05
2710 2710 5.24911457748e-05
2711 2711 4.86622032705e-05
2712 2712 3.0284129586e-05
2713 2713 5430.81124875
2714 2714 1.00734060209e-05
2715 2715 7.30163473682e-05
2716 2716 2587.36579969
2717 2717 4.05074586029e-05
2718 2718 2.08350992674e-05
2719 2719 8.29319740597e-05
2720 2720 6.54533212315e-05
2721 2721 2815.70827568
2722 2722 7.31726026263e-05
2723 2723 6.62540285953e-05
2724 2724 6.55436095318e-05
2725 2725 947.63239802
2726 2726 5.81517794976e-06
2727 2727 2491.60870229
2728 2728 8.55781916934e-05
2729 2729 2.34711776533e-05
2730 2730 8.39653913298e-05
2731 2731 4.2183858586e-05
2732 2732 4.85587896269e-05
2733 2733 3531.50759334
2734 2734 8.6548798593e-05
2735 2735 7.03077163938e-05
2736 2736 2.55117408222e-05
2737 2737 2.2405327445e-05
2738 2738 383.628753022
2739 2739 9.18986757064e-05
2740 2740 7.50520818134e-06
2741 2741 5116.77651805
2742 2742 4929.48476502
2743 2743 8.99345408446e-05
2744 2744 9.43726114683e-05
2745 2745 8.53705621987e-05
2746 2746 9.86011205966e-05
2747 2747 6.31293745583e-05
2748 2748 5147.00241326
2749 2749 3.95243994254e-05
2750 2750 5.06364693161e-05
2751 2751 2327.22742218
2752 2752 1.0327354627e-05
2753 2753 4.52045253219e-05
2754 2754 5.71191854632e-05
2755 2755 4.69117195626e-05
2756 2756 5.95319459312e-05
2757 2757 2473.09070677
2758 2758 5.80473694935e-05
2759 2759 1.17152548879e-05
2760 2760 5.59785979449e-06
2761 2761 5.90424336034e-05
2762 2762 2.04488927839e-05
2763 2763 4670.94273768
2764 2764 9.54990872741e-05
2765 2765 1.85971808012e-05
2766 2766 1.46695765981e-05
2767 2767 6.1079817015e-06
2768 2768 6.28508245039e-06
2769 2769 6.53528385088e-05
2770 2770 1.37667806787e-05
2771 2771 4879.77309108
2772 2772 6.94881639728e-05
2773 2773 2575.83874419
2774 2774 7.79505045189e-05
2775 2775 3380.23238128
2776 2776 4.66287585835e-05
2777 2777 3.71807758164e-06
2778 2778 6.40286076479e-05
2779 2779 5.16906418661e-05
2780 2780 6.87038060021e-05
2781 2781 1.38014945694e-05
2782 2782 8.6670599517e-05
2783 2783 1509.46772583
2784 2784 1.29114371474e-05
2785 2785 5.57785984681e-05
2786 2786 6.26357996439e-05
2787 2787 2.50834130143e-05
2788 2788 170.97940081
2789 2789 9.97172514668e-05
2790 2790 7.35724857397e-07
2791 2791 9.64270329613e-05
2792 2792 916.692327293
2793 2793 3.36871436838e-05
2794 2794 5.61364927303e-05
2795 2795 5.69986670574e-05
2796 2796 3.62519904061e-05
2797 2797 7.60445079943e-06
2798 2798 7.13810816876e-05
2799 2799 1.19081029331e-05
2800 2800 5.68013963497e-05
2801 2801 3.24141702202e-05
2802 2802 4894.37793777
2803 2803 5558.30497262
2804 2804 4.43558589898e-05
2805 2805 8.44221262745e-05
2806 2806 5318.05386661
2807 2807 2813.87393877
2808 2808 254.975101498
2809 2809 5.71396940679e-05
2810 2810 4.30262515577e-05
2811 2811 7.22400840136e-05
2812 2812 1.60116747948e-05
2813 2813 9.34846947883e-05
2814 2814 2.52607257645e-05
2815 2815 170.048114542
2816 2816 2.71952112915e-05
2817 2817 5.5134090378e-05
2818 2818 4.53309519355e-07
2819 2819 4.45277642843e-05
2820 2820 4208.39681205
2821 2821 6.50667364854e-05
2822 2822 8.90891166197e-05
2823 2823 8.07589279989e-05
2824 2824 1.0233534984e-05
2825 2825 5136.78228595
2826 2826 2673.91824235
2827 2827 442.740923975
2828 2828 2.06549748166e-05
2829 2829 5.2712482335e-05
2830 2830 6.07902029463e-05
2831 2831 600.547228008
2832 2832 4338.17750045
2833 2833 6.2002601198e-05
2834 2834 2.98853079928e-05
2835 2835 4.69026277634e-05
2836 2836 1674.17213055
2837 2837 2.11348345819e-06
2838 2838 6.58756405519e-05
2839 2839 2.47488682496e-05
2840 2840 3.16592443398e-05
2841 2841 6.69679111047e-05
2842 2842 2339.09263864
2843 2843 6.00807179024e-05
2844 2844 3.54987437871e-05
2845 2845 4.0204078577e-06
2846 2846 1.19839123059e-05
2847 2847 3.51036695069e-05
2848 2848 2180.87259666
2849 2849 6.62507364721e-05
2850 2850 9.61326467487e-06
2851 2851 3.26031759664e-05
2852 2852 1.11126901342e-05
2853 2853 2.47137048051e-05
2854 2854 9.93064854205e-05
2855 2855 4.28705255795e-05
2856 2856 911.299131159
2857 2857 8.93866202755e-05
2858 2858 4.64410429906e-05
2859 2859 9.76928556133e-05
2860 2860 44.4683043659
2861 2861 8.28609563616e-05
2862 2862 6.20937890852e-05
2863 2863 4.07283300174e-05
2864 2864 8.9812020661e-05
2865 2865 3493.99099421
2866 2866 2.39052115963e-05
2867 2867 944.54658091
2868 2868 2.87230783619e-05
2869 2869 2.74259730685e-05
2870 2870 1.34678646559e-05
2871 2871 8.72544187934e-05
2872 2872 7.93842415864e-05
2873 2873 2.48721006349e-06
2874 2874 5421.74176454
2875 2875 5.40226608962e-05
2876 2876 4.83705300507e-05
2877 2877 3.52594147498e-05
2878 2878 9.70405399062e-05
2879 2879 6.72037059183e-05
2880 2880 1.78554547137e-05
2881 2881 4164.06693607
2882 2882 2063.93920327
2883 2883 6.10185731026e-05
2884 2884 4.31838352199e-05
2885 2885 4764.49149851
2886 2886 6.51622297969e-05
2887 2887 2822.49364598
2888 2888 5.37373482147e-05
2889 2889 2.25619978329e-05
2890 2890 4214.19275483
2891 2891 2.65101634584e-05
2892 2892 3.64805363119e-05
2893 2893 3528.84634945
2894 2894 7.95757436981e-05
2895 2895 6.88290848983e-06
2896 2896 7.94536618724e-05
2897 2897 3.28961823985e-05
2898 2898 797.125078146
2899 2899 7.63901587328e-05
2900 2900 4.66572403819e-05
2901 2901 1.57963441818e-05
2902 2902 5.22027427152e-05
2903 2903 1.20674823818e-05
2904 2904 3.93311862549e-05
2905 2905 2495.66566022
2906 2906 2.63520494451e-06
2907 2907 3974.28290161
2908 2908 5418.84876506
2909 2909 9.9697783286e-05
2910 2910 952.229105233
2911 2911 2.31020934721e-05
2912 2912 270.171446171
2913 2913 1.83455147232e-05
2914 2914 6.77876110342e-05
2915 2915 3.04063420794e-05
2916 2916 1.77695406948e-05
2917 2917 4.18973178155e-06
2918 2918 4.97848702481e-05
2919 2919 2.38836420894e-05
2920 2920 7.41344249092e-05
2921 2921 2.06795128361e-05
2922 2922 7.79637120683e-05
2923 2923 3.6975050287e-05
2924 2924 637.070026292
2925 2925 4949.06691206
2926 2926 2.36989235523e-05
2927 2927 5.96457350925e-05
2928 2928 123.090369304
2929 2929 6.71943674654e-05
2930 2930 4.23041250652e-05
2931 2931 9.32868505065e-05
2932 2932 6.04892579246e-05
2933 2933 7.79321222854e-05
2934 2934 5.68098370539e-05
2935 2935 5529.95020789
2936 2936 3.78258384735e-05
2937 2937 4.21071879138e-05
2938 2938 1.26239592191e-05
2939 2939 7.37409047035e-05
2940 2940 9.40487542435e-05
2941 2941 1.09073656603e-05
2942 2942 4.25396832746e-05
2943 2943 2.27297508247e-05
2944 2944 3.95034116911e-05
2945 2945 8.00936901512e-05
2946 2946 9.76907328503e-05
2947 2947 2844.87744151
2948 2948 5073.30895463
2949 2949 6.89088541868e-05
2950 2950 5.72781631263e-06
2951 2951 9.00952919421e-05
2952 2952 5.2864478852e-05
2953 2953 3.74917392025e-05
2954 2954 2558.11161147
2955 2955 2510.49439647
2956 2956 4121.26356412
2957 2957 5.94905080041e-06
2958 2958 365.858474484
2959 2959 9.29272773503e-05
2960 2960 5126.87524121
2961 2961 5.12273272895e-05
2962 2962 4.52290710799e-06
2963 2963 4.1390843068e-05
2964 2964 2.50719978261e-06
2965 2965 6.59720046743e-05
2966 2966 1.82998776113e-05
2967 2967 8.50885359599e-05
2968 2968 4.50130023628e-05
2969 2969 4.64558735599e-05
2970 2970 2935.26861995
2971 2971 3.25914951575e-05
2972 2972 2.43669090793e-06
2973 2973 4452.68964631
2974 2974 323.945701281
2975 2975 3.77775803055e-05
2976 2976 5.84807998141e-05
2977 2977 4.34553207187e-05
2978 2978 1890.16066328
2979 2979 1.83495945253e-05
2980 2980 3569.51858493
2981 2981 4041.91199881
2982 2982 1.53015677385e-05
2983 2983 1.79597576342e-05
2984 2984 9.02795174741e-05
2985 2985 4.82654813663e-05
2986 2986 6.06576077151e-05
2987 2987 7.4212139218e-05
2988 2988 3984.25567368
2989 2989 5.30220357202e-05
2990 2990 2.70072160058e-05
2991 2991 3.86574656159e-06
2992 2992 7.38827841721e-06
2993 2993 8.69979697514e-05
2994 2994 8.2579323459e-05
2995 2995 8.00349032e-05
2996 2996 1.10464745812e-05
2997 2997 8.99808445662e-06
2998 2998 1909.49351429
2999 2999 1.47807442804e-06
3000 3000 2.62127386875e-05
