1 1 1
2 1 -1
2 2 1
1 2 -1
2 3 1
1 3 -1
3 4 1
1 4 -1
1 5 1
3 5 -1
4 6 1
1 6 -1
5 7 1
1 7 -1
5 8 1
1 8 -1
5 9 1
1 9 -1
6 10 1
1 10 -1
1 11 1
7 11 -1
1 12 1
8 12 -1
8 13 1
1 13 -1
8 14 1
1 14 -1
1 15 1
8 15 -1
9 16 1
1 16 -1
10 17 1
1 17 -1
1 18 1
11 18 -1
1 19 1
11 19 -1
12 20 1
1 20 -1
13 21 1
1 21 -1
1 22 1
13 22 -1
13 23 1
1 23 -1
14 24 1
1 24 -1
1 25 1
14 25 -1
14 26 1
1 26 -1
1 27 1
15 27 -1
15 28 1
1 28 -1
16 29 1
1 29 -1
16 30 1
1 30 -1
1 31 1
16 31 -1
1 32 1
17 32 -1
17 33 1
1 33 -1
1 34 1
18 34 -1
1 35 1
18 35 -1
1 36 1
18 36 -1
19 37 1
1 37 -1
1 38 1
19 38 -1
1 39 1
19 39 -1
1 40 1
20 40 -1
1 41 1
20 41 -1
1 42 1
20 42 -1
21 43 1
1 43 -1
21 44 1
1 44 -1
1 45 1
21 45 -1
1 46 1
21 46 -1
22 47 1
1 47 -1
22 48 1
1 48 -1
23 49 1
1 49 -1
23 50 1
1 50 -1
24 51 1
1 51 -1
24 52 1
1 52 -1
1 53 1
24 53 -1
1 54 1
24 54 -1
25 55 1
1 55 -1
1 56 1
25 56 -1
25 57 1
1 57 -1
25 58 1
1 58 -1
1 59 1
26 59 -1
26 60 1
1 60 -1
26 61 1
1 61 -1
26 62 1
1 62 -1
1 63 1
27 63 -1
27 64 1
1 64 -1
28 65 1
1 65 -1
28 66 1
1 66 -1
1 67 1
28 67 -1
1 68 1
28 68 -1
1 69 1
29 69 -1
29 70 1
1 70 -1
30 71 1
1 71 -1
31 72 1
1 72 -1
31 73 1
1 73 -1
31 74 1
1 74 -1
32 75 1
1 75 -1
1 76 1
32 76 -1
1 77 1
32 77 -1
1 78 1
33 78 -1
1 79 1
33 79 -1
1 80 1
33 80 -1
34 81 1
1 81 -1
1 82 1
34 82 -1
34 83 1
1 83 -1
34 84 1
1 84 -1
1 85 1
35 85 -1
1 86 1
35 86 -1
36 87 1
1 87 -1
1 88 1
36 88 -1
1 89 1
36 89 -1
37 90 1
1 90 -1
38 91 1
1 91 -1
1 92 1
38 92 -1
1 93 1
39 93 -1
39 94 1
1 94 -1
39 95 1
1 95 -1
40 96 1
1 96 -1
1 97 1
40 97 -1
1 98 1
40 98 -1
1 99 1
41 99 -1
3 100 1
2 100 -1
2 101 1
3 101 -1
2 102 1
3 102 -1
4 103 1
2 103 -1
4 104 1
2 104 -1
2 105 1
4 105 -1
2 106 1
5 106 -1
2 107 1
5 107 -1
5 108 1
2 108 -1
2 109 1
5 109 -1
6 110 1
2 110 -1
2 111 1
6 111 -1
2 112 1
6 112 -1
2 113 1
7 113 -1
7 114 1
2 114 -1
8 115 1
2 115 -1
8 116 1
2 116 -1
2 117 1
8 117 -1
8 118 1
2 118 -1
9 119 1
2 119 -1
2 120 1
10 120 -1
10 121 1
2 121 -1
2 122 1
10 122 -1
11 123 1
2 123 -1
11 124 1
2 124 -1
2 125 1
11 125 -1
12 126 1
2 126 -1
12 127 1
2 127 -1
2 128 1
13 128 -1
13 129 1
2 129 -1
2 130 1
13 130 -1
2 131 1
13 131 -1
14 132 1
2 132 -1
2 133 1
15 133 -1
2 134 1
15 134 -1
15 135 1
2 135 -1
2 136 1
16 136 -1
2 137 1
16 137 -1
16 138 1
2 138 -1
16 139 1
2 139 -1
17 140 1
2 140 -1
17 141 1
2 141 -1
2 142 1
17 142 -1
18 143 1
2 143 -1
18 144 1
2 144 -1
2 145 1
18 145 -1
2 146 1
18 146 -1
19 147 1
2 147 -1
2 148 1
19 148 -1
19 149 1
2 149 -1
2 150 1
20 150 -1
20 151 1
2 151 -1
20 152 1
2 152 -1
2 153 1
21 153 -1
2 154 1
21 154 -1
21 155 1
2 155 -1
2 156 1
22 156 -1
22 157 1
2 157 -1
22 158 1
2 158 -1
2 159 1
22 159 -1
23 160 1
2 160 -1
23 161 1
2 161 -1
2 162 1
23 162 -1
2 163 1
23 163 -1
24 164 1
2 164 -1
2 165 1
24 165 -1
24 166 1
2 166 -1
2 167 1
24 167 -1
25 168 1
2 168 -1
25 169 1
2 169 -1
25 170 1
2 170 -1
26 171 1
2 171 -1
2 172 1
26 172 -1
27 173 1
2 173 -1
2 174 1
27 174 -1
2 175 1
27 175 -1
28 176 1
2 176 -1
2 177 1
28 177 -1
2 178 1
29 178 -1
2 179 1
29 179 -1
2 180 1
29 180 -1
29 181 1
2 181 -1
2 182 1
30 182 -1
30 183 1
2 183 -1
30 184 1
2 184 -1
2 185 1
31 185 -1
31 186 1
2 186 -1
2 187 1
31 187 -1
31 188 1
2 188 -1
2 189 1
32 189 -1
2 190 1
32 190 -1
32 191 1
2 191 -1
2 192 1
33 192 -1
33 193 1
2 193 -1
2 194 1
34 194 -1
34 195 1
2 195 -1
35 196 1
2 196 -1
35 197 1
2 197 -1
35 198 1
2 198 -1
2 199 1
36 199 -1
2 200 1
36 200 -1
2 201 1
37 201 -1
2 202 1
37 202 -1
38 203 1
2 203 -1
2 204 1
38 204 -1
2 205 1
38 205 -1
2 206 1
38 206 -1
2 207 1
39 207 -1
2 208 1
39 208 -1
2 209 1
39 209 -1
2 210 1
39 210 -1
2 211 1
40 211 -1
40 212 1
2 212 -1
40 213 1
2 213 -1
2 214 1
40 214 -1
41 215 1
2 215 -1
3 216 1
4 216 -1
4 217 1
3 217 -1
3 218 1
5 218 -1
3 219 1
5 219 -1
6 220 1
3 220 -1
3 221 1
7 221 -1
3 222 1
7 222 -1
7 223 1
3 223 -1
8 224 1
3 224 -1
8 225 1
3 225 -1
8 226 1
3 226 -1
8 227 1
3 227 -1
9 228 1
3 228 -1
3 229 1
9 229 -1
9 230 1
3 230 -1
3 231 1
10 231 -1
10 232 1
3 232 -1
3 233 1
10 233 -1
3 234 1
10 234 -1
3 235 1
11 235 -1
3 236 1
11 236 -1
3 237 1
11 237 -1
3 238 1
11 238 -1
12 239 1
3 239 -1
3 240 1
12 240 -1
12 241 1
3 241 -1
13 242 1
3 242 -1
3 243 1
13 243 -1
3 244 1
13 244 -1
14 245 1
3 245 -1
3 246 1
15 246 -1
15 247 1
3 247 -1
3 248 1
16 248 -1
16 249 1
3 249 -1
3 250 1
16 250 -1
17 251 1
3 251 -1
17 252 1
3 252 -1
18 253 1
3 253 -1
18 254 1
3 254 -1
3 255 1
19 255 -1
19 256 1
3 256 -1
3 257 1
19 257 -1
3 258 1
20 258 -1
21 259 1
3 259 -1
3 260 1
21 260 -1
22 261 1
3 261 -1
23 262 1
3 262 -1
23 263 1
3 263 -1
23 264 1
3 264 -1
3 265 1
23 265 -1
24 266 1
3 266 -1
25 267 1
3 267 -1
25 268 1
3 268 -1
3 269 1
25 269 -1
3 270 1
26 270 -1
3 271 1
26 271 -1
3 272 1
26 272 -1
26 273 1
3 273 -1
27 274 1
3 274 -1
3 275 1
27 275 -1
28 276 1
3 276 -1
3 277 1
28 277 -1
3 278 1
29 278 -1
3 279 1
30 279 -1
30 280 1
3 280 -1
3 281 1
30 281 -1
31 282 1
3 282 -1
31 283 1
3 283 -1
3 284 1
31 284 -1
3 285 1
31 285 -1
3 286 1
32 286 -1
3 287 1
32 287 -1
3 288 1
32 288 -1
32 289 1
3 289 -1
3 290 1
33 290 -1
33 291 1
3 291 -1
3 292 1
34 292 -1
34 293 1
3 293 -1
34 294 1
3 294 -1
3 295 1
35 295 -1
3 296 1
35 296 -1
3 297 1
35 297 -1
3 298 1
35 298 -1
3 299 1
36 299 -1
36 300 1
3 300 -1
3 301 1
37 301 -1
3 302 1
37 302 -1
3 303 1
37 303 -1
3 304 1
37 304 -1
3 305 1
38 305 -1
38 306 1
3 306 -1
3 307 1
38 307 -1
3 308 1
38 308 -1
3 309 1
39 309 -1
39 310 1
3 310 -1
40 311 1
3 311 -1
40 312 1
3 312 -1
41 313 1
3 313 -1
41 314 1
3 314 -1
3 315 1
41 315 -1
3 316 1
41 316 -1
4 317 1
5 317 -1
4 318 1
6 318 -1
4 319 1
6 319 -1
6 320 1
4 320 -1
4 321 1
7 321 -1
4 322 1
7 322 -1
8 323 1
4 323 -1
8 324 1
4 324 -1
8 325 1
4 325 -1
8 326 1
4 326 -1
4 327 1
9 327 -1
10 328 1
4 328 -1
10 329 1
4 329 -1
11 330 1
4 330 -1
11 331 1
4 331 -1
4 332 1
12 332 -1
4 333 1
12 333 -1
13 334 1
4 334 -1
14 335 1
4 335 -1
14 336 1
4 336 -1
4 337 1
14 337 -1
4 338 1
15 338 -1
15 339 1
4 339 -1
16 340 1
4 340 -1
17 341 1
4 341 -1
17 342 1
4 342 -1
17 343 1
4 343 -1
18 344 1
4 344 -1
4 345 1
18 345 -1
4 346 1
18 346 -1
18 347 1
4 347 -1
4 348 1
19 348 -1
19 349 1
4 349 -1
19 350 1
4 350 -1
4 351 1
19 351 -1
20 352 1
4 352 -1
4 353 1
20 353 -1
4 354 1
21 354 -1
22 355 1
4 355 -1
4 356 1
22 356 -1
4 357 1
23 357 -1
23 358 1
4 358 -1
23 359 1
4 359 -1
24 360 1
4 360 -1
24 361 1
4 361 -1
4 362 1
24 362 -1
25 363 1
4 363 -1
4 364 1
25 364 -1
25 365 1
4 365 -1
25 366 1
4 366 -1
26 367 1
4 367 -1
26 368 1
4 368 -1
4 369 1
26 369 -1
4 370 1
26 370 -1
4 371 1
27 371 -1
27 372 1
4 372 -1
4 373 1
27 373 -1
28 374 1
4 374 -1
28 375 1
4 375 -1
28 376 1
4 376 -1
29 377 1
4 377 -1
4 378 1
29 378 -1
4 379 1
29 379 -1
29 380 1
4 380 -1
4 381 1
30 381 -1
4 382 1
30 382 -1
31 383 1
4 383 -1
31 384 1
4 384 -1
32 385 1
4 385 -1
4 386 1
33 386 -1
4 387 1
33 387 -1
4 388 1
33 388 -1
33 389 1
4 389 -1
34 390 1
4 390 -1
34 391 1
4 391 -1
34 392 1
4 392 -1
4 393 1
34 393 -1
35 394 1
4 394 -1
4 395 1
36 395 -1
36 396 1
4 396 -1
37 397 1
4 397 -1
4 398 1
38 398 -1
4 399 1
38 399 -1
4 400 1
39 400 -1
40 401 1
4 401 -1
4 402 1
41 402 -1
41 403 1
4 403 -1
6 404 1
5 404 -1
6 405 1
5 405 -1
7 406 1
5 406 -1
5 407 1
8 407 -1
5 408 1
8 408 -1
5 409 1
8 409 -1
8 410 1
5 410 -1
5 411 1
9 411 -1
9 412 1
5 412 -1
10 413 1
5 413 -1
10 414 1
5 414 -1
5 415 1
10 415 -1
5 416 1
10 416 -1
5 417 1
11 417 -1
12 418 1
5 418 -1
5 419 1
12 419 -1
5 420 1
13 420 -1
5 421 1
13 421 -1
13 422 1
5 422 -1
14 423 1
5 423 -1
5 424 1
14 424 -1
14 425 1
5 425 -1
14 426 1
5 426 -1
15 427 1
5 427 -1
15 428 1
5 428 -1
5 429 1
15 429 -1
15 430 1
5 430 -1
5 431 1
16 431 -1
16 432 1
5 432 -1
17 433 1
5 433 -1
17 434 1
5 434 -1
17 435 1
5 435 -1
5 436 1
17 436 -1
5 437 1
18 437 -1
19 438 1
5 438 -1
5 439 1
19 439 -1
5 440 1
19 440 -1
5 441 1
20 441 -1
5 442 1
20 442 -1
20 443 1
5 443 -1
20 444 1
5 444 -1
21 445 1
5 445 -1
5 446 1
21 446 -1
5 447 1
21 447 -1
22 448 1
5 448 -1
5 449 1
22 449 -1
5 450 1
22 450 -1
22 451 1
5 451 -1
23 452 1
5 452 -1
23 453 1
5 453 -1
5 454 1
24 454 -1
5 455 1
24 455 -1
24 456 1
5 456 -1
5 457 1
25 457 -1
25 458 1
5 458 -1
5 459 1
25 459 -1
26 460 1
5 460 -1
26 461 1
5 461 -1
5 462 1
26 462 -1
5 463 1
26 463 -1
5 464 1
27 464 -1
27 465 1
5 465 -1
5 466 1
28 466 -1
28 467 1
5 467 -1
5 468 1
28 468 -1
5 469 1
29 469 -1
5 470 1
29 470 -1
30 471 1
5 471 -1
5 472 1
30 472 -1
5 473 1
30 473 -1
5 474 1
30 474 -1
5 475 1
31 475 -1
5 476 1
31 476 -1
32 477 1
5 477 -1
32 478 1
5 478 -1
5 479 1
32 479 -1
5 480 1
33 480 -1
5 481 1
33 481 -1
5 482 1
33 482 -1
33 483 1
5 483 -1
5 484 1
34 484 -1
5 485 1
34 485 -1
5 486 1
35 486 -1
35 487 1
5 487 -1
36 488 1
5 488 -1
5 489 1
36 489 -1
5 490 1
36 490 -1
37 491 1
5 491 -1
5 492 1
37 492 -1
5 493 1
38 493 -1
5 494 1
38 494 -1
39 495 1
5 495 -1
5 496 1
40 496 -1
40 497 1
5 497 -1
5 498 1
40 498 -1
40 499 1
5 499 -1
41 500 1
5 500 -1
41 501 1
5 501 -1
5 502 1
41 502 -1
6 503 1
7 503 -1
6 504 1
7 504 -1
7 505 1
6 505 -1
6 506 1
8 506 -1
9 507 1
6 507 -1
9 508 1
6 508 -1
10 509 1
6 509 -1
6 510 1
11 510 -1
6 511 1
11 511 -1
11 512 1
6 512 -1
11 513 1
6 513 -1
6 514 1
12 514 -1
12 515 1
6 515 -1
12 516 1
6 516 -1
13 517 1
6 517 -1
13 518 1
6 518 -1
6 519 1
13 519 -1
14 520 1
6 520 -1
14 521 1
6 521 -1
14 522 1
6 522 -1
6 523 1
14 523 -1
6 524 1
15 524 -1
6 525 1
15 525 -1
16 526 1
6 526 -1
16 527 1
6 527 -1
6 528 1
17 528 -1
17 529 1
6 529 -1
6 530 1
17 530 -1
18 531 1
6 531 -1
6 532 1
18 532 -1
18 533 1
6 533 -1
19 534 1
6 534 -1
6 535 1
20 535 -1
6 536 1
20 536 -1
21 537 1
6 537 -1
21 538 1
6 538 -1
6 539 1
21 539 -1
22 540 1
6 540 -1
6 541 1
22 541 -1
6 542 1
22 542 -1
6 543 1
23 543 -1
23 544 1
6 544 -1
23 545 1
6 545 -1
6 546 1
23 546 -1
6 547 1
24 547 -1
6 548 1
24 548 -1
24 549 1
6 549 -1
6 550 1
25 550 -1
6 551 1
25 551 -1
6 552 1
26 552 -1
6 553 1
26 553 -1
27 554 1
6 554 -1
27 555 1
6 555 -1
27 556 1
6 556 -1
6 557 1
28 557 -1
6 558 1
29 558 -1
6 559 1
29 559 -1
30 560 1
6 560 -1
30 561 1
6 561 -1
6 562 1
30 562 -1
31 563 1
6 563 -1
31 564 1
6 564 -1
6 565 1
31 565 -1
6 566 1
31 566 -1
32 567 1
6 567 -1
33 568 1
6 568 -1
33 569 1
6 569 -1
6 570 1
34 570 -1
6 571 1
34 571 -1
6 572 1
34 572 -1
6 573 1
34 573 -1
35 574 1
6 574 -1
6 575 1
35 575 -1
6 576 1
35 576 -1
36 577 1
6 577 -1
36 578 1
6 578 -1
36 579 1
6 579 -1
36 580 1
6 580 -1
6 581 1
37 581 -1
6 582 1
38 582 -1
38 583 1
6 583 -1
6 584 1
38 584 -1
38 585 1
6 585 -1
39 586 1
6 586 -1
40 587 1
6 587 -1
6 588 1
40 588 -1
6 589 1
40 589 -1
6 590 1
40 590 -1
41 591 1
6 591 -1
6 592 1
41 592 -1
6 593 1
41 593 -1
6 594 1
41 594 -1
7 595 1
8 595 -1
8 596 1
7 596 -1
8 597 1
7 597 -1
8 598 1
7 598 -1
9 599 1
7 599 -1
7 600 1
9 600 -1
7 601 1
9 601 -1
7 602 1
9 602 -1
10 603 1
7 603 -1
7 604 1
10 604 -1
11 605 1
7 605 -1
7 606 1
12 606 -1
7 607 1
12 607 -1
12 608 1
7 608 -1
13 609 1
7 609 -1
7 610 1
14 610 -1
14 611 1
7 611 -1
7 612 1
14 612 -1
7 613 1
15 613 -1
7 614 1
15 614 -1
7 615 1
15 615 -1
16 616 1
7 616 -1
16 617 1
7 617 -1
16 618 1
7 618 -1
7 619 1
16 619 -1
17 620 1
7 620 -1
17 621 1
7 621 -1
7 622 1
18 622 -1
7 623 1
18 623 -1
18 624 1
7 624 -1
7 625 1
18 625 -1
19 626 1
7 626 -1
19 627 1
7 627 -1
19 628 1
7 628 -1
7 629 1
20 629 -1
20 630 1
7 630 -1
7 631 1
21 631 -1
21 632 1
7 632 -1
7 633 1
22 633 -1
7 634 1
22 634 -1
7 635 1
22 635 -1
22 636 1
7 636 -1
7 637 1
23 637 -1
7 638 1
23 638 -1
23 639 1
7 639 -1
24 640 1
7 640 -1
24 641 1
7 641 -1
7 642 1
24 642 -1
7 643 1
25 643 -1
7 644 1
25 644 -1
7 645 1
26 645 -1
7 646 1
26 646 -1
7 647 1
26 647 -1
26 648 1
7 648 -1
7 649 1
27 649 -1
7 650 1
28 650 -1
28 651 1
7 651 -1
7 652 1
29 652 -1
30 653 1
7 653 -1
7 654 1
31 654 -1
31 655 1
7 655 -1
31 656 1
7 656 -1
7 657 1
32 657 -1
32 658 1
7 658 -1
7 659 1
32 659 -1
7 660 1
33 660 -1
7 661 1
33 661 -1
34 662 1
7 662 -1
34 663 1
7 663 -1
7 664 1
34 664 -1
35 665 1
7 665 -1
7 666 1
35 666 -1
7 667 1
36 667 -1
36 668 1
7 668 -1
7 669 1
37 669 -1
37 670 1
7 670 -1
38 671 1
7 671 -1
38 672 1
7 672 -1
38 673 1
7 673 -1
7 674 1
38 674 -1
7 675 1
39 675 -1
40 676 1
7 676 -1
7 677 1
40 677 -1
40 678 1
7 678 -1
7 679 1
41 679 -1
41 680 1
7 680 -1
7 681 1
41 681 -1
8 682 1
9 682 -1
8 683 1
9 683 -1
8 684 1
10 684 -1
8 685 1
10 685 -1
8 686 1
10 686 -1
8 687 1
10 687 -1
8 688 1
11 688 -1
11 689 1
8 689 -1
11 690 1
8 690 -1
11 691 1
8 691 -1
8 692 1
12 692 -1
8 693 1
12 693 -1
8 694 1
13 694 -1
13 695 1
8 695 -1
8 696 1
13 696 -1
8 697 1
14 697 -1
8 698 1
15 698 -1
8 699 1
15 699 -1
15 700 1
8 700 -1
16 701 1
8 701 -1
8 702 1
17 702 -1
18 703 1
8 703 -1
8 704 1
19 704 -1
8 705 1
19 705 -1
20 706 1
8 706 -1
8 707 1
20 707 -1
8 708 1
20 708 -1
8 709 1
20 709 -1
8 710 1
21 710 -1
8 711 1
21 711 -1
21 712 1
8 712 -1
8 713 1
22 713 -1
8 714 1
23 714 -1
24 715 1
8 715 -1
24 716 1
8 716 -1
24 717 1
8 717 -1
25 718 1
8 718 -1
25 719 1
8 719 -1
25 720 1
8 720 -1
8 721 1
26 721 -1
8 722 1
26 722 -1
26 723 1
8 723 -1
26 724 1
8 724 -1
27 725 1
8 725 -1
8 726 1
27 726 -1
8 727 1
27 727 -1
27 728 1
8 728 -1
28 729 1
8 729 -1
28 730 1
8 730 -1
8 731 1
28 731 -1
28 732 1
8 732 -1
8 733 1
29 733 -1
29 734 1
8 734 -1
30 735 1
8 735 -1
8 736 1
30 736 -1
8 737 1
31 737 -1
8 738 1
31 738 -1
8 739 1
31 739 -1
31 740 1
8 740 -1
8 741 1
32 741 -1
8 742 1
32 742 -1
33 743 1
8 743 -1
8 744 1
33 744 -1
8 745 1
33 745 -1
34 746 1
8 746 -1
34 747 1
8 747 -1
8 748 1
35 748 -1
35 749 1
8 749 -1
35 750 1
8 750 -1
8 751 1
36 751 -1
8 752 1
37 752 -1
8 753 1
37 753 -1
8 754 1
37 754 -1
8 755 1
38 755 -1
38 756 1
8 756 -1
38 757 1
8 757 -1
39 758 1
8 758 -1
8 759 1
40 759 -1
40 760 1
8 760 -1
8 761 1
40 761 -1
8 762 1
41 762 -1
41 763 1
8 763 -1
9 764 1
10 764 -1
9 765 1
10 765 -1
9 766 1
10 766 -1
10 767 1
9 767 -1
9 768 1
11 768 -1
9 769 1
11 769 -1
9 770 1
12 770 -1
13 771 1
9 771 -1
13 772 1
9 772 -1
13 773 1
9 773 -1
14 774 1
9 774 -1
14 775 1
9 775 -1
9 776 1
15 776 -1
9 777 1
16 777 -1
9 778 1
16 778 -1
9 779 1
16 779 -1
9 780 1
17 780 -1
9 781 1
17 781 -1
17 782 1
9 782 -1
9 783 1
18 783 -1
18 784 1
9 784 -1
9 785 1
18 785 -1
9 786 1
18 786 -1
19 787 1
9 787 -1
9 788 1
20 788 -1
9 789 1
21 789 -1
9 790 1
21 790 -1
9 791 1
21 791 -1
9 792 1
21 792 -1
22 793 1
9 793 -1
22 794 1
9 794 -1
22 795 1
9 795 -1
22 796 1
9 796 -1
9 797 1
23 797 -1
9 798 1
24 798 -1
9 799 1
24 799 -1
24 800 1
9 800 -1
25 801 1
9 801 -1
26 802 1
9 802 -1
9 803 1
26 803 -1
9 804 1
26 804 -1
9 805 1
26 805 -1
9 806 1
27 806 -1
27 807 1
9 807 -1
27 808 1
9 808 -1
9 809 1
28 809 -1
29 810 1
9 810 -1
29 811 1
9 811 -1
29 812 1
9 812 -1
9 813 1
30 813 -1
30 814 1
9 814 -1
30 815 1
9 815 -1
30 816 1
9 816 -1
9 817 1
31 817 -1
9 818 1
31 818 -1
9 819 1
31 819 -1
31 820 1
9 820 -1
32 821 1
9 821 -1
9 822 1
32 822 -1
32 823 1
9 823 -1
33 824 1
9 824 -1
9 825 1
34 825 -1
34 826 1
9 826 -1
9 827 1
34 827 -1
34 828 1
9 828 -1
35 829 1
9 829 -1
9 830 1
35 830 -1
9 831 1
36 831 -1
37 832 1
9 832 -1
37 833 1
9 833 -1
38 834 1
9 834 -1
9 835 1
38 835 -1
38 836 1
9 836 -1
9 837 1
38 837 -1
39 838 1
9 838 -1
9 839 1
40 839 -1
9 840 1
40 840 -1
40 841 1
9 841 -1
9 842 1
41 842 -1
9 843 1
41 843 -1
9 844 1
41 844 -1
10 845 1
11 845 -1
12 846 1
10 846 -1
10 847 1
13 847 -1
13 848 1
10 848 -1
10 849 1
13 849 -1
10 850 1
13 850 -1
10 851 1
14 851 -1
14 852 1
10 852 -1
10 853 1
14 853 -1
10 854 1
14 854 -1
15 855 1
10 855 -1
10 856 1
15 856 -1
16 857 1
10 857 -1
16 858 1
10 858 -1
16 859 1
10 859 -1
16 860 1
10 860 -1
17 861 1
10 861 -1
17 862 1
10 862 -1
17 863 1
10 863 -1
18 864 1
10 864 -1
18 865 1
10 865 -1
10 866 1
18 866 -1
18 867 1
10 867 -1
10 868 1
19 868 -1
10 869 1
19 869 -1
10 870 1
20 870 -1
21 871 1
10 871 -1
10 872 1
21 872 -1
10 873 1
21 873 -1
22 874 1
10 874 -1
22 875 1
10 875 -1
10 876 1
22 876 -1
10 877 1
22 877 -1
23 878 1
10 878 -1
10 879 1
23 879 -1
23 880 1
10 880 -1
23 881 1
10 881 -1
24 882 1
10 882 -1
10 883 1
24 883 -1
24 884 1
10 884 -1
10 885 1
24 885 -1
10 886 1
25 886 -1
25 887 1
10 887 -1
25 888 1
10 888 -1
26 889 1
10 889 -1
26 890 1
10 890 -1
10 891 1
27 891 -1
27 892 1
10 892 -1
10 893 1
28 893 -1
10 894 1
29 894 -1
10 895 1
29 895 -1
10 896 1
29 896 -1
10 897 1
30 897 -1
10 898 1
30 898 -1
30 899 1
10 899 -1
10 900 1
30 900 -1
31 901 1
10 901 -1
31 902 1
10 902 -1
10 903 1
32 903 -1
33 904 1
10 904 -1
10 905 1
34 905 -1
34 906 1
10 906 -1
10 907 1
34 907 -1
35 908 1
10 908 -1
35 909 1
10 909 -1
36 910 1
10 910 -1
36 911 1
10 911 -1
36 912 1
10 912 -1
37 913 1
10 913 -1
38 914 1
10 914 -1
38 915 1
10 915 -1
10 916 1
39 916 -1
10 917 1
39 917 -1
39 918 1
10 918 -1
10 919 1
39 919 -1
10 920 1
40 920 -1
10 921 1
40 921 -1
40 922 1
10 922 -1
10 923 1
40 923 -1
10 924 1
41 924 -1
41 925 1
10 925 -1
12 926 1
11 926 -1
13 927 1
11 927 -1
11 928 1
13 928 -1
14 929 1
11 929 -1
11 930 1
14 930 -1
11 931 1
14 931 -1
15 932 1
11 932 -1
15 933 1
11 933 -1
11 934 1
15 934 -1
16 935 1
11 935 -1
11 936 1
16 936 -1
16 937 1
11 937 -1
11 938 1
17 938 -1
11 939 1
17 939 -1
17 940 1
11 940 -1
18 941 1
11 941 -1
11 942 1
19 942 -1
19 943 1
11 943 -1
11 944 1
20 944 -1
11 945 1
20 945 -1
21 946 1
11 946 -1
11 947 1
21 947 -1
11 948 1
21 948 -1
21 949 1
11 949 -1
11 950 1
22 950 -1
11 951 1
22 951 -1
11 952 1
23 952 -1
11 953 1
24 953 -1
11 954 1
24 954 -1
11 955 1
24 955 -1
11 956 1
24 956 -1
25 957 1
11 957 -1
11 958 1
25 958 -1
25 959 1
11 959 -1
25 960 1
11 960 -1
11 961 1
26 961 -1
26 962 1
11 962 -1
26 963 1
11 963 -1
11 964 1
26 964 -1
27 965 1
11 965 -1
28 966 1
11 966 -1
11 967 1
28 967 -1
29 968 1
11 968 -1
29 969 1
11 969 -1
11 970 1
29 970 -1
11 971 1
30 971 -1
31 972 1
11 972 -1
11 973 1
31 973 -1
31 974 1
11 974 -1
32 975 1
11 975 -1
11 976 1
32 976 -1
11 977 1
33 977 -1
11 978 1
33 978 -1
33 979 1
11 979 -1
11 980 1
34 980 -1
11 981 1
34 981 -1
11 982 1
34 982 -1
35 983 1
11 983 -1
11 984 1
35 984 -1
11 985 1
36 985 -1
36 986 1
11 986 -1
11 987 1
36 987 -1
36 988 1
11 988 -1
11 989 1
37 989 -1
37 990 1
11 990 -1
11 991 1
37 991 -1
11 992 1
38 992 -1
11 993 1
39 993 -1
40 994 1
11 994 -1
11 995 1
40 995 -1
11 996 1
40 996 -1
41 997 1
11 997 -1
11 998 1
41 998 -1
41 999 1
11 999 -1
13 1000 1
12 1000 -1
12 1001 1
13 1001 -1
13 1002 1
12 1002 -1
12 1003 1
14 1003 -1
12 1004 1
14 1004 -1
12 1005 1
14 1005 -1
14 1006 1
12 1006 -1
12 1007 1
15 1007 -1
16 1008 1
12 1008 -1
12 1009 1
16 1009 -1
12 1010 1
16 1010 -1
12 1011 1
17 1011 -1
12 1012 1
17 1012 -1
17 1013 1
12 1013 -1
17 1014 1
12 1014 -1
12 1015 1
18 1015 -1
12 1016 1
18 1016 -1
18 1017 1
12 1017 -1
19 1018 1
12 1018 -1
19 1019 1
12 1019 -1
12 1020 1
19 1020 -1
12 1021 1
19 1021 -1
12 1022 1
20 1022 -1
12 1023 1
20 1023 -1
20 1024 1
12 1024 -1
20 1025 1
12 1025 -1
21 1026 1
12 1026 -1
22 1027 1
12 1027 -1
22 1028 1
12 1028 -1
23 1029 1
12 1029 -1
12 1030 1
23 1030 -1
23 1031 1
12 1031 -1
23 1032 1
12 1032 -1
12 1033 1
24 1033 -1
12 1034 1
24 1034 -1
25 1035 1
12 1035 -1
12 1036 1
26 1036 -1
26 1037 1
12 1037 -1
12 1038 1
26 1038 -1
12 1039 1
27 1039 -1
12 1040 1
27 1040 -1
28 1041 1
12 1041 -1
29 1042 1
12 1042 -1
12 1043 1
29 1043 -1
29 1044 1
12 1044 -1
12 1045 1
29 1045 -1
30 1046 1
12 1046 -1
12 1047 1
30 1047 -1
12 1048 1
31 1048 -1
31 1049 1
12 1049 -1
12 1050 1
31 1050 -1
31 1051 1
12 1051 -1
32 1052 1
12 1052 -1
32 1053 1
12 1053 -1
12 1054 1
32 1054 -1
12 1055 1
33 1055 -1
12 1056 1
33 1056 -1
33 1057 1
12 1057 -1
33 1058 1
12 1058 -1
34 1059 1
12 1059 -1
12 1060 1
35 1060 -1
12 1061 1
35 1061 -1
12 1062 1
35 1062 -1
35 1063 1
12 1063 -1
12 1064 1
36 1064 -1
36 1065 1
12 1065 -1
12 1066 1
36 1066 -1
37 1067 1
12 1067 -1
12 1068 1
37 1068 -1
37 1069 1
12 1069 -1
12 1070 1
37 1070 -1
38 1071 1
12 1071 -1
39 1072 1
12 1072 -1
12 1073 1
39 1073 -1
39 1074 1
12 1074 -1
12 1075 1
39 1075 -1
12 1076 1
40 1076 -1
12 1077 1
41 1077 -1
41 1078 1
12 1078 -1
14 1079 1
13 1079 -1
13 1080 1
14 1080 -1
14 1081 1
13 1081 -1
13 1082 1
14 1082 -1
15 1083 1
13 1083 -1
15 1084 1
13 1084 -1
16 1085 1
13 1085 -1
13 1086 1
17 1086 -1
13 1087 1
17 1087 -1
17 1088 1
13 1088 -1
13 1089 1
17 1089 -1
13 1090 1
18 1090 -1
13 1091 1
19 1091 -1
19 1092 1
13 1092 -1
13 1093 1
19 1093 -1
13 1094 1
20 1094 -1
20 1095 1
13 1095 -1
13 1096 1
20 1096 -1
13 1097 1
20 1097 -1
21 1098 1
13 1098 -1
21 1099 1
13 1099 -1
13 1100 1
21 1100 -1
22 1101 1
13 1101 -1
13 1102 1
22 1102 -1
13 1103 1
22 1103 -1
23 1104 1
13 1104 -1
23 1105 1
13 1105 -1
24 1106 1
13 1106 -1
13 1107 1
25 1107 -1
25 1108 1
13 1108 -1
13 1109 1
25 1109 -1
13 1110 1
26 1110 -1
26 1111 1
13 1111 -1
13 1112 1
27 1112 -1
27 1113 1
13 1113 -1
13 1114 1
27 1114 -1
27 1115 1
13 1115 -1
13 1116 1
28 1116 -1
13 1117 1
28 1117 -1
28 1118 1
13 1118 -1
28 1119 1
13 1119 -1
13 1120 1
29 1120 -1
13 1121 1
29 1121 -1
13 1122 1
29 1122 -1
29 1123 1
13 1123 -1
13 1124 1
30 1124 -1
13 1125 1
30 1125 -1
13 1126 1
31 1126 -1
31 1127 1
13 1127 -1
13 1128 1
31 1128 -1
32 1129 1
13 1129 -1
13 1130 1
33 1130 -1
34 1131 1
13 1131 -1
34 1132 1
13 1132 -1
13 1133 1
34 1133 -1
35 1134 1
13 1134 -1
36 1135 1
13 1135 -1
36 1136 1
13 1136 -1
13 1137 1
37 1137 -1
13 1138 1
37 1138 -1
13 1139 1
38 1139 -1
38 1140 1
13 1140 -1
13 1141 1
39 1141 -1
13 1142 1
40 1142 -1
40 1143 1
13 1143 -1
13 1144 1
40 1144 -1
41 1145 1
13 1145 -1
13 1146 1
41 1146 -1
15 1147 1
14 1147 -1
14 1148 1
15 1148 -1
15 1149 1
14 1149 -1
16 1150 1
14 1150 -1
16 1151 1
14 1151 -1
16 1152 1
14 1152 -1
14 1153 1
17 1153 -1
14 1154 1
17 1154 -1
17 1155 1
14 1155 -1
14 1156 1
18 1156 -1
14 1157 1
19 1157 -1
19 1158 1
14 1158 -1
20 1159 1
14 1159 -1
20 1160 1
14 1160 -1
20 1161 1
14 1161 -1
20 1162 1
14 1162 -1
14 1163 1
21 1163 -1
21 1164 1
14 1164 -1
14 1165 1
21 1165 -1
14 1166 1
22 1166 -1
14 1167 1
22 1167 -1
14 1168 1
22 1168 -1
22 1169 1
14 1169 -1
23 1170 1
14 1170 -1
14 1171 1
24 1171 -1
14 1172 1
24 1172 -1
24 1173 1
14 1173 -1
25 1174 1
14 1174 -1
14 1175 1
25 1175 -1
14 1176 1
25 1176 -1
14 1177 1
26 1177 -1
14 1178 1
27 1178 -1
14 1179 1
27 1179 -1
27 1180 1
14 1180 -1
14 1181 1
28 1181 -1
28 1182 1
14 1182 -1
29 1183 1
14 1183 -1
14 1184 1
29 1184 -1
29 1185 1
14 1185 -1
14 1186 1
30 1186 -1
30 1187 1
14 1187 -1
30 1188 1
14 1188 -1
14 1189 1
31 1189 -1
31 1190 1
14 1190 -1
14 1191 1
32 1191 -1
14 1192 1
33 1192 -1
33 1193 1
14 1193 -1
14 1194 1
34 1194 -1
34 1195 1
14 1195 -1
34 1196 1
14 1196 -1
34 1197 1
14 1197 -1
14 1198 1
35 1198 -1
35 1199 1
14 1199 -1
14 1200 1
36 1200 -1
14 1201 1
36 1201 -1
37 1202 1
14 1202 -1
14 1203 1
38 1203 -1
39 1204 1
14 1204 -1
39 1205 1
14 1205 -1
14 1206 1
40 1206 -1
40 1207 1
14 1207 -1
40 1208 1
14 1208 -1
14 1209 1
40 1209 -1
41 1210 1
14 1210 -1
14 1211 1
41 1211 -1
41 1212 1
14 1212 -1
41 1213 1
14 1213 -1
16 1214 1
15 1214 -1
16 1215 1
15 1215 -1
15 1216 1
16 1216 -1
16 1217 1
15 1217 -1
15 1218 1
17 1218 -1
17 1219 1
15 1219 -1
15 1220 1
17 1220 -1
15 1221 1
17 1221 -1
18 1222 1
15 1222 -1
15 1223 1
18 1223 -1
15 1224 1
19 1224 -1
15 1225 1
19 1225 -1
19 1226 1
15 1226 -1
15 1227 1
19 1227 -1
15 1228 1
20 1228 -1
15 1229 1
21 1229 -1
15 1230 1
21 1230 -1
15 1231 1
22 1231 -1
15 1232 1
22 1232 -1
23 1233 1
15 1233 -1
24 1234 1
15 1234 -1
24 1235 1
15 1235 -1
24 1236 1
15 1236 -1
24 1237 1
15 1237 -1
25 1238 1
15 1238 -1
15 1239 1
25 1239 -1
25 1240 1
15 1240 -1
26 1241 1
15 1241 -1
26 1242 1
15 1242 -1
27 1243 1
15 1243 -1
15 1244 1
27 1244 -1
27 1245 1
15 1245 -1
15 1246 1
27 1246 -1
15 1247 1
28 1247 -1
28 1248 1
15 1248 -1
28 1249 1
15 1249 -1
28 1250 1
15 1250 -1
29 1251 1
15 1251 -1
29 1252 1
15 1252 -1
15 1253 1
30 1253 -1
30 1254 1
15 1254 -1
15 1255 1
31 1255 -1
15 1256 1
32 1256 -1
15 1257 1
32 1257 -1
15 1258 1
33 1258 -1
33 1259 1
15 1259 -1
34 1260 1
15 1260 -1
35 1261 1
15 1261 -1
35 1262 1
15 1262 -1
35 1263 1
15 1263 -1
36 1264 1
15 1264 -1
37 1265 1
15 1265 -1
15 1266 1
37 1266 -1
15 1267 1
37 1267 -1
37 1268 1
15 1268 -1
15 1269 1
38 1269 -1
39 1270 1
15 1270 -1
40 1271 1
15 1271 -1
15 1272 1
41 1272 -1
15 1273 1
41 1273 -1
15 1274 1
41 1274 -1
15 1275 1
41 1275 -1
16 1276 1
17 1276 -1
17 1277 1
16 1277 -1
16 1278 1
17 1278 -1
16 1279 1
18 1279 -1
16 1280 1
19 1280 -1
19 1281 1
16 1281 -1
16 1282 1
20 1282 -1
20 1283 1
16 1283 -1
21 1284 1
16 1284 -1
16 1285 1
21 1285 -1
21 1286 1
16 1286 -1
16 1287 1
22 1287 -1
22 1288 1
16 1288 -1
16 1289 1
22 1289 -1
16 1290 1
23 1290 -1
16 1291 1
23 1291 -1
24 1292 1
16 1292 -1
24 1293 1
16 1293 -1
24 1294 1
16 1294 -1
16 1295 1
24 1295 -1
16 1296 1
25 1296 -1
25 1297 1
16 1297 -1
26 1298 1
16 1298 -1
26 1299 1
16 1299 -1
16 1300 1
27 1300 -1
16 1301 1
27 1301 -1
16 1302 1
27 1302 -1
16 1303 1
27 1303 -1
28 1304 1
16 1304 -1
28 1305 1
16 1305 -1
28 1306 1
16 1306 -1
29 1307 1
16 1307 -1
29 1308 1
16 1308 -1
29 1309 1
16 1309 -1
29 1310 1
16 1310 -1
16 1311 1
30 1311 -1
16 1312 1
30 1312 -1
30 1313 1
16 1313 -1
30 1314 1
16 1314 -1
31 1315 1
16 1315 -1
32 1316 1
16 1316 -1
32 1317 1
16 1317 -1
16 1318 1
33 1318 -1
33 1319 1
16 1319 -1
33 1320 1
16 1320 -1
33 1321 1
16 1321 -1
34 1322 1
16 1322 -1
16 1323 1
34 1323 -1
16 1324 1
34 1324 -1
16 1325 1
34 1325 -1
16 1326 1
35 1326 -1
35 1327 1
16 1327 -1
16 1328 1
35 1328 -1
16 1329 1
35 1329 -1
16 1330 1
36 1330 -1
16 1331 1
36 1331 -1
16 1332 1
36 1332 -1
37 1333 1
16 1333 -1
16 1334 1
37 1334 -1
16 1335 1
38 1335 -1
16 1336 1
38 1336 -1
39 1337 1
16 1337 -1
39 1338 1
16 1338 -1
16 1339 1
39 1339 -1
16 1340 1
40 1340 -1
16 1341 1
40 1341 -1
16 1342 1
41 1342 -1
41 1343 1
16 1343 -1
16 1344 1
41 1344 -1
17 1345 1
18 1345 -1
19 1346 1
17 1346 -1
17 1347 1
19 1347 -1
17 1348 1
20 1348 -1
20 1349 1
17 1349 -1
20 1350 1
17 1350 -1
17 1351 1
21 1351 -1
21 1352 1
17 1352 -1
21 1353 1
17 1353 -1
17 1354 1
22 1354 -1
17 1355 1
22 1355 -1
17 1356 1
22 1356 -1
22 1357 1
17 1357 -1
23 1358 1
17 1358 -1
23 1359 1
17 1359 -1
24 1360 1
17 1360 -1
17 1361 1
24 1361 -1
17 1362 1
24 1362 -1
17 1363 1
25 1363 -1
17 1364 1
26 1364 -1
26 1365 1
17 1365 -1
27 1366 1
17 1366 -1
17 1367 1
28 1367 -1
17 1368 1
28 1368 -1
28 1369 1
17 1369 -1
17 1370 1
29 1370 -1
17 1371 1
29 1371 -1
29 1372 1
17 1372 -1
29 1373 1
17 1373 -1
30 1374 1
17 1374 -1
17 1375 1
30 1375 -1
17 1376 1
30 1376 -1
17 1377 1
31 1377 -1
17 1378 1
31 1378 -1
17 1379 1
31 1379 -1
31 1380 1
17 1380 -1
17 1381 1
32 1381 -1
32 1382 1
17 1382 -1
32 1383 1
17 1383 -1
17 1384 1
32 1384 -1
33 1385 1
17 1385 -1
33 1386 1
17 1386 -1
17 1387 1
33 1387 -1
33 1388 1
17 1388 -1
34 1389 1
17 1389 -1
17 1390 1
34 1390 -1
34 1391 1
17 1391 -1
17 1392 1
35 1392 -1
35 1393 1
17 1393 -1
17 1394 1
35 1394 -1
35 1395 1
17 1395 -1
36 1396 1
17 1396 -1
36 1397 1
17 1397 -1
36 1398 1
17 1398 -1
17 1399 1
36 1399 -1
37 1400 1
17 1400 -1
37 1401 1
17 1401 -1
37 1402 1
17 1402 -1
38 1403 1
17 1403 -1
17 1404 1
38 1404 -1
17 1405 1
38 1405 -1
38 1406 1
17 1406 -1
39 1407 1
17 1407 -1
39 1408 1
17 1408 -1
17 1409 1
39 1409 -1
17 1410 1
39 1410 -1
40 1411 1
17 1411 -1
40 1412 1
17 1412 -1
41 1413 1
17 1413 -1
17 1414 1
41 1414 -1
19 1415 1
18 1415 -1
18 1416 1
19 1416 -1
19 1417 1
18 1417 -1
18 1418 1
20 1418 -1
18 1419 1
20 1419 -1
18 1420 1
20 1420 -1
20 1421 1
18 1421 -1
18 1422 1
21 1422 -1
18 1423 1
21 1423 -1
22 1424 1
18 1424 -1
18 1425 1
22 1425 -1
18 1426 1
22 1426 -1
23 1427 1
18 1427 -1
23 1428 1
18 1428 -1
18 1429 1
23 1429 -1
23 1430 1
18 1430 -1
24 1431 1
18 1431 -1
25 1432 1
18 1432 -1
25 1433 1
18 1433 -1
26 1434 1
18 1434 -1
27 1435 1
18 1435 -1
27 1436 1
18 1436 -1
28 1437 1
18 1437 -1
28 1438 1
18 1438 -1
28 1439 1
18 1439 -1
18 1440 1
28 1440 -1
29 1441 1
18 1441 -1
29 1442 1
18 1442 -1
29 1443 1
18 1443 -1
18 1444 1
29 1444 -1
18 1445 1
30 1445 -1
30 1446 1
18 1446 -1
30 1447 1
18 1447 -1
31 1448 1
18 1448 -1
18 1449 1
31 1449 -1
31 1450 1
18 1450 -1
31 1451 1
18 1451 -1
32 1452 1
18 1452 -1
32 1453 1
18 1453 -1
18 1454 1
33 1454 -1
33 1455 1
18 1455 -1
34 1456 1
18 1456 -1
18 1457 1
34 1457 -1
34 1458 1
18 1458 -1
18 1459 1
35 1459 -1
35 1460 1
18 1460 -1
18 1461 1
36 1461 -1
18 1462 1
36 1462 -1
18 1463 1
37 1463 -1
18 1464 1
37 1464 -1
37 1465 1
18 1465 -1
38 1466 1
18 1466 -1
18 1467 1
38 1467 -1
39 1468 1
18 1468 -1
39 1469 1
18 1469 -1
18 1470 1
39 1470 -1
18 1471 1
39 1471 -1
40 1472 1
18 1472 -1
18 1473 1
40 1473 -1
41 1474 1
18 1474 -1
18 1475 1
41 1475 -1
18 1476 1
41 1476 -1
20 1477 1
19 1477 -1
19 1478 1
21 1478 -1
19 1479 1
21 1479 -1
21 1480 1
19 1480 -1
19 1481 1
21 1481 -1
22 1482 1
19 1482 -1
22 1483 1
19 1483 -1
23 1484 1
19 1484 -1
24 1485 1
19 1485 -1
24 1486 1
19 1486 -1
19 1487 1
24 1487 -1
24 1488 1
19 1488 -1
19 1489 1
25 1489 -1
19 1490 1
25 1490 -1
19 1491 1
25 1491 -1
25 1492 1
19 1492 -1
26 1493 1
19 1493 -1
26 1494 1
19 1494 -1
27 1495 1
19 1495 -1
27 1496 1
19 1496 -1
19 1497 1
27 1497 -1
19 1498 1
28 1498 -1
19 1499 1
28 1499 -1
29 1500 1
19 1500 -1
19 1501 1
29 1501 -1
19 1502 1
29 1502 -1
19 1503 1
30 1503 -1
19 1504 1
30 1504 -1
31 1505 1
19 1505 -1
32 1506 1
19 1506 -1
19 1507 1
33 1507 -1
19 1508 1
34 1508 -1
34 1509 1
19 1509 -1
34 1510 1
19 1510 -1
19 1511 1
34 1511 -1
19 1512 1
35 1512 -1
36 1513 1
19 1513 -1
36 1514 1
19 1514 -1
19 1515 1
37 1515 -1
19 1516 1
37 1516 -1
37 1517 1
19 1517 -1
38 1518 1
19 1518 -1
19 1519 1
38 1519 -1
19 1520 1
38 1520 -1
19 1521 1
39 1521 -1
19 1522 1
39 1522 -1
39 1523 1
19 1523 -1
40 1524 1
19 1524 -1
19 1525 1
40 1525 -1
19 1526 1
40 1526 -1
19 1527 1
40 1527 -1
41 1528 1
19 1528 -1
19 1529 1
41 1529 -1
41 1530 1
19 1530 -1
41 1531 1
19 1531 -1
20 1532 1
21 1532 -1
20 1533 1
21 1533 -1
22 1534 1
20 1534 -1
22 1535 1
20 1535 -1
20 1536 1
22 1536 -1
20 1537 1
23 1537 -1
20 1538 1
24 1538 -1
20 1539 1
24 1539 -1
25 1540 1
20 1540 -1
26 1541 1
20 1541 -1
20 1542 1
27 1542 -1
20 1543 1
27 1543 -1
28 1544 1
20 1544 -1
28 1545 1
20 1545 -1
20 1546 1
28 1546 -1
20 1547 1
28 1547 -1
29 1548 1
20 1548 -1
20 1549 1
29 1549 -1
29 1550 1
20 1550 -1
29 1551 1
20 1551 -1
20 1552 1
30 1552 -1
30 1553 1
20 1553 -1
20 1554 1
30 1554 -1
20 1555 1
31 1555 -1
20 1556 1
32 1556 -1
20 1557 1
32 1557 -1
20 1558 1
32 1558 -1
20 1559 1
32 1559 -1
20 1560 1
33 1560 -1
33 1561 1
20 1561 -1
20 1562 1
34 1562 -1
34 1563 1
20 1563 -1
20 1564 1
34 1564 -1
20 1565 1
35 1565 -1
35 1566 1
20 1566 -1
36 1567 1
20 1567 -1
20 1568 1
36 1568 -1
20 1569 1
37 1569 -1
37 1570 1
20 1570 -1
37 1571 1
20 1571 -1
37 1572 1
20 1572 -1
20 1573 1
38 1573 -1
38 1574 1
20 1574 -1
38 1575 1
20 1575 -1
20 1576 1
39 1576 -1
20 1577 1
39 1577 -1
39 1578 1
20 1578 -1
40 1579 1
20 1579 -1
20 1580 1
40 1580 -1
20 1581 1
40 1581 -1
41 1582 1
20 1582 -1
22 1583 1
21 1583 -1
21 1584 1
22 1584 -1
22 1585 1
21 1585 -1
22 1586 1
21 1586 -1
23 1587 1
21 1587 -1
21 1588 1
23 1588 -1
21 1589 1
24 1589 -1
21 1590 1
24 1590 -1
21 1591 1
24 1591 -1
24 1592 1
21 1592 -1
25 1593 1
21 1593 -1
21 1594 1
25 1594 -1
25 1595 1
21 1595 -1
21 1596 1
25 1596 -1
26 1597 1
21 1597 -1
21 1598 1
26 1598 -1
21 1599 1
27 1599 -1
21 1600 1
27 1600 -1
21 1601 1
27 1601 -1
27 1602 1
21 1602 -1
28 1603 1
21 1603 -1
28 1604 1
21 1604 -1
21 1605 1
28 1605 -1
29 1606 1
21 1606 -1
29 1607 1
21 1607 -1
21 1608 1
30 1608 -1
30 1609 1
21 1609 -1
30 1610 1
21 1610 -1
21 1611 1
30 1611 -1
21 1612 1
31 1612 -1
31 1613 1
21 1613 -1
31 1614 1
21 1614 -1
21 1615 1
32 1615 -1
21 1616 1
33 1616 -1
34 1617 1
21 1617 -1
21 1618 1
35 1618 -1
35 1619 1
21 1619 -1
36 1620 1
21 1620 -1
36 1621 1
21 1621 -1
21 1622 1
36 1622 -1
37 1623 1
21 1623 -1
37 1624 1
21 1624 -1
21 1625 1
37 1625 -1
37 1626 1
21 1626 -1
38 1627 1
21 1627 -1
39 1628 1
21 1628 -1
39 1629 1
21 1629 -1
39 1630 1
21 1630 -1
21 1631 1
39 1631 -1
40 1632 1
21 1632 -1
40 1633 1
21 1633 -1
21 1634 1
40 1634 -1
21 1635 1
40 1635 -1
21 1636 1
41 1636 -1
41 1637 1
21 1637 -1
41 1638 1
21 1638 -1
22 1639 1
23 1639 -1
22 1640 1
23 1640 -1
23 1641 1
22 1641 -1
23 1642 1
22 1642 -1
22 1643 1
24 1643 -1
22 1644 1
25 1644 -1
25 1645 1
22 1645 -1
25 1646 1
22 1646 -1
22 1647 1
26 1647 -1
26 1648 1
22 1648 -1
22 1649 1
26 1649 -1
26 1650 1
22 1650 -1
27 1651 1
22 1651 -1
27 1652 1
22 1652 -1
28 1653 1
22 1653 -1
22 1654 1
29 1654 -1
29 1655 1
22 1655 -1
30 1656 1
22 1656 -1
30 1657 1
22 1657 -1
30 1658 1
22 1658 -1
30 1659 1
22 1659 -1
22 1660 1
31 1660 -1
32 1661 1
22 1661 -1
32 1662 1
22 1662 -1
22 1663 1
32 1663 -1
22 1664 1
32 1664 -1
33 1665 1
22 1665 -1
22 1666 1
33 1666 -1
22 1667 1
33 1667 -1
33 1668 1
22 1668 -1
22 1669 1
34 1669 -1
22 1670 1
34 1670 -1
22 1671 1
34 1671 -1
34 1672 1
22 1672 -1
22 1673 1
35 1673 -1
36 1674 1
22 1674 -1
22 1675 1
37 1675 -1
22 1676 1
37 1676 -1
22 1677 1
37 1677 -1
22 1678 1
38 1678 -1
38 1679 1
22 1679 -1
22 1680 1
38 1680 -1
38 1681 1
22 1681 -1
39 1682 1
22 1682 -1
39 1683 1
22 1683 -1
22 1684 1
40 1684 -1
22 1685 1
40 1685 -1
22 1686 1
40 1686 -1
22 1687 1
40 1687 -1
41 1688 1
22 1688 -1
23 1689 1
24 1689 -1
24 1690 1
23 1690 -1
25 1691 1
23 1691 -1
23 1692 1
25 1692 -1
25 1693 1
23 1693 -1
23 1694 1
26 1694 -1
23 1695 1
26 1695 -1
23 1696 1
27 1696 -1
27 1697 1
23 1697 -1
27 1698 1
23 1698 -1
23 1699 1
27 1699 -1
23 1700 1
28 1700 -1
23 1701 1
28 1701 -1
23 1702 1
28 1702 -1
23 1703 1
28 1703 -1
29 1704 1
23 1704 -1
29 1705 1
23 1705 -1
29 1706 1
23 1706 -1
23 1707 1
29 1707 -1
30 1708 1
23 1708 -1
23 1709 1
30 1709 -1
23 1710 1
30 1710 -1
23 1711 1
31 1711 -1
23 1712 1
31 1712 -1
31 1713 1
23 1713 -1
31 1714 1
23 1714 -1
23 1715 1
32 1715 -1
33 1716 1
23 1716 -1
33 1717 1
23 1717 -1
23 1718 1
34 1718 -1
23 1719 1
34 1719 -1
23 1720 1
34 1720 -1
23 1721 1
35 1721 -1
35 1722 1
23 1722 -1
23 1723 1
36 1723 -1
36 1724 1
23 1724 -1
36 1725 1
23 1725 -1
36 1726 1
23 1726 -1
23 1727 1
37 1727 -1
23 1728 1
37 1728 -1
23 1729 1
37 1729 -1
23 1730 1
38 1730 -1
23 1731 1
38 1731 -1
23 1732 1
39 1732 -1
40 1733 1
23 1733 -1
40 1734 1
23 1734 -1
41 1735 1
23 1735 -1
23 1736 1
41 1736 -1
25 1737 1
24 1737 -1
24 1738 1
26 1738 -1
26 1739 1
24 1739 -1
24 1740 1
27 1740 -1
27 1741 1
24 1741 -1
27 1742 1
24 1742 -1
28 1743 1
24 1743 -1
24 1744 1
28 1744 -1
28 1745 1
24 1745 -1
24 1746 1
28 1746 -1
29 1747 1
24 1747 -1
24 1748 1
30 1748 -1
30 1749 1
24 1749 -1
24 1750 1
30 1750 -1
31 1751 1
24 1751 -1
24 1752 1
32 1752 -1
32 1753 1
24 1753 -1
32 1754 1
24 1754 -1
24 1755 1
32 1755 -1
33 1756 1
24 1756 -1
24 1757 1
34 1757 -1
34 1758 1
24 1758 -1
34 1759 1
24 1759 -1
35 1760 1
24 1760 -1
24 1761 1
35 1761 -1
36 1762 1
24 1762 -1
37 1763 1
24 1763 -1
37 1764 1
24 1764 -1
38 1765 1
24 1765 -1
38 1766 1
24 1766 -1
24 1767 1
39 1767 -1
39 1768 1
24 1768 -1
24 1769 1
39 1769 -1
39 1770 1
24 1770 -1
40 1771 1
24 1771 -1
40 1772 1
24 1772 -1
24 1773 1
40 1773 -1
24 1774 1
41 1774 -1
24 1775 1
41 1775 -1
24 1776 1
41 1776 -1
41 1777 1
24 1777 -1
26 1778 1
25 1778 -1
25 1779 1
27 1779 -1
25 1780 1
28 1780 -1
28 1781 1
25 1781 -1
25 1782 1
29 1782 -1
29 1783 1
25 1783 -1
25 1784 1
29 1784 -1
29 1785 1
25 1785 -1
25 1786 1
30 1786 -1
30 1787 1
25 1787 -1
25 1788 1
30 1788 -1
31 1789 1
25 1789 -1
25 1790 1
32 1790 -1
32 1791 1
25 1791 -1
25 1792 1
32 1792 -1
33 1793 1
25 1793 -1
34 1794 1
25 1794 -1
35 1795 1
25 1795 -1
36 1796 1
25 1796 -1
36 1797 1
25 1797 -1
25 1798 1
37 1798 -1
25 1799 1
37 1799 -1
37 1800 1
25 1800 -1
37 1801 1
25 1801 -1
25 1802 1
38 1802 -1
25 1803 1
38 1803 -1
38 1804 1
25 1804 -1
39 1805 1
25 1805 -1
25 1806 1
39 1806 -1
25 1807 1
39 1807 -1
25 1808 1
40 1808 -1
25 1809 1
41 1809 -1
25 1810 1
41 1810 -1
41 1811 1
25 1811 -1
26 1812 1
27 1812 -1
27 1813 1
26 1813 -1
26 1814 1
27 1814 -1
27 1815 1
26 1815 -1
28 1816 1
26 1816 -1
26 1817 1
28 1817 -1
28 1818 1
26 1818 -1
29 1819 1
26 1819 -1
29 1820 1
26 1820 -1
26 1821 1
29 1821 -1
29 1822 1
26 1822 -1
26 1823 1
30 1823 -1
26 1824 1
30 1824 -1
31 1825 1
26 1825 -1
26 1826 1
31 1826 -1
26 1827 1
31 1827 -1
26 1828 1
32 1828 -1
26 1829 1
33 1829 -1
26 1830 1
33 1830 -1
26 1831 1
34 1831 -1
34 1832 1
26 1832 -1
34 1833 1
26 1833 -1
26 1834 1
34 1834 -1
35 1835 1
26 1835 -1
35 1836 1
26 1836 -1
26 1837 1
35 1837 -1
26 1838 1
35 1838 -1
36 1839 1
26 1839 -1
26 1840 1
37 1840 -1
37 1841 1
26 1841 -1
26 1842 1
37 1842 -1
26 1843 1
37 1843 -1
26 1844 1
38 1844 -1
26 1845 1
38 1845 -1
26 1846 1
39 1846 -1
40 1847 1
26 1847 -1
40 1848 1
26 1848 -1
40 1849 1
26 1849 -1
26 1850 1
40 1850 -1
41 1851 1
26 1851 -1
41 1852 1
26 1852 -1
26 1853 1
41 1853 -1
26 1854 1
41 1854 -1
28 1855 1
27 1855 -1
28 1856 1
27 1856 -1
27 1857 1
28 1857 -1
29 1858 1
27 1858 -1
27 1859 1
29 1859 -1
27 1860 1
30 1860 -1
27 1861 1
30 1861 -1
27 1862 1
30 1862 -1
31 1863 1
27 1863 -1
27 1864 1
32 1864 -1
27 1865 1
33 1865 -1
27 1866 1
33 1866 -1
33 1867 1
27 1867 -1
27 1868 1
34 1868 -1
34 1869 1
27 1869 -1
27 1870 1
34 1870 -1
27 1871 1
34 1871 -1
27 1872 1
35 1872 -1
35 1873 1
27 1873 -1
27 1874 1
35 1874 -1
36 1875 1
27 1875 -1
27 1876 1
37 1876 -1
37 1877 1
27 1877 -1
37 1878 1
27 1878 -1
37 1879 1
27 1879 -1
38 1880 1
27 1880 -1
27 1881 1
38 1881 -1
27 1882 1
38 1882 -1
27 1883 1
39 1883 -1
27 1884 1
40 1884 -1
27 1885 1
40 1885 -1
41 1886 1
27 1886 -1
27 1887 1
41 1887 -1
27 1888 1
41 1888 -1
41 1889 1
27 1889 -1
28 1890 1
29 1890 -1
28 1891 1
29 1891 -1
28 1892 1
29 1892 -1
29 1893 1
28 1893 -1
30 1894 1
28 1894 -1
30 1895 1
28 1895 -1
31 1896 1
28 1896 -1
31 1897 1
28 1897 -1
32 1898 1
28 1898 -1
32 1899 1
28 1899 -1
32 1900 1
28 1900 -1
33 1901 1
28 1901 -1
28 1902 1
33 1902 -1
28 1903 1
33 1903 -1
28 1904 1
34 1904 -1
34 1905 1
28 1905 -1
34 1906 1
28 1906 -1
28 1907 1
35 1907 -1
28 1908 1
35 1908 -1
28 1909 1
35 1909 -1
28 1910 1
36 1910 -1
28 1911 1
36 1911 -1
37 1912 1
28 1912 -1
28 1913 1
37 1913 -1
28 1914 1
38 1914 -1
38 1915 1
28 1915 -1
38 1916 1
28 1916 -1
28 1917 1
38 1917 -1
39 1918 1
28 1918 -1
28 1919 1
39 1919 -1
39 1920 1
28 1920 -1
40 1921 1
28 1921 -1
28 1922 1
41 1922 -1
28 1923 1
41 1923 -1
41 1924 1
28 1924 -1
41 1925 1
28 1925 -1
29 1926 1
30 1926 -1
30 1927 1
29 1927 -1
31 1928 1
29 1928 -1
29 1929 1
32 1929 -1
32 1930 1
29 1930 -1
32 1931 1
29 1931 -1
29 1932 1
32 1932 -1
29 1933 1
33 1933 -1
29 1934 1
34 1934 -1
34 1935 1
29 1935 -1
29 1936 1
34 1936 -1
29 1937 1
34 1937 -1
35 1938 1
29 1938 -1
36 1939 1
29 1939 -1
36 1940 1
29 1940 -1
37 1941 1
29 1941 -1
29 1942 1
37 1942 -1
29 1943 1
37 1943 -1
38 1944 1
29 1944 -1
39 1945 1
29 1945 -1
39 1946 1
29 1946 -1
39 1947 1
29 1947 -1
29 1948 1
40 1948 -1
29 1949 1
40 1949 -1
40 1950 1
29 1950 -1
41 1951 1
29 1951 -1
30 1952 1
31 1952 -1
31 1953 1
30 1953 -1
31 1954 1
30 1954 -1
30 1955 1
32 1955 -1
30 1956 1
32 1956 -1
32 1957 1
30 1957 -1
33 1958 1
30 1958 -1
30 1959 1
34 1959 -1
30 1960 1
34 1960 -1
30 1961 1
34 1961 -1
30 1962 1
34 1962 -1
30 1963 1
35 1963 -1
35 1964 1
30 1964 -1
35 1965 1
30 1965 -1
35 1966 1
30 1966 -1
30 1967 1
36 1967 -1
36 1968 1
30 1968 -1
30 1969 1
36 1969 -1
30 1970 1
37 1970 -1
38 1971 1
30 1971 -1
38 1972 1
30 1972 -1
30 1973 1
38 1973 -1
39 1974 1
30 1974 -1
39 1975 1
30 1975 -1
40 1976 1
30 1976 -1
30 1977 1
40 1977 -1
30 1978 1
40 1978 -1
40 1979 1
30 1979 -1
41 1980 1
30 1980 -1
32 1981 1
31 1981 -1
31 1982 1
32 1982 -1
31 1983 1
32 1983 -1
33 1984 1
31 1984 -1
31 1985 1
33 1985 -1
31 1986 1
34 1986 -1
31 1987 1
34 1987 -1
31 1988 1
34 1988 -1
31 1989 1
35 1989 -1
35 1990 1
31 1990 -1
36 1991 1
31 1991 -1
37 1992 1
31 1992 -1
31 1993 1
37 1993 -1
37 1994 1
31 1994 -1
37 1995 1
31 1995 -1
38 1996 1
31 1996 -1
38 1997 1
31 1997 -1
31 1998 1
38 1998 -1
38 1999 1
31 1999 -1
39 2000 1
31 2000 -1
31 2001 1
40 2001 -1
31 2002 1
40 2002 -1
31 2003 1
40 2003 -1
31 2004 1
40 2004 -1
41 2005 1
31 2005 -1
41 2006 1
31 2006 -1
33 2007 1
32 2007 -1
32 2008 1
33 2008 -1
34 2009 1
32 2009 -1
32 2010 1
35 2010 -1
32 2011 1
35 2011 -1
32 2012 1
35 2012 -1
32 2013 1
35 2013 -1
36 2014 1
32 2014 -1
36 2015 1
32 2015 -1
37 2016 1
32 2016 -1
32 2017 1
37 2017 -1
37 2018 1
32 2018 -1
32 2019 1
37 2019 -1
38 2020 1
32 2020 -1
38 2021 1
32 2021 -1
32 2022 1
38 2022 -1
39 2023 1
32 2023 -1
39 2024 1
32 2024 -1
32 2025 1
39 2025 -1
40 2026 1
32 2026 -1
32 2027 1
40 2027 -1
32 2028 1
40 2028 -1
41 2029 1
32 2029 -1
32 2030 1
41 2030 -1
33 2031 1
34 2031 -1
34 2032 1
33 2032 -1
34 2033 1
33 2033 -1
35 2034 1
33 2034 -1
33 2035 1
36 2035 -1
33 2036 1
36 2036 -1
36 2037 1
33 2037 -1
33 2038 1
36 2038 -1
37 2039 1
33 2039 -1
37 2040 1
33 2040 -1
37 2041 1
33 2041 -1
33 2042 1
37 2042 -1
38 2043 1
33 2043 -1
33 2044 1
38 2044 -1
39 2045 1
33 2045 -1
39 2046 1
33 2046 -1
33 2047 1
40 2047 -1
33 2048 1
40 2048 -1
33 2049 1
40 2049 -1
33 2050 1
41 2050 -1
33 2051 1
41 2051 -1
41 2052 1
33 2052 -1
41 2053 1
33 2053 -1
34 2054 1
35 2054 -1
35 2055 1
34 2055 -1
35 2056 1
34 2056 -1
34 2057 1
36 2057 -1
36 2058 1
34 2058 -1
37 2059 1
34 2059 -1
37 2060 1
34 2060 -1
37 2061 1
34 2061 -1
34 2062 1
37 2062 -1
34 2063 1
38 2063 -1
38 2064 1
34 2064 -1
39 2065 1
34 2065 -1
39 2066 1
34 2066 -1
39 2067 1
34 2067 -1
34 2068 1
39 2068 -1
34 2069 1
40 2069 -1
41 2070 1
34 2070 -1
41 2071 1
34 2071 -1
34 2072 1
41 2072 -1
41 2073 1
34 2073 -1
35 2074 1
36 2074 -1
36 2075 1
35 2075 -1
36 2076 1
35 2076 -1
35 2077 1
36 2077 -1
35 2078 1
37 2078 -1
35 2079 1
37 2079 -1
37 2080 1
35 2080 -1
35 2081 1
38 2081 -1
35 2082 1
38 2082 -1
35 2083 1
38 2083 -1
38 2084 1
35 2084 -1
35 2085 1
39 2085 -1
35 2086 1
39 2086 -1
35 2087 1
39 2087 -1
40 2088 1
35 2088 -1
40 2089 1
35 2089 -1
41 2090 1
35 2090 -1
41 2091 1
35 2091 -1
35 2092 1
41 2092 -1
36 2093 1
37 2093 -1
36 2094 1
37 2094 -1
36 2095 1
38 2095 -1
36 2096 1
38 2096 -1
38 2097 1
36 2097 -1
36 2098 1
39 2098 -1
36 2099 1
39 2099 -1
39 2100 1
36 2100 -1
36 2101 1
39 2101 -1
36 2102 1
40 2102 -1
36 2103 1
40 2103 -1
36 2104 1
40 2104 -1
41 2105 1
36 2105 -1
41 2106 1
36 2106 -1
41 2107 1
36 2107 -1
38 2108 1
37 2108 -1
37 2109 1
38 2109 -1
39 2110 1
37 2110 -1
37 2111 1
39 2111 -1
37 2112 1
39 2112 -1
37 2113 1
39 2113 -1
37 2114 1
40 2114 -1
41 2115 1
37 2115 -1
37 2116 1
41 2116 -1
41 2117 1
37 2117 -1
37 2118 1
41 2118 -1
38 2119 1
39 2119 -1
38 2120 1
39 2120 -1
40 2121 1
38 2121 -1
41 2122 1
38 2122 -1
41 2123 1
38 2123 -1
38 2124 1
41 2124 -1
41 2125 1
38 2125 -1
39 2126 1
40 2126 -1
39 2127 1
40 2127 -1
40 2128 1
39 2128 -1
41 2129 1
39 2129 -1
41 2130 1
39 2130 -1
39 2131 1
41 2131 -1
41 2132 1
39 2132 -1
41 2133 1
40 2133 -1
41 2134 1
40 2134 -1
40 2135 1
41 2135 -1
40 2136 1
41 2136 -1
