2 1 1
1 1 -1
1 2 1
3 2 -1
3 3 1
1 3 -1
3 4 1
1 4 -1
4 5 1
1 5 -1
4 6 1
1 6 -1
4 7 1
1 7 -1
4 8 1
1 8 -1
5 9 1
1 9 -1
1 10 1
5 10 -1
6 11 1
1 11 -1
1 12 1
7 12 -1
7 13 1
1 13 -1
1 14 1
7 14 -1
8 15 1
1 15 -1
1 16 1
8 16 -1
1 17 1
8 17 -1
1 18 1
9 18 -1
1 19 1
9 19 -1
1 20 1
10 20 -1
1 21 1
11 21 -1
11 22 1
1 22 -1
1 23 1
11 23 -1
11 24 1
1 24 -1
12 25 1
1 25 -1
1 26 1
12 26 -1
1 27 1
12 27 -1
1 28 1
12 28 -1
1 29 1
13 29 -1
13 30 1
1 30 -1
13 31 1
1 31 -1
1 32 1
13 32 -1
14 33 1
1 33 -1
1 34 1
15 34 -1
16 35 1
1 35 -1
1 36 1
17 36 -1
1 37 1
17 37 -1
1 38 1
18 38 -1
19 39 1
1 39 -1
1 40 1
19 40 -1
19 41 1
1 41 -1
20 42 1
1 42 -1
1 43 1
21 43 -1
21 44 1
1 44 -1
1 45 1
22 45 -1
22 46 1
1 46 -1
1 47 1
22 47 -1
1 48 1
23 48 -1
1 49 1
23 49 -1
23 50 1
1 50 -1
24 51 1
1 51 -1
24 52 1
1 52 -1
25 53 1
1 53 -1
1 54 1
25 54 -1
25 55 1
1 55 -1
25 56 1
1 56 -1
26 57 1
1 57 -1
1 58 1
26 58 -1
1 59 1
27 59 -1
27 60 1
1 60 -1
1 61 1
27 61 -1
1 62 1
28 62 -1
1 63 1
28 63 -1
1 64 1
29 64 -1
29 65 1
1 65 -1
30 66 1
1 66 -1
30 67 1
1 67 -1
1 68 1
30 68 -1
30 69 1
1 69 -1
31 70 1
1 70 -1
31 71 1
1 71 -1
31 72 1
1 72 -1
31 73 1
1 73 -1
1 74 1
32 74 -1
1 75 1
32 75 -1
32 76 1
1 76 -1
1 77 1
32 77 -1
1 78 1
33 78 -1
1 79 1
33 79 -1
34 80 1
1 80 -1
1 81 1
35 81 -1
35 82 1
1 82 -1
1 83 1
36 83 -1
1 84 1
36 84 -1
36 85 1
1 85 -1
36 86 1
1 86 -1
1 87 1
37 87 -1
1 88 1
38 88 -1
1 89 1
39 89 -1
40 90 1
1 90 -1
1 91 1
40 91 -1
1 92 1
41 92 -1
2 93 1
3 93 -1
2 94 1
4 94 -1
2 95 1
4 95 -1
2 96 1
5 96 -1
5 97 1
2 97 -1
5 98 1
2 98 -1
2 99 1
5 99 -1
6 100 1
2 100 -1
2 101 1
6 101 -1
2 102 1
6 102 -1
6 103 1
2 103 -1
7 104 1
2 104 -1
2 105 1
7 105 -1
7 106 1
2 106 -1
2 107 1
7 107 -1
8 108 1
2 108 -1
8 109 1
2 109 -1
8 110 1
2 110 -1
9 111 1
2 111 -1
2 112 1
9 112 -1
10 113 1
2 113 -1
11 114 1
2 114 -1
2 115 1
11 115 -1
2 116 1
11 116 -1
12 117 1
2 117 -1
12 118 1
2 118 -1
2 119 1
13 119 -1
14 120 1
2 120 -1
14 121 1
2 121 -1
14 122 1
2 122 -1
15 123 1
2 123 -1
2 124 1
15 124 -1
16 125 1
2 125 -1
2 126 1
17 126 -1
2 127 1
17 127 -1
2 128 1
18 128 -1
18 129 1
2 129 -1
2 130 1
18 130 -1
19 131 1
2 131 -1
19 132 1
2 132 -1
19 133 1
2 133 -1
2 134 1
20 134 -1
20 135 1
2 135 -1
2 136 1
20 136 -1
2 137 1
21 137 -1
21 138 1
2 138 -1
22 139 1
2 139 -1
23 140 1
2 140 -1
23 141 1
2 141 -1
23 142 1
2 142 -1
2 143 1
24 143 -1
25 144 1
2 144 -1
25 145 1
2 145 -1
2 146 1
25 146 -1
26 147 1
2 147 -1
2 148 1
26 148 -1
27 149 1
2 149 -1
28 150 1
2 150 -1
28 151 1
2 151 -1
2 152 1
28 152 -1
28 153 1
2 153 -1
2 154 1
29 154 -1
29 155 1
2 155 -1
2 156 1
29 156 -1
30 157 1
2 157 -1
2 158 1
30 158 -1
31 159 1
2 159 -1
2 160 1
32 160 -1
32 161 1
2 161 -1
2 162 1
33 162 -1
2 163 1
33 163 -1
2 164 1
34 164 -1
2 165 1
34 165 -1
2 166 1
35 166 -1
35 167 1
2 167 -1
2 168 1
35 168 -1
2 169 1
35 169 -1
2 170 1
36 170 -1
2 171 1
36 171 -1
2 172 1
36 172 -1
2 173 1
37 173 -1
2 174 1
37 174 -1
38 175 1
2 175 -1
38 176 1
2 176 -1
38 177 1
2 177 -1
2 178 1
39 178 -1
2 179 1
39 179 -1
39 180 1
2 180 -1
2 181 1
40 181 -1
40 182 1
2 182 -1
41 183 1
2 183 -1
41 184 1
2 184 -1
41 185 1
2 185 -1
3 186 1
4 186 -1
3 187 1
4 187 -1
3 188 1
4 188 -1
4 189 1
3 189 -1
5 190 1
3 190 -1
5 191 1
3 191 -1
3 192 1
5 192 -1
3 193 1
5 193 -1
6 194 1
3 194 -1
3 195 1
6 195 -1
6 196 1
3 196 -1
3 197 1
6 197 -1
3 198 1
7 198 -1
3 199 1
7 199 -1
3 200 1
8 200 -1
3 201 1
8 201 -1
3 202 1
8 202 -1
9 203 1
3 203 -1
3 204 1
9 204 -1
9 205 1
3 205 -1
9 206 1
3 206 -1
10 207 1
3 207 -1
3 208 1
10 208 -1
3 209 1
10 209 -1
11 210 1
3 210 -1
12 211 1
3 211 -1
12 212 1
3 212 -1
3 213 1
13 213 -1
3 214 1
13 214 -1
3 215 1
14 215 -1
3 216 1
14 216 -1
15 217 1
3 217 -1
3 218 1
15 218 -1
16 219 1
3 219 -1
16 220 1
3 220 -1
3 221 1
16 221 -1
3 222 1
17 222 -1
3 223 1
17 223 -1
3 224 1
17 224 -1
18 225 1
3 225 -1
3 226 1
19 226 -1
3 227 1
20 227 -1
3 228 1
20 228 -1
3 229 1
20 229 -1
20 230 1
3 230 -1
21 231 1
3 231 -1
21 232 1
3 232 -1
21 233 1
3 233 -1
3 234 1
22 234 -1
22 235 1
3 235 -1
23 236 1
3 236 -1
3 237 1
23 237 -1
3 238 1
24 238 -1
3 239 1
24 239 -1
3 240 1
24 240 -1
3 241 1
25 241 -1
3 242 1
26 242 -1
26 243 1
3 243 -1
27 244 1
3 244 -1
3 245 1
27 245 -1
28 246 1
3 246 -1
29 247 1
3 247 -1
3 248 1
29 248 -1
29 249 1
3 249 -1
29 250 1
3 250 -1
3 251 1
30 251 -1
3 252 1
30 252 -1
3 253 1
30 253 -1
30 254 1
3 254 -1
31 255 1
3 255 -1
31 256 1
3 256 -1
32 257 1
3 257 -1
32 258 1
3 258 -1
32 259 1
3 259 -1
3 260 1
32 260 -1
33 261 1
3 261 -1
3 262 1
33 262 -1
34 263 1
3 263 -1
35 264 1
3 264 -1
3 265 1
35 265 -1
3 266 1
36 266 -1
36 267 1
3 267 -1
3 268 1
36 268 -1
36 269 1
3 269 -1
37 270 1
3 270 -1
3 271 1
37 271 -1
38 272 1
3 272 -1
38 273 1
3 273 -1
3 274 1
39 274 -1
39 275 1
3 275 -1
39 276 1
3 276 -1
3 277 1
40 277 -1
40 278 1
3 278 -1
41 279 1
3 279 -1
5 280 1
4 280 -1
4 281 1
5 281 -1
5 282 1
4 282 -1
4 283 1
6 283 -1
4 284 1
6 284 -1
4 285 1
6 285 -1
4 286 1
7 286 -1
4 287 1
7 287 -1
4 288 1
7 288 -1
4 289 1
7 289 -1
8 290 1
4 290 -1
4 291 1
8 291 -1
8 292 1
4 292 -1
4 293 1
8 293 -1
4 294 1
9 294 -1
10 295 1
4 295 -1
4 296 1
10 296 -1
10 297 1
4 297 -1
4 298 1
10 298 -1
4 299 1
11 299 -1
4 300 1
11 300 -1
11 301 1
4 301 -1
11 302 1
4 302 -1
12 303 1
4 303 -1
4 304 1
13 304 -1
14 305 1
4 305 -1
4 306 1
14 306 -1
14 307 1
4 307 -1
4 308 1
14 308 -1
4 309 1
15 309 -1
16 310 1
4 310 -1
4 311 1
17 311 -1
4 312 1
17 312 -1
17 313 1
4 313 -1
17 314 1
4 314 -1
4 315 1
18 315 -1
4 316 1
19 316 -1
4 317 1
19 317 -1
19 318 1
4 318 -1
4 319 1
20 319 -1
4 320 1
20 320 -1
21 321 1
4 321 -1
21 322 1
4 322 -1
21 323 1
4 323 -1
4 324 1
22 324 -1
22 325 1
4 325 -1
23 326 1
4 326 -1
4 327 1
24 327 -1
24 328 1
4 328 -1
25 329 1
4 329 -1
26 330 1
4 330 -1
26 331 1
4 331 -1
26 332 1
4 332 -1
4 333 1
26 333 -1
27 334 1
4 334 -1
28 335 1
4 335 -1
4 336 1
29 336 -1
4 337 1
29 337 -1
4 338 1
29 338 -1
4 339 1
30 339 -1
30 340 1
4 340 -1
4 341 1
31 341 -1
4 342 1
32 342 -1
33 343 1
4 343 -1
4 344 1
33 344 -1
4 345 1
33 345 -1
33 346 1
4 346 -1
34 347 1
4 347 -1
4 348 1
35 348 -1
35 349 1
4 349 -1
35 350 1
4 350 -1
36 351 1
4 351 -1
37 352 1
4 352 -1
4 353 1
37 353 -1
38 354 1
4 354 -1
38 355 1
4 355 -1
4 356 1
38 356 -1
4 357 1
38 357 -1
39 358 1
4 358 -1
4 359 1
39 359 -1
40 360 1
4 360 -1
4 361 1
40 361 -1
4 362 1
40 362 -1
4 363 1
41 363 -1
41 364 1
4 364 -1
5 365 1
6 365 -1
5 366 1
6 366 -1
5 367 1
6 367 -1
5 368 1
6 368 -1
7 369 1
5 369 -1
7 370 1
5 370 -1
7 371 1
5 371 -1
8 372 1
5 372 -1
5 373 1
8 373 -1
8 374 1
5 374 -1
8 375 1
5 375 -1
5 376 1
9 376 -1
5 377 1
10 377 -1
11 378 1
5 378 -1
11 379 1
5 379 -1
11 380 1
5 380 -1
5 381 1
12 381 -1
12 382 1
5 382 -1
5 383 1
12 383 -1
12 384 1
5 384 -1
5 385 1
13 385 -1
13 386 1
5 386 -1
13 387 1
5 387 -1
5 388 1
14 388 -1
14 389 1
5 389 -1
5 390 1
15 390 -1
5 391 1
15 391 -1
5 392 1
15 392 -1
5 393 1
16 393 -1
5 394 1
16 394 -1
5 395 1
17 395 -1
5 396 1
17 396 -1
5 397 1
18 397 -1
5 398 1
18 398 -1
5 399 1
18 399 -1
19 400 1
5 400 -1
5 401 1
19 401 -1
19 402 1
5 402 -1
20 403 1
5 403 -1
21 404 1
5 404 -1
5 405 1
21 405 -1
5 406 1
22 406 -1
22 407 1
5 407 -1
5 408 1
23 408 -1
5 409 1
24 409 -1
5 410 1
24 410 -1
25 411 1
5 411 -1
5 412 1
25 412 -1
5 413 1
25 413 -1
25 414 1
5 414 -1
26 415 1
5 415 -1
26 416 1
5 416 -1
5 417 1
26 417 -1
26 418 1
5 418 -1
27 419 1
5 419 -1
5 420 1
27 420 -1
27 421 1
5 421 -1
5 422 1
28 422 -1
5 423 1
29 423 -1
30 424 1
5 424 -1
5 425 1
30 425 -1
5 426 1
30 426 -1
5 427 1
31 427 -1
5 428 1
31 428 -1
31 429 1
5 429 -1
31 430 1
5 430 -1
5 431 1
32 431 -1
33 432 1
5 432 -1
5 433 1
33 433 -1
5 434 1
34 434 -1
34 435 1
5 435 -1
5 436 1
35 436 -1
36 437 1
5 437 -1
36 438 1
5 438 -1
5 439 1
37 439 -1
37 440 1
5 440 -1
5 441 1
38 441 -1
5 442 1
38 442 -1
38 443 1
5 443 -1
5 444 1
39 444 -1
5 445 1
39 445 -1
39 446 1
5 446 -1
39 447 1
5 447 -1
5 448 1
40 448 -1
40 449 1
5 449 -1
5 450 1
41 450 -1
5 451 1
41 451 -1
41 452 1
5 452 -1
7 453 1
6 453 -1
6 454 1
7 454 -1
6 455 1
7 455 -1
6 456 1
8 456 -1
8 457 1
6 457 -1
9 458 1
6 458 -1
9 459 1
6 459 -1
6 460 1
9 460 -1
6 461 1
9 461 -1
10 462 1
6 462 -1
6 463 1
10 463 -1
6 464 1
10 464 -1
11 465 1
6 465 -1
6 466 1
11 466 -1
12 467 1
6 467 -1
12 468 1
6 468 -1
12 469 1
6 469 -1
13 470 1
6 470 -1
6 471 1
13 471 -1
6 472 1
13 472 -1
6 473 1
13 473 -1
14 474 1
6 474 -1
14 475 1
6 475 -1
15 476 1
6 476 -1
15 477 1
6 477 -1
15 478 1
6 478 -1
6 479 1
16 479 -1
16 480 1
6 480 -1
6 481 1
16 481 -1
6 482 1
17 482 -1
17 483 1
6 483 -1
17 484 1
6 484 -1
6 485 1
17 485 -1
6 486 1
18 486 -1
6 487 1
18 487 -1
18 488 1
6 488 -1
18 489 1
6 489 -1
19 490 1
6 490 -1
19 491 1
6 491 -1
6 492 1
20 492 -1
20 493 1
6 493 -1
6 494 1
21 494 -1
6 495 1
22 495 -1
6 496 1
22 496 -1
6 497 1
23 497 -1
23 498 1
6 498 -1
6 499 1
23 499 -1
24 500 1
6 500 -1
6 501 1
24 501 -1
24 502 1
6 502 -1
25 503 1
6 503 -1
6 504 1
25 504 -1
6 505 1
26 505 -1
26 506 1
6 506 -1
6 507 1
26 507 -1
6 508 1
27 508 -1
6 509 1
27 509 -1
6 510 1
27 510 -1
27 511 1
6 511 -1
6 512 1
28 512 -1
28 513 1
6 513 -1
29 514 1
6 514 -1
29 515 1
6 515 -1
29 516 1
6 516 -1
6 517 1
29 517 -1
6 518 1
30 518 -1
6 519 1
30 519 -1
31 520 1
6 520 -1
6 521 1
31 521 -1
6 522 1
31 522 -1
6 523 1
32 523 -1
6 524 1
32 524 -1
32 525 1
6 525 -1
6 526 1
32 526 -1
33 527 1
6 527 -1
6 528 1
33 528 -1
34 529 1
6 529 -1
6 530 1
34 530 -1
6 531 1
35 531 -1
6 532 1
35 532 -1
36 533 1
6 533 -1
6 534 1
36 534 -1
6 535 1
36 535 -1
6 536 1
37 536 -1
6 537 1
38 537 -1
38 538 1
6 538 -1
6 539 1
39 539 -1
39 540 1
6 540 -1
39 541 1
6 541 -1
39 542 1
6 542 -1
40 543 1
6 543 -1
41 544 1
6 544 -1
41 545 1
6 545 -1
41 546 1
6 546 -1
6 547 1
41 547 -1
8 548 1
7 548 -1
8 549 1
7 549 -1
7 550 1
8 550 -1
8 551 1
7 551 -1
7 552 1
9 552 -1
7 553 1
9 553 -1
9 554 1
7 554 -1
7 555 1
9 555 -1
10 556 1
7 556 -1
7 557 1
10 557 -1
10 558 1
7 558 -1
11 559 1
7 559 -1
12 560 1
7 560 -1
7 561 1
13 561 -1
13 562 1
7 562 -1
7 563 1
13 563 -1
14 564 1
7 564 -1
7 565 1
14 565 -1
15 566 1
7 566 -1
7 567 1
15 567 -1
15 568 1
7 568 -1
15 569 1
7 569 -1
7 570 1
16 570 -1
17 571 1
7 571 -1
7 572 1
17 572 -1
17 573 1
7 573 -1
7 574 1
17 574 -1
18 575 1
7 575 -1
18 576 1
7 576 -1
19 577 1
7 577 -1
19 578 1
7 578 -1
7 579 1
19 579 -1
7 580 1
20 580 -1
20 581 1
7 581 -1
7 582 1
20 582 -1
20 583 1
7 583 -1
21 584 1
7 584 -1
7 585 1
22 585 -1
22 586 1
7 586 -1
7 587 1
22 587 -1
7 588 1
22 588 -1
7 589 1
23 589 -1
7 590 1
23 590 -1
7 591 1
24 591 -1
7 592 1
24 592 -1
7 593 1
24 593 -1
25 594 1
7 594 -1
25 595 1
7 595 -1
26 596 1
7 596 -1
27 597 1
7 597 -1
27 598 1
7 598 -1
28 599 1
7 599 -1
28 600 1
7 600 -1
7 601 1
28 601 -1
7 602 1
28 602 -1
7 603 1
29 603 -1
7 604 1
29 604 -1
29 605 1
7 605 -1
7 606 1
29 606 -1
7 607 1
30 607 -1
30 608 1
7 608 -1
7 609 1
31 609 -1
32 610 1
7 610 -1
7 611 1
32 611 -1
7 612 1
33 612 -1
33 613 1
7 613 -1
7 614 1
33 614 -1
7 615 1
33 615 -1
34 616 1
7 616 -1
7 617 1
35 617 -1
7 618 1
35 618 -1
36 619 1
7 619 -1
36 620 1
7 620 -1
37 621 1
7 621 -1
37 622 1
7 622 -1
37 623 1
7 623 -1
37 624 1
7 624 -1
38 625 1
7 625 -1
38 626 1
7 626 -1
38 627 1
7 627 -1
38 628 1
7 628 -1
39 629 1
7 629 -1
7 630 1
40 630 -1
40 631 1
7 631 -1
40 632 1
7 632 -1
7 633 1
41 633 -1
9 634 1
8 634 -1
8 635 1
10 635 -1
10 636 1
8 636 -1
10 637 1
8 637 -1
10 638 1
8 638 -1
8 639 1
11 639 -1
12 640 1
8 640 -1
8 641 1
13 641 -1
14 642 1
8 642 -1
8 643 1
14 643 -1
14 644 1
8 644 -1
8 645 1
15 645 -1
8 646 1
15 646 -1
16 647 1
8 647 -1
8 648 1
17 648 -1
17 649 1
8 649 -1
8 650 1
18 650 -1
8 651 1
18 651 -1
18 652 1
8 652 -1
8 653 1
18 653 -1
19 654 1
8 654 -1
20 655 1
8 655 -1
20 656 1
8 656 -1
8 657 1
20 657 -1
8 658 1
21 658 -1
8 659 1
21 659 -1
8 660 1
22 660 -1
8 661 1
22 661 -1
22 662 1
8 662 -1
23 663 1
8 663 -1
23 664 1
8 664 -1
23 665 1
8 665 -1
24 666 1
8 666 -1
8 667 1
24 667 -1
25 668 1
8 668 -1
8 669 1
25 669 -1
26 670 1
8 670 -1
26 671 1
8 671 -1
26 672 1
8 672 -1
26 673 1
8 673 -1
8 674 1
27 674 -1
8 675 1
28 675 -1
29 676 1
8 676 -1
29 677 1
8 677 -1
8 678 1
30 678 -1
8 679 1
30 679 -1
8 680 1
30 680 -1
8 681 1
30 681 -1
8 682 1
31 682 -1
8 683 1
31 683 -1
31 684 1
8 684 -1
8 685 1
32 685 -1
32 686 1
8 686 -1
8 687 1
32 687 -1
8 688 1
33 688 -1
33 689 1
8 689 -1
8 690 1
34 690 -1
8 691 1
34 691 -1
35 692 1
8 692 -1
8 693 1
35 693 -1
36 694 1
8 694 -1
8 695 1
36 695 -1
37 696 1
8 696 -1
38 697 1
8 697 -1
38 698 1
8 698 -1
8 699 1
38 699 -1
39 700 1
8 700 -1
8 701 1
39 701 -1
39 702 1
8 702 -1
8 703 1
40 703 -1
8 704 1
40 704 -1
8 705 1
40 705 -1
41 706 1
8 706 -1
8 707 1
41 707 -1
41 708 1
8 708 -1
8 709 1
41 709 -1
9 710 1
10 710 -1
9 711 1
11 711 -1
11 712 1
9 712 -1
9 713 1
11 713 -1
11 714 1
9 714 -1
12 715 1
9 715 -1
12 716 1
9 716 -1
9 717 1
12 717 -1
9 718 1
13 718 -1
9 719 1
14 719 -1
9 720 1
14 720 -1
9 721 1
14 721 -1
14 722 1
9 722 -1
9 723 1
15 723 -1
15 724 1
9 724 -1
16 725 1
9 725 -1
16 726 1
9 726 -1
16 727 1
9 727 -1
9 728 1
16 728 -1
17 729 1
9 729 -1
9 730 1
18 730 -1
19 731 1
9 731 -1
19 732 1
9 732 -1
19 733 1
9 733 -1
9 734 1
19 734 -1
20 735 1
9 735 -1
9 736 1
20 736 -1
21 737 1
9 737 -1
9 738 1
21 738 -1
21 739 1
9 739 -1
9 740 1
22 740 -1
22 741 1
9 741 -1
9 742 1
22 742 -1
9 743 1
22 743 -1
23 744 1
9 744 -1
9 745 1
23 745 -1
23 746 1
9 746 -1
23 747 1
9 747 -1
24 748 1
9 748 -1
24 749 1
9 749 -1
25 750 1
9 750 -1
25 751 1
9 751 -1
25 752 1
9 752 -1
9 753 1
26 753 -1
9 754 1
26 754 -1
9 755 1
26 755 -1
26 756 1
9 756 -1
27 757 1
9 757 -1
9 758 1
28 758 -1
28 759 1
9 759 -1
9 760 1
28 760 -1
28 761 1
9 761 -1
9 762 1
29 762 -1
29 763 1
9 763 -1
9 764 1
29 764 -1
9 765 1
29 765 -1
30 766 1
9 766 -1
30 767 1
9 767 -1
31 768 1
9 768 -1
9 769 1
31 769 -1
9 770 1
32 770 -1
32 771 1
9 771 -1
32 772 1
9 772 -1
33 773 1
9 773 -1
9 774 1
33 774 -1
9 775 1
33 775 -1
33 776 1
9 776 -1
34 777 1
9 777 -1
9 778 1
34 778 -1
9 779 1
35 779 -1
9 780 1
36 780 -1
37 781 1
9 781 -1
9 782 1
38 782 -1
38 783 1
9 783 -1
9 784 1
38 784 -1
38 785 1
9 785 -1
39 786 1
9 786 -1
40 787 1
9 787 -1
41 788 1
9 788 -1
10 789 1
11 789 -1
10 790 1
11 790 -1
11 791 1
10 791 -1
10 792 1
11 792 -1
12 793 1
10 793 -1
12 794 1
10 794 -1
10 795 1
12 795 -1
10 796 1
12 796 -1
10 797 1
13 797 -1
14 798 1
10 798 -1
10 799 1
14 799 -1
10 800 1
14 800 -1
10 801 1
14 801 -1
15 802 1
10 802 -1
15 803 1
10 803 -1
15 804 1
10 804 -1
15 805 1
10 805 -1
16 806 1
10 806 -1
16 807 1
10 807 -1
16 808 1
10 808 -1
10 809 1
16 809 -1
17 810 1
10 810 -1
10 811 1
17 811 -1
18 812 1
10 812 -1
10 813 1
18 813 -1
10 814 1
18 814 -1
18 815 1
10 815 -1
10 816 1
19 816 -1
10 817 1
19 817 -1
10 818 1
20 818 -1
10 819 1
20 819 -1
10 820 1
20 820 -1
21 821 1
10 821 -1
21 822 1
10 822 -1
10 823 1
22 823 -1
23 824 1
10 824 -1
10 825 1
23 825 -1
24 826 1
10 826 -1
10 827 1
24 827 -1
25 828 1
10 828 -1
26 829 1
10 829 -1
10 830 1
27 830 -1
10 831 1
27 831 -1
27 832 1
10 832 -1
28 833 1
10 833 -1
29 834 1
10 834 -1
10 835 1
30 835 -1
31 836 1
10 836 -1
31 837 1
10 837 -1
10 838 1
32 838 -1
10 839 1
32 839 -1
10 840 1
32 840 -1
10 841 1
32 841 -1
10 842 1
33 842 -1
10 843 1
33 843 -1
10 844 1
34 844 -1
10 845 1
34 845 -1
10 846 1
34 846 -1
35 847 1
10 847 -1
35 848 1
10 848 -1
36 849 1
10 849 -1
10 850 1
36 850 -1
10 851 1
37 851 -1
10 852 1
37 852 -1
38 853 1
10 853 -1
10 854 1
38 854 -1
10 855 1
38 855 -1
10 856 1
38 856 -1
10 857 1
39 857 -1
39 858 1
10 858 -1
40 859 1
10 859 -1
40 860 1
10 860 -1
41 861 1
10 861 -1
41 862 1
10 862 -1
10 863 1
41 863 -1
41 864 1
10 864 -1
12 865 1
11 865 -1
11 866 1
12 866 -1
11 867 1
12 867 -1
11 868 1
12 868 -1
11 869 1
13 869 -1
11 870 1
13 870 -1
14 871 1
11 871 -1
14 872 1
11 872 -1
15 873 1
11 873 -1
15 874 1
11 874 -1
15 875 1
11 875 -1
11 876 1
16 876 -1
16 877 1
11 877 -1
11 878 1
16 878 -1
11 879 1
16 879 -1
11 880 1
17 880 -1
11 881 1
17 881 -1
17 882 1
11 882 -1
11 883 1
18 883 -1
18 884 1
11 884 -1
19 885 1
11 885 -1
11 886 1
19 886 -1
11 887 1
19 887 -1
11 888 1
19 888 -1
11 889 1
20 889 -1
20 890 1
11 890 -1
21 891 1
11 891 -1
11 892 1
22 892 -1
23 893 1
11 893 -1
23 894 1
11 894 -1
11 895 1
24 895 -1
24 896 1
11 896 -1
11 897 1
25 897 -1
25 898 1
11 898 -1
25 899 1
11 899 -1
25 900 1
11 900 -1
11 901 1
26 901 -1
11 902 1
27 902 -1
28 903 1
11 903 -1
28 904 1
11 904 -1
29 905 1
11 905 -1
11 906 1
29 906 -1
29 907 1
11 907 -1
11 908 1
29 908 -1
11 909 1
30 909 -1
11 910 1
30 910 -1
11 911 1
30 911 -1
11 912 1
31 912 -1
31 913 1
11 913 -1
11 914 1
31 914 -1
11 915 1
31 915 -1
32 916 1
11 916 -1
11 917 1
33 917 -1
11 918 1
33 918 -1
11 919 1
33 919 -1
33 920 1
11 920 -1
11 921 1
34 921 -1
11 922 1
35 922 -1
35 923 1
11 923 -1
11 924 1
35 924 -1
36 925 1
11 925 -1
11 926 1
36 926 -1
36 927 1
11 927 -1
11 928 1
36 928 -1
11 929 1
37 929 -1
38 930 1
11 930 -1
39 931 1
11 931 -1
11 932 1
40 932 -1
40 933 1
11 933 -1
40 934 1
11 934 -1
40 935 1
11 935 -1
11 936 1
41 936 -1
41 937 1
11 937 -1
13 938 1
12 938 -1
13 939 1
12 939 -1
14 940 1
12 940 -1
12 941 1
14 941 -1
12 942 1
14 942 -1
14 943 1
12 943 -1
15 944 1
12 944 -1
12 945 1
15 945 -1
15 946 1
12 946 -1
12 947 1
15 947 -1
12 948 1
16 948 -1
16 949 1
12 949 -1
17 950 1
12 950 -1
17 951 1
12 951 -1
12 952 1
17 952 -1
12 953 1
18 953 -1
12 954 1
18 954 -1
12 955 1
18 955 -1
12 956 1
18 956 -1
12 957 1
19 957 -1
19 958 1
12 958 -1
19 959 1
12 959 -1
19 960 1
12 960 -1
20 961 1
12 961 -1
12 962 1
21 962 -1
12 963 1
21 963 -1
21 964 1
12 964 -1
22 965 1
12 965 -1
22 966 1
12 966 -1
23 967 1
12 967 -1
23 968 1
12 968 -1
23 969 1
12 969 -1
12 970 1
23 970 -1
12 971 1
24 971 -1
24 972 1
12 972 -1
12 973 1
24 973 -1
24 974 1
12 974 -1
25 975 1
12 975 -1
12 976 1
25 976 -1
25 977 1
12 977 -1
25 978 1
12 978 -1
26 979 1
12 979 -1
12 980 1
26 980 -1
12 981 1
26 981 -1
27 982 1
12 982 -1
12 983 1
27 983 -1
12 984 1
27 984 -1
12 985 1
27 985 -1
12 986 1
28 986 -1
29 987 1
12 987 -1
12 988 1
30 988 -1
12 989 1
30 989 -1
30 990 1
12 990 -1
12 991 1
30 991 -1
12 992 1
31 992 -1
12 993 1
32 993 -1
12 994 1
32 994 -1
33 995 1
12 995 -1
33 996 1
12 996 -1
33 997 1
12 997 -1
34 998 1
12 998 -1
12 999 1
34 999 -1
12 1000 1
34 1000 -1
34 1001 1
12 1001 -1
35 1002 1
12 1002 -1
12 1003 1
35 1003 -1
12 1004 1
35 1004 -1
12 1005 1
35 1005 -1
12 1006 1
36 1006 -1
12 1007 1
36 1007 -1
12 1008 1
37 1008 -1
38 1009 1
12 1009 -1
38 1010 1
12 1010 -1
12 1011 1
38 1011 -1
38 1012 1
12 1012 -1
39 1013 1
12 1013 -1
12 1014 1
39 1014 -1
40 1015 1
12 1015 -1
40 1016 1
12 1016 -1
40 1017 1
12 1017 -1
41 1018 1
12 1018 -1
12 1019 1
41 1019 -1
41 1020 1
12 1020 -1
41 1021 1
12 1021 -1
14 1022 1
13 1022 -1
14 1023 1
13 1023 -1
13 1024 1
15 1024 -1
15 1025 1
13 1025 -1
15 1026 1
13 1026 -1
15 1027 1
13 1027 -1
13 1028 1
16 1028 -1
13 1029 1
17 1029 -1
13 1030 1
17 1030 -1
17 1031 1
13 1031 -1
18 1032 1
13 1032 -1
18 1033 1
13 1033 -1
13 1034 1
18 1034 -1
13 1035 1
19 1035 -1
19 1036 1
13 1036 -1
13 1037 1
19 1037 -1
13 1038 1
20 1038 -1
13 1039 1
20 1039 -1
13 1040 1
21 1040 -1
21 1041 1
13 1041 -1
22 1042 1
13 1042 -1
13 1043 1
23 1043 -1
24 1044 1
13 1044 -1
13 1045 1
24 1045 -1
13 1046 1
25 1046 -1
25 1047 1
13 1047 -1
13 1048 1
25 1048 -1
25 1049 1
13 1049 -1
13 1050 1
26 1050 -1
26 1051 1
13 1051 -1
26 1052 1
13 1052 -1
13 1053 1
26 1053 -1
27 1054 1
13 1054 -1
27 1055 1
13 1055 -1
13 1056 1
27 1056 -1
13 1057 1
27 1057 -1
28 1058 1
13 1058 -1
29 1059 1
13 1059 -1
29 1060 1
13 1060 -1
13 1061 1
30 1061 -1
13 1062 1
31 1062 -1
13 1063 1
31 1063 -1
31 1064 1
13 1064 -1
13 1065 1
31 1065 -1
32 1066 1
13 1066 -1
13 1067 1
32 1067 -1
32 1068 1
13 1068 -1
33 1069 1
13 1069 -1
13 1070 1
33 1070 -1
13 1071 1
33 1071 -1
13 1072 1
34 1072 -1
13 1073 1
35 1073 -1
35 1074 1
13 1074 -1
36 1075 1
13 1075 -1
13 1076 1
36 1076 -1
37 1077 1
13 1077 -1
13 1078 1
38 1078 -1
39 1079 1
13 1079 -1
13 1080 1
40 1080 -1
40 1081 1
13 1081 -1
40 1082 1
13 1082 -1
40 1083 1
13 1083 -1
13 1084 1
41 1084 -1
15 1085 1
14 1085 -1
16 1086 1
14 1086 -1
16 1087 1
14 1087 -1
17 1088 1
14 1088 -1
14 1089 1
17 1089 -1
14 1090 1
17 1090 -1
14 1091 1
17 1091 -1
18 1092 1
14 1092 -1
14 1093 1
18 1093 -1
18 1094 1
14 1094 -1
14 1095 1
19 1095 -1
19 1096 1
14 1096 -1
19 1097 1
14 1097 -1
14 1098 1
20 1098 -1
14 1099 1
20 1099 -1
14 1100 1
21 1100 -1
21 1101 1
14 1101 -1
14 1102 1
22 1102 -1
14 1103 1
22 1103 -1
14 1104 1
22 1104 -1
23 1105 1
14 1105 -1
14 1106 1
23 1106 -1
14 1107 1
23 1107 -1
14 1108 1
23 1108 -1
24 1109 1
14 1109 -1
24 1110 1
14 1110 -1
25 1111 1
14 1111 -1
14 1112 1
25 1112 -1
14 1113 1
26 1113 -1
14 1114 1
26 1114 -1
14 1115 1
26 1115 -1
27 1116 1
14 1116 -1
28 1117 1
14 1117 -1
28 1118 1
14 1118 -1
14 1119 1
28 1119 -1
29 1120 1
14 1120 -1
29 1121 1
14 1121 -1
14 1122 1
30 1122 -1
14 1123 1
30 1123 -1
14 1124 1
30 1124 -1
14 1125 1
31 1125 -1
14 1126 1
31 1126 -1
14 1127 1
32 1127 -1
32 1128 1
14 1128 -1
14 1129 1
33 1129 -1
14 1130 1
34 1130 -1
34 1131 1
14 1131 -1
14 1132 1
35 1132 -1
35 1133 1
14 1133 -1
14 1134 1
36 1134 -1
36 1135 1
14 1135 -1
36 1136 1
14 1136 -1
36 1137 1
14 1137 -1
14 1138 1
37 1138 -1
37 1139 1
14 1139 -1
14 1140 1
38 1140 -1
14 1141 1
38 1141 -1
14 1142 1
38 1142 -1
14 1143 1
38 1143 -1
14 1144 1
39 1144 -1
40 1145 1
14 1145 -1
40 1146 1
14 1146 -1
41 1147 1
14 1147 -1
41 1148 1
14 1148 -1
14 1149 1
41 1149 -1
41 1150 1
14 1150 -1
16 1151 1
15 1151 -1
15 1152 1
16 1152 -1
17 1153 1
15 1153 -1
15 1154 1
17 1154 -1
17 1155 1
15 1155 -1
17 1156 1
15 1156 -1
15 1157 1
18 1157 -1
18 1158 1
15 1158 -1
19 1159 1
15 1159 -1
19 1160 1
15 1160 -1
15 1161 1
19 1161 -1
20 1162 1
15 1162 -1
15 1163 1
20 1163 -1
20 1164 1
15 1164 -1
15 1165 1
21 1165 -1
15 1166 1
21 1166 -1
15 1167 1
21 1167 -1
21 1168 1
15 1168 -1
15 1169 1
22 1169 -1
22 1170 1
15 1170 -1
22 1171 1
15 1171 -1
23 1172 1
15 1172 -1
15 1173 1
23 1173 -1
15 1174 1
23 1174 -1
23 1175 1
15 1175 -1
15 1176 1
24 1176 -1
15 1177 1
24 1177 -1
24 1178 1
15 1178 -1
25 1179 1
15 1179 -1
25 1180 1
15 1180 -1
26 1181 1
15 1181 -1
26 1182 1
15 1182 -1
15 1183 1
26 1183 -1
15 1184 1
27 1184 -1
15 1185 1
27 1185 -1
15 1186 1
27 1186 -1
28 1187 1
15 1187 -1
15 1188 1
28 1188 -1
15 1189 1
28 1189 -1
29 1190 1
15 1190 -1
15 1191 1
30 1191 -1
15 1192 1
30 1192 -1
15 1193 1
30 1193 -1
30 1194 1
15 1194 -1
15 1195 1
31 1195 -1
31 1196 1
15 1196 -1
15 1197 1
32 1197 -1
15 1198 1
32 1198 -1
15 1199 1
32 1199 -1
15 1200 1
32 1200 -1
33 1201 1
15 1201 -1
34 1202 1
15 1202 -1
15 1203 1
35 1203 -1
15 1204 1
35 1204 -1
35 1205 1
15 1205 -1
35 1206 1
15 1206 -1
15 1207 1
36 1207 -1
36 1208 1
15 1208 -1
36 1209 1
15 1209 -1
15 1210 1
36 1210 -1
15 1211 1
37 1211 -1
37 1212 1
15 1212 -1
37 1213 1
15 1213 -1
15 1214 1
38 1214 -1
39 1215 1
15 1215 -1
15 1216 1
39 1216 -1
15 1217 1
40 1217 -1
15 1218 1
40 1218 -1
41 1219 1
15 1219 -1
41 1220 1
15 1220 -1
15 1221 1
41 1221 -1
16 1222 1
17 1222 -1
16 1223 1
17 1223 -1
16 1224 1
18 1224 -1
18 1225 1
16 1225 -1
19 1226 1
16 1226 -1
19 1227 1
16 1227 -1
19 1228 1
16 1228 -1
16 1229 1
20 1229 -1
16 1230 1
20 1230 -1
16 1231 1
20 1231 -1
21 1232 1
16 1232 -1
16 1233 1
21 1233 -1
16 1234 1
22 1234 -1
16 1235 1
23 1235 -1
23 1236 1
16 1236 -1
24 1237 1
16 1237 -1
16 1238 1
24 1238 -1
24 1239 1
16 1239 -1
16 1240 1
24 1240 -1
25 1241 1
16 1241 -1
16 1242 1
25 1242 -1
25 1243 1
16 1243 -1
26 1244 1
16 1244 -1
16 1245 1
26 1245 -1
16 1246 1
27 1246 -1
28 1247 1
16 1247 -1
28 1248 1
16 1248 -1
28 1249 1
16 1249 -1
16 1250 1
29 1250 -1
29 1251 1
16 1251 -1
16 1252 1
29 1252 -1
30 1253 1
16 1253 -1
16 1254 1
30 1254 -1
16 1255 1
30 1255 -1
31 1256 1
16 1256 -1
16 1257 1
31 1257 -1
16 1258 1
31 1258 -1
16 1259 1
32 1259 -1
16 1260 1
33 1260 -1
16 1261 1
34 1261 -1
16 1262 1
35 1262 -1
16 1263 1
35 1263 -1
35 1264 1
16 1264 -1
35 1265 1
16 1265 -1
16 1266 1
36 1266 -1
16 1267 1
37 1267 -1
16 1268 1
38 1268 -1
38 1269 1
16 1269 -1
38 1270 1
16 1270 -1
39 1271 1
16 1271 -1
39 1272 1
16 1272 -1
16 1273 1
39 1273 -1
16 1274 1
40 1274 -1
40 1275 1
16 1275 -1
16 1276 1
40 1276 -1
40 1277 1
16 1277 -1
16 1278 1
41 1278 -1
41 1279 1
16 1279 -1
17 1280 1
18 1280 -1
18 1281 1
17 1281 -1
17 1282 1
18 1282 -1
17 1283 1
19 1283 -1
19 1284 1
17 1284 -1
17 1285 1
19 1285 -1
19 1286 1
17 1286 -1
17 1287 1
20 1287 -1
20 1288 1
17 1288 -1
17 1289 1
20 1289 -1
20 1290 1
17 1290 -1
17 1291 1
21 1291 -1
17 1292 1
22 1292 -1
17 1293 1
22 1293 -1
17 1294 1
22 1294 -1
23 1295 1
17 1295 -1
17 1296 1
24 1296 -1
17 1297 1
24 1297 -1
17 1298 1
24 1298 -1
17 1299 1
24 1299 -1
25 1300 1
17 1300 -1
17 1301 1
25 1301 -1
25 1302 1
17 1302 -1
25 1303 1
17 1303 -1
26 1304 1
17 1304 -1
27 1305 1
17 1305 -1
27 1306 1
17 1306 -1
27 1307 1
17 1307 -1
17 1308 1
27 1308 -1
17 1309 1
28 1309 -1
28 1310 1
17 1310 -1
29 1311 1
17 1311 -1
30 1312 1
17 1312 -1
17 1313 1
30 1313 -1
31 1314 1
17 1314 -1
31 1315 1
17 1315 -1
17 1316 1
31 1316 -1
17 1317 1
32 1317 -1
17 1318 1
32 1318 -1
32 1319 1
17 1319 -1
17 1320 1
33 1320 -1
33 1321 1
17 1321 -1
34 1322 1
17 1322 -1
17 1323 1
34 1323 -1
34 1324 1
17 1324 -1
35 1325 1
17 1325 -1
35 1326 1
17 1326 -1
17 1327 1
36 1327 -1
17 1328 1
36 1328 -1
17 1329 1
36 1329 -1
17 1330 1
36 1330 -1
17 1331 1
37 1331 -1
17 1332 1
37 1332 -1
38 1333 1
17 1333 -1
38 1334 1
17 1334 -1
38 1335 1
17 1335 -1
17 1336 1
39 1336 -1
39 1337 1
17 1337 -1
17 1338 1
39 1338 -1
39 1339 1
17 1339 -1
17 1340 1
40 1340 -1
17 1341 1
41 1341 -1
18 1342 1
19 1342 -1
19 1343 1
18 1343 -1
18 1344 1
19 1344 -1
18 1345 1
20 1345 -1
18 1346 1
21 1346 -1
18 1347 1
21 1347 -1
21 1348 1
18 1348 -1
18 1349 1
21 1349 -1
18 1350 1
22 1350 -1
22 1351 1
18 1351 -1
18 1352 1
22 1352 -1
23 1353 1
18 1353 -1
18 1354 1
24 1354 -1
24 1355 1
18 1355 -1
18 1356 1
24 1356 -1
18 1357 1
24 1357 -1
25 1358 1
18 1358 -1
25 1359 1
18 1359 -1
25 1360 1
18 1360 -1
26 1361 1
18 1361 -1
26 1362 1
18 1362 -1
18 1363 1
26 1363 -1
26 1364 1
18 1364 -1
27 1365 1
18 1365 -1
18 1366 1
27 1366 -1
27 1367 1
18 1367 -1
28 1368 1
18 1368 -1
28 1369 1
18 1369 -1
18 1370 1
28 1370 -1
18 1371 1
29 1371 -1
18 1372 1
29 1372 -1
18 1373 1
30 1373 -1
18 1374 1
31 1374 -1
18 1375 1
31 1375 -1
18 1376 1
31 1376 -1
31 1377 1
18 1377 -1
18 1378 1
32 1378 -1
18 1379 1
33 1379 -1
18 1380 1
34 1380 -1
18 1381 1
34 1381 -1
35 1382 1
18 1382 -1
35 1383 1
18 1383 -1
35 1384 1
18 1384 -1
18 1385 1
35 1385 -1
18 1386 1
36 1386 -1
18 1387 1
36 1387 -1
37 1388 1
18 1388 -1
18 1389 1
37 1389 -1
18 1390 1
38 1390 -1
39 1391 1
18 1391 -1
18 1392 1
39 1392 -1
40 1393 1
18 1393 -1
41 1394 1
18 1394 -1
20 1395 1
19 1395 -1
19 1396 1
20 1396 -1
20 1397 1
19 1397 -1
20 1398 1
19 1398 -1
19 1399 1
21 1399 -1
19 1400 1
22 1400 -1
19 1401 1
22 1401 -1
23 1402 1
19 1402 -1
19 1403 1
23 1403 -1
23 1404 1
19 1404 -1
24 1405 1
19 1405 -1
19 1406 1
24 1406 -1
19 1407 1
24 1407 -1
19 1408 1
25 1408 -1
19 1409 1
25 1409 -1
19 1410 1
25 1410 -1
25 1411 1
19 1411 -1
19 1412 1
26 1412 -1
19 1413 1
27 1413 -1
19 1414 1
27 1414 -1
19 1415 1
27 1415 -1
19 1416 1
27 1416 -1
19 1417 1
28 1417 -1
28 1418 1
19 1418 -1
29 1419 1
19 1419 -1
19 1420 1
29 1420 -1
29 1421 1
19 1421 -1
29 1422 1
19 1422 -1
30 1423 1
19 1423 -1
19 1424 1
30 1424 -1
19 1425 1
31 1425 -1
31 1426 1
19 1426 -1
31 1427 1
19 1427 -1
32 1428 1
19 1428 -1
33 1429 1
19 1429 -1
19 1430 1
33 1430 -1
33 1431 1
19 1431 -1
34 1432 1
19 1432 -1
34 1433 1
19 1433 -1
19 1434 1
34 1434 -1
19 1435 1
34 1435 -1
19 1436 1
35 1436 -1
36 1437 1
19 1437 -1
19 1438 1
36 1438 -1
19 1439 1
36 1439 -1
36 1440 1
19 1440 -1
37 1441 1
19 1441 -1
19 1442 1
37 1442 -1
38 1443 1
19 1443 -1
38 1444 1
19 1444 -1
19 1445 1
39 1445 -1
39 1446 1
19 1446 -1
39 1447 1
19 1447 -1
19 1448 1
39 1448 -1
40 1449 1
19 1449 -1
19 1450 1
40 1450 -1
19 1451 1
41 1451 -1
20 1452 1
21 1452 -1
20 1453 1
22 1453 -1
20 1454 1
22 1454 -1
23 1455 1
20 1455 -1
20 1456 1
23 1456 -1
20 1457 1
24 1457 -1
24 1458 1
20 1458 -1
24 1459 1
20 1459 -1
20 1460 1
24 1460 -1
25 1461 1
20 1461 -1
25 1462 1
20 1462 -1
20 1463 1
25 1463 -1
20 1464 1
25 1464 -1
26 1465 1
20 1465 -1
26 1466 1
20 1466 -1
26 1467 1
20 1467 -1
20 1468 1
27 1468 -1
20 1469 1
27 1469 -1
20 1470 1
27 1470 -1
27 1471 1
20 1471 -1
28 1472 1
20 1472 -1
29 1473 1
20 1473 -1
20 1474 1
29 1474 -1
29 1475 1
20 1475 -1
20 1476 1
30 1476 -1
30 1477 1
20 1477 -1
30 1478 1
20 1478 -1
20 1479 1
30 1479 -1
31 1480 1
20 1480 -1
32 1481 1
20 1481 -1
20 1482 1
32 1482 -1
20 1483 1
32 1483 -1
32 1484 1
20 1484 -1
20 1485 1
33 1485 -1
34 1486 1
20 1486 -1
20 1487 1
35 1487 -1
20 1488 1
35 1488 -1
20 1489 1
35 1489 -1
36 1490 1
20 1490 -1
36 1491 1
20 1491 -1
36 1492 1
20 1492 -1
20 1493 1
36 1493 -1
37 1494 1
20 1494 -1
20 1495 1
37 1495 -1
37 1496 1
20 1496 -1
37 1497 1
20 1497 -1
20 1498 1
38 1498 -1
38 1499 1
20 1499 -1
38 1500 1
20 1500 -1
39 1501 1
20 1501 -1
20 1502 1
40 1502 -1
40 1503 1
20 1503 -1
20 1504 1
40 1504 -1
40 1505 1
20 1505 -1
20 1506 1
41 1506 -1
20 1507 1
41 1507 -1
20 1508 1
41 1508 -1
41 1509 1
20 1509 -1
22 1510 1
21 1510 -1
21 1511 1
23 1511 -1
21 1512 1
23 1512 -1
21 1513 1
23 1513 -1
23 1514 1
21 1514 -1
24 1515 1
21 1515 -1
21 1516 1
25 1516 -1
21 1517 1
25 1517 -1
21 1518 1
25 1518 -1
25 1519 1
21 1519 -1
26 1520 1
21 1520 -1
21 1521 1
26 1521 -1
26 1522 1
21 1522 -1
26 1523 1
21 1523 -1
21 1524 1
27 1524 -1
27 1525 1
21 1525 -1
21 1526 1
27 1526 -1
21 1527 1
28 1527 -1
28 1528 1
21 1528 -1
29 1529 1
21 1529 -1
29 1530 1
21 1530 -1
29 1531 1
21 1531 -1
29 1532 1
21 1532 -1
30 1533 1
21 1533 -1
30 1534 1
21 1534 -1
21 1535 1
30 1535 -1
21 1536 1
30 1536 -1
21 1537 1
31 1537 -1
21 1538 1
31 1538 -1
21 1539 1
31 1539 -1
21 1540 1
32 1540 -1
21 1541 1
33 1541 -1
33 1542 1
21 1542 -1
34 1543 1
21 1543 -1
34 1544 1
21 1544 -1
34 1545 1
21 1545 -1
21 1546 1
35 1546 -1
35 1547 1
21 1547 -1
36 1548 1
21 1548 -1
36 1549 1
21 1549 -1
21 1550 1
36 1550 -1
36 1551 1
21 1551 -1
21 1552 1
37 1552 -1
21 1553 1
37 1553 -1
21 1554 1
37 1554 -1
21 1555 1
38 1555 -1
38 1556 1
21 1556 -1
21 1557 1
38 1557 -1
21 1558 1
39 1558 -1
21 1559 1
39 1559 -1
40 1560 1
21 1560 -1
21 1561 1
40 1561 -1
40 1562 1
21 1562 -1
40 1563 1
21 1563 -1
41 1564 1
21 1564 -1
22 1565 1
23 1565 -1
22 1566 1
23 1566 -1
23 1567 1
22 1567 -1
24 1568 1
22 1568 -1
24 1569 1
22 1569 -1
24 1570 1
22 1570 -1
22 1571 1
24 1571 -1
25 1572 1
22 1572 -1
26 1573 1
22 1573 -1
27 1574 1
22 1574 -1
22 1575 1
27 1575 -1
27 1576 1
22 1576 -1
28 1577 1
22 1577 -1
22 1578 1
28 1578 -1
22 1579 1
28 1579 -1
29 1580 1
22 1580 -1
22 1581 1
30 1581 -1
22 1582 1
30 1582 -1
22 1583 1
31 1583 -1
31 1584 1
22 1584 -1
32 1585 1
22 1585 -1
22 1586 1
33 1586 -1
34 1587 1
22 1587 -1
22 1588 1
34 1588 -1
34 1589 1
22 1589 -1
34 1590 1
22 1590 -1
35 1591 1
22 1591 -1
35 1592 1
22 1592 -1
35 1593 1
22 1593 -1
22 1594 1
36 1594 -1
36 1595 1
22 1595 -1
22 1596 1
37 1596 -1
37 1597 1
22 1597 -1
22 1598 1
37 1598 -1
37 1599 1
22 1599 -1
38 1600 1
22 1600 -1
38 1601 1
22 1601 -1
38 1602 1
22 1602 -1
38 1603 1
22 1603 -1
22 1604 1
39 1604 -1
22 1605 1
39 1605 -1
22 1606 1
40 1606 -1
40 1607 1
22 1607 -1
22 1608 1
40 1608 -1
41 1609 1
22 1609 -1
23 1610 1
24 1610 -1
23 1611 1
24 1611 -1
24 1612 1
23 1612 -1
23 1613 1
24 1613 -1
25 1614 1
23 1614 -1
25 1615 1
23 1615 -1
26 1616 1
23 1616 -1
23 1617 1
26 1617 -1
27 1618 1
23 1618 -1
27 1619 1
23 1619 -1
23 1620 1
28 1620 -1
29 1621 1
23 1621 -1
29 1622 1
23 1622 -1
29 1623 1
23 1623 -1
23 1624 1
29 1624 -1
30 1625 1
23 1625 -1
23 1626 1
30 1626 -1
23 1627 1
30 1627 -1
31 1628 1
23 1628 -1
31 1629 1
23 1629 -1
23 1630 1
31 1630 -1
23 1631 1
32 1631 -1
32 1632 1
23 1632 -1
32 1633 1
23 1633 -1
23 1634 1
33 1634 -1
23 1635 1
34 1635 -1
35 1636 1
23 1636 -1
36 1637 1
23 1637 -1
23 1638 1
36 1638 -1
37 1639 1
23 1639 -1
23 1640 1
37 1640 -1
38 1641 1
23 1641 -1
23 1642 1
38 1642 -1
39 1643 1
23 1643 -1
23 1644 1
39 1644 -1
23 1645 1
39 1645 -1
23 1646 1
39 1646 -1
40 1647 1
23 1647 -1
23 1648 1
40 1648 -1
23 1649 1
41 1649 -1
23 1650 1
41 1650 -1
25 1651 1
24 1651 -1
24 1652 1
25 1652 -1
25 1653 1
24 1653 -1
25 1654 1
24 1654 -1
26 1655 1
24 1655 -1
24 1656 1
26 1656 -1
24 1657 1
26 1657 -1
24 1658 1
26 1658 -1
27 1659 1
24 1659 -1
24 1660 1
27 1660 -1
24 1661 1
28 1661 -1
28 1662 1
24 1662 -1
28 1663 1
24 1663 -1
24 1664 1
28 1664 -1
29 1665 1
24 1665 -1
24 1666 1
29 1666 -1
24 1667 1
30 1667 -1
24 1668 1
31 1668 -1
31 1669 1
24 1669 -1
31 1670 1
24 1670 -1
32 1671 1
24 1671 -1
33 1672 1
24 1672 -1
24 1673 1
33 1673 -1
33 1674 1
24 1674 -1
33 1675 1
24 1675 -1
34 1676 1
24 1676 -1
35 1677 1
24 1677 -1
24 1678 1
35 1678 -1
24 1679 1
35 1679 -1
35 1680 1
24 1680 -1
36 1681 1
24 1681 -1
24 1682 1
36 1682 -1
24 1683 1
36 1683 -1
24 1684 1
36 1684 -1
37 1685 1
24 1685 -1
24 1686 1
37 1686 -1
37 1687 1
24 1687 -1
37 1688 1
24 1688 -1
24 1689 1
38 1689 -1
38 1690 1
24 1690 -1
24 1691 1
38 1691 -1
24 1692 1
39 1692 -1
39 1693 1
24 1693 -1
39 1694 1
24 1694 -1
40 1695 1
24 1695 -1
41 1696 1
24 1696 -1
41 1697 1
24 1697 -1
25 1698 1
26 1698 -1
26 1699 1
25 1699 -1
25 1700 1
26 1700 -1
25 1701 1
26 1701 -1
27 1702 1
25 1702 -1
25 1703 1
27 1703 -1
27 1704 1
25 1704 -1
25 1705 1
28 1705 -1
25 1706 1
29 1706 -1
25 1707 1
30 1707 -1
30 1708 1
25 1708 -1
25 1709 1
30 1709 -1
30 1710 1
25 1710 -1
31 1711 1
25 1711 -1
25 1712 1
31 1712 -1
25 1713 1
31 1713 -1
31 1714 1
25 1714 -1
25 1715 1
32 1715 -1
33 1716 1
25 1716 -1
25 1717 1
33 1717 -1
25 1718 1
34 1718 -1
35 1719 1
25 1719 -1
35 1720 1
25 1720 -1
25 1721 1
35 1721 -1
35 1722 1
25 1722 -1
25 1723 1
36 1723 -1
36 1724 1
25 1724 -1
36 1725 1
25 1725 -1
36 1726 1
25 1726 -1
25 1727 1
37 1727 -1
38 1728 1
25 1728 -1
38 1729 1
25 1729 -1
25 1730 1
39 1730 -1
25 1731 1
39 1731 -1
40 1732 1
25 1732 -1
25 1733 1
40 1733 -1
40 1734 1
25 1734 -1
25 1735 1
41 1735 -1
26 1736 1
27 1736 -1
26 1737 1
27 1737 -1
27 1738 1
26 1738 -1
27 1739 1
26 1739 -1
26 1740 1
28 1740 -1
26 1741 1
28 1741 -1
26 1742 1
29 1742 -1
30 1743 1
26 1743 -1
30 1744 1
26 1744 -1
31 1745 1
26 1745 -1
26 1746 1
31 1746 -1
31 1747 1
26 1747 -1
26 1748 1
31 1748 -1
26 1749 1
32 1749 -1
26 1750 1
32 1750 -1
33 1751 1
26 1751 -1
26 1752 1
33 1752 -1
26 1753 1
33 1753 -1
26 1754 1
34 1754 -1
26 1755 1
34 1755 -1
34 1756 1
26 1756 -1
35 1757 1
26 1757 -1
35 1758 1
26 1758 -1
26 1759 1
35 1759 -1
26 1760 1
35 1760 -1
36 1761 1
26 1761 -1
26 1762 1
36 1762 -1
26 1763 1
36 1763 -1
26 1764 1
36 1764 -1
37 1765 1
26 1765 -1
26 1766 1
37 1766 -1
26 1767 1
37 1767 -1
26 1768 1
38 1768 -1
38 1769 1
26 1769 -1
26 1770 1
38 1770 -1
26 1771 1
39 1771 -1
26 1772 1
39 1772 -1
39 1773 1
26 1773 -1
40 1774 1
26 1774 -1
40 1775 1
26 1775 -1
26 1776 1
40 1776 -1
41 1777 1
26 1777 -1
41 1778 1
26 1778 -1
28 1779 1
27 1779 -1
28 1780 1
27 1780 -1
27 1781 1
28 1781 -1
27 1782 1
29 1782 -1
30 1783 1
27 1783 -1
27 1784 1
30 1784 -1
27 1785 1
30 1785 -1
30 1786 1
27 1786 -1
27 1787 1
31 1787 -1
27 1788 1
31 1788 -1
27 1789 1
31 1789 -1
27 1790 1
32 1790 -1
27 1791 1
32 1791 -1
32 1792 1
27 1792 -1
33 1793 1
27 1793 -1
33 1794 1
27 1794 -1
27 1795 1
33 1795 -1
34 1796 1
27 1796 -1
27 1797 1
34 1797 -1
34 1798 1
27 1798 -1
27 1799 1
34 1799 -1
35 1800 1
27 1800 -1
35 1801 1
27 1801 -1
27 1802 1
36 1802 -1
36 1803 1
27 1803 -1
27 1804 1
36 1804 -1
36 1805 1
27 1805 -1
37 1806 1
27 1806 -1
37 1807 1
27 1807 -1
37 1808 1
27 1808 -1
27 1809 1
37 1809 -1
27 1810 1
38 1810 -1
38 1811 1
27 1811 -1
38 1812 1
27 1812 -1
27 1813 1
38 1813 -1
27 1814 1
39 1814 -1
39 1815 1
27 1815 -1
27 1816 1
40 1816 -1
40 1817 1
27 1817 -1
27 1818 1
40 1818 -1
41 1819 1
27 1819 -1
41 1820 1
27 1820 -1
28 1821 1
29 1821 -1
28 1822 1
30 1822 -1
30 1823 1
28 1823 -1
28 1824 1
30 1824 -1
28 1825 1
31 1825 -1
28 1826 1
31 1826 -1
28 1827 1
31 1827 -1
28 1828 1
31 1828 -1
28 1829 1
32 1829 -1
28 1830 1
32 1830 -1
28 1831 1
32 1831 -1
32 1832 1
28 1832 -1
33 1833 1
28 1833 -1
33 1834 1
28 1834 -1
33 1835 1
28 1835 -1
34 1836 1
28 1836 -1
34 1837 1
28 1837 -1
28 1838 1
34 1838 -1
35 1839 1
28 1839 -1
28 1840 1
35 1840 -1
28 1841 1
36 1841 -1
36 1842 1
28 1842 -1
37 1843 1
28 1843 -1
38 1844 1
28 1844 -1
28 1845 1
38 1845 -1
28 1846 1
38 1846 -1
39 1847 1
28 1847 -1
40 1848 1
28 1848 -1
28 1849 1
41 1849 -1
28 1850 1
41 1850 -1
28 1851 1
41 1851 -1
30 1852 1
29 1852 -1
30 1853 1
29 1853 -1
30 1854 1
29 1854 -1
30 1855 1
29 1855 -1
31 1856 1
29 1856 -1
31 1857 1
29 1857 -1
31 1858 1
29 1858 -1
32 1859 1
29 1859 -1
32 1860 1
29 1860 -1
29 1861 1
32 1861 -1
33 1862 1
29 1862 -1
29 1863 1
33 1863 -1
29 1864 1
33 1864 -1
33 1865 1
29 1865 -1
29 1866 1
34 1866 -1
34 1867 1
29 1867 -1
34 1868 1
29 1868 -1
34 1869 1
29 1869 -1
29 1870 1
35 1870 -1
29 1871 1
35 1871 -1
29 1872 1
35 1872 -1
29 1873 1
36 1873 -1
29 1874 1
36 1874 -1
29 1875 1
37 1875 -1
29 1876 1
37 1876 -1
37 1877 1
29 1877 -1
38 1878 1
29 1878 -1
29 1879 1
38 1879 -1
38 1880 1
29 1880 -1
39 1881 1
29 1881 -1
29 1882 1
39 1882 -1
39 1883 1
29 1883 -1
29 1884 1
40 1884 -1
40 1885 1
29 1885 -1
29 1886 1
40 1886 -1
40 1887 1
29 1887 -1
29 1888 1
41 1888 -1
29 1889 1
41 1889 -1
41 1890 1
29 1890 -1
30 1891 1
31 1891 -1
31 1892 1
30 1892 -1
31 1893 1
30 1893 -1
30 1894 1
32 1894 -1
30 1895 1
32 1895 -1
30 1896 1
32 1896 -1
33 1897 1
30 1897 -1
33 1898 1
30 1898 -1
34 1899 1
30 1899 -1
30 1900 1
34 1900 -1
34 1901 1
30 1901 -1
30 1902 1
35 1902 -1
35 1903 1
30 1903 -1
30 1904 1
35 1904 -1
35 1905 1
30 1905 -1
30 1906 1
36 1906 -1
37 1907 1
30 1907 -1
37 1908 1
30 1908 -1
30 1909 1
37 1909 -1
30 1910 1
38 1910 -1
30 1911 1
38 1911 -1
30 1912 1
38 1912 -1
30 1913 1
38 1913 -1
30 1914 1
39 1914 -1
30 1915 1
40 1915 -1
40 1916 1
30 1916 -1
40 1917 1
30 1917 -1
41 1918 1
30 1918 -1
31 1919 1
32 1919 -1
32 1920 1
31 1920 -1
32 1921 1
31 1921 -1
31 1922 1
32 1922 -1
33 1923 1
31 1923 -1
31 1924 1
34 1924 -1
31 1925 1
35 1925 -1
35 1926 1
31 1926 -1
31 1927 1
35 1927 -1
31 1928 1
35 1928 -1
36 1929 1
31 1929 -1
36 1930 1
31 1930 -1
36 1931 1
31 1931 -1
31 1932 1
36 1932 -1
31 1933 1
37 1933 -1
31 1934 1
37 1934 -1
38 1935 1
31 1935 -1
31 1936 1
38 1936 -1
38 1937 1
31 1937 -1
38 1938 1
31 1938 -1
31 1939 1
39 1939 -1
39 1940 1
31 1940 -1
39 1941 1
31 1941 -1
40 1942 1
31 1942 -1
40 1943 1
31 1943 -1
40 1944 1
31 1944 -1
40 1945 1
31 1945 -1
41 1946 1
31 1946 -1
31 1947 1
41 1947 -1
41 1948 1
31 1948 -1
31 1949 1
41 1949 -1
32 1950 1
33 1950 -1
33 1951 1
32 1951 -1
32 1952 1
33 1952 -1
34 1953 1
32 1953 -1
34 1954 1
32 1954 -1
32 1955 1
35 1955 -1
36 1956 1
32 1956 -1
36 1957 1
32 1957 -1
32 1958 1
36 1958 -1
32 1959 1
37 1959 -1
32 1960 1
37 1960 -1
32 1961 1
37 1961 -1
38 1962 1
32 1962 -1
38 1963 1
32 1963 -1
39 1964 1
32 1964 -1
32 1965 1
40 1965 -1
40 1966 1
32 1966 -1
32 1967 1
41 1967 -1
41 1968 1
32 1968 -1
32 1969 1
41 1969 -1
41 1970 1
32 1970 -1
33 1971 1
34 1971 -1
33 1972 1
34 1972 -1
33 1973 1
34 1973 -1
35 1974 1
33 1974 -1
35 1975 1
33 1975 -1
33 1976 1
35 1976 -1
36 1977 1
33 1977 -1
36 1978 1
33 1978 -1
33 1979 1
37 1979 -1
33 1980 1
37 1980 -1
33 1981 1
38 1981 -1
33 1982 1
39 1982 -1
33 1983 1
40 1983 -1
33 1984 1
40 1984 -1
40 1985 1
33 1985 -1
33 1986 1
41 1986 -1
41 1987 1
33 1987 -1
33 1988 1
41 1988 -1
33 1989 1
41 1989 -1
35 1990 1
34 1990 -1
36 1991 1
34 1991 -1
36 1992 1
34 1992 -1
37 1993 1
34 1993 -1
34 1994 1
37 1994 -1
34 1995 1
37 1995 -1
34 1996 1
37 1996 -1
34 1997 1
38 1997 -1
38 1998 1
34 1998 -1
34 1999 1
39 1999 -1
40 2000 1
34 2000 -1
40 2001 1
34 2001 -1
34 2002 1
40 2002 -1
34 2003 1
40 2003 -1
34 2004 1
41 2004 -1
36 2005 1
35 2005 -1
35 2006 1
37 2006 -1
37 2007 1
35 2007 -1
35 2008 1
37 2008 -1
35 2009 1
37 2009 -1
38 2010 1
35 2010 -1
38 2011 1
35 2011 -1
35 2012 1
38 2012 -1
35 2013 1
38 2013 -1
39 2014 1
35 2014 -1
39 2015 1
35 2015 -1
40 2016 1
35 2016 -1
35 2017 1
40 2017 -1
41 2018 1
35 2018 -1
41 2019 1
35 2019 -1
41 2020 1
35 2020 -1
36 2021 1
37 2021 -1
37 2022 1
36 2022 -1
36 2023 1
37 2023 -1
37 2024 1
36 2024 -1
36 2025 1
38 2025 -1
38 2026 1
36 2026 -1
39 2027 1
36 2027 -1
40 2028 1
36 2028 -1
40 2029 1
36 2029 -1
40 2030 1
36 2030 -1
41 2031 1
36 2031 -1
37 2032 1
38 2032 -1
37 2033 1
38 2033 -1
38 2034 1
37 2034 -1
39 2035 1
37 2035 -1
39 2036 1
37 2036 -1
37 2037 1
40 2037 -1
37 2038 1
40 2038 -1
37 2039 1
40 2039 -1
41 2040 1
37 2040 -1
37 2041 1
41 2041 -1
37 2042 1
41 2042 -1
38 2043 1
39 2043 -1
39 2044 1
38 2044 -1
39 2045 1
38 2045 -1
38 2046 1
39 2046 -1
38 2047 1
40 2047 -1
40 2048 1
38 2048 -1
38 2049 1
40 2049 -1
41 2050 1
38 2050 -1
41 2051 1
38 2051 -1
41 2052 1
38 2052 -1
41 2053 1
38 2053 -1
39 2054 1
40 2054 -1
39 2055 1
40 2055 -1
39 2056 1
40 2056 -1
39 2057 1
41 2057 -1
39 2058 1
41 2058 -1
40 2059 1
41 2059 -1
41 2060 1
40 2060 -1
40 2061 1
41 2061 -1
40 2062 1
41 2062 -1
