-10
8
-10
3
7
1
-10
-9
5
-3
7
4
4
9
-6
-7
-9
-2
-2
1
-2
7
-9
8
-2
-10
1
-3
-4
-8
6
1
-2
-8
-8
-4
-4
-9
8
5
-8
0
-6
10
0
-2
-2
5
8
-4
-8
2
-4
-3
-9
2
-9
10
-8
2
-5
-10
6
-6
-2
-10
10
8
-1
5
1
-6
-6
-10
-9
-1
-4
3
4
3
9
-4
-2
-10
-2
10
6
-9
10
9
-8
-10
10
-9
0
2
-1
8
9
-1
7
-7
10
-3
-10
4
-9
2
-5
-9
9
2
-1
-3
-10
-8
5
4
-4
0
1
3
7
5
-2
-4
6
-9
4
-10
1
10
8
1
2
-9
10
-8
8
2
-10
9
-3
-5
7
-2
8
9
-5
-7
9
10
2
3
-1
7
3
4
-7
8
-4
9
1
-5
7
-5
-4
9
6
7
5
10
1
-10
-7
3
-9
-5
-4
4
8
1
10
-2
4
3
7
3
7
9
7
3
6
-5
-7
-6
0
5
-1
-6
3
-8
10
5
3
8
-4
-10
4
6
-2
-4
-8
5
-3
