1 1 8.28968969821e-05
2 2 3.36518374425e-05
3 3 1555.46259215
4 4 7.86229858341e-05
5 5 3.59011753258e-05
6 6 7.75241455035e-05
7 7 1.46956300604e-05
8 8 5109.11127417
9 9 1354.41709788
10 10 7.79694567603e-05
11 11 8.53571991329e-05
12 12 8.04445667727e-07
13 13 2846.92016783
14 14 3057.09466215
15 15 5.74242834125e-05
16 16 1.45088885275e-05
17 17 5.69910475072e-05
18 18 6.73443877297e-05
19 19 4.14383689513e-05
20 20 8.35860271627e-05
21 21 6.57229215718e-05
22 22 4.61692190229e-05
23 23 3.74190694676e-05
24 24 5.17407649643e-05
25 25 4149.90645071
26 26 1787.74177579
27 27 8.03206192114e-05
28 28 3.89778271922e-05
29 29 3225.82350072
30 30 3.12731032876e-05
31 31 6.32347594305e-05
32 32 1669.21018619
33 33 8.48704516027e-06
34 34 2592.97926908
35 35 1.14972158795e-05
36 36 4.52005321615e-05
37 37 1.35618182342e-05
38 38 5.01092408069e-05
39 39 1.93007224652e-05
40 40 4.29959852775e-05
41 41 7.64572715768e-05
42 42 3.80761959731e-05
43 43 6.3796293939e-06
44 44 7.85783680536e-05
45 45 2385.7956882
46 46 9.89659474396e-07
47 47 5.39034949435e-05
48 48 6.22394845649e-05
49 49 4.26347271032e-05
50 50 5341.38644905
51 51 1307.7921552
52 52 9.46065190945e-05
53 53 5.34626426488e-06
54 54 118.836715941
55 55 9.31898868864e-05
56 56 6.5003153298e-05
57 57 4.83007511081e-05
58 58 5.45055530452e-05
59 59 9.94227963674e-05
60 60 6.35783423988e-05
61 61 2.25830668491e-05
62 62 6.44381730279e-06
63 63 5219.34382611
64 64 3736.59660118
65 65 4.17721024515e-05
66 66 9.92390818306e-05
67 67 8.64497759824e-05
68 68 1.30256686677e-05
69 69 8.67813402318e-05
70 70 3.39106229739e-06
71 71 8.45041554766e-05
72 72 4.43222451441e-05
73 73 2.10638878892e-05
74 74 8.14068278346e-06
75 75 4852.34213105
76 76 3.38936616386e-05
77 77 7.70977699474e-05
78 78 3263.17454484
79 79 922.467265218
80 80 3.8407557939e-05
81 81 8.47557225296e-05
82 82 9.39645290901e-05
83 83 3.38855795628e-05
84 84 8.31603171486e-05
85 85 5.18223746937e-05
86 86 7.22075991819e-05
87 87 8.22817350236e-05
88 88 1.51040288569e-05
89 89 2512.0384828
90 90 1.98878075787e-05
91 91 6.70701810997e-06
92 92 5.69449539975e-05
93 93 4584.05838161
94 94 8.0635626052e-05
95 95 7.71000618502e-05
96 96 3.87737176484e-05
97 97 3.73050633987e-05
98 98 5.05210302225e-05
99 99 8.00514975645e-05
100 100 2.89140168412e-05
101 101 4.10264471735e-05
102 102 3587.49630861
103 103 3.59139373881e-05
104 104 2021.89812946
105 105 1.85711629228e-05
106 106 8.91956913701e-05
107 107 2.55018635186e-05
108 108 3262.10223867
109 109 203.199424413
110 110 9.44253108438e-05
111 111 1753.90114336
112 112 3523.24351024
113 113 6.47085794238e-05
114 114 1.48567033798e-05
115 115 2.12627333237e-05
116 116 4.10051726904e-06
117 117 3.6449096823e-05
118 118 9.15224293275e-05
119 119 2.08410646839e-05
120 120 3976.04787468
121 121 1.6377247709e-05
122 122 4501.91311791
123 123 4800.85904323
124 124 9.45125790623e-05
125 125 271.89335503
126 126 5.9548001842e-05
127 127 7.12822662754e-05
128 128 3.39620473213e-05
129 129 4.94282046865e-05
130 130 5.12835540261e-05
131 131 4.91321336179e-05
132 132 1.3814706699e-05
133 133 9.13327108182e-05
134 134 4154.50741329
135 135 1.05966368589e-05
136 136 1.77187256795e-05
137 137 7.07188038973e-05
138 138 4.97784749339e-05
139 139 7.03626293489e-05
140 140 3.20575285626e-05
141 141 2.1601521654e-05
142 142 9.75458292095e-05
143 143 6.05499324015e-05
144 144 9.68544249778e-05
145 145 9.19259290617e-05
146 146 6.9912756286e-05
147 147 4510.28573792
148 148 1.20183080624e-05
149 149 6.65609112578e-05
150 150 1.72294451913e-05
151 151 2512.10529095
152 152 9.74764157157e-05
153 153 7.40870158926e-05
154 154 6.63117322952e-05
155 155 5203.15877941
156 156 3.69176017939e-05
157 157 8.75608869549e-05
158 158 1.11047189741e-05
159 159 9.61390488631e-05
160 160 1.5003041604e-05
161 161 7.79660670475e-05
162 162 1202.50321541
163 163 3.5796227133e-05
164 164 1.96254823941e-05
165 165 1514.45285262
166 166 3.90632840132e-05
167 167 7.03732483718e-05
168 168 3996.92430964
169 169 269.317110247
170 170 2118.19214884
171 171 658.601355072
172 172 7.57436169795e-05
173 173 4.96064196577e-05
174 174 6.13050992031e-05
175 175 4.52537482625e-05
176 176 2968.17165665
177 177 1.19450900532e-05
178 178 3097.46256461
179 179 4199.79952694
180 180 6.40887686149e-05
181 181 5516.6656952
182 182 7.44358955692e-05
183 183 2.90410712288e-06
184 184 289.203614747
185 185 9.22973379672e-05
186 186 1367.62168577
187 187 1.37982056323e-05
188 188 4.04865959938e-05
189 189 1.33483182681e-05
190 190 7.22924191762e-05
191 191 3542.00081094
192 192 3.30472558014e-05
193 193 1895.44066817
194 194 8.2409495567e-05
195 195 8.38576148809e-05
196 196 2.15300952343e-05
197 197 2.33488006771e-05
198 198 4.31059756077e-05
199 199 7.52362107167e-05
200 200 3.97822332403e-05
201 201 2.39186076631e-05
202 202 3.71609505995e-05
203 203 1.31821746602e-05
204 204 417.30215873
205 205 5272.88858009
206 206 9.43430474569e-05
207 207 3877.19673377
208 208 3989.06735564
209 209 6.37761030114e-05
210 210 8.83193653225e-05
211 211 2.43974304504e-05
212 212 803.50659647
213 213 2.00217416926e-05
214 214 1.34175247728e-05
215 215 1538.02578455
216 216 8.89627329595e-05
217 217 8.20497051817e-05
218 218 4.55278639856e-05
219 219 3.53393235386e-05
220 220 1347.88494055
221 221 5456.70886693
222 222 5.62138274933e-05
223 223 5172.16196286
224 224 8.1004195967e-06
225 225 2.34857137117e-05
226 226 688.379700089
227 227 5.77506490184e-05
228 228 6.82476119468e-05
229 229 3.64131549978e-05
230 230 2332.55142542
231 231 8.41018300275e-05
232 232 1720.13001485
233 233 6.31306573663e-05
234 234 9.93062986411e-05
235 235 4.29217558252e-05
236 236 1151.97283983
237 237 4.3211428506e-05
238 238 5.17143368306e-05
239 239 7.90374773381e-05
240 240 6.54626433436e-05
241 241 7.04472064359e-05
242 242 8.83958115404e-05
243 243 1794.71596625
244 244 5.57975836434e-05
245 245 4123.62971135
246 246 4.78818616524e-05
247 247 4.65517754314e-05
248 248 7.50835956579e-05
249 249 7.14779023004e-05
250 250 7.92962727843e-05
251 251 6.70023634885e-05
252 252 9.46926528352e-05
253 253 2.22171323115e-05
254 254 3.93681620984e-05
255 255 344.905760935
256 256 9.84292329396e-05
257 257 5.4010452688e-05
258 258 1.37281877669e-05
259 259 2.65871259815e-05
260 260 2184.04636126
261 261 7.68041401992e-06
262 262 5.44468765672e-05
263 263 7.45817671048e-05
264 264 5.18124921373e-05
265 265 6.15345961342e-05
266 266 6.03264732996e-05
267 267 6.32666594011e-05
268 268 3898.62382244
269 269 2585.33871851
270 270 2541.21149461
271 271 7.81931391035e-05
272 272 1.62527539593e-05
273 273 4.97608998351e-05
274 274 4.67788617075e-06
275 275 1467.6526499
276 276 4.11536433863e-05
277 277 5.95755321319e-07
278 278 6.6082641067e-05
279 279 2100.89073634
280 280 2594.78301203
281 281 2290.30658181
282 282 2390.7461191
283 283 2.1272423216e-05
284 284 7.92910899621e-05
285 285 4.25601092713e-05
286 286 9.21862126595e-05
287 287 3.48823490484e-05
288 288 4901.99192942
289 289 3405.67470359
290 290 6.87679655932e-05
291 291 6.18992769883e-05
292 292 7.22655031149e-05
293 293 3421.58371832
294 294 9.95600402507e-05
295 295 7.1279195902e-05
296 296 9.66714396859e-05
297 297 4.09747989616e-05
298 298 8.07893550752e-05
299 299 3.60657545347e-06
300 300 1.9136694192e-05
301 301 5.69919596254e-05
302 302 5.29185391804e-07
303 303 2.59940226332e-05
304 304 3.07677377945e-05
305 305 7.5846858979e-05
306 306 2.0150148341e-05
307 307 9.66791657644e-05
308 308 7.30926638581e-05
309 309 796.869866643
310 310 8.97571820956e-05
311 311 2630.67303478
312 312 5483.09898255
313 313 2735.46869464
314 314 4.93480271175e-06
315 315 7.78011585363e-05
316 316 9.24621418736e-05
317 317 6.67898032125e-05
318 318 772.498269713
319 319 7.63813810512e-05
320 320 9.19663645249e-05
321 321 6.08584495409e-05
322 322 4.94038642616e-05
323 323 2.78895095336e-05
324 324 7.51570767705e-05
325 325 7.71225041323e-05
326 326 7.99491905706e-05
327 327 3280.14295984
328 328 8.66163481894e-05
329 329 7.90577472661e-05
330 330 1153.40254404
331 331 8.3580059955e-05
332 332 3.81292398401e-05
333 333 8.24676269367e-05
334 334 4969.38772914
335 335 1668.89827989
336 336 3349.43156495
337 337 1286.40831459
338 338 390.474650694
339 339 5.66154306099e-05
340 340 1.85637004877e-05
341 341 2.13703367559e-05
342 342 4960.4637139
343 343 5.2122186891e-05
344 344 28.8580214706
345 345 2.04335935765e-05
346 346 1.89852694989e-05
347 347 4.51154367655e-06
348 348 5.32241154025e-05
349 349 1.38063812541e-05
350 350 1.02640461325e-05
351 351 4.21548188077e-05
352 352 2.71417819977e-06
353 353 9.65425864473e-05
354 354 2.04682310177e-05
355 355 4231.02525598
356 356 3.66655120663e-05
357 357 4.27869332048e-05
358 358 3670.81131348
359 359 4.67297797901e-05
360 360 7.07570005845e-06
361 361 3.72804938468e-05
362 362 3534.51745615
363 363 6.03681551327e-05
364 364 6.40589007675e-05
365 365 3.77015782386e-05
366 366 1.89762346365e-05
367 367 3793.58810282
368 368 5.18083253166e-05
369 369 2.90524945909e-05
370 370 4.67506705698e-05
371 371 3677.45943924
372 372 8.48745770351e-05
373 373 4.55088878165e-05
374 374 10.7066636862
375 375 1.5577269799e-05
376 376 3738.82492508
377 377 2.86068791862e-05
378 378 2.72840453628e-05
379 379 2.00937841069e-05
380 380 3.80653124123e-05
381 381 196.307584578
382 382 1687.90888723
383 383 6.70504061272e-05
384 384 5.08271886084e-06
385 385 1.72245027245e-05
386 386 4.69713723201e-05
387 387 1836.08815262
388 388 3.88271278968e-05
389 389 3119.95006648
390 390 6.7174081248e-05
391 391 9.19886086408e-05
392 392 5.31462236567e-05
393 393 2.72848409581e-05
394 394 1.82490912439e-05
395 395 9.42730399854e-05
396 396 4937.47952273
397 397 2460.05010184
398 398 7.82828733091e-05
399 399 9.24033811323e-05
400 400 9.74285941976e-05
401 401 1.72936471832e-05
402 402 3.58882506571e-05
403 403 5.17631963455e-06
404 404 2298.31995401
405 405 3.70484208326e-05
406 406 8.23338590716e-05
407 407 1788.35890459
408 408 1679.18687907
409 409 5.51746917656e-06
410 410 3.16283037963e-05
411 411 3634.07496182
412 412 294.768471613
413 413 7.16650724874e-05
414 414 6.83484000809e-05
415 415 6.6501687819e-05
416 416 6.06884349794e-05
417 417 6.52775833799e-05
418 418 7.94091706613e-05
419 419 3.3053951842e-05
420 420 5.03387774953e-05
421 421 8.71873623917e-05
422 422 575.398698894
423 423 6.65267993095e-05
424 424 5573.28335945
425 425 6.92462105976e-05
426 426 8.07336092216e-05
427 427 3.59137852622e-05
428 428 7.15668498971e-05
429 429 3.98449992565e-05
430 430 9.66138826623e-05
431 431 1.41557890527e-05
432 432 2124.78873544
433 433 7.95317312121e-05
434 434 2488.82654839
435 435 2328.36539308
436 436 4.1510747813e-05
437 437 3.08275647373e-06
438 438 3.27213410053e-05
439 439 3.11835915803e-05
440 440 6.68546368999e-05
441 441 5.82249280756e-05
442 442 9.35423166818e-05
443 443 6.77571860466e-05
444 444 4.63835132162e-05
445 445 3.35026440022e-05
446 446 4139.219332
447 447 9.33490796561e-05
448 448 4.16451106571e-05
449 449 5.77589318936e-05
450 450 9.04853610418e-05
451 451 3751.23405544
452 452 1.05865473949e-05
453 453 3.38355954719e-05
454 454 209.759449283
455 455 6.94104995361e-05
456 456 8.44052436652e-06
457 457 1.38646968427e-05
458 458 4.26748603647e-05
459 459 6.55032536893e-05
460 460 3.18546364967e-05
461 461 5.8061682645e-06
462 462 2.56346138611e-05
463 463 3856.20266199
464 464 3.08192871134e-05
465 465 4.52764285384e-05
466 466 3784.29261124
467 467 6.44541040365e-05
468 468 4.23239383655e-05
469 469 7.45105458916e-05
470 470 5.15311890366e-05
471 471 3358.93740316
472 472 4.36936364269e-06
473 473 832.607332966
474 474 9.48696863456e-05
475 475 736.415259444
476 476 4.81490288268e-05
477 477 2.49894394427e-05
478 478 4.51553918474e-05
479 479 6.94069464399e-05
480 480 7.73722854648e-05
481 481 5.08754623583e-05
482 482 575.070003014
483 483 6.565045806e-05
484 484 5.02484186262e-05
485 485 4.85645846479e-05
486 486 3.8654097085e-05
487 487 5.63036027391e-05
488 488 7.17438670279e-05
489 489 2.77971829725e-05
490 490 2.21714031022e-05
491 491 8.10078455114e-05
492 492 4110.41496187
493 493 2.70515314701e-05
494 494 1.43293734335e-05
495 495 6.87207554298e-05
496 496 1851.38796006
497 497 4180.78933252
498 498 3.50499139424e-05
499 499 5289.07426315
500 500 5.81304249961e-05
501 501 9.10695965589e-05
502 502 181.500483981
503 503 2.93258975053e-05
504 504 1.49968669543e-05
505 505 3.51218689935e-05
506 506 6.40850865306e-05
507 507 4.84294824086e-05
508 508 4.18184938611e-05
509 509 6.38427150837e-07
510 510 5329.98652886
511 511 4.93082065197e-05
512 512 102.37644411
513 513 4283.86486015
514 514 3348.76580392
515 515 5.70128677616e-05
516 516 1.17927743363e-05
517 517 7.66807079672e-05
518 518 9.50251814701e-05
519 519 2.19871118062e-05
520 520 7.55359392073e-05
521 521 7.0909477572e-05
522 522 6.42814940582e-05
523 523 8.20481945408e-05
524 524 2.73529817394e-05
525 525 3.81458084733e-05
526 526 2765.21946354
527 527 4673.95182518
528 528 2651.97142649
529 529 9.07237870342e-05
530 530 4.25427030388e-05
531 531 4694.75841642
532 532 4172.14162722
533 533 566.443061722
534 534 1028.08113485
535 535 5.13554002108e-06
536 536 7.94617937079e-05
537 537 2591.17264301
538 538 2.68275589668e-05
539 539 8.7961576284e-06
540 540 5160.58272879
541 541 5.37957385854e-06
542 542 7.72886706905e-05
543 543 8.00635512257e-05
544 544 6.66960138298e-05
545 545 3680.74995571
546 546 4160.10787122
547 547 4.48221606337e-05
548 548 1.91226180077e-05
549 549 70.6088945955
550 550 2741.15300965
551 551 7.96356350541e-05
552 552 2.19270348283e-05
553 553 3.32989080564e-05
554 554 5318.42864653
555 555 642.145792741
556 556 4.90491962605e-05
557 557 2.73966877777e-05
558 558 3.43540919168e-05
559 559 1843.5893092
560 560 2211.17792947
561 561 6.08228584781e-05
562 562 1.81429346705e-05
563 563 2.93928220443e-05
564 564 3552.97125913
565 565 1.50516043e-05
566 566 9.84495367554e-05
567 567 8.22413563128e-06
568 568 6.58627855561e-05
569 569 1.65574666668e-05
570 570 3.85281342636e-05
571 571 3086.80257991
572 572 3137.72252484
573 573 2493.52185111
574 574 1.17847825509e-05
575 575 7.81471631166e-05
576 576 5101.4388739
577 577 6.12566128003e-05
578 578 6.53884864576e-05
579 579 5.56617169506e-05
580 580 1.18511546432e-05
581 581 6.33325130752e-05
582 582 9.68663692274e-07
583 583 5.70536971885e-05
584 584 8.16943014482e-05
585 585 4.768710761e-05
586 586 7.2094890185e-05
587 587 3.53136122385e-05
588 588 7.5445751768e-05
589 589 2.50967516215e-05
590 590 5225.37498516
591 591 5.61490770796e-05
592 592 765.672568878
593 593 2066.62369562
594 594 1.57677231324e-05
595 595 4.55321405356e-05
596 596 4497.18227693
597 597 6.72996249169e-05
598 598 2.03161473543e-05
599 599 7.77190023016e-05
600 600 6.62995896018e-05
601 601 5.67667366959e-05
602 602 2786.9639276
603 603 7.14673749076e-05
604 604 2230.56964739
605 605 6.17918388948e-05
606 606 3.43398361909e-05
607 607 4535.16009219
608 608 8.78870298673e-05
609 609 2.65948005592e-05
610 610 6.94763258193e-05
611 611 3.6966687879e-05
612 612 9.16106190571e-05
613 613 2.01354617187e-05
614 614 9.90695493768e-05
615 615 1.10291626336e-05
616 616 4.08725562531e-05
617 617 2.6762374458e-05
618 618 2.5649701872e-05
619 619 1.54158923968e-05
620 620 2.00784399323e-05
621 621 920.758156628
622 622 1.80960344734e-05
623 623 3.12238122009e-05
624 624 8.65653317427e-05
625 625 5.62917311685e-05
626 626 8.22801096128e-05
627 627 2.74396666402e-05
628 628 3.51441100338e-05
629 629 4556.35149267
630 630 2.51765812707e-05
631 631 1049.73221698
632 632 3.65137488317e-05
633 633 7.66236876072e-05
634 634 4.29409374682e-05
635 635 8.61591868681e-05
636 636 9.40353046853e-05
637 637 7.02866173935e-05
638 638 6.88649695411e-05
639 639 9.86050557757e-05
640 640 9.68340455409e-05
641 641 4.8574535928e-05
642 642 3.56399821623e-05
643 643 3.29768335465e-05
644 644 3.95486579568e-05
645 645 2.60050032338e-05
646 646 2.30284197227e-05
647 647 7.83067067034e-05
648 648 6.69727703991e-05
649 649 3.86364222136e-05
650 650 8.45663415011e-05
651 651 2.78767395035e-06
652 652 4.79086873828e-05
653 653 3.45360143047e-05
654 654 2.78235266632e-05
655 655 8.00309327122e-05
656 656 4.29840924986e-05
657 657 9.84172429554e-05
658 658 4014.54106657
659 659 4462.33432807
660 660 5.42541486613e-05
661 661 7.55513643962e-05
662 662 5.83064483171e-05
663 663 4.99196152291e-05
664 664 7.96681834501e-05
665 665 7.46326643922e-05
666 666 8.60456665586e-05
667 667 4.84419485868e-05
668 668 8.39707849166e-05
669 669 2.71046299819e-06
670 670 9.90864371559e-05
671 671 1.54517174667e-05
672 672 9.87712204924e-05
673 673 3859.94330561
674 674 3386.00792484
675 675 5.6795346914e-05
676 676 5.96894499598e-05
677 677 3.75170376232e-05
678 678 1.2386729838e-05
679 679 2.24046336338e-05
680 680 1217.69990046
681 681 5.94296930894e-05
682 682 2.81995497265e-05
683 683 8.74822729714e-05
684 684 3544.88380984
685 685 8.45272880432e-05
686 686 3.43859640166e-05
687 687 1.36201563193e-05
688 688 6.29670977774e-05
689 689 1450.1209069
690 690 9.62733387402e-05
691 691 6.20881096958e-06
692 692 6.87833519214e-05
693 693 8.3834082334e-05
694 694 5.5090881442e-05
695 695 6.80888388507e-05
696 696 4.15360684114e-06
697 697 8.86382064505e-05
698 698 3219.2511397
699 699 2846.10982227
700 700 2752.73559347
701 701 4174.89572006
702 702 6.28134202544e-05
703 703 2631.27305337
704 704 7.86955943201e-05
705 705 3.06527730162e-06
706 706 2.54641906888e-05
707 707 7.64089594279e-06
708 708 6.18849567503e-06
709 709 6.52053109087e-06
710 710 5.70768892854e-05
711 711 5.69458393418e-05
712 712 4392.09753869
713 713 9.04234380844e-06
714 714 4.02598794715e-05
715 715 2.7113256437e-05
716 716 2.99523351552e-05
717 717 3191.66763887
718 718 1047.00060405
719 719 7.22603639017e-05
720 720 5536.68413168
721 721 8.29152878332e-05
722 722 4139.78931354
723 723 2.603268799e-05
724 724 2.76145528275e-05
725 725 9.73751113921e-05
726 726 1.1981824295e-05
727 727 1060.44001328
728 728 1872.61257834
729 729 4741.05719364
730 730 7.39992595368e-05
731 731 9.86147165692e-05
732 732 5.02133256543e-05
733 733 7.11198839479e-05
734 734 5.69655691429e-06
735 735 5.90587464848e-05
736 736 6.71507728452e-05
737 737 4.40242933402e-05
738 738 5.69445982464e-06
739 739 1217.632371
740 740 8.45468530962e-05
741 741 3.73700858539e-05
742 742 8.99004334844e-05
743 743 3.57434238506e-05
744 744 7.22043864663e-06
745 745 9.65635245713e-06
746 746 4.16710932085e-05
747 747 7.82898676047e-05
748 748 2.1921511831e-05
749 749 8.19753155602e-05
750 750 1.7665333961e-05
751 751 2059.5558137
752 752 8.99779086525e-05
753 753 5.07986674334e-05
754 754 3.43515417821e-05
755 755 2.82463510612e-05
756 756 3140.33030865
757 757 3.36126885209e-05
758 758 7.42560497039e-06
759 759 5.44171296027e-05
760 760 9.0098343061e-05
761 761 2481.65341618
762 762 8.91445883355e-05
763 763 3597.63493938
764 764 6.01624087655e-05
765 765 2.91050871225e-05
766 766 4.63988281091e-05
767 767 6.63612940991e-05
768 768 5.97600285585e-05
769 769 2485.60769638
770 770 3.27130022082e-05
771 771 3.85098853064e-05
772 772 2.58494657112e-05
773 773 5.876724563e-05
774 774 7.10044847526e-05
775 775 5.62404349655e-05
776 776 1.88118765422e-05
777 777 3.20548644757e-06
778 778 8.19803482409e-05
779 779 5431.56653932
780 780 2572.76771302
781 781 6.22141377363e-05
782 782 5.90180963753e-05
783 783 9.12772223276e-05
784 784 4.64618798176e-05
785 785 8.35337879671e-05
786 786 1100.68297385
787 787 3061.46694347
788 788 6.16913220151e-06
789 789 2720.11277398
790 790 3180.60194361
791 791 9.45697296359e-05
792 792 296.973534679
793 793 1303.04334094
794 794 9.57620766339e-05
795 795 289.276042538
796 796 6.21168013217e-05
797 797 9.86656822643e-05
798 798 8.48674491222e-05
799 799 9.01200362288e-05
800 800 5.40085034365e-05
801 801 3.99900263637e-05
802 802 5406.59686506
803 803 2.16489830404e-05
804 804 4194.63032639
805 805 6.53670111937e-06
806 806 5.37340514679e-05
807 807 7.34224747351e-05
808 808 5.73935928857e-05
809 809 7.62963907091e-05
810 810 1647.15343922
811 811 4852.99905565
812 812 2486.20377813
813 813 6.00246582396e-05
814 814 985.889115389
815 815 9.24241535927e-05
816 816 6.2821985449e-05
817 817 7.43335400582e-05
818 818 1.19918045735e-05
819 819 364.688553447
820 820 9.11834313272e-05
821 821 1.50593019613e-05
822 822 9.11900933238e-05
823 823 9.08557872774e-05
824 824 9.39737601142e-05
825 825 8.86010150591e-05
826 826 7.1007724783e-05
827 827 7.89248369038e-05
828 828 3.61205184661e-06
829 829 5388.96134018
830 830 2.24553115538e-06
831 831 1.46923134923e-05
832 832 3.54349294187e-05
833 833 3518.65841265
834 834 1957.63094612
835 835 9.04976006008e-05
836 836 2.97657222021e-05
837 837 4884.3743329
838 838 8.14740035944e-05
839 839 3.48534606112e-05
840 840 8.07130847937e-05
841 841 9.59111913575e-05
842 842 1134.66250398
843 843 974.446820177
844 844 2.93037682402e-05
845 845 9.1168835139e-05
846 846 9.17971887457e-05
847 847 4.76878702471e-05
848 848 2.04836862383e-05
849 849 7.59079015052e-05
850 850 1.51019497285e-06
851 851 4.39412066645e-05
852 852 6.46456796774e-05
853 853 2137.43984329
854 854 4.74549944983e-06
855 855 5.44671659204e-05
856 856 1758.39967492
857 857 6.60964276074e-05
858 858 3.72372642393e-05
859 859 1.21203727907e-05
860 860 9.32751207924e-05
861 861 2.03490787796e-05
862 862 2.61676061633e-05
863 863 3748.90015614
864 864 8.8515493529e-05
865 865 8.96841507177e-05
866 866 4.77563945576e-05
867 867 9.61799271919e-05
868 868 3.51772646789e-05
869 869 4.98923293262e-05
870 870 764.295661799
871 871 5.18106348857e-05
872 872 2650.18999549
873 873 3.41414960023e-05
874 874 8.97172807027e-05
875 875 3.31997258543e-05
876 876 8.55115143495e-05
877 877 5086.76517165
878 878 7.03299656889e-05
879 879 5.11544091525e-05
880 880 2555.12414986
881 881 6.69259689677e-05
882 882 131.005960627
883 883 2542.13032406
884 884 560.001364321
885 885 1769.21733604
886 886 7.17788144442e-05
887 887 4.00456146055e-05
888 888 8.72528032467e-05
889 889 9.17618271269e-05
890 890 7.32458105376e-05
891 891 4.59652153352e-05
892 892 1.45049348367e-05
893 893 4294.99197048
894 894 5.70347862888e-06
895 895 2.76164555611e-05
896 896 9.02401517169e-05
897 897 6.5200047224e-05
898 898 4.722556065e-05
899 899 9.39050483994e-05
900 900 6.29598449795e-07
901 901 5552.76692724
902 902 8.30551617489e-06
903 903 4.39941448529e-05
904 904 2089.89429261
905 905 2.23179319666e-05
906 906 1.89281620547e-05
907 907 8.82248120886e-05
908 908 8.68692808776e-05
909 909 9.46804867495e-05
910 910 4560.1679569
911 911 2885.31805641
912 912 7.68958581434e-06
913 913 8.97914084216e-05
914 914 5.63888262072e-05
915 915 6.2956047555e-05
916 916 9.82367029219e-05
917 917 4.20624801412e-06
918 918 1816.86072418
919 919 5.03117418765e-05
920 920 3.87215406616e-05
921 921 1.12237790693e-05
922 922 5.41419164972e-05
923 923 1.49971256067e-05
924 924 4.08945465067e-05
925 925 4137.2568042
926 926 2.12950647914e-05
927 927 3.37550430094e-05
928 928 1326.20007641
929 929 3341.65475113
930 930 2260.73138039
931 931 9.33670928686e-05
932 932 227.293107302
933 933 1163.7224488
934 934 683.771847924
935 935 3.22606967085e-05
936 936 6.62423097685e-05
937 937 9.11722708294e-05
938 938 4.9260784299e-05
939 939 2646.10964291
940 940 1515.59261617
941 941 1.81873498634e-07
942 942 1.00867324967e-05
943 943 3.573673285e-05
944 944 2.39019889478e-05
945 945 1.21208097007e-05
946 946 4626.69536457
947 947 7.03426662991e-06
948 948 6.37511123879e-05
949 949 9.42453804032e-05
950 950 3971.05632867
951 951 4569.71894663
952 952 3436.0075621
953 953 6.28215805828e-05
954 954 8.65056905646e-06
955 955 4.09531607322e-05
956 956 6.0400751143e-05
957 957 2.77850943073e-05
958 958 2708.31698403
959 959 2.97186106999e-05
960 960 8.30221190621e-05
961 961 4597.56302947
962 962 3.46409192241e-05
963 963 2025.61891384
964 964 4769.79291213
965 965 5.62945475581e-05
966 966 3.37363681997e-05
967 967 9.31195889813e-05
968 968 1.86131221166e-06
969 969 8.60208591515e-05
970 970 6.54830355363e-05
971 971 8.06442151511e-05
972 972 4000.19707547
973 973 8.43971570706e-05
974 974 4673.77640296
975 975 3891.10318619
976 976 3.49992352389e-05
977 977 7.93484624885e-05
978 978 1.85865481242e-05
979 979 3.72118997508e-05
980 980 2848.94418864
981 981 174.10806498
982 982 7.32215695388e-05
983 983 2845.22398623
984 984 4313.09838045
985 985 6.63633549885e-05
986 986 276.806861488
987 987 5.67344202157e-05
988 988 5541.67489877
989 989 2326.36926297
990 990 5624.40370297
991 991 8.16203072399e-05
992 992 7.90641497352e-05
993 993 4974.41992522
994 994 5.64389780696e-05
995 995 1.83578055791e-05
996 996 3.40916675314e-05
997 997 9.02256660439e-05
998 998 7.3591354735e-05
999 999 4174.93744354
1000 1000 3.39313128105e-05
1001 1001 5566.8477859
1002 1002 5.32289517244e-05
1003 1003 809.466458623
1004 1004 4468.28562183
1005 1005 8.53472836557e-05
1006 1006 3985.61023402
1007 1007 6.61418953685e-05
1008 1008 4352.62277727
1009 1009 1.94056566544e-06
1010 1010 4.77300522793e-05
1011 1011 7.1433145558e-06
1012 1012 6.27119635533e-05
1013 1013 7.0613584749e-05
1014 1014 3.28557936357e-05
1015 1015 754.895822148
1016 1016 2.44250427127e-05
1017 1017 2682.71448216
1018 1018 2523.55479619
1019 1019 2054.41539108
1020 1020 6.39713266532e-05
1021 1021 4.64417828779e-05
1022 1022 1.96949811863e-06
1023 1023 4.33471239826e-05
1024 1024 4953.99035927
1025 1025 7.25603713057e-05
1026 1026 7.38409971635e-05
1027 1027 9.96329322374e-05
1028 1028 9.60164431734e-05
1029 1029 5.0401928316e-05
1030 1030 3.14344409395e-05
1031 1031 2729.81287611
1032 1032 7.32702421029e-05
1033 1033 8.54677466369e-05
1034 1034 9.41254426272e-05
1035 1035 6.26732855856e-05
1036 1036 4.78618346227e-05
1037 1037 7.51799882727e-05
1038 1038 3.01199292688e-05
1039 1039 8.55030896232e-05
1040 1040 4.90550335513e-05
1041 1041 8.28670587845e-06
1042 1042 7.87900975616e-05
1043 1043 8.02804093419e-05
1044 1044 9.05339382967e-05
1045 1045 1656.0346689
1046 1046 477.527486046
1047 1047 1.33824508066e-05
1048 1048 6.03046903401e-05
1049 1049 8.77191779562e-05
1050 1050 2666.08891755
1051 1051 7.38447646194e-05
1052 1052 1.82630176015e-05
1053 1053 2546.68191005
1054 1054 4710.09837722
1055 1055 68.5297957736
1056 1056 867.371771707
1057 1057 9.90235128894e-05
1058 1058 357.861314793
1059 1059 990.054968648
1060 1060 5.13929522441e-06
1061 1061 9.35902572312e-05
1062 1062 3.99510666708e-05
