1 1 374.687854796
2 2 172.789632746
3 3 0.00594757154659
4 4 542.47461975
5 5 93.256978149
6 6 81.2913120442
7 7 451.622337923
8 8 0.00444293135852
9 9 408.346262829
10 10 23.9234511452
11 11 0.00497026845122
12 12 540.921832293
13 13 537.686782438
14 14 23.2294241322
15 15 563.925531567
16 16 625.668767026
17 17 298.862465002
18 18 96.3826500303
19 19 215.757195548
20 20 53.6237523448
21 21 386.404115967
22 22 476.526101296
23 23 66.3064406773
24 24 24.8168703066
25 25 519.811805466
26 26 0.00039714805206
27 27 0.00530261956517
28 28 153.842888945
29 29 0.007865347073
30 30 0.00311874779816
31 31 173.223740969
32 32 0.00770251634411
33 33 0.00497174123093
34 34 0.00577865524308
35 35 421.807159194
36 36 181.689824433
37 37 0.00329342698042
38 38 52.4265439876
39 39 331.585110689
40 40 181.776467921
41 41 0.00572837025937
42 42 407.627369082
43 43 0.00457403162341
44 44 340.445389324
45 45 304.607650291
46 46 165.096709218
47 47 499.689457433
48 48 0.0093264218768
49 49 348.938044691
50 50 0.000149139182484
51 51 10.0913499031
52 52 0.00821287465017
53 53 592.199564607
54 54 92.4771385274
55 55 0.00371057365309
56 56 507.883457659
57 57 264.425806886
58 58 17.6328145389
59 59 502.795509211
60 60 7.89484452495
61 61 56.9520599919
62 62 142.951844134
63 63 387.205814445
64 64 97.1473603001
65 65 592.560770498
66 66 41.7926187954
67 67 260.294032512
68 68 484.122631013
69 69 109.72907401
70 70 365.3643941
71 71 0.00133992350633
72 72 31.9646811175
73 73 269.801005151
74 74 257.03656827
75 75 256.944174551
76 76 0.00326751720964
77 77 371.146877315
78 78 533.726431938
79 79 69.1165922348
80 80 530.691569121
81 81 213.884959912
82 82 189.530812783
83 83 422.751179206
84 84 246.148597499
85 85 554.669283495
86 86 537.60483602
87 87 85.59462357
88 88 559.946640246
89 89 540.891951068
90 90 0.00601768950572
91 91 267.59382613
92 92 569.675049173
93 93 180.381827707
94 94 0.00571393334182
95 95 351.014630652
96 96 594.227030008
97 97 228.082484888
98 98 136.36947887
99 99 86.3541433327
100 100 596.707629478
101 101 124.028142184
102 102 0.00920908364973
103 103 482.135133117
104 104 0.00487497673572
105 105 544.659561499
106 106 182.62439507
107 107 0.00506838513399
108 108 110.528079872
109 109 150.80814425
110 110 391.402916732
111 111 0.00184979695959
112 112 585.43662646
113 113 99.2056416532
114 114 0.00765424073285
115 115 536.481508448
116 116 432.515302565
117 117 395.449671579
118 118 466.149013653
119 119 380.95280048
120 120 198.166079042
121 121 108.921848065
122 122 0.00151475765716
123 123 0.00404080651356
124 124 123.278746597
125 125 586.114035675
126 126 71.1491435236
127 127 0.00176170662444
128 128 0.00408981679721
129 129 561.52499333
130 130 109.371772655
131 131 169.743021814
132 132 0.00174458827261
133 133 166.887725495
134 134 431.33307466
135 135 279.81105024
136 136 492.715376186
137 137 393.335818484
138 138 333.853288985
139 139 48.8295584182
140 140 0.00570922569142
141 141 329.783986032
142 142 77.9955888544
143 143 132.575156324
144 144 543.228212241
145 145 423.057362668
146 146 330.331242797
147 147 0.00102104608874
148 148 98.5080322597
149 149 560.443473198
150 150 0.000863238508049
151 151 228.944774236
152 152 232.679925214
153 153 274.868760589
154 154 0.00925722070259
155 155 172.45192885
156 156 409.787403864
157 157 578.867490108
158 158 181.068533136
159 159 47.5499996059
160 160 67.9092462199
161 161 0.00446717067271
162 162 159.393321849
163 163 333.202211823
164 164 0.00530261797522
165 165 0.00519647523092
166 166 509.040898793
167 167 567.262185398
168 168 0.00628970299464
169 169 412.450561614
170 170 467.00870095
171 171 0.00332772136104
172 172 514.368534347
173 173 483.581104697
174 174 0.000981733921465
175 175 203.822114531
176 176 14.4942541017
177 177 371.147810859
178 178 256.972080198
179 179 0.00469997211996
180 180 557.142126382
181 181 23.0252972267
182 182 0.00829475189652
183 183 467.145164157
184 184 0.00863878246931
185 185 552.807441645
186 186 83.7957661434
187 187 148.926804296
188 188 404.585996528
189 189 415.984166573
190 190 488.468973
191 191 391.747407624
192 192 0.00256071262544
193 193 23.2040419497
194 194 485.046040063
195 195 309.433245801
196 196 449.498933518
197 197 0.0093090196191
198 198 0.00628914523794
199 199 544.367118721
200 200 324.167860928
201 201 325.326976862
202 202 0.00877000525577
203 203 0.00899085954097
204 204 6.68945768827
205 205 153.750706569
206 206 0.0066268174227
207 207 0.00268326610023
208 208 550.082960081
209 209 229.720636795
210 210 51.2537130862
211 211 488.807467567
212 212 0.00616142815574
213 213 173.802533258
214 214 0.00872039607705
215 215 33.838194657
216 216 0.00929117429393
217 217 4.13843551638
218 218 0.0052031227461
219 219 0.00954007931826
220 220 0.00570107996876
221 221 596.778100258
222 222 449.413412916
223 223 0.00211941611184
224 224 185.916197787
225 225 0.00898005290011
226 226 68.0119336031
227 227 171.907764011
228 228 527.306825815
229 229 0.00839554229847
230 230 0.00359290326149
231 231 250.209496852
232 232 154.670290887
233 233 498.762183609
234 234 0.00484464396361
235 235 441.199217245
236 236 607.755214376
237 237 3.57164110112
238 238 0.00214832263519
239 239 119.485448465
240 240 517.412328396
241 241 0.00736242869227
242 242 57.5518613351
243 243 605.104188763
244 244 0.00439063193675
245 245 0.00518334631296
246 246 6.22737621804
247 247 202.524729596
248 248 454.395407534
249 249 0.00457728682433
250 250 432.704326714
251 251 196.163079354
252 252 360.60124614
253 253 0.00218700493433
254 254 22.3638183551
255 255 0.00379327191183
256 256 0.00750623486395
257 257 477.736642707
258 258 43.3420545815
259 259 506.890411905
260 260 531.136017197
261 261 0.00301640688226
262 262 0.00916753447418
263 263 0.00661168578706
264 264 0.00403647926089
265 265 432.886749183
266 266 0.00855379041408
267 267 37.3171831542
268 268 597.358196807
269 269 0.00737827495809
270 270 164.112345951
271 271 457.008375766
272 272 334.861485597
273 273 564.700572158
274 274 280.894437715
275 275 525.207284425
276 276 340.518770057
277 277 242.169394626
278 278 32.5429192191
279 279 496.809948782
280 280 209.312834361
281 281 295.063432442
282 282 11.3677060564
283 283 495.646128425
284 284 249.087403628
285 285 26.7789919814
286 286 77.8054774784
287 287 0.00098137938021
288 288 325.548700457
289 289 121.781386397
290 290 0.00233511802527
291 291 88.387648278
292 292 0.00509817601438
293 293 136.220160732
294 294 465.910127167
295 295 0.00656722445753
296 296 66.2218152909
297 297 311.043288512
298 298 0.00376044248467
299 299 136.410174043
300 300 453.858379073
301 301 385.466777664
302 302 0.000764359301424
303 303 327.89967138
304 304 210.791673436
305 305 131.92502189
306 306 425.556793956
307 307 243.408003863
308 308 215.074460668
309 309 462.797091075
310 310 596.265896205
311 311 177.565150568
312 312 99.4383274847
313 313 38.5365947227
314 314 217.666408992
315 315 148.877105388
316 316 160.896648871
317 317 240.539770425
318 318 322.573370361
319 319 0.00978809076445
320 320 143.252355269
321 321 96.8083193327
322 322 427.311101585
323 323 438.591466181
324 324 0.00587536658446
325 325 0.00594672422007
326 326 0.00779202551459
327 327 277.423769626
328 328 0.00305159338423
329 329 501.975180306
330 330 0.00921324492571
331 331 154.195394905
332 332 95.2861263272
333 333 76.1791207116
334 334 392.221176574
335 335 280.090555734
336 336 0.00553621523724
337 337 0.00279973509156
338 338 26.7027303102
339 339 340.502699487
340 340 0.00571265683425
341 341 390.540149394
342 342 208.249083453
343 343 28.8361389888
344 344 14.5196104846
345 345 402.609681937
346 346 0.00045845989848
347 347 0.00473575585724
348 348 50.2028008676
349 349 1.88144364151
350 350 321.909857107
351 351 288.462470195
352 352 380.748285337
353 353 204.619488412
354 354 337.550134204
355 355 0.00593957629188
356 356 44.650470599
357 357 112.897278832
358 358 174.673896745
359 359 570.869240617
360 360 68.1571568479
361 361 110.099858963
362 362 391.627676031
363 363 35.7296634838
364 364 0.00350128669338
365 365 83.4927216766
366 366 362.821629186
367 367 5.83378394781
368 368 0.00504601232658
369 369 0.00727862796965
370 370 0.00724899274242
371 371 50.633827871
372 372 250.379571665
373 373 302.905106819
374 374 549.848430359
375 375 0.00514692326363
376 376 594.869367216
377 377 0.00415540498722
378 378 173.752699178
379 379 590.903689728
380 380 620.009235258
381 381 525.397956749
382 382 366.087008142
383 383 563.62520003
384 384 27.3982063751
385 385 284.301042594
386 386 252.841106584
387 387 228.613348503
388 388 567.488011703
389 389 334.340050711
390 390 506.000744928
391 391 297.470197921
392 392 123.982080819
393 393 0.00389042106575
394 394 0.00448451193703
395 395 0.00996518488147
396 396 393.490091087
397 397 332.575317183
398 398 574.090609463
399 399 373.275061852
400 400 446.137620665
401 401 258.643903555
402 402 48.2595707212
403 403 517.161331092
404 404 277.192671536
405 405 438.729941221
406 406 106.319328149
407 407 63.00490269
408 408 179.206635152
409 409 0.005519029633
410 410 164.755624831
411 411 259.720282396
412 412 95.1632281267
413 413 106.138782566
414 414 101.736264496
415 415 55.159676675
416 416 235.034147016
417 417 298.797928002
418 418 528.32834912
419 419 198.250403982
420 420 499.811678098
421 421 118.334147332
422 422 0.00474520320413
423 423 149.635358179
424 424 0.0059016002074
425 425 0.00527875869035
426 426 72.6608059547
427 427 127.538314664
428 428 73.01884226
429 429 204.169522781
430 430 118.499690913
431 431 221.195969186
432 432 195.62977608
433 433 440.271449087
434 434 173.485944157
435 435 543.872448811
436 436 429.358947278
437 437 83.0114935176
438 438 0.00707270716909
439 439 489.301500979
440 440 0.0685577693683
441 441 301.719720523
442 442 295.191732482
443 443 535.307993384
444 444 10.2738924638
445 445 0.000590529352644
446 446 106.5812016
447 447 0.00219533868956
448 448 613.758268126
449 449 448.773677907
450 450 0.00309525924565
451 451 400.735967733
452 452 0.00896938569579
453 453 0.00432653981406
454 454 295.416491201
455 455 292.558510383
456 456 0.00560104909903
457 457 78.5477432234
458 458 102.017162734
459 459 71.6680685574
460 460 521.932478304
461 461 479.396650207
462 462 41.3875457696
463 463 283.243068284
464 464 0.00428526417785
465 465 0.00642338214009
466 466 337.152139247
467 467 225.714929806
468 468 0.000709477407767
469 469 124.302167955
470 470 0.00459502951834
471 471 263.163765012
472 472 325.844389583
473 473 456.182355158
474 474 138.317513515
475 475 0.00367731911211
476 476 341.448895961
477 477 78.3774077114
478 478 0.00273387977258
479 479 142.087957259
480 480 621.48771107
481 481 17.1575971894
482 482 529.269738542
483 483 113.536120787
484 484 94.5668511522
485 485 204.392331196
486 486 0.000647897795113
487 487 0.00614045466186
488 488 484.290549191
489 489 116.606935603
490 490 563.50263459
491 491 108.942378268
492 492 354.022055484
493 493 514.764038502
494 494 255.904798026
495 495 524.0931975
496 496 0.00715799582809
497 497 602.619618941
498 498 0.00648707051843
499 499 505.4721653
500 500 193.5988884
501 501 154.148555441
502 502 371.368217443
503 503 473.363527368
504 504 0.00269903956753
505 505 311.032869657
506 506 0.00268253797541
507 507 73.7856555029
508 508 482.030754545
509 509 0.00891508976569
510 510 0.00670420496035
511 511 240.339011203
512 512 129.543749809
513 513 396.885576932
514 514 0.00832006669506
515 515 465.939489311
516 516 431.577462551
517 517 172.293640078
518 518 0.00899405906817
519 519 299.979795304
520 520 168.161471026
521 521 0.000509718689183
522 522 517.775623304
523 523 322.168128581
524 524 85.429384658
525 525 410.690848526
526 526 553.371077764
527 527 425.790951765
528 528 0.00842462101693
529 529 0.000378072883719
530 530 415.836885821
531 531 0.00169029617569
532 532 300.358748825
533 533 317.80966314
534 534 356.053083739
535 535 542.88609972
536 536 398.894890324
537 537 0.0071204951631
538 538 0.00235043539087
539 539 447.970032648
540 540 0.00724842683504
541 541 377.78048556
542 542 561.350594148
543 543 0.00324880247326
544 544 86.7263037239
545 545 585.623962348
546 546 345.06817711
547 547 31.0274660695
548 548 0.0084956133297
549 549 430.064205823
550 550 0.00165440982276
551 551 171.760304849
552 552 450.579345272
553 553 584.731164513
554 554 297.40262986
555 555 317.951389504
556 556 1.34450364707
557 557 98.4634843818
558 558 0.00846539909018
559 559 527.727430356
560 560 0.00463710065577
561 561 27.1809550067
562 562 25.9745059466
563 563 0.00761479859846
564 564 455.908470453
565 565 0.00645635002369
566 566 0.00287520863708
567 567 179.634582511
568 568 422.753968849
569 569 94.5627934835
570 570 0.00258921338845
571 571 523.918538519
572 572 410.697286961
573 573 480.661076748
574 574 609.250727243
575 575 101.934995969
576 576 268.694066913
577 577 0.00623151612648
578 578 0.00617882518651
579 579 0.0055113931745
580 580 0.00980189745617
581 581 0.000784797444971
582 582 206.040268898
583 583 565.99705168
584 584 309.034641129
585 585 0.00734428676036
586 586 427.609255932
587 587 185.745913612
588 588 508.520860222
589 589 571.685751341
590 590 380.888811804
591 591 421.297019524
592 592 130.964858013
593 593 384.516344617
594 594 0.00615327965421
595 595 0.00548983984422
596 596 258.134549435
597 597 499.601001017
598 598 140.661032008
599 599 0.00685954808428
600 600 51.2463608199
601 601 434.782963166
602 602 116.528565882
603 603 0.00809032464358
604 604 208.369678004
605 605 0.00525828745838
606 606 502.427674861
607 607 428.697350071
608 608 266.367253723
609 609 0.00389605509578
610 610 240.955807164
611 611 602.070155936
612 612 287.169038733
613 613 468.278675588
614 614 238.146986585
615 615 436.493623414
616 616 12.4271391349
617 617 322.005030835
618 618 8.00245294844
619 619 538.731319601
620 620 313.556887467
621 621 476.58987685
622 622 0.00759635233629
623 623 321.910239844
624 624 0.00285599715433
625 625 276.409818612
626 626 0.000823919850598
627 627 205.15867678
628 628 121.481309317
629 629 599.565228409
630 630 113.485175227
631 631 522.147688552
632 632 31.9508695263
633 633 25.8157320796
634 634 128.555738588
635 635 178.262721818
636 636 0.00734381257297
637 637 537.363244495
638 638 581.707005545
639 639 519.051079684
640 640 0.00268187364906
641 641 0.00668187683489
642 642 505.242298621
643 643 0.0018379459876
644 644 453.917566049
645 645 354.220130189
646 646 0.00811660526719
647 647 310.299316085
648 648 253.794214635
649 649 612.660375463
650 650 16.8481593135
651 651 0.00761564964665
652 652 512.396277828
653 653 0.00468162703687
654 654 75.0839802556
655 655 83.7635817322
656 656 0.0078443374827
657 657 0.00411503972665
658 658 607.49686013
659 659 274.119981919
660 660 527.196305945
661 661 0.00293957048939
662 662 214.427980401
663 663 0.0019313506618
664 664 336.673339562
665 665 139.340951066
666 666 0.00772753170802
667 667 305.368841919
668 668 286.772131872
669 669 0.00472798211938
670 670 70.7290248022
671 671 0.00635142554863
672 672 93.945516411
673 673 0.00414235237391
674 674 403.118913778
675 675 405.405962717
676 676 0.00776173264008
677 677 408.532632993
678 678 0.00189515749859
679 679 591.654037896
680 680 253.374821332
681 681 616.523578763
682 682 314.724495274
683 683 293.722838031
684 684 0.0026264756935
685 685 0.00549834775945
686 686 0.00182796615748
687 687 0.00231660153029
688 688 63.0923799222
689 689 296.285044171
690 690 0.00550732936577
691 691 403.286076087
692 692 198.782208555
693 693 0.00502361845905
694 694 296.11205851
695 695 0.0041290408379
696 696 379.735308854
697 697 317.051607996
698 698 611.903291268
699 699 161.351852749
700 700 0.00328295359852
701 701 242.54891676
702 702 448.100560127
703 703 601.252758982
704 704 345.489652804
705 705 0.00153300052981
706 706 57.4302094038
707 707 130.433156371
708 708 3.6645225311
709 709 384.949078547
710 710 487.217921456
711 711 418.498270117
712 712 582.713373802
713 713 76.4349412198
714 714 396.442750095
715 715 0.00533937652801
716 716 0.000853666716412
717 717 0.00840002718021
718 718 578.82443655
719 719 187.491358522
720 720 545.099867855
721 721 254.489029623
722 722 18.8793733484
723 723 463.232133392
724 724 460.78418863
725 725 418.24264524
726 726 0.00502704719347
727 727 7.62430076536
728 728 206.542580781
729 729 61.7431409121
730 730 0.00350458098544
731 731 93.6523153709
732 732 522.340488571
733 733 0.00965485320765
734 734 131.256344344
735 735 380.902936461
736 736 591.029246559
737 737 0.00345742344767
738 738 25.6187519626
739 739 139.992234089
740 740 368.731795545
741 741 0.00053979856676
742 742 360.37647887
743 743 0.00865845691648
744 744 0.00398089915171
745 745 284.242734972
746 746 307.979777192
747 747 286.912628992
748 748 303.332020152
749 749 324.016365757
750 750 409.133474568
751 751 0.000350802842426
752 752 351.136369586
753 753 0.00715494197033
754 754 440.948041813
755 755 496.189915935
756 756 0.00532793333925
757 757 317.228182657
758 758 588.685485415
759 759 0.00597095661059
760 760 0.00306247702125
761 761 624.271792341
762 762 444.089734504
763 763 0.00544836007646
764 764 0.00167283200476
765 765 0.0085317553518
766 766 458.037248339
767 767 0.00978790344252
768 768 350.602261897
769 769 320.843333269
770 770 279.100638706
771 771 2.69401179701e-05
772 772 283.572157767
773 773 146.12974633
774 774 427.876086451
775 775 379.272376828
776 776 591.6736797
777 777 449.320861369
778 778 145.085786225
779 779 112.128185353
780 780 293.675269299
781 781 180.715308495
782 782 0.00795614887254
783 783 55.2548621187
784 784 458.009543025
785 785 0.00380847381454
786 786 405.105123966
787 787 528.553490545
788 788 404.159156069
789 789 0.0077858770809
790 790 348.174092218
791 791 466.930365003
792 792 0.00165556868062
793 793 257.611045685
794 794 563.314451867
795 795 140.560302376
796 796 145.002066074
797 797 325.444249173
798 798 149.251185408
799 799 129.997429784
800 800 162.89199893
801 801 616.312376925
802 802 0.00335874851547
803 803 595.661859107
804 804 58.8711963066
805 805 603.947922575
806 806 0.000636035616991
807 807 407.265422205
808 808 195.008660581
809 809 203.822471427
810 810 0.0079866159028
811 811 556.334543074
812 812 189.942676218
813 813 395.356064423
814 814 148.130130583
815 815 0.00585179218974
816 816 146.862173639
817 817 309.209877973
818 818 410.437797286
819 819 114.672388744
820 820 526.062526078
821 821 171.013726214
822 822 0.00153999029095
823 823 0.000830988654705
824 824 0.00641722282719
825 825 304.819802531
826 826 419.454349753
827 827 390.917933648
828 828 95.8024336412
829 829 179.818710929
830 830 300.330943155
831 831 85.4970013792
832 832 368.831532715
833 833 94.1116002221
834 834 516.992843068
835 835 0.00393274588678
836 836 406.053367486
837 837 39.4811183192
838 838 0.00589618428223
839 839 424.23106658
840 840 0.00582442122879
841 841 0.000900802757097
842 842 333.643845459
843 843 288.842567533
844 844 137.516297509
845 845 475.909953855
846 846 425.433397907
847 847 564.853279924
848 848 0.0071246708674
849 849 0.00532019857333
850 850 596.754079792
851 851 502.231345776
852 852 225.167129127
853 853 0.00107386376221
854 854 0.00993231934662
855 855 38.9114784844
856 856 5.9853963501
857 857 509.648083103
858 858 0.0003779146967
859 859 88.2550129735
860 860 159.221945955
861 861 223.852912982
862 862 109.398481651
863 863 456.375857717
864 864 308.681648528
865 865 617.811231578
866 866 451.345451144
867 867 604.120445768
868 868 604.157055007
869 869 219.648401115
870 870 219.435838534
871 871 0.000236847505717
872 872 198.982764473
873 873 0.000384388485873
874 874 419.002725028
875 875 568.713625158
876 876 227.297800365
877 877 517.528956426
878 878 504.42997892
879 879 279.587880976
880 880 136.657746392
881 881 0.00104657156014
882 882 0.00862989181101
883 883 0.00147953854396
884 884 0.00320417142769
885 885 327.520843758
886 886 265.119401955
887 887 0.00365066648293
888 888 111.29381755
889 889 0.00537956390765
890 890 518.429627169
891 891 449.871571644
892 892 106.781123142
893 893 372.508055391
894 894 453.393374473
895 895 0.00600496395325
896 896 160.070983701
897 897 406.555040162
898 898 309.272902448
899 899 252.854472978
900 900 0.00769022165977
901 901 0.0039111749345
902 902 280.427658595
903 903 132.808686203
904 904 550.437342425
905 905 220.146541141
906 906 182.993642727
907 907 233.026785571
908 908 475.477968616
909 909 0.00240910412468
910 910 255.943767939
911 911 202.071205363
912 912 0.00841744969269
913 913 16.737908408
914 914 28.5086433038
915 915 428.144711379
916 916 0.00428811537864
917 917 220.559147267
918 918 567.943671133
919 919 226.408477134
920 920 0.00291119375704
921 921 0.00291838202997
922 922 373.753251032
923 923 291.807745208
924 924 426.756076225
925 925 462.061590575
926 926 572.361880905
927 927 0.00247404317531
928 928 546.261546321
929 929 625.907214508
930 930 514.250986947
931 931 453.294305943
932 932 499.812017833
933 933 462.625067362
934 934 112.124758686
935 935 53.2544742916
936 936 533.790443857
937 937 575.065181824
938 938 399.481751225
939 939 339.817040095
940 940 444.494554862
941 941 0.00408312162301
942 942 176.1854694
943 943 604.343718778
944 944 291.508021777
945 945 18.5830731769
946 946 363.75861511
947 947 0.000510279173451
948 948 20.3187279247
949 949 0.00759342486549
950 950 158.777699331
951 951 317.022484266
952 952 531.885649478
953 953 588.909611523
954 954 83.2498902066
955 955 285.107634828
956 956 0.00763461349408
957 957 254.592628542
958 958 373.766811041
959 959 434.658236816
960 960 420.783346428
961 961 449.023658547
962 962 345.12283954
963 963 530.478033221
964 964 0.00691355394794
965 965 215.985277875
966 966 266.298123969
967 967 70.9920781571
968 968 486.952461157
969 969 162.515808846
970 970 337.346991317
971 971 324.658583098
972 972 165.455068206
973 973 84.4852920965
974 974 476.418694323
975 975 252.0953388
976 976 225.970200262
977 977 3.66119698545e-05
978 978 3.8146672176
979 979 0.00732635287715
980 980 168.620857751
981 981 179.26446396
982 982 365.855709769
983 983 0.00164568796323
984 984 0.00752040727613
985 985 107.077716962
986 986 0.00910043148051
987 987 0.00769016031105
988 988 0.00131869039896
989 989 100.865610104
990 990 556.991656935
991 991 188.495060329
992 992 277.427635795
993 993 490.1038789
994 994 407.934572003
995 995 52.7988294964
996 996 450.37352835
997 997 554.276158525
998 998 113.196724725
999 999 391.440639983
1000 1000 0.00361534413882
1001 1001 453.50107599
1002 1002 160.200345371
1003 1003 0.00955378090369
1004 1004 599.833742323
1005 1005 379.456064907
1006 1006 0.00709446373061
1007 1007 512.311410321
1008 1008 541.608356694
1009 1009 171.486984186
1010 1010 524.556154902
1011 1011 100.726469889
1012 1012 282.536627024
1013 1013 313.04776705
1014 1014 0.00259178119115
1015 1015 47.2398650564
1016 1016 358.887209677
1017 1017 242.148180368
1018 1018 514.581324747
1019 1019 509.330553951
1020 1020 115.185367655
1021 1021 0.00552736191547
1022 1022 518.43339225
1023 1023 38.0788981553
1024 1024 0.00200172150466
1025 1025 0.000877646761258
1026 1026 572.116463265
1027 1027 0.00090543977217
1028 1028 130.418896216
1029 1029 214.695727935
1030 1030 0.00611221621157
1031 1031 608.581167215
1032 1032 18.0313523784
1033 1033 219.724214772
1034 1034 298.32434164
1035 1035 0.00699820930313
1036 1036 316.761124392
1037 1037 513.813511376
1038 1038 558.909169562
1039 1039 67.5510981172
1040 1040 368.472259624
1041 1041 187.462781053
1042 1042 0.00698442041218
1043 1043 286.032509579
1044 1044 129.903225352
1045 1045 131.819916773
1046 1046 0.00341698188915
1047 1047 614.530822933
1048 1048 299.249036927
1049 1049 87.7296323705
1050 1050 141.125565653
1051 1051 0.00780668457931
1052 1052 0.00959734057555
1053 1053 590.228539725
1054 1054 272.133587802
1055 1055 0.000981216384333
1056 1056 439.287520328
1057 1057 3.42274371863
1058 1058 471.235355372
1059 1059 404.681009313
1060 1060 105.449195668
1061 1061 0.00872929965492
1062 1062 82.949357028
1063 1063 0.00114711656778
1064 1064 0.000776346974999
1065 1065 16.9387892731
1066 1066 132.1374574
1067 1067 271.934837973
1068 1068 571.061490443
1069 1069 0.00111405633265
1070 1070 93.6050486616
1071 1071 120.152397987
1072 1072 424.669288312
1073 1073 30.5684730274
1074 1074 563.350051415
1075 1075 399.279016819
1076 1076 485.170932745
1077 1077 482.762745423
1078 1078 508.277745432
1079 1079 443.710271398
1080 1080 314.222776599
1081 1081 163.646969875
1082 1082 0.00997136217733
1083 1083 0.00364145843824
1084 1084 76.9213647079
