1 1 2541.14781346
2 2 8.9141755182e-05
3 3 3.52070342218e-05
4 4 9.38281993351e-05
5 5 8.97163126219e-05
6 6 5000.40401751
7 7 1.58010913931e-05
8 8 5.57744809682e-05
9 9 5.128425718e-05
10 10 9.58087213467e-05
11 11 163.243452262
12 12 2.56555098997e-05
13 13 7.93862745858e-05
14 14 1.96523809832e-05
15 15 1.71788926445e-05
16 16 1.18361827489e-05
17 17 3665.71810404
18 18 5.62387109092e-05
19 19 7.82423826305e-05
20 20 2.14907527079e-05
21 21 6.49152064921e-05
22 22 1.18421705824e-05
23 23 4.2338537044e-05
24 24 2.8280391274e-05
25 25 8.15111264179e-05
26 26 5259.6567621
27 27 3.77954576843e-05
28 28 8.5207758581e-05
29 29 4.47242005668e-05
30 30 7.38664740881e-05
31 31 1.95059120914e-05
32 32 6.6657751433e-05
33 33 4.97689044446e-05
34 34 9.95444154783e-05
35 35 5388.67061925
36 36 9.12788108889e-05
37 37 2769.87285853
38 38 8.94919712553e-05
39 39 1946.91647405
40 40 8.36007630092e-05
41 41 4.07708266633e-05
42 42 7.64740011766e-06
43 43 5.91053829771e-05
44 44 7.32863411989e-05
45 45 9.14191282459e-05
46 46 6.02521891841e-06
47 47 5.11916596449e-05
48 48 4722.36296512
49 49 2169.76020516
50 50 5.06990203648e-05
51 51 5426.19062075
52 52 1.93919608026e-05
53 53 3.98268214253e-05
54 54 9.26063026392e-05
55 55 5.39940387685e-05
56 56 4.96377187913e-06
57 57 9.76127466229e-05
58 58 5.8956991354e-05
59 59 9.63501947978e-05
60 60 1.12803362853e-05
61 61 4.9103375123e-05
62 62 8.28368250232e-05
63 63 4.79817976691e-05
64 64 8.74114657957e-05
65 65 3291.16958621
66 66 5.77499020973e-05
67 67 3.05882456832e-06
68 68 8.73063827441e-06
69 69 3.68474367139e-05
70 70 9.41578769166e-05
71 71 2.18786188846e-05
72 72 1.20451989831e-05
73 73 4537.33511876
74 74 4.42670494016e-06
75 75 6.19108349165e-05
76 76 5.92054635675e-05
77 77 3.49970705941e-05
78 78 9.67908462414e-05
79 79 7.77948208168e-05
80 80 1.09542037553e-05
81 81 5.5539971623e-05
82 82 7.92971557271e-05
83 83 2401.76720312
84 84 9.72820040902e-05
85 85 6.3681957537e-05
86 86 5.34148673119e-05
87 87 6.87283399062e-05
88 88 4.91587180659e-05
89 89 3812.82439374
90 90 7.14482570009e-05
91 91 5.13416467725e-05
92 92 6.91513285147e-05
93 93 9.39018989878e-05
94 94 5035.61572972
95 95 4.15464953426e-05
96 96 3.30309516421e-05
97 97 5036.99130524
98 98 4322.58266479
99 99 2.13445518304e-05
100 100 4.48968990638e-05
101 101 1736.86147383
102 102 2.62108400578e-05
103 103 4431.74468462
104 104 768.867722367
105 105 6.84244040379e-05
106 106 8.78496089038e-06
107 107 1.94332918345e-06
108 108 8.69877428642e-05
109 109 2252.11578853
110 110 4.36074770308e-05
111 111 3301.02297001
112 112 5.89285684912e-05
113 113 2.12905709979e-05
114 114 6.14386756898e-06
115 115 8.56419507596e-05
116 116 9.13174134312e-05
117 117 7.32342361839e-05
118 118 8.74899945243e-05
119 119 7.00163651913e-05
120 120 6.53416605937e-05
121 121 7.86493916717e-05
122 122 9.25591723245e-06
123 123 1108.22122131
124 124 7.47604744389e-05
125 125 1.02432699343e-05
126 126 5385.72765473
127 127 2.09228345153e-05
128 128 8.55695987887e-05
129 129 432.091810939
130 130 867.580166496
131 131 4081.29412285
132 132 9.69352915429e-05
133 133 4.17369960536e-06
134 134 4.96116284263e-05
135 135 4182.00045606
136 136 3864.69850268
137 137 4.79192740817e-05
138 138 9.56890138245e-05
139 139 4.64928196201e-05
140 140 3760.34393907
141 141 3.41871243536e-05
142 142 8.61749587158e-06
143 143 8.51118364328e-05
144 144 3570.66166842
145 145 3701.77792689
146 146 9.40417428118e-06
147 147 2.0039083152e-05
148 148 5.59723717349e-05
149 149 1.98463376706e-05
150 150 2.78346767875e-05
151 151 3126.97346507
152 152 875.032375931
153 153 2.09323784757e-05
154 154 3756.10185402
155 155 1180.16881974
156 156 6.28956282417e-05
157 157 2490.64095335
158 158 1.50091780795e-05
159 159 7.16928542777e-05
160 160 4.63900537181e-05
161 161 692.221356658
162 162 4.34595487537e-05
163 163 5.62003621505e-05
164 164 5.19418546893e-05
165 165 6.93153835077e-05
166 166 504.997670413
167 167 2.90910086504e-05
168 168 7.61689746506e-05
169 169 9.98808632434e-05
170 170 9.31634363042e-06
171 171 9.1007956359e-05
172 172 9.83593988171e-05
173 173 9.65627897015e-05
174 174 9.59484579511e-05
175 175 1.20804486748e-05
176 176 5.63245018519e-06
177 177 7.67269165083e-05
178 178 4.35559150337e-05
179 179 3.37278325377e-05
180 180 2.01224926704e-05
181 181 7.53098458787e-05
182 182 4920.39159258
183 183 9.25138502293e-05
184 184 8.48008789891e-05
185 185 1.87773474217e-05
186 186 2.23195658955e-05
187 187 1.09194549133e-05
188 188 9.63682488272e-05
189 189 5.73877826117e-05
190 190 3.46037325436e-05
191 191 5.66944073426e-05
192 192 1.24679324831e-05
193 193 8.80804326858e-05
194 194 5.27725942326e-06
195 195 1220.5936367
196 196 4.17741458995e-06
197 197 3081.16790938
198 198 8.45177727268e-05
199 199 1.63399428633e-05
200 200 2904.08548739
201 201 5.24796055925e-07
202 202 6.47471692016e-05
203 203 4.01208810435e-06
204 204 4620.65237082
205 205 3.10179967856e-05
206 206 1925.24487189
207 207 3.06571186895e-05
208 208 4454.75466354
209 209 9.38752741697e-05
210 210 2.32152123692e-05
211 211 2810.46105987
212 212 9.53560853354e-05
213 213 1.73759976926e-05
214 214 2.94770854136e-06
215 215 5.79814051572e-05
216 216 8.06066039153e-05
217 217 2.92726643773e-05
218 218 6.37436344105e-05
219 219 2.84271788119e-05
220 220 9.53230607766e-05
221 221 7.56048802578e-05
222 222 1651.92960917
223 223 1016.59202583
224 224 9.41095469771e-05
225 225 3.20489446075e-05
226 226 8.3740485156e-05
227 227 2255.47334755
228 228 4.09292595663e-05
229 229 4.6944522312e-05
230 230 7.96894895102e-05
231 231 5131.42074512
232 232 2.43002724664e-05
233 233 7.44248970323e-05
234 234 456.261814571
235 235 9.85482578623e-05
236 236 3.15427366469e-07
237 237 9.21595176746e-05
238 238 3777.09297935
239 239 5.53665478555e-05
240 240 2.3024704815e-05
241 241 3893.70785868
242 242 2.21555258698e-05
243 243 5.56502300238e-05
244 244 9.95713195602e-05
245 245 1761.81307146
246 246 3429.3688286
247 247 8.50611742653e-05
248 248 2839.36448905
249 249 575.969036778
250 250 5342.30310301
251 251 7.18752394559e-05
252 252 2.58093756159e-05
253 253 4.38527812833e-06
254 254 5.07835440785e-05
255 255 9.05422261165e-05
256 256 2529.57813032
257 257 1881.22937443
258 258 9.84372249457e-05
259 259 7.6627666537e-05
260 260 1.68805903087e-06
261 261 1776.65320846
262 262 5618.05718974
263 263 330.886680862
264 264 1.69233320778e-06
265 265 7.33861560838e-05
266 266 3.74195414157e-06
267 267 3335.43578696
268 268 2.42309134915e-05
269 269 8.95284673957e-05
270 270 3.55140868678e-05
271 271 6.01578464996e-05
272 272 2788.75370356
273 273 2632.56665292
274 274 2.41745126527e-05
275 275 4.502495116e-05
276 276 3027.91213685
277 277 7.90201077599e-05
278 278 7.31207453876e-05
279 279 5.39467561312e-06
280 280 4524.13076247
281 281 2.0030725681e-05
282 282 5.99848870086e-05
283 283 2909.16599611
284 284 2269.73450386
285 285 6.4880107286e-05
286 286 5.32226720874e-05
287 287 4.15287114251e-05
288 288 5.05369316981e-05
289 289 7.36049325824e-05
290 290 2.54564484785e-05
291 291 5459.2687642
292 292 1.35921281888e-05
293 293 6.53017000436e-05
294 294 1.22278658334e-07
295 295 8.1312145305e-05
296 296 3.03492147055e-05
297 297 1600.33119106
298 298 3.96489223801e-05
299 299 1.60275105673e-05
300 300 7.45891556907e-05
301 301 3803.40639066
302 302 5575.47651949
303 303 8.83284739862e-05
304 304 9.56562048771e-05
305 305 3.53827542831e-05
306 306 4493.21276805
307 307 2.0340146224e-05
308 308 6.50175524679e-05
309 309 1.12762372748e-05
310 310 6.63237383022e-05
311 311 4.9249112307e-05
312 312 8.40973505982e-05
313 313 3695.45267962
314 314 4.80506716549e-05
315 315 7.42017924366e-05
316 316 9.1827307461e-05
317 317 7.4238367732e-05
318 318 1.87056875107e-06
319 319 1.78634398824e-05
320 320 3.14632325165e-05
321 321 5104.65589293
322 322 4.17683541195e-05
323 323 8.74267614537e-05
324 324 1.41490036097e-05
325 325 3.8170143868e-06
326 326 2.80337424463e-05
327 327 2308.13429219
328 328 2642.21214418
329 329 281.694630521
330 330 5.45340770962e-05
331 331 4.47027087016e-05
332 332 3.33725390195e-05
333 333 6.7024691817e-05
334 334 4781.39908517
335 335 4.03201723617e-05
336 336 2.20455042723e-05
337 337 3.00490814067e-05
338 338 8.20775842321e-05
339 339 1.43416573281e-05
340 340 2.38242158437e-05
341 341 8.30956271297e-05
342 342 2.79828244336e-05
343 343 2331.75079011
344 344 1182.01044254
345 345 2.64828107613e-05
346 346 8.78442941338e-05
347 347 8.50297918316e-05
348 348 4871.40091583
349 349 6.41386405268e-05
350 350 7.35465406188e-05
351 351 2027.84956287
352 352 7.15124003259e-05
353 353 2.45509280045e-05
354 354 7.81859763706e-05
355 355 5.94505578246e-05
356 356 1.84509295046e-05
357 357 4.18661434201e-05
358 358 8.47367069779e-05
359 359 7.56226030703e-05
360 360 3.95651446635e-05
361 361 6.69572904125e-05
362 362 9.04658825861e-05
363 363 4.54926184611e-05
364 364 4.14479614088e-05
365 365 7.31863955303e-05
366 366 4387.87880278
367 367 8.55462041896e-05
368 368 8.31419773334e-05
369 369 8.56152672884e-05
370 370 529.764142773
371 371 3110.26416388
372 372 3.0585246388e-05
373 373 1562.68910079
374 374 8.8438090407e-05
375 375 1.37050021078e-06
376 376 6.18106886693e-05
377 377 7.57385867866e-05
378 378 2.2702279151e-05
379 379 7.90609815883e-05
380 380 3.59316113574e-05
381 381 7.95454027923e-06
382 382 5.51038778411e-05
383 383 1159.12179152
384 384 7.9183670762e-05
385 385 6.89215667924e-06
386 386 518.072100555
387 387 4419.17516201
388 388 5191.6033661
389 389 5.17996172385e-05
390 390 4.92244763579e-06
391 391 4.31500412484e-05
392 392 8.00968594843e-05
393 393 5389.22508353
394 394 4883.96621494
395 395 2.14145739836e-05
396 396 1.28211191417e-05
397 397 2.14371934221e-05
398 398 8.98865000146e-05
399 399 7.33994302162e-05
400 400 9.84008219095e-05
401 401 2.87232260536e-06
402 402 2.25907556039e-05
403 403 1.86507315752e-05
404 404 1.59352361317e-05
405 405 3.10334267057e-05
406 406 6.10097637787e-05
407 407 3.43811974674e-05
408 408 3.12064741367e-05
409 409 2.69668969159e-05
410 410 8.87156193274e-05
411 411 8.78962602566e-05
412 412 6.0432292339e-05
413 413 5.56205454375e-05
414 414 3112.28558549
415 415 8.83985268581e-05
416 416 503.522293714
417 417 3.81239690418e-05
418 418 2186.08890686
419 419 9.00343050906e-05
420 420 5.17664280474e-06
421 421 2.64053437892e-06
422 422 7.13467369975e-05
423 423 575.135070219
424 424 1139.96930108
425 425 5.88653427592e-06
426 426 2.58219887058e-05
427 427 1.53428576669e-05
428 428 7.82317569357e-05
429 429 873.152471047
430 430 5.10768986725e-05
431 431 8.8371520272e-05
432 432 9.13547975864e-05
433 433 3914.80859107
434 434 3.27306800626e-05
435 435 5.44883389433e-05
436 436 5.33094768279e-05
437 437 1.81305047375e-05
438 438 4.25555974706e-05
439 439 3.46964554119e-05
440 440 4390.28150414
441 441 1.81584391238e-05
442 442 1.94500351614e-05
443 443 6.93896758592e-05
444 444 7.76197021702e-05
445 445 8.99162786195e-05
446 446 6.08349530676e-05
447 447 9.80900262427e-05
448 448 1313.69269695
449 449 5.77288068741e-05
450 450 6.77340822176e-05
451 451 2445.44862909
452 452 190.495220073
453 453 8.70842916712e-05
454 454 4.43920169513e-05
455 455 3.38326180349e-05
456 456 3277.31994154
457 457 2866.28635052
458 458 7.68082446368e-05
459 459 5.36644918834e-05
460 460 8.04086280213e-05
461 461 2.40008080253e-05
462 462 2132.13282628
463 463 2.54540513019e-05
464 464 1763.39137872
465 465 2.9115128823e-05
466 466 2.07612597318e-05
467 467 9.58210754796e-05
468 468 5.4440736503e-05
469 469 1.0706967451e-05
470 470 1.12902564175e-05
471 471 4.88232167393e-05
472 472 3395.416002
473 473 1.61363154888e-05
474 474 6.71231712131e-05
475 475 3.74331675146e-05
476 476 4226.46414723
477 477 3.2640429347e-05
478 478 3.95657044119e-05
479 479 8.1041989803e-05
480 480 7.57586952034e-05
481 481 1.43673426463e-05
482 482 143.127981632
483 483 6.03163682069e-05
484 484 6.10334475062e-05
485 485 8.38992305907e-06
486 486 6.96270276672e-05
487 487 3352.41803332
488 488 9.61292838749e-05
489 489 8.39774028815e-05
490 490 1052.20699603
491 491 4291.4090837
492 492 8.31728779393e-05
493 493 2.40490362265e-05
494 494 6.56284270711e-05
495 495 5.72122192583e-05
496 496 5024.9373506
497 497 1.21808971741e-05
498 498 8.36540258001e-05
499 499 1.06669771627e-05
500 500 7.52585576832e-05
501 501 1.85328478121e-05
502 502 3.84977030215e-05
503 503 3703.60195404
504 504 9.34470156351e-06
505 505 6.37619412859e-05
506 506 3.80254837147e-05
507 507 3.22170196841e-05
508 508 5.24949461232e-05
509 509 2725.97261834
510 510 9.00326065143e-05
511 511 4.59000341665e-07
512 512 7.9847716037e-05
513 513 3012.14644201
514 514 8.09455784709e-05
515 515 2.5811111458e-05
516 516 176.235876812
517 517 2.56592089393e-05
518 518 5095.63680297
519 519 6.77272962309e-05
520 520 5.14643295508e-05
521 521 1280.71496782
522 522 2015.14262386
523 523 4.56771124774e-05
524 524 8.05913404277e-05
525 525 5.9493689304e-05
526 526 5.13823182594e-05
527 527 4390.95967168
528 528 3.08853981213e-05
529 529 6.66123178215e-05
530 530 2989.02526084
531 531 7.89018097471e-07
532 532 9.18325180346e-06
533 533 6.56217429989e-05
534 534 3573.84704476
535 535 6.74696265015e-05
536 536 329.420677605
537 537 1465.7822985
538 538 6.61301007874e-05
539 539 751.61184538
540 540 644.579232682
541 541 1.61979255102e-05
542 542 5190.25421216
543 543 8.52411756123e-05
544 544 5.95133757709e-05
545 545 4.21539898716e-05
546 546 5096.95055342
547 547 1.27539198174e-05
548 548 1806.53625895
549 549 7.44321229031e-05
550 550 2.49805218535e-05
551 551 8.13326469924e-05
552 552 3.91204175622e-05
553 553 265.271321361
554 554 8.11591425323e-05
555 555 3034.83251512
556 556 5.6127921751e-05
557 557 4782.38904266
558 558 2.54533577812e-05
559 559 6.13210724896e-05
560 560 2.819374563e-06
561 561 6.26685185874e-06
562 562 9.04017670976e-05
563 563 9.03496162652e-05
564 564 1686.5556343
565 565 9.05186661399e-05
566 566 1.88138414969e-05
567 567 1.6574396098e-05
568 568 7.2269367649e-05
569 569 9.56443326571e-08
570 570 1378.29585353
571 571 4277.93700665
572 572 6.25505953169e-05
573 573 3.52712966046e-05
574 574 8.4031877914e-05
575 575 2.88665542424e-05
576 576 3.23324369104e-05
577 577 7.52244144377e-05
578 578 2.18446274285e-05
579 579 7.36237053917e-05
580 580 3.18912392786e-05
581 581 4.48197696802e-05
582 582 5139.72421653
583 583 4.17499173648e-05
584 584 1043.11211137
585 585 1669.11084331
586 586 5.6143559141e-05
587 587 321.569508966
588 588 1.39886341578e-05
589 589 5231.27521172
590 590 4.31805667713e-05
591 591 3.73313091076e-05
592 592 9.14252971675e-06
593 593 6.263155098e-05
594 594 9.95024522082e-05
595 595 4.01609530754e-05
596 596 5.09485424113e-05
597 597 3.99499158831e-06
598 598 6.20295324795e-05
599 599 9.45867692559e-05
600 600 7.73919889832e-05
601 601 8.81320564568e-05
602 602 4.54670398442e-05
603 603 5.20186008685e-05
604 604 8.76294972795e-05
605 605 1888.55706876
606 606 4.77326421484e-05
607 607 7.06067801471e-05
608 608 4.12026920681e-05
609 609 2654.41245455
610 610 3.15207672134e-05
611 611 5.50161810402e-05
612 612 2946.62335688
613 613 2.71119501686e-06
614 614 9.33503646854e-05
615 615 1516.07697437
616 616 1340.81719255
617 617 4.84125782468e-05
618 618 4.24640217293e-05
619 619 1193.08196261
620 620 5380.17989325
621 621 7.55120110452e-05
622 622 2.50260282443e-05
623 623 4.46832999998e-05
624 624 529.610606645
625 625 1.86837494625e-05
626 626 2317.75460918
627 627 6.62011916864e-06
628 628 8.75885475071e-06
629 629 4.7330814097e-05
630 630 999.130234937
631 631 5.40756610806e-05
632 632 1849.56383311
633 633 3017.70905081
634 634 6.5391743193e-05
635 635 9.06035854116e-07
636 636 1.36631371093e-05
637 637 5.23565575523e-05
638 638 8.25287499603e-05
639 639 7.82122101344e-05
640 640 3.13041662869e-05
641 641 2.84802963737e-05
642 642 8.79966128557e-05
643 643 8.54154835553e-05
644 644 9.18092892354e-05
645 645 2624.55150612
646 646 3.33623741446e-05
647 647 5.07695138991e-05
648 648 4.19067401796e-05
649 649 5.74378159815e-05
650 650 7.16380987585e-05
651 651 5.93872064608e-05
652 652 1.94866927814e-05
653 653 6.65614225736e-06
654 654 6.34940350227e-05
655 655 1323.54774264
656 656 3906.443901
657 657 5.53651577524e-05
658 658 5.86721621171e-05
659 659 9.99129525054e-05
660 660 6.6111053706e-06
661 661 4.92015320986e-05
662 662 5061.14145822
663 663 4836.61420917
664 664 9.2369117979e-05
665 665 6.9431074186e-06
666 666 2.49188998908e-05
667 667 5.59317928555e-05
668 668 9.44690201705e-05
669 669 287.862459526
670 670 4.89094224982e-05
671 671 5.78901278379e-05
672 672 842.976226987
673 673 3.26446465398e-05
674 674 3271.5147275
675 675 5.00804284584e-05
676 676 443.164002868
677 677 4527.57094066
678 678 9.0538585892e-05
679 679 4.11557059564e-05
680 680 8.62815652278e-05
681 681 3.65115698831e-05
682 682 3.72704010037e-05
683 683 710.112131311
684 684 3.85825982659e-05
685 685 3.8511132138e-05
686 686 7.58799588468e-05
687 687 5048.66159149
688 688 5.83994013862e-05
689 689 2.95530060324e-06
690 690 7.45268960101e-05
691 691 3311.30671527
692 692 4.31267258048e-05
693 693 7.00279244845e-05
694 694 3.4702687777e-05
695 695 88.4694237464
696 696 2.04749870515e-06
697 697 4.50624580692e-05
698 698 5098.68582515
699 699 1.02413718398e-05
700 700 9.28568417035e-05
701 701 2.02933050887e-05
702 702 6.38455619054e-05
703 703 71.963252265
704 704 820.463693677
705 705 1.47586972541e-05
706 706 2824.78670622
707 707 3.90343955239e-05
708 708 8.9655871832e-06
709 709 9.91132492772e-05
710 710 2.3245929714e-05
711 711 4.90921761585e-05
712 712 9.1017951085e-05
713 713 707.414678335
714 714 3014.07779118
715 715 8.37399986582e-05
716 716 5339.66419862
717 717 2.11708402438e-06
718 718 622.252059325
719 719 1770.98798144
720 720 1580.24175234
721 721 8.15385123898e-05
722 722 6.08519938503e-05
723 723 7.95504829991e-06
724 724 3.68166025767e-05
725 725 1260.36465542
726 726 1.22392183952e-06
727 727 8.2893044592e-05
728 728 2.95168999384e-05
729 729 3.83418289415e-06
730 730 9.523602353e-06
731 731 5.54652276182e-05
732 732 8.39192589183e-05
733 733 2.30952656453e-06
734 734 8.37407175144e-05
735 735 5.47081094607e-05
736 736 1.70421529325e-06
737 737 1017.62455244
738 738 5.4970001352e-05
739 739 7.26131890485e-06
740 740 5.13025057845e-05
741 741 5468.10706947
742 742 4.87702626699e-05
743 743 1.90798877737e-05
744 744 2.1485375482e-05
745 745 1506.3528113
746 746 8.612217713e-06
747 747 9.37979919225e-05
748 748 6.41143699314e-05
749 749 5.99464889076e-06
750 750 2.79085692109e-05
751 751 464.760136309
752 752 9.30160158815e-05
753 753 5.77203557071e-06
754 754 98.5031305208
755 755 4566.65656459
756 756 6.18994302849e-06
757 757 5.14233513162e-05
758 758 1977.16032884
759 759 4.34296706246e-05
760 760 8.03249564698e-05
761 761 3.95032786526e-05
762 762 1695.80766056
763 763 9.75077181672e-05
764 764 9.94111849536e-05
765 765 1.7334181957e-05
766 766 3.34221269594e-05
767 767 5.43261291869e-05
768 768 9.02375235335e-05
769 769 3.6586107131e-05
770 770 4.09858528315e-06
771 771 1241.12005181
772 772 2760.43985124
773 773 3355.01041282
774 774 7.55449832544e-05
775 775 2.13392593518e-05
776 776 1.0125314052e-06
777 777 2.0960717874e-05
778 778 2724.80719689
779 779 2.87918185307e-05
780 780 3.08281439367e-05
781 781 2.60773157569e-05
782 782 6.30290564531e-05
783 783 4.97719747685e-05
784 784 927.349255421
785 785 1.35156630152e-05
786 786 1.04361165611e-05
787 787 2.57422626033e-05
788 788 5.92540776057e-05
789 789 4.495822719e-06
790 790 1.75181686885e-05
791 791 6.11979914731e-05
792 792 3684.78322595
793 793 6.40829693984e-05
794 794 9.13068910637e-05
795 795 6.03274464747e-05
796 796 2.8763431208e-05
797 797 3.45856613089e-05
798 798 6.50880660205e-05
799 799 2.8207736703e-05
800 800 1.30837406114e-05
801 801 658.42188401
802 802 8.87520859289e-05
803 803 8.10979282273e-05
804 804 3.95315816501e-06
805 805 5.92350505662e-05
806 806 5.59842896941e-05
807 807 8.03207533199e-05
808 808 5.48312149565e-05
809 809 8.14711651781e-05
810 810 3145.99356473
811 811 3.41766830662e-05
812 812 4058.5030154
813 813 6.5295814043e-05
814 814 2.95693932611e-05
815 815 6.07590495627e-05
816 816 4.96523912058e-06
817 817 3044.37402678
818 818 4.6951014559e-05
819 819 9.30284464233e-05
820 820 6.01358122194e-05
821 821 1.03219986363e-05
822 822 3534.73477828
823 823 8.92444102021e-05
824 824 8.51564625312e-05
825 825 1071.02745634
826 826 1443.10639037
827 827 3.97382995766e-05
828 828 2.0877564482e-05
829 829 3.42274054504e-05
830 830 2720.34723823
831 831 5.08418970685e-05
832 832 9.33903919156e-05
833 833 6.1569285569e-05
834 834 5190.0819436
835 835 5.24466433717e-05
836 836 8.23903632524e-05
837 837 3.87620925983e-05
838 838 1.66774448149e-05
839 839 7.25175179655e-05
840 840 1.40029035652e-05
841 841 4305.19742151
842 842 3.39267697821e-05
843 843 6.03964328829e-05
844 844 2908.69428878
845 845 4.77262796647e-05
846 846 5574.45365202
847 847 1.96213568653e-05
848 848 2851.94811259
849 849 5.98421930644e-05
850 850 6.94213329859e-06
851 851 1865.1434022
852 852 5.76543090428e-06
853 853 480.400986666
854 854 7.66061208964e-07
855 855 465.256273019
856 856 642.444819043
857 857 4.45393683137e-05
858 858 3.59583934088e-05
859 859 4.54925633303e-05
860 860 5.65401429191e-05
861 861 4.20258339368e-05
862 862 8.93697751454e-05
863 863 2.04688686043e-05
864 864 6.72053497302e-05
865 865 9.3141278737e-05
866 866 8.10236316698e-05
867 867 2.30137561291e-05
868 868 1.30112257914e-05
869 869 9.62307631936e-05
870 870 7.28540109611e-05
871 871 6.95506154213e-05
872 872 4.59194498285e-05
873 873 5.82463430828e-05
874 874 7.31348515667e-05
875 875 4.38914390611e-06
876 876 4847.8363306
877 877 1.35667123154e-05
878 878 6.25927585082e-05
879 879 5.96745694654e-06
880 880 9.70189399853e-05
881 881 2.08612146532e-05
882 882 1767.23440521
883 883 5323.33365658
884 884 3.40438553451e-05
885 885 4.82286455987e-05
886 886 6.1117595276e-05
887 887 5.28686726479e-05
888 888 537.163688248
889 889 5071.9208434
890 890 2988.74330666
891 891 1.44468259731e-06
892 892 1.3952142401e-05
893 893 2623.60540041
894 894 3793.13637321
895 895 6.02785401998e-05
896 896 4243.06524283
897 897 5.73517686765e-05
898 898 9.74493309269e-05
899 899 2.96812048746e-05
900 900 5.8429140169e-05
901 901 7.69665364486e-05
902 902 7.82291203826e-05
903 903 3.95128697839e-05
904 904 3.53784978688e-05
905 905 438.435102048
906 906 5.87955032638e-06
907 907 9.34153573201e-05
908 908 3213.32243706
909 909 1.48441106709e-05
910 910 3.84247598841e-05
911 911 1.07176217447e-05
912 912 1.25395694851e-05
913 913 2.97555544098e-05
914 914 2.18590894915e-05
915 915 7.96956645721e-05
916 916 7.47109759388e-05
917 917 1.70743281773e-05
918 918 9.41556561448e-05
919 919 826.31582334
920 920 3.17299105906e-05
921 921 7.946929018e-06
922 922 6.6935377012e-05
923 923 5.45095732112e-05
924 924 2.25879404744e-05
925 925 3.85438319886e-05
926 926 2.7324978181e-05
927 927 2912.19678151
928 928 2.85369578e-05
929 929 6.37138611783e-05
930 930 3.3046033741e-05
931 931 6.24212054769e-05
932 932 4463.75563178
933 933 4.33601748504e-05
934 934 2354.45555947
935 935 7.74627312391e-05
936 936 8.96921109535e-05
937 937 7.85999583748e-05
938 938 2.23245751295e-05
939 939 5287.7464392
940 940 8.73855931991e-05
941 941 3655.22744172
942 942 9.83668168052e-05
943 943 4.75614372565e-05
944 944 1437.74721721
945 945 2467.3521708
946 946 1.66494116029e-05
947 947 9.60823062035e-05
948 948 5.5326493655e-05
949 949 1901.96276187
950 950 4613.97102339
951 951 5.86826039851e-05
952 952 4383.02528006
953 953 6.64442176963e-05
954 954 9.25979326938e-05
955 955 1.95453206629e-05
956 956 2.42387410608e-05
957 957 6.47885417276e-05
958 958 6.07405659709e-05
959 959 2308.65618823
960 960 2631.24698968
961 961 5.95730632525e-05
962 962 863.068973757
963 963 3.64557733807e-05
964 964 2.56364066766e-05
965 965 1738.91630203
966 966 9.70139500993e-05
967 967 1371.39262525
968 968 5.46633491849e-05
969 969 5.16090419303e-05
970 970 8.47352516343e-05
971 971 4.72911255045e-05
972 972 1.39382616714e-05
973 973 3236.99475951
974 974 9.73455664308e-05
975 975 8.61105350609e-05
976 976 8.94054294424e-05
977 977 1.94716049431e-05
978 978 3.58421547141e-05
979 979 3.57227738845e-06
980 980 5510.47675436
981 981 2.02636393084e-05
982 982 8.15089662004e-05
983 983 252.056997904
984 984 5.81325061735e-05
985 985 8.41069866821e-05
986 986 4.0456831423e-05
987 987 2480.95588209
988 988 5.92446660807e-05
989 989 9.92830124731e-05
990 990 3.54181306924e-05
991 991 2.68246431785e-05
992 992 1871.09281903
993 993 5280.06560231
994 994 3589.92641344
995 995 4.28018281655e-05
996 996 9.58173638455e-06
997 997 9.35046734547e-06
998 998 4439.08694608
999 999 3907.11905673
1000 1000 5.23482066684e-05
1001 1001 2.49412058944e-05
1002 1002 1381.04778788
1003 1003 2378.28906992
1004 1004 2.16073136322e-05
1005 1005 9.35610815035e-05
1006 1006 1.40143692359e-05
1007 1007 8.49820957984e-05
1008 1008 2419.37152221
1009 1009 4.54940836613e-05
1010 1010 2374.33221698
1011 1011 5.78304026354e-05
1012 1012 9.83913857649e-05
1013 1013 4.51649462533e-05
1014 1014 2.03445547196e-06
1015 1015 169.475132931
1016 1016 9.82606333182e-05
1017 1017 2.15128518277e-05
1018 1018 2.32018699488e-05
1019 1019 5336.93792938
1020 1020 3.57974530147e-05
1021 1021 8.07951483601e-06
1022 1022 8.5164207327e-05
1023 1023 4.35569607049e-05
1024 1024 9.0589923971e-05
1025 1025 6.90061714382e-05
1026 1026 1898.67595195
1027 1027 6.45111475908e-06
1028 1028 8.97770322096e-05
1029 1029 8.55112720959e-05
1030 1030 7.10425311948e-05
1031 1031 9.05726407671e-05
1032 1032 7.2206086389e-05
1033 1033 9.01549648871e-05
1034 1034 9.04307317758e-05
1035 1035 5.66847857281e-05
1036 1036 3053.21953457
1037 1037 4.54211067708e-05
1038 1038 2426.03829377
1039 1039 108.703618585
1040 1040 2.5217100088e-05
1041 1041 3.22425345653e-05
1042 1042 4.08059905672e-05
1043 1043 1.63412710444e-05
1044 1044 1.77998013427e-05
1045 1045 7.66050322107e-05
1046 1046 1.80346273806e-05
1047 1047 7.46766806283e-05
1048 1048 610.772654715
1049 1049 8.21122792916e-05
1050 1050 9.0306032429e-05
1051 1051 6.5641046315e-05
1052 1052 8.30226512465e-05
1053 1053 1.69989415099e-05
1054 1054 6.21583761287e-05
1055 1055 1.05673482261e-05
1056 1056 5.14353178606e-05
1057 1057 7.5074183532e-05
1058 1058 5.66549780517e-06
1059 1059 5.84015026508e-07
1060 1060 8.58211304978e-05
1061 1061 1726.47994288
1062 1062 3.00864452913e-05
1063 1063 5.58676931598e-05
1064 1064 686.522450319
1065 1065 5304.9765072
1066 1066 1.65634522629e-05
1067 1067 6.51893425153e-07
1068 1068 8.41166662858e-06
1069 1069 1105.05414598
1070 1070 5064.47342832
1071 1071 4.55048690936e-06
1072 1072 7.70302676783e-05
1073 1073 4.50953150584e-05
1074 1074 8.96920525733e-05
1075 1075 7.35436383813e-05
1076 1076 6.81793357608e-05
1077 1077 3.27353282614e-05
1078 1078 6.00005618847e-06
1079 1079 9.4367699531e-05
1080 1080 9.77123279363e-06
1081 1081 4996.36718237
1082 1082 5.97003839421e-05
1083 1083 9.26914430185e-05
1084 1084 9.24609449021e-05
