1 1 0.00853186224273
2 2 0.00235917678523
3 3 94.6208076686
4 4 0.00271305685813
5 5 474.446474922
6 6 348.406102549
7 7 0.000650001344237
8 8 219.859307999
9 9 293.789221191
10 10 0.00371577310246
11 11 507.775756917
12 12 360.141782078
13 13 172.601208652
14 14 14.4677510174
15 15 144.307137073
16 16 0.00133466951744
17 17 0.00255187711657
18 18 0.00958324436347
19 19 93.0268207224
20 20 120.939704542
21 21 0.0024041901387
22 22 161.343677721
23 23 0.00518386889661
24 24 600.090506561
25 25 0.007765422479
26 26 0.00168780761869
27 27 214.477586303
28 28 624.773098317
29 29 0.0078255574911
30 30 428.497374883
31 31 91.0940343067
32 32 434.879583269
33 33 0.0002566055819
34 34 326.043242103
35 35 498.600202754
36 36 460.815233594
37 37 64.9862552245
38 38 274.79610201
39 39 270.616936336
40 40 579.639768864
41 41 363.755602215
42 42 0.0048247021893
43 43 0.000508057018055
44 44 94.8890172635
45 45 397.978136261
46 46 0.00117951606193
47 47 145.180582101
48 48 0.00481457432974
49 49 569.504224109
50 50 0.00847519539861
51 51 493.904559197
52 52 120.224185153
53 53 354.080314241
54 54 230.001645576
55 55 597.745626301
56 56 124.258672852
57 57 309.867908239
58 58 103.907920363
59 59 0.00531541322952
60 60 137.474355538
61 61 305.268567136
62 62 74.5428709287
63 63 0.000440183289712
64 64 302.525750924
65 65 0.00480165693249
66 66 0.00744502096192
67 67 0.0731405318124
68 68 0.00749076770378
69 69 135.581674555
70 70 0.000470106166138
71 71 598.421174375
72 72 414.399714061
73 73 338.849628676
74 74 0.00176820769844
75 75 464.947982647
76 76 332.964254208
77 77 0.00849299180832
78 78 0.00450711550142
79 79 367.81334802
80 80 100.674042754
81 81 49.1318141941
82 82 264.344935315
83 83 0.00213251886775
84 84 101.051699801
85 85 93.9700039573
86 86 0.00751863308325
87 87 0.0021585581913
88 88 148.979856205
89 89 596.440299619
90 90 0.00894021199863
91 91 551.61865657
92 92 484.662226265
93 93 0.00990817994139
94 94 103.413488696
95 95 226.323435941
96 96 0.00154608115869
97 97 27.7292459402
98 98 0.00200475874956
99 99 595.801698004
100 100 418.188739529
101 101 131.742146267
102 102 155.694829821
103 103 346.272413846
104 104 0.00553811123564
105 105 340.028174726
106 106 0.0031770265939
107 107 620.835929237
108 108 83.0306508063
109 109 339.184229297
110 110 305.537007151
111 111 0.00286634912568
112 112 162.727039716
113 113 171.063719575
114 114 449.144103549
115 115 465.455453904
116 116 0.00754114874724
117 117 478.762602534
118 118 0.0017959173742
119 119 0.00939824341718
120 120 194.957832557
121 121 335.60168883
122 122 0.0093379349752
123 123 0.0013530835575
124 124 100.227879287
125 125 271.360152853
126 126 428.827112084
127 127 435.427860153
128 128 212.889773643
129 129 0.00878640500259
130 130 609.557539887
131 131 0.00935350168775
132 132 308.803830802
133 133 6.4620294444
134 134 430.833360902
135 135 104.156243057
136 136 8.36658129747
137 137 165.210618119
138 138 51.8801079395
139 139 0.0068269591085
140 140 251.259081928
141 141 76.5362294212
142 142 157.423465584
143 143 151.103345071
144 144 0.00912570532845
145 145 458.120233915
146 146 290.13927451
147 147 390.064677877
148 148 3.44125588538
149 149 368.185433276
150 150 543.567931615
151 151 176.397597888
152 152 169.136139979
153 153 440.316115174
154 154 329.036533385
155 155 0.00973480804901
156 156 0.00325707154239
157 157 624.432629249
158 158 0.00957131001066
159 159 73.805361804
160 160 500.410292124
161 161 358.421670497
162 162 107.711501206
163 163 0.00142803001298
164 164 241.723621193
165 165 566.55349187
166 166 0.000813754814508
167 167 0.00421037961276
168 168 420.711599561
169 169 311.10904022
170 170 31.7039027317
171 171 512.426740263
172 172 491.48969594
173 173 333.125164107
174 174 214.901743338
175 175 0.00409525361013
176 176 421.902217011
177 177 0.00298998103724
178 178 479.663906905
179 179 391.586369799
180 180 0.00683166521748
181 181 368.258153185
182 182 0.00797027672763
183 183 149.178280399
184 184 0.00289065683313
185 185 255.766002083
186 186 0.00728838201209
187 187 0.00507724700036
188 188 352.288278535
189 189 0.00749795185565
190 190 414.655591595
191 191 311.257785068
192 192 9.4850613887
193 193 361.718612587
194 194 135.371290434
195 195 175.877623698
196 196 291.218335491
197 197 138.090020292
198 198 476.016748651
199 199 498.935143091
200 200 379.514927901
201 201 506.033563773
202 202 587.765660437
203 203 75.0509977452
204 204 331.423157332
205 205 400.093769289
206 206 139.078559273
207 207 377.282021006
208 208 432.065612237
209 209 157.016833544
210 210 288.867678936
211 211 197.597265539
212 212 611.354947469
213 213 125.334985083
214 214 0.00512998237049
215 215 0.00897812874346
216 216 269.762898383
217 217 533.141834442
218 218 224.669500544
219 219 3.51783216502
220 220 193.392906339
221 221 604.480749094
222 222 381.864282433
223 223 510.59340316
224 224 390.943223269
225 225 229.872994843
226 226 236.715393932
227 227 0.0038482885592
228 228 562.785986537
229 229 168.727184592
230 230 65.7300036958
231 231 356.428673996
232 232 189.211274172
233 233 200.608827195
234 234 444.784803691
235 235 0.00780157515783
236 236 412.425749385
237 237 459.582917457
238 238 0.00683139387562
239 239 555.724369481
240 240 427.04808928
241 241 0.00427158496997
242 242 339.104943068
243 243 187.545334945
244 244 540.511562986
245 245 30.3724445091
246 246 368.935744183
247 247 240.841145032
248 248 567.835674136
249 249 599.162946191
250 250 0.00552318530083
251 251 141.275192833
252 252 399.695796618
253 253 551.336298679
254 254 210.497214808
255 255 0.00721332383072
256 256 0.00579168622151
257 257 148.58594918
258 258 452.604804016
259 259 473.740307661
260 260 483.56503451
261 261 311.297166277
262 262 434.219929261
263 263 0.00721894095693
264 264 398.39499495
265 265 329.93221274
266 266 0.00586488221837
267 267 359.511075176
268 268 0.00925217816298
269 269 0.000590057882181
270 270 539.895568891
271 271 0.00676040402384
272 272 501.674959967
273 273 470.399282285
274 274 0.00413703241984
275 275 556.838413191
276 276 11.431700634
277 277 511.397054821
278 278 0.00577666910909
279 279 568.117173427
280 280 505.682137671
281 281 436.386779874
282 282 173.047213499
283 283 165.470327351
284 284 24.9650665316
285 285 567.55110205
286 286 0.000842302195922
287 287 281.713517249
288 288 64.9624178618
289 289 0.00762474134663
290 290 502.763773746
291 291 136.939516852
292 292 235.384026247
293 293 487.869763447
294 294 7.70688809901
295 295 612.70014599
296 296 242.133673428
297 297 0.0016598104443
298 298 378.064886693
299 299 170.93935296
300 300 0.00185531981937
301 301 477.223873091
302 302 163.559455805
303 303 536.20243083
304 304 589.44310205
305 305 0.00563863113501
306 306 4.79423147643e-05
307 307 494.812656414
308 308 194.894460169
309 309 0.00835685512583
310 310 199.417573588
311 311 532.382273238
312 312 456.598574408
313 313 40.3367012611
314 314 318.570423283
315 315 62.1620467134
316 316 367.940528518
317 317 0.00377398629847
318 318 377.311372365
319 319 0.00911936974302
320 320 150.153760766
321 321 69.5237095078
322 322 94.4341085497
323 323 21.7771805061
324 324 609.277426457
325 325 308.539099897
326 326 550.730126907
327 327 85.1212929496
328 328 0.00095610309462
329 329 171.451589534
330 330 188.622923731
331 331 11.7224390661
332 332 0.000543585571424
333 333 306.250268879
334 334 159.350658385
335 335 0.00718298476924
336 336 48.7732020783
337 337 0.00170227950753
338 338 418.181196567
339 339 592.420101555
340 340 0.00519636536148
341 341 492.642184394
342 342 414.003553299
343 343 305.911843225
344 344 0.00455246284559
345 345 585.777962565
346 346 108.347427529
347 347 373.720297363
348 348 625.162852694
349 349 215.700799725
350 350 70.277895087
351 351 0.00638481294942
352 352 0.00555373433607
353 353 0.00522574359202
354 354 105.777587484
355 355 4.27794168106
356 356 382.902135578
357 357 0.00528860754521
358 358 499.817049926
359 359 0.00544909612619
360 360 142.847525111
361 361 405.340055831
362 362 448.469793363
363 363 0.00961825507555
364 364 333.383796546
365 365 0.0094702624739
366 366 112.289710147
367 367 0.00246560052437
368 368 601.991283153
369 369 0.00214031149807
370 370 511.511322432
371 371 351.668831838
372 372 546.725240423
373 373 0.00572346225037
374 374 124.262134705
375 375 384.146170279
376 376 470.911736924
377 377 390.460338846
378 378 411.718963527
379 379 0.00406184012668
380 380 209.457932333
381 381 292.167391363
382 382 75.1207301415
383 383 72.1008260554
384 384 0.00927533481954
385 385 417.051071717
386 386 386.746978892
387 387 551.959949799
388 388 136.635522264
389 389 510.271745638
390 390 299.755145614
391 391 0.00187615140993
392 392 492.650373135
393 393 101.756908142
394 394 286.286477707
395 395 118.872168006
396 396 456.704108294
397 397 32.8787465865
398 398 430.466219742
399 399 0.00173234551252
400 400 546.446175893
401 401 0.00130037047848
402 402 0.00703173867269
403 403 575.341062848
404 404 385.616697624
405 405 577.494812333
406 406 43.5013051983
407 407 0.00426313358894
408 408 0.000554381726088
409 409 2.57315661172
410 410 350.986390995
411 411 24.29631717
412 412 504.289132748
413 413 360.09596698
414 414 599.981501057
415 415 238.121962378
416 416 128.539214074
417 417 0.00380826200755
418 418 0.00764622883748
419 419 147.293962715
420 420 0.00919729923327
421 421 202.856818589
422 422 614.505900165
423 423 512.153036155
424 424 565.080793971
425 425 100.332397943
426 426 448.289230646
427 427 621.921622135
428 428 455.224309597
429 429 0.00197667146018
430 430 0.00507293182834
431 431 489.237590921
432 432 0.00716605410365
433 433 63.1634709861
434 434 524.590929684
435 435 115.411666229
436 436 113.813439079
437 437 607.798792905
438 438 537.427497839
439 439 400.989934125
440 440 211.149969017
441 441 237.088726105
442 442 25.6694330039
443 443 259.565611154
444 444 463.588237218
445 445 456.135804991
446 446 339.054236403
447 447 471.689478729
448 448 517.268464528
449 449 185.93860531
450 450 418.654697895
451 451 243.411535898
452 452 478.542607494
453 453 48.0184946717
454 454 0.00323117657688
455 455 135.971719235
456 456 0.00567827179351
457 457 122.350176624
458 458 0.00028316740749
459 459 30.8373860075
460 460 236.109849091
461 461 285.030180813
462 462 291.732305218
463 463 187.687601615
464 464 189.75585165
465 465 0.000568517575906
466 466 174.321638138
467 467 608.680412708
468 468 545.305358831
469 469 0.00434985468336
470 470 0.00220244530158
471 471 371.515164181
472 472 312.09076372
473 473 0.00869697014988
474 474 612.833774482
475 475 255.555432618
476 476 348.314791189
477 477 455.845152953
478 478 314.090824796
479 479 328.473502496
480 480 397.293463032
481 481 54.2769005919
482 482 272.419703558
483 483 0.00842425809787
484 484 355.38342855
485 485 509.638245795
486 486 605.880346037
487 487 549.44976576
488 488 0.00081828595123
489 489 0.000578575991295
490 490 10.713666182
491 491 150.940141831
492 492 0.00360550012141
493 493 14.0178048217
494 494 581.296236312
495 495 357.951131005
496 496 410.355189202
497 497 45.3802077363
498 498 283.217835511
499 499 0.00819540595655
500 500 126.546254627
501 501 115.423950369
502 502 0.0013489181064
503 503 0.00755940195169
504 504 0.00658513376167
505 505 504.095178735
506 506 497.148637723
507 507 475.420405828
508 508 0.00170362541295
509 509 591.036870579
510 510 285.212138152
511 511 294.742474907
512 512 563.085390146
513 513 0.000367364657617
514 514 0.0027529719975
515 515 491.261647006
516 516 0.00114161706365
517 517 256.687601697
518 518 618.699954466
519 519 545.362795827
520 520 0.00258010098012
521 521 0.00189441411379
522 522 0.00914240931068
523 523 0.00205534833944
524 524 119.319380955
525 525 497.76889059
526 526 0.00526515854766
527 527 70.7685550843
528 528 504.356411483
529 529 229.071975137
530 530 16.7549530537
531 531 0.00218822928293
532 532 476.470248226
533 533 222.79015727
534 534 312.566522923
535 535 277.311332098
536 536 184.61902091
537 537 203.538795932
538 538 404.380926546
539 539 526.887263225
540 540 540.931546037
541 541 620.628201814
542 542 0.0020685976896
543 543 388.608194773
544 544 534.280514748
545 545 423.973548891
546 546 116.296561428
547 547 0.00610288022688
548 548 448.37407537
549 549 282.515821756
550 550 37.8753879086
551 551 0.00102882164076
552 552 79.4742943999
553 553 368.557757966
554 554 0.00362861483216
555 555 107.716378676
556 556 0.000564977409083
557 557 15.7369224104
558 558 0.00966993192448
559 559 198.462205016
560 560 0.00786638931297
561 561 494.492823347
562 562 510.656192003
563 563 320.59199844
564 564 14.6756293156
565 565 306.817009809
566 566 0.00511499990474
567 567 0.000145387741284
568 568 439.37541221
569 569 125.858665892
570 570 376.681377682
571 571 499.244495043
572 572 0.00215417240562
573 573 0.00173124290466
574 574 28.3848977448
575 575 564.240410886
576 576 0.00891780087788
577 577 186.179737655
578 578 0.00980250998656
579 579 471.75104373
580 580 138.284392887
581 581 603.875917038
582 582 108.687619182
583 583 36.2499951038
584 584 566.331881924
585 585 139.729756379
586 586 0.00886082601603
587 587 65.4891600233
588 588 269.911174671
589 589 50.0539918981
590 590 328.389504605
591 591 612.054127307
592 592 601.230332054
593 593 105.965329474
594 594 313.445454474
595 595 0.00884427499538
596 596 557.494484846
597 597 6.63368917508e-05
598 598 418.942777588
599 599 480.780170842
600 600 309.132311773
601 601 0.00308340856272
602 602 268.355726619
603 603 89.1042876727
604 604 0.00452396377624
605 605 252.962431501
606 606 241.742404541
607 607 22.7278562212
608 608 586.331842926
609 609 413.502077139
610 610 0.000394633316494
611 611 546.286897686
612 612 517.586128695
613 613 540.76559005
614 614 55.0475540654
615 615 102.815686382
616 616 59.7054720429
617 617 506.969895704
618 618 0.00146092889171
619 619 330.20741188
620 620 0.00121956213775
621 621 451.031427223
622 622 123.566941399
623 623 466.411995661
624 624 107.208236574
625 625 600.829997088
626 626 0.00467761820191
627 627 85.8589469753
628 628 370.801395608
629 629 494.170267228
630 630 419.065665473
631 631 0.00774008512225
632 632 27.3978219778
633 633 611.163639902
634 634 401.247561363
635 635 624.272675567
636 636 527.25299691
637 637 198.827230777
638 638 260.209371897
639 639 444.656076615
640 640 87.5940181799
641 641 68.7522648283
642 642 0.00384982319159
643 643 0.00831051576218
644 644 126.189889667
645 645 352.648712501
646 646 341.702179454
647 647 459.282042295
648 648 590.764059483
649 649 195.941674883
650 650 256.76904935
651 651 0.00224008290065
652 652 0.00568468256085
653 653 593.025842417
654 654 323.328826046
655 655 332.989678163
656 656 414.269223703
657 657 310.661198307
658 658 369.076096829
659 659 0.00975577311745
660 660 128.967711104
661 661 526.921505199
662 662 0.00531364988795
663 663 0.00155913598596
664 664 0.00342050062721
665 665 21.081422114
666 666 88.1752958963
667 667 194.555438089
668 668 314.350291937
669 669 0.00510407213587
670 670 337.119247453
671 671 348.557979449
672 672 495.809040871
673 673 170.645583866
674 674 409.22531379
675 675 12.6671253526
676 676 0.00511539905398
677 677 505.453059756
678 678 126.789247513
679 679 620.646088257
680 680 104.032776324
681 681 281.271200059
682 682 337.450867184
683 683 449.582035477
684 684 108.439991057
685 685 221.005344668
686 686 464.897923445
687 687 0.00981686848065
688 688 50.5439372222
689 689 122.416999529
690 690 0.00314306648503
691 691 0.00995146174027
692 692 515.993839117
693 693 0.0084075068972
694 694 0.0016210039337
695 695 373.816975621
696 696 377.802692671
697 697 0.00651105799081
698 698 0.00831508037686
699 699 455.396932301
700 700 296.435533443
701 701 352.376271886
702 702 0.00845870635166
703 703 529.314188616
704 704 345.822924833
705 705 92.9883349977
706 706 0.0053214319794
707 707 232.843118904
708 708 0.00536912790473
709 709 1.61049825419
710 710 588.606323399
711 711 51.7596728201
712 712 492.855891897
713 713 70.3653497301
714 714 229.128086012
715 715 343.618104691
716 716 116.202027181
717 717 1.48211417582
718 718 0.000975843103237
719 719 363.093053215
720 720 0.00428176425052
721 721 0.0095412138422
722 722 330.721987209
723 723 450.934840859
724 724 293.815618851
725 725 318.948762282
726 726 393.57570162
727 727 163.984359945
728 728 431.452032364
729 729 625.103128916
730 730 505.255764356
731 731 534.641042449
732 732 0.00461164973211
733 733 579.872389635
734 734 240.856407439
735 735 0.00343663949075
736 736 0.00533053171485
737 737 479.449090644
738 738 43.5170980393
739 739 586.79956131
740 740 150.601889348
741 741 412.037838056
742 742 0.00256355995456
743 743 105.952625779
744 744 0.00102453930722
745 745 494.507726442
746 746 44.5301462332
747 747 293.891556695
748 748 32.7958902951
749 749 0.00217028308632
750 750 383.997126423
751 751 404.244266615
752 752 499.669269047
753 753 394.365195028
754 754 197.215142798
755 755 108.696751796
756 756 0.00909623156793
757 757 448.696818954
758 758 466.07044107
759 759 32.1516033788
760 760 59.6727681897
761 761 236.53962845
762 762 523.688638615
763 763 474.330699058
764 764 136.086059294
765 765 258.483760595
766 766 592.874296454
767 767 0.607902138172
768 768 12.2579386965
769 769 0.00366019715214
770 770 346.398921699
771 771 411.487666183
772 772 449.194373449
773 773 394.968059058
774 774 0.00131611477076
775 775 406.268867906
776 776 0.00369126298545
777 777 45.0422425111
778 778 0.00506765018498
779 779 206.522697219
780 780 545.50988357
781 781 104.167488922
782 782 0.00133976990844
783 783 274.980830595
784 784 483.598372631
785 785 485.853172574
786 786 11.9741070372
787 787 0.00322545640023
788 788 11.3860252249
789 789 0.0070437655201
790 790 238.130829341
791 791 0.00186141725902
792 792 0.000323210349862
793 793 400.358541821
794 794 0.0080451105251
795 795 47.6091804888
796 796 0.00154608162457
797 797 136.255948579
798 798 0.00238285571302
799 799 0.00683490432932
800 800 124.473317221
801 801 0.00286009178831
802 802 175.755006592
803 803 0.00252674876561
804 804 453.298246264
805 805 0.00255282759612
806 806 415.449095736
807 807 0.00873753674753
808 808 376.838117595
809 809 300.94840472
810 810 0.00862600766639
811 811 0.00813305742918
812 812 620.393201428
813 813 297.064885422
814 814 493.874653654
815 815 61.8777573595
816 816 457.679824925
817 817 196.943897365
818 818 74.1027694907
819 819 91.705079205
820 820 0.00539354089833
821 821 149.123165159
822 822 459.908024675
823 823 56.9749522093
824 824 617.722147718
825 825 86.7002972589
826 826 0.00297010913339
827 827 578.354200867
828 828 147.907102403
829 829 25.2953304618
830 830 0.00167827524659
831 831 529.719758546
832 832 34.1050927173
833 833 269.436570962
834 834 191.612735229
835 835 571.391340511
836 836 0.000955283363218
837 837 0.0028304313895
838 838 0.00467820750738
839 839 390.336476382
840 840 551.418063369
841 841 513.89501208
842 842 461.440341329
843 843 139.79418312
844 844 0.00551995706307
845 845 151.171244584
846 846 173.619345488
847 847 216.347604777
848 848 585.535436589
849 849 163.945400289
850 850 0.00208406516505
851 851 277.30180539
852 852 209.52616743
853 853 556.719327597
854 854 0.00701061334719
855 855 0.00762057200886
856 856 382.811223238
857 857 412.954410044
858 858 0.00369552183558
859 859 49.1876676283
860 860 0.00538542004123
861 861 263.996141326
862 862 103.63591712
863 863 130.319310528
864 864 439.212923798
865 865 0.00705196613694
866 866 573.870197401
867 867 60.3073120764
868 868 191.991789998
869 869 305.879442856
870 870 0.000415109987964
871 871 0.00711464287317
872 872 0.00903813956701
873 873 365.800195887
874 874 57.9717422147
875 875 353.925059194
876 876 0.00491174374198
877 877 0.00713466917208
878 878 3.54102944331
879 879 348.539800524
880 880 532.662517658
881 881 586.327030113
882 882 54.356731681
883 883 0.007638618157
884 884 194.721989992
885 885 253.140495532
886 886 153.923004882
887 887 0.00244703036429
888 888 161.011129008
889 889 440.614443681
890 890 0.00898748688601
891 891 128.686868833
892 892 0.00935488592731
893 893 425.540588262
894 894 0.0089117780489
895 895 437.170830444
896 896 541.939827025
897 897 411.842659024
898 898 387.576181738
899 899 282.611264678
900 900 185.84938388
901 901 0.00891555731753
902 902 0.00308431136735
903 903 83.7012059165
904 904 0.00467450914574
905 905 0.00714449681807
906 906 100.265593852
907 907 289.099963424
908 908 321.125614305
909 909 0.00601951032857
910 910 539.772820702
911 911 334.24755612
912 912 175.439762618
913 913 347.591929461
914 914 82.7057007873
915 915 202.162352203
916 916 0.00607859759268
917 917 0.00959648360854
918 918 40.8139850728
919 919 489.731719658
920 920 0.00502825479369
921 921 330.346052604
922 922 0.00261421345661
923 923 86.1455330891
924 924 0.00491635609169
925 925 148.473969365
926 926 414.167738596
927 927 56.7357802381
928 928 0.00730332493181
929 929 467.472574371
930 930 0.00943001197083
931 931 0.000366648297382
932 932 402.301441132
933 933 576.353074509
934 934 148.313438628
935 935 455.557292386
936 936 467.502991851
937 937 243.581387423
938 938 0.00516351984414
939 939 300.031249421
940 940 234.759756577
941 941 0.00874599431867
942 942 404.631569698
943 943 542.548892477
944 944 42.1021944247
945 945 546.376457009
946 946 0.00287443262518
947 947 0.00695993748802
948 948 0.00889048115157
949 949 0.00143097402462
950 950 598.975378573
951 951 399.903981084
952 952 445.605691697
953 953 404.121191938
954 954 189.681821126
955 955 524.71039404
956 956 372.654788415
957 957 508.385075141
958 958 92.2791332809
959 959 327.216681719
960 960 0.000617615048111
961 961 0.00235700845043
962 962 0.00416251833281
963 963 0.00768365200036
964 964 337.301388963
965 965 0.00803472999911
966 966 0.00320967039134
967 967 562.65088436
968 968 0.000766946442134
969 969 0.00127854040871
970 970 30.1784557131
971 971 0.000427780184826
972 972 0.000161465342469
973 973 556.300784972
974 974 353.702288002
975 975 218.581729467
976 976 68.6839410551
977 977 559.316490343
978 978 584.177087588
979 979 512.278393089
980 980 297.229993143
981 981 110.110038139
982 982 226.683111904
983 983 445.627479742
984 984 87.8522550805
985 985 0.00587233003171
986 986 9.06395288838
987 987 513.093782493
988 988 0.00761232810311
989 989 0.000468834257488
990 990 313.979856126
991 991 57.3854941952
992 992 283.046945855
993 993 510.417039681
994 994 0.00235528871453
995 995 201.836558545
996 996 247.577929181
997 997 48.5107971404
998 998 132.795486487
999 999 0.00228994843434
1000 1000 514.71996216
1001 1001 151.630848888
1002 1002 364.399279826
1003 1003 71.1080166404
1004 1004 469.435169422
1005 1005 283.654869948
1006 1006 490.22206829
1007 1007 0.00813495889476
1008 1008 480.26363734
1009 1009 0.00317936914831
1010 1010 8.35600569111
1011 1011 0.00306975019636
1012 1012 582.304469367
1013 1013 0.00047862998482
1014 1014 286.094602088
1015 1015 231.863340329
1016 1016 263.537133795
1017 1017 616.762125379
1018 1018 0.00693607386781
1019 1019 541.098215048
1020 1020 0.00572626784864
1021 1021 318.435161032
1022 1022 132.656996853
1023 1023 0.00954600448041
1024 1024 594.118081337
1025 1025 38.5744057932
1026 1026 227.477327738
1027 1027 48.2660879403
1028 1028 365.964004163
1029 1029 0.00725648565215
1030 1030 29.7422733566
1031 1031 389.994991168
1032 1032 486.391591291
1033 1033 0.00159377000307
1034 1034 0.00704503904944
1035 1035 114.428043314
1036 1036 287.247996613
1037 1037 284.656136334
1038 1038 256.549088548
1039 1039 621.806858373
1040 1040 214.091804589
1041 1041 0.00754422421262
1042 1042 61.8691083592
1043 1043 0.00808677233199
1044 1044 175.776422806
1045 1045 263.8755148
1046 1046 491.511910441
1047 1047 52.1451767696
1048 1048 339.284334329
1049 1049 614.015609927
1050 1050 474.041253748
1051 1051 0.00952739621723
1052 1052 420.410601425
1053 1053 0.00754785863865
1054 1054 0.007767079596
1055 1055 324.749510676
1056 1056 336.665812733
1057 1057 363.267034714
1058 1058 0.00828637770238
1059 1059 0.00412220389041
1060 1060 442.124237871
1061 1061 463.533458676
1062 1062 0.00383802136127
1063 1063 617.205667438
1064 1064 98.8424969942
1065 1065 0.00172134270194
1066 1066 194.40918095
1067 1067 411.016576877
1068 1068 0.00215361114672
1069 1069 438.27053794
1070 1070 138.558691924
1071 1071 32.9564653561
1072 1072 182.334472524
1073 1073 67.3098735076
1074 1074 0.00940220202135
1075 1075 378.211525077
1076 1076 17.8066123925
1077 1077 0.00311179768492
1078 1078 206.468564453
1079 1079 522.473855532
1080 1080 0.00787185565365
1081 1081 253.637097033
1082 1082 61.6087871774
1083 1083 68.0003161539
1084 1084 247.268935472
1085 1085 0.0068183329721
1086 1086 0.00449571573497
1087 1087 474.990353055
1088 1088 0.00443363581907
1089 1089 584.684283377
1090 1090 397.580643877
1091 1091 513.72991083
1092 1092 0.0082308325511
1093 1093 96.1382022234
1094 1094 150.652800749
1095 1095 582.22571966
1096 1096 199.961137489
1097 1097 360.392037393
1098 1098 0.00808716386419
1099 1099 151.53585846
1100 1100 0.00848626563986
1101 1101 455.544268223
1102 1102 266.279627764
1103 1103 317.946691602
1104 1104 599.701546551
1105 1105 344.431048893
1106 1106 461.40589669
1107 1107 340.2479294
1108 1108 0.00347809898836
1109 1109 186.845556861
1110 1110 204.189216805
1111 1111 148.436164691
1112 1112 388.043571435
1113 1113 227.906084071
1114 1114 514.559915079
1115 1115 510.630524938
1116 1116 432.691072133
1117 1117 0.00779808262845
1118 1118 63.3926862614
1119 1119 519.910479405
1120 1120 37.4966674954
