1 1 7.74759855961e-05
2 2 6.1747325947e-05
3 3 809.940328848
4 4 4.2078234988e-05
5 5 4820.09965158
6 6 4328.85047839
7 7 7.50366141123e-05
8 8 5245.90118753
9 9 123.862434126
10 10 3.65161536335e-05
11 11 2.11915978586e-05
12 12 3304.90095434
13 13 6.14528816166e-05
14 14 9.67072002995e-05
15 15 1575.97764829
16 16 4.88547201446e-05
17 17 6.82960022872e-05
18 18 4074.73464465
19 19 2.91122458733e-05
20 20 3.93580196224e-05
21 21 5369.15934168
22 22 2.24156780792e-05
23 23 535.46432223
24 24 8.51844599293e-06
25 25 1156.21180769
26 26 2.88030454125e-05
27 27 9.39581924102e-06
28 28 9.35434548021e-05
29 29 1.87915563654e-05
30 30 5.7042331504e-05
31 31 2.83646956461e-05
32 32 3.77366690953e-06
33 33 5.74909019939e-06
34 34 6.48017956517e-06
35 35 4.84736221188e-05
36 36 7.4062945024e-05
37 37 3815.11652332
38 38 7.36284771046e-06
39 39 4.20688620948e-05
40 40 2.13355129358e-05
41 41 5.98878448695e-05
42 42 2.26258486103e-05
43 43 1516.87687295
44 44 1.1872866882e-05
45 45 2.21512424578e-06
46 46 1.64409195787e-05
47 47 4.70366509951e-05
48 48 1303.1563678
49 49 3.16658500637e-05
50 50 5.60167043586e-05
51 51 1.59743379766e-05
52 52 918.672350188
53 53 2.37639071541e-05
54 54 2127.14346608
55 55 3.52123172337e-05
56 56 4.81042142365e-05
57 57 6.44703742709e-05
58 58 1308.64644787
59 59 9.43530455042e-07
60 60 7.52857626449e-06
61 61 1975.31321327
62 62 7.97952942769e-05
63 63 9.94390803817e-05
64 64 4.94645804784e-05
65 65 4.68390381448e-05
66 66 2.16790034515e-05
67 67 8.57868239006e-05
68 68 2077.30306057
69 69 6.42028596146e-05
70 70 8.43973830568e-06
71 71 7.01787354819e-05
72 72 2.63743369803e-05
73 73 193.678154725
74 74 5361.65514616
75 75 9.68728702889e-05
76 76 8.91309259312e-05
77 77 3.12364569371e-05
78 78 7.09617606591e-06
79 79 4.18012773846e-05
80 80 2.13183197367e-05
81 81 7.90525820936e-05
82 82 931.808907442
83 83 8.17137309057e-06
84 84 4.67473459765e-05
85 85 4729.25915573
86 86 7.30671747508e-05
87 87 4.62886791512e-05
88 88 5.93636112867e-05
89 89 3.87001912604e-05
90 90 7.48838695282e-05
91 91 1.40376878136e-05
92 92 5426.67442631
93 93 1875.57941004
94 94 4.3202244106e-05
95 95 1071.40521801
96 96 9.3707851747e-05
97 97 3.5637110166e-05
98 98 8.81578155047e-05
99 99 1956.35823683
100 100 6.07475998646e-05
101 101 6.93703993695e-05
102 102 5.14370503182e-05
103 103 1.34747061371e-05
104 104 3944.21939802
105 105 1.81570113299e-05
106 106 4743.02408941
107 107 6.5918780571e-05
108 108 1.80859185542e-05
109 109 1.84790705556e-05
110 110 4.70575694048e-06
111 111 9.58312538749e-06
112 112 2.26506141095e-05
113 113 3.39859017407e-05
114 114 3.94438384162e-05
115 115 174.952741217
116 116 3.67807368734e-05
117 117 8.61627029006e-06
118 118 1142.96037546
119 119 3.71922190425e-05
120 120 5.43511713214e-05
121 121 6.75245651272e-05
122 122 1.59967438445e-05
123 123 2.36933023765e-05
124 124 3.1539705913e-05
125 125 1.53461859882e-05
126 126 2.10043940408e-05
127 127 8.52841565869e-05
128 128 4280.5687455
129 129 1.45945748718e-05
130 130 9.29968741514e-05
131 131 1772.29654165
132 132 3.06913723012e-05
133 133 3.5690964113e-05
134 134 2.3959371982e-05
135 135 2588.03889378
136 136 219.24813383
137 137 5156.11935393
138 138 8.08323391351e-06
139 139 2.37032286481e-05
140 140 4.42585867426e-05
141 141 4.40714852101e-06
142 142 1.0588967898e-05
143 143 3029.92056101
144 144 5004.89409671
145 145 1.63342917591e-05
146 146 8.94624837986e-06
147 147 8.41632777643e-05
148 148 1.64082833084e-05
149 149 3.90840043499e-05
150 150 217.09534002
151 151 6.55313343151e-05
152 152 6.36504308432e-05
153 153 4125.17941188
154 154 6.0079177593e-05
155 155 3.87726614892e-05
156 156 3.22241427378e-05
157 157 7.04000452492e-05
158 158 139.505761976
159 159 4822.93513207
160 160 3.49869444932e-05
161 161 3.65190607086e-05
162 162 1.27405389462e-06
163 163 2.68787553915e-05
164 164 1.90101798283e-05
165 165 2038.79165862
166 166 7.72141589566e-06
167 167 5.16092558312e-05
168 168 7.17510161545e-05
169 169 5.17515878392e-05
170 170 3173.6597338
171 171 2197.29459055
172 172 1.05850964028e-05
173 173 9.06438028226e-05
174 174 8.31430025473e-05
175 175 6.77977514055e-05
176 176 3.06716095067e-05
177 177 6.29584712023e-05
178 178 9.82710739753e-05
179 179 1.43983445896e-05
180 180 1.98569007038e-05
181 181 9.19112522852e-05
182 182 3531.74024887
183 183 5.82392884627e-05
184 184 2.76301442236e-05
185 185 8.65309009022e-05
186 186 2.53910954253e-05
187 187 8.03534569696e-05
188 188 4.97571531757e-05
189 189 1945.56084445
190 190 6.08318762559e-06
191 191 6.29881193304e-05
192 192 9.10050490036e-05
193 193 2888.60359914
194 194 8.73723665234e-05
195 195 5.49344974022e-05
196 196 9.97053022128e-05
197 197 3.5752043417e-05
198 198 2367.29852137
199 199 1.28821531648e-05
200 200 8.85324493802e-05
201 201 9.68213504975e-06
202 202 1713.23460458
203 203 3.89319183089e-05
204 204 6.45862398941e-05
205 205 7.34637285697e-05
206 206 4.53394502113e-05
207 207 8.7067693604e-05
208 208 4.90169651173e-05
209 209 3762.94498858
210 210 8.08896967848e-05
211 211 9.80386302623e-05
212 212 1.24640959476e-05
213 213 3401.57724886
214 214 4.00610593952e-05
215 215 1070.19945205
216 216 5.78690076208e-05
217 217 2677.92576269
218 218 1391.26236533
219 219 2.03174571216e-05
220 220 8.12538954982e-05
221 221 5.33404904605e-05
222 222 9.17142242721e-06
223 223 5.13177374878e-05
224 224 9.80332755783e-05
225 225 5.92324661778e-05
226 226 2516.98146444
227 227 6.00066382184e-05
228 228 5608.1204915
229 229 3.50712383974e-05
230 230 5.63632318141e-05
231 231 7.48594446162e-05
232 232 5052.53233312
233 233 5.88425164825e-05
234 234 9.11477621308e-06
235 235 3692.07961526
236 236 9.69354712644e-05
237 237 3.24739969784e-05
238 238 6.73458699117e-05
239 239 1.52074056347e-05
240 240 6.05126816643e-05
241 241 2.02182587147e-06
242 242 937.733159261
243 243 9.37937913925e-05
244 244 1.90223602352e-05
245 245 2.02037198285e-05
246 246 9.74706751435e-05
247 247 3.61999690924e-06
248 248 2.59419869296e-05
249 249 4032.98780318
250 250 4.03347788519e-05
251 251 1.66324290224e-05
252 252 3.64135251621e-05
253 253 5.71165259116e-06
254 254 1459.47306073
255 255 4.51453525528e-05
256 256 8.08391856777e-05
257 257 1.60774787021e-05
258 258 6.29212957274e-05
259 259 7.36008076374e-05
260 260 8.78707307152e-05
261 261 4.72200836885e-05
262 262 1.53822895738e-05
263 263 1094.97997222
264 264 4258.50026456
265 265 9.42426088812e-06
266 266 3320.35508918
267 267 5405.04992707
268 268 686.610294279
269 269 7.13696132642e-05
270 270 3661.97109075
271 271 735.521377295
272 272 7.00034288636e-05
273 273 7.21544565361e-05
274 274 1.17452334913e-05
275 275 2.63255282969e-05
276 276 4.09521533251e-05
277 277 4.98380725908e-05
278 278 2.23333729009e-05
279 279 5.62749544955e-05
280 280 1.8814911353e-05
281 281 7.09323648081e-05
282 282 4.54851367287e-05
283 283 5149.21334664
284 284 1.85074083213e-05
285 285 3.71601836e-05
286 286 2.12750466312e-05
287 287 1.96361862046e-06
288 288 5.73448039126e-05
289 289 8.88602492728e-05
290 290 4605.77019061
291 291 9.41116470006e-05
292 292 9.65955361592e-05
293 293 455.590719739
294 294 3.29822868496e-05
295 295 4.69928446182e-05
296 296 2809.72775252
297 297 984.567673069
298 298 6.52749292494e-05
299 299 1.12126103058e-05
300 300 487.567866414
301 301 4.18657998399e-05
302 302 4.70335885631e-05
303 303 4.24775641731e-05
304 304 2668.48372052
305 305 3.87509075576e-05
306 306 9.33698086183e-06
307 307 7.48336884932e-05
308 308 1425.84548159
309 309 3.19360301139e-05
310 310 7.48077936064e-05
311 311 3.071602803e-05
312 312 9.21919144738e-05
313 313 8.22086358272e-05
314 314 99.5142386978
315 315 9.59580746066e-05
316 316 9.30382459479e-05
317 317 4.53002337519e-05
318 318 3.9267429894e-05
319 319 1.65195102809e-05
320 320 1.4135210903e-05
321 321 4.4290131325e-05
322 322 1.63314537762e-05
323 323 3187.64537922
324 324 4.00597905536e-05
325 325 204.476358982
326 326 4198.32159554
327 327 2.82451564799e-06
328 328 9.99789584667e-05
329 329 6.48615263363e-06
330 330 6.60724064989e-05
331 331 6.50744881647e-05
332 332 2.93923343213e-05
333 333 9.45322789534e-05
334 334 3.64107294545e-05
335 335 6.98183793356e-05
336 336 3.71396931598e-05
337 337 4.36595271023e-05
338 338 2.46464069187e-05
339 339 3014.96318073
340 340 6.15539200795e-05
341 341 7.50682025019e-05
342 342 3.48817769227e-05
343 343 2190.09148441
344 344 5.13284134889e-05
345 345 1.51976169229e-05
346 346 2.31745779935e-05
347 347 2.06330345839e-05
348 348 3407.31583189
349 349 3416.72849144
350 350 1.68880812089e-05
351 351 5.33455965023e-05
352 352 2.87628063376e-05
353 353 64.4074707568
354 354 6.29557463428e-05
355 355 4.74496184811e-06
356 356 8.26954261481e-05
357 357 5.05907384556e-05
358 358 3292.47643913
359 359 9.48129135178e-05
360 360 1.25495309524e-05
361 361 2540.44825289
362 362 2.7890415469e-05
363 363 2.9386827293e-05
364 364 9.51875658935e-05
365 365 5.20368030524e-06
366 366 1992.14717655
367 367 7.5760309499e-05
368 368 2.88786377352e-06
369 369 4777.59242231
370 370 5.43025811049e-05
371 371 7.79601188556e-05
372 372 6.38618658128e-05
373 373 8.4490145109e-05
374 374 5.74878326091e-05
375 375 7.65543356839e-05
376 376 5.37382207737e-05
377 377 1.72587758182e-05
378 378 1.75783943392e-05
379 379 2.09089147949e-05
380 380 2.52155902709e-06
381 381 7.21736643354e-05
382 382 9.4226469754e-06
383 383 4.40217652822e-05
384 384 6.95021744803e-05
385 385 6.65853949723e-05
386 386 6.00426655834e-05
387 387 5249.86024173
388 388 4274.87161947
389 389 8.15634207896e-05
390 390 5436.05169844
391 391 7.46000172229e-05
392 392 5.56219860903e-05
393 393 918.783185882
394 394 9.72011077479e-05
395 395 3298.19629114
396 396 2061.0785051
397 397 9.94976965706e-05
398 398 6.53013536015e-05
399 399 7.05929456214e-05
400 400 5.35135668927e-06
401 401 8.03703483806e-05
402 402 5.48567149259e-05
403 403 4.93878887132e-05
404 404 2497.58904922
405 405 9.76117078115e-05
406 406 3.92152128427e-05
407 407 2.09644336425e-05
408 408 2424.12736205
409 409 3.0328760815e-05
410 410 8.11769093501e-05
411 411 4.39915111287e-05
412 412 6.76781112562e-05
413 413 6.52401985649e-05
414 414 5.34510360778e-05
415 415 5136.15099405
416 416 1.46528610073e-05
417 417 6.36287073078e-06
418 418 2.11782792059e-05
419 419 2.82260723101e-05
420 420 2.69207898369e-05
421 421 4423.22239829
422 422 2.23242194878e-05
423 423 9.00888318771e-05
424 424 1.2434404175e-06
425 425 4.67980865736e-06
426 426 3743.56459197
427 427 8.1344057579e-05
428 428 2.47952642059e-05
429 429 6.46200461192e-05
430 430 9.17177288898e-05
431 431 6.94576436306e-05
432 432 2351.04876709
433 433 5228.65795829
434 434 7.03802261845e-05
435 435 1.82678393489e-05
436 436 4.89746357229e-05
437 437 9.4368271838e-05
438 438 4061.9196623
439 439 1.20127081419e-05
440 440 3.73218492034e-05
441 441 9.13799578324e-05
442 442 7.46689431636e-05
443 443 3.41695643201e-05
444 444 6.01680549502e-05
445 445 4.86826463815e-05
446 446 3.37243910171e-05
447 447 7.0032939806e-05
448 448 6.44715756735e-05
449 449 4.06143610098e-05
450 450 4.58407669321e-05
451 451 1.34168283339e-05
452 452 5.80032718529e-05
453 453 6.80822438116e-05
454 454 1.74104004035e-05
455 455 6.58592847283e-06
456 456 8.88455175295e-05
457 457 1.60384081662e-05
458 458 3553.04684416
459 459 130.543300075
460 460 7.6836546991e-05
461 461 5.63113395826e-05
462 462 4.97312397484e-05
463 463 2983.73740301
464 464 1.29762766143e-05
465 465 4.17660748109e-05
466 466 9.35740788348e-05
467 467 2.10296277393e-05
468 468 9.15194428638e-05
469 469 2346.56410377
470 470 4.76638853543e-05
471 471 8.2191477917e-05
472 472 6.90863762874e-05
473 473 5.13811065608e-05
474 474 4.86129418926e-05
475 475 6.36728850462e-05
476 476 4.56447034527e-05
477 477 6.18291006985e-05
478 478 1.56817039142e-06
479 479 5.95556775904e-05
480 480 5263.65612577
481 481 5309.51513885
482 482 3.57422419819e-05
483 483 3.55517138948e-05
484 484 5332.43791256
485 485 2.40365921672e-05
486 486 5.75103591239e-05
487 487 6.04353962455e-05
488 488 6.22300985643e-05
489 489 6.81898361807e-05
490 490 8.2750136468e-05
491 491 4.35404522039e-06
492 492 3308.16010309
493 493 2.88361970213e-05
494 494 2380.2886349
495 495 2.01741452963e-06
496 496 1.28356162792e-05
497 497 8.20700255373e-05
498 498 3.69688177823e-06
499 499 5.95456823932e-06
500 500 4.93212512456e-05
501 501 4.18864438257e-05
502 502 7.02039611446e-06
503 503 6.62180460429e-05
504 504 7.6025678669e-05
505 505 9.12308880081e-05
506 506 6.42869573845e-05
507 507 9.2984722171e-05
508 508 4.44315628161e-05
509 509 4.41333647973e-05
510 510 6.34455636691e-05
511 511 4.96360351006e-05
512 512 3.80197578358e-05
513 513 4.8085298076e-05
514 514 6.06774724803e-05
515 515 5.31718194731e-05
516 516 4.0998178688e-05
517 517 2.24774538219e-05
518 518 2485.97966629
519 519 3243.0913169
520 520 6.34360149925e-06
521 521 545.200068475
522 522 5113.03167565
523 523 2352.50966934
524 524 1.08905384242e-06
525 525 5.9363669215e-05
526 526 1.33067803382e-06
527 527 1985.35001693
528 528 8.80022677724e-05
529 529 2.70693367149e-05
530 530 2887.9053725
531 531 3367.88071854
532 532 3.16752975558e-05
533 533 685.956848093
534 534 2.78810862479e-05
535 535 7.15975510334e-05
536 536 2315.74819368
537 537 3.6864681222e-06
538 538 2.52397312042e-05
539 539 1.83298257269e-05
540 540 9.04653075763e-05
541 541 7.4726329396e-06
542 542 2817.04062908
543 543 2.16722050309e-05
544 544 6.67830028217e-05
545 545 9.43943551057e-05
546 546 3.67216078226e-05
547 547 4735.84902268
548 548 1.66506264487e-05
549 549 4.85384164438e-05
550 550 5.69224501487e-05
551 551 7.82758623419e-05
552 552 4.63469417038e-05
553 553 2.9338569163e-05
554 554 6.81096419172e-05
555 555 9.95634460603e-05
556 556 8.29063516278e-05
557 557 4.00415455592e-06
558 558 8.82956339478e-05
559 559 1.64036912946e-06
560 560 3.82171033447e-05
561 561 8.82121055928e-05
562 562 1181.25617927
563 563 3.41592405455e-05
564 564 1.22865782608e-05
565 565 9.27493598803e-05
566 566 5.55095719081e-05
567 567 9.27553731668e-05
568 568 1.51170446453e-06
569 569 2317.3336075
570 570 2325.6633649
571 571 6.11775412933e-05
572 572 4750.88535752
573 573 9.53741367542e-05
574 574 4.2030722463e-06
575 575 4.80044470153e-05
576 576 2.1053112163e-05
577 577 1296.49179634
578 578 1975.20298808
579 579 3777.69412773
580 580 1.09593558414e-06
581 581 4.49493544284e-05
582 582 5.77355208697e-05
583 583 3573.3025822
584 584 6.55490924722e-05
585 585 4.80244491481e-05
586 586 8.72549270539e-05
587 587 4.37211616149e-05
588 588 5.83207082534e-05
589 589 4.662381673e-05
590 590 3072.48888217
591 591 8.2445992187e-05
592 592 4817.98337136
593 593 1.74857431057e-05
594 594 948.186378723
595 595 1.09959802012e-05
596 596 4.50297218957e-05
597 597 7.47823633222e-05
598 598 5.64159248274e-05
599 599 2.32247196933e-05
600 600 9.4707929407e-05
601 601 1.51089662717e-05
602 602 2.86564489588e-05
603 603 6.37747572198e-05
604 604 8.42768429017e-05
605 605 4995.00370631
606 606 7.6387209574e-05
607 607 9.75426920115e-06
608 608 5.76895003287e-05
609 609 2006.55478745
610 610 4330.8326526
611 611 3802.76467779
612 612 7.92014989976e-05
613 613 7.41571812381e-05
614 614 5488.04834829
615 615 4.21422435648e-07
616 616 2052.62570319
617 617 4.21911179841e-05
618 618 1.76372563914e-05
619 619 6.74130242188e-05
620 620 1069.94715231
621 621 5.47365097082e-05
622 622 8.54997139093e-05
623 623 9.9303969733e-05
624 624 3.28057823054e-05
625 625 5268.02013525
626 626 1853.30864884
627 627 4.42335545732e-05
628 628 6.86890102152e-05
629 629 4.56046902931e-05
630 630 1048.76474712
631 631 4.40657069833e-05
632 632 1.03486891624e-05
633 633 2.47926157671e-05
634 634 2.84710756753e-05
635 635 6.11588248596e-05
636 636 5.54814805044e-05
637 637 6.0312581675e-05
638 638 8.15246863578e-05
639 639 1.30037314658e-05
640 640 8.14344581283e-05
641 641 3.86280483889e-05
642 642 9.9899117679e-05
643 643 5321.64076797
644 644 5.31163996452e-05
645 645 4977.81543286
646 646 3.15777241702e-05
647 647 5.6332035938e-05
648 648 2.56742361927e-05
649 649 7.53701263345e-05
650 650 3677.42314807
651 651 8.06380185731e-05
652 652 8.07624842867e-05
653 653 1.46515638584e-06
654 654 5038.9179575
655 655 7.0279034809e-05
656 656 4.3025194792e-05
657 657 8.00648148705e-05
658 658 5.2080474328e-06
659 659 5.57407626625e-05
660 660 1.5346774782e-05
661 661 9.0141576939e-07
662 662 3456.00535009
663 663 4.27909079986e-05
664 664 9.99125347184e-05
665 665 2.73187411838e-05
666 666 8.03687326797e-05
667 667 7.56742204401e-05
668 668 2.47201523795e-05
669 669 2.36424014084e-05
670 670 519.043644
671 671 316.488909104
672 672 4820.73521104
673 673 4906.87168534
674 674 8.42109973963e-05
675 675 8.92050990497e-05
676 676 6.99955684697e-07
677 677 8.44617271338e-06
678 678 1.06070758946e-05
679 679 8.68500301245e-05
680 680 2.44816168015e-06
681 681 1.41616918264e-07
682 682 4.74065526953e-05
683 683 3161.86364239
684 684 9.40773034737e-05
685 685 4949.643141
686 686 8.70485421527e-05
687 687 8.35039491883e-05
688 688 1.66679227575e-05
689 689 6.49191574884e-05
690 690 6.13784017869e-05
691 691 8.59243858648e-05
692 692 4.01484501172e-05
693 693 137.540852062
694 694 2900.56664077
695 695 5.94955722292e-05
696 696 9.72767763952e-05
697 697 2.39774791242e-05
698 698 7.12008828324e-05
699 699 6.30484756679e-05
700 700 9.09736815368e-05
701 701 4850.00191047
702 702 2642.13200857
703 703 7.99576413199e-06
704 704 9.80207452283e-05
705 705 2133.50715652
706 706 5.56176621986e-05
707 707 4.19842943128e-05
708 708 4.04881447925e-05
709 709 3.27941992646e-05
710 710 5016.4109678
711 711 3.86919798427e-05
712 712 3268.93967966
713 713 2508.43836478
714 714 1.01762473477e-05
715 715 2.19110634838e-06
716 716 784.245894351
717 717 1.85382904164e-05
718 718 288.069271312
719 719 3.13461698855e-05
720 720 9.6147293076e-05
721 721 5.20986571887e-05
722 722 2733.03677171
723 723 6.94201553472e-06
724 724 2.86848007293e-05
725 725 3.943356151e-05
726 726 369.282188257
727 727 2.62393064494e-05
728 728 2.93432388143e-05
729 729 1.46335019486e-05
730 730 7.0509914843e-05
731 731 1.98112588142e-05
732 732 6.12502025271e-05
733 733 4.87965598342e-06
734 734 1.99845919343e-05
735 735 6.06649238558e-05
736 736 340.991480244
737 737 9.28345985574e-05
738 738 6.63393730585e-05
739 739 5.76721241684e-05
740 740 2.888675628e-05
741 741 8.29426355942e-05
742 742 2.61533755507e-05
743 743 9.56858496658e-05
744 744 4.23874991353e-05
745 745 3.09219540742e-05
746 746 1018.35720221
747 747 5.68331419632e-05
748 748 3.70299234236e-05
749 749 1308.92566275
750 750 7.61806717034e-05
751 751 5.17071728776e-05
752 752 4.74200469626e-06
753 753 1.3134435819e-05
754 754 7.93598979688e-05
755 755 5072.52316975
756 756 8.53815392352e-05
757 757 3.87884138112e-05
758 758 2.39753696339e-06
759 759 6.43999855791e-05
760 760 2585.90814147
761 761 9.56719212646e-05
762 762 5189.36345941
763 763 9.59102323305e-05
764 764 8.02402363201e-05
765 765 3.57403050533e-05
766 766 5060.64816996
767 767 3.59526760446e-05
768 768 6.19524890087e-05
769 769 2270.26106438
770 770 1864.05556417
771 771 6.81489846861e-05
772 772 5.3938537725e-05
773 773 3.85847620044e-05
774 774 3.56209732705e-05
775 775 9.49461727685e-05
776 776 5.20171253111e-05
777 777 7.69934664295e-05
778 778 8.68579220521e-05
779 779 9.9923630216e-05
780 780 1332.40624824
781 781 1459.23965484
782 782 3.45582138515e-05
783 783 4.32039136759e-05
784 784 4.61053558098e-06
785 785 3.6723029512e-05
786 786 3.08121191868e-05
787 787 9.3837146837e-05
788 788 6.99413930475e-05
789 789 3.79853226387e-05
790 790 9.58820023169e-05
791 791 7.17333024087e-05
792 792 7.89341294373e-05
793 793 1595.51782536
794 794 8.66413991594e-05
795 795 2.77717079808e-05
796 796 4776.57085976
797 797 8.83809445988e-05
798 798 8.52031697961e-05
799 799 242.222076647
800 800 7.95458776021e-05
801 801 6.98604769554e-05
802 802 1.71254892688e-05
803 803 4.98482465154e-05
804 804 7.50625411517e-05
805 805 3157.41935985
806 806 3.33763390033e-05
807 807 7.99540981038e-05
808 808 3.30603557023e-05
809 809 2.96999298722e-05
810 810 1117.6794429
811 811 6.60286877224e-05
812 812 7.43815587065e-05
813 813 7.57574445098e-05
814 814 9.42342772666e-05
815 815 1.2633856897e-05
816 816 4.70140846999e-05
817 817 8.85224026574e-05
818 818 2.61287598738e-05
819 819 5534.32336931
820 820 3.71055898596e-05
821 821 1.98341238118e-05
822 822 2278.03906077
823 823 2300.17369279
824 824 4.90273818662e-05
825 825 5.82626145566e-05
826 826 2010.54443204
827 827 4.23454052366e-05
828 828 1180.47414695
829 829 2928.23688669
830 830 9.60678490163e-05
831 831 3660.3537826
832 832 1.08887195149e-05
833 833 7.20092037622e-05
834 834 403.7829127
835 835 8.36735358252e-05
836 836 3.5830053619e-05
837 837 2.0966107822e-05
838 838 1631.84874142
839 839 5.49812186583e-05
840 840 7.96924557376e-05
841 841 6.19060388454e-05
842 842 2.5805607503e-05
843 843 8.79848461863e-06
844 844 671.648481683
845 845 3.24729990198e-05
846 846 704.208298368
847 847 4.64686615636e-05
848 848 4338.66790974
849 849 895.660611014
850 850 4.96719352106e-05
851 851 1994.31534024
852 852 7.52097252204e-05
853 853 9.97436341502e-05
854 854 2424.52074425
855 855 9.94251747668e-05
856 856 1.89943545062e-05
857 857 4.61324463567e-05
858 858 6.3992774423e-05
859 859 3.88390712394e-05
860 860 3170.31290807
861 861 4.34866436114e-05
862 862 4625.65702986
863 863 4477.65627294
864 864 3086.49268247
865 865 8.67599775689e-05
866 866 4288.95673899
867 867 6.96744304049e-05
868 868 2.82724769098e-05
869 869 8.50319281842e-05
870 870 5.40103775652e-05
871 871 2.90022795864e-05
872 872 2.92459302687e-05
873 873 2634.34769456
874 874 9.73280716263e-06
875 875 2.40096555606e-05
876 876 6.05133516083e-05
877 877 2.81739854379e-06
878 878 5.59291157755e-05
879 879 1.70995705841e-05
880 880 8.81329206459e-05
881 881 9.2229841482e-05
882 882 7.87459187976e-05
883 883 2189.24547237
884 884 6.73813122291e-05
885 885 2.42257054583e-05
886 886 5.63635310161e-05
887 887 4987.46228992
888 888 7.12486344306e-05
889 889 5.50471919456e-05
890 890 2.6037403772e-05
891 891 7.83379677954e-05
892 892 8.17684085414e-05
893 893 2364.46647609
894 894 9.45471708541e-05
895 895 3027.55451168
896 896 4.52048677849e-05
897 897 985.9862781
898 898 5.75763908022e-05
899 899 4497.31212625
900 900 5.695801168e-05
901 901 3.86443473246e-05
902 902 1628.32127187
903 903 4357.86701136
904 904 116.78041658
905 905 6.10549319634e-05
906 906 1.10618554307e-05
907 907 5.59726652571e-05
908 908 9.88943814844e-05
909 909 3.9690280928e-05
910 910 5071.12647889
911 911 3970.38423942
912 912 4997.42145259
913 913 1.23366785055e-05
914 914 5.81773793297e-05
915 915 5.92892317064e-05
916 916 6.31865502852e-05
917 917 4.64714047955e-05
918 918 7.11027256325e-05
919 919 1.90791880393e-05
920 920 4.14917650476e-05
921 921 2.3468537812e-06
922 922 4.41725212729e-05
923 923 9.31213501205e-06
924 924 8.35952895141e-06
925 925 9.71252824811e-05
926 926 5404.59265684
927 927 6.43960903995e-05
928 928 9.76147180243e-05
929 929 4.31040242396e-05
930 930 4.38577032131e-05
931 931 3.01970282663e-05
932 932 6.54360431813e-05
933 933 8.30938253413e-05
934 934 1.37340845073e-05
935 935 1584.60502046
936 936 7.32500639021e-05
937 937 9.19979914484e-06
938 938 6.96650877303e-05
939 939 4404.10082441
940 940 2262.50974653
941 941 6.05751721467e-07
942 942 3198.96295294
943 943 5.20911806231e-05
944 944 2.47123331637e-05
945 945 4.25286423559e-05
946 946 3.53053806781e-05
947 947 3.03005352666e-05
948 948 1.95413967709e-05
949 949 1.81306093866e-05
950 950 2.19829285593e-05
951 951 8.06725202266e-05
952 952 7.31059123782e-05
953 953 6.01805139848e-06
954 954 8.3331653921e-05
955 955 3.50830379339e-05
956 956 8.41604079308e-06
957 957 4.59934766195e-05
958 958 4.75699546917e-05
959 959 2.4210133829e-05
960 960 4875.96308364
961 961 9.58156721029e-05
962 962 3.485135865e-05
963 963 5.11486858316e-05
964 964 2847.11762969
965 965 8.75300234197e-05
966 966 8.54721236853e-05
967 967 8.27910802485e-06
968 968 8.11263087049e-05
969 969 9.84851404326e-05
970 970 8.1075223345e-05
971 971 8.8535940432e-05
972 972 6.9096335427e-06
973 973 5.5157940949e-05
974 974 6.86983701368e-05
975 975 3028.22198792
976 976 4.57889759964e-06
977 977 8.78920748978e-05
978 978 1484.96237281
979 979 4.30277820238e-05
980 980 6.00592883497e-05
981 981 5.9502023157e-05
982 982 2.30323389408e-05
983 983 4.84297131154e-07
984 984 5.41641165764e-05
985 985 5424.21945085
986 986 3.04910908662e-05
987 987 4965.93900345
988 988 4.49663482922e-05
989 989 6.90723691544e-05
990 990 1.55210574645e-05
991 991 3.68427527746e-05
992 992 1.72326012056e-05
993 993 2.66579186488e-05
994 994 1.34043312421e-05
995 995 3.44999081324e-05
996 996 9.64249289482e-05
997 997 2607.884036
998 998 4.42315972134e-05
999 999 4278.45706815
1000 1000 3.70437331942e-05
1001 1001 1.57119209272e-05
1002 1002 1.82465330318e-05
1003 1003 2.905114031e-05
1004 1004 7.83358654199e-06
1005 1005 1453.38441926
1006 1006 1.16610994655e-05
1007 1007 5.37599279241e-05
1008 1008 6.25477228466e-05
1009 1009 8.32382243993e-06
1010 1010 2509.88873353
1011 1011 5.52132304661e-05
1012 1012 1312.03945113
1013 1013 3.9230142596e-05
1014 1014 2672.78136327
1015 1015 266.213619204
1016 1016 938.998883073
1017 1017 6.21952518447e-05
1018 1018 8.39893501274e-05
1019 1019 1.07153783252e-05
1020 1020 5.36035242205e-05
1021 1021 6.73099788898e-05
1022 1022 4.42553408274e-05
1023 1023 1.42783627292e-05
1024 1024 5.20759135894e-05
1025 1025 6.36613685155e-05
1026 1026 5622.10986332
1027 1027 5398.17909727
1028 1028 9.53447586477e-05
1029 1029 7.94069008272e-06
1030 1030 4.44922552635e-05
1031 1031 3.87617734748e-05
1032 1032 2425.78552925
1033 1033 5.42522449632e-05
1034 1034 8.06596703656e-05
1035 1035 5594.02134024
1036 1036 4.15538286868e-05
1037 1037 3348.87215893
1038 1038 5.47679426749e-05
1039 1039 3.93668441642e-05
1040 1040 3494.30004577
1041 1041 8.89641638821e-05
1042 1042 3.44440421969e-05
1043 1043 1787.82726765
1044 1044 355.710227565
1045 1045 3459.99780018
1046 1046 3.08268326674e-05
1047 1047 3.47742173379e-05
1048 1048 83.2342829313
1049 1049 7.2375110128e-05
1050 1050 9.15610214784e-05
1051 1051 6.38895705536e-05
1052 1052 3.51861036006e-05
1053 1053 5.38787103904e-05
1054 1054 8.22705493287e-05
1055 1055 736.881245286
1056 1056 8.6439169178e-05
1057 1057 379.296951075
1058 1058 4.42804062797e-05
1059 1059 1.31085114073e-05
1060 1060 6.30336350192e-05
1061 1061 1.35242107586e-05
1062 1062 9.3371878045e-05
1063 1063 3027.79185817
1064 1064 1.89191617099e-05
1065 1065 1.58159268658e-05
1066 1066 6.87273061202e-05
1067 1067 3.52760606296e-05
1068 1068 3.33908708068e-05
1069 1069 1.18473708536e-05
1070 1070 5596.15833544
1071 1071 7.73131975741e-06
1072 1072 9.71185987201e-05
1073 1073 7.25635399132e-05
1074 1074 1.03958397952e-05
1075 1075 2.48268141392e-05
1076 1076 9.89226381202e-05
1077 1077 7.775647077e-05
1078 1078 5.50845938635e-05
1079 1079 1.58019296541e-05
1080 1080 2.5933764927e-05
1081 1081 2.51528690974e-05
1082 1082 2996.55941924
1083 1083 2429.86182598
1084 1084 2845.32082088
1085 1085 6.48331166888e-05
1086 1086 7.3490678548e-05
1087 1087 9.12788984065e-05
1088 1088 2.9485069072e-05
1089 1089 4.55404619809e-05
1090 1090 492.582825116
1091 1091 5.31837054695e-05
1092 1092 7.19284987513e-06
1093 1093 8.70969039625e-05
1094 1094 5303.75372622
1095 1095 3.63833908919e-05
1096 1096 5.3672846914e-05
1097 1097 5504.48726104
1098 1098 7.93117852291e-05
1099 1099 4.3913429408e-05
1100 1100 2768.33716824
1101 1101 8.9617076223e-05
1102 1102 7.67836502168e-05
1103 1103 3.06829779658e-06
1104 1104 6.37362784984e-05
1105 1105 2.27083467391e-05
1106 1106 505.468957333
1107 1107 4373.98005181
1108 1108 5.42156768609e-05
1109 1109 2.58956987902e-05
