1 1 0.00994097121702
2 2 471.581065827
3 3 417.040444129
4 4 256.037999625
5 5 0.00305462508695
6 6 592.13864932
7 7 0.00408896484515
8 8 130.408033483
9 9 288.24786952
10 10 276.638737718
11 11 446.965840413
12 12 557.265755706
13 13 0.00169059862928
14 14 436.359997919
15 15 373.522277631
16 16 0.00723848221316
17 17 0.00896549680358
18 18 447.803292101
19 19 266.255245536
20 20 0.00893750758953
21 21 0.000915366793156
22 22 426.153256695
23 23 228.017241094
24 24 0.00811964769012
25 25 0.00785945029184
26 26 319.204116916
27 27 167.052235843
28 28 330.633124749
29 29 0.00208143135273
30 30 554.949915584
31 31 0.00739114863058
32 32 0.00548357834934
33 33 613.288362799
34 34 37.1045439916
35 35 444.431408648
36 36 503.957394358
37 37 470.4653627
38 38 0.00262659611217
39 39 607.177580476
40 40 7.92503594716
41 41 0.00414518925667
42 42 0.00111965330959
43 43 211.880375994
44 44 500.947569541
45 45 140.527121134
46 46 443.580164077
47 47 312.01423559
48 48 253.795282033
49 49 158.630524495
50 50 95.6832923109
51 51 0.00355996332284
52 52 125.213252714
53 53 0.00589426194927
54 54 356.31582392
55 55 556.542001054
56 56 0.000465910969129
57 57 244.366145275
58 58 0.00343409427332
59 59 0.00939206337553
60 60 471.825686035
61 61 0.00453145981637
62 62 256.874373075
63 63 0.00244411602729
64 64 0.00703630840392
65 65 237.363889061
66 66 470.492269501
67 67 306.334384041
68 68 0.00816485608694
69 69 407.382804123
70 70 0.0094534747726
71 71 0.00064420604027
72 72 113.92158093
73 73 534.984768436
74 74 0.0012496604928
75 75 399.266532503
76 76 222.345067659
77 77 98.632719545
78 78 379.895166751
79 79 139.580654713
80 80 248.174858613
81 81 293.853936608
82 82 447.054311496
83 83 204.846783089
84 84 250.630365249
85 85 0.00646486085287
86 86 544.55693863
87 87 590.792694929
88 88 102.926345265
89 89 597.87081132
90 90 379.029796873
91 91 0.000351828016436
92 92 281.2823474
93 93 425.2582559
94 94 53.0671921912
95 95 0.00111059068336
96 96 443.078503128
97 97 419.484547234
98 98 512.966390411
99 99 170.716126398
100 100 49.0167538479
101 101 480.856573096
102 102 421.530011834
103 103 572.619713267
104 104 456.933352727
105 105 597.378730276
106 106 0.00451748931078
107 107 171.230486293
108 108 151.612684274
109 109 0.000465565033748
110 110 320.868647925
111 111 401.82433667
112 112 114.37378279
113 113 461.710984896
114 114 587.437925666
115 115 100.699180085
116 116 251.165362057
117 117 0.00323655153717
118 118 440.122116923
119 119 0.00432043175645
120 120 180.029342616
121 121 0.00490867716368
122 122 397.611978439
123 123 0.0027468280436
124 124 294.957238307
125 125 86.7782447073
126 126 389.581399503
127 127 567.248935506
128 128 545.090394668
129 129 536.881399544
130 130 0.00838227316796
131 131 0.00290309880474
132 132 458.001783002
133 133 63.2679734265
134 134 422.413145551
135 135 564.427134583
136 136 248.179580202
137 137 594.643584862
138 138 622.62634155
139 139 75.7475091643
140 140 461.602070198
141 141 536.565823868
142 142 175.15693462
143 143 335.272290003
144 144 212.462796931
145 145 472.995527688
146 146 16.8487023838
147 147 96.2864750615
148 148 170.548774028
149 149 495.130963673
150 150 0.009720477699
151 151 451.851065969
152 152 283.147737774
153 153 47.425188155
154 154 252.29703608
155 155 11.4229448504
156 156 225.48337224
157 157 162.105957347
158 158 0.00931818023621
159 159 435.394105126
160 160 421.389576426
161 161 124.157575157
162 162 0.00470678506012
163 163 532.465121428
164 164 376.284917261
165 165 130.453488822
166 166 79.8151872234
167 167 421.787517621
168 168 0.00883775297562
169 169 264.166884224
170 170 0.00914151071765
171 171 103.905320957
172 172 553.536490908
173 173 25.297641856
174 174 0.000873483943446
175 175 0.0080176708018
176 176 167.641023146
177 177 373.880986038
178 178 590.066603998
179 179 0.00468546933687
180 180 401.066174468
181 181 587.61991536
182 182 80.819372573
183 183 350.137487575
184 184 211.946291776
185 185 0.00230144893537
186 186 327.101135903
187 187 263.855521751
188 188 305.214783965
189 189 0.00387540368278
190 190 470.855789808
191 191 170.522669035
192 192 416.945697184
193 193 109.200010491
194 194 0.00242747496596
195 195 535.020648922
196 196 251.774595651
197 197 127.527580385
198 198 339.37755932
199 199 449.930022048
200 200 0.000342387756803
201 201 0.00847700460327
202 202 469.928010151
203 203 0.00934200845496
204 204 195.381358669
205 205 472.273648748
206 206 396.058355238
207 207 0.00468224912185
208 208 310.691258294
209 209 595.516001219
210 210 10.2310493356
211 211 0.00959163065434
212 212 264.801770388
213 213 0.00537456746404
214 214 363.603235467
215 215 298.032276544
216 216 345.509464736
217 217 287.922637904
218 218 0.00339048012253
219 219 0.00907207306224
220 220 264.122430737
221 221 393.295002018
222 222 585.637875023
223 223 170.015083808
224 224 164.045150965
225 225 0.00933978370903
226 226 0.00200282561416
227 227 210.372774172
228 228 0.00124495308476
229 229 6.97905619899e-05
230 230 121.086691739
231 231 282.951384604
232 232 0.00210647966931
233 233 0.000926418892367
234 234 447.438114911
235 235 115.845932927
236 236 287.876692313
237 237 220.910319238
238 238 558.609353628
239 239 155.137523277
240 240 618.125201664
241 241 281.658493477
242 242 142.142914948
243 243 0.00499415030372
244 244 248.725739286
245 245 611.431998816
246 246 26.7360463475
247 247 501.94157325
248 248 30.2550010564
249 249 522.464930606
250 250 0.00167965976529
251 251 470.658892568
252 252 167.674195453
253 253 535.562246567
254 254 556.614027572
255 255 115.684805905
256 256 179.185983094
257 257 325.216628296
258 258 83.826915557
259 259 143.940023153
260 260 0.00623447794817
261 261 535.073230436
262 262 330.698494412
263 263 277.598568874
264 264 442.617923516
265 265 124.269241954
266 266 0.00421726751199
267 267 556.094664528
268 268 495.923020863
269 269 506.515546088
270 270 190.298489783
271 271 0.00880250624274
272 272 236.484972622
273 273 578.925433374
274 274 447.943635549
275 275 65.9045792662
276 276 141.289300712
277 277 0.00820596313218
278 278 466.149111276
279 279 42.6985082832
280 280 70.449797342
281 281 451.664423411
282 282 548.066137767
283 283 0.00304817714051
284 284 587.300973956
285 285 0.00861756719821
286 286 60.0254334668
287 287 545.932883843
288 288 502.318577661
289 289 51.8529445658
290 290 450.930788571
291 291 200.721809585
292 292 24.9795087881
293 293 495.747912502
294 294 105.228185218
295 295 449.64931747
296 296 0.00148994430502
297 297 124.848559906
298 298 0.000670405690112
299 299 190.880953413
300 300 575.539654245
301 301 442.630485492
302 302 260.741315695
303 303 568.201945034
304 304 347.020628186
305 305 371.850110528
306 306 349.077186549
307 307 36.6344223764
308 308 478.88448498
309 309 464.089785619
310 310 265.532127896
311 311 0.00115881877541
312 312 16.448428481
313 313 604.015983153
314 314 0.00907415495279
315 315 0.00376307535376
316 316 572.082073644
317 317 172.793778822
318 318 433.902186463
319 319 438.029727224
320 320 546.565870053
321 321 31.3280307669
322 322 427.801186805
323 323 191.001034569
324 324 597.667867763
325 325 456.670736866
326 326 448.092755483
327 327 0.00348991134398
328 328 485.949081935
329 329 0.00684374085273
330 330 145.537684263
331 331 96.297823953
332 332 0.00723879417954
333 333 299.962997326
334 334 0.00358714514264
335 335 350.630761194
336 336 0.00470043514006
337 337 0.00239357785206
338 338 444.153943244
339 339 555.778536813
340 340 210.981431674
341 341 361.031589042
342 342 521.753036465
343 343 391.632141502
344 344 0.00831811893421
345 345 0.00339536169476
346 346 523.212842699
347 347 589.401248621
348 348 315.159781332
349 349 326.712869674
350 350 0.00669289032558
351 351 0.00821213684651
352 352 543.510462501
353 353 180.806707449
354 354 285.01205098
355 355 470.9874505
356 356 607.396204191
357 357 0.00272252477918
358 358 226.963264745
359 359 17.1519118831
360 360 0.0060859969186
361 361 428.650630662
362 362 0.00606748493598
363 363 593.616775295
364 364 239.266331503
365 365 402.709901158
366 366 68.8411901708
367 367 0.00923356702416
368 368 74.305626708
369 369 0.00818668040217
370 370 0.00804649867577
371 371 624.096523605
372 372 0.00840434614035
373 373 0.00285903643741
374 374 135.234097601
375 375 0.00279310582298
376 376 514.084009946
377 377 0.00869243535622
378 378 127.161199567
379 379 2.65766740008
380 380 0.00189395697956
381 381 0.00603382902042
382 382 0.00768633219667
383 383 78.4893724713
384 384 0.00675605790884
385 385 0.000309058925075
386 386 5.30165284002
387 387 0.0055291663992
388 388 317.280671105
389 389 32.8822283069
390 390 26.124390049
391 391 332.667769803
392 392 200.426076176
393 393 384.775934045
394 394 232.83091248
395 395 349.662351462
396 396 313.800046679
397 397 78.469184298
398 398 0.0058894832794
399 399 0.00607256913854
400 400 0.00135444122933
401 401 554.057531504
402 402 301.519434159
403 403 0.00229112499231
404 404 334.634565968
405 405 148.809421754
406 406 0.00942516021375
407 407 76.5809278229
408 408 0.00738574388064
409 409 212.829777283
410 410 402.480405937
411 411 361.549018653
412 412 70.2431900199
413 413 0.00114013115604
414 414 321.160185034
415 415 571.461541469
416 416 502.441408948
417 417 320.813801875
418 418 137.73451956
419 419 340.498754738
420 420 295.755085864
421 421 307.367736824
422 422 107.213785324
423 423 0.00550663049741
424 424 42.4282269047
425 425 0.00656096662096
426 426 0.00902050633232
427 427 130.167495497
428 428 429.18979102
429 429 418.625103778
430 430 0.00682010472256
431 431 348.9743538
432 432 9.96790934419e-05
433 433 372.845943229
434 434 48.1714262804
435 435 182.176708673
436 436 0.00112539165278
437 437 0.00319057325776
438 438 267.779758876
439 439 374.724679929
440 440 0.000829688436109
441 441 540.612973228
442 442 0.00717172563577
443 443 85.8759295884
444 444 0.00867713325154
445 445 454.380025605
446 446 0.00868723076807
447 447 0.00682260711018
448 448 2.00272320028
449 449 0.00797164052399
450 450 264.90027337
451 451 315.7188823
452 452 0.00527485976384
453 453 99.9123517815
454 454 0.00478328405134
455 455 93.7882259346
456 456 286.677672421
457 457 0.00747609542837
458 458 523.541544976
459 459 257.741342544
460 460 175.041465383
461 461 80.1630673987
462 462 494.979642861
463 463 28.1522854541
464 464 0.00651122330864
465 465 116.28309628
466 466 0.000560294927367
467 467 201.421576053
468 468 269.437834662
469 469 72.3491965619
470 470 0.00542618842523
471 471 515.721386081
472 472 444.118998926
473 473 156.938214725
474 474 281.478696596
475 475 0.00137791788566
476 476 231.078770564
477 477 516.161157942
478 478 423.68366732
479 479 240.841933076
480 480 370.671753137
481 481 295.320879679
482 482 210.079362638
483 483 0.0019604337208
484 484 89.5170099335
485 485 0.00740827708757
486 486 0.00325795954391
487 487 331.348268827
488 488 298.814602382
489 489 370.428018245
490 490 608.25370894
491 491 377.756707854
492 492 432.313666537
493 493 269.212766607
494 494 587.732940162
495 495 126.72021226
496 496 0.00335715360427
497 497 149.269937048
498 498 236.904142456
499 499 231.968091344
500 500 83.8189075887
501 501 550.853136942
502 502 463.687914116
503 503 113.016562411
504 504 0.0078088957757
505 505 88.5426917488
506 506 48.5414282757
507 507 187.182117679
508 508 8.96545512532
509 509 436.345067424
510 510 604.097616408
511 511 0.00643826968548
512 512 0.00394673657534
513 513 86.5951585147
514 514 28.4343678569
515 515 400.531157083
516 516 387.895567297
517 517 462.192900312
518 518 273.612106378
519 519 0.00501655669343
520 520 0.00331432672328
521 521 0.00651796932889
522 522 348.922186108
523 523 20.7592723519
524 524 208.996485666
525 525 442.583137142
526 526 561.541376099
527 527 0.00197092600732
528 528 0.00584954640312
529 529 351.016807122
530 530 487.691412253
531 531 520.395473682
532 532 265.937837522
533 533 323.699268999
534 534 0.00396955089391
535 535 0.000761859030099
536 536 217.27225767
537 537 0.00994988588429
538 538 476.580924058
539 539 403.81609078
540 540 444.106945075
541 541 0.00235114803004
542 542 497.580216912
543 543 163.021604488
544 544 0.00574533905561
545 545 0.00258625537905
546 546 381.854623064
547 547 525.58497257
548 548 274.910049965
549 549 450.426078955
550 550 172.400385669
551 551 72.8020260706
552 552 234.533906119
553 553 432.668649402
554 554 81.1462398411
555 555 565.777717963
556 556 546.296723229
557 557 155.462539063
558 558 0.00911898567627
559 559 0.00937663844005
560 560 0.00520432080439
561 561 347.209146919
562 562 494.984325208
563 563 421.286268135
564 564 43.9549551464
565 565 219.366238927
566 566 2.74321182192
567 567 405.886306086
568 568 599.529036509
569 569 217.585729773
570 570 410.231254097
571 571 0.00306764151917
572 572 0.00483930274286
573 573 577.279846719
574 574 402.408033599
575 575 537.185266983
576 576 0.00169662521296
577 577 389.995238531
578 578 0.00326104065236
579 579 578.901832625
580 580 249.222900931
581 581 49.3324339751
582 582 0.00564779543297
583 583 326.17048926
584 584 347.984316125
585 585 283.458550864
586 586 475.345459394
587 587 197.525723823
588 588 238.478416537
589 589 150.921883133
590 590 444.704843289
591 591 219.023582961
592 592 280.511906292
593 593 141.833461462
594 594 585.578364731
595 595 278.813236427
596 596 33.783223511
597 597 401.788134548
598 598 472.202702035
599 599 0.00700508827459
600 600 384.094358452
601 601 439.52805295
602 602 362.28596232
603 603 0.00764798517215
604 604 600.508519679
605 605 39.5708561401
606 606 481.982449032
607 607 0.00852389921824
608 608 0.00203276360754
609 609 439.319192054
610 610 311.226428634
611 611 87.0957275976
612 612 17.4439989493
613 613 0.0022443807797
614 614 474.006967565
615 615 323.673475641
616 616 32.3512457162
617 617 298.640314929
618 618 540.786359989
619 619 440.718461082
620 620 0.0069008366306
621 621 84.3314623831
622 622 80.8750889872
623 623 164.148385016
624 624 606.83635433
625 625 533.234321472
626 626 0.00712802983659
627 627 0.00743865105182
628 628 79.0550305707
629 629 174.962857953
630 630 530.967190084
631 631 528.354384726
632 632 140.076732513
633 633 0.00144889024934
634 634 0.00472672073405
635 635 501.710927989
636 636 374.99458961
637 637 0.00406106888467
638 638 0.623578213879
639 639 384.564849913
640 640 0.00371996257314
641 641 476.165752957
642 642 594.052130491
643 643 332.971904453
644 644 214.05851171
645 645 0.00695049567236
646 646 589.052934149
647 647 12.8672624399
648 648 498.39245642
649 649 81.7510052802
650 650 0.00058380282671
651 651 157.499568718
652 652 478.162409969
653 653 8.04017688097
654 654 48.5490819674
655 655 527.999938001
656 656 286.075359971
657 657 617.855909497
658 658 552.156440882
659 659 43.9313269009
660 660 289.262732913
661 661 122.489647694
662 662 210.312985923
663 663 192.771706552
664 664 397.224291274
665 665 438.434432102
666 666 0.0037887464038
667 667 201.145661921
668 668 401.298805298
669 669 454.742171677
670 670 60.874668941
671 671 347.216609045
672 672 537.177523987
673 673 110.453353637
674 674 0.000668266958646
675 675 0.00234164162478
676 676 254.301737731
677 677 41.473773772
678 678 308.612335095
679 679 593.493331105
680 680 101.350002542
681 681 40.8440710508
682 682 151.838314596
683 683 321.857854217
684 684 61.3541805168
685 685 42.5989351874
686 686 0.000669709235692
687 687 0.00701840130925
688 688 93.1625407284
689 689 0.000404540237045
690 690 151.145642329
691 691 207.097302733
692 692 205.895744734
693 693 85.7126381692
694 694 248.463398241
695 695 294.481238161
696 696 327.126267036
697 697 74.5837051342
698 698 17.6750109088
699 699 561.775305836
700 700 36.1631802987
701 701 43.8189248004
702 702 0.00596430361466
703 703 202.727490325
704 704 0.00927103978153
705 705 340.291669314
706 706 195.277080372
707 707 332.341274632
708 708 459.279675205
709 709 58.2996093205
710 710 0.00394068510112
711 711 564.26867257
712 712 368.42271243
713 713 0.00755281269617
714 714 6.84568170799
715 715 280.601193059
716 716 311.290879598
717 717 161.49459609
718 718 420.161177187
719 719 527.306878131
720 720 40.7440226914
721 721 20.4670386233
722 722 467.311829992
723 723 509.151029857
724 724 538.727700878
725 725 0.00496464379778
726 726 115.896576225
727 727 0.00996285625291
728 728 155.147113541
729 729 505.182628742
730 730 249.475046708
731 731 424.87945098
732 732 0.00215566912709
733 733 0.00259936559768
734 734 234.873137675
735 735 395.546250617
736 736 445.640309734
737 737 0.00224242804107
738 738 475.531394587
739 739 456.415713335
740 740 0.00785836963587
741 741 260.925056202
742 742 0.00876818222315
743 743 172.252535142
744 744 418.212545654
745 745 452.095802226
746 746 0.00530981902108
747 747 527.524452504
748 748 44.8896242826
749 749 149.832899855
750 750 161.033897778
751 751 103.872695503
752 752 401.75937299
753 753 0.00836770689041
754 754 0.00367071811237
755 755 139.36392103
756 756 507.609646582
757 757 0.00717133913365
758 758 377.441587165
759 759 616.169973993
760 760 0.0070272761226
761 761 154.293445231
762 762 34.7427610469
763 763 115.008397723
764 764 0.00656534215772
765 765 535.856014949
766 766 509.725434175
767 767 0.00199013286414
768 768 103.214991548
769 769 0.0017158511884
770 770 543.889086746
771 771 272.171595009
772 772 325.915104223
773 773 514.134726362
774 774 512.2345751
775 775 0.00690855807225
776 776 110.67287397
777 777 216.278197101
778 778 439.831056296
779 779 19.4511217862
780 780 241.720821763
781 781 194.139833423
782 782 187.727561434
783 783 0.00332910999764
784 784 511.10247851
785 785 0.00473148988257
786 786 620.799696515
787 787 0.00321553636414
788 788 421.766433846
789 789 0.00479136172073
790 790 247.136522723
791 791 14.4846548731
792 792 0.00384821267973
793 793 235.744684567
794 794 267.520579915
795 795 169.890149785
796 796 467.352309219
797 797 384.668499456
798 798 17.6992278279
799 799 557.415030659
800 800 0.00555277602169
801 801 168.047870382
802 802 511.296999661
803 803 0.00287910652387
804 804 336.394388064
805 805 38.7111348004
806 806 574.326915993
807 807 229.543295612
808 808 0.00595713682155
809 809 0.00334057405547
810 810 0.00474016509539
811 811 191.110941945
812 812 471.705721633
813 813 595.779445048
814 814 330.934276369
815 815 127.746197665
816 816 0.00813879671877
817 817 0.00393900068587
818 818 473.807399539
819 819 0.00959387384268
820 820 147.405240524
821 821 613.580334576
822 822 82.2099096009
823 823 453.19412606
824 824 0.0061122389844
825 825 354.829583568
826 826 142.98395901
827 827 487.248766942
828 828 199.891826612
829 829 246.351831791
830 830 0.0074995178578
831 831 336.64179406
832 832 0.00134562558651
833 833 503.980791503
834 834 578.127108275
835 835 49.0262327843
836 836 70.5709541543
837 837 298.153755559
838 838 0.00223369683579
839 839 97.9025343341
840 840 121.551456316
841 841 0.00955408123307
842 842 560.664783069
843 843 566.595452021
844 844 518.057381208
845 845 0.00776640796026
846 846 57.1437193759
847 847 122.256886463
848 848 579.48379237
849 849 21.8323141073
850 850 530.304508729
851 851 247.779937081
852 852 142.742955466
853 853 381.165290111
854 854 173.939506258
855 855 45.8958001494
856 856 119.035633572
857 857 0.000335303840439
858 858 0.00163360878213
859 859 564.01811762
860 860 0.00983119253061
861 861 0.00771445651472
862 862 47.4276745873
863 863 508.979889092
864 864 83.1348723858
865 865 462.93597742
866 866 0.00740365747053
867 867 414.645878389
868 868 212.082786574
869 869 513.36108114
870 870 0.00682187448609
871 871 0.000629568738051
872 872 127.903459622
873 873 357.054841182
874 874 511.692861325
875 875 236.225004772
876 876 424.932846679
877 877 182.457238756
878 878 425.127830198
879 879 339.264713328
880 880 81.9966827694
881 881 342.935191451
882 882 516.767602952
883 883 588.313695669
884 884 0.00966180513962
885 885 466.37205699
886 886 0.00744100245446
887 887 0.00597705743231
888 888 0.00566408195684
889 889 49.4460694693
890 890 0.00367520589224
891 891 326.077503295
892 892 98.2974639024
893 893 611.548299518
894 894 536.24725799
895 895 258.814016266
896 896 380.157902921
897 897 580.990187687
898 898 266.15557768
899 899 299.159257292
900 900 240.474678035
901 901 42.7016064113
902 902 89.9674105729
903 903 0.00602607748423
904 904 368.400339008
905 905 171.227136108
906 906 65.2876908845
907 907 404.425673842
908 908 576.857761396
909 909 381.764889839
910 910 608.219779233
911 911 37.1445372169
912 912 0.00832929955094
913 913 207.708448378
914 914 481.023462337
915 915 590.581567002
916 916 591.371794902
917 917 10.4923451663
918 918 0.00534567193899
919 919 0.0077598371332
920 920 0.00960053094929
921 921 0.00892833907546
922 922 582.752676914
923 923 46.9721229655
924 924 0.00988491415195
925 925 274.461764754
926 926 55.4850464282
927 927 60.5688066216
928 928 484.263073763
929 929 132.046119693
930 930 441.415923447
931 931 122.106534381
932 932 0.0074899230057
933 933 604.23758751
934 934 92.7842527407
935 935 9.97677227651
936 936 0.00805148959582
937 937 95.0466651614
938 938 395.63521192
939 939 0.00763857549684
940 940 146.360130791
941 941 437.044987459
942 942 112.43894781
943 943 92.5131265902
944 944 19.0306295667
945 945 573.48958628
946 946 338.860019982
947 947 400.81027231
948 948 258.522522253
949 949 0.00642969189177
950 950 470.301495864
951 951 446.05176797
952 952 258.133935266
953 953 0.000137325733592
954 954 567.017948775
955 955 0.00312471762934
956 956 0.00508671108888
957 957 44.0534662828
958 958 462.092619917
959 959 321.949828375
960 960 576.92182672
961 961 612.226663172
962 962 620.744291273
963 963 213.83669349
964 964 248.787695753
965 965 184.712235471
966 966 570.167052403
967 967 232.089440937
968 968 547.707216401
969 969 316.519037037
970 970 0.00102080449303
971 971 78.4270083165
972 972 161.34425835
973 973 540.721137003
974 974 296.133046392
975 975 0.00752622908288
976 976 0.00539404436241
977 977 582.864544667
978 978 621.591904281
979 979 420.774796879
980 980 518.090869636
981 981 55.1019944308
982 982 619.667588156
983 983 284.675536517
984 984 334.40268244
985 985 0.0064872276132
986 986 252.728667046
987 987 174.377549299
988 988 162.891821782
989 989 365.595726787
990 990 255.92473201
991 991 304.84714243
992 992 613.35630193
993 993 350.338441928
994 994 172.057021242
995 995 0.00276552906596
996 996 1.07269154712
997 997 0.00703917013645
998 998 126.393199465
999 999 48.8209782395
1000 1000 588.231994964
1001 1001 0.006137635948
1002 1002 212.416933373
1003 1003 102.435274999
1004 1004 0.00494954317227
1005 1005 165.680234352
1006 1006 556.512729071
1007 1007 313.303484435
1008 1008 23.3641344764
1009 1009 36.6287938786
1010 1010 398.331420563
1011 1011 17.8536608394
1012 1012 310.168174276
1013 1013 583.797059227
1014 1014 107.931439696
1015 1015 599.019209372
1016 1016 248.059816202
1017 1017 150.373840173
1018 1018 0.00688088522451
1019 1019 0.00831005317267
1020 1020 18.215606104
1021 1021 467.594384169
1022 1022 74.7432038889
1023 1023 0.000436012884447
1024 1024 531.196013143
1025 1025 229.942559135
1026 1026 374.432840421
1027 1027 505.317993876
1028 1028 0.00492826167802
1029 1029 0.00402015858443
1030 1030 338.830798385
1031 1031 428.84130097
1032 1032 0.00666252122997
1033 1033 200.420840125
1034 1034 0.00563393996271
1035 1035 0.0095464401587
1036 1036 276.374281123
1037 1037 53.7643355454
1038 1038 561.302019184
1039 1039 320.81652146
1040 1040 0.00690635692091
1041 1041 225.049354113
1042 1042 0.00884785654008
1043 1043 618.057702956
1044 1044 29.1677168557
1045 1045 555.447738972
1046 1046 123.851520267
1047 1047 168.943069259
1048 1048 387.958560144
1049 1049 545.858844961
1050 1050 0.00715098150818
1051 1051 445.072489655
1052 1052 365.255188952
1053 1053 116.410592134
1054 1054 348.821775373
1055 1055 542.597737193
1056 1056 504.516722116
1057 1057 378.376501415
1058 1058 0.00404617963699
1059 1059 162.693745152
1060 1060 542.306838979
1061 1061 0.00769510401305
1062 1062 0.00540711759566
1063 1063 0.00243712964751
1064 1064 0.00440142510701
1065 1065 0.00406302590431
1066 1066 563.279666752
1067 1067 195.670752799
1068 1068 292.613759255
1069 1069 8.88615158694
1070 1070 0.00361016600366
1071 1071 485.161432851
1072 1072 0.00533606865699
1073 1073 0.00250741470042
1074 1074 278.226079346
1075 1075 151.00210789
1076 1076 0.00970966839075
1077 1077 551.438333489
1078 1078 522.798454941
1079 1079 346.241207218
1080 1080 533.07471492
1081 1081 39.2581315883
1082 1082 400.700671233
1083 1083 0.00716758688841
1084 1084 454.857473172
1085 1085 457.873776178
1086 1086 515.010361221
1087 1087 105.453236361
1088 1088 25.8067882206
1089 1089 0.0062854076066
1090 1090 129.106888233
1091 1091 147.005123926
1092 1092 366.9779251
1093 1093 402.065513904
1094 1094 0.00327501661237
1095 1095 367.53813902
1096 1096 0.0071782343712
1097 1097 0.00160568252133
1098 1098 404.919323416
1099 1099 511.833248557
1100 1100 41.5284702169
1101 1101 295.658056582
1102 1102 541.15579074
1103 1103 34.347315572
1104 1104 404.108356919
1105 1105 0.00888066490971
1106 1106 199.011146787
1107 1107 147.642491301
1108 1108 291.91356381
1109 1109 341.727552859
1110 1110 338.363025063
1111 1111 452.219343582
1112 1112 364.369936632
1113 1113 253.660691336
1114 1114 451.310317394
1115 1115 441.208987632
1116 1116 380.745482189
1117 1117 0.00229266056565
1118 1118 588.40827944
1119 1119 0.00974230084983
1120 1120 592.200097453
1121 1121 521.807892155
1122 1122 248.532839413
1123 1123 392.358305375
1124 1124 64.1798975898
1125 1125 495.650763728
1126 1126 36.1184683969
1127 1127 452.781037972
1128 1128 15.910407948
1129 1129 504.890854786
1130 1130 0.00583060434415
1131 1131 513.834247177
1132 1132 0.00698646174305
1133 1133 0.00455045452599
1134 1134 387.325717734
1135 1135 89.3376752202
1136 1136 98.4420527022
1137 1137 491.56216857
1138 1138 132.437529428
1139 1139 95.8152173185
1140 1140 158.02011551
1141 1141 594.456322191
1142 1142 444.444766842
1143 1143 0.00162544224113
1144 1144 305.619527202
1145 1145 420.540521385
1146 1146 447.116903483
1147 1147 177.669950565
1148 1148 171.891740194
1149 1149 600.665880506
1150 1150 169.665515942
1151 1151 0.00628682537606
1152 1152 5.47784105159
1153 1153 0.00557169674848
1154 1154 26.2104666418
1155 1155 585.293533326
1156 1156 528.453151642
1157 1157 0.00195704627084
1158 1158 47.4006933186
1159 1159 0.000334095026702
1160 1160 540.110733789
1161 1161 411.673725323
1162 1162 0.00720281973239
1163 1163 0.00432984927536
1164 1164 0.00773261605991
1165 1165 0.00911878220895
1166 1166 0.00805939159138
1167 1167 0.00882033511347
1168 1168 0.00164993011379
1169 1169 0.00288280894146
1170 1170 412.761962823
1171 1171 488.522167823
1172 1172 0.00223738651664
1173 1173 21.2421869356
1174 1174 213.198629794
1175 1175 259.074740814
1176 1176 166.177796697
1177 1177 0.00487766801188
1178 1178 0.00969883612712
1179 1179 134.619051086
1180 1180 444.776830644
1181 1181 181.458033433
1182 1182 593.657445864
1183 1183 48.9784280416
1184 1184 441.593934267
1185 1185 401.634705416
1186 1186 295.213546372
1187 1187 0.00049390668213
1188 1188 0.00723456896703
1189 1189 444.174915778
1190 1190 72.2593734563
1191 1191 158.424967746
1192 1192 259.642911436
1193 1193 427.97453727
1194 1194 545.853399592
1195 1195 344.168304236
1196 1196 181.089545354
1197 1197 388.248852662
1198 1198 406.950942976
1199 1199 266.201749225
1200 1200 623.700168832
1201 1201 32.2904718418
1202 1202 67.0780057099
1203 1203 352.527986732
1204 1204 467.546564126
1205 1205 621.634614263
1206 1206 273.018096412
1207 1207 522.072585714
1208 1208 511.904530622
1209 1209 230.067619636
1210 1210 363.847073191
1211 1211 406.688222386
1212 1212 0.00263583798165
1213 1213 264.264677757
1214 1214 394.749595102
1215 1215 450.072396202
1216 1216 0.000255471722858
1217 1217 324.189926225
1218 1218 0.00544674911315
1219 1219 226.678762476
1220 1220 492.224950944
1221 1221 145.914095182
1222 1222 145.216644819
1223 1223 590.197117077
1224 1224 578.755784248
1225 1225 430.094052525
1226 1226 575.803518349
1227 1227 528.307646374
1228 1228 30.2797681995
1229 1229 324.081790075
1230 1230 302.540362854
1231 1231 48.8662631107
1232 1232 227.382927006
1233 1233 397.431905044
1234 1234 369.239380796
1235 1235 51.4287502871
1236 1236 431.203258739
1237 1237 510.800216617
1238 1238 0.00980342862623
1239 1239 377.620959873
1240 1240 553.399934399
1241 1241 0.000263845592377
1242 1242 8.21396936407
1243 1243 137.254456831
1244 1244 0.0027537268729
1245 1245 287.758131443
1246 1246 584.73059725
1247 1247 0.00352093789554
1248 1248 0.00434601513012
1249 1249 381.338580339
1250 1250 0.00371769770239
1251 1251 0.00779680485544
1252 1252 349.967506474
1253 1253 53.2091438276
1254 1254 277.501788278
1255 1255 195.668676104
1256 1256 0.00432894554788
1257 1257 0.0058302517998
1258 1258 0.00232306662278
1259 1259 70.3744256436
1260 1260 209.713347198
1261 1261 409.25578455
1262 1262 122.197546725
1263 1263 322.767372688
1264 1264 0.00342468467182
1265 1265 594.809944581
1266 1266 544.114984212
1267 1267 248.080828063
1268 1268 86.6124640225
1269 1269 587.730655081
1270 1270 0.0071584180101
1271 1271 0.00671662107936
1272 1272 446.920666761
1273 1273 0.000459634530176
1274 1274 0.00838098799444
1275 1275 536.318833403
1276 1276 227.296204034
1277 1277 99.8279545816
1278 1278 351.869285756
1279 1279 515.953193113
1280 1280 580.580102632
1281 1281 156.663464687
1282 1282 606.804420399
1283 1283 0.00815730927572
1284 1284 135.208347995
1285 1285 499.283611001
1286 1286 228.286360236
1287 1287 277.959347689
1288 1288 0.0018011034715
1289 1289 564.211625288
1290 1290 505.54263158
1291 1291 14.3742995905
1292 1292 221.959960302
1293 1293 0.00642038945778
1294 1294 0.00221996391736
1295 1295 0.00277568285482
1296 1296 273.703781637
1297 1297 620.88648307
1298 1298 618.114088058
1299 1299 0.00608089102395
1300 1300 508.757134671
1301 1301 395.203219568
1302 1302 97.2529179371
1303 1303 472.931979894
1304 1304 0.00783142491962
1305 1305 463.261918962
1306 1306 328.86871261
1307 1307 488.237157197
1308 1308 426.348088578
1309 1309 369.22077286
1310 1310 512.503296018
1311 1311 0.003260095629
1312 1312 160.615527543
1313 1313 0.00370543369382
1314 1314 329.770926591
1315 1315 338.290188827
1316 1316 161.771558
1317 1317 545.968614525
1318 1318 168.900140848
1319 1319 498.221553173
1320 1320 115.801238056
1321 1321 0.00611579209128
1322 1322 0.00248000731929
1323 1323 137.393517403
1324 1324 492.840737818
1325 1325 510.7704848
1326 1326 0.00292586780358
1327 1327 520.978061165
1328 1328 188.790681357
1329 1329 210.51814044
1330 1330 52.4056153079
1331 1331 84.2609305198
1332 1332 0.000712394088415
1333 1333 208.851173825
1334 1334 0.00818645272097
1335 1335 497.596021106
1336 1336 532.975834214
1337 1337 29.6575513566
1338 1338 0.0067758569301
1339 1339 0.00166436817873
1340 1340 621.253243915
1341 1341 29.2375704042
1342 1342 336.348381851
1343 1343 288.813922093
1344 1344 179.987168576
1345 1345 508.247957583
1346 1346 219.55170163
1347 1347 391.690218795
1348 1348 589.692259527
1349 1349 564.802362543
1350 1350 386.978585835
1351 1351 0.00379521246825
1352 1352 78.6493493994
1353 1353 128.157579762
1354 1354 0.00145291145425
1355 1355 258.643054672
1356 1356 0.000656134852332
1357 1357 122.252296813
1358 1358 139.821246941
1359 1359 456.10771083
1360 1360 181.690155732
1361 1361 79.3417894833
1362 1362 0.00625319277546
1363 1363 144.347792288
1364 1364 368.636636411
1365 1365 544.322497088
1366 1366 369.348806737
1367 1367 174.770143164
1368 1368 318.947572874
1369 1369 343.55189101
1370 1370 303.125722464
1371 1371 149.557678041
1372 1372 369.541798155
1373 1373 498.614373519
1374 1374 161.777147781
1375 1375 381.735687601
1376 1376 560.174051775
1377 1377 473.539073106
1378 1378 487.696693837
1379 1379 0.00952246240832
1380 1380 0.00850753706984
1381 1381 74.4933264315
1382 1382 0.0033325332928
1383 1383 112.139173879
1384 1384 30.3121135075
1385 1385 441.952006856
1386 1386 0.00703859006324
1387 1387 189.003266537
1388 1388 0.0089329939774
1389 1389 445.618371192
1390 1390 113.818082148
1391 1391 349.325708652
1392 1392 79.5174088288
1393 1393 0.00674427086691
1394 1394 156.023017174
1395 1395 190.039832647
1396 1396 449.062003327
1397 1397 0.00915654201112
1398 1398 414.577131602
1399 1399 444.985385895
1400 1400 113.699667743
1401 1401 0.000878550850094
1402 1402 352.779555926
1403 1403 44.9033273084
1404 1404 280.318696033
1405 1405 25.9847715738
1406 1406 87.0480108709
1407 1407 492.27425594
1408 1408 284.472113624
1409 1409 560.772858367
1410 1410 438.264368277
1411 1411 476.458435751
1412 1412 444.047520785
1413 1413 0.00961457290063
1414 1414 0.00231160625718
1415 1415 71.7204636826
1416 1416 0.00572716777153
1417 1417 31.1807081361
1418 1418 560.754180906
1419 1419 0.00225829815113
1420 1420 478.977226577
1421 1421 446.634441623
1422 1422 0.00354256653765
1423 1423 166.377000388
1424 1424 413.974524574
1425 1425 168.633671751
1426 1426 0.00425677434709
1427 1427 501.233690063
1428 1428 531.105239325
1429 1429 0.00471701170477
1430 1430 342.97676086
1431 1431 0.00712808661564
1432 1432 115.388819593
1433 1433 10.0049652589
1434 1434 420.043270363
1435 1435 389.063179771
1436 1436 345.201681139
1437 1437 536.513015701
1438 1438 507.976023072
1439 1439 576.843276324
1440 1440 292.494317449
1441 1441 0.00836066548093
1442 1442 254.075508306
1443 1443 0.00191246352848
1444 1444 220.736229797
1445 1445 254.216134107
1446 1446 451.617548914
1447 1447 533.898870011
1448 1448 414.151600327
1449 1449 437.701873638
1450 1450 116.385367228
1451 1451 245.163324642
1452 1452 451.863953316
1453 1453 0.00679074489236
1454 1454 541.717780258
1455 1455 36.2858396312
1456 1456 0.00427481764024
1457 1457 452.259041506
1458 1458 337.590695165
1459 1459 133.450843434
1460 1460 0.00298999771485
1461 1461 157.001659828
1462 1462 0.00943703521291
1463 1463 0.00264610471057
1464 1464 0.00202575980863
1465 1465 0.00985473727728
1466 1466 321.214209286
1467 1467 0.00175354500166
1468 1468 372.828026896
1469 1469 142.288578875
1470 1470 68.3288642084
1471 1471 410.835731864
1472 1472 316.523791061
1473 1473 0.00498444066352
1474 1474 538.316257727
1475 1475 30.4551782119
1476 1476 28.9997697846
1477 1477 495.702127754
1478 1478 237.307625001
1479 1479 73.8773533405
1480 1480 0.00788521570467
1481 1481 564.948447151
1482 1482 401.796975434
1483 1483 0.00721562609387
1484 1484 282.543714975
1485 1485 0.00966618458427
1486 1486 55.717397159
1487 1487 109.437268521
1488 1488 114.694384116
1489 1489 58.6794767137
1490 1490 575.185720431
1491 1491 370.053152184
1492 1492 249.149284381
1493 1493 418.807227434
1494 1494 572.248747463
1495 1495 507.407398934
1496 1496 517.98218744
1497 1497 324.241360808
1498 1498 23.2736294014
1499 1499 0.00865739613029
1500 1500 611.256090485
1501 1501 0.00412712707203
1502 1502 142.3179725
1503 1503 0.00237730310515
1504 1504 437.088218512
1505 1505 186.814849863
1506 1506 477.182410914
1507 1507 416.034099223
1508 1508 0.00374160794012
1509 1509 424.094788701
1510 1510 0.000189326812362
1511 1511 0.00607578736464
1512 1512 112.382623505
1513 1513 0.72050013752
1514 1514 281.181797087
1515 1515 0.00118604493564
1516 1516 95.1314746202
1517 1517 81.5498176998
1518 1518 452.370699588
1519 1519 0.00720887218273
1520 1520 2.18048377279
1521 1521 435.701766951
1522 1522 499.551102372
1523 1523 352.171633811
1524 1524 289.676715577
1525 1525 111.998348799
1526 1526 99.8009361156
1527 1527 0.000373355628725
1528 1528 331.658706469
1529 1529 15.2244083664
1530 1530 0.00373865362761
1531 1531 280.734784031
1532 1532 548.523771518
1533 1533 414.19631839
1534 1534 523.670373388
1535 1535 402.876370116
1536 1536 574.688979532
1537 1537 303.056763021
1538 1538 231.598420231
1539 1539 208.273646676
1540 1540 195.164712148
1541 1541 0.00675382839102
1542 1542 433.972000323
1543 1543 0.00569923101574
1544 1544 490.734875268
1545 1545 0.00658920715501
1546 1546 273.559986245
1547 1547 322.96978809
1548 1548 25.871135013
1549 1549 0.00108028589528
1550 1550 364.572171154
1551 1551 0.000228200117041
1552 1552 0.00258907903636
1553 1553 129.160369059
1554 1554 0.00521841348997
1555 1555 0.00150156677568
1556 1556 583.515555611
1557 1557 354.534794061
1558 1558 516.404070136
1559 1559 424.803893266
1560 1560 393.01571694
1561 1561 0.0065744563834
1562 1562 0.00490927013176
1563 1563 212.481369674
1564 1564 598.43434238
1565 1565 433.892144555
1566 1566 0.00766880001855
1567 1567 369.481356923
1568 1568 568.206002463
1569 1569 384.336264241
1570 1570 448.502971499
1571 1571 0.00154692418722
1572 1572 0.000612330628309
1573 1573 84.2820590186
1574 1574 221.349268469
1575 1575 75.088072963
1576 1576 180.685825861
1577 1577 493.84506948
1578 1578 494.117527568
1579 1579 0.00282426500432
1580 1580 348.322904026
1581 1581 239.486496674
1582 1582 599.625158766
1583 1583 62.6952454872
1584 1584 0.00858961652839
1585 1585 0.0016875175284
1586 1586 477.945033916
1587 1587 0.00830959815861
1588 1588 528.554098757
1589 1589 1.30235826807
1590 1590 207.711073483
1591 1591 573.74524242
1592 1592 0.000607351415254
1593 1593 0.00593641039902
1594 1594 327.562180915
1595 1595 567.641491765
1596 1596 311.947436365
1597 1597 53.5509864508
1598 1598 109.038234684
1599 1599 194.506769527
1600 1600 434.461779896
1601 1601 245.001750194
1602 1602 588.782886356
1603 1603 515.547800809
1604 1604 0.00497193725981
1605 1605 278.360864994
1606 1606 0.340308794482
1607 1607 0.00912836633696
1608 1608 621.213073602
1609 1609 4.28178880015
1610 1610 140.635641284
1611 1611 60.7751902297
1612 1612 614.287893461
1613 1613 334.188347526
1614 1614 83.5770388245
1615 1615 417.164721777
1616 1616 8.79451372765
1617 1617 0.00648115071901
1618 1618 436.017711842
1619 1619 144.218313752
1620 1620 0.00816394258112
1621 1621 297.877183401
1622 1622 619.194805605
1623 1623 295.901051009
1624 1624 373.397296309
1625 1625 341.958588075
1626 1626 0.00885553722702
1627 1627 280.706932933
1628 1628 160.665788614
1629 1629 278.136607005
1630 1630 349.893736355
1631 1631 187.831740815
1632 1632 570.817773393
1633 1633 149.546863054
1634 1634 472.69660953
1635 1635 56.4431652347
1636 1636 0.000922155795108
1637 1637 453.736251769
1638 1638 100.035701816
1639 1639 31.1033926527
1640 1640 374.598173082
1641 1641 544.66599966
1642 1642 283.86300297
1643 1643 318.594806218
1644 1644 362.310390393
1645 1645 0.00679291185983
1646 1646 319.957396632
1647 1647 602.346086866
1648 1648 0.00616599636556
1649 1649 442.050449431
1650 1650 257.516808788
1651 1651 0.00359797362193
1652 1652 16.2001805068
1653 1653 196.716237397
1654 1654 0.00438044521327
1655 1655 457.737205955
1656 1656 35.2687007155
1657 1657 355.473625102
1658 1658 445.635619584
1659 1659 352.099189661
1660 1660 318.843672525
1661 1661 403.801476542
1662 1662 0.00048877323796
1663 1663 0.00199214912052
1664 1664 0.00818936055432
1665 1665 62.3729568926
1666 1666 0.00130086786473
1667 1667 476.878941824
1668 1668 603.934405755
1669 1669 0.00917808003592
1670 1670 0.00218453902045
1671 1671 167.413458124
1672 1672 0.00551221921568
1673 1673 558.304870543
1674 1674 497.548413057
1675 1675 16.9171663639
1676 1676 0.00668270598903
1677 1677 75.0048515044
1678 1678 226.487301527
1679 1679 446.668487614
1680 1680 565.294149648
1681 1681 455.810955867
1682 1682 479.067676032
1683 1683 0.00981730503277
1684 1684 381.830240287
1685 1685 460.043531286
1686 1686 0.006427502739
1687 1687 283.501821369
1688 1688 441.795173997
1689 1689 435.195647477
1690 1690 260.75641833
1691 1691 409.637866769
1692 1692 396.80698031
1693 1693 512.962505228
1694 1694 510.383147954
1695 1695 585.966214789
1696 1696 81.4371989483
1697 1697 291.14646555
1698 1698 177.764642074
1699 1699 0.0079401600957
1700 1700 487.575995103
1701 1701 70.1779053352
1702 1702 0.00514025651614
1703 1703 0.00215976654361
1704 1704 438.317542152
1705 1705 0.00274267849389
1706 1706 100.949593595
1707 1707 377.383906678
1708 1708 407.593701993
1709 1709 0.0080102431573
1710 1710 121.105283975
1711 1711 0.00236648648274
1712 1712 134.96430243
1713 1713 428.915618735
1714 1714 0.00230537356423
1715 1715 580.595059422
1716 1716 516.9020745
1717 1717 120.730168313
1718 1718 0.00474190572517
1719 1719 530.140122484
1720 1720 302.473797383
1721 1721 572.356000413
1722 1722 0.00931433734218
1723 1723 0.00764555269245
1724 1724 582.00429774
1725 1725 203.497279709
1726 1726 338.410871335
1727 1727 301.550483492
1728 1728 362.64707075
1729 1729 53.2302140837
1730 1730 564.811399149
1731 1731 0.00405582154866
1732 1732 444.198112813
1733 1733 0.00752779902343
1734 1734 0.00493871458159
1735 1735 83.6267412476
1736 1736 12.5518303289
1737 1737 0.00472867514516
1738 1738 145.907117048
1739 1739 477.498121984
1740 1740 425.409954041
1741 1741 0.00497311238964
1742 1742 378.367357661
1743 1743 184.143714457
1744 1744 297.945277043
1745 1745 0.00858435109745
1746 1746 494.830066086
1747 1747 386.625195499
1748 1748 573.214416109
1749 1749 251.039593375
1750 1750 161.238719787
1751 1751 326.642721829
1752 1752 0.000756167023565
1753 1753 118.7819923
1754 1754 0.00659868017415
1755 1755 193.846701572
1756 1756 0.00864629308016
1757 1757 513.917406008
1758 1758 471.847829196
1759 1759 32.729815671
1760 1760 0.00801856944839
1761 1761 364.611949221
1762 1762 42.7488410866
1763 1763 0.00251308409884
1764 1764 210.312841818
1765 1765 204.337808208
1766 1766 331.742330332
1767 1767 0.00561059239607
1768 1768 244.736171144
1769 1769 533.229555929
1770 1770 50.3225667897
1771 1771 296.894958066
1772 1772 0.00436770493992
1773 1773 620.997644292
1774 1774 60.865545707
1775 1775 259.200626612
1776 1776 463.635161767
1777 1777 120.563377086
1778 1778 564.296771484
1779 1779 303.227621718
1780 1780 448.354416006
1781 1781 592.140362702
1782 1782 0.00330731762372
1783 1783 0.00266198167978
1784 1784 552.888597222
1785 1785 129.24361152
1786 1786 611.458170073
1787 1787 504.255357309
1788 1788 248.508268642
1789 1789 511.100255805
1790 1790 236.804359566
1791 1791 209.332192646
1792 1792 229.474717375
1793 1793 257.826688842
1794 1794 530.064401933
1795 1795 510.732813732
1796 1796 613.42703162
1797 1797 556.151152204
1798 1798 439.073043005
1799 1799 467.570537107
1800 1800 415.16063207
1801 1801 605.652153463
1802 1802 242.85316061
1803 1803 28.2915891626
1804 1804 0.00860167033981
1805 1805 367.13716574
1806 1806 309.462384691
1807 1807 363.84586874
1808 1808 0.00933886073169
1809 1809 0.00422729738981
1810 1810 0.00555746547751
1811 1811 128.115467238
1812 1812 0.0098012403323
1813 1813 0.00873544713186
1814 1814 0.00228076637687
1815 1815 555.787658745
1816 1816 167.709985569
1817 1817 0.00572038317836
1818 1818 618.612736176
1819 1819 468.905927462
1820 1820 209.621421545
1821 1821 0.00151451644473
1822 1822 495.169639802
1823 1823 615.259050341
1824 1824 50.6550793047
1825 1825 0.00286823100121
1826 1826 0.000463586160767
1827 1827 557.856527192
1828 1828 323.677205549
1829 1829 181.073911663
1830 1830 105.502711196
1831 1831 240.723482456
1832 1832 596.916118182
1833 1833 20.1827722433
1834 1834 90.3342540248
1835 1835 242.453771288
1836 1836 537.962443072
1837 1837 329.88068201
1838 1838 595.261882109
1839 1839 118.990206451
1840 1840 603.196852724
1841 1841 378.502137685
1842 1842 49.9453425187
1843 1843 211.899198159
1844 1844 0.00572369671224
1845 1845 600.047681761
1846 1846 429.77234579
1847 1847 215.998674995
1848 1848 373.546962185
1849 1849 0.000115845056796
1850 1850 0.000184047819725
1851 1851 522.445573981
1852 1852 327.013345925
1853 1853 156.805127126
1854 1854 0.00862981840734
1855 1855 155.985925647
1856 1856 517.236713733
1857 1857 142.715618588
1858 1858 0.00524325545202
1859 1859 0.00507221462187
1860 1860 0.00811335317973
1861 1861 377.259265631
1862 1862 0.00229569014979
1863 1863 0.0013720079666
1864 1864 258.302458871
1865 1865 521.903410648
1866 1866 0.0093749966964
1867 1867 159.006325158
1868 1868 0.00421252469577
1869 1869 138.16645205
1870 1870 232.124435365
1871 1871 0.00996146526551
1872 1872 0.00632768389672
1873 1873 496.669730257
1874 1874 616.615067318
1875 1875 537.581690707
1876 1876 0.00152275188274
1877 1877 0.00628188298151
1878 1878 0.000699566290157
1879 1879 526.563409768
1880 1880 311.746335149
1881 1881 449.03503338
1882 1882 515.827895085
1883 1883 384.099178442
1884 1884 583.903935136
1885 1885 575.537274805
1886 1886 0.000625173598565
1887 1887 487.451953234
1888 1888 422.387157684
1889 1889 296.397584482
1890 1890 163.635733388
1891 1891 112.029255696
1892 1892 88.0591708981
1893 1893 0.00622149548928
1894 1894 569.668703237
1895 1895 141.128183325
1896 1896 41.3829224385
1897 1897 304.248923353
1898 1898 230.619454262
1899 1899 298.362357465
1900 1900 148.282743517
1901 1901 614.860100866
1902 1902 0.00795705089597
1903 1903 57.1196559259
1904 1904 489.813004171
1905 1905 391.715914744
1906 1906 526.568437277
1907 1907 0.00355837686132
1908 1908 0.000631942097034
1909 1909 614.947645987
1910 1910 268.455631661
1911 1911 570.469174878
1912 1912 354.267122886
1913 1913 270.205704605
1914 1914 0.00995704809722
1915 1915 22.3801245004
1916 1916 466.156113101
1917 1917 386.797541846
1918 1918 198.150004663
1919 1919 0.000741228844402
1920 1920 593.973184902
1921 1921 0.000285665295881
1922 1922 322.143330637
1923 1923 125.794955206
1924 1924 409.464179509
1925 1925 489.558412657
1926 1926 294.276959721
1927 1927 13.6580735746
1928 1928 95.0900610899
1929 1929 0.00365518569521
1930 1930 572.12528964
1931 1931 433.842570693
1932 1932 0.00508805545583
1933 1933 558.585806469
1934 1934 40.4479659461
1935 1935 545.197190658
1936 1936 0.00669784568113
1937 1937 7.57108709383e-05
1938 1938 573.937613625
1939 1939 9.96655014326
1940 1940 280.588969313
1941 1941 373.413764653
1942 1942 286.053033179
1943 1943 192.971315329
1944 1944 404.058199446
1945 1945 488.136829775
1946 1946 256.904199929
1947 1947 36.3872257327
1948 1948 35.2411500556
1949 1949 156.848630186
1950 1950 436.713548073
1951 1951 110.118391844
1952 1952 566.998365547
1953 1953 0.000797851894844
1954 1954 566.218654199
1955 1955 225.974860073
1956 1956 610.58748891
1957 1957 179.152476638
1958 1958 0.00512276264027
1959 1959 388.603463328
1960 1960 434.194622587
1961 1961 0.00815609923906
1962 1962 325.772900227
1963 1963 366.090089389
1964 1964 287.095363963
1965 1965 445.610066281
1966 1966 0.00318934925915
1967 1967 112.044813983
1968 1968 0.0070071012629
1969 1969 297.290511106
1970 1970 308.767692517
1971 1971 148.514025926
1972 1972 561.771147254
1973 1973 0.00788893621884
1974 1974 127.617246027
1975 1975 301.985066336
1976 1976 0.00567071277079
1977 1977 0.00655699372781
1978 1978 38.9331423173
1979 1979 514.274055544
1980 1980 0.00666198017713
1981 1981 418.086303574
1982 1982 270.590355176
1983 1983 251.63148537
1984 1984 320.029651428
1985 1985 178.162243971
1986 1986 0.00114386873378
1987 1987 556.400231474
1988 1988 2.67637593085
1989 1989 35.5453193923
1990 1990 613.992744991
1991 1991 0.00522991037934
1992 1992 0.00359631480936
1993 1993 122.656089421
1994 1994 574.141015363
1995 1995 198.875300006
1996 1996 166.05893273
1997 1997 523.461243294
1998 1998 251.045013926
1999 1999 0.00363228657698
2000 2000 140.568720385
