1 1 253.195372911
2 2 234.294529017
3 3 576.545060601
4 4 0.00297119143493
5 5 123.499527365
6 6 0.0025526427882
7 7 518.25686528
8 8 624.82071672
9 9 370.190559485
10 10 0.00728336466819
11 11 0.000547147741236
12 12 173.431688889
13 13 102.517885203
14 14 56.9093161844
15 15 0.000767427027993
16 16 440.695987686
17 17 418.741606645
18 18 550.54533243
19 19 290.746927002
20 20 462.873107235
21 21 5.48192321377
22 22 306.500532929
23 23 213.934131032
24 24 157.805502946
25 25 59.0350988297
26 26 541.495353285
27 27 354.591566878
28 28 52.8491072918
29 29 246.726090026
30 30 344.96734423
31 31 224.315422576
32 32 581.869179717
33 33 82.4703566918
34 34 0.00492779576595
35 35 466.156640256
36 36 183.402470315
37 37 330.822504006
38 38 595.141125253
39 39 597.812222673
40 40 0.00206658751037
41 41 164.365955173
42 42 128.786768
43 43 624.864327255
44 44 0.00219542318442
45 45 0.00166351607117
46 46 0.00608461120117
47 47 460.55643286
48 48 593.881768677
49 49 485.034244056
50 50 120.283125181
51 51 393.73264567
52 52 527.372673269
53 53 311.987614376
54 54 593.057855802
55 55 596.477391046
56 56 43.131777817
57 57 473.428381936
58 58 122.442947699
59 59 0.00247582666257
60 60 346.431102709
61 61 7.08418972345e-05
62 62 419.481847068
63 63 0.00193157971462
64 64 592.420677245
65 65 0.00124876968251
66 66 419.949665465
67 67 0.00523306451032
68 68 0.00647851281831
69 69 264.547588721
70 70 424.520150016
71 71 362.771573475
72 72 0.00749270725961
73 73 0.00284365238391
74 74 298.000165237
75 75 0.00928110123457
76 76 0.00590732129908
77 77 197.011159297
78 78 463.400780156
79 79 0.00869745352817
80 80 293.452479699
81 81 370.89628968
82 82 255.866828199
83 83 0.0093397972012
84 84 604.793006852
85 85 389.056969146
86 86 205.725402077
87 87 0.00689341965771
88 88 55.465792289
89 89 0.00587297340991
90 90 0.00813072503137
91 91 310.052648061
92 92 14.7592025726
93 93 0.00922891020952
94 94 380.885503947
95 95 55.5278717493
96 96 516.276203541
97 97 478.769847103
98 98 104.011309448
99 99 460.889678537
100 100 0.0023821191068
101 101 0.00342200380881
102 102 112.288049657
103 103 443.577924163
104 104 138.563117248
105 105 329.702321028
106 106 0.00541228618981
107 107 60.0301463665
108 108 267.194043362
109 109 281.552805424
110 110 410.089860785
111 111 0.00963705034917
112 112 95.6562456634
113 113 233.987558806
114 114 589.185084852
115 115 73.3764736942
116 116 212.888580558
117 117 0.00445756990719
118 118 577.772918914
119 119 136.408604198
120 120 252.92234935
121 121 281.688891378
122 122 60.6233583485
123 123 557.112868297
124 124 135.763940795
125 125 185.184448879
126 126 292.462942652
127 127 114.215944082
128 128 224.389468272
129 129 132.446777161
130 130 0.0030420217127
131 131 100.721020211
132 132 120.786234597
133 133 213.938284553
134 134 54.0424655057
135 135 508.174142713
136 136 0.00975054175591
137 137 363.359168702
138 138 62.2923380517
139 139 0.00102376485919
140 140 0.00474415394281
141 141 401.728357396
142 142 37.1725745453
143 143 0.00720022307563
144 144 66.7325368285
145 145 412.362973868
146 146 342.595049453
147 147 28.8619285332
148 148 0.00734876768242
149 149 516.681829045
150 150 266.766993238
151 151 458.355172538
152 152 0.00470038678734
153 153 122.452373636
154 154 0.00528551534935
155 155 27.9926346139
156 156 208.519847361
157 157 50.3787756462
158 158 301.674973071
159 159 317.26665562
160 160 0.00256030869781
161 161 16.4452728651
162 162 598.951077357
163 163 566.806789651
164 164 97.4046873934
165 165 0.00459531198346
166 166 547.886048349
167 167 63.1445504048
168 168 418.051450382
169 169 181.005724106
170 170 0.0064800124295
171 171 0.00785065412864
172 172 563.511893138
173 173 527.287516672
174 174 0.00183469390859
175 175 0.00829712498203
176 176 618.068798277
177 177 0.00431434030048
178 178 454.832904982
179 179 206.386956613
180 180 0.00471462630423
181 181 270.810806541
182 182 0.00725298866499
183 183 620.395427406
184 184 541.062935837
185 185 277.499536214
186 186 142.601350454
187 187 0.00628680542772
188 188 102.712792055
189 189 589.963897693
190 190 0.00414328284508
191 191 13.6939399504
192 192 488.919365812
193 193 0.00102486477166
194 194 302.90175268
195 195 0.00318961041282
196 196 0.00282290379232
197 197 0.0048111443545
198 198 519.269556251
199 199 277.50427095
200 200 265.199668036
201 201 181.293111196
202 202 474.693688101
203 203 560.503292428
204 204 160.735671632
205 205 294.856015745
206 206 20.3945605671
207 207 74.1951313959
208 208 376.437473188
209 209 0.00371290142135
210 210 155.380384097
211 211 259.195509225
212 212 0.00843067540084
213 213 569.230886989
214 214 473.907270013
215 215 557.928916736
216 216 181.027625157
217 217 0.00144195257733
218 218 261.800921437
219 219 0.0024133002142
220 220 0.00577966070162
221 221 257.419834231
222 222 0.00290844285322
223 223 512.854532497
224 224 583.218835166
225 225 441.46311279
226 226 0.00659633865704
227 227 378.634826501
228 228 354.876869334
229 229 0.00645358754279
230 230 472.139179985
231 231 0.00209619558689
232 232 0.00234704851417
233 233 0.00399231727469
234 234 600.623251612
235 235 291.165935538
236 236 119.324631019
237 237 0.00933214995701
238 238 618.847429506
239 239 0.00738192247158
240 240 167.403702349
241 241 134.635603767
242 242 0.00161354437631
243 243 380.940846916
244 244 302.532870615
245 245 0.00849462296914
246 246 420.321998156
247 247 568.162876379
248 248 536.734781457
249 249 0.00235376459228
250 250 491.37091726
251 251 0.00410183030746
252 252 299.78747185
253 253 0.00616029135413
254 254 133.690031954
255 255 607.058439354
256 256 0.00133577683855
257 257 358.5579208
258 258 421.183646297
259 259 479.45999214
260 260 59.935674804
261 261 0.000180377786485
262 262 0.00414511602269
263 263 316.099261626
264 264 0.00387940731658
265 265 134.773267113
266 266 553.423319962
267 267 444.611645564
268 268 271.852276529
269 269 235.088674431
270 270 0.00887238135352
271 271 187.057227388
272 272 170.549107806
273 273 38.3416966307
274 274 261.721677446
275 275 0.00382893306398
276 276 105.851711873
277 277 410.948410446
278 278 0.00661132190086
279 279 589.452075693
280 280 0.00797486719405
281 281 93.4661565496
282 282 142.056645818
283 283 181.63707033
284 284 286.231918248
285 285 0.00685478921528
286 286 498.980788458
287 287 424.465349136
288 288 112.386020002
289 289 103.147025266
290 290 609.975582345
291 291 78.1601827348
292 292 328.675125234
293 293 417.954508278
294 294 9.97588170387
295 295 0.00565237289823
296 296 372.063529629
297 297 614.170552201
298 298 192.760342289
299 299 337.058410117
300 300 414.173775146
301 301 103.991183962
302 302 566.493000871
303 303 563.155169988
304 304 166.506744256
305 305 99.8860250738
306 306 619.171146255
307 307 134.200944533
308 308 0.00419257883731
309 309 377.577791955
310 310 181.322689788
311 311 334.228987765
312 312 149.510955105
313 313 0.00400189047583
314 314 0.00771168586023
315 315 571.36523265
316 316 606.262908692
317 317 574.012303027
318 318 8.94756625596
319 319 0.000476946939098
320 320 505.054145558
321 321 0.00428600694399
322 322 479.015799007
323 323 180.745595303
324 324 54.2016192776
325 325 624.230115869
326 326 508.790966442
327 327 30.2461124436
328 328 195.041150343
329 329 444.24235415
330 330 0.00436428931484
331 331 228.279660382
332 332 0.00630271417837
333 333 0.00259824630627
334 334 581.284960977
335 335 0.00941884135164
336 336 623.554002379
337 337 0.000493920547924
338 338 0.00780554480649
339 339 287.630111833
340 340 245.44590902
341 341 0.000931619914854
342 342 428.837735047
343 343 0.00481895024476
344 344 261.746049939
345 345 0.000485373327257
346 346 389.718337037
347 347 562.020631668
348 348 73.3734759999
349 349 442.43698789
350 350 282.580260288
351 351 0.00702650870398
352 352 0.00205736351001
353 353 624.427709303
354 354 0.00941670051355
355 355 356.434297078
356 356 0.0072179821127
357 357 392.905778593
358 358 444.835386716
359 359 71.9737051949
360 360 597.361458589
361 361 469.093089422
362 362 462.039102679
363 363 436.652461766
364 364 291.850274753
365 365 68.887588745
366 366 112.474508441
367 367 464.358258505
368 368 591.806576955
369 369 485.879699674
370 370 174.337138664
371 371 199.139799591
372 372 0.00194110220133
373 373 0.00140114448843
374 374 0.00684103487485
375 375 402.462641874
376 376 557.064672883
377 377 374.301171028
378 378 0.00893738527952
379 379 161.801790431
380 380 503.371462839
381 381 0.00722842183195
382 382 0.875251532869
383 383 575.001731022
384 384 90.1013877006
385 385 445.229858669
386 386 588.075540843
387 387 339.620872486
388 388 23.5782790031
389 389 247.134785212
390 390 475.503331634
391 391 137.078371479
392 392 432.749695805
393 393 0.00460774583591
394 394 305.235747291
395 395 350.80507854
396 396 55.7968755049
397 397 220.806047972
398 398 298.777830392
399 399 454.361567893
400 400 0.00177222365184
401 401 0.00834624603592
402 402 150.025404058
403 403 0.00567307918992
404 404 266.866781851
405 405 428.00760404
406 406 0.00625970869626
407 407 300.849528183
408 408 53.4358748666
409 409 504.419374526
410 410 139.009546508
411 411 140.916678936
412 412 543.381322335
413 413 0.0088166489328
414 414 173.237864074
415 415 0.00111467405907
416 416 502.698519703
417 417 0.00978204823909
418 418 43.0348923749
419 419 407.724526382
420 420 463.281800465
421 421 94.1491247284
422 422 0.000739985307957
423 423 336.599782892
424 424 203.114850803
425 425 0.00875013918011
426 426 425.433415925
427 427 70.4505427478
428 428 13.2772056858
429 429 107.405274418
430 430 0.00632962528829
431 431 350.566392735
432 432 263.177178684
433 433 619.956191247
434 434 0.00563264355656
435 435 0.00415396354365
436 436 0.00722961913207
437 437 332.600919516
438 438 96.7686899594
439 439 0.00825633579258
440 440 46.5664359323
441 441 507.658474218
442 442 575.016065663
443 443 542.765126849
444 444 0.007252230529
445 445 0.00535789509091
446 446 0.00847871399542
447 447 0.00584891355354
448 448 431.027901633
449 449 340.818874958
450 450 28.9262888674
451 451 515.882731905
452 452 612.715183578
453 453 38.1885044096
454 454 20.7507092032
455 455 105.390883054
456 456 0.000234079017254
457 457 541.075586577
458 458 0.00370189030849
459 459 209.621251381
460 460 574.964649665
461 461 0.00559488442011
462 462 504.255771609
463 463 189.58015858
464 464 58.4437232054
465 465 0.00228029832015
466 466 175.833061079
467 467 0.00586928128243
468 468 281.668048747
469 469 0.00669191410574
470 470 239.213292681
471 471 563.979382506
472 472 0.00840093839094
473 473 0.00248911464615
474 474 370.941092949
475 475 615.556817061
476 476 382.132204915
477 477 278.201351207
478 478 323.080170494
479 479 0.00144120006072
480 480 415.670020542
481 481 93.8380536074
482 482 191.014535111
483 483 222.794916072
484 484 467.080836944
485 485 500.073409333
486 486 2.78049198128
487 487 16.4398252938
488 488 325.969587968
489 489 354.930917196
490 490 290.901130766
491 491 0.000115295789329
492 492 0.0044603278657
493 493 301.783929053
494 494 282.395589807
495 495 227.192364673
496 496 529.653644015
497 497 313.536288257
498 498 394.523597205
499 499 11.1949040675
500 500 523.090532982
501 501 614.721010719
502 502 34.1915521607
503 503 550.971783601
504 504 533.894374396
505 505 106.33220911
506 506 338.703146682
507 507 0.00881396229294
508 508 449.374846223
509 509 538.042652767
510 510 587.225782128
511 511 481.024746675
512 512 373.900547537
513 513 173.726995898
514 514 442.432730141
515 515 99.5827791572
516 516 582.089367758
517 517 0.00661439908733
518 518 6.72604589684
519 519 0.00121178651255
520 520 315.314014888
521 521 483.344626938
522 522 580.250018643
523 523 0.00950112426469
524 524 0.000301482670745
525 525 558.486243683
526 526 325.844063196
527 527 100.340023752
528 528 293.643654305
529 529 0.00715477527572
530 530 424.635832291
531 531 374.978943459
532 532 7.09335227664
533 533 421.788200204
534 534 194.563507973
535 535 0.00166766895538
536 536 504.141666969
537 537 479.655934653
538 538 425.227555514
539 539 41.3335816369
540 540 389.104006114
541 541 0.00736253483577
542 542 600.646902261
543 543 109.410654698
544 544 0.0049211756134
545 545 432.454045842
546 546 0.00146801769391
547 547 0.00389818355371
548 548 0.00638953881277
549 549 122.419781063
550 550 10.9460226877
551 551 386.317929865
552 552 0.00890633779802
553 553 210.021121698
554 554 321.972982877
555 555 0.00872406253301
556 556 190.480331465
557 557 331.95124929
558 558 153.591407
559 559 375.070077291
560 560 254.330660259
561 561 311.551010341
562 562 168.0455647
563 563 0.00595727552953
564 564 0.00778552883945
565 565 421.8083972
566 566 163.07074301
567 567 298.716516469
568 568 615.696410065
569 569 0.00173515464475
570 570 553.708215399
571 571 0.00458046285105
572 572 495.67301307
573 573 611.229179038
574 574 25.5201954517
575 575 312.785819612
576 576 588.415354445
577 577 355.129744728
578 578 76.7067974112
579 579 598.396645826
580 580 339.419209972
581 581 0.00113344357641
582 582 534.932837054
583 583 0.0036757218762
584 584 0.00877357279745
585 585 380.644747212
586 586 0.00206531045988
587 587 326.000464441
588 588 592.249569037
589 589 384.666933006
590 590 283.889551261
591 591 363.765042368
592 592 190.028435352
593 593 220.719927279
594 594 385.122717334
595 595 225.287801515
596 596 15.623036283
597 597 117.948912891
598 598 557.136121209
599 599 0.000700796718628
600 600 349.73071964
601 601 51.2846910727
602 602 459.971434376
603 603 351.778446977
604 604 492.905111757
605 605 86.4730232757
606 606 0.000153622164783
607 607 12.591860149
608 608 0.00295718510062
609 609 90.8552686739
610 610 257.571565606
611 611 310.612842351
612 612 0.00883334795056
613 613 148.382627703
614 614 0.00760357878913
615 615 0.0026304264784
616 616 236.3705966
617 617 607.540612374
618 618 207.004400255
619 619 502.298456081
620 620 73.1512585565
621 621 206.385040893
622 622 0.00421572896255
623 623 623.502747755
624 624 518.537929338
625 625 0.00818415693821
626 626 335.378037937
627 627 0.0056670068525
628 628 444.665996317
629 629 0.00431387460469
630 630 207.698227018
631 631 0.00458861671591
632 632 570.14993544
633 633 436.146043025
634 634 311.083633591
635 635 0.00742735657541
636 636 391.210161155
637 637 0.00384052148206
638 638 428.209190901
639 639 0.00674736277961
640 640 378.574709574
641 641 0.000340388820809
642 642 0.00937426060205
643 643 408.861095517
644 644 0.00204295407923
645 645 0.00349191173564
646 646 448.274040231
647 647 71.9581537431
648 648 307.897723889
649 649 598.214012243
650 650 0.000165297294968
651 651 4.59211133364
652 652 49.7249015859
653 653 193.852421465
654 654 0.00154911318465
655 655 543.936493671
656 656 0.00220944102192
657 657 0.00753916948098
658 658 463.874074312
659 659 573.042836085
660 660 31.3019090759
661 661 258.69515915
662 662 521.2980447
663 663 261.876810863
664 664 53.4034522152
665 665 433.094237293
666 666 0.00399146244799
667 667 403.396486681
668 668 0.000330554367809
669 669 571.626004433
670 670 146.0003767
671 671 274.707614734
672 672 77.1369489714
673 673 399.549778488
674 674 0.000348358181413
675 675 0.00947215221759
676 676 412.842040126
677 677 370.17344296
678 678 148.161998369
679 679 187.069267943
680 680 442.846018881
681 681 176.94534987
682 682 0.00135244827449
683 683 455.971694034
684 684 305.709724318
685 685 526.123384029
686 686 80.9000394781
687 687 174.416066859
688 688 454.075284423
689 689 353.602308762
690 690 119.110499611
691 691 265.323118534
692 692 0.0011802530132
693 693 214.018722495
694 694 191.761929047
695 695 264.961319852
696 696 329.587910046
697 697 35.5508235747
698 698 134.606569929
699 699 5.06769600602
700 700 0.00983301412157
701 701 0.00652943017885
702 702 18.6249761581
703 703 602.247769297
704 704 611.199866527
705 705 93.7791246557
706 706 115.182408487
707 707 606.440042686
708 708 282.934615485
709 709 0.00282589102571
710 710 21.7021554715
711 711 553.784384975
712 712 97.2253162336
713 713 253.009648225
714 714 0.00806684415953
715 715 543.39367652
716 716 494.772905858
717 717 68.5219132098
718 718 390.053503577
719 719 387.971354732
720 720 354.249493747
721 721 261.612239973
722 722 0.00270032621387
723 723 0.00735976234431
724 724 273.009597686
725 725 261.705408889
726 726 464.84773668
727 727 161.803642885
728 728 40.5166950113
729 729 147.771400628
730 730 205.025107802
731 731 502.625985217
732 732 426.682479808
733 733 0.00948068427487
734 734 128.675882871
735 735 462.985139911
736 736 234.688135022
737 737 352.159318807
738 738 612.988401228
739 739 227.189705084
740 740 269.07469594
741 741 608.474196248
742 742 444.778318986
743 743 0.0072984276823
744 744 540.344520669
745 745 311.693692224
746 746 141.479700915
747 747 567.796339885
748 748 0.00797038803849
749 749 484.630531715
750 750 11.3139357188
751 751 0.0080197592232
752 752 189.908394181
753 753 0.000673192209516
754 754 499.465091266
755 755 0.00701532006499
756 756 306.532827683
757 757 401.414915303
758 758 0.00982348377811
759 759 0.00330263455683
760 760 294.490790752
761 761 280.849829634
762 762 466.754001949
763 763 0.00654490313425
764 764 126.393832998
765 765 167.951951062
766 766 562.00180368
767 767 377.612476627
768 768 0.00653507248887
769 769 204.681552087
770 770 404.57944286
771 771 591.139395724
772 772 342.610030045
773 773 291.713478098
774 774 447.660861832
775 775 496.521909437
776 776 416.01362982
777 777 270.248643954
778 778 228.883012298
779 779 0.00856833612043
780 780 328.999034192
781 781 574.51019935
782 782 68.7694546784
783 783 223.940104135
784 784 407.26193167
785 785 603.562897331
786 786 335.498669527
787 787 155.674130887
788 788 269.291671647
789 789 298.177050385
790 790 181.085705877
791 791 0.00342242455005
792 792 108.39937169
793 793 95.6191659501
794 794 451.067423321
795 795 126.608539645
796 796 183.920968444
797 797 427.261081436
798 798 125.614603615
799 799 381.508075604
800 800 0.00212599215852
801 801 364.929152716
802 802 0.00815708909016
803 803 437.321064653
804 804 0.0067994245527
805 805 41.4457756093
806 806 12.4107781066
807 807 67.9582550314
808 808 151.66606476
809 809 249.909311144
810 810 380.256301358
811 811 210.550720033
812 812 125.363701087
813 813 588.241397386
814 814 217.069588705
815 815 0.00873053810838
816 816 0.00101933781878
817 817 422.521247871
818 818 95.191275656
819 819 220.907829529
820 820 111.873028762
821 821 0.0041711811249
822 822 271.182759428
823 823 0.00199332177611
824 824 0.0012416896514
825 825 0.00691428497997
826 826 0.00825431051793
827 827 75.1280600948
828 828 179.107292101
829 829 397.105341826
830 830 453.694778471
831 831 16.3682083386
832 832 0.00332030265717
833 833 236.737595958
834 834 0.00892070518385
835 835 95.9210237505
836 836 584.426129568
837 837 536.159560747
838 838 0.00848653513413
839 839 82.8075638442
840 840 176.706312773
841 841 0.00857801734323
842 842 441.117215133
843 843 9.36226570546
844 844 414.93420205
845 845 370.325086482
846 846 122.84307899
847 847 269.390997636
848 848 348.7438168
849 849 62.4245320234
850 850 385.727742945
851 851 201.020501393
852 852 291.576723411
853 853 448.149835413
854 854 346.493972689
855 855 253.59035464
856 856 0.0075692353408
857 857 221.236073613
858 858 135.710565948
859 859 0.00242801523528
860 860 0.00302091970727
861 861 124.263934979
862 862 573.236304576
863 863 580.778347425
864 864 270.35397873
865 865 524.417484794
866 866 376.19932177
867 867 30.0037447426
868 868 342.039472546
869 869 321.285870745
870 870 254.141478233
871 871 101.940298338
872 872 10.8828057702
873 873 192.903815206
874 874 214.681366146
875 875 498.53353331
876 876 621.54789042
877 877 597.108097949
878 878 624.804197389
879 879 2.83976384169
880 880 606.631722666
881 881 0.00547772317882
882 882 402.891054053
883 883 382.827784024
884 884 0.00278665814959
885 885 564.738722586
886 886 0.00817683702291
887 887 52.8419533771
888 888 0.00694233364031
889 889 243.732469814
890 890 0.00751360171088
891 891 0.00212545573849
892 892 0.00536454394539
893 893 336.828155962
894 894 485.495270837
895 895 404.631476999
896 896 418.709714699
897 897 347.665971251
898 898 601.654603223
899 899 109.211415036
900 900 0.006659952869
901 901 27.8418971613
902 902 269.858073921
903 903 0.00309127018767
904 904 549.254310143
905 905 133.451710313
906 906 288.208862039
907 907 45.0911083111
908 908 0.007999255646
909 909 117.851078014
910 910 552.810354629
911 911 281.986104066
912 912 584.463229965
913 913 0.00987139008857
914 914 619.627808493
915 915 477.803840553
916 916 324.022714946
917 917 470.658043166
918 918 0.00442896593467
919 919 174.217125518
920 920 305.802527818
921 921 467.040670452
922 922 610.307408791
923 923 287.82198699
924 924 80.2394361609
925 925 0.00949077480098
926 926 104.018281226
927 927 323.816118108
928 928 393.293134914
929 929 419.496046077
930 930 333.547682801
931 931 0.00387894294684
932 932 196.298540175
933 933 348.327448533
934 934 357.494734333
935 935 193.181447524
936 936 558.712757851
937 937 501.757244607
938 938 600.945095
939 939 145.929897725
940 940 77.147577657
941 941 0.00907749834023
942 942 469.014628691
943 943 217.549631131
944 944 0.00695947662601
945 945 112.362534378
946 946 577.20179435
947 947 0.00278370934845
948 948 173.024667726
949 949 380.168942601
950 950 252.985563253
951 951 559.576525072
952 952 0.00881820401178
953 953 279.616048067
954 954 7.84809553242e-05
955 955 309.951028562
956 956 347.553708698
957 957 0.00781503348576
958 958 417.597539549
959 959 210.835530251
960 960 341.543301439
961 961 366.313900745
962 962 597.258021716
963 963 0.00907254035953
964 964 438.826295014
965 965 216.397819295
966 966 527.062605496
967 967 349.414894894
968 968 191.472937771
969 969 344.665835033
970 970 296.969559916
971 971 398.939587742
972 972 450.104538001
973 973 0.00965975056145
974 974 463.643417105
975 975 36.107996717
976 976 332.104680649
977 977 218.176583315
978 978 0.00235014605537
979 979 540.9561674
980 980 487.660415739
981 981 240.509146232
982 982 303.347387475
983 983 11.578324506
984 984 270.907138509
985 985 0.00269356107752
986 986 570.330418426
987 987 423.203189642
988 988 0.00908526601
989 989 0.00596869024146
990 990 351.34933971
991 991 0.00719685667214
992 992 242.501594671
993 993 336.358890234
994 994 52.5116109062
995 995 530.721155797
996 996 356.368409887
997 997 83.0248340393
998 998 66.4530885049
999 999 0.00336195054636
1000 1000 218.023067724
1001 1001 533.407695808
1002 1002 381.032492898
1003 1003 407.88650048
1004 1004 325.001722472
1005 1005 0.00435981455868
1006 1006 605.136135069
1007 1007 375.080443503
1008 1008 0.00559024075167
1009 1009 191.59752459
1010 1010 19.2373925108
1011 1011 409.279018098
1012 1012 150.555190117
1013 1013 198.894091388
1014 1014 0.00108161122637
1015 1015 86.7258650833
1016 1016 602.259998494
1017 1017 0.00496152728121
1018 1018 528.986939467
1019 1019 0.00168936653217
1020 1020 0.00867673007445
1021 1021 0.000806315676678
1022 1022 472.810026873
1023 1023 63.1382957632
1024 1024 510.360536051
1025 1025 0.00220589331021
1026 1026 250.029357537
1027 1027 233.89279654
1028 1028 438.847613588
1029 1029 174.587033698
1030 1030 33.9211948358
1031 1031 388.735293903
1032 1032 271.039170422
1033 1033 386.567181434
1034 1034 0.00838820682749
1035 1035 0.00114465107643
1036 1036 386.349737461
1037 1037 83.0211879324
1038 1038 0.00691110822618
1039 1039 0.00602698524259
1040 1040 0.00845787674651
1041 1041 314.552377864
1042 1042 456.757592029
1043 1043 0.00754296735313
1044 1044 6.02871854393
1045 1045 0.00358839041978
1046 1046 0.00340423594665
1047 1047 453.592978201
1048 1048 62.6761016028
1049 1049 221.285697675
1050 1050 185.191105562
1051 1051 427.766972775
1052 1052 167.086441246
1053 1053 0.00573568167762
1054 1054 433.187928596
1055 1055 548.649875082
1056 1056 420.051218796
1057 1057 567.075945782
1058 1058 59.3302690321
1059 1059 294.989938709
1060 1060 612.244163093
1061 1061 0.00757488627613
1062 1062 621.541009333
1063 1063 303.300919024
1064 1064 596.884538557
1065 1065 353.058171214
1066 1066 478.459124458
1067 1067 13.1911153344
1068 1068 0.000659254588718
1069 1069 449.137654824
1070 1070 0.00123859507984
1071 1071 404.419702966
1072 1072 536.089426412
1073 1073 522.635696855
1074 1074 234.29982033
1075 1075 0.00642681308885
1076 1076 385.955125756
1077 1077 449.864980498
1078 1078 47.6482673463
1079 1079 294.776542008
1080 1080 528.926142619
1081 1081 345.868273361
1082 1082 599.56689664
1083 1083 582.642706899
1084 1084 0.00736438764917
1085 1085 194.063752391
1086 1086 529.108905725
1087 1087 436.103001972
1088 1088 25.1467715015
1089 1089 196.213730983
1090 1090 63.9483536914
1091 1091 430.197023482
1092 1092 273.209667506
1093 1093 66.2218859891
1094 1094 259.131633504
1095 1095 573.642731405
1096 1096 0.00675505397831
1097 1097 581.312502633
1098 1098 137.238608111
1099 1099 0.000346079461052
1100 1100 179.122859754
1101 1101 237.136046076
1102 1102 0.00485450203544
1103 1103 0.00343082708393
1104 1104 84.4449852099
1105 1105 291.263171667
1106 1106 536.17065251
1107 1107 35.6555182676
1108 1108 310.102282162
1109 1109 68.3923528836
1110 1110 153.925714127
1111 1111 569.399864176
1112 1112 108.989808898
1113 1113 623.937465098
1114 1114 57.7064692116
1115 1115 0.00485928462185
1116 1116 63.3375071038
1117 1117 44.3094138062
1118 1118 192.975418153
1119 1119 0.00981581984096
1120 1120 329.54388702
1121 1121 206.754756232
1122 1122 580.92045994
1123 1123 91.3654827485
1124 1124 0.00988610096606
1125 1125 332.672437841
1126 1126 217.71962314
1127 1127 400.567639603
1128 1128 200.663941784
1129 1129 134.39100725
1130 1130 0.00304531656377
1131 1131 524.690786323
1132 1132 76.8290548036
1133 1133 118.273963805
1134 1134 115.226561083
1135 1135 409.513077717
1136 1136 0.00472801954925
1137 1137 0.00153674121816
1138 1138 11.965248428
1139 1139 263.781294652
1140 1140 0.00498942922984
1141 1141 331.892540354
1142 1142 0.0080341688362
1143 1143 508.710785845
1144 1144 397.281946402
1145 1145 451.276760917
1146 1146 0.00559723501334
1147 1147 0.0033211818598
1148 1148 0.00976867523325
1149 1149 262.556658423
1150 1150 200.027242885
1151 1151 0.000940304852897
1152 1152 590.413864653
1153 1153 622.344554528
1154 1154 0.00929171486188
1155 1155 0.0045211209918
1156 1156 144.681378967
1157 1157 0.00425788736805
1158 1158 601.117634448
1159 1159 414.621358588
1160 1160 40.9163469481
1161 1161 102.488146005
1162 1162 408.560027888
1163 1163 146.228439395
1164 1164 24.3717790778
1165 1165 461.149007856
1166 1166 0.00291857928527
1167 1167 103.896606126
1168 1168 514.348144764
1169 1169 579.048242815
1170 1170 128.24010356
1171 1171 70.3727795892
1172 1172 0.00575755034788
1173 1173 131.014037253
1174 1174 185.590631291
1175 1175 29.0790075113
1176 1176 403.421766026
1177 1177 0.00189265092672
1178 1178 465.147315973
1179 1179 0.00660303883387
1180 1180 264.899189247
1181 1181 436.550774692
1182 1182 0.0053985355541
1183 1183 223.615134271
1184 1184 0.000932271976932
1185 1185 373.251472832
1186 1186 230.378710066
1187 1187 74.292683193
1188 1188 452.91127671
1189 1189 0.00290423151778
1190 1190 128.287872301
1191 1191 389.532163828
1192 1192 296.485603985
1193 1193 295.053204864
1194 1194 105.091200106
1195 1195 0.00414879645154
1196 1196 0.00556328551984
1197 1197 315.832881599
1198 1198 0.00688714951347
1199 1199 155.127122808
1200 1200 314.535494418
1201 1201 267.578362699
1202 1202 458.00474248
1203 1203 323.073954214
1204 1204 24.1263963647
1205 1205 281.519155887
1206 1206 306.600967815
1207 1207 339.829262767
1208 1208 45.2554369567
1209 1209 601.577790932
1210 1210 179.263688485
1211 1211 292.801152323
1212 1212 239.996632199
1213 1213 390.886556338
1214 1214 270.889398585
1215 1215 207.090086836
1216 1216 621.880221234
1217 1217 68.4980791393
1218 1218 625.790170001
1219 1219 522.554314523
1220 1220 510.583103467
1221 1221 0.00687501677869
1222 1222 514.790233713
1223 1223 0.000304987502174
1224 1224 43.870661527
1225 1225 270.073120128
1226 1226 0.00683345580559
1227 1227 534.141792286
1228 1228 319.504288984
1229 1229 269.372412672
1230 1230 0.0073948862091
1231 1231 479.236146584
1232 1232 570.330663467
1233 1233 536.183291525
1234 1234 54.5238120302
1235 1235 286.203145128
1236 1236 177.606030444
1237 1237 35.568287102
1238 1238 109.567049545
1239 1239 0.00270421536928
1240 1240 52.4882041545
1241 1241 78.0824704827
1242 1242 505.606407228
1243 1243 301.175200182
1244 1244 0.00393739089887
1245 1245 77.7335653912
1246 1246 616.920313946
1247 1247 0.00501621530993
1248 1248 505.836997249
1249 1249 425.987142132
1250 1250 0.00982529628006
1251 1251 0.00713018550622
1252 1252 461.349893279
1253 1253 396.084941314
1254 1254 261.376782504
1255 1255 559.930083851
1256 1256 323.11320007
1257 1257 383.139697651
1258 1258 573.361532915
1259 1259 220.897751637
1260 1260 62.3498803837
1261 1261 36.3480180147
1262 1262 476.265204042
1263 1263 0.00587682242669
1264 1264 122.376148736
1265 1265 525.31934251
1266 1266 0.00671729996029
1267 1267 0.00802490881227
1268 1268 282.117797982
1269 1269 473.916324778
1270 1270 561.035049404
1271 1271 494.811214662
1272 1272 297.76895207
1273 1273 0.00617474224059
1274 1274 8.47184508382
1275 1275 577.593984146
1276 1276 340.054665541
1277 1277 294.126986525
1278 1278 432.477010686
1279 1279 352.597370965
1280 1280 132.03354837
1281 1281 148.654551586
1282 1282 137.851716666
1283 1283 108.946432122
1284 1284 116.22181153
1285 1285 515.501368908
1286 1286 293.696462281
1287 1287 625.316624011
1288 1288 521.89834028
1289 1289 248.727269761
1290 1290 364.061507199
1291 1291 0.00388945132988
1292 1292 0.00435895547336
1293 1293 0.000857141224553
1294 1294 99.2679897459
1295 1295 0.00761578286378
1296 1296 162.990337782
1297 1297 4.63405144799e-05
1298 1298 416.031378332
1299 1299 301.795474376
1300 1300 0.0014155210538
1301 1301 0.00280330646283
1302 1302 80.4647596217
1303 1303 312.524422169
1304 1304 433.884991988
1305 1305 265.282330286
1306 1306 131.792607726
1307 1307 202.59665805
1308 1308 540.786010956
1309 1309 322.144557764
1310 1310 0.00274994476281
1311 1311 287.887280218
1312 1312 0.00584614961297
1313 1313 130.025740899
1314 1314 289.022164288
1315 1315 475.905327041
1316 1316 164.33334555
1317 1317 0.00603805652586
1318 1318 0.00542391389744
1319 1319 283.158784367
1320 1320 78.2271871288
1321 1321 287.69093868
1322 1322 0.00539547971149
1323 1323 609.172978718
1324 1324 0.00638194115909
1325 1325 0.00370958222844
1326 1326 579.892636072
1327 1327 474.959584056
1328 1328 0.00831836353522
1329 1329 530.877655579
1330 1330 590.874063648
1331 1331 0.00782705782956
1332 1332 232.85937756
1333 1333 350.87891231
1334 1334 195.62845216
1335 1335 104.787118838
1336 1336 0.0013059888363
1337 1337 4.82181848366
1338 1338 536.505245129
1339 1339 325.638137313
1340 1340 516.221555143
1341 1341 0.00415060448745
1342 1342 0.00685380320992
1343 1343 0.00376227189208
1344 1344 146.714503806
1345 1345 375.7804475
1346 1346 39.0722854673
1347 1347 530.864206787
1348 1348 360.786873676
1349 1349 0.00738369261723
1350 1350 420.502655816
1351 1351 511.689348602
1352 1352 0.00779532292394
1353 1353 181.779414644
1354 1354 170.689667307
1355 1355 539.66123582
1356 1356 0.00279254851868
1357 1357 0.00147301031765
1358 1358 120.955532896
1359 1359 0.00247437251492
1360 1360 104.399906272
1361 1361 468.583307678
1362 1362 0.00744477672087
1363 1363 0.00527870431854
1364 1364 90.5072392968
1365 1365 47.012365498
1366 1366 452.130258954
1367 1367 488.576884438
1368 1368 321.82607632
1369 1369 402.705180896
1370 1370 622.015039984
1371 1371 579.030567181
1372 1372 331.737821477
1373 1373 341.083288924
1374 1374 286.699952646
1375 1375 0.0084454901688
1376 1376 463.688397373
1377 1377 14.0291745599
1378 1378 458.997572117
1379 1379 0.00927010574169
1380 1380 36.599821902
1381 1381 387.962799694
1382 1382 475.663823492
1383 1383 0.00332476188392
1384 1384 182.532161921
1385 1385 104.850077173
1386 1386 339.27719698
1387 1387 579.774032915
1388 1388 606.904260368
1389 1389 41.2384387207
1390 1390 0.00621070426039
1391 1391 499.779684945
1392 1392 593.151397032
1393 1393 0.00941360190514
1394 1394 0.00382334015043
1395 1395 0.00666728734299
1396 1396 0.00355441089601
1397 1397 2.60366022086
1398 1398 0.00194605845997
1399 1399 558.678998489
1400 1400 0.0012680858842
1401 1401 331.027610708
1402 1402 361.224431093
1403 1403 31.3885828487
1404 1404 288.762529328
1405 1405 0.00967742466384
1406 1406 363.282406091
1407 1407 279.505978815
1408 1408 502.384633532
1409 1409 154.673109505
1410 1410 190.79900696
1411 1411 306.947576031
1412 1412 0.0034753018337
1413 1413 251.733446505
1414 1414 445.748128773
1415 1415 11.4534877361
1416 1416 498.485523742
1417 1417 0.00180122795064
1418 1418 92.5883348804
1419 1419 453.144466235
1420 1420 306.46363419
1421 1421 0.00333713594867
1422 1422 479.819038555
1423 1423 0.000299355112435
1424 1424 609.41557033
1425 1425 315.609154454
1426 1426 0.00138733590247
1427 1427 570.456198272
1428 1428 0.00717941546142
1429 1429 313.906847901
1430 1430 0.000328398844629
1431 1431 23.7207720487
1432 1432 0.00976186124954
1433 1433 242.847701946
1434 1434 0.00727228757533
1435 1435 510.899103948
1436 1436 0.00674319750476
1437 1437 0.00352488820561
1438 1438 417.792758638
1439 1439 10.8691526272
1440 1440 521.004238594
1441 1441 430.6764718
1442 1442 588.815230551
1443 1443 0.00806341341486
1444 1444 280.223823297
1445 1445 0.00486157139545
1446 1446 497.33874733
1447 1447 0.00970697495361
1448 1448 106.105276433
1449 1449 34.8025570267
1450 1450 60.3033887318
1451 1451 277.876490892
1452 1452 352.16012302
1453 1453 25.0089541707
1454 1454 433.688622326
1455 1455 205.0318738
1456 1456 0.00529803096423
1457 1457 0.000618794080337
1458 1458 110.791588491
1459 1459 0.0028652763442
1460 1460 0.00752148721619
1461 1461 615.644042966
1462 1462 492.042437572
1463 1463 271.57842665
1464 1464 195.789556216
1465 1465 579.370402379
1466 1466 0.00351216978986
1467 1467 0.0071315678775
1468 1468 223.703523478
1469 1469 533.683258368
1470 1470 0.00729789630771
1471 1471 398.221866224
1472 1472 39.2922581913
1473 1473 41.2512093469
1474 1474 0.00974378365781
1475 1475 533.380058066
1476 1476 433.597898264
1477 1477 0.00191666232607
1478 1478 185.75375781
1479 1479 376.625333336
1480 1480 409.560512188
1481 1481 0.00670031550708
1482 1482 271.971218786
1483 1483 294.754034004
1484 1484 544.95278583
1485 1485 363.561794339
1486 1486 573.395913553
1487 1487 194.126302315
1488 1488 0.00921706357703
1489 1489 536.985032351
1490 1490 0.00461841985865
1491 1491 0.00874544701151
1492 1492 0.00137077897085
1493 1493 362.24002748
1494 1494 418.706152856
1495 1495 71.3268257201
1496 1496 588.70647938
1497 1497 35.2962663824
1498 1498 0.00281887488638
1499 1499 239.513967574
1500 1500 419.900328902
1501 1501 463.645184017
1502 1502 203.924457179
1503 1503 0.00710348018489
1504 1504 332.165099899
1505 1505 413.437125442
1506 1506 0.00254496743102
1507 1507 580.556405716
1508 1508 0.000259732537617
1509 1509 541.594660889
1510 1510 40.7505359866
1511 1511 112.197397628
1512 1512 0.00944349196557
1513 1513 0.00201613305423
1514 1514 532.308317404
1515 1515 493.193022392
1516 1516 293.250346797
1517 1517 14.5755049907
1518 1518 29.6119871597
1519 1519 614.029689775
1520 1520 0.00891969813218
1521 1521 0.00330437208005
1522 1522 362.083318567
1523 1523 0.000921627010287
1524 1524 549.459915355
1525 1525 0.00149449252996
1526 1526 0.00264873133638
1527 1527 273.179852982
1528 1528 453.671172262
1529 1529 324.255349311
1530 1530 62.4478065326
1531 1531 0.00388425644565
1532 1532 0.00466838737467
1533 1533 272.682791873
1534 1534 4.1479197171
1535 1535 469.724547112
1536 1536 0.000336543693024
1537 1537 0.00336474891015
1538 1538 129.04142274
1539 1539 1.89145122518
1540 1540 324.751507733
1541 1541 476.66010145
1542 1542 0.00882769263577
1543 1543 37.9408345245
1544 1544 383.379221381
1545 1545 0.00118404882851
1546 1546 146.409168753
1547 1547 325.032165208
1548 1548 50.8664710764
1549 1549 0.00240695732626
1550 1550 0.00535062448707
1551 1551 472.817208568
1552 1552 338.555567179
1553 1553 109.145977788
1554 1554 536.42903579
1555 1555 0.00833581867208
1556 1556 77.5129278426
1557 1557 274.20458075
1558 1558 532.738921702
1559 1559 459.874186453
1560 1560 184.391793691
1561 1561 312.541181607
1562 1562 0.0061230715517
1563 1563 10.0472347675
1564 1564 111.90895472
1565 1565 403.269514322
1566 1566 212.531704768
1567 1567 0.0089109226382
1568 1568 355.586424999
1569 1569 431.752007051
1570 1570 492.991823303
1571 1571 96.8972500661
1572 1572 338.551789142
1573 1573 529.851078842
1574 1574 0.00494385047052
1575 1575 15.2553272137
1576 1576 581.438770629
1577 1577 35.0408458516
1578 1578 314.107779086
1579 1579 275.154486557
1580 1580 243.338022484
1581 1581 73.707734795
1582 1582 31.4746714723
1583 1583 309.986546509
1584 1584 0.00853187155114
1585 1585 492.736381692
1586 1586 134.917593243
1587 1587 0.00552790349839
1588 1588 13.6404005423
1589 1589 582.068074267
1590 1590 447.675112777
1591 1591 419.487651983
1592 1592 0.00727743614383
1593 1593 0.00725685832197
1594 1594 299.574409946
1595 1595 416.967536569
1596 1596 351.767111102
1597 1597 318.580723143
1598 1598 0.00485756685295
1599 1599 413.131373301
1600 1600 0.00760175719437
1601 1601 549.492176627
1602 1602 403.743173808
1603 1603 0.00315807568479
1604 1604 296.652396176
1605 1605 458.509015512
1606 1606 505.107430391
1607 1607 0.00961090858033
1608 1608 495.685757582
1609 1609 84.621580261
1610 1610 0.0061844084012
1611 1611 141.506271507
1612 1612 377.377614529
1613 1613 0.000997115940967
1614 1614 488.509353909
1615 1615 167.175925527
1616 1616 128.522068176
1617 1617 440.294456795
1618 1618 572.14259384
1619 1619 399.682257168
1620 1620 319.084513952
1621 1621 0.00429418154578
1622 1622 64.4747015043
1623 1623 0.0026846443443
1624 1624 234.751994784
1625 1625 420.707323095
1626 1626 480.533244306
1627 1627 219.955396908
1628 1628 488.95630384
1629 1629 291.909921278
1630 1630 0.00565157963936
1631 1631 469.477596051
1632 1632 0.0087635153924
1633 1633 336.732079011
1634 1634 0.00475286217281
1635 1635 568.676798926
1636 1636 0.00530524621294
1637 1637 7.69704085916
1638 1638 236.649514667
1639 1639 296.408890704
1640 1640 170.712741636
1641 1641 0.00794457413815
1642 1642 411.009007461
1643 1643 0.00822490586898
1644 1644 0.00376521698219
1645 1645 594.241909109
1646 1646 467.633265086
1647 1647 513.385819851
1648 1648 19.904179342
1649 1649 185.446638495
1650 1650 0.00522935393515
1651 1651 250.097427375
1652 1652 187.176518866
1653 1653 411.75295554
1654 1654 534.39068628
1655 1655 369.589411622
1656 1656 0.00329311943479
1657 1657 0.00680668403323
1658 1658 200.627299637
1659 1659 0.00151244210915
1660 1660 398.901787404
1661 1661 0.00764707661177
1662 1662 158.888917732
1663 1663 29.1069109136
1664 1664 90.6218187712
1665 1665 0.00748594200747
1666 1666 0.0079199711836
1667 1667 258.63214303
1668 1668 0.0059098027545
1669 1669 0.00438269447799
1670 1670 593.242913534
1671 1671 0.00231726760059
1672 1672 545.021833432
1673 1673 508.476607574
1674 1674 614.512165066
1675 1675 0.00940139459236
1676 1676 206.4154251
1677 1677 440.460852541
1678 1678 447.410453517
1679 1679 0.00416366435013
1680 1680 395.275806607
1681 1681 396.543349385
1682 1682 547.740038729
1683 1683 191.94081965
1684 1684 356.251245811
1685 1685 374.291841133
1686 1686 623.114511456
1687 1687 503.517453158
1688 1688 114.196920624
1689 1689 484.554475309
1690 1690 545.842294821
1691 1691 279.801152169
1692 1692 180.54277337
1693 1693 165.828749292
1694 1694 53.9183467763
1695 1695 24.454019422
1696 1696 296.911272855
1697 1697 598.883016196
1698 1698 167.051885366
1699 1699 393.174918914
1700 1700 151.477788478
1701 1701 0.0056016801959
1702 1702 0.00769079012964
1703 1703 357.742044714
1704 1704 531.49885845
1705 1705 488.58946456
1706 1706 0.00943098524081
1707 1707 458.684279124
1708 1708 0.00466036936709
1709 1709 86.090214321
1710 1710 42.077469868
1711 1711 108.385803015
1712 1712 281.767559404
1713 1713 332.4997573
1714 1714 329.271026664
1715 1715 255.544815795
1716 1716 257.795495245
1717 1717 412.945019697
1718 1718 0.00347668224185
1719 1719 0.00155342092779
1720 1720 400.244633346
1721 1721 468.029394925
1722 1722 0.0069228711909
1723 1723 388.879483346
1724 1724 529.229518488
1725 1725 0.00462059927182
1726 1726 561.244648584
1727 1727 552.383904778
1728 1728 141.126632366
1729 1729 93.2580771532
1730 1730 234.778820226
1731 1731 0.00136813415905
1732 1732 197.178124829
1733 1733 186.555273378
1734 1734 0.000161739078633
1735 1735 66.2838762066
1736 1736 45.0273174619
1737 1737 473.283927976
1738 1738 193.254963886
1739 1739 495.400514474
1740 1740 13.3243121368
1741 1741 614.241036959
1742 1742 264.95334903
1743 1743 324.214136917
1744 1744 504.277871213
1745 1745 125.497656942
1746 1746 320.657396921
1747 1747 248.810762754
1748 1748 537.666425903
1749 1749 556.269989346
1750 1750 427.52603442
1751 1751 213.34981898
1752 1752 391.860590461
1753 1753 0.00157326454848
1754 1754 349.861732473
1755 1755 78.6097809036
1756 1756 399.831910199
1757 1757 0.00562150454213
1758 1758 406.499827993
1759 1759 184.982195807
1760 1760 433.51910758
1761 1761 252.671980392
1762 1762 145.484719566
1763 1763 43.7214925924
1764 1764 115.085894623
1765 1765 382.065253776
1766 1766 6.14757951888
1767 1767 27.4599610007
1768 1768 384.077370036
1769 1769 373.609768783
1770 1770 0.003718557968
1771 1771 607.110795317
1772 1772 559.385068533
1773 1773 69.9124674294
1774 1774 248.856368744
1775 1775 0.0044002191285
1776 1776 25.6447394041
1777 1777 110.706187326
1778 1778 0.00338565219492
1779 1779 521.311043785
1780 1780 0.00988255735777
1781 1781 240.948162723
1782 1782 569.082097635
1783 1783 0.00630987892512
1784 1784 11.2315096034
1785 1785 502.148397047
1786 1786 290.524829042
1787 1787 0.00213156624952
1788 1788 0.00260077894747
1789 1789 68.8350363198
1790 1790 244.605283308
1791 1791 395.16433195
1792 1792 349.678962063
1793 1793 0.00800379046772
1794 1794 0.00208559971856
1795 1795 519.327265693
1796 1796 340.305016814
1797 1797 143.459840844
1798 1798 388.451576564
1799 1799 0.00665116021306
1800 1800 407.1613574
1801 1801 426.973360789
1802 1802 77.8982365377
1803 1803 0.00360358148506
1804 1804 98.3978259848
1805 1805 0.00329542908404
1806 1806 372.448647124
1807 1807 0.00661699849183
1808 1808 0.00940680156045
1809 1809 0.00395859756021
1810 1810 0.00369955678716
1811 1811 0.00208882270451
1812 1812 33.6190632267
1813 1813 69.8900506129
1814 1814 0.00103418652866
1815 1815 303.887658818
1816 1816 339.035880194
1817 1817 0.00644170565352
1818 1818 213.968687011
1819 1819 440.123836078
1820 1820 588.947934611
1821 1821 0.00816852588722
1822 1822 0.0087505865777
1823 1823 0.00859478727107
1824 1824 169.878876088
1825 1825 0.00607659349055
1826 1826 330.67836973
1827 1827 95.7743098096
1828 1828 246.872964584
1829 1829 363.335682674
1830 1830 0.00140310494999
1831 1831 227.368737391
1832 1832 360.416197771
1833 1833 498.386370821
1834 1834 606.668788198
1835 1835 576.736541852
1836 1836 0.0030426711026
1837 1837 302.694735167
1838 1838 371.368228223
1839 1839 548.860832276
1840 1840 397.808573289
1841 1841 8.89098809442e-05
1842 1842 60.5111704555
1843 1843 218.19106229
1844 1844 508.982699466
1845 1845 25.7194882709
1846 1846 181.212784216
1847 1847 247.888137973
1848 1848 336.484935234
1849 1849 288.060251864
1850 1850 181.961097233
1851 1851 0.00174434495342
1852 1852 182.841945514
1853 1853 0.00655649308723
1854 1854 200.482699268
1855 1855 355.79940889
1856 1856 44.5739150773
1857 1857 575.314187994
1858 1858 188.615074616
1859 1859 274.680467783
1860 1860 2.93961426906
1861 1861 479.13864405
1862 1862 0.00612851327315
1863 1863 324.154283106
1864 1864 113.151483305
1865 1865 0.0067194124704
1866 1866 446.790751717
1867 1867 153.706002768
1868 1868 609.547077565
1869 1869 133.299915238
1870 1870 225.359636724
1871 1871 220.299991398
1872 1872 378.4308506
1873 1873 37.0242200638
1874 1874 315.914341292
1875 1875 0.00280729905791
1876 1876 370.062758388
1877 1877 590.612113237
1878 1878 0.0018823030581
1879 1879 86.9030912166
1880 1880 392.268457603
1881 1881 12.387901001
1882 1882 319.331748826
1883 1883 0.00893310000069
1884 1884 0.00290765288575
1885 1885 351.019334783
1886 1886 515.695763943
1887 1887 290.018320952
1888 1888 408.80661107
1889 1889 566.307974692
1890 1890 0.00438083439925
1891 1891 345.080336384
1892 1892 126.849385855
1893 1893 448.738188693
1894 1894 0.00965696645126
1895 1895 460.794545926
1896 1896 610.277412503
1897 1897 127.213428253
1898 1898 371.854410849
1899 1899 383.057277071
1900 1900 469.695122326
1901 1901 427.279846152
1902 1902 31.8346906878
1903 1903 339.797020507
1904 1904 0.0051155170246
1905 1905 0.00308743896687
1906 1906 395.28041321
1907 1907 430.467776205
1908 1908 169.287517485
1909 1909 167.891481756
1910 1910 472.592051958
1911 1911 474.62553031
1912 1912 0.000274891511278
1913 1913 0.00549233361739
1914 1914 546.797872305
1915 1915 139.811149412
1916 1916 7.05393519339e-05
1917 1917 0.000541894204554
1918 1918 288.667349216
1919 1919 18.8453378391
1920 1920 0.00145774521685
1921 1921 471.669971231
1922 1922 428.464069552
1923 1923 515.901985501
1924 1924 401.157931544
1925 1925 0.00777113385519
1926 1926 490.061371839
1927 1927 307.41451139
1928 1928 187.077489771
1929 1929 122.538299228
1930 1930 0.00370567117234
1931 1931 0.00843494763386
1932 1932 372.752696201
1933 1933 446.339199828
1934 1934 59.8769888998
1935 1935 588.193373495
1936 1936 463.887815158
1937 1937 6.52974607943e-05
1938 1938 564.342476838
1939 1939 603.633553174
1940 1940 541.638311923
1941 1941 0.00838340973474
1942 1942 341.208065152
1943 1943 429.238327962
1944 1944 45.896266308
1945 1945 393.336560263
1946 1946 545.823885786
1947 1947 54.1569836493
1948 1948 584.967290968
1949 1949 345.166640058
1950 1950 500.659677733
1951 1951 587.534774345
1952 1952 0.00406874038365
1953 1953 126.066744125
1954 1954 54.7333217701
1955 1955 591.992264071
1956 1956 477.881582994
1957 1957 347.921532784
1958 1958 0.00476367514099
1959 1959 548.153140966
1960 1960 520.908032271
1961 1961 0.00189490856368
1962 1962 319.909885301
1963 1963 610.028799377
1964 1964 0.0059004734813
1965 1965 0.00334972448067
1966 1966 622.158430455
1967 1967 442.16505169
1968 1968 0.00255032410922
1969 1969 209.837714696
1970 1970 0.00690470551534
1971 1971 0.00944264414581
1972 1972 544.525171151
1973 1973 0.0044467731444
1974 1974 460.607264044
1975 1975 0.00479031837247
1976 1976 145.238598344
1977 1977 90.375247724
1978 1978 37.8883602928
1979 1979 0.00698461076087
1980 1980 0.00993680758877
1981 1981 0.00902431574491
1982 1982 315.200353213
1983 1983 389.861127253
1984 1984 0.00735311540746
1985 1985 0.00301994969891
1986 1986 66.0087846404
1987 1987 385.047410207
1988 1988 569.495525704
1989 1989 356.236904194
1990 1990 0.00176418539515
1991 1991 303.028811585
1992 1992 120.361866147
1993 1993 602.772667075
1994 1994 448.969253202
1995 1995 402.360685106
1996 1996 516.88015726
1997 1997 203.268185955
1998 1998 0.00583285518587
1999 1999 230.848918279
2000 2000 502.297297637
