1 1 1.67422431331e-05
2 2 1152.63754042
3 3 1.14503633411e-05
4 4 5.13421266713e-05
5 5 788.886915545
6 6 4.48195478059e-05
7 7 3790.29646747
8 8 2.12661245749e-05
9 9 9.81816351706e-05
10 10 2633.45393046
11 11 3.56433533142e-06
12 12 7.8332114271e-05
13 13 2.09926012639e-05
14 14 2621.06672301
15 15 1184.53498916
16 16 1.46136854804e-05
17 17 2.68986873026e-06
18 18 3.13655332369e-05
19 19 1.9259853248e-05
20 20 4.33015765108e-05
21 21 1697.59631565
22 22 1534.0111237
23 23 3.28700886333e-05
24 24 2.65926592355e-05
25 25 5.62256635481e-06
26 26 5.16475568532e-05
27 27 1979.09436944
28 28 2.28259954246e-05
29 29 9.93447679775e-05
30 30 3.21241266837e-05
31 31 2349.84922119
32 32 4.28113543831e-05
33 33 1956.5537822
34 34 3.19247768214e-05
35 35 16.5011286697
36 36 1.73651063675e-05
37 37 793.029220576
38 38 8.62519755066e-06
39 39 4.77491590695e-05
40 40 3.73812764181e-05
41 41 9.71105779624e-05
42 42 7.72503516375e-07
43 43 5428.65270074
44 44 4522.91432873
45 45 9.37078165988e-05
46 46 2.13079055474e-05
47 47 4324.02057033
48 48 6.97640384658e-05
49 49 3307.80923413
50 50 1.10912006915e-05
51 51 3292.60774759
52 52 2.63832126957e-05
53 53 4.07554222122e-05
54 54 4.48116995402e-05
55 55 4.55106510681e-05
56 56 2.40065452054e-05
57 57 2003.44892793
58 58 2558.19784373
59 59 3.72228870923e-06
60 60 8.18401333919e-05
61 61 5.69933918438e-05
62 62 7.50047688632e-05
63 63 3468.90155637
64 64 7.2384903506e-05
65 65 9.79279621012e-05
66 66 6.77997462675e-05
67 67 5247.32593981
68 68 1.64287360243e-05
69 69 4283.09480137
70 70 4.24897761667e-05
71 71 3.8761476113e-06
72 72 2.72125296364e-05
73 73 1.8176226147e-05
74 74 5.32860950287e-05
75 75 3346.36103633
76 76 3.37410492947e-05
77 77 2.28737520095e-05
78 78 8.44389396368e-05
79 79 2.57268183881e-05
80 80 6.72779368998e-05
81 81 2.7230768562e-05
82 82 2130.94434373
83 83 2968.13041819
84 84 4906.12505467
85 85 9.02377891306e-05
86 86 2.09741917608e-05
87 87 1.21485575311e-05
88 88 3868.63364115
89 89 4361.31000025
90 90 4.80443515935e-05
91 91 2.33566010289e-05
92 92 1.08667207505e-05
93 93 4.92250452348e-05
94 94 2.01438404956e-05
95 95 5.97068296655e-05
96 96 8.54131128914e-05
97 97 5.54228770162e-05
98 98 706.087514133
99 99 8.28308386167e-05
100 100 5364.13853493
101 101 5227.24214768
102 102 6.73683327665e-05
103 103 1044.94819798
104 104 6.73467777093e-05
105 105 3252.00377632
106 106 4.9035790002e-05
107 107 599.316753841
108 108 1.92615985465e-05
109 109 6.34776839999e-05
110 110 4093.20874984
111 111 4.59861909947e-05
112 112 7.15191746235e-05
113 113 9.84155597892e-05
114 114 5.6757131809e-05
115 115 1.0959396721e-05
116 116 8.63457194919e-05
117 117 8.38827004323e-05
118 118 1.47124339576e-05
119 119 9.64870876993e-05
120 120 6.30610832709e-05
121 121 8.27104891162e-05
122 122 2653.74538917
123 123 2.09537577473e-05
124 124 4.70562126227e-05
125 125 3.80829549253e-05
126 126 7.08035580849e-05
127 127 6.71009191298e-05
128 128 328.789623956
129 129 4.38307694987e-05
130 130 1114.48048725
131 131 770.897994302
132 132 6.97602534859e-05
133 133 6.50062105229e-05
134 134 4.83404845057e-05
135 135 175.865116007
136 136 8.83090388891e-05
137 137 3.17139750256e-05
138 138 6.16793014562e-06
139 139 2.80159149869e-05
140 140 8.96774026679e-05
141 141 1.16364286341e-05
142 142 2.20429215062e-05
143 143 1.15303498532e-05
144 144 1.34190686905e-07
145 145 9.75907800229e-07
146 146 6.53942943907e-06
147 147 9.25412453373e-05
148 148 8.857305912e-05
149 149 4.17835822651e-05
150 150 9.18549881609e-05
151 151 9.3774634194e-05
152 152 2.0448689406e-07
153 153 2922.60611154
154 154 8.96651345821e-05
155 155 717.12765484
156 156 9.15829430167e-05
157 157 9.97558210036e-05
158 158 5378.01341451
159 159 5499.12568036
160 160 5070.45384241
161 161 5.82616343434e-05
162 162 7.31173344445e-05
163 163 868.802164378
164 164 1.42741345773e-05
165 165 3938.33818643
166 166 3.77044188609e-05
167 167 6.94216167766e-05
168 168 1.57093374205e-05
169 169 4162.58052978
170 170 6.89529463315e-06
171 171 9.82452734655e-05
172 172 4259.48009109
173 173 257.968427822
174 174 2.91263602837e-05
175 175 9.72793975923e-05
176 176 2.7260823294e-05
177 177 7.29844081394e-05
178 178 6.83093106745e-05
179 179 6.20915015956e-05
180 180 5.93381832788e-05
181 181 8.00970001311e-06
182 182 2463.90500063
183 183 8.51456837262e-05
184 184 5254.96661892
185 185 2.22118695188e-05
186 186 3.01884357182e-05
187 187 8.97755206587e-05
188 188 1.30226325403e-05
189 189 5.53148194635e-05
190 190 1519.86020105
191 191 1.79641721609e-05
192 192 9.09507847876e-05
193 193 2.10147297923e-05
194 194 8.92029415438e-06
195 195 932.995281765
196 196 7.27740999734e-05
197 197 8.00289212954e-05
198 198 1.58721645806e-05
199 199 2.97624900841e-05
200 200 8.36673652194e-05
201 201 4.34177685479e-05
202 202 5.35928236913e-06
203 203 3.81997076313e-05
204 204 2.22404300728e-05
205 205 4.08735974583e-05
206 206 4.16106792528e-05
207 207 6.09825457509e-05
208 208 7.71462802557e-05
209 209 2127.6310175
210 210 799.933197679
211 211 3.58768673985e-05
212 212 7.52449716452e-05
213 213 3852.81288388
214 214 4606.98725889
215 215 5577.34593794
216 216 1.5461122983e-05
217 217 6.08486777276e-06
218 218 5.81392594044e-05
219 219 9.05347537898e-05
220 220 6.67957926973e-05
221 221 4.59089477358e-05
222 222 1496.02060474
223 223 7.83367899802e-05
224 224 8.52739841398e-05
225 225 4.11769920651e-05
226 226 907.583081403
227 227 2.30702895995e-05
228 228 4.15482989257e-05
229 229 4.36276086092e-05
230 230 3251.40342677
231 231 7.92102235569e-05
232 232 1955.03859344
233 233 1921.24757066
234 234 1.28686047197e-05
235 235 1820.30767013
236 236 9.55654049911e-05
237 237 5249.59729889
238 238 8.8666106273e-05
239 239 731.065359952
240 240 2.81487765401e-05
241 241 5463.93649011
242 242 5015.0004336
243 243 4.26690639508e-05
244 244 4.007424179e-05
245 245 7.01196164212e-05
246 246 9.77486844754e-05
247 247 2.8442333089e-05
248 248 9.9737146028e-06
249 249 6.28966971496e-05
250 250 6.8183280711e-05
251 251 3497.48643054
252 252 2.34937543283e-05
253 253 2044.6050839
254 254 8.12712425403e-05
255 255 8.11468675092e-06
256 256 9.75088552795e-05
257 257 3.32219565881e-05
258 258 4.32339736046e-05
259 259 8.18665994235e-05
260 260 5.46643679953e-05
261 261 7.18460176273e-05
262 262 8.52615152936e-05
263 263 7.87626106541e-05
264 264 9.40465732576e-05
265 265 3.65673284989e-05
266 266 2.92971223948e-05
267 267 8.25611715503e-05
268 268 3.2449533839e-05
269 269 4008.49369219
270 270 8.70473709465e-05
271 271 3533.57991708
272 272 2.60129205196e-05
273 273 1.72434004713e-05
274 274 4.26364404552e-05
275 275 4.4002099064e-05
276 276 2.74687843535e-05
277 277 2.72839641694e-05
278 278 1290.71610198
279 279 7.87864671746e-05
280 280 6.43686056374e-06
281 281 4.93673586806e-05
282 282 8.57264354827e-05
283 283 2.56934186194e-05
284 284 3716.40516217
285 285 4300.34005049
286 286 3.61686881029e-05
287 287 8.87582659721e-05
288 288 3.67077928706e-05
289 289 5.46746965193e-05
290 290 9.12290492211e-05
291 291 2011.30175536
292 292 7.62996939892e-05
293 293 5.78182194891e-05
294 294 2.09211571734e-06
295 295 3265.66537212
296 296 3.00023961485e-05
297 297 4.58297079084e-05
298 298 4.52601775681e-06
299 299 1.64192166569e-05
300 300 1.59236460677e-05
301 301 9.59421700614e-05
302 302 1.68005002455e-05
303 303 4998.5296404
304 304 9.54421046125e-05
305 305 4656.92187874
306 306 19.535368387
307 307 9.15327996904e-05
308 308 1.33125452712e-05
309 309 2823.21585889
310 310 2199.09051941
311 311 1740.64521783
312 312 3.85133048194e-05
313 313 1.91899837952e-05
314 314 7.91871306406e-05
315 315 7.64241970919e-05
316 316 5559.99909996
317 317 6.83496590838e-05
318 318 9.38489835705e-05
319 319 4.72571410252e-05
320 320 8.28605151319e-05
321 321 2.12856024567e-06
322 322 3.01631074583e-05
323 323 4362.5377906
324 324 5.92450181646e-05
325 325 2.50911499204e-05
326 326 5081.31927138
327 327 3.96222328831e-06
328 328 3.06759172894e-05
329 329 8.47917471367e-05
330 330 2.97485080915e-05
331 331 6.11405982834e-05
332 332 7.65712568298e-05
333 333 6.15464199851e-05
334 334 646.229159154
335 335 1.96944928239e-05
336 336 3164.44327956
337 337 7.65490995265e-06
338 338 9.35716099154e-05
339 339 2.44106168354e-05
340 340 4.14433196846e-05
341 341 1.46888910291e-05
342 342 1.7326947915e-05
343 343 6.11182219852e-05
344 344 9.69078690168e-05
345 345 4255.33919181
346 346 8.36846567208e-06
347 347 9.86061229233e-05
348 348 6.478770366e-05
349 349 2.48161650316e-05
350 350 3.73398815595e-05
351 351 2.84649107524e-05
352 352 6.58861455676e-05
353 353 3.83641490942e-05
354 354 5.46217871153e-06
355 355 7.17636210284e-05
356 356 5.08494090172e-05
357 357 6.41582888507e-05
358 358 8.17826913979e-05
359 359 588.336068339
360 360 8.96589099549e-08
361 361 7.66883081614e-05
362 362 5.17167438364e-05
363 363 6.29830137099e-05
364 364 1.45074866482e-05
365 365 2299.81434905
366 366 1.43086603945e-05
367 367 7.7730383088e-05
368 368 1.88896519066e-05
369 369 2796.55468897
370 370 9.8926940794e-05
371 371 4720.83893191
372 372 8.64212356064e-05
373 373 2.53416301604e-05
374 374 2.09687428582e-06
375 375 1.84160398656e-05
376 376 4158.63331881
377 377 3.42219523031e-05
378 378 5.81419448169e-05
379 379 5.02172742015e-05
380 380 8.5408295163e-05
381 381 4.70640873726e-05
382 382 1.20471606567e-05
383 383 3.11059192863e-05
384 384 8.81770399864e-05
385 385 5584.09933505
386 386 1116.3052359
387 387 7.01809943148e-06
388 388 2254.82682317
389 389 1.0188687582e-05
390 390 1.38325182995e-06
391 391 5.95698310112e-05
392 392 2.42905336323e-05
393 393 3.63552753808e-05
394 394 3843.07065596
395 395 4857.30354018
396 396 8.53694412832e-05
397 397 9.97143069514e-06
398 398 6.13853359531e-05
399 399 3.48030537474e-05
400 400 1.31464154163e-05
401 401 6.70030001728e-05
402 402 4117.46820061
403 403 1.96409988948e-05
404 404 7.86873121145e-05
405 405 9.03070462497e-05
406 406 5.64635154494e-05
407 407 4092.72032944
408 408 8.40377635063e-05
409 409 1.07931608903e-05
410 410 3.04252635991e-05
411 411 4.2438331255e-06
412 412 8.17256071173e-05
413 413 3.18472704322e-05
414 414 2.47738984447e-05
415 415 7.15188898658e-05
416 416 4.52922407046e-05
417 417 6.79966729866e-05
418 418 5336.09754195
419 419 1.85452403109e-05
420 420 3.0375750336e-05
421 421 8.12482667744e-05
422 422 5.22056733866e-05
423 423 8.45274031293e-05
424 424 3675.50728796
425 425 5.87572866622e-05
426 426 8.38861039211e-05
427 427 2.12961614079e-05
428 428 4100.73013112
429 429 1737.15634239
430 430 2688.97690739
431 431 9.09592055289e-05
432 432 9.65516282472e-05
433 433 2.95006793639e-05
434 434 3.30986805906e-05
435 435 7.75815595139e-05
436 436 3609.37440099
437 437 2.62644758607e-05
438 438 2.85258514495e-06
439 439 4858.6560698
440 440 1.12170518294e-05
441 441 3.17841422479e-05
442 442 9.31813431047e-07
443 443 8.18322752704e-05
444 444 1.16671494502e-05
445 445 1.00628501922e-05
446 446 5470.43505844
447 447 4.02038459397e-05
448 448 4638.12906043
449 449 5.97161828787e-05
450 450 7.91429950187e-05
451 451 2.38188373404e-05
452 452 3149.87379665
453 453 3.15144767926e-05
454 454 6.34458074652e-05
455 455 1.77944924073e-05
456 456 1.12982571313e-05
457 457 2.39869008724e-05
458 458 9.61938785363e-05
459 459 7.74332968882e-05
460 460 1156.72497814
461 461 1.0741764966e-05
462 462 2.17301306378e-05
463 463 2.37678589432e-05
464 464 7.47751469289e-05
465 465 3141.79284164
466 466 2.63365963165e-05
467 467 4.57592700692e-05
468 468 9.63937876417e-05
469 469 5.80584137839e-05
470 470 7.31370680358e-05
471 471 7.78300158369e-05
472 472 8.54791274723e-05
473 473 4.18020886719e-05
474 474 7.6676831725e-05
475 475 1.34120263373e-05
476 476 4.03177603359e-05
477 477 3682.73254905
478 478 5511.24083729
479 479 3.36133230845e-05
480 480 1.12931184011e-05
481 481 2.42081998536e-05
482 482 1.22592880465e-05
483 483 2249.93050765
484 484 5.30766044636e-05
485 485 4.01670310136e-05
486 486 2.55392358303e-05
487 487 6.39076932407e-05
488 488 6.92480662989e-05
489 489 3.98281957369e-05
490 490 7.25055441749e-05
491 491 2.07919933372e-05
492 492 2250.30678491
493 493 785.272783543
494 494 5.60752006036e-05
495 495 2520.19622608
496 496 9.50880908987e-05
497 497 139.544063842
498 498 4910.54906987
499 499 5.03467546918e-05
500 500 4659.34806617
501 501 7.9751708454e-07
502 502 7.0184365037e-05
503 503 7.10258530759e-05
504 504 3.58828683283e-05
505 505 4.02079658895e-05
506 506 7.88183472397e-06
507 507 5.22550675183e-05
508 508 2851.82036996
509 509 2.49505262877e-05
510 510 3528.29136281
511 511 2.08415581969e-05
512 512 1.21062560228e-06
513 513 4.04282059666e-05
514 514 5.92572028681e-05
515 515 5.02546630224e-05
516 516 1.91455103235e-06
517 517 6.33402373321e-05
518 518 7.83282042007e-05
519 519 3450.35430212
520 520 3.29909780847e-06
521 521 4.49448776712e-05
522 522 4550.07164702
523 523 4352.41462298
524 524 1.09975947124e-05
525 525 2.96953365037e-05
526 526 3.09747233358e-05
527 527 4302.4087899
528 528 649.148978113
529 529 1253.1748617
530 530 7.86077792651e-05
531 531 3.95640546284e-05
532 532 3.6820869411e-07
533 533 2.84420177625e-06
534 534 3.98390943328e-05
535 535 1770.20313107
536 536 7.09544543929e-05
537 537 1.1682436612e-05
538 538 2652.27592211
539 539 1.87953225114e-05
540 540 8.74714754534e-05
541 541 1.15749103658e-05
542 542 8.42337625918e-05
543 543 5029.30290059
544 544 1883.23607876
545 545 9.72626606881e-05
546 546 7.95945204951e-05
547 547 3631.73060108
548 548 7.50551638267e-05
549 549 5338.94336242
550 550 6.89088721808e-05
551 551 8.89069936169e-05
552 552 3.51810885763e-05
553 553 3681.12964299
554 554 2576.84295501
555 555 4.51458286354e-05
556 556 9.41726598442e-05
557 557 7.28183467655e-05
558 558 5.84951723199e-05
559 559 5459.00958814
560 560 7.6951333281e-05
561 561 3.70453625697e-05
562 562 6.20674460943e-05
563 563 3589.10552827
564 564 2.58365467039e-05
565 565 3.50271407238e-05
566 566 8.50220432623e-05
567 567 3.4417067377e-05
568 568 6.26205557703e-05
569 569 3444.13365985
570 570 3704.96777337
571 571 1832.62655724
572 572 8.69440082652e-06
573 573 3.59864658326e-05
574 574 9.60758202917e-05
575 575 7.13257496421e-05
576 576 7.96025291078e-05
577 577 1577.12957347
578 578 7.11441450211e-05
579 579 5.24016287337e-05
580 580 3.08661001178e-05
581 581 1874.3202577
582 582 5.92387962456e-05
583 583 8.84946940324e-05
584 584 5.85519175157e-06
585 585 4.20031666804e-05
586 586 3.33509694326e-05
587 587 3.80142916279e-05
588 588 7.7882078101e-05
589 589 7.70446629325e-05
590 590 1061.79138819
591 591 2363.59061507
592 592 9.57913963392e-05
593 593 5.03089547134e-05
594 594 1.25840798493e-05
595 595 9.79536823909e-05
596 596 6.52693475719e-06
597 597 9.79487215649e-05
598 598 3.11383911291e-05
599 599 4.87943928854e-05
600 600 5.36299665475e-05
601 601 3872.31913369
602 602 1.16044373622e-05
603 603 7.4568101838e-06
604 604 7.97813818141e-05
605 605 5.54444205369e-05
606 606 502.972784766
607 607 5.67560967137e-05
608 608 4.59202416494e-05
609 609 7.21669588629e-05
610 610 7.27861754405e-05
611 611 5.77645410084e-05
612 612 3.43136416383e-05
613 613 4.13311638918e-06
614 614 3957.79200079
615 615 5262.22033295
616 616 5.84634020684e-05
617 617 7.20452918157e-05
618 618 1126.79251389
619 619 7.4576464829e-05
620 620 4046.23675095
621 621 178.268149454
622 622 5.66751511109e-05
623 623 6.84446931453e-05
624 624 3.14148769747e-05
625 625 4832.63459462
626 626 5.69070318825e-05
627 627 3752.6851562
628 628 4501.94412896
629 629 2790.57670198
630 630 3.64629420125e-05
631 631 7.4703546439e-05
632 632 3935.69216789
633 633 4.4838527549e-05
634 634 5133.0667928
635 635 6.83609633043e-05
636 636 9.88190774267e-06
637 637 6.85078462352e-05
638 638 5144.71643292
639 639 2.16159568661e-05
640 640 1.66813778161e-05
641 641 5552.75528739
642 642 5474.21438345
643 643 8.12508989638e-05
644 644 1.61839356951e-05
645 645 1.43019894202e-05
646 646 3.35919883655e-05
647 647 2.28648498365e-05
648 648 1.74610874116e-05
649 649 2981.76887871
650 650 3574.3008026
651 651 9.35889176919e-05
652 652 7.48700814275e-05
653 653 9.66725965672e-05
654 654 6.7928939797e-06
655 655 6.88473365185e-05
656 656 4.15421942046e-05
657 657 2.5342206205e-05
658 658 2.92077763741e-05
659 659 1774.76825548
660 660 8.63383772621e-05
661 661 8.56269745029e-05
662 662 3.97657887563e-05
663 663 5.61681112343e-05
664 664 1.47611247285e-05
665 665 4.59751420662e-05
666 666 4.21701184638e-05
667 667 4112.94403826
668 668 9.54295695892e-05
669 669 4703.13292106
670 670 2.1659058954e-05
671 671 2.11369801665e-06
672 672 436.36549438
673 673 4.2999314632e-05
674 674 3.90392539555e-05
675 675 1.07503603685e-05
676 676 5.55290751419e-05
677 677 9.17739250067e-05
678 678 1.67348987833e-05
679 679 1350.68460957
680 680 6.35152117976e-05
681 681 4.01307115747e-05
682 682 1.56170647759e-05
683 683 6.89967810037e-05
684 684 5.12191407684e-05
685 685 6.23105982185e-05
686 686 5.61358396131e-05
687 687 2.55893216094e-05
688 688 8.62199836136e-05
689 689 1.66278066098e-05
690 690 7.04308620572e-05
691 691 1.85739309717e-06
692 692 9.31034416036e-05
693 693 7.16024814697e-05
694 694 4.47038405641e-05
695 695 7.77615677888e-05
696 696 1.32188358581e-05
697 697 1.14173569729e-05
698 698 6.17990062672e-05
699 699 9.98931337716e-05
700 700 2.53461931265e-05
701 701 1964.85601344
702 702 7.06398845658e-05
703 703 1.87649744556e-05
704 704 4087.97595657
705 705 568.859130165
706 706 4.7732827767e-05
707 707 4.86854164361e-05
708 708 2.35767541526e-05
709 709 799.732633997
710 710 3.12050530106e-05
711 711 1351.92714695
712 712 5.25428930235e-05
713 713 9.55731057253e-05
714 714 6.43854922609e-05
715 715 3.13175709456e-05
716 716 7.09901054758e-05
717 717 7.41394759565e-05
718 718 2.68120252592e-05
719 719 1.69038625221e-05
720 720 8.12083632042e-05
721 721 5579.20414128
722 722 6.46324737448e-05
723 723 2.32145706808e-05
724 724 7.8453148235e-05
725 725 5604.93352022
726 726 5.36166261504e-05
727 727 3.02474377481e-05
728 728 3.70785556138e-06
729 729 3.64973875833e-05
730 730 1.68160342659e-05
731 731 4293.12773158
732 732 4.25510055311e-05
733 733 6.60427743855e-05
734 734 4.87909227714e-05
735 735 9.41174501806e-05
736 736 7.63878854593e-05
737 737 7.86926819755e-06
738 738 5308.25736341
739 739 4655.07121618
740 740 9.28115072885e-05
741 741 6.09279928659e-05
742 742 7.11181592025e-05
743 743 5.15965333137e-05
744 744 3.49420009961e-05
745 745 9.94187313835e-05
746 746 3.80663146252e-05
747 747 1613.34306723
748 748 5498.78284617
749 749 3.24155903246e-05
750 750 9.05450535111e-05
751 751 1424.44250909
752 752 9.63037596938e-05
753 753 9.07259714122e-05
754 754 1.51457715297e-05
755 755 1312.5518483
756 756 2823.62516953
757 757 1.64620095647e-05
758 758 6.16431962846e-05
759 759 5520.51559195
760 760 2.33758259375e-05
761 761 2.47881552934e-05
762 762 1.77878809328e-05
763 763 7.15964428308e-05
764 764 9.63718887621e-05
765 765 5.07187564059e-05
766 766 6.39731449578e-05
767 767 5.74548590223e-05
768 768 2.03834212024e-06
769 769 7.3071596645e-05
770 770 7.44126712923e-05
771 771 8.99860273228e-05
772 772 7.25453360861e-05
773 773 8.90007807832e-05
774 774 6.55290242509e-05
775 775 1.02134316139e-05
776 776 3.40123087625e-05
777 777 3525.19976215
778 778 1.5952618274e-05
779 779 1306.34997429
780 780 6.53646112772e-05
781 781 1953.25758333
782 782 4.93679395092e-05
783 783 5.14862283205e-05
784 784 1.34509204795e-05
785 785 5.41247842747e-05
786 786 1139.53751514
787 787 5273.43756011
788 788 6.45704758973e-05
789 789 1.55693244121e-05
790 790 2252.42744466
791 791 4622.201031
792 792 7.56004501738e-05
793 793 3060.55441419
794 794 5.71418525126e-05
795 795 4.03445638325e-05
796 796 8.77393494218e-05
797 797 2.58240373501e-05
798 798 3.58575665806e-05
799 799 1.43557557375e-05
800 800 967.203854577
801 801 3.50063516031e-05
802 802 121.452486763
803 803 6.40745247261e-05
804 804 8.41039614994e-05
805 805 3747.99837185
806 806 1.03727948378e-05
807 807 5603.16857356
808 808 2.23716706317e-05
809 809 1837.80096538
810 810 2.69564074965e-05
811 811 2.24449900781e-05
812 812 6.88535464969e-06
813 813 1.82086042986e-05
814 814 74.5239626243
815 815 2756.43976032
816 816 4.44939235038e-06
817 817 3720.343432
818 818 1.80153331576e-05
819 819 8.61557371846e-05
820 820 9.50625007242e-05
821 821 9.9204557884e-05
822 822 1267.26163984
823 823 7.43365878421e-05
824 824 384.350079064
825 825 5383.7147743
826 826 4.73573635731e-05
827 827 2774.14303177
828 828 3722.91151884
829 829 5.64877533487e-05
830 830 4.22105222044e-05
831 831 1.34896200893e-05
832 832 2.85541034524e-05
833 833 2799.22525309
834 834 9.00270848255e-05
835 835 9.72989972673e-05
836 836 160.854782926
837 837 4.26810858954e-05
838 838 3.97784384556e-05
839 839 4.36638687714e-05
840 840 3.12826324671e-05
841 841 9.68953568056e-05
842 842 5.53841109069e-05
843 843 2.5150341015e-05
844 844 6.46861724264e-05
845 845 3.17772720078e-05
846 846 7.98499142506e-05
847 847 4.50132401802e-05
848 848 922.069750464
849 849 3.69605220632e-05
850 850 9.27396268144e-05
851 851 8.80368874678e-05
852 852 3068.19655272
853 853 6.88988142754e-05
854 854 1.62752364705e-05
855 855 3.97156489998e-05
856 856 4.73367959063e-06
857 857 8.96639537069e-05
858 858 3.26613625592e-05
859 859 2622.08738633
860 860 9.85126668155e-07
861 861 4825.34045241
862 862 6.78116129531e-05
863 863 306.854372848
864 864 4229.40350205
865 865 8.64357953182e-05
866 866 3689.88561804
867 867 8.67693512997e-06
868 868 8.31363259414e-05
869 869 3.58971930199e-05
870 870 4.49640614029e-05
871 871 1.72199437309e-05
872 872 3.07425342025e-05
873 873 3.04615818575e-06
874 874 4.92157493874e-05
875 875 2292.28617909
876 876 6.3550956187e-05
877 877 8.57116623806e-05
878 878 6.16933250401e-05
879 879 6.11314238592e-05
880 880 5.44727214027e-05
881 881 9.37554203371e-05
882 882 7.03153911021e-05
883 883 7.2163432e-05
884 884 8.6772172917e-05
885 885 3.24154479807e-05
886 886 9.5898174071e-05
887 887 3.40277553149e-05
888 888 1056.70065414
889 889 5.40592046151e-05
890 890 9.11929155546e-05
891 891 4.42853345262e-05
892 892 8.14641359456e-05
893 893 6.51633744406e-05
894 894 5.35930446349e-05
895 895 4.50933363917e-05
896 896 8.08031776962e-05
897 897 8.9299706357e-05
898 898 1.38044493982e-05
899 899 1457.99800561
900 900 2.10026033126e-06
901 901 6.98851369706e-05
902 902 1709.77043862
903 903 873.290580192
904 904 1.25681707207e-05
905 905 7.03899143484e-05
906 906 6.87017304368e-05
907 907 4.65428654363e-05
908 908 420.165772165
909 909 2762.45233718
910 910 1.87546051921e-05
911 911 6.29425424239e-05
912 912 7.92975987041e-05
913 913 1.67652681219e-05
914 914 2317.95414556
915 915 2032.73687441
916 916 2.68418001109e-05
917 917 4.29685621934e-05
918 918 4492.06301164
919 919 9.05056606566e-05
920 920 5.30206423779e-05
921 921 5.36893348458e-05
922 922 2.43342749455e-05
923 923 9.70088496221e-05
924 924 4.8812544132e-05
925 925 7.83541121727e-05
926 926 5.59223470213e-05
927 927 2.05995875613e-05
928 928 3.30494968757e-05
929 929 9.35885347842e-05
930 930 935.517277473
931 931 3.09898258289e-05
932 932 138.957178247
933 933 8.36183507346e-05
934 934 2.83024425408e-05
935 935 7.19725327648e-05
936 936 2.06638681069e-05
937 937 4936.22680991
938 938 6.40212944134e-05
939 939 2.02918246087e-05
940 940 9.81888487974e-05
941 941 4.15331907918e-05
942 942 2.82463514048e-05
943 943 747.867020311
944 944 2877.39003025
945 945 1.84148649466e-05
946 946 7.37998791418e-05
947 947 3.51420499664e-05
948 948 3.56349340229e-05
949 949 1.23150651662e-05
950 950 4.05506950294e-05
951 951 7.3240879149e-07
952 952 5.8570317838e-05
953 953 8.57235019121e-05
954 954 4.71719736875e-05
955 955 1.40754122221e-05
956 956 6.06072475554e-05
957 957 1.33614749285e-05
958 958 5597.8040425
959 959 7.89865582758e-05
960 960 2.7588347608e-05
961 961 9.27122732272e-05
962 962 6.9678788976e-06
963 963 9.27532315821e-05
964 964 7.57194878071e-05
965 965 2.32888776427e-05
966 966 9.37276137962e-06
967 967 5.97707036971e-05
968 968 5.71755596978e-05
969 969 9.00909451696e-05
970 970 3.88911260786e-05
971 971 8.11238468516e-05
972 972 2.14233793853e-06
973 973 164.151570906
974 974 5.46753313323e-05
975 975 1132.62277471
976 976 3.77815979707e-05
977 977 2195.4988662
978 978 2.48536456339e-05
979 979 8.12469369115e-05
980 980 6.58707752724e-05
981 981 4972.70479405
982 982 3950.96697167
983 983 5.30821495599e-06
984 984 4.52860396884e-05
985 985 7.78849260975e-05
986 986 4.4185020285e-05
987 987 7.24041379321e-05
988 988 4903.5755632
989 989 8.11333873286e-05
990 990 1981.43477118
991 991 3172.12573079
992 992 9.76566277479e-05
993 993 1.83481787037e-05
994 994 29.720060292
995 995 1291.06614836
996 996 6.61197824553e-05
997 997 2.07331390888e-05
998 998 3.51837408644e-05
999 999 8.58438059715e-05
1000 1000 5392.74209182
1001 1001 5.07236203101e-05
1002 1002 1.595525194e-05
1003 1003 6.06293710958e-05
1004 1004 2.14774414984e-05
1005 1005 8.78089246159e-05
1006 1006 4.32258045132e-05
1007 1007 1682.92755287
1008 1008 3.08521522473e-05
1009 1009 7.22062211413e-05
1010 1010 3.57999506788e-05
1011 1011 7.46615426648e-05
1012 1012 5.31911187941e-05
1013 1013 4655.07230226
1014 1014 9.19910121209e-05
1015 1015 3.14571031637e-05
1016 1016 2882.16475101
1017 1017 1.16759867836e-05
1018 1018 8.97853165086e-05
1019 1019 3.10391018126e-05
1020 1020 9.52481559803e-05
1021 1021 2897.38330832
1022 1022 9.30882084936e-05
1023 1023 64.3795161024
1024 1024 6.22382333888e-05
1025 1025 2712.36063465
1026 1026 2928.58205278
1027 1027 7.43459598772e-06
1028 1028 1.07133488282e-05
1029 1029 7.45424898256e-05
1030 1030 1.65375870989e-05
1031 1031 6.92518421785e-05
1032 1032 8.47908399281e-05
1033 1033 1.93783317632e-05
1034 1034 4.85521541759e-05
1035 1035 4.30132558168e-05
1036 1036 2900.91594808
1037 1037 8.98265185328e-05
1038 1038 2.580609562e-05
1039 1039 5.81983902987e-05
1040 1040 678.185832716
1041 1041 3.25955930198e-05
1042 1042 2954.45901877
1043 1043 3742.0273097
1044 1044 4.38061384864e-05
1045 1045 5.31623273424e-05
1046 1046 4.70033689361e-05
1047 1047 1.60790122008e-05
1048 1048 467.286046596
1049 1049 1335.74727844
1050 1050 7.60893582176e-05
1051 1051 7.42656008506e-05
1052 1052 4255.56434048
1053 1053 6.76942427166e-05
1054 1054 2.10317636638e-05
1055 1055 4.0337579848e-05
1056 1056 3.55849374518e-05
1057 1057 5.82235931038e-05
1058 1058 3.33139956453e-05
1059 1059 3.97091050018e-05
1060 1060 5.55429776759e-05
1061 1061 2.75577026137e-05
1062 1062 4201.60455317
1063 1063 3.83382060649e-05
1064 1064 1494.92319396
1065 1065 7.52630397679e-06
1066 1066 5.05263127957e-06
1067 1067 3891.55897895
1068 1068 7.39276605647e-05
1069 1069 1.71375062e-05
1070 1070 8.07447304429e-05
1071 1071 9.94619066522e-05
1072 1072 5.23972318786e-05
1073 1073 3330.34726312
1074 1074 1989.54370262
1075 1075 5.32855437358e-05
1076 1076 5.98368068668e-06
1077 1077 8.75341247658e-05
1078 1078 5.75787366449e-07
1079 1079 3.08587809407e-06
1080 1080 1.29877028709e-05
1081 1081 6.72378628038e-06
1082 1082 2593.95041821
1083 1083 3007.74815862
1084 1084 5.28993451552e-05
1085 1085 8.20999552216e-05
1086 1086 1.07439502883e-05
1087 1087 6.40748395921e-05
1088 1088 9.20960971419e-05
1089 1089 6.13470411101e-05
1090 1090 7.17687237897e-05
1091 1091 9.57932462419e-06
1092 1092 8.54960667163e-07
1093 1093 2.64023705453e-05
1094 1094 5.46193616165e-05
1095 1095 5.94561968427e-05
1096 1096 798.755938422
1097 1097 6.32891985136e-05
1098 1098 5212.95363503
1099 1099 3.25004647528e-05
1100 1100 7.51675190252e-05
1101 1101 581.265672445
1102 1102 1.07060299858e-05
1103 1103 6.48840848376e-05
1104 1104 8.28599835169e-05
1105 1105 1.81522100056e-05
1106 1106 9.93691617073e-05
1107 1107 2.74213244782e-05
1108 1108 8.05721026177e-05
1109 1109 1400.61143963
1110 1110 1.14800934634e-06
1111 1111 8.66312326084e-05
1112 1112 780.018344112
1113 1113 2911.09379925
1114 1114 1.86412913387e-05
1115 1115 1786.37841707
1116 1116 5.6377607069e-05
1117 1117 7.55755354648e-05
1118 1118 1.08114513658e-05
1119 1119 8.12320805281e-05
1120 1120 6.427313417e-05
1121 1121 5.47753551612e-05
1122 1122 2.30797908704e-05
1123 1123 24.8483154179
1124 1124 8.36556913781e-05
1125 1125 2.80383556177e-05
1126 1126 3.33900160744e-05
1127 1127 7.15866401242e-05
1128 1128 786.302067044
1129 1129 4.09358842521e-05
1130 1130 4.63971274991e-05
1131 1131 6.64350626296e-05
1132 1132 4.07318869901e-05
1133 1133 1.62034157916e-05
1134 1134 9.31629551014e-05
1135 1135 6.85061417736e-05
1136 1136 1756.63486476
1137 1137 7.86871707517e-05
1138 1138 1.25566713125e-05
1139 1139 1895.6851001
1140 1140 3339.66982393
1141 1141 5.39662659878e-05
1142 1142 5.44908534941e-05
1143 1143 1.80392645151e-05
1144 1144 7.31909928648e-05
1145 1145 1141.84673914
1146 1146 5.8147004601e-05
1147 1147 3744.50196784
1148 1148 2.06277063693e-05
1149 1149 9.51055131407e-05
1150 1150 1199.24744497
1151 1151 1921.26419355
1152 1152 4.68123902985e-05
1153 1153 2.34743704623e-05
1154 1154 1.57963208827e-05
1155 1155 6.22773706578e-05
1156 1156 752.527547859
1157 1157 8.78604255938e-05
1158 1158 1.29071897669e-05
1159 1159 2967.86672211
1160 1160 7.14768143789e-05
1161 1161 3035.99433443
1162 1162 6.41202098035e-05
1163 1163 4569.29843159
1164 1164 678.783541211
1165 1165 7.55725531958e-05
1166 1166 5.02121079133e-05
1167 1167 1.94701686065e-05
1168 1168 2.81692077175e-05
1169 1169 4.99303881317e-05
1170 1170 9.97284931293e-05
1171 1171 1.39690457584e-05
1172 1172 4.59361577441e-05
1173 1173 4655.44436001
1174 1174 7.65323049378e-05
1175 1175 3335.83429216
1176 1176 7.91729150145e-05
1177 1177 1.95388890387e-05
1178 1178 3.27032572001e-05
1179 1179 2.91745377329e-05
1180 1180 4.87415274739e-05
1181 1181 6.71876790971e-05
1182 1182 7.7830439132e-05
1183 1183 4.08106065977e-05
1184 1184 7.78077670387e-05
1185 1185 9.64483916879e-05
1186 1186 5.27034298651e-05
1187 1187 3.74207693461e-05
1188 1188 5197.19224493
1189 1189 2.53959681163e-05
1190 1190 2.00473404819e-05
1191 1191 4478.2059843
1192 1192 5.46013854552e-05
1193 1193 9.15099323998e-05
1194 1194 2.2100501911e-05
1195 1195 4778.47788595
1196 1196 1197.53717992
1197 1197 4325.69336456
1198 1198 4819.63301308
1199 1199 5378.72562029
1200 1200 3.39167731315e-05
1201 1201 4.7229046119e-05
1202 1202 4.83499400541e-05
1203 1203 6.78679631928e-05
1204 1204 3.91486294451e-06
1205 1205 3.83260404852e-05
1206 1206 4.89628280337e-05
1207 1207 3.94681664864e-05
1208 1208 4.75218066567e-05
1209 1209 1.01110005668e-05
1210 1210 8.4777972058e-05
1211 1211 2.94772751063e-05
1212 1212 4.04337817254e-05
1213 1213 1.5864348907e-05
1214 1214 1017.33795181
1215 1215 4.65612073559e-05
1216 1216 2.66628717279e-05
1217 1217 3.65670837111e-05
1218 1218 5.91956998928e-05
1219 1219 5.9959147043e-05
1220 1220 9.18504332934e-05
1221 1221 7.89581703867e-05
1222 1222 8.03644708798e-05
1223 1223 6.38421762714e-05
1224 1224 1.87463820606e-05
1225 1225 8.32170657455e-05
1226 1226 9.91976974014e-05
1227 1227 3.87216047139e-05
1228 1228 5.30386207066e-05
1229 1229 4526.83296353
1230 1230 4.9423410162e-05
1231 1231 3630.77914683
1232 1232 6.07647068122e-05
1233 1233 6.26655564284e-05
1234 1234 1.17548914133e-05
1235 1235 2.80756529589e-05
1236 1236 6.62841824631e-05
1237 1237 7.10583793737e-05
1238 1238 6.7641688172e-05
1239 1239 3607.22691389
1240 1240 3.96805161715e-05
1241 1241 1.86371434251e-05
1242 1242 5.9180323435e-05
1243 1243 8.74744676792e-05
1244 1244 8.14542306289e-06
1245 1245 1040.5734186
1246 1246 1.82737843472e-05
1247 1247 9.52625621189e-05
1248 1248 1.86764482639e-06
1249 1249 9.80413156204e-05
1250 1250 3.56360322119e-05
1251 1251 9.11242946291e-05
1252 1252 3.80431063456e-05
1253 1253 1445.12428951
1254 1254 2.19411132487e-05
1255 1255 5.18227269895e-05
1256 1256 6.84453362216e-05
1257 1257 8.68300492669e-05
1258 1258 8.98560824096e-05
1259 1259 5.30044526016e-05
1260 1260 4.88201868429e-05
1261 1261 103.749660802
1262 1262 1.39184214318e-05
1263 1263 4.0776096341e-05
1264 1264 8.04733637196e-05
1265 1265 4213.87783865
1266 1266 402.841401752
1267 1267 3.40167255557e-05
1268 1268 6.50522408259e-05
1269 1269 324.249536964
1270 1270 6.10356323106e-05
1271 1271 3.69389926997e-05
1272 1272 7.59255634857e-06
1273 1273 7.4146876962e-05
1274 1274 7.79130528522e-05
1275 1275 1.08119482129e-07
1276 1276 4.24801260576e-05
1277 1277 2060.25455397
1278 1278 4888.71313253
1279 1279 7.61966449789e-05
1280 1280 9.87998119243e-06
1281 1281 4.68493442076e-05
1282 1282 5423.47313312
1283 1283 9.30323503807e-05
1284 1284 3.24874672121e-05
1285 1285 2.81042322411e-05
1286 1286 1.94331387663e-05
1287 1287 6.29459034638e-05
1288 1288 27.3590686782
1289 1289 2.84682886001e-05
1290 1290 3.51305875845e-05
1291 1291 5.0880708007e-05
1292 1292 2694.25601635
1293 1293 5.62111007691e-05
1294 1294 8.07833870493e-05
1295 1295 7.7664537811e-05
1296 1296 5.30326867811e-05
1297 1297 6.66241460523e-05
1298 1298 8.07622618822e-05
1299 1299 9.9827773319e-05
1300 1300 540.094181412
1301 1301 4.52436839806e-05
1302 1302 2.86410944901e-06
1303 1303 7.95974001684e-05
1304 1304 7.51223564721e-05
1305 1305 9.52837543668e-05
1306 1306 2.90140455948e-05
1307 1307 9.76355227406e-05
1308 1308 540.408858604
1309 1309 1.2644578802e-05
1310 1310 380.781993124
1311 1311 9.93714723132e-05
1312 1312 4.19005963996e-05
1313 1313 9.52689840476e-05
1314 1314 1894.22790258
1315 1315 3.37600017172e-05
1316 1316 1.22063405112e-05
1317 1317 7.85457448441e-05
1318 1318 8.24238403024e-05
1319 1319 1.3279960513e-05
1320 1320 1.07987773621e-05
1321 1321 303.549011297
1322 1322 8.58843664588e-05
1323 1323 3.26838295113e-05
1324 1324 9.46827267517e-05
1325 1325 7.18786545413e-05
1326 1326 3551.06474381
1327 1327 1.1321654228e-05
1328 1328 6.90340144155e-06
1329 1329 43.6166881938
1330 1330 3.46296360999e-05
1331 1331 6.14794398724e-05
1332 1332 1.50635137727e-05
1333 1333 8.08886250748e-05
1334 1334 4990.53794569
1335 1335 4.34700914508e-05
1336 1336 8.72858138496e-05
1337 1337 8.97749604946e-06
1338 1338 7.62433053328e-05
1339 1339 9.53553368789e-05
1340 1340 1.09061253282e-05
1341 1341 4719.13040176
1342 1342 4.28419899788e-05
1343 1343 2108.56750774
1344 1344 8.03587382487e-05
1345 1345 1.16106915153e-05
1346 1346 3358.57041671
1347 1347 5.88571314297e-05
1348 1348 8.03834767551e-05
1349 1349 4.54140453987e-05
1350 1350 7.12494904565e-07
1351 1351 4.2852610374e-05
1352 1352 7.33327573772e-05
1353 1353 7.6945826741e-05
1354 1354 1.66725164961e-05
1355 1355 1084.4003242
1356 1356 3.67834060214e-05
1357 1357 7.20981487422e-05
1358 1358 1647.67815014
1359 1359 1.2143701594e-05
1360 1360 4230.55382152
1361 1361 9.82810094721e-05
1362 1362 3.36608447234e-05
1363 1363 8.83605936208e-05
1364 1364 2415.1643181
1365 1365 1.64880022907e-05
1366 1366 5.09907337441e-05
1367 1367 2498.95198894
1368 1368 4287.40284991
1369 1369 3481.64935482
1370 1370 9.68417439676e-05
1371 1371 278.033916257
1372 1372 9.49831920365e-05
1373 1373 2.59416169301e-05
1374 1374 2487.20457432
1375 1375 4.92047255565e-05
1376 1376 7.70653132725e-05
1377 1377 6.35204220782e-05
1378 1378 7.77644204087e-05
1379 1379 4907.65680287
1380 1380 1589.30496523
1381 1381 4.16719353714e-05
1382 1382 4.66820512875e-05
1383 1383 5444.92589619
1384 1384 1.09223912466e-05
1385 1385 4.00148587712e-05
1386 1386 7.03535829667e-05
1387 1387 6.92246180432e-05
1388 1388 2691.63659704
1389 1389 2966.88199862
1390 1390 1.34206382011e-05
1391 1391 6.90802421412e-05
1392 1392 4.40676100651e-05
1393 1393 7.78650276751e-05
1394 1394 5.31846308436e-05
1395 1395 6.30530115916e-05
1396 1396 3048.81504984
1397 1397 6.17274432527e-05
1398 1398 7.73819086338e-05
1399 1399 2389.06178168
1400 1400 4.86775496762e-05
1401 1401 74.1112519854
1402 1402 1475.86361776
1403 1403 2392.14179197
1404 1404 2.17487536761e-05
1405 1405 8.54614638168e-05
1406 1406 1.25099100697e-05
1407 1407 7.21374100186e-05
1408 1408 4.93432258318e-06
1409 1409 4.7824179754e-05
1410 1410 2097.10722511
1411 1411 4.98930289808e-05
1412 1412 5.87873862695e-05
1413 1413 2.38789349158e-05
1414 1414 213.985032872
1415 1415 1.74579045327e-05
1416 1416 3.13360642275e-05
1417 1417 3.98262771018e-05
1418 1418 9.78784210225e-05
1419 1419 7.98837052403e-05
1420 1420 8.84464903767e-05
1421 1421 5.01915613842e-05
1422 1422 3257.48596048
1423 1423 6.68978400741e-05
1424 1424 3.78188576293e-05
1425 1425 4479.87378981
1426 1426 1.46248513275e-06
1427 1427 1231.47368782
1428 1428 9.45802040484e-05
1429 1429 1.25597648243e-05
1430 1430 1171.36824221
1431 1431 3.79730510936e-05
1432 1432 3535.6900356
1433 1433 5.20925015006e-05
1434 1434 4.16203595634e-05
1435 1435 9.24034878225e-05
1436 1436 7.2428285642e-05
1437 1437 7.4776459281e-05
1438 1438 1502.70560019
1439 1439 8.46514143959e-06
1440 1440 1.20330203183e-05
1441 1441 8.33564704617e-05
1442 1442 1.32986994287e-05
1443 1443 1673.98780259
1444 1444 7.54422319792e-05
1445 1445 5.55394240402e-05
1446 1446 3363.35727418
1447 1447 1.06792528552e-06
1448 1448 2.72772894324e-05
1449 1449 4.69279869408e-05
1450 1450 8.25714548062e-05
1451 1451 1.21888680829e-05
1452 1452 5.5035279727e-05
1453 1453 2458.01651688
1454 1454 1271.97524604
1455 1455 5.54223591723e-05
1456 1456 3700.16155496
1457 1457 5.95497320562e-05
1458 1458 4494.76615619
1459 1459 3.52867972253e-05
1460 1460 7.69023322379e-05
1461 1461 5.82195786183e-05
1462 1462 621.5770113
1463 1463 2943.85139866
1464 1464 6.65706068284e-05
1465 1465 8.28196526768e-05
1466 1466 2.76153693107e-05
1467 1467 3216.03002302
1468 1468 904.080203801
1469 1469 4.69314353856e-05
1470 1470 4.79068872017e-05
1471 1471 8.83642923073e-05
1472 1472 7.11368117976e-05
1473 1473 2.34394108467e-05
1474 1474 5155.21349833
1475 1475 143.025182482
1476 1476 4.95659163233e-05
1477 1477 1.90411508124e-05
1478 1478 1533.48718324
1479 1479 5.13876815379e-05
1480 1480 6.14992820663e-05
1481 1481 3381.87897432
1482 1482 2.4810194311e-06
1483 1483 2.89410243979e-05
1484 1484 4606.42137837
1485 1485 8.59184516523e-05
1486 1486 5.55761350023e-05
1487 1487 5.04452055231e-05
1488 1488 876.03419423
1489 1489 150.076216841
1490 1490 6.10363458391e-05
1491 1491 3.53532859544e-05
1492 1492 7.21568116954e-06
1493 1493 3.16808091686e-05
1494 1494 2748.72838436
1495 1495 2.09178198017e-05
1496 1496 3569.01556784
1497 1497 2194.47071825
1498 1498 8.33598527241e-05
1499 1499 322.115183976
1500 1500 2.71833701164e-05
1501 1501 55.701865674
1502 1502 6.17981197197e-05
1503 1503 3123.69509185
1504 1504 3.01208722783e-06
1505 1505 4.22081173369e-05
1506 1506 8.05967965437e-05
1507 1507 7.02931318369e-05
1508 1508 4.01007555494e-05
1509 1509 660.574083296
1510 1510 9.77214251593e-05
1511 1511 8.46211723905e-06
1512 1512 7.8544419095e-05
1513 1513 1527.38991432
1514 1514 4.85284750682e-05
1515 1515 8.45415991105e-05
1516 1516 4320.25229999
1517 1517 2194.04213967
1518 1518 1.57379372214e-05
1519 1519 7.79138627439e-05
1520 1520 3.86591942197e-05
1521 1521 2.41009571062e-05
1522 1522 3.94650247831e-05
1523 1523 5.6505247524e-05
1524 1524 1187.58888723
1525 1525 3139.62792192
1526 1526 1.18064649977e-05
1527 1527 7.15685462204e-05
1528 1528 7.78856024199e-06
1529 1529 5.99117250023e-05
1530 1530 5.833833558e-05
1531 1531 3451.6348844
1532 1532 9.76614246875e-05
1533 1533 9.91472363705e-05
1534 1534 1.4483611301e-05
1535 1535 2.6296502889e-05
1536 1536 3062.35648044
1537 1537 2.54708920052e-06
1538 1538 1.64151525166e-05
1539 1539 3.06363267209e-05
1540 1540 9.97923985654e-05
1541 1541 9.56399857849e-05
1542 1542 4.65794575437e-05
1543 1543 2.9711569991e-05
1544 1544 5508.98813054
1545 1545 4.98221693269e-05
1546 1546 8.75134925405e-05
1547 1547 7.41559396605e-05
1548 1548 3.61965693158e-05
1549 1549 9.14364829792e-06
1550 1550 1.93678105187e-05
1551 1551 5.67928951618e-05
1552 1552 8.4165188828e-05
1553 1553 3.19092814595e-06
1554 1554 9.84701332948e-05
1555 1555 7.92632801347e-05
1556 1556 3.44300413536e-05
1557 1557 821.250606591
1558 1558 239.148631908
1559 1559 1069.44090801
1560 1560 3703.9204223
1561 1561 5.93142452362e-05
1562 1562 4719.32121012
1563 1563 7.09929828353e-05
1564 1564 2.2307022313e-05
1565 1565 7.04246084536e-05
1566 1566 1.70160663915e-06
1567 1567 2.48704381178e-05
1568 1568 2.63761322542e-05
1569 1569 5.87600546724e-06
1570 1570 6.24732127204e-05
1571 1571 4.98204130277e-05
1572 1572 8.54638547394e-06
1573 1573 5544.08219638
1574 1574 7.47187768295e-05
1575 1575 9.09963053885e-05
1576 1576 8.30208933674e-06
1577 1577 2320.98524927
1578 1578 9.2951582182e-05
1579 1579 8.84113589762e-05
1580 1580 8.45633759486e-05
1581 1581 6.15654124528e-05
1582 1582 4.2841091063e-05
1583 1583 2067.44676394
1584 1584 1.20743307797e-05
1585 1585 8.1076806193e-05
1586 1586 3.07565161669e-05
1587 1587 1.67491440802e-05
1588 1588 2450.53605247
1589 1589 2.48715910681e-05
1590 1590 4567.27319619
1591 1591 8.75624695815e-05
1592 1592 4.20425692366e-06
1593 1593 278.239705455
1594 1594 4054.53177169
1595 1595 4.0358736744e-05
1596 1596 8.0059018987e-05
1597 1597 5095.65466589
1598 1598 3.27695346064e-05
1599 1599 178.734478333
1600 1600 7.0085275746e-05
1601 1601 3.86315867884e-05
1602 1602 3.65552907938e-05
1603 1603 9.78017928778e-05
1604 1604 5.5966966235e-05
1605 1605 2.36967739954e-05
1606 1606 8.93280576739e-05
1607 1607 9.98637575669e-07
1608 1608 2.47527728767e-05
1609 1609 1058.16798083
1610 1610 4.57083806291e-05
1611 1611 654.353809163
1612 1612 5.37235338534e-05
1613 1613 1.19310999779e-06
1614 1614 9.35386349557e-05
1615 1615 9.45381859712e-05
1616 1616 5.74322725625e-05
1617 1617 8.68092248107e-05
1618 1618 5.16458136237e-05
1619 1619 555.690252125
1620 1620 2561.04537939
1621 1621 9.1804277365e-05
1622 1622 4.66534378757e-05
1623 1623 1.31533909041e-05
1624 1624 9.84330358149e-05
1625 1625 7.48870196115e-05
1626 1626 5.9480021115e-05
1627 1627 1.54583202492e-05
1628 1628 7.13835012502e-05
1629 1629 352.968833493
1630 1630 8.68642702855e-05
1631 1631 9.54464190275e-05
1632 1632 1572.20785283
1633 1633 9.41483569697e-06
1634 1634 2.44736771207e-05
1635 1635 3.00066204644e-05
1636 1636 3.16957577041e-06
1637 1637 8.73063901669e-05
1638 1638 8.25449751795e-05
1639 1639 5.40052822487e-05
1640 1640 559.606606445
1641 1641 243.644188012
1642 1642 9.04981594661e-05
1643 1643 2471.70174419
1644 1644 4.44436299026e-05
1645 1645 837.247420791
1646 1646 5254.08194811
1647 1647 8.02630046933e-05
1648 1648 6.41513651009e-05
1649 1649 1.05665039544e-05
1650 1650 6.76759315938e-05
1651 1651 6.5300392547e-05
1652 1652 4994.11248671
1653 1653 9.44952368127e-06
1654 1654 1.99576132339e-05
1655 1655 4.36221473528e-05
1656 1656 6.3965388896e-05
1657 1657 6.36558929614e-05
1658 1658 8.5298713839e-05
1659 1659 6.59690449301e-05
1660 1660 4.51554045956e-05
1661 1661 6.49253539158e-05
1662 1662 1525.37277736
1663 1663 9.29867025648e-05
1664 1664 2.27312411746e-05
1665 1665 1.24694087881e-06
1666 1666 7.17599025965e-05
1667 1667 9.14578986238e-05
1668 1668 1.99171615073e-05
1669 1669 9.51661549977e-06
1670 1670 615.883176387
1671 1671 3057.42179587
1672 1672 5367.85713486
1673 1673 4454.18349458
1674 1674 1440.30048736
1675 1675 324.690454815
1676 1676 4.93887986812e-05
1677 1677 6.78355416534e-06
1678 1678 5.73907525327e-05
1679 1679 9.29008637207e-07
1680 1680 2.74616920311e-05
1681 1681 9.09645963784e-05
1682 1682 6.05967044317e-05
1683 1683 9.06027832735e-05
1684 1684 3.99133351126e-05
1685 1685 4345.91062784
1686 1686 3105.15192669
1687 1687 3.89917554772e-05
1688 1688 1.9745456397e-05
1689 1689 992.905968902
1690 1690 3081.83138338
1691 1691 7.15727033372e-05
1692 1692 9.45193474451e-06
1693 1693 2.02812080011e-05
1694 1694 3.33488213379e-05
1695 1695 9.381424505e-05
1696 1696 3.73023996866e-05
1697 1697 8.70677812786e-06
1698 1698 6.11055845378e-05
1699 1699 8.6719353685e-05
1700 1700 8.93400596132e-05
1701 1701 5.39089436491e-05
1702 1702 6.12570371747e-05
1703 1703 7.80426658864e-06
1704 1704 3.22034455433e-05
1705 1705 4102.1918675
1706 1706 2.16302700587e-05
1707 1707 5.39423669304e-05
1708 1708 2.78606305611e-06
1709 1709 620.571033005
1710 1710 7.11518313237e-05
1711 1711 4823.87792432
1712 1712 5.65851553746e-05
1713 1713 7.35014682896e-05
1714 1714 1396.75982253
1715 1715 7.2013506276e-05
1716 1716 1.99767878111e-05
1717 1717 5.78212563136e-05
1718 1718 3.83658568562e-05
1719 1719 6.94544143571e-05
1720 1720 5.53160691962e-06
1721 1721 4.5350809122e-05
1722 1722 7.63579561534e-05
1723 1723 1944.56398713
1724 1724 2.18601143151e-05
1725 1725 8.2371582125e-05
1726 1726 4464.17766346
1727 1727 3.80738636001e-05
1728 1728 8.1004566153e-05
1729 1729 4687.39699304
1730 1730 3863.51872561
1731 1731 1959.77697698
1732 1732 9.10340670082e-05
1733 1733 5.5568484213e-05
1734 1734 4.58354412372e-05
1735 1735 533.127416655
1736 1736 8.91188264447e-05
1737 1737 4535.7290733
1738 1738 9.80943753832e-06
1739 1739 4.66911895714e-05
1740 1740 7.08811264948e-05
1741 1741 6.96583077284e-05
1742 1742 5139.45744232
1743 1743 6.05731305674e-05
1744 1744 5.69325560989e-05
1745 1745 6.46687173159e-05
1746 1746 7.77707266027e-05
1747 1747 5.86689890385e-05
1748 1748 2001.55768635
1749 1749 7.60276346648e-05
1750 1750 4.66817222514e-05
1751 1751 1.24123265731e-05
1752 1752 2797.10630424
1753 1753 3.14908036516e-05
1754 1754 5491.03065005
1755 1755 3.56773907391e-05
1756 1756 1166.07635578
1757 1757 9.88377043572e-05
1758 1758 638.875140712
1759 1759 356.963270304
1760 1760 7.98970882367e-05
1761 1761 2.25001964422e-05
1762 1762 9.03599955863e-05
1763 1763 5.98371603998e-05
1764 1764 1.4717380962e-05
1765 1765 7.6315822094e-05
1766 1766 8.76655943102e-06
1767 1767 4.01921816182e-05
1768 1768 3.9234858061e-05
1769 1769 8.57741632805e-06
1770 1770 5.8071733437e-05
1771 1771 3775.94388231
1772 1772 2700.49046627
1773 1773 4507.08275952
1774 1774 688.360098099
1775 1775 5056.72519232
1776 1776 4.46615426773e-05
1777 1777 4.859419928e-05
1778 1778 5118.96500863
1779 1779 9.24170190285e-05
1780 1780 8.13834898809e-05
1781 1781 8.50799915472e-05
1782 1782 5.33532310624e-06
1783 1783 6.65072198141e-05
1784 1784 3133.53508283
1785 1785 1070.67347004
1786 1786 6.86117993515e-05
1787 1787 9.98657975457e-06
1788 1788 6.68057033091e-05
1789 1789 5.3114153002e-05
1790 1790 6.56842311585e-05
1791 1791 2.22765917332e-05
1792 1792 1.05752692249e-05
1793 1793 1799.92497334
1794 1794 5.06652275854e-05
1795 1795 5.69453153257e-05
1796 1796 6.92011340679e-05
1797 1797 106.536060879
1798 1798 6.95381789605e-05
1799 1799 3329.89371871
1800 1800 8.26048459076e-05
1801 1801 1.00713310743e-05
1802 1802 1.19543315938e-05
1803 1803 3.22552163002e-05
1804 1804 3326.12123289
1805 1805 2.17980247443e-05
1806 1806 4163.44134195
1807 1807 4.33778004732e-05
1808 1808 8.58824569229e-05
1809 1809 6.20611416256e-05
1810 1810 1.4245189167e-05
1811 1811 3088.51136926
1812 1812 2.75520304754e-06
1813 1813 4165.38500189
1814 1814 1182.1728168
1815 1815 1.68009125943e-05
1816 1816 165.519442527
1817 1817 5.28651772271e-05
1818 1818 5.43814843305e-05
1819 1819 3392.26373018
1820 1820 9.71556687408e-05
1821 1821 1.99843979354e-05
1822 1822 9.35553153733e-05
1823 1823 3164.21152073
1824 1824 3.09709527601e-05
1825 1825 4.55033480123e-05
1826 1826 5184.27227094
1827 1827 6.28711802106e-05
1828 1828 5477.12660147
1829 1829 5.38663048627e-05
1830 1830 1.95085677324e-05
1831 1831 5.308268575e-05
1832 1832 6.41131378857e-05
1833 1833 6.58922734113e-05
1834 1834 8.05120285506e-05
1835 1835 2315.3848784
1836 1836 649.849592719
1837 1837 1.26129884737e-05
1838 1838 5468.2921888
1839 1839 4652.1821457
1840 1840 6.13471349607e-05
1841 1841 1645.41943031
1842 1842 2314.40672406
1843 1843 6.30974562175e-05
1844 1844 4.89431830965e-05
1845 1845 505.741317306
1846 1846 4818.76011568
1847 1847 2377.45856213
1848 1848 7.10812144317e-05
1849 1849 7.43007175607e-05
1850 1850 5.50039209354e-05
1851 1851 4.31647543705e-05
1852 1852 3.10352157787e-05
1853 1853 3.21803514226e-05
1854 1854 4.27513151344e-05
1855 1855 6.75135621686e-05
1856 1856 7.8731772934e-05
1857 1857 7.17491309126e-05
1858 1858 590.838813811
1859 1859 3.94665444156e-05
1860 1860 2945.89425054
1861 1861 6.54527989351e-05
1862 1862 6.93747805925e-05
1863 1863 3.79334344679e-05
1864 1864 6.44142753674e-05
1865 1865 6.08353859369e-05
1866 1866 1.87241249339e-05
1867 1867 5.21395277902e-06
1868 1868 3.76341256212e-05
1869 1869 3.95808754606e-05
1870 1870 2202.98582406
1871 1871 7.04715394693e-05
1872 1872 3.37257212656e-05
1873 1873 1.88634126183e-05
1874 1874 2.4412002891e-05
1875 1875 9.63401318362e-05
1876 1876 9.53893692318e-05
1877 1877 7.43750541777e-05
1878 1878 1.99719182717e-06
1879 1879 3838.71460812
1880 1880 7.41028454953e-05
1881 1881 5498.70879409
1882 1882 8.04333219018e-05
1883 1883 5.00091566862e-05
1884 1884 3.38533964261e-05
1885 1885 5246.17419814
1886 1886 2322.46468471
1887 1887 5.8906458749e-05
1888 1888 7.97037051047e-05
1889 1889 3.45393263277e-05
1890 1890 4950.58667596
1891 1891 6.19286023653e-05
1892 1892 9.2863923025e-06
1893 1893 2.05442714951e-05
1894 1894 7.49320622325e-05
1895 1895 9.39221831676e-05
1896 1896 2786.63131766
1897 1897 4.90406816732e-05
1898 1898 6.76980270786e-05
1899 1899 2.80731535778e-05
1900 1900 8.17510386074e-05
1901 1901 5.10859885401e-05
1902 1902 1.07505482248e-05
1903 1903 2422.09118351
1904 1904 2.35883251572e-05
1905 1905 3562.6439947
1906 1906 3636.29881998
1907 1907 4300.22636591
1908 1908 5.04939275955e-05
1909 1909 1511.24136353
1910 1910 281.195237043
1911 1911 3.8074154755e-05
1912 1912 959.504876445
1913 1913 1.48934566182e-05
1914 1914 5.03204617323e-05
1915 1915 5.64428002819e-05
1916 1916 5606.69776861
1917 1917 3558.56621766
1918 1918 9.30936142758e-05
1919 1919 9.18550663105e-05
1920 1920 2.57538082713e-05
1921 1921 9.31574675696e-05
1922 1922 5.07977436319e-05
1923 1923 7.44429553194e-05
1924 1924 3.61491223953e-05
1925 1925 4995.19178149
1926 1926 1.87163168147e-05
1927 1927 2.44952511566e-05
1928 1928 1406.80447736
1929 1929 6.67767457492e-05
1930 1930 4152.34496199
1931 1931 3.35581541103e-05
1932 1932 7.61353521414e-05
1933 1933 7.61419357572e-05
1934 1934 5416.31779614
1935 1935 6.93160065386e-05
1936 1936 146.521698249
1937 1937 201.002003018
1938 1938 5603.20737959
1939 1939 1.10037094462e-05
1940 1940 2927.23297322
1941 1941 4.37376451595e-05
1942 1942 6.59536307987e-06
1943 1943 2946.62739534
1944 1944 8.66768672173e-05
1945 1945 5.69731242118e-05
1946 1946 3023.15845634
1947 1947 9.66857869147e-05
1948 1948 5.92620398971e-05
1949 1949 7.13702248221e-05
1950 1950 1.30790666618e-05
1951 1951 4.00710245848e-05
1952 1952 3841.90074308
1953 1953 1947.182251
1954 1954 4.52035210406e-05
1955 1955 7.27299410837e-05
1956 1956 2.77167169595e-05
1957 1957 3.37920833678e-05
1958 1958 8.73171608076e-05
1959 1959 1.69014102131e-05
1960 1960 4.40025312413e-05
1961 1961 1.40234854339e-05
1962 1962 3.16509388729e-05
1963 1963 6.34354607486e-06
1964 1964 8.19143049305e-05
1965 1965 4047.89400026
1966 1966 3.8859561011e-05
1967 1967 4.96390516429e-06
1968 1968 4.75583916067e-05
1969 1969 3.36012598768e-05
1970 1970 3.96846703932e-05
1971 1971 4593.37267875
1972 1972 9.25929018634e-05
1973 1973 1.53446244527e-05
1974 1974 6.99066498593e-05
1975 1975 8.88750355527e-05
1976 1976 9.92247262745e-05
1977 1977 8.43020287543e-05
1978 1978 4.40357310268e-05
1979 1979 4.02262819204e-05
1980 1980 8.66197458611e-05
1981 1981 6.20905920249e-05
1982 1982 3.93231474971e-05
1983 1983 3.89997687471e-05
1984 1984 8.41662045381e-05
1985 1985 8.56943982444e-06
1986 1986 6.75739766189e-05
1987 1987 1046.60972959
1988 1988 7.05513563712e-05
1989 1989 2.33299701361e-05
1990 1990 3863.42500239
1991 1991 5.88291923132e-06
1992 1992 3436.48329987
1993 1993 6.68922168047e-05
1994 1994 1213.56007821
1995 1995 3569.08507851
1996 1996 8.31324318423e-05
1997 1997 2257.94210412
1998 1998 4919.64206065
1999 1999 6.42509046949e-05
2000 2000 1.68823062885e-06
