1 1 6.03403224657e-05
2 2 8.87741875224e-05
3 3 3.76934674349e-05
4 4 6.23957801997e-05
5 5 1.66026824017e-05
6 6 5.01365452715e-05
7 7 694.610496472
8 8 6.65054510471e-05
9 9 9.42067593824e-05
10 10 3589.52973463
11 11 3813.22269107
12 12 3.74135448288e-05
13 13 5.85729007328e-05
14 14 3399.94152243
15 15 3234.05088187
16 16 8.11718888853e-05
17 17 7.25396063338e-05
18 18 4.4480603451e-05
19 19 1367.79521762
20 20 9.82924702547e-05
21 21 6.37731266458e-05
22 22 8.20972792191e-05
23 23 2954.49081026
24 24 7.20360936705e-05
25 25 9.02223197092e-05
26 26 2.09552839637e-05
27 27 3.179385395e-05
28 28 6.06070790554e-05
29 29 4.9540414181e-05
30 30 7.44929091165e-05
31 31 9.32162991091e-05
32 32 6.10095296086e-06
33 33 2.20649153351e-05
34 34 7.41109440052e-05
35 35 3.27081458219e-05
36 36 4.91658870159e-05
37 37 2524.66328573
38 38 3123.47101141
39 39 1573.75074147
40 40 4.86526871637e-05
41 41 3.69442614747e-05
42 42 1369.96049096
43 43 7.98546826209e-05
44 44 1146.40340617
45 45 189.996254123
46 46 336.426160422
47 47 9.01456807291e-05
48 48 3.18839556236e-06
49 49 6.80039407009e-05
50 50 8.15362878544e-05
51 51 5.36647257323e-05
52 52 3126.8649405
53 53 26.5087176441
54 54 1687.50704121
55 55 2.26962763552e-05
56 56 9.26843709842e-05
57 57 3.77821644975e-05
58 58 3110.40092293
59 59 7.76188879295e-05
60 60 7.77574264837e-05
61 61 4.71238005024e-05
62 62 9.63946366228e-05
63 63 5.11327205403e-05
64 64 2492.15011768
65 65 2590.08364088
66 66 2.65281129405e-05
67 67 4.13692600537e-05
68 68 5327.14046997
69 69 2.18721439763e-05
70 70 7.91427714986e-05
71 71 3.0341494203e-05
72 72 5.05551374608e-05
73 73 9.83553637703e-05
74 74 8.03318513273e-06
75 75 8.06475525227e-06
76 76 203.946419732
77 77 7.76556910895e-05
78 78 3.08084585305e-05
79 79 5.69632567748e-05
80 80 5.29378654345e-05
81 81 2152.74940301
82 82 4.7125944865e-05
83 83 4.52804812671e-05
84 84 1.82967151229e-08
85 85 3.40529420414e-05
86 86 9.15096791222e-06
87 87 720.08542272
88 88 8.49916003787e-05
89 89 4563.80756566
90 90 5.12643872447e-05
91 91 1.21068997199e-05
92 92 3.50568466711e-05
93 93 2.17830219217e-05
94 94 1.7278453549e-05
95 95 4.69762934285e-05
96 96 5.8475380849e-05
97 97 4891.26817385
98 98 1.1768914309e-05
99 99 4.84048137055e-05
100 100 3897.50485692
101 101 3.62346738711e-05
102 102 9.47323442292e-06
103 103 3781.38287188
104 104 4208.27867196
105 105 3.88686424367e-05
106 106 9.22242504627e-05
107 107 5245.29327767
108 108 3.02147589345e-05
109 109 2.07990259793e-06
110 110 4.05127416605e-05
111 111 4.57899783307e-06
112 112 1893.38686626
113 113 4422.9892631
114 114 5.21066782916e-05
115 115 7.57022080697e-05
116 116 252.013742189
117 117 551.215519572
118 118 7.9457116952e-05
119 119 2.77704395577e-05
120 120 2.76402574007e-05
121 121 7.29938473135e-05
122 122 1.94866887777e-05
123 123 2381.93147148
124 124 9.95548274949e-05
125 125 1328.53583427
126 126 5.9934629707e-05
127 127 3.67938439913e-05
128 128 4.60198293918e-05
129 129 9.45958368511e-05
130 130 2362.21560356
131 131 7.48255431197e-05
132 132 5.10973601517e-05
133 133 6.55914716442e-05
134 134 2.53160572256e-05
135 135 3.7098764021e-05
136 136 7.42273269642e-05
137 137 9.60696253496e-05
138 138 1802.9394762
139 139 4.63072727712e-05
140 140 1.85598380108e-05
141 141 8.70819459065e-05
142 142 1536.35657691
143 143 6.19677085608e-05
144 144 4594.9611043
145 145 1.0278121764e-05
146 146 4.21894428675e-05
147 147 1432.72533831
148 148 4.90636202606e-05
149 149 7.50243391542e-05
150 150 1.2051017474e-05
151 151 5.8971983548e-05
152 152 1322.83276258
153 153 5.2784919336e-05
154 154 3749.96452535
155 155 2.63659049031e-05
156 156 1367.63961354
157 157 1075.2568278
158 158 5.69228269797e-05
159 159 7.95291434699e-05
160 160 1.89946682543e-05
161 161 7.74030977327e-05
162 162 5416.99684434
163 163 2.31089710987e-05
164 164 9.49981232411e-05
165 165 7.56972679411e-05
166 166 2.7224790495e-05
167 167 8.38934990211e-05
168 168 6.62656158019e-05
169 169 3930.92126968
170 170 4588.6346318
171 171 4276.77037229
172 172 6.79289776815e-05
173 173 5578.27650758
174 174 3953.5593441
175 175 9.35705841429e-05
176 176 1.5014366552e-06
177 177 6.12814458248e-05
178 178 9.20779431091e-05
179 179 4.37937384364e-05
180 180 5.71992533686e-05
181 181 2035.80259545
182 182 7.29017818398e-05
183 183 1.14530354559e-05
184 184 7.13386236789e-05
185 185 2828.92174757
186 186 1.12044469121e-05
187 187 2858.83497665
188 188 3.16818438931e-05
189 189 3040.56650032
190 190 9.21936328754e-05
191 191 2.55488910675e-05
192 192 4.3851946496e-05
193 193 3956.16818319
194 194 5.2542435614e-05
195 195 3935.08490287
196 196 1214.72251925
197 197 6.42352087093e-05
198 198 730.022802869
199 199 9.2557870095e-05
200 200 2085.90138739
201 201 6.77462184587e-06
202 202 8.15245732015e-05
203 203 6.75038017706e-05
204 204 2.66650355616e-05
205 205 7.54034932099e-05
206 206 7.11741570244e-05
207 207 5.27467018056e-05
208 208 3.94329792975e-05
209 209 8.77832537103e-05
210 210 8.69558877608e-05
211 211 3.4289990764e-05
212 212 9.36014317953e-05
213 213 4.07649815252e-05
214 214 63.8807531695
215 215 2.34121247931e-05
216 216 5236.91731245
217 217 5495.2192037
218 218 3293.54717919
219 219 2.30911397751e-05
220 220 1.56716293479e-05
221 221 6.94841390522e-05
222 222 1.50985689781e-05
223 223 5165.08306878
224 224 6.84328444894e-05
225 225 8.11259642602e-05
226 226 3269.33297258
227 227 3.38083939411e-05
228 228 3.49355960599e-05
229 229 1.73430471212e-06
230 230 5.15955038948e-05
231 231 3.41304457782e-05
232 232 4.8501901837e-05
233 233 2.87399808466e-05
234 234 2009.15313093
235 235 6.85721104446e-05
236 236 2.8394685943e-06
237 237 2.89253251597e-05
238 238 9.36876005082e-05
239 239 2.40647910085e-05
240 240 5.95515432537e-06
241 241 8.76994828435e-05
242 242 5.18052108262e-05
243 243 430.99471027
244 244 8.24766089375e-05
245 245 7.35129996788e-05
246 246 6.39963310957e-07
247 247 4435.36408985
248 248 3.33906501713e-05
249 249 3576.87006214
250 250 7.37444465216e-06
251 251 2.30685645439e-05
252 252 8.7681359704e-06
253 253 8.91379423532e-05
254 254 6.83291843211e-05
255 255 9.33802399617e-05
256 256 9.92126110142e-05
257 257 9.38791603582e-05
258 258 1.7059788581e-05
259 259 1.98601703548e-05
260 260 2.23584532128e-05
261 261 1274.99628504
262 262 3.84253155449e-07
263 263 2.21099618061e-05
264 264 1.21948232505e-05
265 265 4327.1797441
266 266 1.7610857619e-06
267 267 6.74128073726e-06
268 268 6.55195016663e-05
269 269 6.2442548753e-05
270 270 4.25009453445e-05
271 271 5571.77420933
272 272 2.98794967107e-05
273 273 3.77818063899e-06
274 274 5412.65599852
275 275 7.04871669071e-05
276 276 9.70970911172e-05
277 277 2873.50032233
278 278 1209.79431471
279 279 1644.78123197
280 280 3649.49265326
281 281 2.85866114593e-05
282 282 2.00815998239e-05
283 283 4.26224645815e-05
284 284 5313.58969494
285 285 5.3961016425e-06
286 286 6.67332729303e-05
287 287 6.13975039193e-05
288 288 7.61096162575e-05
289 289 3.81989823611e-05
290 290 2.75035249843e-05
291 291 1.1085788872e-05
292 292 2.68633130964e-05
293 293 4688.91111445
294 294 2961.56101927
295 295 5.94390131096e-05
296 296 5.1695880619e-05
297 297 4.98672864086e-05
298 298 1338.95160183
299 299 1113.55556411
300 300 1.01984888504e-05
301 301 7.6573512255e-05
302 302 2684.43418861
303 303 4.7310578707e-05
304 304 3458.58821812
305 305 5.15323426017e-05
306 306 9.97982785679e-05
307 307 3.75225806755e-05
308 308 1916.01975808
309 309 1.57420229654e-06
310 310 1.2525542266e-05
311 311 7.03116525575e-05
312 312 2815.41532113
313 313 5.52614295062e-05
314 314 4.39989521282e-05
315 315 2.18662484317e-05
316 316 1.89402001119e-06
317 317 1.34533344898e-05
318 318 9.75619231245e-05
319 319 9.43309768251e-05
320 320 1.80822127834e-05
321 321 3.65195785134e-05
322 322 1.94869123795e-05
323 323 2.43204193787e-05
324 324 2663.33485293
325 325 3.14572924436e-05
326 326 5.40482827685e-05
327 327 1.97777378745e-05
328 328 2.12068091994e-05
329 329 3.86297610681e-05
330 330 8.97509629056e-05
331 331 6.70596612794e-05
332 332 8.44722206301e-05
333 333 6.9782023445e-05
334 334 9.69252657787e-05
335 335 7.22499148608e-05
336 336 3.49329780771e-05
337 337 1143.01668576
338 338 6.8119066093e-05
339 339 1820.48074854
340 340 7.8991631596e-05
341 341 3.73586375667e-05
342 342 929.412497865
343 343 5.45506404715e-05
344 344 7.53643255521e-05
345 345 5.78571182879e-05
346 346 4.23303600804e-05
347 347 1.96713312888e-05
348 348 8.76547372075e-05
349 349 3.26065133289e-05
350 350 1246.74966056
351 351 7.05084411369e-05
352 352 4988.49321049
353 353 3613.97968115
354 354 2.0815782805e-05
355 355 9.15729598839e-05
356 356 9.30909559305e-05
357 357 7.21289601626e-05
358 358 5.70341650845e-05
359 359 509.746388237
360 360 8.63214976188e-05
361 361 2.2600603003e-05
362 362 5434.30951556
363 363 2.32757492011e-05
364 364 2.73470715323e-05
365 365 639.264124952
366 366 97.6337285856
367 367 9.46933951465e-05
368 368 2920.50901906
369 369 6.61038360228e-05
370 370 556.622907642
371 371 7.09601668058e-05
372 372 2.91239086229e-05
373 373 4.04655863816e-05
374 374 5.09766698157e-05
375 375 2966.9432344
376 376 5.33514875948e-06
377 377 6.03860791774e-05
378 378 1686.27475354
379 379 4.47272779449e-05
380 380 905.101813491
381 381 7.83319064215e-05
382 382 9.76766595641e-05
383 383 1.44177554077e-05
384 384 8.24303352529e-05
385 385 1602.42853877
386 386 4.78028820966e-05
387 387 3778.87198833
388 388 4.62682539462e-05
389 389 1678.37948341
390 390 1.80769872695e-06
391 391 2607.97273795
392 392 3.19865799308e-05
393 393 8.91090387696e-05
394 394 2.14486381993e-05
395 395 2526.64442275
396 396 6.36647698346e-05
397 397 9.73504669343e-05
398 398 7.02575716551e-05
399 399 1.90577058767e-05
400 400 526.476525652
401 401 672.804728671
402 402 8.65785631771e-05
403 403 7.42316837567e-05
404 404 5.3003215457e-06
405 405 1113.69132977
406 406 3.52933949186e-05
407 407 5.09136052548e-05
408 408 6.57345897826e-05
409 409 1686.98613197
410 410 1.672811376e-05
411 411 4020.64575786
412 412 4.26809796279e-05
413 413 4.6263169765e-05
414 414 3154.67641772
415 415 124.112877351
416 416 6.16615877262e-05
417 417 1111.14495868
418 418 9.47989914705e-05
419 419 2.62632821134e-05
420 420 3.51403071651e-05
421 421 1592.46193834
422 422 7.41644536907e-05
423 423 6.33931864878e-05
424 424 2.78396343301e-06
425 425 1.32571606165e-05
426 426 1.6652871832e-05
427 427 5600.34617675
428 428 2.13961287782e-05
429 429 142.537731536
430 430 6.47664583682e-05
431 431 5369.23743013
432 432 1.22644268809e-05
433 433 303.933286832
434 434 2.08788746988e-05
435 435 3925.39205623
436 436 1.20092213761e-05
437 437 7.75280478297e-06
438 438 7.82308380748e-05
439 439 3.32237773246e-06
440 440 248.689638714
441 441 7.86305238312e-05
442 442 8.04333761198e-05
443 443 5174.86894409
444 444 9.94008028919e-05
445 445 7.90590101006e-05
446 446 8.99636927099e-06
447 447 8.44134240835e-05
448 448 4.72356835763e-05
449 449 2.64163067439e-05
450 450 5.37908117934e-05
451 451 2.08240642338e-05
452 452 3.71130464298e-05
453 453 2.12043954087e-06
454 454 849.676077088
455 455 5.52331888002e-05
456 456 6.64216768017e-05
457 457 3003.41442218
458 458 4357.18515361
459 459 9.00521729508e-05
460 460 4054.5352892
461 461 8.9360306901e-05
462 462 5.35950175312e-05
463 463 7.66476971188e-05
464 464 4.95722976951e-05
465 465 7.91794411771e-05
466 466 4966.77036004
467 467 1323.04891582
468 468 771.961297165
469 469 9.96801033051e-05
470 470 4.28608625878e-05
471 471 9.94404614505e-05
472 472 8.97341143021e-05
473 473 6.56419961845e-05
474 474 4369.20253175
475 475 5.75895497883e-05
476 476 2.3683899952e-05
477 477 5.19529995346e-05
478 478 3.61468831089e-05
479 479 4.17206732529e-05
480 480 789.395641742
481 481 3.97689759008e-05
482 482 8.6614631867e-05
483 483 1114.52982549
484 484 4454.62193165
485 485 2.01726747578e-05
486 486 1.75205018756e-05
487 487 1419.99505772
488 488 6.17589335087e-05
489 489 6.5189000686e-05
490 490 1.80064603564e-05
491 491 8.63175273079e-05
492 492 8.7561157458e-05
493 493 4.01824752909e-05
494 494 1.80993103891e-05
495 495 5298.979265
496 496 1808.16071804
497 497 783.58427052
498 498 3.92686199774e-05
499 499 2.27932002853e-05
500 500 806.242472164
501 501 4.67523381701e-05
502 502 1.29077054758e-05
503 503 8.2093670258e-05
504 504 9.44374537869e-06
505 505 1.5066109058e-05
506 506 4189.49205148
507 507 2983.58991744
508 508 943.594419824
509 509 1.86747720371e-05
510 510 7.78931771612e-05
511 511 6.15404459623e-05
512 512 1.75110528683e-06
513 513 7.70359226843e-05
514 514 5.26006139702e-05
515 515 1.37647551495e-05
516 516 1.62745316347e-05
517 517 7.1875324402e-05
518 518 2328.99435238
519 519 3375.2599319
520 520 7.10113112095e-05
521 521 5363.37860459
522 522 3.50575536297e-05
523 523 3613.8197888
524 524 5.2281320533e-05
525 525 2.59413103318e-05
526 526 2514.04265875
527 527 5.75581608702e-05
528 528 1.98179267619e-05
529 529 4275.12937983
530 530 2.01283238949e-05
531 531 4.49916268786e-05
532 532 2422.41480232
533 533 8.04892258586e-05
534 534 9.882808083e-05
535 535 1.29822918014e-05
536 536 8.00532941924e-06
537 537 2.50825752863e-05
538 538 5.79363239693e-05
539 539 1.88434516203e-05
540 540 2.10445068171e-05
541 541 4.77725705945e-05
542 542 4.83933304994e-05
543 543 3.4820180528e-05
544 544 8.40645673029e-05
545 545 7.3001730959e-05
546 546 5574.85764255
547 547 1.26493635075e-05
548 548 1.6346747608e-05
549 549 7.75683082252e-05
550 550 6.91578129218e-05
551 551 6.02171053881e-05
552 552 4.04951960139e-05
553 553 3081.1340342
554 554 2.45937912843e-05
555 555 352.605370737
556 556 8.900126328e-05
557 557 8.09660866175e-05
558 558 6.23261047213e-05
559 559 9.12505423925e-07
560 560 5.18096400216e-05
561 561 2.17995293723e-05
562 562 1.91690564975e-05
563 563 3.08964621347e-05
564 564 3.53027349734e-05
565 565 2.41191640327e-05
566 566 5.891291821e-06
567 567 6.79932685379e-05
568 568 4841.86217819
569 569 1922.98716292
570 570 5.89793872579e-05
571 571 3063.29173189
572 572 4.62519393593e-06
573 573 9.49986404436e-05
574 574 1455.06851668
575 575 4.74579097989e-05
576 576 3987.58441477
577 577 6.43212681088e-05
578 578 461.161779407
579 579 3.47837934629e-05
580 580 6.69509534451e-05
581 581 3679.993391
582 582 2.09946744129e-05
583 583 4.90289089699e-05
584 584 3.34313310724e-05
585 585 8.6519319214e-06
586 586 7.59738440478e-05
587 587 2.50286311013e-05
588 588 2998.01343227
589 589 3356.582261
590 590 3.03109474378e-05
591 591 8.89765990998e-05
592 592 4035.83654933
593 593 2033.99816546
594 594 4835.75802316
595 595 3.71231875912e-05
596 596 4.52803224448e-05
597 597 1393.88766666
598 598 7.65226325489e-05
599 599 5.84906789222e-05
600 600 3.10738860226e-05
601 601 1665.63636677
602 602 3212.27219106
603 603 4813.48386392
604 604 6.29761043017e-05
605 605 9.09222782386e-05
606 606 2582.01209833
607 607 4831.08498816
608 608 1.82379288337e-05
609 609 218.664833126
610 610 8.52527834213e-05
611 611 5.86332808354e-05
612 612 34.7267252842
613 613 5.47227649189e-05
614 614 8.32789944131e-05
615 615 5.04610176721e-05
616 616 5.00394389388e-07
617 617 5.52030671807e-05
618 618 5.79427697306e-05
619 619 7.27665313869e-05
620 620 4.81803392976e-05
621 621 2825.4750917
622 622 8.74272352667e-05
623 623 2000.56571115
624 624 2.51661208423e-06
625 625 4968.51509625
626 626 4.99734373282e-05
627 627 4400.95501098
628 628 8.73723219705e-05
629 629 7.84047198915e-05
630 630 3.81839264756e-05
631 631 3663.28910387
632 632 5.86853708647e-05
633 633 3.03924845622e-05
634 634 5.99369719208e-06
635 635 3.79781373206e-05
636 636 7.74294912697e-05
637 637 5233.81266249
638 638 3.11394408612e-05
639 639 6.32591520927e-05
640 640 2.82799170827e-05
641 641 929.960147089
642 642 5.64323848668e-05
643 643 1.15505071006e-05
644 644 3.23750657415e-05
645 645 3.03896614315e-06
646 646 4608.9440178
647 647 6.77682198573e-05
648 648 7.05950278635e-05
649 649 1978.53003793
650 650 4490.43270014
651 651 4484.27903452
652 652 5.32300907665e-05
653 653 3025.04399446
654 654 8.50015044775e-05
655 655 7.4427036765e-05
656 656 3886.12383037
657 657 3446.89590079
658 658 8.01757818853e-05
659 659 1.42947210575e-05
660 660 1.98016403537e-05
661 661 4.06944941214e-05
662 662 1.39802377097e-05
663 663 2.15798351496e-05
664 664 2.03052436777e-05
665 665 3049.13247831
666 666 8.61334394874e-05
667 667 1.70619112465e-05
668 668 5.89067685814e-05
669 669 9.78039159753e-06
670 670 7.08384795034e-05
671 671 1.73068081232e-05
672 672 9.17681962e-05
673 673 6.16839033034e-06
674 674 9.39418326474e-05
675 675 3.31077638177e-05
676 676 3.67854690593e-05
677 677 4.68221768653e-05
678 678 9.20317188188e-05
679 679 1.06307673442e-05
680 680 2998.31005184
681 681 2.30799513435e-05
682 682 4.69283016514e-05
683 683 9.23873660155e-06
684 684 9.66496224701e-05
685 685 1409.04304341
686 686 4.47120622195e-05
687 687 1.02469470662e-06
688 688 1.29626566386e-05
689 689 3257.77299884
690 690 7.69282118225e-05
691 691 2.3641501607e-06
692 692 1002.68245898
693 693 1.86760942168e-05
694 694 3.43686411802e-05
695 695 4747.17650582
696 696 6.36569521289e-05
697 697 4.53322478938e-06
698 698 5.37080888087e-05
699 699 3.51375353547e-05
700 700 1456.26262261
701 701 9.89752742145e-05
702 702 5390.15169085
703 703 5.38982307889e-05
704 704 1525.31443702
705 705 7.83877435511e-05
706 706 4121.74874603
707 707 6.19426900449e-05
708 708 6.57245116766e-05
709 709 805.605497053
710 710 4.92242821026e-05
711 711 3.98160417206e-05
712 712 1673.2224641
713 713 4.94498139576e-05
714 714 8.58682412215e-05
715 715 7.26726568191e-05
716 716 6.00720615621e-05
717 717 9.73768458833e-05
718 718 9.34812295367e-07
719 719 5.55971870313e-06
720 720 5.49117935165e-05
721 721 7.06438922562e-05
722 722 627.96919692
723 723 9.61059854319e-05
724 724 6.77030485538e-06
725 725 2.20795315169e-05
726 726 7.2786678028e-05
727 727 9.53682852195e-05
728 728 4.41890874199e-05
729 729 2.77656992112e-05
730 730 2244.70955449
731 731 4.41487840477e-05
732 732 4382.34980832
733 733 5.7972708459e-05
734 734 644.032144181
735 735 6.42370152169e-05
736 736 5.05391613888e-05
737 737 3.72030701748e-05
738 738 4.91234653911e-05
739 739 2.59879899513e-05
740 740 4.87163114199e-05
741 741 6.27596984183e-05
742 742 2621.06499257
743 743 3.62877027699e-05
744 744 2424.40770788
745 745 7.49768238391e-05
746 746 3.67765102866e-05
747 747 8.78673103884e-06
748 748 5078.79594723
749 749 3.90772256911e-05
750 750 8.09823693878e-05
751 751 3501.22825786
752 752 5.66425213063e-05
753 753 5.67495931102e-05
754 754 5.68212640078e-05
755 755 4237.56223794
756 756 4353.91597043
757 757 8.88773087197e-06
758 758 1.12107653559e-05
759 759 4.97059516396e-05
760 760 5.72407530592e-05
761 761 3499.87588295
762 762 5.71313163601e-05
763 763 7.22216880096e-05
764 764 8.80676759539e-05
765 765 2472.16499668
766 766 2341.40934797
767 767 6.44215873946e-06
768 768 4.55305448621e-05
769 769 1.31973930509e-05
770 770 3705.02563673
771 771 4.84345389265e-05
772 772 5374.96614093
773 773 1.55467294037e-05
774 774 8.12320005604e-05
775 775 2.4186303525e-06
776 776 1767.22559106
777 777 9.46977961655e-05
778 778 2.7254157953e-05
779 779 3.52327831561e-05
780 780 2435.82702951
781 781 7.4364295991e-05
782 782 1299.61452922
783 783 3272.12946414
784 784 5.5999523552e-05
785 785 5.94244720709e-05
786 786 8.46692147903e-05
787 787 2.48373023469e-05
788 788 6.1214207233e-05
789 789 4617.93135777
790 790 1839.1409043
791 791 7.95784435105e-06
792 792 1.14061234395e-05
793 793 1525.2670115
794 794 3175.32250411
795 795 1.41618584003e-05
796 796 4442.25128232
797 797 1.4887706742e-05
798 798 2.91617765702e-05
799 799 5.45558359939e-05
800 800 8.37549514941e-05
801 801 7.39199320877e-05
802 802 9.09149053399e-08
803 803 8.08751530625e-05
804 804 8.64931471821e-05
805 805 5.49948543831e-06
806 806 9.29144581538e-05
807 807 5.3453334469e-05
808 808 5015.71764892
809 809 5258.01549912
810 810 1435.26382662
811 811 7.6979748418e-05
812 812 9.94630208258e-05
813 813 2543.34660546
814 814 1.29180490737e-05
815 815 5.55306631678e-05
816 816 4837.62628471
817 817 2.7506966727e-05
818 818 4.14621406089e-05
819 819 4239.41189695
820 820 1340.67131116
821 821 7.13301033409e-05
822 822 2.57494185402e-05
823 823 3354.59165536
824 824 2529.88387423
825 825 7.54587890601e-05
826 826 3.94439623024e-05
827 827 6.05201212591e-05
828 828 9.53546418846e-05
829 829 4.83182239772e-05
830 830 1.81922720742e-05
831 831 7.2303967043e-05
832 832 7.09726401327e-05
833 833 140.162793856
834 834 5.07732673807e-05
835 835 1.10402299503e-05
836 836 7.81916442432e-07
837 837 2.85173896941e-07
838 838 5031.52277522
839 839 2.93846281312e-05
840 840 5.83157107192e-05
841 841 4.07319593519e-05
842 842 9.81631198065e-06
843 843 3.93763719919e-05
844 844 3.92887533382e-05
845 845 4.23347392316e-05
846 846 8.71648164627e-05
847 847 8.7095369833e-05
848 848 4621.12346609
849 849 4.24114882695e-05
850 850 9.04990568431e-05
851 851 4.50673110917e-05
852 852 1.52093140883e-05
853 853 3.86176703272e-05
854 854 428.463807512
855 855 1.65521596211e-06
856 856 4.60479476622e-05
857 857 2032.89993207
858 858 2.82694905372e-05
859 859 3.22433074061e-05
860 860 4.24592960305e-05
861 861 3.05344905318e-05
862 862 1.65016130493e-05
863 863 9.01251613345e-05
864 864 4.33817646873e-05
865 865 9.65823736685e-05
866 866 8.6254801418e-05
867 867 7.46960417247e-05
868 868 1478.56722845
869 869 3.76158004021e-05
870 870 1.91972644344e-05
871 871 8.48949459703e-05
872 872 5.56894707718e-05
873 873 1.20576888033e-05
874 874 8.17018876774e-05
875 875 7.00411928281e-05
876 876 4.70533337127e-05
877 877 6.57854603363e-05
878 878 6.43738844785e-05
879 879 4633.3225255
880 880 8.25851490938e-05
881 881 4555.91775983
882 882 4.55252054674e-05
883 883 2963.07369604
884 884 8.84285183707e-05
885 885 4.44593590141e-05
886 886 1.7795334022e-05
887 887 1203.03810047
888 888 8.90855177351e-05
889 889 6.00275138435e-05
890 890 2.49236473739e-06
891 891 2.62589402736e-05
892 892 4249.5818144
893 893 5.07233308967e-05
894 894 4.44431310965e-05
895 895 7.14428564061e-05
896 896 6.1012927716e-05
897 897 2.22453924309e-05
898 898 2885.38216664
899 899 1.69311053764e-05
900 900 5.96398365308e-05
901 901 2.59998221198e-05
902 902 5.69706623241e-05
903 903 1.60905809551e-05
904 904 6.73081605451e-05
905 905 4.04445167498e-05
906 906 1.78361957645e-06
907 907 2.41619636835e-05
908 908 8.24469653757e-05
909 909 4478.99636452
910 910 9.85629140056e-05
911 911 7.62414591441e-05
912 912 9.21909334041e-05
913 913 3.56582546268e-06
914 914 7.62496168175e-05
915 915 3593.27312399
916 916 5.71614803117e-05
917 917 6.61516273153e-05
918 918 2.18784089524e-05
919 919 1739.35912288
920 920 6.19098531972e-05
921 921 6.45214479509e-05
922 922 3169.61253554
923 923 7.08131944615e-05
924 924 2406.44642965
925 925 2.82920709088e-06
926 926 2296.55228376
927 927 4803.3476962
928 928 1.76737690563e-05
929 929 876.08450736
930 930 6.65668400444e-05
931 931 1.20290293042e-05
932 932 6.47517564548e-05
933 933 9.57425916633e-05
934 934 9.07916395177e-05
935 935 8.73283875697e-05
936 936 8.24213569664e-05
937 937 9.80044253049e-08
938 938 2409.08421685
939 939 4.62011890887e-05
940 940 8.59444688999e-05
941 941 1.71100230472e-05
942 942 2257.27420641
943 943 6.41155780784e-05
944 944 1.12166690727e-05
945 945 2.51639995509e-05
946 946 1.70837552078e-05
947 947 1.51372072715e-05
948 948 3339.45214489
949 949 2.95849014981e-05
950 950 5.36377691268e-05
951 951 1.12614686175e-05
952 952 2366.49221921
953 953 7.46017634475e-07
954 954 1.41524305427e-05
955 955 3964.39346001
956 956 2.87413049984e-05
957 957 4041.88740421
958 958 1.4000513856e-05
959 959 6.39267654916e-05
960 960 5.04108392507e-05
961 961 4681.19629953
962 962 5.98823281708e-05
963 963 9.69475133067e-05
964 964 7.79636892351e-05
965 965 3.81186817461e-05
966 966 4.28528548452e-05
967 967 3125.55800825
968 968 9.53125705034e-05
969 969 5.49870757748e-05
970 970 1.09756364185e-05
971 971 1.17158247036e-05
972 972 1.40184255593e-06
973 973 7.69414402202e-05
974 974 7.66015563171e-05
975 975 3057.07572042
976 976 6.11167651811e-05
977 977 4518.50107587
978 978 3.69405644055e-06
979 979 7.38670013573e-05
980 980 5318.90686372
981 981 8.79328784004e-05
982 982 3460.9739649
983 983 8.94798438926e-05
984 984 7.27943269027e-05
985 985 5.49968080725e-05
986 986 8.92433234986e-05
987 987 4616.29650073
988 988 9.07688062881e-05
989 989 554.508823577
990 990 275.221000407
991 991 1548.6478825
992 992 7.29712621107e-05
993 993 2694.36994041
994 994 946.51180606
995 995 8.8582752511e-05
996 996 5.65787330768e-05
997 997 5.44702570378e-05
998 998 8.8437421698e-05
999 999 5.07713436921e-05
1000 1000 6.55934178098e-05
1001 1001 4.55189708183e-05
1002 1002 6.76983327323e-05
1003 1003 5.18806700005e-05
1004 1004 8.33803615133e-05
1005 1005 9.75147171813e-05
1006 1006 3.21632194421e-05
1007 1007 1.13709216791e-05
1008 1008 3.08978042984e-05
1009 1009 1.78892807105e-05
1010 1010 3471.99387928
1011 1011 2711.40008236
1012 1012 3.80646706906e-05
1013 1013 2712.43565876
1014 1014 6.84543372032e-05
1015 1015 5.47962124491e-05
1016 1016 8.95058881885e-05
1017 1017 64.9981010099
1018 1018 1551.21244245
1019 1019 8.75006118136e-05
1020 1020 2945.78274598
1021 1021 3.2493480983e-05
1022 1022 4.58128809943e-05
1023 1023 4.52586651953e-05
1024 1024 3.06029965504e-05
1025 1025 4.46623213032e-05
1026 1026 2197.68952168
1027 1027 6.64911407908e-06
1028 1028 2761.39066378
1029 1029 331.227115916
1030 1030 689.300842381
1031 1031 7.6485722997e-05
1032 1032 9.61022232355e-05
1033 1033 3.33678337667e-05
1034 1034 4.29120293177e-05
1035 1035 5.97115104973e-05
1036 1036 7.39735890928e-05
1037 1037 5.22360129574e-05
1038 1038 1605.51806432
1039 1039 2.37289152839e-05
1040 1040 3832.11615191
1041 1041 2212.52635334
1042 1042 8.05030876216e-05
1043 1043 4.01841749647e-05
1044 1044 7.05396750942e-05
1045 1045 8.77393959374e-05
1046 1046 8.87527702798e-05
1047 1047 6.49625872499e-05
1048 1048 1.38133933451e-05
1049 1049 5.19605434473e-05
1050 1050 3.295580628e-05
1051 1051 5.40643369304e-05
1052 1052 2.51258264368e-05
1053 1053 2.76820088381e-05
1054 1054 861.103826562
1055 1055 4512.68874636
1056 1056 9.83412014932e-05
1057 1057 1768.21995888
1058 1058 2.29349970281e-05
1059 1059 3782.89944013
1060 1060 5.37109414039e-05
1061 1061 5.07312055574e-05
1062 1062 7.41102036153e-05
1063 1063 125.264224701
1064 1064 2.07812074831e-05
1065 1065 9.64844954735e-05
1066 1066 1.94377500367e-06
1067 1067 5.42568906006e-05
1068 1068 8.23063055108e-05
1069 1069 7.52795235964e-05
1070 1070 7.79819450762e-05
1071 1071 8.84962326519e-06
1072 1072 9.6424120567e-05
1073 1073 2.44700458735e-05
1074 1074 5.64767760887e-05
1075 1075 1.03362781971e-05
1076 1076 2.99260209166e-05
1077 1077 5.83931862468e-05
1078 1078 5.04507961365e-05
1079 1079 4.43131264714e-05
1080 1080 5.38970221708e-05
1081 1081 4675.77798582
1082 1082 7.64350615776e-05
1083 1083 3.72117388364e-07
1084 1084 1.70541197101e-06
1085 1085 1.17305712004e-05
1086 1086 7.13987181094e-05
1087 1087 8.00006428639e-05
1088 1088 4752.60375981
1089 1089 5133.13983214
1090 1090 9.96803880944e-05
1091 1091 5.35706168324e-05
1092 1092 1.16609503467e-05
1093 1093 8.81241190891e-05
1094 1094 8.28197397841e-05
1095 1095 2719.19535878
1096 1096 2.31845239318e-05
1097 1097 3.61459391402e-05
1098 1098 2771.77849837
1099 1099 9.5958199142e-05
1100 1100 4.66622645963e-05
1101 1101 7.59046029502e-05
1102 1102 1371.71136485
1103 1103 3.25735353744e-05
1104 1104 4136.51677178
1105 1105 9.46621471261e-05
1106 1106 1.27401416393e-05
1107 1107 4.98445835504e-05
1108 1108 3.27668888199e-05
1109 1109 9.09666886626e-05
1110 1110 6.26374839428e-06
1111 1111 5.41859524898e-07
1112 1112 5.76650274776e-05
1113 1113 6.38924130355e-05
1114 1114 6.8811172383e-05
1115 1115 6.85843414078e-05
1116 1116 3.4531989747e-05
1117 1117 754.211977465
1118 1118 9.82013345149e-05
1119 1119 3817.13587073
1120 1120 1.66228890675e-05
1121 1121 7.34499101336e-05
1122 1122 2.74088151588e-07
1123 1123 6.21470765125e-05
1124 1124 8.32784711218e-08
1125 1125 4.61669311434e-05
1126 1126 2.43835398069e-05
1127 1127 6.66791905069e-05
1128 1128 2.01162598712e-05
1129 1129 3.42959854478e-06
1130 1130 7.65596380452e-05
1131 1131 6.86528706634e-05
1132 1132 2.23752033097e-05
1133 1133 7.08974710753e-05
1134 1134 3.02971947366e-05
1135 1135 2636.52634854
1136 1136 8.48662074141e-06
1137 1137 8.45315548794e-06
1138 1138 1186.62370985
1139 1139 2.25435255397e-05
1140 1140 8.93573415996e-05
1141 1141 3.07713663873e-05
1142 1142 5345.47591918
1143 1143 6.89728482618e-05
1144 1144 6.11019243124e-05
1145 1145 8.52482442829e-05
1146 1146 7.19206349299e-05
1147 1147 4.49855113009e-05
1148 1148 5.64958761652e-05
1149 1149 136.633256794
1150 1150 1.75030506686e-05
1151 1151 1549.198401
1152 1152 5106.07672261
1153 1153 837.533652312
1154 1154 3.83285912515e-05
1155 1155 2525.34193341
1156 1156 5108.57438465
1157 1157 3.69873496581e-05
1158 1158 3.19181986648e-05
1159 1159 4.00903660939e-06
1160 1160 8.45693497757e-05
1161 1161 4599.92593108
1162 1162 9.57628429066e-05
1163 1163 4.93411053583e-05
1164 1164 3.41165050304e-05
1165 1165 9.25120216897e-05
1166 1166 4.53601489866e-05
1167 1167 2.62797166149e-05
1168 1168 3.06177412599e-05
1169 1169 3496.94004768
1170 1170 1.5865823503e-05
1171 1171 1.60831218671e-05
1172 1172 9.5397314574e-05
1173 1173 1.24589743758e-05
1174 1174 1.32523157983e-05
1175 1175 1.19707868811e-05
1176 1176 843.31562306
1177 1177 2.19011395128e-05
1178 1178 9.32618614745e-05
1179 1179 6.09739958393e-05
1180 1180 9.50839601793e-05
1181 1181 2.46615297765e-05
1182 1182 2.3978284257e-05
1183 1183 5.36067863534e-06
1184 1184 8.58811102335e-05
1185 1185 4.13570771507e-05
1186 1186 3.52887481942e-05
1187 1187 8.007453237e-06
1188 1188 6.86261728193e-05
1189 1189 3.16553469158e-05
1190 1190 8.47883570464e-05
1191 1191 1.80877763209e-05
1192 1192 2.41074933805e-05
1193 1193 9.52598647005e-05
1194 1194 3360.41422104
1195 1195 2520.02545564
1196 1196 9.00071730068e-05
1197 1197 7.45016788938e-05
1198 1198 1.79594696551e-06
1199 1199 7.72620824478e-05
1200 1200 2.90710378155e-05
1201 1201 5.96014964813e-05
1202 1202 9.49009910175e-05
1203 1203 3274.02891693
1204 1204 4663.090948
1205 1205 9.19993105258e-05
1206 1206 3741.60629925
1207 1207 1.35700894934e-06
1208 1208 2.26930467343e-05
1209 1209 8.26212830476e-05
1210 1210 6.3599342416e-05
1211 1211 6.84234245462e-05
1212 1212 940.638855367
1213 1213 9.79798707676e-05
1214 1214 4.36003734572e-06
1215 1215 5.72188608596e-05
1216 1216 6.73948764107e-05
1217 1217 2.61456966794e-05
1218 1218 4.51811185644e-05
1219 1219 6.46618929397e-05
1220 1220 4659.13773752
1221 1221 5.60528708897e-05
1222 1222 5.70448008817e-05
1223 1223 2.46408133185e-05
1224 1224 1.19172882493e-05
1225 1225 6.52341182171e-05
1226 1226 1.13550515481e-06
1227 1227 4.02723593966e-05
1228 1228 8.08098873881e-05
1229 1229 2442.87030376
1230 1230 9.24046857665e-05
1231 1231 4955.55048999
1232 1232 8.1140835345e-05
1233 1233 7.29952770349e-05
1234 1234 4.13658189957e-05
1235 1235 4.79489750619e-05
1236 1236 8.83846745423e-05
1237 1237 6.76389231343e-05
1238 1238 3.25611710406e-05
1239 1239 2285.05368572
1240 1240 1.81619986635e-05
1241 1241 8.77696788321e-05
1242 1242 2.37805744745e-05
1243 1243 213.926169506
1244 1244 2178.3152209
1245 1245 5527.55427173
1246 1246 7.02078476277e-05
1247 1247 5.51582208955e-05
1248 1248 689.730784851
1249 1249 466.998216224
1250 1250 3204.21692679
1251 1251 5.83860224768e-05
1252 1252 8.67467838281e-05
1253 1253 6.56519099947e-05
1254 1254 9.19707432543e-05
1255 1255 8.85469316685e-05
1256 1256 3226.48128071
1257 1257 6.09667724894e-05
1258 1258 7.26487497545e-05
1259 1259 3.34769467487e-05
1260 1260 1.19649164493e-05
1261 1261 8.52653367799e-05
1262 1262 8.07550885218e-05
1263 1263 9.88002203942e-06
1264 1264 5617.82704246
1265 1265 2.38701675385e-05
1266 1266 904.318231878
1267 1267 2403.76606377
1268 1268 1.86642010329e-05
1269 1269 3.49313762262e-05
1270 1270 3477.79012961
1271 1271 4.5220490029e-05
1272 1272 534.067687166
1273 1273 4.65395441714e-05
1274 1274 924.446415089
1275 1275 3.88356866616e-05
1276 1276 4587.3267812
1277 1277 7.04117885997e-05
1278 1278 4462.42457982
1279 1279 9.81657163407e-06
1280 1280 615.211366265
1281 1281 8.74246051944e-05
1282 1282 7.23572093451e-05
1283 1283 4.02292283924e-05
1284 1284 7.13242960153e-05
1285 1285 5350.56776132
1286 1286 7.38233702827e-05
1287 1287 1.40330923408e-05
1288 1288 2.33848873792e-05
1289 1289 2148.91402551
1290 1290 3.92108133123e-05
1291 1291 4574.39732484
1292 1292 7.09941644825e-05
1293 1293 2.26229043632e-05
1294 1294 9.03336431933e-05
1295 1295 9.12863018773e-05
1296 1296 1.18705885263e-05
1297 1297 1.08585872132e-05
1298 1298 1.92284126495e-05
1299 1299 4576.43032221
1300 1300 6.86961824921e-06
1301 1301 3.42292629627e-05
1302 1302 5.25212634887e-05
1303 1303 1.62204422051e-05
1304 1304 3.99611371513e-05
1305 1305 5.88377645298e-06
1306 1306 5168.35163897
1307 1307 4064.91035882
1308 1308 3.04866152813e-05
1309 1309 4.61779430944e-05
1310 1310 2.85598197149e-05
1311 1311 8.77016806194e-05
1312 1312 2.34175015675e-05
1313 1313 8.15694367354e-06
1314 1314 2.59470778784e-05
1315 1315 7.8877088302e-05
1316 1316 3326.57080404
1317 1317 5105.32961835
1318 1318 9.56412143338e-07
1319 1319 283.363092697
1320 1320 4.77595011427e-05
1321 1321 6.1362064157e-05
1322 1322 8.53980701327e-05
1323 1323 5.09302093622e-05
1324 1324 3.31861306735e-05
1325 1325 3564.70018234
1326 1326 4.95747041602e-05
1327 1327 5.66296310147e-05
1328 1328 7.78989876748e-05
1329 1329 8.20021086603e-05
1330 1330 9.19234538336e-05
1331 1331 2.96367090754e-05
1332 1332 4555.5208862
1333 1333 4.58545654327e-05
1334 1334 3.41829631114e-05
1335 1335 8.1430102932e-05
1336 1336 8.09869921037e-05
1337 1337 9.89069713598e-05
1338 1338 5.92086984815e-05
1339 1339 2.17061821246e-05
1340 1340 5.59267241299e-05
1341 1341 6.18587063739e-06
1342 1342 5.81655940027e-05
1343 1343 1.22874459727e-05
1344 1344 9.549318848e-05
1345 1345 8.90595854726e-05
1346 1346 8.7301949374e-05
1347 1347 7.83369501008e-05
1348 1348 4958.41178084
1349 1349 3.22337996272e-05
1350 1350 5.48530885958e-05
1351 1351 6.09688242203e-05
1352 1352 3.91531927051e-05
1353 1353 2.36768805482e-05
1354 1354 1.29693147692e-05
1355 1355 5405.05347844
1356 1356 4066.26655031
1357 1357 3669.16247764
1358 1358 6.64578660323e-05
1359 1359 7.85627926002e-05
1360 1360 834.534389237
1361 1361 7.34039974122e-05
1362 1362 9.90690423207e-05
1363 1363 8.57496324746e-06
1364 1364 8.02167711065e-05
1365 1365 5.81313543893e-05
1366 1366 5.55697427652e-05
1367 1367 3.90095518024e-05
1368 1368 6.15261592998e-05
1369 1369 4384.22256374
1370 1370 2.08907002243e-05
1371 1371 1197.62156351
1372 1372 3.44609367687e-05
1373 1373 8.17162183982e-05
1374 1374 728.406175374
1375 1375 4.81848875788e-05
1376 1376 8.03477152982e-05
1377 1377 1.86537166541e-05
1378 1378 2.9803662338e-05
1379 1379 6.8596295553e-06
1380 1380 4.56073594474e-05
1381 1381 946.520091982
1382 1382 2.84151628661e-05
1383 1383 932.191984747
1384 1384 3.70838334694e-05
1385 1385 8.31250546149e-05
1386 1386 5.13868188253e-06
1387 1387 4.62625935584e-05
1388 1388 1540.65729032
1389 1389 9.05219251927e-06
1390 1390 1864.01030246
1391 1391 9.04405183813e-06
1392 1392 6.28286684412e-05
1393 1393 4.48854531903e-05
1394 1394 4.95809887601e-05
1395 1395 5039.61698163
1396 1396 8.03921634487e-05
1397 1397 5.76949490392e-05
1398 1398 9.91769598819e-05
1399 1399 7.61334647644e-05
1400 1400 2553.01361246
1401 1401 3.93008775249e-05
1402 1402 6.65941583103e-05
1403 1403 2.57630275385e-05
1404 1404 2.24843419256e-05
1405 1405 3051.4437827
1406 1406 5120.37292708
1407 1407 2.94711730829e-05
1408 1408 7.73486881399e-05
1409 1409 3.13285732283e-05
1410 1410 4.11425508763e-05
1411 1411 3237.29667067
1412 1412 8.62321457157e-05
1413 1413 2.82405298417e-05
1414 1414 1.97940589069e-05
1415 1415 1254.28570996
1416 1416 2.337192982e-05
1417 1417 2.93812184678e-05
1418 1418 6.34777309752e-05
1419 1419 1.18680441506e-05
1420 1420 4248.0521589
1421 1421 9.46660241144e-05
1422 1422 1.98411417589e-06
1423 1423 1457.64672878
1424 1424 1.12496985318e-05
1425 1425 2737.08461183
1426 1426 9.89000587835e-05
1427 1427 1.86223859866e-05
1428 1428 1.7007050651e-07
1429 1429 7.12600351369e-05
1430 1430 4762.77884614
1431 1431 9.22710017965e-05
1432 1432 9.33229215985e-05
1433 1433 7.9951465153e-05
1434 1434 1831.82614331
1435 1435 4.97762121269e-05
1436 1436 4.40124748224e-05
1437 1437 2.74542321758e-05
1438 1438 7.13391315088e-05
1439 1439 6.44786966437e-05
1440 1440 5.30638460404e-05
1441 1441 6.3746440392e-05
1442 1442 9.3941667095e-05
1443 1443 6.88332723092e-05
1444 1444 7.4873004356e-05
1445 1445 1.67320096692e-05
1446 1446 2555.02689022
1447 1447 380.618862756
1448 1448 289.733243543
1449 1449 4195.62442359
1450 1450 1143.18314873
1451 1451 1.8697181674e-06
1452 1452 2.6245458651e-05
1453 1453 4.50943818192e-05
1454 1454 2448.38083003
1455 1455 8.35364811116e-05
1456 1456 4.2663509121e-05
1457 1457 1791.65816969
1458 1458 2.77438610068e-05
1459 1459 1.72726401619e-05
1460 1460 674.326655343
1461 1461 5.46158421045e-05
1462 1462 4.54414148101e-05
1463 1463 2951.52220298
1464 1464 2401.08346637
1465 1465 6.34257826908e-05
1466 1466 5604.65440088
1467 1467 5.02893577807e-05
1468 1468 1.1639472531e-05
1469 1469 7.11185300417e-05
1470 1470 8.32216284389e-05
1471 1471 742.288088397
1472 1472 8.33814062178e-05
1473 1473 5.51668135953e-05
1474 1474 1343.77319996
1475 1475 5.85543711651e-05
1476 1476 6.62629128272e-05
1477 1477 6.20955405384e-05
1478 1478 8.98283262411e-05
1479 1479 1373.13425908
1480 1480 1.64021364712e-05
1481 1481 2548.21194662
1482 1482 242.105169321
1483 1483 9.47993538245e-05
1484 1484 6.98099278187e-05
1485 1485 6.64882239016e-05
1486 1486 4.63188224773e-05
1487 1487 1816.6444482
1488 1488 1953.23473848
1489 1489 7.31700739052e-05
1490 1490 9.27985817295e-05
1491 1491 2.67474895824e-06
1492 1492 5.93095082954e-05
1493 1493 6.38970219189e-05
1494 1494 7.70917984365e-05
1495 1495 3889.07788483
1496 1496 2182.76312101
1497 1497 9.79422978516e-05
1498 1498 732.970038956
1499 1499 5.44623169703e-05
1500 1500 4.94666751129e-05
1501 1501 4.79993625279e-05
1502 1502 2.83410809484e-05
1503 1503 7.95521941156e-05
1504 1504 6.99383739335e-05
1505 1505 1.37632460746e-06
1506 1506 7.13289371809e-05
1507 1507 1.17703920069e-05
1508 1508 3041.58203821
1509 1509 9.37288456063e-06
1510 1510 4070.02306665
1511 1511 7.15127917724e-05
1512 1512 3.45797694131e-05
1513 1513 1.84939198793e-05
1514 1514 8.3012940943e-05
1515 1515 4.1814103682e-06
1516 1516 1.41274930308e-05
1517 1517 5013.98870706
1518 1518 4544.42294522
1519 1519 2.62672108095e-06
1520 1520 2.96136455317e-05
1521 1521 7.00058523933e-05
1522 1522 9.41086084745e-05
1523 1523 6.88124057263e-05
1524 1524 6.00047715904e-05
1525 1525 4.55015799063e-05
1526 1526 6.78115077417e-05
1527 1527 6.32834605625e-05
1528 1528 1.44457761547e-05
1529 1529 3.08060634107e-05
1530 1530 9.65099580607e-05
1531 1531 8.14605107936e-05
1532 1532 3.69985070123e-05
1533 1533 8.54369250264e-05
1534 1534 953.761071344
1535 1535 4075.18411259
1536 1536 5143.74601002
1537 1537 8.63273913322e-05
1538 1538 3800.63035929
1539 1539 3.76571211002e-05
1540 1540 8.36737731633e-06
1541 1541 2.4111069284e-05
1542 1542 4.01506074447e-05
1543 1543 134.07912531
1544 1544 3572.85457426
1545 1545 8.85314979812e-05
1546 1546 1991.20832685
1547 1547 6.3883925126e-06
1548 1548 9.90077367157e-05
1549 1549 4.43679546082e-05
1550 1550 5.30029253623e-05
1551 1551 7.46225072983e-05
1552 1552 2484.20499821
1553 1553 3440.23949841
1554 1554 3892.82076546
1555 1555 4.48099227651e-06
1556 1556 6.12071264127e-05
1557 1557 3.68750993515e-05
1558 1558 2.21925159578e-05
1559 1559 9.61249890615e-05
1560 1560 1682.84923333
1561 1561 2.34169632482e-05
1562 1562 7.20597063548e-05
1563 1563 2.03305027704e-05
1564 1564 8.80960022824e-05
1565 1565 3.4061068324e-05
1566 1566 3.67050742341e-06
1567 1567 9.03247664645e-05
1568 1568 2494.31912454
1569 1569 1.33855783295e-05
1570 1570 6.95782941827e-05
1571 1571 1632.47044544
1572 1572 1.87223445722e-05
1573 1573 1.27587788559e-05
1574 1574 3.67466233545e-05
1575 1575 2.9100876692e-05
1576 1576 2.60996247527e-05
1577 1577 1.47060286155e-05
1578 1578 1255.26726304
1579 1579 4055.80816437
1580 1580 6.62352410639e-05
1581 1581 1.63645444818e-05
1582 1582 1.93617534987e-06
1583 1583 7.04780285009e-05
1584 1584 6.07187864673e-05
1585 1585 4135.48993366
1586 1586 7.55247837426e-05
1587 1587 5.06636869211e-05
1588 1588 3.58632905034e-05
1589 1589 7.32952040869e-05
1590 1590 4.44557512408e-05
1591 1591 19.7967252737
1592 1592 6.16153701693e-05
1593 1593 1342.1734597
1594 1594 8.81407899213e-05
1595 1595 9.93222399657e-05
1596 1596 1.37612269476e-05
1597 1597 466.649718447
1598 1598 8.75125801753e-05
1599 1599 6.12765562432e-05
1600 1600 4.30212029368e-05
1601 1601 1.83181987781e-05
1602 1602 3.96057532065e-05
1603 1603 9.76888657662e-05
1604 1604 8.43762183094e-05
1605 1605 6.8548713216e-06
1606 1606 2818.13314729
1607 1607 9.29679429873e-05
1608 1608 3.6652839979e-05
1609 1609 9.23110956916e-05
1610 1610 3.3934127995e-05
1611 1611 9.39322354029e-05
1612 1612 7.7236933226e-06
1613 1613 8.99669588915e-05
1614 1614 2763.26159993
1615 1615 2.37874468036e-06
1616 1616 2.02561945691e-05
1617 1617 9.14049110755e-05
1618 1618 3.83021369155e-05
1619 1619 4.76978597955e-05
1620 1620 648.187937539
1621 1621 6.14470785845e-05
1622 1622 8.92119372552e-05
1623 1623 1.39980778063e-05
1624 1624 3.82934616707e-05
1625 1625 1.79915477905e-05
1626 1626 8.87718845026e-05
1627 1627 1205.00428344
1628 1628 2.04040886429e-05
1629 1629 8.03394382858e-05
1630 1630 9.50120279373e-05
1631 1631 5.80401352496e-05
1632 1632 7.4122840457e-05
1633 1633 2900.84391018
1634 1634 9.51200439562e-05
1635 1635 9.88605226213e-07
1636 1636 7.63326653257e-05
1637 1637 4.34339091692e-05
1638 1638 3624.09596533
1639 1639 7.23529151667e-05
1640 1640 7.47777487761e-05
1641 1641 6.5251098829e-05
1642 1642 9.83996616033e-05
1643 1643 8.58240218659e-05
1644 1644 3.52280047989e-05
1645 1645 6.08692095974e-05
1646 1646 3.17247371561e-05
1647 1647 7.95189945363e-05
1648 1648 5.5879140499e-05
1649 1649 4916.85873302
1650 1650 3.40406214017e-05
1651 1651 7.14320883072e-05
1652 1652 4297.77926835
1653 1653 6.98509397371e-05
1654 1654 7.12370467799e-06
1655 1655 6.1001150448e-05
1656 1656 4746.33268627
1657 1657 5321.75107179
1658 1658 6.47887944809e-07
1659 1659 4.76071125695e-05
1660 1660 8.02833679376e-05
1661 1661 3.23570890504e-05
1662 1662 5.60998880257e-05
1663 1663 1.57948008199e-05
1664 1664 9.75959671027e-06
1665 1665 5.0086464057e-05
1666 1666 2.06828415383e-05
1667 1667 9.27034865014e-05
1668 1668 8.84226992554e-05
1669 1669 6.79920992466e-05
1670 1670 5294.27378627
1671 1671 3.08598470921e-05
1672 1672 5.28572393677e-05
1673 1673 9.18360905463e-06
1674 1674 9.95896786834e-05
1675 1675 4.8759139233e-06
1676 1676 8.21635088159e-06
1677 1677 2.54268560775e-06
1678 1678 3734.25463634
1679 1679 7.37908397823e-05
1680 1680 2635.81086566
1681 1681 5.59355592295e-05
1682 1682 8.49284722519e-05
1683 1683 9.18094135066e-05
1684 1684 5.26926716942e-05
1685 1685 9.58724034658e-05
1686 1686 1427.07679977
1687 1687 7.0564008766e-05
1688 1688 2097.9530219
1689 1689 2455.26565956
1690 1690 4382.00967045
1691 1691 4.25544185572e-06
1692 1692 2706.1034889
1693 1693 573.330814845
1694 1694 3.56429609728e-05
1695 1695 8.66643293146e-05
1696 1696 2.27814815571e-05
1697 1697 8.53550151704e-05
1698 1698 2288.63844774
1699 1699 4.11786632724e-05
1700 1700 4.77963716216e-05
1701 1701 1210.66624371
1702 1702 5.05823566271e-05
1703 1703 1098.52236808
1704 1704 7.93213242118e-05
1705 1705 2289.6723644
1706 1706 6.37548495008e-05
1707 1707 7.05879550164e-05
1708 1708 5.65036613797e-05
1709 1709 7.93434057797e-05
1710 1710 1.29957031968e-05
1711 1711 5.54244039798e-05
1712 1712 4812.7074659
1713 1713 4.99419831612e-05
1714 1714 9.19164807124e-05
1715 1715 4.58427625369e-05
1716 1716 5427.13652165
1717 1717 9.87213918759e-05
1718 1718 2533.74884979
1719 1719 1.96673797688e-05
1720 1720 4.30127845863e-05
1721 1721 2.50652873142e-07
1722 1722 8.46510370998e-05
1723 1723 8.87321927188e-05
1724 1724 7.5713815549e-05
1725 1725 5.70284519871e-05
1726 1726 6.59252148267e-05
1727 1727 7.19880134258e-05
1728 1728 3.61408073732e-05
1729 1729 8.57829633451e-05
1730 1730 2688.19978394
1731 1731 5307.41089907
1732 1732 9.15137382574e-05
1733 1733 9.81597555539e-05
1734 1734 6.46105045143e-05
1735 1735 4883.73273341
1736 1736 5.95275320372e-05
1737 1737 5.81345312527e-05
1738 1738 2.37986109818e-05
1739 1739 5334.97704201
1740 1740 5434.38751901
1741 1741 3.42097551238e-05
1742 1742 4501.78955621
1743 1743 1183.10247408
1744 1744 3.5632243915e-05
1745 1745 8.82802922721e-05
1746 1746 8.43895550647e-05
1747 1747 5450.16664207
1748 1748 7.62013571655e-05
1749 1749 3.24929004778e-05
1750 1750 6.92883416395e-05
1751 1751 4.67416621784e-05
1752 1752 3.74416593104e-05
1753 1753 4.93836494656e-05
1754 1754 8.0102103003e-05
1755 1755 2.17943375441e-05
1756 1756 2.567387312e-05
1757 1757 2.79294437604e-05
1758 1758 8.72119424496e-05
1759 1759 2.87766042725e-05
1760 1760 3.78636000334e-05
1761 1761 958.111734344
1762 1762 9.63019963488e-05
1763 1763 8.84085207853e-05
1764 1764 4848.01814891
1765 1765 4351.40329785
1766 1766 6.07216650721e-05
1767 1767 6.31439404042e-05
1768 1768 2931.7186758
1769 1769 4625.74278853
1770 1770 988.984956841
1771 1771 4287.76881192
1772 1772 5.89148663324e-06
1773 1773 9.77548753826e-05
1774 1774 3.26589812684e-05
1775 1775 5.37548098774e-05
1776 1776 1.39530747654e-05
1777 1777 8.00915499918e-05
1778 1778 6.06694750685e-05
1779 1779 9.2656902428e-05
1780 1780 3.85334510721e-05
1781 1781 3.22353844413e-05
1782 1782 3280.69458907
1783 1783 3.19644563202e-05
1784 1784 5.29416863673e-05
1785 1785 9.89358659284e-06
1786 1786 5.85879939737e-05
1787 1787 9.07259561017e-05
1788 1788 2.42154531276e-05
1789 1789 9.60739094052e-05
1790 1790 1648.16491286
1791 1791 3.20267779748e-05
1792 1792 2.97545409521e-05
1793 1793 2.5432148488e-05
1794 1794 4.51897892563e-05
1795 1795 7.37881788774e-05
1796 1796 1.16161792655e-05
1797 1797 3351.64807845
1798 1798 3.02791601551e-05
1799 1799 3.03280017863e-05
1800 1800 9.25850455881e-06
1801 1801 5.16504803897e-05
1802 1802 9.35459492705e-06
1803 1803 3959.11127782
1804 1804 321.738730365
1805 1805 8.9698841353e-05
1806 1806 1.13659594573e-06
1807 1807 4720.00935754
1808 1808 4235.13081106
1809 1809 1494.51513792
1810 1810 8.57985076963e-05
1811 1811 2.32542386151e-05
1812 1812 4955.24306303
1813 1813 2.76251654885e-05
1814 1814 4.360830743e-05
1815 1815 8.53531183747e-05
1816 1816 8.49290991193e-05
1817 1817 5.64186928283e-05
1818 1818 5.82131952042e-05
1819 1819 2828.66268553
1820 1820 8.22000316389e-05
1821 1821 1140.60094557
1822 1822 8.13450952238e-05
1823 1823 3.49771967207e-05
1824 1824 1096.09014584
1825 1825 5228.84459257
1826 1826 469.631210116
1827 1827 2.68896970316e-05
1828 1828 9.1021730923e-05
1829 1829 6.7923894336e-05
1830 1830 5453.85432437
1831 1831 2.68167734243e-05
1832 1832 5.68689828697e-05
1833 1833 4.07303385118e-05
1834 1834 4.3984510662e-06
1835 1835 1.43716188501e-05
1836 1836 7.30769385661e-05
1837 1837 1.43783893284e-05
1838 1838 3.87067929554e-06
1839 1839 2.20912960243e-05
1840 1840 6.87500273189e-05
1841 1841 7.15749462145e-06
1842 1842 2651.11721919
1843 1843 8.37343107701e-05
1844 1844 89.155457305
1845 1845 534.790311233
1846 1846 8.31046201095e-05
1847 1847 477.833009079
1848 1848 9.17874693305e-05
1849 1849 7.96875456911e-05
1850 1850 6.32903091522e-06
1851 1851 7.21205849788e-05
1852 1852 3247.94712846
1853 1853 3.01909721356e-06
1854 1854 3.23040697674e-06
1855 1855 8.70996335597e-05
1856 1856 5.12654753617e-05
1857 1857 899.823797486
1858 1858 1.24026889316e-05
1859 1859 4936.88272203
1860 1860 834.804644417
1861 1861 5.87245878155e-05
1862 1862 7.16205865042e-05
1863 1863 6.80726146558e-05
1864 1864 7.1317303491e-05
1865 1865 6.57663180753e-06
1866 1866 819.268385981
1867 1867 2.51101263627e-05
1868 1868 5621.79993006
1869 1869 2.22136319115e-05
1870 1870 4.36205449713e-05
1871 1871 3.51758410202e-05
1872 1872 1116.60487402
1873 1873 7.47260292506e-05
1874 1874 2.08242218017e-05
1875 1875 6.00939773019e-05
1876 1876 2.68310457872e-05
1877 1877 4480.46837685
1878 1878 6.4700884774e-05
1879 1879 1.07073594116e-05
1880 1880 8.18897638305e-05
1881 1881 5.66456120508e-05
1882 1882 5.76701690457e-05
1883 1883 4654.02479734
1884 1884 3.09795852204e-05
1885 1885 1.0201106461e-05
1886 1886 4477.60923778
1887 1887 2.41786793258e-06
1888 1888 3389.301134
1889 1889 2839.89984058
1890 1890 7.37688062982e-05
1891 1891 8.16135328182e-05
1892 1892 6.58169658537e-05
1893 1893 6.75530295083e-05
1894 1894 3.52370303981e-05
1895 1895 3696.6511452
1896 1896 3758.00901826
1897 1897 4.9765917591e-05
1898 1898 3.54392032278e-05
1899 1899 4043.16452916
1900 1900 4.29258991736e-05
1901 1901 2.6550008394e-05
1902 1902 3.41583258724e-05
1903 1903 3.09024973349e-05
1904 1904 4.23690877618e-06
1905 1905 3873.03485828
1906 1906 1922.7596639
1907 1907 9.08328683919e-05
1908 1908 4349.49831205
1909 1909 4.59504507701e-05
1910 1910 2871.92427691
1911 1911 2961.77287138
1912 1912 706.461465659
1913 1913 9.38292203111e-05
1914 1914 2.21808666855e-05
1915 1915 293.113262121
1916 1916 1.94398956677e-05
1917 1917 9.70194736148e-05
1918 1918 6.25067157086e-05
1919 1919 8.87185889968e-05
1920 1920 5426.75306467
1921 1921 148.881317411
1922 1922 4221.43385879
1923 1923 9.89280944959e-06
1924 1924 2.49601271713e-05
1925 1925 3.61396490012e-05
1926 1926 5381.79953054
1927 1927 2.49042341951e-05
1928 1928 6.36734788305e-05
1929 1929 7.72709657101e-05
1930 1930 4.05232684238e-05
1931 1931 1221.24061548
1932 1932 8.80690173841e-05
1933 1933 3.72718605731e-05
1934 1934 5.67298470095e-05
1935 1935 2.74298033342e-05
1936 1936 1243.02980436
1937 1937 1476.98531826
1938 1938 1041.14767617
1939 1939 9.52186629284e-05
1940 1940 3878.66972953
1941 1941 6.16003517657e-05
1942 1942 1489.47138466
1943 1943 6.87583826014e-05
1944 1944 8.04086816415e-05
1945 1945 8.98433769399e-05
1946 1946 4.83981033146e-05
1947 1947 7.85624889593e-05
1948 1948 3626.66603828
1949 1949 8.66538147315e-06
1950 1950 9.82002046226e-05
1951 1951 7.51234099565e-05
1952 1952 5.64798710978e-05
1953 1953 9.48662652457e-05
1954 1954 8.92752981e-05
1955 1955 2.71106147414e-05
1956 1956 3910.60896895
1957 1957 8.45647982886e-05
1958 1958 8.16843530374e-05
1959 1959 6.64905111981e-05
1960 1960 7.59691106282e-05
1961 1961 6.00111846481e-05
1962 1962 223.039747526
1963 1963 6.09296537274e-05
1964 1964 4.74425769367e-05
1965 1965 2.92786925044e-05
1966 1966 1187.17051169
1967 1967 1850.00144156
1968 1968 2375.23567843
1969 1969 4563.66051429
1970 1970 5347.60680907
1971 1971 5217.81352913
1972 1972 8.51885310687e-06
1973 1973 9.38719313974e-05
1974 1974 7.63428371182e-06
1975 1975 1097.80407984
1976 1976 3.08643266478e-05
1977 1977 8.80872099722e-05
1978 1978 3.92697398629e-05
1979 1979 4445.35167572
1980 1980 6.93262800929e-05
1981 1981 1.67722335194e-05
1982 1982 9.92592566628e-05
1983 1983 1.57574650773e-05
1984 1984 2842.2784063
1985 1985 2.79815518194e-05
1986 1986 9.45829162919e-05
1987 1987 7.02059452172e-06
1988 1988 8.84127155025e-05
1989 1989 503.688927871
1990 1990 688.494664515
1991 1991 9.94213143399e-05
1992 1992 7.44985852128e-05
1993 1993 2.59018453177e-05
1994 1994 5143.13150994
1995 1995 1.49233635993e-05
1996 1996 1.93526943662e-05
1997 1997 3.86370678879e-05
1998 1998 1.5216231709e-05
1999 1999 3.94162028264e-05
2000 2000 9.88850205305e-06
