1 1 351.083904815
2 2 140.054325713
3 3 313.716738919
4 4 85.5655160139
5 5 568.204933462
6 6 429.762442412
7 7 614.449627589
8 8 193.385271588
9 9 5.51139325333
10 10 538.117441986
11 11 519.847640418
12 12 124.917949495
13 13 489.549654024
14 14 265.922417377
15 15 585.909826394
16 16 360.802241596
17 17 79.916774021
18 18 0.00581234126524
19 19 315.268800899
20 20 578.990890998
21 21 0.00363420555598
22 22 322.887921723
23 23 0.00805228211775
24 24 0.00251681189429
25 25 619.752860688
26 26 0.00764634845903
27 27 0.00488712188449
28 28 141.286457308
29 29 502.234889977
30 30 0.00765989765878
31 31 242.75521423
32 32 230.67637477
33 33 588.708374281
34 34 58.8951964412
35 35 152.041939291
36 36 171.477399819
37 37 418.020250178
38 38 146.101362143
39 39 127.401164087
40 40 0.00779470130873
41 41 223.477414272
42 42 468.781469214
43 43 289.46672724
44 44 565.81922056
45 45 196.095135909
46 46 252.735815415
47 47 575.94949355
48 48 0.00711925358937
49 49 118.594397647
50 50 232.744767945
51 51 0.00103376464544
52 52 305.673844993
53 53 0.00679932492988
54 54 351.380379056
55 55 360.340124747
56 56 622.209876224
57 57 0.00753439727942
58 58 124.914733273
59 59 619.666266865
60 60 597.375276281
61 61 0.00135626540797
62 62 320.119957574
63 63 241.850475433
64 64 0.000306369246982
65 65 0.00367496061968
66 66 604.192265864
67 67 302.178488031
68 68 241.871139136
69 69 615.147460794
70 70 34.6878804436
71 71 0.00496512473705
72 72 218.247899364
73 73 405.014629525
74 74 0.000295369792384
75 75 519.552526595
76 76 514.376582258
77 77 389.169848161
78 78 524.899233255
79 79 574.058417191
80 80 0.00325300810063
81 81 573.184416177
82 82 0.000442082117874
83 83 494.80882953
84 84 550.185540325
85 85 585.985394573
86 86 495.609333396
87 87 557.923918423
88 88 159.967327047
89 89 0.00201740233294
90 90 455.53503798
91 91 59.2885534502
92 92 434.317321824
93 93 0.00934302463147
94 94 23.4541351979
95 95 91.2970033676
96 96 0.0099324769846
97 97 502.262851558
98 98 0.00626930452028
99 99 0.000339954835146
100 100 0.000312869963608
101 101 426.906652758
102 102 104.950826119
103 103 428.179180822
104 104 390.337000943
105 105 140.030144853
106 106 561.392302964
107 107 512.838364984
108 108 608.445163128
109 109 0.00915805368214
110 110 0.00188027683632
111 111 105.047039162
112 112 183.743973861
113 113 0.00254684269307
114 114 314.097750829
115 115 298.257950883
116 116 394.366648541
117 117 250.436911107
118 118 10.893425534
119 119 532.899286223
120 120 0.00934496395885
121 121 500.690548194
122 122 377.112242567
123 123 140.322312008
124 124 292.762826819
125 125 70.7021725649
126 126 554.291443044
127 127 0.00625584778592
128 128 413.548884546
129 129 291.411810435
130 130 312.079306038
131 131 155.401061424
132 132 0.00316092720154
133 133 0.00426199872219
134 134 611.417641599
135 135 471.841130594
136 136 205.610146735
137 137 0.0083780725397
138 138 304.713709005
139 139 310.182063301
140 140 281.829717694
141 141 480.927876463
142 142 572.504777606
143 143 461.557918115
144 144 566.569699921
145 145 64.3146094749
146 146 0.00718809355433
147 147 309.671963377
148 148 0.000414279139704
149 149 0.00369942184254
150 150 0.00864114157082
151 151 54.1473635044
152 152 561.689481424
153 153 0.00535709165832
154 154 594.489764708
155 155 9.42855986139e-05
156 156 0.00992838592141
157 157 0.511584124147
158 158 0.00437864433004
159 159 65.4105917407
160 160 0.00679299900234
161 161 41.4522698717
162 162 183.27532404
163 163 0.00887684364714
164 164 308.416842826
165 165 606.987218331
166 166 489.209749684
167 167 7.77425395101e-06
168 168 285.517001395
169 169 400.639951597
170 170 429.453956901
171 171 0.00858936388099
172 172 320.024864977
173 173 22.1330506363
174 174 0.00267852644061
175 175 0.00537363304607
176 176 51.186109435
177 177 384.588825834
178 178 62.9255238286
179 179 198.956880757
180 180 0.000503198161243
181 181 135.485554407
182 182 601.424333375
183 183 378.907719031
184 184 96.3129746109
185 185 300.232252389
186 186 486.750016419
187 187 0.00558898226442
188 188 0.00679196439986
189 189 206.285039116
190 190 13.658663717
191 191 292.219496683
192 192 97.1732861737
193 193 237.113994503
194 194 63.7370801181
195 195 208.917652598
196 196 163.31577535
197 197 428.193137108
198 198 451.865348444
199 199 1.41429482447
200 200 176.724863544
201 201 246.600974363
202 202 458.292782329
203 203 439.787589425
204 204 0.00937666397077
205 205 0.00839065320155
206 206 53.3401520929
207 207 0.000866260284637
208 208 332.086525869
209 209 445.407944679
210 210 0.00737331647078
211 211 77.5764156481
212 212 23.795187646
213 213 536.052962235
214 214 225.827201576
215 215 0.00251411496486
216 216 157.377774214
217 217 541.849297314
218 218 0.000142094509956
219 219 437.099742192
220 220 471.436346138
221 221 0.000377156663663
222 222 541.836870637
223 223 122.612525244
224 224 0.00298879644907
225 225 0.00885019353556
226 226 0.00946330960847
227 227 488.803270668
228 228 0.00212459148738
229 229 0.00506993937707
230 230 228.073710956
231 231 557.367103899
232 232 256.215299076
233 233 134.214608022
234 234 152.909091477
235 235 0.00982296067472
236 236 0.00773318490784
237 237 7.30873952603
238 238 213.178682101
239 239 370.943271167
240 240 517.898321905
241 241 101.772178381
242 242 0.00544610118911
243 243 201.918519521
244 244 102.86150048
245 245 499.080864412
246 246 285.617073393
247 247 545.063509569
248 248 398.690612599
249 249 143.429511112
250 250 419.129244699
251 251 182.762779305
252 252 0.00807510625097
253 253 0.00772556376016
254 254 625.905168274
255 255 0.00714623293758
256 256 463.865128316
257 257 0.00237295103029
258 258 88.3440534267
259 259 0.00680937016273
260 260 0.00963613519352
261 261 517.407271806
262 262 485.789000819
263 263 253.968151539
264 264 582.255370112
265 265 0.00365029189497
266 266 314.704445477
267 267 0.00479096024296
268 268 0.00637758461996
269 269 467.226925844
270 270 550.657598474
271 271 0.00413677508207
272 272 262.173901552
273 273 555.347842475
274 274 0.00404352903076
275 275 0.000465455479992
276 276 142.860217355
277 277 0.0069160373684
278 278 0.00219891042546
279 279 0.000800237766462
280 280 90.4294821527
281 281 0.00836891669606
282 282 201.269293102
283 283 512.301720211
284 284 311.956045243
285 285 583.390272948
286 286 177.414338676
287 287 9.93197791513
288 288 0.00622305990483
289 289 0.00653522778732
290 290 625.862904036
291 291 298.889624191
292 292 470.592036992
293 293 512.662074189
294 294 457.202387111
295 295 234.28854285
296 296 391.994816033
297 297 104.776148162
298 298 575.360847922
299 299 209.870265396
300 300 309.794618231
301 301 195.673370876
302 302 323.182883695
303 303 369.649765492
304 304 0.984661165429
305 305 384.27391765
306 306 0.00606223417047
307 307 0.00654483618499
308 308 549.802516114
309 309 0.00345617407376
310 310 206.145999965
311 311 10.4454787072
312 312 0.00148004519207
313 313 0.00476877259774
314 314 324.451474478
315 315 0.00652835979971
316 316 511.331522612
317 317 341.367161116
318 318 544.731400189
319 319 264.177591093
320 320 561.76688702
321 321 61.528357237
322 322 300.242243457
323 323 253.858309186
324 324 279.517972955
325 325 0.00826201750852
326 326 233.412742905
327 327 142.2355996
328 328 0.00828012945499
329 329 0.00307148768922
330 330 0.00712836153922
331 331 244.498150445
332 332 237.779908276
333 333 211.079109338
334 334 172.632004415
335 335 279.627479319
336 336 15.6157232878
337 337 0.00480940182218
338 338 0.00162563029004
339 339 563.506626755
340 340 541.541444489
341 341 0.00529948923887
342 342 286.648236028
343 343 218.807229148
344 344 0.00915738949079
345 345 304.653082826
346 346 96.843511766
347 347 0.00145689513405
348 348 522.893423189
349 349 425.653913404
350 350 40.1304347672
351 351 583.895473283
352 352 207.267801879
353 353 0.00755208620246
354 354 273.837846571
355 355 0.00659760766823
356 356 0.00341230701625
357 357 0.00779185352115
358 358 446.161017154
359 359 0.00600648517312
360 360 119.551061267
361 361 69.0642456047
362 362 84.3159970821
363 363 538.008133665
364 364 464.010618623
365 365 0.00587831537453
366 366 231.123785612
367 367 377.639192191
368 368 63.5383441384
369 369 391.966345119
370 370 0.00850579769117
371 371 0.000155619760851
372 372 369.058401178
373 373 523.372534585
374 374 560.418022339
375 375 549.194452723
376 376 0.00122694381109
377 377 221.242765282
378 378 0.00456428604775
379 379 542.848874924
380 380 0.0022099954083
381 381 0.00451225779103
382 382 617.723213334
383 383 431.947649342
384 384 2.33303156701
385 385 325.179117705
386 386 0.0030224868049
387 387 542.705262826
388 388 311.005676423
389 389 0.00114245898617
390 390 499.750042224
391 391 233.504647702
392 392 545.069884703
393 393 107.921517057
394 394 260.499815524
395 395 558.946976138
396 396 0.0082395125577
397 397 0.0015906135767
398 398 613.757075802
399 399 148.165655616
400 400 0.00949187324751
401 401 104.445915741
402 402 498.290926795
403 403 93.0581396891
404 404 283.059185827
405 405 619.7039178
406 406 0.0069127414448
407 407 0.00986043412971
408 408 533.907882602
409 409 346.06390528
410 410 485.990429176
411 411 132.220580963
412 412 181.292631798
413 413 348.021061556
414 414 266.219601776
415 415 513.567282596
416 416 200.180188846
417 417 0.00235352583247
418 418 445.549473579
419 419 107.184913436
420 420 0.00838868936855
421 421 5.68034633038
422 422 288.096936077
423 423 293.165366835
424 424 0.00310515133835
425 425 343.704677378
426 426 312.582807109
427 427 0.00801803423557
428 428 0.00237966102809
429 429 0.0097216954066
430 430 0.00304391766411
431 431 0.00329162269575
432 432 232.971148712
433 433 300.052949975
434 434 0.00190231885118
435 435 121.721523382
436 436 468.762411776
437 437 48.0109600832
438 438 114.431860369
439 439 288.855413159
440 440 0.00849496736471
441 441 0.00440296356312
442 442 361.812056534
443 443 609.821107678
444 444 150.258447661
445 445 112.245515854
446 446 55.9653957589
447 447 21.010284558
448 448 0.00405180072897
449 449 456.086731135
450 450 226.828694269
451 451 65.5240401312
452 452 0.0064957986387
453 453 0.000114024152967
454 454 356.363988058
455 455 0.00627064552698
456 456 292.838475587
457 457 322.550417266
458 458 249.672913732
459 459 353.538588687
460 460 499.832661736
461 461 0.00521233532148
462 462 378.976343758
463 463 30.7501779556
464 464 157.921581072
465 465 447.025138965
466 466 420.101351245
467 467 0.00575036732991
468 468 0.000179026606767
469 469 31.6628389367
470 470 38.8701887466
471 471 255.974757547
472 472 511.675231573
473 473 513.225844841
474 474 567.814409442
475 475 250.247121268
476 476 371.665594097
477 477 0.00891225812786
478 478 161.418765659
479 479 0.00776439718917
480 480 37.3526437597
481 481 0.00625940686526
482 482 389.568607948
483 483 471.457654188
484 484 623.961382272
485 485 546.692891206
486 486 54.1400144427
487 487 616.412196565
488 488 622.599745022
489 489 255.187713123
490 490 145.109303579
491 491 589.205163253
492 492 0.00312470632732
493 493 0.00203186718671
494 494 15.4560648771
495 495 232.916507726
496 496 399.732680597
497 497 148.198916777
498 498 355.843225845
499 499 280.904426685
500 500 220.207601379
501 501 152.566299073
502 502 193.985412095
503 503 45.7438788158
504 504 508.751584876
505 505 0.00239445600554
506 506 0.0028165266984
507 507 0.000142290059748
508 508 327.464666961
509 509 576.215856406
510 510 332.700794727
511 511 0.00798495680035
512 512 0.00670379657619
513 513 392.158528182
514 514 431.139163945
515 515 545.343493838
516 516 458.116529949
517 517 389.626175451
518 518 0.00784810026945
519 519 0.00126326044235
520 520 57.4057527995
521 521 464.934036534
522 522 1.01040390745
523 523 596.07180858
524 524 272.879050977
525 525 380.512602752
526 526 0.00398157255554
527 527 592.475394299
528 528 0.002858977502
529 529 2.75609312127e-05
530 530 0.00421441436838
531 531 591.750003811
532 532 282.516896988
533 533 247.634455857
534 534 0.00225879750819
535 535 0.00656806188949
536 536 237.21258653
537 537 588.210133178
538 538 584.78380348
539 539 514.864668131
540 540 0.000598470404688
541 541 0.000539792080467
542 542 152.805252125
543 543 0.0060204359349
544 544 581.389584706
545 545 0.00253993096892
546 546 607.792475668
547 547 317.409824494
548 548 99.5150619247
549 549 0.00200671064989
550 550 436.736581934
551 551 582.057978336
552 552 0.00177050748019
553 553 0.00424714268434
554 554 555.296205104
555 555 0.00188201332578
556 556 0.00274436271501
557 557 300.439414588
558 558 0.00895177990453
559 559 0.00897526755775
560 560 281.245785717
561 561 368.061618801
562 562 30.7374750506
563 563 0.00281149081645
564 564 13.1619469921
565 565 0.00532911191117
566 566 427.77280191
567 567 116.299708167
568 568 572.013419793
569 569 434.215149256
570 570 528.811580946
571 571 407.240032391
572 572 0.00755877793105
573 573 418.773608372
574 574 191.346838097
575 575 32.5476407672
576 576 166.628339936
577 577 151.963082412
578 578 314.685310465
579 579 94.5031118206
580 580 105.333320282
581 581 0.00360925441335
582 582 356.270810059
583 583 0.00061356321079
584 584 342.698853115
585 585 205.379883598
586 586 45.7041774846
587 587 471.361907642
588 588 209.689072973
589 589 383.020887656
590 590 134.841124158
591 591 437.893325281
592 592 518.168302885
593 593 203.83955184
594 594 493.69601988
595 595 0.00171079155592
596 596 271.312338596
597 597 549.463884218
598 598 167.747897148
599 599 327.022357942
600 600 0.00942529497774
601 601 324.499042223
602 602 336.173252806
603 603 152.172854782
604 604 347.4952869
605 605 0.00187935655142
606 606 26.0564388671
607 607 334.300224282
608 608 0.0068886483763
609 609 0.00526755240265
610 610 359.335376249
611 611 586.950120776
612 612 27.9094100356
613 613 374.773394314
614 614 0.0058538950517
615 615 0.00595425545286
616 616 156.461660065
617 617 230.40247186
618 618 0.00410590986842
619 619 540.49454807
620 620 274.406895923
621 621 95.097674538
622 622 0.00136043351957
623 623 316.266225217
624 624 366.181437322
625 625 0.00446848925599
626 626 7.24502443279e-06
627 627 0.00758400449962
628 628 49.1600265056
629 629 0.00127344202569
630 630 0.00246358469238
631 631 381.622525181
632 632 0.00212199965384
633 633 0.0092686062774
634 634 542.169947788
635 635 0.00914360838816
636 636 0.00915680848972
637 637 0.00598290815053
638 638 0.00358438250584
639 639 576.252820916
640 640 560.116934755
641 641 92.4438582843
642 642 0.0083592983813
643 643 612.748765959
644 644 228.808110163
645 645 0.000940292902235
646 646 0.00683129508507
647 647 476.886981465
648 648 599.995812639
649 649 0.00320103695841
650 650 0.00341622712998
651 651 26.8413393826
652 652 575.300075905
653 653 286.092998442
654 654 601.304734803
655 655 0.0011112205732
656 656 84.1037006498
657 657 0.00484500823541
658 658 0.00768093541343
659 659 0.00520395901722
660 660 378.243611217
661 661 343.794515631
662 662 316.652702013
663 663 0.00177295729997
664 664 86.7862328089
665 665 148.239652865
666 666 84.0054266121
667 667 445.186383495
668 668 55.31686357
669 669 50.0052416819
670 670 593.44598222
671 671 606.89425702
672 672 438.858317416
673 673 336.731138007
674 674 208.4545589
675 675 490.155706204
676 676 622.711037924
677 677 527.402255564
678 678 0.00523061030434
679 679 0.0073527433181
680 680 365.830942315
681 681 20.7984856995
682 682 0.00498413089726
683 683 80.3466661999
684 684 446.727001004
685 685 312.690120206
686 686 103.058931736
687 687 0.00297133277115
688 688 27.9356224676
689 689 172.526494179
690 690 163.457657801
691 691 305.848888213
692 692 322.628293829
693 693 366.623864911
694 694 181.89938592
695 695 0.00854458504869
696 696 219.49385499
697 697 79.7873754187
698 698 241.31382196
699 699 102.169034928
700 700 30.0690960224
701 701 66.1398134655
702 702 433.224082904
703 703 366.047490241
704 704 228.148674344
705 705 498.665943354
706 706 0.000934888869106
707 707 509.601442539
708 708 433.408786281
709 709 0.00275794670674
710 710 69.0693625728
711 711 0.00195858221652
712 712 0.00604729283077
713 713 540.524333785
714 714 142.897872935
715 715 356.338073087
716 716 338.820965719
717 717 112.215251568
718 718 193.805353946
719 719 355.993004426
720 720 0.00179860072318
721 721 0.00605235741061
722 722 578.950549665
723 723 431.2956912
724 724 278.940646704
725 725 0.00276385033187
726 726 340.480210887
727 727 214.931489245
728 728 34.8696000907
729 729 341.988479966
730 730 0.00718789880075
731 731 142.822721214
732 732 509.249584683
733 733 145.642216395
734 734 0.00985369849011
735 735 351.858665809
736 736 395.449499509
737 737 69.3244974404
738 738 39.6024610428
739 739 0.00792036245195
740 740 0.00762927859403
741 741 0.0073156947321
742 742 133.722759714
743 743 300.097957647
744 744 617.850394963
745 745 0.00174720955472
746 746 0.00464217809615
747 747 78.2586792275
748 748 536.01491612
749 749 0.00704127431569
750 750 241.193477005
751 751 446.613193041
752 752 548.92215151
753 753 258.482906998
754 754 18.6719797285
755 755 262.970509185
756 756 198.544842864
757 757 398.433829752
758 758 608.716808893
759 759 605.444153542
760 760 569.060808511
761 761 546.972391767
762 762 188.331374031
763 763 432.197534388
764 764 376.269456669
765 765 575.700768639
766 766 523.561310885
767 767 380.042608659
768 768 0.0043057375228
769 769 170.034219559
770 770 495.161765285
771 771 348.453886744
772 772 497.124444183
773 773 139.254460608
774 774 234.281707908
775 775 320.431928044
776 776 229.506590802
777 777 608.669336892
778 778 614.590890941
779 779 532.240900052
780 780 328.714116847
781 781 22.262278713
782 782 0.00270156844927
783 783 0.00693574083593
784 784 0.00496714404644
785 785 61.9381606187
786 786 560.994245206
787 787 275.985606208
788 788 0.00744638404774
789 789 592.31966994
790 790 0.00534918659232
791 791 624.769241052
792 792 0.00322982564129
793 793 528.884694354
794 794 0.00408805121996
795 795 0.00342742947888
796 796 234.196222849
797 797 0.00297832747303
798 798 267.483538578
799 799 0.00926811845905
800 800 452.343463113
801 801 394.239030342
802 802 347.192693634
803 803 476.382891371
804 804 229.361019221
805 805 0.00058967975583
806 806 260.308078293
807 807 375.198968179
808 808 0.00226342021455
809 809 98.7541393052
810 810 223.998661468
811 811 141.804668322
812 812 459.433595757
813 813 324.171355911
814 814 225.726753167
815 815 90.49678638
816 816 0.00863977321595
817 817 508.402835229
818 818 584.707842397
819 819 0.00669952076096
820 820 245.279182145
821 821 299.477269078
822 822 123.251183541
823 823 495.787326897
824 824 70.1622331471
825 825 178.044178301
826 826 274.596859509
827 827 0.00378191810892
828 828 52.7461792153
829 829 251.585753292
830 830 0.00594586981495
831 831 533.892989978
832 832 493.877379948
833 833 441.877834604
834 834 254.026370111
835 835 498.58730369
836 836 333.130813652
837 837 564.658650389
838 838 542.485069673
839 839 291.507071215
840 840 43.410040388
841 841 83.725198209
842 842 88.6028493011
843 843 415.943732304
844 844 121.395432645
845 845 179.808893665
846 846 85.6973632763
847 847 488.270470336
848 848 17.1815547316
849 849 197.933282611
850 850 564.916653907
851 851 597.688072356
852 852 0.000518664618834
853 853 0.00623215853471
854 854 100.974503041
855 855 121.986621026
856 856 0.00399884441035
857 857 423.308157515
858 858 355.803126071
859 859 322.738124443
860 860 569.440811765
861 861 111.972823653
862 862 189.416906509
863 863 391.874259635
864 864 130.639187641
865 865 45.0717385966
866 866 0.932094166984
867 867 26.4814683428
868 868 0.00069859722612
869 869 195.147594194
870 870 577.292656645
871 871 0.00879158271183
872 872 0.00804018726959
873 873 375.86389805
874 874 244.90237007
875 875 0.00466483511346
876 876 305.150419515
877 877 238.250707169
878 878 537.30814864
879 879 0.00348663783086
880 880 0.00768030081757
881 881 593.55828997
882 882 445.396341161
883 883 612.624259033
884 884 72.1710433697
885 885 256.390657562
886 886 93.2872603386
887 887 508.179053122
888 888 0.00256809206654
889 889 6.01529688479
890 890 487.408474018
891 891 80.637242794
892 892 0.00307751139003
893 893 363.596056666
894 894 537.556297412
895 895 574.883409014
896 896 136.539074929
897 897 257.108068409
898 898 0.982362350743
899 899 228.542306358
900 900 125.844190191
901 901 461.594358506
902 902 323.396279328
903 903 606.323895514
904 904 52.2987154799
905 905 255.147606243
906 906 322.585752839
907 907 252.644181766
908 908 0.00179495942716
909 909 0.00687033843986
910 910 595.425804401
911 911 331.482578783
912 912 213.490977943
913 913 0.00664828285354
914 914 586.730187093
915 915 448.052996442
916 916 107.799528896
917 917 257.711916902
918 918 292.192933928
919 919 320.062898343
920 920 51.9255134469
921 921 443.443773369
922 922 12.3952553823
923 923 0.00281055782119
924 924 493.515854866
925 925 138.902492048
926 926 251.212983215
927 927 99.1610952755
928 928 478.575618992
929 929 393.847976498
930 930 239.794738847
931 931 519.629766181
932 932 261.384727945
933 933 0.0095953656644
934 934 187.478726789
935 935 0.00105507950398
936 936 317.961964431
937 937 372.702210449
938 938 127.259453684
939 939 304.513339535
940 940 610.513121591
941 941 0.0035075719444
942 942 4.97149880614
943 943 22.6073716375
944 944 559.998127456
945 945 120.487198099
946 946 80.0539439461
947 947 340.668535416
948 948 280.72536996
949 949 512.304201216
950 950 0.0013460956516
951 951 582.590757314
952 952 19.6210060769
953 953 174.18606153
954 954 0.00625652454756
955 955 371.165479109
956 956 129.551512424
957 957 0.00978669780911
958 958 0.00285401892107
959 959 0.00641009379964
960 960 0.00106415531724
961 961 410.804670134
962 962 356.038088169
963 963 0.00205802405329
964 964 499.576944243
965 965 0.00926071031981
966 966 163.865506987
967 967 0.00661622912528
968 968 579.284833355
969 969 422.244629286
970 970 260.091931355
971 971 0.00875243160533
972 972 3.32921645372
973 973 7.95665302741
974 974 200.938242766
975 975 313.734690439
976 976 263.021652997
977 977 0.00958825439259
978 978 598.858036472
979 979 381.97633523
980 980 0.00801779012308
981 981 0.00244389670856
982 982 63.518682766
983 983 0.00136307942623
984 984 315.557558985
985 985 340.17323054
986 986 0.00988654986191
987 987 90.7516423955
988 988 515.056176725
989 989 329.835381179
990 990 288.72061136
991 991 0.00155928568047
992 992 501.061660204
993 993 0.00877241272866
994 994 4.56124796995
995 995 411.798225273
996 996 55.3560759558
997 997 589.971558258
998 998 586.087103535
999 999 0.00738807240259
1000 1000 601.457373495
1001 1001 26.5838083222
1002 1002 0.00230007913758
1003 1003 374.747512062
1004 1004 0.0092581657797
1005 1005 327.47371226
1006 1006 533.783216246
1007 1007 557.307718125
1008 1008 160.491094949
1009 1009 149.996939458
1010 1010 468.391773409
1011 1011 419.798805337
1012 1012 443.737318909
1013 1013 0.00131066657114
1014 1014 155.070207591
1015 1015 105.973830765
1016 1016 207.928668998
1017 1017 150.438967847
1018 1018 381.182883675
1019 1019 186.280031571
1020 1020 589.865621499
1021 1021 40.1856291677
1022 1022 441.817792337
1023 1023 0.00375602245444
1024 1024 87.3544138309
1025 1025 173.053309544
1026 1026 89.6194433828
1027 1027 355.188258166
1028 1028 451.604197594
1029 1029 293.758904123
1030 1030 0.00765011165117
1031 1031 381.10842335
1032 1032 76.6428620328
1033 1033 0.00815840560573
1034 1034 465.660215139
1035 1035 79.828302889
1036 1036 276.87234354
1037 1037 0.00529820513154
1038 1038 149.64987867
1039 1039 201.740348313
1040 1040 0.00155964553756
1041 1041 249.783975469
1042 1042 0.00617389749729
1043 1043 0.000240092674851
1044 1044 0.00847568031739
1045 1045 0.00555195898228
1046 1046 0.00620174481791
1047 1047 418.99876649
1048 1048 369.734142
1049 1049 274.690470172
1050 1050 420.913844459
1051 1051 549.227799156
1052 1052 0.00765774110428
1053 1053 148.613628291
1054 1054 40.0339630063
1055 1055 624.210078008
1056 1056 375.992923005
1057 1057 131.12796081
1058 1058 601.028507611
1059 1059 294.401210102
1060 1060 37.2171680034
1061 1061 225.310808326
1062 1062 606.308699602
1063 1063 588.895645866
1064 1064 298.6284019
1065 1065 528.110964711
1066 1066 65.9753867427
1067 1067 0.00444554256272
1068 1068 0.00607958686825
1069 1069 201.705224481
1070 1070 426.565813244
1071 1071 613.361293059
1072 1072 188.441433785
1073 1073 575.800521322
1074 1074 235.867111389
1075 1075 333.917168328
1076 1076 338.957843303
1077 1077 615.971751069
1078 1078 404.157609161
1079 1079 91.651332004
1080 1080 599.982574695
1081 1081 208.547007492
1082 1082 0.00627998606998
1083 1083 0.00958945521082
1084 1084 106.838151479
1085 1085 88.4680972668
1086 1086 0.00609017361379
1087 1087 367.843543285
1088 1088 271.661566547
1089 1089 480.24020585
1090 1090 0.00827337101989
1091 1091 491.241837586
1092 1092 387.371382655
1093 1093 365.721756282
1094 1094 581.843625639
1095 1095 465.495253667
1096 1096 90.0441816986
1097 1097 0.0057769657145
1098 1098 69.2749419152
1099 1099 0.00618926705783
1100 1100 338.497863843
1101 1101 550.20122795
1102 1102 163.369554823
1103 1103 525.829543365
1104 1104 355.655384108
1105 1105 6.925574998e-06
1106 1106 220.273527754
1107 1107 159.384379517
1108 1108 61.4628402836
1109 1109 489.587228742
1110 1110 569.993090194
1111 1111 219.5787495
1112 1112 256.316280413
1113 1113 325.006058671
1114 1114 539.809316009
1115 1115 331.408202085
1116 1116 0.00279793901288
1117 1117 614.33526277
1118 1118 0.00535613876235
1119 1119 192.649543036
1120 1120 437.287886277
1121 1121 588.441545927
1122 1122 0.00907949798486
1123 1123 624.031704457
1124 1124 31.4577390913
1125 1125 237.974626908
1126 1126 200.409257063
1127 1127 118.085797276
1128 1128 0.00258576756674
1129 1129 395.448555813
1130 1130 597.589111158
1131 1131 0.00931766019625
1132 1132 78.508181622
1133 1133 331.911610587
1134 1134 0.00134457694649
1135 1135 388.457289339
1136 1136 173.248842163
1137 1137 0.0015761574152
1138 1138 310.27379681
1139 1139 42.4352931054
1140 1140 251.233154855
1141 1141 219.082409927
1142 1142 384.670274446
1143 1143 0.00620667901867
1144 1144 482.180679344
1145 1145 489.760662402
1146 1146 323.811703709
1147 1147 11.3941869696
1148 1148 90.9325358997
1149 1149 575.938483773
1150 1150 0.00780635681342
1151 1151 587.513881596
1152 1152 77.3262614777
1153 1153 369.601017038
1154 1154 133.624506956
1155 1155 576.705881274
1156 1156 104.426836498
1157 1157 360.638548781
1158 1158 25.181078852
1159 1159 361.283125825
1160 1160 381.080123155
1161 1161 0.00317006352226
1162 1162 320.711974029
1163 1163 553.769122477
1164 1164 365.033327331
1165 1165 454.87631541
1166 1166 452.356060869
1167 1167 0.000909821186928
1168 1168 0.000330674547794
1169 1169 445.367655717
1170 1170 541.436538465
1171 1171 402.821599814
1172 1172 494.698927627
1173 1173 278.68972177
1174 1174 0.00469699341725
1175 1175 61.6822247082
1176 1176 599.550890175
1177 1177 496.872201282
1178 1178 216.836226135
1179 1179 231.510695432
1180 1180 0.00448407622389
1181 1181 329.134782519
1182 1182 72.0704914115
1183 1183 532.075195703
1184 1184 0.00242487430439
1185 1185 536.857475408
1186 1186 90.4909272527
1187 1187 0.000779793017525
1188 1188 0.000909446672041
1189 1189 355.740589565
1190 1190 81.4039191803
1191 1191 601.849878757
1192 1192 0.00292103478427
1193 1193 0.00773118284753
1194 1194 532.900692011
1195 1195 258.980153206
1196 1196 66.5604355795
1197 1197 243.738490321
1198 1198 0.00909030013695
1199 1199 91.7458336038
1200 1200 618.534766894
1201 1201 0.00951509868561
1202 1202 125.250409392
1203 1203 620.415609904
1204 1204 0.0034837332524
1205 1205 302.160456402
1206 1206 261.517867814
1207 1207 120.87854391
1208 1208 347.339563773
1209 1209 1.43315603825
1210 1210 478.649622753
1211 1211 492.250228032
1212 1212 0.00468802688881
1213 1213 130.212980301
1214 1214 453.382534043
1215 1215 403.710069496
1216 1216 90.7212404701
1217 1217 0.00885058483887
1218 1218 437.946098568
1219 1219 484.20557563
1220 1220 260.38701946
1221 1221 0.00284515907665
1222 1222 41.644337595
1223 1223 0.0064996942757
1224 1224 572.402578305
1225 1225 0.00592851380914
1226 1226 240.394987133
1227 1227 0.00807186576812
1228 1228 226.084637003
1229 1229 610.792875249
1230 1230 0.00348920002901
1231 1231 135.326438245
1232 1232 206.619629861
1233 1233 0.00322560871438
1234 1234 0.00321397544417
1235 1235 207.184650439
1236 1236 157.655910427
1237 1237 35.0583601153
1238 1238 0.364873716553
1239 1239 264.335147954
1240 1240 536.812303137
1241 1241 603.633715544
1242 1242 198.73086486
1243 1243 51.9637537045
1244 1244 0.00460823302632
1245 1245 0.00256205654341
1246 1246 0.00713819507011
1247 1247 173.968746484
1248 1248 242.600701948
1249 1249 0.00363125136259
1250 1250 0.00781291289587
1251 1251 543.939783934
1252 1252 541.931697809
1253 1253 0.00351109858598
1254 1254 377.56056263
1255 1255 504.486858783
1256 1256 393.172776895
1257 1257 544.759404902
1258 1258 284.476439645
1259 1259 231.711658881
1260 1260 193.504140531
1261 1261 239.856154977
1262 1262 500.954920097
1263 1263 581.33141147
1264 1264 247.209611342
1265 1265 0.0074601394187
1266 1266 201.253131056
1267 1267 26.9488441113
1268 1268 445.152216673
1269 1269 583.265119123
1270 1270 387.98399552
1271 1271 606.521363519
1272 1272 362.166879108
1273 1273 84.6490466678
1274 1274 577.741387226
1275 1275 317.593528094
1276 1276 540.371652043
1277 1277 0.00467447754701
1278 1278 494.927397205
1279 1279 0.0055729977592
1280 1280 402.219054315
1281 1281 150.343203828
1282 1282 529.780121005
1283 1283 556.809139916
1284 1284 440.245159121
1285 1285 63.8388527016
1286 1286 518.457324949
1287 1287 307.44430833
1288 1288 325.207301323
1289 1289 346.080678336
1290 1290 115.456375607
1291 1291 143.992153335
1292 1292 0.00574272559172
1293 1293 387.639905651
1294 1294 0.00225355884509
1295 1295 617.027199302
1296 1296 485.282989566
1297 1297 612.833545121
1298 1298 462.045762568
1299 1299 27.9106424514
1300 1300 317.376996357
1301 1301 451.376829953
1302 1302 522.299416638
1303 1303 281.709162549
1304 1304 316.659821624
1305 1305 0.000706928867422
1306 1306 329.122209584
1307 1307 473.728306311
1308 1308 368.774307733
1309 1309 80.1672135274
1310 1310 592.909432483
1311 1311 197.480794295
1312 1312 0.00938011184395
1313 1313 343.740783834
1314 1314 0.00157302113894
1315 1315 0.00325141311935
1316 1316 192.485886182
1317 1317 144.801501939
1318 1318 0.0050049402835
1319 1319 0.0043355693359
1320 1320 351.93431539
1321 1321 31.5023068769
1322 1322 418.87463009
1323 1323 146.081451195
1324 1324 566.984848527
1325 1325 100.872147678
1326 1326 152.792100779
1327 1327 278.695237497
1328 1328 0.00294200083303
1329 1329 221.902737092
1330 1330 248.666371654
1331 1331 41.5143417723
1332 1332 365.006141503
1333 1333 104.151301031
1334 1334 362.374092048
1335 1335 569.708913581
1336 1336 0.00114914628411
1337 1337 0.00677860139213
1338 1338 157.121388751
1339 1339 612.609788216
1340 1340 468.265638053
1341 1341 244.096765712
1342 1342 133.508280479
1343 1343 476.07681079
1344 1344 240.435879523
1345 1345 466.044620115
1346 1346 7.20131891508
1347 1347 334.996938772
1348 1348 498.597348904
1349 1349 545.490508766
1350 1350 405.311364951
1351 1351 236.928557667
1352 1352 0.00348675559103
1353 1353 420.445779027
1354 1354 303.02264274
1355 1355 25.0222762935
1356 1356 421.349189213
1357 1357 217.632569684
1358 1358 226.105383357
1359 1359 549.147827458
1360 1360 267.712164277
1361 1361 503.010532745
1362 1362 497.040807293
1363 1363 183.090341467
1364 1364 0.00617736111013
1365 1365 233.09656331
1366 1366 0.00775367403502
1367 1367 8.47291589599
1368 1368 514.821734014
1369 1369 0.00360465514566
1370 1370 406.258809296
1371 1371 445.410607468
1372 1372 0.00242727698746
1373 1373 230.914583983
1374 1374 438.980987295
1375 1375 246.313300545
1376 1376 466.448521317
1377 1377 340.21658152
1378 1378 0.00992851789027
1379 1379 490.089477882
1380 1380 598.036957059
1381 1381 231.85501149
1382 1382 0.005168923178
1383 1383 0.00937589671924
1384 1384 455.553474888
1385 1385 0.00761893712541
1386 1386 79.8451048131
1387 1387 210.447534519
1388 1388 49.5342359377
1389 1389 358.211317019
1390 1390 506.878367823
1391 1391 590.462874539
1392 1392 0.00685312908891
1393 1393 57.1580629351
1394 1394 8.29292042477e-05
1395 1395 223.862442951
1396 1396 495.588644364
1397 1397 120.47761194
1398 1398 310.798095225
1399 1399 0.00291955853731
1400 1400 166.747598764
1401 1401 0.00390592687405
1402 1402 0.00686188558526
1403 1403 285.20013977
1404 1404 53.3015593958
1405 1405 0.00383748338083
1406 1406 564.099093788
1407 1407 438.160520505
1408 1408 3.09555147988
1409 1409 162.26573516
1410 1410 0.00391757776571
1411 1411 264.985056829
1412 1412 552.301326503
1413 1413 469.509301018
1414 1414 368.895039191
1415 1415 515.418462167
1416 1416 300.825445219
1417 1417 621.096040683
1418 1418 0.00896755494612
1419 1419 388.981306211
1420 1420 0.0093084361398
1421 1421 624.600417195
1422 1422 128.350593539
1423 1423 103.385453397
1424 1424 0.00606019344337
1425 1425 543.914949551
1426 1426 41.4714238792
1427 1427 0.0019488857157
1428 1428 430.031140217
1429 1429 0.000751349673482
1430 1430 0.00632618171363
1431 1431 454.186100674
1432 1432 608.096650517
1433 1433 459.350585208
1434 1434 532.734541256
1435 1435 313.531643335
1436 1436 0.00827042579159
1437 1437 478.899104302
1438 1438 0.00732811689836
1439 1439 0.00739889819897
1440 1440 280.138104798
1441 1441 398.071198226
1442 1442 472.052462649
1443 1443 547.910238033
1444 1444 107.297394684
1445 1445 362.183523273
1446 1446 527.331375897
1447 1447 507.56354366
1448 1448 510.800818224
1449 1449 71.6268015291
1450 1450 596.857167522
1451 1451 210.450339596
1452 1452 226.505017874
1453 1453 0.00823472587039
1454 1454 558.141032864
1455 1455 0.00581500704145
1456 1456 378.997547994
1457 1457 0.000721861521815
1458 1458 23.625487697
1459 1459 518.133984995
1460 1460 228.360030395
1461 1461 264.594523564
1462 1462 468.633712295
1463 1463 405.537847888
1464 1464 15.3653009674
1465 1465 123.655905814
1466 1466 0.00169376180041
1467 1467 583.079311861
1468 1468 0.00222252229135
1469 1469 379.738024208
1470 1470 0.00444268095419
1471 1471 494.298315627
1472 1472 0.0050738680215
1473 1473 0.00629101815223
1474 1474 0.00561939986635
1475 1475 561.967465193
1476 1476 566.374345399
1477 1477 174.620498965
1478 1478 502.908362404
1479 1479 0.00959011053392
1480 1480 611.097061237
1481 1481 543.984570064
1482 1482 454.866970018
1483 1483 60.670912584
1484 1484 513.972273552
1485 1485 214.532505216
1486 1486 208.474292629
1487 1487 0.000516012364933
1488 1488 85.026690384
1489 1489 0.00874169186476
1490 1490 393.340856632
1491 1491 475.93484139
1492 1492 144.044695875
1493 1493 99.7204051638
1494 1494 0.000823408177073
1495 1495 23.7089560345
1496 1496 0.000810960966283
1497 1497 422.32043108
1498 1498 0.00114204333993
1499 1499 91.1313873107
1500 1500 527.192783049
1501 1501 89.7080380078
1502 1502 319.095958004
1503 1503 283.707089684
1504 1504 34.9448231353
1505 1505 3.22609496772
1506 1506 152.565172264
1507 1507 0.00895255805507
1508 1508 0.00087978758137
1509 1509 262.608857233
1510 1510 76.3202162629
1511 1511 476.960560913
1512 1512 0.00121128329239
1513 1513 47.9939148343
1514 1514 402.335718497
1515 1515 529.180255426
1516 1516 120.76713259
1517 1517 0.00222484327747
1518 1518 265.129807017
1519 1519 0.00498460929144
1520 1520 426.39968888
1521 1521 522.879791812
1522 1522 0.00992893268693
1523 1523 231.971366556
1524 1524 0.003996806386
1525 1525 264.517425075
1526 1526 351.164015022
1527 1527 169.752879036
1528 1528 210.614105912
1529 1529 210.237271786
1530 1530 556.999800238
1531 1531 389.755184795
1532 1532 10.5133732275
1533 1533 153.268619373
1534 1534 100.209985914
1535 1535 0.00896948944872
1536 1536 71.5197058184
1537 1537 0.00386842712605
1538 1538 265.768841859
1539 1539 61.543388746
1540 1540 574.764134932
1541 1541 0.00394200530743
1542 1542 317.500734424
1543 1543 496.539919703
1544 1544 0.00283251186857
1545 1545 0.00686797676438
1546 1546 0.00833035109533
1547 1547 504.633325662
1548 1548 464.070921086
1549 1549 240.113844315
1550 1550 0.00123989936672
1551 1551 0.00729439208165
1552 1552 0.00433037502266
1553 1553 65.5106504771
1554 1554 496.398650079
1555 1555 563.144581177
1556 1556 380.165100859
1557 1557 0.00760789227114
1558 1558 402.696363976
1559 1559 440.33915158
1560 1560 561.371262905
1561 1561 414.996555619
1562 1562 0.00570527982753
1563 1563 0.00426254400443
1564 1564 423.64141521
1565 1565 0.00572600608407
1566 1566 505.629051383
1567 1567 332.510615734
1568 1568 0.00796130557485
1569 1569 0.00288118641145
1570 1570 359.482759994
1571 1571 206.830241347
1572 1572 283.140244532
1573 1573 0.000969741422678
1574 1574 1.02452275892e-05
1575 1575 0.00311941145262
1576 1576 406.035565165
1577 1577 552.231286507
1578 1578 211.197145152
1579 1579 0.00414384762161
1580 1580 334.830849561
1581 1581 0.00990506044906
1582 1582 3.61700559669
1583 1583 474.130538251
1584 1584 567.427456594
1585 1585 212.418270582
1586 1586 482.097068404
1587 1587 415.167291192
1588 1588 520.215851479
1589 1589 502.937637477
1590 1590 129.384778481
1591 1591 520.938711223
1592 1592 307.075443336
1593 1593 0.00885032765565
1594 1594 231.103331843
1595 1595 0.0019328382139
1596 1596 0.00360815909793
1597 1597 0.0018099267441
1598 1598 353.684931881
1599 1599 182.362194112
1600 1600 386.563827385
1601 1601 0.247862133121
1602 1602 480.554428125
1603 1603 0.00550458874009
1604 1604 0.00930462151644
1605 1605 522.894386971
1606 1606 568.139672842
1607 1607 0.000366889495559
1608 1608 0.0060678795141
1609 1609 618.338916325
1610 1610 37.9718123263
1611 1611 0.00193771492569
1612 1612 0.00247112235891
1613 1613 146.857719441
1614 1614 31.3196767536
1615 1615 114.348716579
1616 1616 309.79410698
1617 1617 0.00404530759859
1618 1618 18.0871557922
1619 1619 0.000914314123173
1620 1620 0.00869971305845
1621 1621 7.42599102095
1622 1622 218.853183746
1623 1623 533.971262322
1624 1624 0.00343817503898
1625 1625 255.547948369
1626 1626 62.4286300826
1627 1627 580.087280268
1628 1628 526.213123998
1629 1629 137.650940275
1630 1630 259.447390657
1631 1631 610.104211405
1632 1632 314.031055407
1633 1633 111.456654579
1634 1634 25.1190055662
1635 1635 430.384077431
1636 1636 328.950495961
1637 1637 522.419588553
1638 1638 355.398918698
1639 1639 0.00707333773641
1640 1640 614.603561873
1641 1641 298.701605751
1642 1642 0.00822013122799
1643 1643 42.3021820226
1644 1644 0.00965192540021
1645 1645 569.751469073
1646 1646 588.270132896
1647 1647 414.528624562
1648 1648 185.392026552
1649 1649 0.00604996575503
1650 1650 334.607102366
1651 1651 34.5083170702
1652 1652 436.656462731
1653 1653 0.000675030386826
1654 1654 0.00149735941255
1655 1655 0.00401411071597
1656 1656 609.584374044
1657 1657 497.425515175
1658 1658 309.01241701
1659 1659 29.8163329657
1660 1660 172.991833933
1661 1661 0.00658593578007
1662 1662 567.874361062
1663 1663 445.456823928
1664 1664 245.949061095
1665 1665 0.00874225657005
1666 1666 170.350070743
1667 1667 395.795124611
1668 1668 0.00591775351592
1669 1669 43.6859309569
1670 1670 0.0018142689301
1671 1671 78.5240747514
1672 1672 621.628639396
1673 1673 0.00959578166353
1674 1674 176.049206413
1675 1675 99.8501220206
1676 1676 489.257075279
1677 1677 315.58663147
1678 1678 36.4980801104
1679 1679 0.00963481330558
1680 1680 0.00363658335487
1681 1681 0.00829798336879
1682 1682 0.00281205980158
1683 1683 558.123121123
1684 1684 473.778155608
1685 1685 492.605736796
1686 1686 232.274465071
1687 1687 470.384284592
1688 1688 131.084323728
1689 1689 409.494899761
1690 1690 541.92328919
1691 1691 158.941223039
1692 1692 115.038576835
1693 1693 376.601717003
1694 1694 0.00170869958925
1695 1695 297.545905909
1696 1696 247.947169592
1697 1697 398.270564601
1698 1698 216.643359594
1699 1699 433.708259867
1700 1700 561.774273741
1701 1701 451.654544936
1702 1702 549.51773126
1703 1703 331.282091214
1704 1704 233.369123671
1705 1705 157.385388605
1706 1706 0.00115464177133
1707 1707 293.818417888
1708 1708 225.878594685
1709 1709 318.40959698
1710 1710 388.514262157
1711 1711 0.00109654312151
1712 1712 0.00119338469631
1713 1713 546.778572291
1714 1714 0.0067096692047
1715 1715 239.80911405
1716 1716 0.00701591015207
1717 1717 0.00602025902005
1718 1718 116.936737315
1719 1719 0.00710035297034
1720 1720 389.196766294
1721 1721 175.11885206
1722 1722 456.777838534
1723 1723 0.00481490630061
1724 1724 474.871716392
1725 1725 135.738127412
1726 1726 271.267383752
1727 1727 616.879451168
1728 1728 180.811476107
1729 1729 0.0052282717172
1730 1730 0.00642061978106
1731 1731 102.620291176
1732 1732 190.341897316
1733 1733 263.149056129
1734 1734 89.956833195
1735 1735 281.157635672
1736 1736 620.533792719
1737 1737 50.6589352385
1738 1738 477.280960352
1739 1739 581.108794499
1740 1740 115.947369757
1741 1741 187.941911141
1742 1742 44.8355375382
1743 1743 95.0456095277
1744 1744 0.00466146560127
1745 1745 205.848789156
1746 1746 0.000743934153627
1747 1747 583.79282114
1748 1748 413.43110154
1749 1749 168.640080482
1750 1750 0.00897906435925
1751 1751 353.668195645
1752 1752 0.00774604673415
1753 1753 619.166047791
1754 1754 362.534781416
1755 1755 114.493248566
1756 1756 0.00704428981733
1757 1757 393.188722113
1758 1758 70.7886243419
1759 1759 482.524937135
1760 1760 247.167086617
1761 1761 0.00786089965479
1762 1762 243.959699831
1763 1763 0.00742485171286
1764 1764 0.00451452761504
1765 1765 186.864330989
1766 1766 537.512852361
1767 1767 0.641007738112
1768 1768 457.585831423
1769 1769 373.580074552
1770 1770 244.246399352
1771 1771 124.030143076
1772 1772 0.00652673459557
1773 1773 0.00239393542292
1774 1774 0.00425984647245
1775 1775 374.274989859
1776 1776 13.8814285448
1777 1777 438.821731297
1778 1778 428.35995245
1779 1779 570.388120832
1780 1780 0.00439966999038
1781 1781 169.764041204
1782 1782 451.761585926
1783 1783 368.791544714
1784 1784 112.31076275
1785 1785 7.3554789533
1786 1786 44.8745106744
1787 1787 284.124795772
1788 1788 425.381884089
1789 1789 223.126721051
1790 1790 620.841706559
1791 1791 0.00124327776882
1792 1792 59.3714465058
1793 1793 507.747555785
1794 1794 256.293865009
1795 1795 42.785204539
1796 1796 182.570963552
1797 1797 58.3094509064
1798 1798 48.0413098588
1799 1799 192.177823894
1800 1800 359.887505714
1801 1801 0.0049833444426
1802 1802 247.936663745
1803 1803 392.739321643
1804 1804 0.00650359741754
1805 1805 82.7348498305
1806 1806 42.8142839129
1807 1807 0.00843619049184
1808 1808 0.00575120803744
1809 1809 0.0062177364938
1810 1810 236.026725977
1811 1811 43.8006336515
1812 1812 0.00944778190072
1813 1813 0.00911918912185
1814 1814 359.277298871
1815 1815 560.004540959
1816 1816 0.00583435684994
1817 1817 41.2084657486
1818 1818 0.00240664710713
1819 1819 573.369038783
1820 1820 12.5326750781
1821 1821 0.00777458871617
1822 1822 256.271788964
1823 1823 579.90586032
1824 1824 0.000304851765773
1825 1825 523.170511789
1826 1826 245.800869173
1827 1827 443.667825768
1828 1828 0.000504340767567
1829 1829 149.116140897
1830 1830 509.065137159
1831 1831 344.891385451
1832 1832 336.043151707
1833 1833 507.87943235
1834 1834 569.123093885
1835 1835 38.0952179029
1836 1836 409.899559093
1837 1837 121.449066827
1838 1838 0.00963660705388
1839 1839 22.8312050034
1840 1840 594.504363896
1841 1841 0.00382802168863
1842 1842 373.491384562
1843 1843 0.000589916188078
1844 1844 0.00699617639339
1845 1845 0.0072361716691
1846 1846 508.711204043
1847 1847 524.621599563
1848 1848 497.655350571
1849 1849 0.0001211018554
1850 1850 573.385260803
1851 1851 156.011515051
1852 1852 400.362850393
1853 1853 132.471121451
1854 1854 319.81130259
1855 1855 562.102649947
1856 1856 298.570111879
1857 1857 168.482188586
1858 1858 418.878757288
1859 1859 502.733030631
1860 1860 298.582763313
1861 1861 73.8634923142
1862 1862 513.866864785
1863 1863 615.838750734
1864 1864 563.567154135
1865 1865 530.635491776
1866 1866 186.85818442
1867 1867 136.493327811
1868 1868 154.77427643
1869 1869 52.4493529898
1870 1870 526.780790651
1871 1871 0.00113499816442
1872 1872 0.00681391204431
1873 1873 65.1944570503
1874 1874 245.056467384
1875 1875 454.55626384
1876 1876 446.110999627
1877 1877 219.871050211
1878 1878 599.230940616
1879 1879 545.067061688
1880 1880 0.00768128573231
1881 1881 581.939444436
1882 1882 0.00411966537246
1883 1883 421.790926428
1884 1884 384.640736699
1885 1885 459.301261696
1886 1886 0.00533335733233
1887 1887 589.408087876
1888 1888 347.923468734
1889 1889 264.625397791
1890 1890 172.210934582
1891 1891 94.2469123137
1892 1892 182.803051169
1893 1893 590.854726474
1894 1894 138.961778885
1895 1895 0.00820678567202
1896 1896 338.231054487
1897 1897 363.575300026
1898 1898 352.225623479
1899 1899 475.90020221
1900 1900 497.404458299
1901 1901 1.70847645157
1902 1902 465.828162767
1903 1903 43.4651680304
1904 1904 458.087167328
1905 1905 581.204727776
1906 1906 0.00574485894896
1907 1907 489.189603275
1908 1908 100.957850223
1909 1909 39.2783385559
1910 1910 491.434503599
1911 1911 0.00716695016134
1912 1912 0.00595720304022
1913 1913 205.31887775
1914 1914 0.00336608914499
1915 1915 505.276705031
1916 1916 84.4362489651
1917 1917 133.845013735
1918 1918 133.085277674
1919 1919 122.599790795
1920 1920 469.096030252
1921 1921 67.1221016336
1922 1922 225.400758709
1923 1923 176.232071441
1924 1924 216.742459013
1925 1925 321.219995576
1926 1926 251.036280307
1927 1927 0.00825299782254
1928 1928 273.675354151
1929 1929 252.742581806
1930 1930 116.095475563
1931 1931 313.196353447
1932 1932 338.551869248
1933 1933 593.133353478
1934 1934 0.00241874928963
1935 1935 604.617525482
1936 1936 464.409342388
1937 1937 0.00704476896035
1938 1938 421.87558675
1939 1939 584.475129324
1940 1940 0.00227061197707
1941 1941 181.330570821
1942 1942 345.013498064
1943 1943 325.573024293
1944 1944 0.0030433785964
1945 1945 119.886229774
1946 1946 619.204736176
1947 1947 0.00784995486468
1948 1948 498.648193977
1949 1949 249.044172095
1950 1950 188.082612446
1951 1951 0.00682053686507
1952 1952 412.815515298
1953 1953 556.163249541
1954 1954 0.000985608151564
1955 1955 112.270175323
1956 1956 28.079048232
1957 1957 0.00210867804322
1958 1958 267.933289609
1959 1959 263.619354079
1960 1960 341.579870934
1961 1961 170.328321609
1962 1962 341.03512042
1963 1963 113.607274544
1964 1964 154.198174852
1965 1965 124.669615303
1966 1966 13.4202084936
1967 1967 350.963016951
1968 1968 490.067321582
1969 1969 528.615963187
1970 1970 610.787835654
1971 1971 591.066562694
1972 1972 303.951919601
1973 1973 569.452288205
1974 1974 548.688153311
1975 1975 324.813261479
1976 1976 0.00303672563112
1977 1977 239.701714282
1978 1978 137.503318765
1979 1979 450.723074358
1980 1980 424.468875983
1981 1981 562.544493415
1982 1982 460.689238463
1983 1983 581.929634874
1984 1984 22.5187786978
1985 1985 195.823233445
1986 1986 0.000935994415173
1987 1987 0.00123082468294
1988 1988 270.923588813
1989 1989 466.343372018
1990 1990 474.390117267
1991 1991 50.7026072753
1992 1992 0.00825088281628
1993 1993 429.246815907
1994 1994 391.167655088
1995 1995 317.384221755
1996 1996 503.595039071
1997 1997 0.00793186022228
1998 1998 208.185875109
1999 1999 239.414780754
2000 2000 0.00971284699714
