1 1 1
2 1 -1
1 2 1
2 2 -1
1 3 1
2 3 -1
1 4 1
3 4 -1
1 5 1
3 5 -1
4 6 1
1 6 -1
5 7 1
1 7 -1
5 8 1
1 8 -1
1 9 1
5 9 -1
1 10 1
5 10 -1
6 11 1
1 11 -1
6 12 1
1 12 -1
1 13 1
6 13 -1
1 14 1
7 14 -1
7 15 1
1 15 -1
1 16 1
7 16 -1
8 17 1
1 17 -1
1 18 1
8 18 -1
8 19 1
1 19 -1
1 20 1
9 20 -1
1 21 1
9 21 -1
10 22 1
1 22 -1
10 23 1
1 23 -1
10 24 1
1 24 -1
1 25 1
10 25 -1
1 26 1
11 26 -1
11 27 1
1 27 -1
11 28 1
1 28 -1
1 29 1
12 29 -1
12 30 1
1 30 -1
12 31 1
1 31 -1
1 32 1
13 32 -1
1 33 1
14 33 -1
14 34 1
1 34 -1
1 35 1
14 35 -1
14 36 1
1 36 -1
15 37 1
1 37 -1
16 38 1
1 38 -1
1 39 1
17 39 -1
1 40 1
17 40 -1
17 41 1
1 41 -1
18 42 1
1 42 -1
1 43 1
19 43 -1
1 44 1
19 44 -1
1 45 1
20 45 -1
1 46 1
20 46 -1
1 47 1
20 47 -1
1 48 1
20 48 -1
21 49 1
1 49 -1
21 50 1
1 50 -1
21 51 1
1 51 -1
22 52 1
1 52 -1
22 53 1
1 53 -1
22 54 1
1 54 -1
1 55 1
23 55 -1
1 56 1
23 56 -1
23 57 1
1 57 -1
23 58 1
1 58 -1
1 59 1
24 59 -1
24 60 1
1 60 -1
1 61 1
24 61 -1
1 62 1
24 62 -1
1 63 1
25 63 -1
1 64 1
25 64 -1
25 65 1
1 65 -1
1 66 1
25 66 -1
1 67 1
26 67 -1
1 68 1
26 68 -1
27 69 1
1 69 -1
28 70 1
1 70 -1
1 71 1
28 71 -1
1 72 1
29 72 -1
1 73 1
29 73 -1
30 74 1
1 74 -1
1 75 1
30 75 -1
31 76 1
1 76 -1
31 77 1
1 77 -1
1 78 1
31 78 -1
32 79 1
1 79 -1
32 80 1
1 80 -1
1 81 1
33 81 -1
1 82 1
33 82 -1
1 83 1
34 83 -1
34 84 1
1 84 -1
1 85 1
34 85 -1
1 86 1
34 86 -1
35 87 1
1 87 -1
1 88 1
35 88 -1
1 89 1
35 89 -1
35 90 1
1 90 -1
36 91 1
1 91 -1
36 92 1
1 92 -1
37 93 1
1 93 -1
38 94 1
1 94 -1
39 95 1
1 95 -1
1 96 1
39 96 -1
40 97 1
1 97 -1
40 98 1
1 98 -1
1 99 1
40 99 -1
41 100 1
1 100 -1
42 101 1
1 101 -1
1 102 1
43 102 -1
43 103 1
1 103 -1
44 104 1
1 104 -1
44 105 1
1 105 -1
1 106 1
44 106 -1
45 107 1
1 107 -1
1 108 1
45 108 -1
46 109 1
1 109 -1
46 110 1
1 110 -1
1 111 1
46 111 -1
46 112 1
1 112 -1
1 113 1
47 113 -1
47 114 1
1 114 -1
1 115 1
48 115 -1
1 116 1
48 116 -1
49 117 1
1 117 -1
49 118 1
1 118 -1
1 119 1
49 119 -1
49 120 1
1 120 -1
1 121 1
50 121 -1
1 122 1
50 122 -1
50 123 1
1 123 -1
3 124 1
2 124 -1
2 125 1
3 125 -1
3 126 1
2 126 -1
3 127 1
2 127 -1
4 128 1
2 128 -1
2 129 1
4 129 -1
4 130 1
2 130 -1
2 131 1
4 131 -1
2 132 1
5 132 -1
5 133 1
2 133 -1
2 134 1
5 134 -1
6 135 1
2 135 -1
7 136 1
2 136 -1
2 137 1
7 137 -1
7 138 1
2 138 -1
8 139 1
2 139 -1
8 140 1
2 140 -1
9 141 1
2 141 -1
2 142 1
10 142 -1
10 143 1
2 143 -1
10 144 1
2 144 -1
11 145 1
2 145 -1
12 146 1
2 146 -1
2 147 1
12 147 -1
2 148 1
12 148 -1
13 149 1
2 149 -1
13 150 1
2 150 -1
13 151 1
2 151 -1
2 152 1
14 152 -1
2 153 1
14 153 -1
2 154 1
14 154 -1
14 155 1
2 155 -1
15 156 1
2 156 -1
16 157 1
2 157 -1
16 158 1
2 158 -1
16 159 1
2 159 -1
16 160 1
2 160 -1
17 161 1
2 161 -1
17 162 1
2 162 -1
17 163 1
2 163 -1
2 164 1
18 164 -1
2 165 1
18 165 -1
2 166 1
19 166 -1
20 167 1
2 167 -1
2 168 1
20 168 -1
2 169 1
20 169 -1
21 170 1
2 170 -1
21 171 1
2 171 -1
22 172 1
2 172 -1
2 173 1
22 173 -1
22 174 1
2 174 -1
2 175 1
23 175 -1
24 176 1
2 176 -1
25 177 1
2 177 -1
25 178 1
2 178 -1
2 179 1
25 179 -1
25 180 1
2 180 -1
26 181 1
2 181 -1
26 182 1
2 182 -1
2 183 1
26 183 -1
2 184 1
27 184 -1
27 185 1
2 185 -1
2 186 1
27 186 -1
27 187 1
2 187 -1
2 188 1
28 188 -1
28 189 1
2 189 -1
2 190 1
29 190 -1
29 191 1
2 191 -1
2 192 1
30 192 -1
31 193 1
2 193 -1
2 194 1
32 194 -1
2 195 1
32 195 -1
2 196 1
32 196 -1
32 197 1
2 197 -1
33 198 1
2 198 -1
2 199 1
33 199 -1
2 200 1
33 200 -1
2 201 1
34 201 -1
34 202 1
2 202 -1
2 203 1
35 203 -1
2 204 1
35 204 -1
2 205 1
36 205 -1
36 206 1
2 206 -1
36 207 1
2 207 -1
37 208 1
2 208 -1
2 209 1
37 209 -1
2 210 1
37 210 -1
37 211 1
2 211 -1
2 212 1
38 212 -1
38 213 1
2 213 -1
39 214 1
2 214 -1
2 215 1
39 215 -1
2 216 1
39 216 -1
39 217 1
2 217 -1
40 218 1
2 218 -1
2 219 1
40 219 -1
41 220 1
2 220 -1
41 221 1
2 221 -1
41 222 1
2 222 -1
2 223 1
41 223 -1
2 224 1
42 224 -1
42 225 1
2 225 -1
2 226 1
42 226 -1
43 227 1
2 227 -1
2 228 1
43 228 -1
43 229 1
2 229 -1
44 230 1
2 230 -1
2 231 1
44 231 -1
2 232 1
45 232 -1
2 233 1
45 233 -1
45 234 1
2 234 -1
45 235 1
2 235 -1
2 236 1
46 236 -1
2 237 1
46 237 -1
2 238 1
46 238 -1
46 239 1
2 239 -1
2 240 1
47 240 -1
2 241 1
47 241 -1
47 242 1
2 242 -1
2 243 1
47 243 -1
2 244 1
48 244 -1
2 245 1
48 245 -1
2 246 1
49 246 -1
49 247 1
2 247 -1
49 248 1
2 248 -1
2 249 1
49 249 -1
2 250 1
50 250 -1
2 251 1
50 251 -1
50 252 1
2 252 -1
2 253 1
50 253 -1
3 254 1
4 254 -1
5 255 1
3 255 -1
5 256 1
3 256 -1
3 257 1
5 257 -1
3 258 1
6 258 -1
6 259 1
3 259 -1
7 260 1
3 260 -1
7 261 1
3 261 -1
3 262 1
7 262 -1
8 263 1
3 263 -1
8 264 1
3 264 -1
9 265 1
3 265 -1
9 266 1
3 266 -1
9 267 1
3 267 -1
3 268 1
10 268 -1
10 269 1
3 269 -1
10 270 1
3 270 -1
3 271 1
11 271 -1
3 272 1
12 272 -1
3 273 1
13 273 -1
14 274 1
3 274 -1
14 275 1
3 275 -1
3 276 1
14 276 -1
3 277 1
14 277 -1
15 278 1
3 278 -1
15 279 1
3 279 -1
3 280 1
15 280 -1
3 281 1
15 281 -1
3 282 1
16 282 -1
3 283 1
17 283 -1
17 284 1
3 284 -1
3 285 1
17 285 -1
3 286 1
17 286 -1
3 287 1
18 287 -1
3 288 1
18 288 -1
19 289 1
3 289 -1
19 290 1
3 290 -1
3 291 1
20 291 -1
3 292 1
20 292 -1
20 293 1
3 293 -1
3 294 1
21 294 -1
3 295 1
21 295 -1
3 296 1
21 296 -1
21 297 1
3 297 -1
22 298 1
3 298 -1
23 299 1
3 299 -1
3 300 1
24 300 -1
3 301 1
24 301 -1
24 302 1
3 302 -1
3 303 1
25 303 -1
3 304 1
25 304 -1
3 305 1
25 305 -1
25 306 1
3 306 -1
26 307 1
3 307 -1
3 308 1
27 308 -1
3 309 1
27 309 -1
3 310 1
27 310 -1
3 311 1
28 311 -1
28 312 1
3 312 -1
28 313 1
3 313 -1
3 314 1
28 314 -1
29 315 1
3 315 -1
3 316 1
29 316 -1
30 317 1
3 317 -1
3 318 1
30 318 -1
3 319 1
31 319 -1
31 320 1
3 320 -1
3 321 1
31 321 -1
31 322 1
3 322 -1
32 323 1
3 323 -1
32 324 1
3 324 -1
3 325 1
32 325 -1
32 326 1
3 326 -1
33 327 1
3 327 -1
33 328 1
3 328 -1
3 329 1
33 329 -1
34 330 1
3 330 -1
3 331 1
34 331 -1
3 332 1
35 332 -1
3 333 1
35 333 -1
3 334 1
36 334 -1
36 335 1
3 335 -1
3 336 1
37 336 -1
38 337 1
3 337 -1
38 338 1
3 338 -1
3 339 1
38 339 -1
39 340 1
3 340 -1
39 341 1
3 341 -1
40 342 1
3 342 -1
41 343 1
3 343 -1
3 344 1
41 344 -1
3 345 1
41 345 -1
41 346 1
3 346 -1
3 347 1
42 347 -1
3 348 1
42 348 -1
3 349 1
43 349 -1
43 350 1
3 350 -1
3 351 1
43 351 -1
3 352 1
43 352 -1
44 353 1
3 353 -1
3 354 1
44 354 -1
3 355 1
44 355 -1
3 356 1
44 356 -1
45 357 1
3 357 -1
3 358 1
45 358 -1
3 359 1
45 359 -1
46 360 1
3 360 -1
47 361 1
3 361 -1
3 362 1
47 362 -1
47 363 1
3 363 -1
3 364 1
48 364 -1
48 365 1
3 365 -1
3 366 1
48 366 -1
3 367 1
48 367 -1
3 368 1
49 368 -1
3 369 1
50 369 -1
3 370 1
50 370 -1
4 371 1
5 371 -1
5 372 1
4 372 -1
4 373 1
6 373 -1
4 374 1
7 374 -1
4 375 1
8 375 -1
4 376 1
8 376 -1
4 377 1
8 377 -1
4 378 1
8 378 -1
9 379 1
4 379 -1
9 380 1
4 380 -1
4 381 1
9 381 -1
9 382 1
4 382 -1
4 383 1
10 383 -1
4 384 1
10 384 -1
4 385 1
11 385 -1
4 386 1
11 386 -1
12 387 1
4 387 -1
4 388 1
13 388 -1
14 389 1
4 389 -1
15 390 1
4 390 -1
4 391 1
15 391 -1
4 392 1
15 392 -1
4 393 1
16 393 -1
16 394 1
4 394 -1
16 395 1
4 395 -1
4 396 1
17 396 -1
18 397 1
4 397 -1
19 398 1
4 398 -1
20 399 1
4 399 -1
20 400 1
4 400 -1
4 401 1
21 401 -1
4 402 1
22 402 -1
4 403 1
22 403 -1
22 404 1
4 404 -1
4 405 1
22 405 -1
23 406 1
4 406 -1
23 407 1
4 407 -1
23 408 1
4 408 -1
4 409 1
24 409 -1
4 410 1
25 410 -1
26 411 1
4 411 -1
4 412 1
26 412 -1
27 413 1
4 413 -1
4 414 1
27 414 -1
4 415 1
27 415 -1
28 416 1
4 416 -1
28 417 1
4 417 -1
28 418 1
4 418 -1
4 419 1
28 419 -1
29 420 1
4 420 -1
4 421 1
29 421 -1
29 422 1
4 422 -1
4 423 1
30 423 -1
4 424 1
31 424 -1
4 425 1
31 425 -1
4 426 1
31 426 -1
4 427 1
32 427 -1
4 428 1
32 428 -1
4 429 1
32 429 -1
33 430 1
4 430 -1
4 431 1
33 431 -1
33 432 1
4 432 -1
34 433 1
4 433 -1
34 434 1
4 434 -1
34 435 1
4 435 -1
35 436 1
4 436 -1
4 437 1
35 437 -1
4 438 1
35 438 -1
4 439 1
36 439 -1
36 440 1
4 440 -1
37 441 1
4 441 -1
37 442 1
4 442 -1
37 443 1
4 443 -1
4 444 1
38 444 -1
4 445 1
38 445 -1
38 446 1
4 446 -1
4 447 1
39 447 -1
4 448 1
39 448 -1
4 449 1
39 449 -1
40 450 1
4 450 -1
4 451 1
41 451 -1
4 452 1
42 452 -1
42 453 1
4 453 -1
4 454 1
42 454 -1
4 455 1
42 455 -1
43 456 1
4 456 -1
43 457 1
4 457 -1
44 458 1
4 458 -1
4 459 1
45 459 -1
45 460 1
4 460 -1
4 461 1
46 461 -1
4 462 1
47 462 -1
4 463 1
47 463 -1
4 464 1
47 464 -1
4 465 1
47 465 -1
48 466 1
4 466 -1
49 467 1
4 467 -1
49 468 1
4 468 -1
4 469 1
49 469 -1
4 470 1
50 470 -1
4 471 1
50 471 -1
5 472 1
6 472 -1
7 473 1
5 473 -1
5 474 1
8 474 -1
9 475 1
5 475 -1
10 476 1
5 476 -1
11 477 1
5 477 -1
11 478 1
5 478 -1
5 479 1
11 479 -1
5 480 1
11 480 -1
5 481 1
12 481 -1
12 482 1
5 482 -1
5 483 1
12 483 -1
5 484 1
13 484 -1
5 485 1
13 485 -1
13 486 1
5 486 -1
13 487 1
5 487 -1
14 488 1
5 488 -1
14 489 1
5 489 -1
14 490 1
5 490 -1
5 491 1
14 491 -1
15 492 1
5 492 -1
5 493 1
16 493 -1
16 494 1
5 494 -1
5 495 1
16 495 -1
5 496 1
17 496 -1
18 497 1
5 497 -1
5 498 1
18 498 -1
18 499 1
5 499 -1
19 500 1
5 500 -1
19 501 1
5 501 -1
19 502 1
5 502 -1
5 503 1
20 503 -1
5 504 1
20 504 -1
5 505 1
20 505 -1
20 506 1
5 506 -1
21 507 1
5 507 -1
22 508 1
5 508 -1
22 509 1
5 509 -1
22 510 1
5 510 -1
5 511 1
23 511 -1
5 512 1
23 512 -1
5 513 1
23 513 -1
5 514 1
24 514 -1
24 515 1
5 515 -1
25 516 1
5 516 -1
25 517 1
5 517 -1
5 518 1
25 518 -1
25 519 1
5 519 -1
5 520 1
26 520 -1
26 521 1
5 521 -1
5 522 1
26 522 -1
26 523 1
5 523 -1
5 524 1
27 524 -1
27 525 1
5 525 -1
5 526 1
27 526 -1
5 527 1
28 527 -1
5 528 1
29 528 -1
5 529 1
29 529 -1
5 530 1
29 530 -1
30 531 1
5 531 -1
31 532 1
5 532 -1
5 533 1
31 533 -1
5 534 1
31 534 -1
5 535 1
31 535 -1
32 536 1
5 536 -1
33 537 1
5 537 -1
5 538 1
33 538 -1
33 539 1
5 539 -1
34 540 1
5 540 -1
34 541 1
5 541 -1
34 542 1
5 542 -1
34 543 1
5 543 -1
5 544 1
35 544 -1
5 545 1
35 545 -1
35 546 1
5 546 -1
5 547 1
36 547 -1
5 548 1
36 548 -1
37 549 1
5 549 -1
5 550 1
37 550 -1
37 551 1
5 551 -1
37 552 1
5 552 -1
38 553 1
5 553 -1
5 554 1
38 554 -1
5 555 1
38 555 -1
5 556 1
38 556 -1
5 557 1
39 557 -1
39 558 1
5 558 -1
39 559 1
5 559 -1
39 560 1
5 560 -1
40 561 1
5 561 -1
40 562 1
5 562 -1
5 563 1
41 563 -1
41 564 1
5 564 -1
41 565 1
5 565 -1
5 566 1
42 566 -1
5 567 1
42 567 -1
5 568 1
42 568 -1
5 569 1
43 569 -1
43 570 1
5 570 -1
5 571 1
43 571 -1
43 572 1
5 572 -1
44 573 1
5 573 -1
44 574 1
5 574 -1
45 575 1
5 575 -1
45 576 1
5 576 -1
45 577 1
5 577 -1
45 578 1
5 578 -1
46 579 1
5 579 -1
5 580 1
46 580 -1
5 581 1
47 581 -1
48 582 1
5 582 -1
5 583 1
48 583 -1
5 584 1
49 584 -1
49 585 1
5 585 -1
49 586 1
5 586 -1
5 587 1
50 587 -1
50 588 1
5 588 -1
50 589 1
5 589 -1
7 590 1
6 590 -1
7 591 1
6 591 -1
8 592 1
6 592 -1
8 593 1
6 593 -1
6 594 1
8 594 -1
6 595 1
9 595 -1
6 596 1
10 596 -1
10 597 1
6 597 -1
10 598 1
6 598 -1
11 599 1
6 599 -1
6 600 1
11 600 -1
6 601 1
12 601 -1
13 602 1
6 602 -1
6 603 1
13 603 -1
13 604 1
6 604 -1
6 605 1
14 605 -1
6 606 1
15 606 -1
15 607 1
6 607 -1
15 608 1
6 608 -1
6 609 1
16 609 -1
6 610 1
16 610 -1
6 611 1
16 611 -1
6 612 1
17 612 -1
6 613 1
17 613 -1
6 614 1
17 614 -1
6 615 1
18 615 -1
19 616 1
6 616 -1
19 617 1
6 617 -1
6 618 1
20 618 -1
6 619 1
20 619 -1
20 620 1
6 620 -1
21 621 1
6 621 -1
6 622 1
21 622 -1
21 623 1
6 623 -1
6 624 1
21 624 -1
6 625 1
22 625 -1
23 626 1
6 626 -1
6 627 1
23 627 -1
6 628 1
24 628 -1
24 629 1
6 629 -1
24 630 1
6 630 -1
6 631 1
25 631 -1
6 632 1
25 632 -1
6 633 1
25 633 -1
25 634 1
6 634 -1
26 635 1
6 635 -1
27 636 1
6 636 -1
27 637 1
6 637 -1
6 638 1
28 638 -1
29 639 1
6 639 -1
30 640 1
6 640 -1
6 641 1
30 641 -1
31 642 1
6 642 -1
31 643 1
6 643 -1
31 644 1
6 644 -1
32 645 1
6 645 -1
33 646 1
6 646 -1
6 647 1
34 647 -1
34 648 1
6 648 -1
34 649 1
6 649 -1
6 650 1
34 650 -1
35 651 1
6 651 -1
35 652 1
6 652 -1
35 653 1
6 653 -1
36 654 1
6 654 -1
37 655 1
6 655 -1
6 656 1
37 656 -1
37 657 1
6 657 -1
6 658 1
38 658 -1
38 659 1
6 659 -1
6 660 1
38 660 -1
6 661 1
38 661 -1
39 662 1
6 662 -1
40 663 1
6 663 -1
6 664 1
41 664 -1
6 665 1
41 665 -1
41 666 1
6 666 -1
6 667 1
42 667 -1
6 668 1
43 668 -1
6 669 1
43 669 -1
6 670 1
43 670 -1
6 671 1
43 671 -1
44 672 1
6 672 -1
44 673 1
6 673 -1
44 674 1
6 674 -1
6 675 1
44 675 -1
45 676 1
6 676 -1
45 677 1
6 677 -1
45 678 1
6 678 -1
45 679 1
6 679 -1
46 680 1
6 680 -1
46 681 1
6 681 -1
46 682 1
6 682 -1
6 683 1
46 683 -1
6 684 1
47 684 -1
47 685 1
6 685 -1
6 686 1
47 686 -1
6 687 1
47 687 -1
6 688 1
48 688 -1
48 689 1
6 689 -1
48 690 1
6 690 -1
49 691 1
6 691 -1
6 692 1
49 692 -1
49 693 1
6 693 -1
49 694 1
6 694 -1
6 695 1
50 695 -1
6 696 1
50 696 -1
6 697 1
50 697 -1
8 698 1
7 698 -1
7 699 1
8 699 -1
8 700 1
7 700 -1
9 701 1
7 701 -1
10 702 1
7 702 -1
10 703 1
7 703 -1
7 704 1
11 704 -1
7 705 1
11 705 -1
11 706 1
7 706 -1
11 707 1
7 707 -1
12 708 1
7 708 -1
12 709 1
7 709 -1
7 710 1
12 710 -1
13 711 1
7 711 -1
7 712 1
13 712 -1
13 713 1
7 713 -1
7 714 1
14 714 -1
14 715 1
7 715 -1
7 716 1
14 716 -1
7 717 1
14 717 -1
15 718 1
7 718 -1
15 719 1
7 719 -1
7 720 1
15 720 -1
7 721 1
16 721 -1
17 722 1
7 722 -1
18 723 1
7 723 -1
7 724 1
18 724 -1
7 725 1
18 725 -1
7 726 1
19 726 -1
20 727 1
7 727 -1
20 728 1
7 728 -1
20 729 1
7 729 -1
21 730 1
7 730 -1
7 731 1
21 731 -1
22 732 1
7 732 -1
22 733 1
7 733 -1
22 734 1
7 734 -1
23 735 1
7 735 -1
7 736 1
23 736 -1
23 737 1
7 737 -1
24 738 1
7 738 -1
24 739 1
7 739 -1
7 740 1
24 740 -1
25 741 1
7 741 -1
25 742 1
7 742 -1
7 743 1
26 743 -1
27 744 1
7 744 -1
7 745 1
27 745 -1
28 746 1
7 746 -1
7 747 1
28 747 -1
28 748 1
7 748 -1
7 749 1
29 749 -1
30 750 1
7 750 -1
7 751 1
30 751 -1
7 752 1
31 752 -1
7 753 1
31 753 -1
32 754 1
7 754 -1
7 755 1
32 755 -1
32 756 1
7 756 -1
33 757 1
7 757 -1
33 758 1
7 758 -1
7 759 1
33 759 -1
7 760 1
33 760 -1
34 761 1
7 761 -1
7 762 1
34 762 -1
7 763 1
34 763 -1
35 764 1
7 764 -1
36 765 1
7 765 -1
36 766 1
7 766 -1
7 767 1
37 767 -1
7 768 1
37 768 -1
38 769 1
7 769 -1
7 770 1
38 770 -1
7 771 1
39 771 -1
39 772 1
7 772 -1
7 773 1
40 773 -1
40 774 1
7 774 -1
7 775 1
40 775 -1
40 776 1
7 776 -1
7 777 1
41 777 -1
7 778 1
41 778 -1
7 779 1
41 779 -1
42 780 1
7 780 -1
7 781 1
42 781 -1
42 782 1
7 782 -1
7 783 1
42 783 -1
7 784 1
43 784 -1
7 785 1
44 785 -1
7 786 1
44 786 -1
7 787 1
45 787 -1
7 788 1
46 788 -1
46 789 1
7 789 -1
46 790 1
7 790 -1
7 791 1
47 791 -1
7 792 1
47 792 -1
7 793 1
47 793 -1
47 794 1
7 794 -1
48 795 1
7 795 -1
48 796 1
7 796 -1
7 797 1
48 797 -1
7 798 1
49 798 -1
50 799 1
7 799 -1
8 800 1
9 800 -1
9 801 1
8 801 -1
9 802 1
8 802 -1
8 803 1
9 803 -1
8 804 1
10 804 -1
8 805 1
11 805 -1
11 806 1
8 806 -1
8 807 1
12 807 -1
8 808 1
12 808 -1
8 809 1
13 809 -1
8 810 1
13 810 -1
8 811 1
13 811 -1
14 812 1
8 812 -1
14 813 1
8 813 -1
8 814 1
14 814 -1
8 815 1
14 815 -1
15 816 1
8 816 -1
8 817 1
15 817 -1
8 818 1
15 818 -1
8 819 1
15 819 -1
8 820 1
16 820 -1
17 821 1
8 821 -1
18 822 1
8 822 -1
18 823 1
8 823 -1
8 824 1
18 824 -1
8 825 1
18 825 -1
8 826 1
19 826 -1
20 827 1
8 827 -1
8 828 1
21 828 -1
8 829 1
22 829 -1
8 830 1
23 830 -1
8 831 1
23 831 -1
8 832 1
23 832 -1
23 833 1
8 833 -1
8 834 1
24 834 -1
25 835 1
8 835 -1
8 836 1
25 836 -1
26 837 1
8 837 -1
26 838 1
8 838 -1
26 839 1
8 839 -1
27 840 1
8 840 -1
27 841 1
8 841 -1
8 842 1
28 842 -1
8 843 1
29 843 -1
8 844 1
29 844 -1
30 845 1
8 845 -1
8 846 1
31 846 -1
8 847 1
31 847 -1
31 848 1
8 848 -1
31 849 1
8 849 -1
8 850 1
32 850 -1
33 851 1
8 851 -1
8 852 1
33 852 -1
33 853 1
8 853 -1
34 854 1
8 854 -1
34 855 1
8 855 -1
35 856 1
8 856 -1
35 857 1
8 857 -1
36 858 1
8 858 -1
8 859 1
36 859 -1
8 860 1
37 860 -1
38 861 1
8 861 -1
8 862 1
38 862 -1
8 863 1
38 863 -1
8 864 1
38 864 -1
39 865 1
8 865 -1
39 866 1
8 866 -1
8 867 1
39 867 -1
39 868 1
8 868 -1
8 869 1
40 869 -1
8 870 1
41 870 -1
41 871 1
8 871 -1
8 872 1
42 872 -1
8 873 1
42 873 -1
8 874 1
42 874 -1
8 875 1
43 875 -1
43 876 1
8 876 -1
44 877 1
8 877 -1
8 878 1
44 878 -1
45 879 1
8 879 -1
45 880 1
8 880 -1
46 881 1
8 881 -1
46 882 1
8 882 -1
8 883 1
46 883 -1
46 884 1
8 884 -1
47 885 1
8 885 -1
8 886 1
47 886 -1
47 887 1
8 887 -1
8 888 1
47 888 -1
8 889 1
48 889 -1
48 890 1
8 890 -1
48 891 1
8 891 -1
8 892 1
48 892 -1
49 893 1
8 893 -1
8 894 1
49 894 -1
8 895 1
49 895 -1
8 896 1
50 896 -1
50 897 1
8 897 -1
9 898 1
10 898 -1
11 899 1
9 899 -1
12 900 1
9 900 -1
12 901 1
9 901 -1
9 902 1
13 902 -1
9 903 1
14 903 -1
14 904 1
9 904 -1
9 905 1
14 905 -1
9 906 1
14 906 -1
9 907 1
15 907 -1
15 908 1
9 908 -1
15 909 1
9 909 -1
9 910 1
15 910 -1
9 911 1
16 911 -1
16 912 1
9 912 -1
17 913 1
9 913 -1
17 914 1
9 914 -1
9 915 1
17 915 -1
18 916 1
9 916 -1
9 917 1
18 917 -1
9 918 1
18 918 -1
18 919 1
9 919 -1
19 920 1
9 920 -1
19 921 1
9 921 -1
19 922 1
9 922 -1
9 923 1
20 923 -1
20 924 1
9 924 -1
9 925 1
20 925 -1
9 926 1
21 926 -1
21 927 1
9 927 -1
22 928 1
9 928 -1
9 929 1
22 929 -1
22 930 1
9 930 -1
22 931 1
9 931 -1
9 932 1
23 932 -1
9 933 1
24 933 -1
24 934 1
9 934 -1
9 935 1
24 935 -1
24 936 1
9 936 -1
25 937 1
9 937 -1
25 938 1
9 938 -1
9 939 1
25 939 -1
9 940 1
26 940 -1
9 941 1
26 941 -1
27 942 1
9 942 -1
27 943 1
9 943 -1
9 944 1
27 944 -1
9 945 1
27 945 -1
9 946 1
28 946 -1
29 947 1
9 947 -1
9 948 1
29 948 -1
29 949 1
9 949 -1
29 950 1
9 950 -1
30 951 1
9 951 -1
9 952 1
31 952 -1
31 953 1
9 953 -1
9 954 1
32 954 -1
9 955 1
32 955 -1
9 956 1
32 956 -1
9 957 1
33 957 -1
33 958 1
9 958 -1
9 959 1
33 959 -1
33 960 1
9 960 -1
34 961 1
9 961 -1
34 962 1
9 962 -1
9 963 1
34 963 -1
9 964 1
34 964 -1
9 965 1
35 965 -1
9 966 1
35 966 -1
35 967 1
9 967 -1
9 968 1
35 968 -1
36 969 1
9 969 -1
9 970 1
36 970 -1
36 971 1
9 971 -1
37 972 1
9 972 -1
9 973 1
37 973 -1
38 974 1
9 974 -1
38 975 1
9 975 -1
9 976 1
38 976 -1
9 977 1
38 977 -1
39 978 1
9 978 -1
39 979 1
9 979 -1
9 980 1
39 980 -1
39 981 1
9 981 -1
9 982 1
40 982 -1
9 983 1
41 983 -1
41 984 1
9 984 -1
9 985 1
41 985 -1
42 986 1
9 986 -1
43 987 1
9 987 -1
9 988 1
43 988 -1
9 989 1
44 989 -1
44 990 1
9 990 -1
9 991 1
45 991 -1
45 992 1
9 992 -1
45 993 1
9 993 -1
9 994 1
46 994 -1
9 995 1
46 995 -1
9 996 1
46 996 -1
47 997 1
9 997 -1
9 998 1
47 998 -1
9 999 1
47 999 -1
9 1000 1
48 1000 -1
9 1001 1
48 1001 -1
49 1002 1
9 1002 -1
49 1003 1
9 1003 -1
49 1004 1
9 1004 -1
9 1005 1
50 1005 -1
9 1006 1
50 1006 -1
10 1007 1
11 1007 -1
11 1008 1
10 1008 -1
11 1009 1
10 1009 -1
12 1010 1
10 1010 -1
10 1011 1
12 1011 -1
12 1012 1
10 1012 -1
10 1013 1
13 1013 -1
13 1014 1
10 1014 -1
13 1015 1
10 1015 -1
14 1016 1
10 1016 -1
10 1017 1
15 1017 -1
15 1018 1
10 1018 -1
10 1019 1
15 1019 -1
16 1020 1
10 1020 -1
10 1021 1
17 1021 -1
17 1022 1
10 1022 -1
17 1023 1
10 1023 -1
18 1024 1
10 1024 -1
10 1025 1
18 1025 -1
10 1026 1
18 1026 -1
19 1027 1
10 1027 -1
10 1028 1
19 1028 -1
20 1029 1
10 1029 -1
20 1030 1
10 1030 -1
21 1031 1
10 1031 -1
10 1032 1
21 1032 -1
22 1033 1
10 1033 -1
10 1034 1
22 1034 -1
10 1035 1
22 1035 -1
22 1036 1
10 1036 -1
23 1037 1
10 1037 -1
10 1038 1
24 1038 -1
24 1039 1
10 1039 -1
10 1040 1
24 1040 -1
24 1041 1
10 1041 -1
25 1042 1
10 1042 -1
10 1043 1
25 1043 -1
26 1044 1
10 1044 -1
10 1045 1
27 1045 -1
10 1046 1
27 1046 -1
10 1047 1
28 1047 -1
28 1048 1
10 1048 -1
28 1049 1
10 1049 -1
29 1050 1
10 1050 -1
10 1051 1
29 1051 -1
29 1052 1
10 1052 -1
10 1053 1
30 1053 -1
31 1054 1
10 1054 -1
10 1055 1
31 1055 -1
10 1056 1
31 1056 -1
10 1057 1
32 1057 -1
32 1058 1
10 1058 -1
32 1059 1
10 1059 -1
10 1060 1
33 1060 -1
10 1061 1
34 1061 -1
34 1062 1
10 1062 -1
34 1063 1
10 1063 -1
34 1064 1
10 1064 -1
10 1065 1
35 1065 -1
10 1066 1
36 1066 -1
36 1067 1
10 1067 -1
10 1068 1
36 1068 -1
36 1069 1
10 1069 -1
37 1070 1
10 1070 -1
10 1071 1
37 1071 -1
10 1072 1
37 1072 -1
10 1073 1
37 1073 -1
38 1074 1
10 1074 -1
10 1075 1
38 1075 -1
39 1076 1
10 1076 -1
10 1077 1
39 1077 -1
40 1078 1
10 1078 -1
10 1079 1
40 1079 -1
40 1080 1
10 1080 -1
41 1081 1
10 1081 -1
10 1082 1
41 1082 -1
10 1083 1
42 1083 -1
42 1084 1
10 1084 -1
42 1085 1
10 1085 -1
43 1086 1
10 1086 -1
44 1087 1
10 1087 -1
10 1088 1
44 1088 -1
10 1089 1
45 1089 -1
45 1090 1
10 1090 -1
45 1091 1
10 1091 -1
10 1092 1
46 1092 -1
46 1093 1
10 1093 -1
46 1094 1
10 1094 -1
46 1095 1
10 1095 -1
10 1096 1
47 1096 -1
47 1097 1
10 1097 -1
10 1098 1
47 1098 -1
10 1099 1
48 1099 -1
10 1100 1
48 1100 -1
10 1101 1
48 1101 -1
49 1102 1
10 1102 -1
10 1103 1
49 1103 -1
10 1104 1
49 1104 -1
49 1105 1
10 1105 -1
50 1106 1
10 1106 -1
10 1107 1
50 1107 -1
11 1108 1
12 1108 -1
11 1109 1
13 1109 -1
13 1110 1
11 1110 -1
11 1111 1
14 1111 -1
11 1112 1
14 1112 -1
14 1113 1
11 1113 -1
11 1114 1
15 1114 -1
15 1115 1
11 1115 -1
16 1116 1
11 1116 -1
16 1117 1
11 1117 -1
16 1118 1
11 1118 -1
17 1119 1
11 1119 -1
11 1120 1
17 1120 -1
17 1121 1
11 1121 -1
11 1122 1
17 1122 -1
18 1123 1
11 1123 -1
19 1124 1
11 1124 -1
19 1125 1
11 1125 -1
19 1126 1
11 1126 -1
19 1127 1
11 1127 -1
20 1128 1
11 1128 -1
11 1129 1
20 1129 -1
11 1130 1
20 1130 -1
11 1131 1
21 1131 -1
11 1132 1
22 1132 -1
11 1133 1
23 1133 -1
23 1134 1
11 1134 -1
11 1135 1
23 1135 -1
23 1136 1
11 1136 -1
24 1137 1
11 1137 -1
24 1138 1
11 1138 -1
24 1139 1
11 1139 -1
11 1140 1
25 1140 -1
25 1141 1
11 1141 -1
11 1142 1
25 1142 -1
11 1143 1
26 1143 -1
26 1144 1
11 1144 -1
26 1145 1
11 1145 -1
27 1146 1
11 1146 -1
11 1147 1
28 1147 -1
11 1148 1
28 1148 -1
11 1149 1
28 1149 -1
28 1150 1
11 1150 -1
11 1151 1
29 1151 -1
30 1152 1
11 1152 -1
11 1153 1
31 1153 -1
31 1154 1
11 1154 -1
32 1155 1
11 1155 -1
11 1156 1
32 1156 -1
11 1157 1
33 1157 -1
11 1158 1
33 1158 -1
11 1159 1
33 1159 -1
34 1160 1
11 1160 -1
34 1161 1
11 1161 -1
34 1162 1
11 1162 -1
11 1163 1
35 1163 -1
35 1164 1
11 1164 -1
11 1165 1
36 1165 -1
36 1166 1
11 1166 -1
11 1167 1
36 1167 -1
37 1168 1
11 1168 -1
37 1169 1
11 1169 -1
38 1170 1
11 1170 -1
39 1171 1
11 1171 -1
39 1172 1
11 1172 -1
39 1173 1
11 1173 -1
11 1174 1
40 1174 -1
41 1175 1
11 1175 -1
42 1176 1
11 1176 -1
11 1177 1
42 1177 -1
11 1178 1
42 1178 -1
42 1179 1
11 1179 -1
43 1180 1
11 1180 -1
43 1181 1
11 1181 -1
43 1182 1
11 1182 -1
11 1183 1
43 1183 -1
44 1184 1
11 1184 -1
44 1185 1
11 1185 -1
11 1186 1
44 1186 -1
44 1187 1
11 1187 -1
45 1188 1
11 1188 -1
11 1189 1
45 1189 -1
11 1190 1
45 1190 -1
11 1191 1
46 1191 -1
11 1192 1
46 1192 -1
11 1193 1
46 1193 -1
11 1194 1
46 1194 -1
11 1195 1
47 1195 -1
11 1196 1
47 1196 -1
47 1197 1
11 1197 -1
11 1198 1
48 1198 -1
49 1199 1
11 1199 -1
49 1200 1
11 1200 -1
50 1201 1
11 1201 -1
11 1202 1
50 1202 -1
11 1203 1
50 1203 -1
11 1204 1
50 1204 -1
12 1205 1
13 1205 -1
13 1206 1
12 1206 -1
12 1207 1
13 1207 -1
13 1208 1
12 1208 -1
12 1209 1
14 1209 -1
12 1210 1
14 1210 -1
14 1211 1
12 1211 -1
15 1212 1
12 1212 -1
12 1213 1
15 1213 -1
12 1214 1
15 1214 -1
12 1215 1
16 1215 -1
12 1216 1
17 1216 -1
17 1217 1
12 1217 -1
12 1218 1
18 1218 -1
12 1219 1
18 1219 -1
18 1220 1
12 1220 -1
12 1221 1
18 1221 -1
19 1222 1
12 1222 -1
19 1223 1
12 1223 -1
12 1224 1
20 1224 -1
20 1225 1
12 1225 -1
20 1226 1
12 1226 -1
12 1227 1
20 1227 -1
12 1228 1
21 1228 -1
12 1229 1
21 1229 -1
21 1230 1
12 1230 -1
21 1231 1
12 1231 -1
22 1232 1
12 1232 -1
22 1233 1
12 1233 -1
12 1234 1
22 1234 -1
23 1235 1
12 1235 -1
12 1236 1
24 1236 -1
24 1237 1
12 1237 -1
12 1238 1
25 1238 -1
12 1239 1
25 1239 -1
25 1240 1
12 1240 -1
26 1241 1
12 1241 -1
12 1242 1
27 1242 -1
12 1243 1
27 1243 -1
27 1244 1
12 1244 -1
27 1245 1
12 1245 -1
28 1246 1
12 1246 -1
12 1247 1
29 1247 -1
29 1248 1
12 1248 -1
29 1249 1
12 1249 -1
12 1250 1
30 1250 -1
12 1251 1
30 1251 -1
31 1252 1
12 1252 -1
12 1253 1
32 1253 -1
12 1254 1
33 1254 -1
33 1255 1
12 1255 -1
12 1256 1
33 1256 -1
34 1257 1
12 1257 -1
12 1258 1
34 1258 -1
12 1259 1
34 1259 -1
12 1260 1
34 1260 -1
12 1261 1
35 1261 -1
35 1262 1
12 1262 -1
12 1263 1
35 1263 -1
36 1264 1
12 1264 -1
36 1265 1
12 1265 -1
12 1266 1
37 1266 -1
38 1267 1
12 1267 -1
12 1268 1
38 1268 -1
12 1269 1
38 1269 -1
12 1270 1
38 1270 -1
12 1271 1
39 1271 -1
40 1272 1
12 1272 -1
12 1273 1
40 1273 -1
12 1274 1
41 1274 -1
12 1275 1
41 1275 -1
12 1276 1
41 1276 -1
41 1277 1
12 1277 -1
42 1278 1
12 1278 -1
12 1279 1
42 1279 -1
42 1280 1
12 1280 -1
42 1281 1
12 1281 -1
43 1282 1
12 1282 -1
12 1283 1
43 1283 -1
43 1284 1
12 1284 -1
43 1285 1
12 1285 -1
12 1286 1
44 1286 -1
12 1287 1
44 1287 -1
12 1288 1
44 1288 -1
44 1289 1
12 1289 -1
45 1290 1
12 1290 -1
45 1291 1
12 1291 -1
12 1292 1
45 1292 -1
46 1293 1
12 1293 -1
12 1294 1
46 1294 -1
12 1295 1
47 1295 -1
12 1296 1
47 1296 -1
48 1297 1
12 1297 -1
12 1298 1
48 1298 -1
12 1299 1
48 1299 -1
49 1300 1
12 1300 -1
50 1301 1
12 1301 -1
12 1302 1
50 1302 -1
50 1303 1
12 1303 -1
12 1304 1
50 1304 -1
13 1305 1
14 1305 -1
13 1306 1
15 1306 -1
13 1307 1
15 1307 -1
15 1308 1
13 1308 -1
15 1309 1
13 1309 -1
13 1310 1
16 1310 -1
17 1311 1
13 1311 -1
18 1312 1
13 1312 -1
13 1313 1
18 1313 -1
19 1314 1
13 1314 -1
19 1315 1
13 1315 -1
20 1316 1
13 1316 -1
13 1317 1
20 1317 -1
13 1318 1
21 1318 -1
22 1319 1
13 1319 -1
13 1320 1
22 1320 -1
23 1321 1
13 1321 -1
13 1322 1
23 1322 -1
23 1323 1
13 1323 -1
13 1324 1
24 1324 -1
13 1325 1
25 1325 -1
13 1326 1
25 1326 -1
13 1327 1
25 1327 -1
26 1328 1
13 1328 -1
26 1329 1
13 1329 -1
27 1330 1
13 1330 -1
13 1331 1
27 1331 -1
27 1332 1
13 1332 -1
13 1333 1
27 1333 -1
28 1334 1
13 1334 -1
28 1335 1
13 1335 -1
28 1336 1
13 1336 -1
13 1337 1
28 1337 -1
29 1338 1
13 1338 -1
30 1339 1
13 1339 -1
31 1340 1
13 1340 -1
13 1341 1
31 1341 -1
13 1342 1
32 1342 -1
32 1343 1
13 1343 -1
13 1344 1
33 1344 -1
33 1345 1
13 1345 -1
33 1346 1
13 1346 -1
34 1347 1
13 1347 -1
13 1348 1
35 1348 -1
13 1349 1
35 1349 -1
35 1350 1
13 1350 -1
36 1351 1
13 1351 -1
36 1352 1
13 1352 -1
13 1353 1
36 1353 -1
37 1354 1
13 1354 -1
13 1355 1
37 1355 -1
37 1356 1
13 1356 -1
37 1357 1
13 1357 -1
38 1358 1
13 1358 -1
38 1359 1
13 1359 -1
13 1360 1
39 1360 -1
13 1361 1
39 1361 -1
13 1362 1
39 1362 -1
39 1363 1
13 1363 -1
13 1364 1
40 1364 -1
40 1365 1
13 1365 -1
41 1366 1
13 1366 -1
13 1367 1
42 1367 -1
13 1368 1
42 1368 -1
13 1369 1
43 1369 -1
43 1370 1
13 1370 -1
43 1371 1
13 1371 -1
43 1372 1
13 1372 -1
44 1373 1
13 1373 -1
44 1374 1
13 1374 -1
13 1375 1
45 1375 -1
46 1376 1
13 1376 -1
13 1377 1
47 1377 -1
13 1378 1
47 1378 -1
13 1379 1
47 1379 -1
13 1380 1
48 1380 -1
13 1381 1
49 1381 -1
13 1382 1
50 1382 -1
50 1383 1
13 1383 -1
14 1384 1
15 1384 -1
14 1385 1
16 1385 -1
16 1386 1
14 1386 -1
16 1387 1
14 1387 -1
16 1388 1
14 1388 -1
14 1389 1
17 1389 -1
17 1390 1
14 1390 -1
14 1391 1
17 1391 -1
14 1392 1
17 1392 -1
14 1393 1
18 1393 -1
18 1394 1
14 1394 -1
18 1395 1
14 1395 -1
18 1396 1
14 1396 -1
19 1397 1
14 1397 -1
20 1398 1
14 1398 -1
20 1399 1
14 1399 -1
21 1400 1
14 1400 -1
21 1401 1
14 1401 -1
21 1402 1
14 1402 -1
14 1403 1
21 1403 -1
22 1404 1
14 1404 -1
14 1405 1
22 1405 -1
22 1406 1
14 1406 -1
14 1407 1
22 1407 -1
23 1408 1
14 1408 -1
14 1409 1
23 1409 -1
14 1410 1
23 1410 -1
14 1411 1
24 1411 -1
14 1412 1
24 1412 -1
24 1413 1
14 1413 -1
24 1414 1
14 1414 -1
14 1415 1
25 1415 -1
14 1416 1
25 1416 -1
26 1417 1
14 1417 -1
14 1418 1
26 1418 -1
14 1419 1
26 1419 -1
14 1420 1
27 1420 -1
27 1421 1
14 1421 -1
27 1422 1
14 1422 -1
27 1423 1
14 1423 -1
14 1424 1
28 1424 -1
29 1425 1
14 1425 -1
29 1426 1
14 1426 -1
14 1427 1
30 1427 -1
30 1428 1
14 1428 -1
14 1429 1
31 1429 -1
31 1430 1
14 1430 -1
14 1431 1
31 1431 -1
31 1432 1
14 1432 -1
32 1433 1
14 1433 -1
14 1434 1
32 1434 -1
33 1435 1
14 1435 -1
34 1436 1
14 1436 -1
34 1437 1
14 1437 -1
35 1438 1
14 1438 -1
14 1439 1
35 1439 -1
35 1440 1
14 1440 -1
14 1441 1
35 1441 -1
36 1442 1
14 1442 -1
36 1443 1
14 1443 -1
36 1444 1
14 1444 -1
14 1445 1
37 1445 -1
37 1446 1
14 1446 -1
37 1447 1
14 1447 -1
14 1448 1
38 1448 -1
38 1449 1
14 1449 -1
38 1450 1
14 1450 -1
14 1451 1
38 1451 -1
14 1452 1
39 1452 -1
14 1453 1
39 1453 -1
39 1454 1
14 1454 -1
39 1455 1
14 1455 -1
40 1456 1
14 1456 -1
41 1457 1
14 1457 -1
14 1458 1
41 1458 -1
14 1459 1
42 1459 -1
42 1460 1
14 1460 -1
42 1461 1
14 1461 -1
14 1462 1
42 1462 -1
14 1463 1
43 1463 -1
43 1464 1
14 1464 -1
43 1465 1
14 1465 -1
43 1466 1
14 1466 -1
44 1467 1
14 1467 -1
44 1468 1
14 1468 -1
45 1469 1
14 1469 -1
14 1470 1
45 1470 -1
14 1471 1
45 1471 -1
45 1472 1
14 1472 -1
14 1473 1
46 1473 -1
46 1474 1
14 1474 -1
14 1475 1
46 1475 -1
47 1476 1
14 1476 -1
14 1477 1
47 1477 -1
14 1478 1
47 1478 -1
47 1479 1
14 1479 -1
48 1480 1
14 1480 -1
14 1481 1
48 1481 -1
14 1482 1
49 1482 -1
14 1483 1
49 1483 -1
14 1484 1
50 1484 -1
15 1485 1
16 1485 -1
17 1486 1
15 1486 -1
15 1487 1
17 1487 -1
17 1488 1
15 1488 -1
17 1489 1
15 1489 -1
15 1490 1
18 1490 -1
15 1491 1
18 1491 -1
18 1492 1
15 1492 -1
18 1493 1
15 1493 -1
19 1494 1
15 1494 -1
15 1495 1
19 1495 -1
15 1496 1
19 1496 -1
20 1497 1
15 1497 -1
15 1498 1
21 1498 -1
15 1499 1
21 1499 -1
21 1500 1
15 1500 -1
22 1501 1
15 1501 -1
15 1502 1
22 1502 -1
22 1503 1
15 1503 -1
15 1504 1
22 1504 -1
15 1505 1
23 1505 -1
23 1506 1
15 1506 -1
23 1507 1
15 1507 -1
15 1508 1
23 1508 -1
24 1509 1
15 1509 -1
15 1510 1
24 1510 -1
15 1511 1
24 1511 -1
15 1512 1
25 1512 -1
15 1513 1
25 1513 -1
15 1514 1
26 1514 -1
15 1515 1
26 1515 -1
27 1516 1
15 1516 -1
15 1517 1
27 1517 -1
28 1518 1
15 1518 -1
15 1519 1
28 1519 -1
28 1520 1
15 1520 -1
29 1521 1
15 1521 -1
29 1522 1
15 1522 -1
15 1523 1
29 1523 -1
15 1524 1
29 1524 -1
30 1525 1
15 1525 -1
30 1526 1
15 1526 -1
31 1527 1
15 1527 -1
31 1528 1
15 1528 -1
15 1529 1
31 1529 -1
31 1530 1
15 1530 -1
15 1531 1
32 1531 -1
15 1532 1
32 1532 -1
33 1533 1
15 1533 -1
34 1534 1
15 1534 -1
34 1535 1
15 1535 -1
34 1536 1
15 1536 -1
15 1537 1
35 1537 -1
15 1538 1
35 1538 -1
36 1539 1
15 1539 -1
37 1540 1
15 1540 -1
37 1541 1
15 1541 -1
15 1542 1
37 1542 -1
37 1543 1
15 1543 -1
15 1544 1
38 1544 -1
38 1545 1
15 1545 -1
39 1546 1
15 1546 -1
40 1547 1
15 1547 -1
40 1548 1
15 1548 -1
41 1549 1
15 1549 -1
15 1550 1
41 1550 -1
15 1551 1
41 1551 -1
15 1552 1
41 1552 -1
15 1553 1
42 1553 -1
42 1554 1
15 1554 -1
15 1555 1
42 1555 -1
15 1556 1
43 1556 -1
15 1557 1
43 1557 -1
43 1558 1
15 1558 -1
15 1559 1
44 1559 -1
15 1560 1
45 1560 -1
45 1561 1
15 1561 -1
15 1562 1
45 1562 -1
46 1563 1
15 1563 -1
15 1564 1
47 1564 -1
47 1565 1
15 1565 -1
15 1566 1
47 1566 -1
48 1567 1
15 1567 -1
48 1568 1
15 1568 -1
48 1569 1
15 1569 -1
15 1570 1
49 1570 -1
15 1571 1
49 1571 -1
50 1572 1
15 1572 -1
15 1573 1
50 1573 -1
15 1574 1
50 1574 -1
16 1575 1
17 1575 -1
17 1576 1
16 1576 -1
16 1577 1
17 1577 -1
17 1578 1
16 1578 -1
16 1579 1
18 1579 -1
18 1580 1
16 1580 -1
18 1581 1
16 1581 -1
19 1582 1
16 1582 -1
16 1583 1
19 1583 -1
16 1584 1
19 1584 -1
20 1585 1
16 1585 -1
16 1586 1
20 1586 -1
20 1587 1
16 1587 -1
20 1588 1
16 1588 -1
21 1589 1
16 1589 -1
21 1590 1
16 1590 -1
21 1591 1
16 1591 -1
21 1592 1
16 1592 -1
16 1593 1
22 1593 -1
22 1594 1
16 1594 -1
22 1595 1
16 1595 -1
22 1596 1
16 1596 -1
23 1597 1
16 1597 -1
23 1598 1
16 1598 -1
23 1599 1
16 1599 -1
23 1600 1
16 1600 -1
24 1601 1
16 1601 -1
24 1602 1
16 1602 -1
16 1603 1
25 1603 -1
16 1604 1
26 1604 -1
27 1605 1
16 1605 -1
16 1606 1
27 1606 -1
16 1607 1
27 1607 -1
16 1608 1
27 1608 -1
16 1609 1
28 1609 -1
28 1610 1
16 1610 -1
28 1611 1
16 1611 -1
28 1612 1
16 1612 -1
29 1613 1
16 1613 -1
29 1614 1
16 1614 -1
30 1615 1
16 1615 -1
16 1616 1
30 1616 -1
30 1617 1
16 1617 -1
16 1618 1
31 1618 -1
16 1619 1
32 1619 -1
16 1620 1
32 1620 -1
33 1621 1
16 1621 -1
16 1622 1
33 1622 -1
33 1623 1
16 1623 -1
33 1624 1
16 1624 -1
16 1625 1
34 1625 -1
16 1626 1
34 1626 -1
34 1627 1
16 1627 -1
16 1628 1
34 1628 -1
16 1629 1
35 1629 -1
35 1630 1
16 1630 -1
35 1631 1
16 1631 -1
36 1632 1
16 1632 -1
16 1633 1
36 1633 -1
36 1634 1
16 1634 -1
16 1635 1
36 1635 -1
16 1636 1
37 1636 -1
16 1637 1
37 1637 -1
16 1638 1
38 1638 -1
16 1639 1
38 1639 -1
38 1640 1
16 1640 -1
16 1641 1
38 1641 -1
39 1642 1
16 1642 -1
39 1643 1
16 1643 -1
16 1644 1
39 1644 -1
39 1645 1
16 1645 -1
40 1646 1
16 1646 -1
40 1647 1
16 1647 -1
16 1648 1
41 1648 -1
16 1649 1
41 1649 -1
42 1650 1
16 1650 -1
16 1651 1
42 1651 -1
16 1652 1
42 1652 -1
43 1653 1
16 1653 -1
16 1654 1
44 1654 -1
44 1655 1
16 1655 -1
44 1656 1
16 1656 -1
16 1657 1
44 1657 -1
16 1658 1
45 1658 -1
16 1659 1
45 1659 -1
45 1660 1
16 1660 -1
16 1661 1
46 1661 -1
16 1662 1
46 1662 -1
16 1663 1
47 1663 -1
47 1664 1
16 1664 -1
16 1665 1
48 1665 -1
16 1666 1
49 1666 -1
16 1667 1
49 1667 -1
50 1668 1
16 1668 -1
50 1669 1
16 1669 -1
50 1670 1
16 1670 -1
18 1671 1
17 1671 -1
18 1672 1
17 1672 -1
18 1673 1
17 1673 -1
17 1674 1
19 1674 -1
19 1675 1
17 1675 -1
19 1676 1
17 1676 -1
20 1677 1
17 1677 -1
17 1678 1
20 1678 -1
21 1679 1
17 1679 -1
22 1680 1
17 1680 -1
22 1681 1
17 1681 -1
17 1682 1
22 1682 -1
23 1683 1
17 1683 -1
23 1684 1
17 1684 -1
17 1685 1
23 1685 -1
23 1686 1
17 1686 -1
17 1687 1
24 1687 -1
25 1688 1
17 1688 -1
17 1689 1
26 1689 -1
26 1690 1
17 1690 -1
17 1691 1
26 1691 -1
27 1692 1
17 1692 -1
27 1693 1
17 1693 -1
27 1694 1
17 1694 -1
17 1695 1
28 1695 -1
28 1696 1
17 1696 -1
28 1697 1
17 1697 -1
28 1698 1
17 1698 -1
17 1699 1
29 1699 -1
30 1700 1
17 1700 -1
17 1701 1
31 1701 -1
17 1702 1
31 1702 -1
17 1703 1
31 1703 -1
31 1704 1
17 1704 -1
17 1705 1
32 1705 -1
17 1706 1
32 1706 -1
32 1707 1
17 1707 -1
32 1708 1
17 1708 -1
17 1709 1
33 1709 -1
33 1710 1
17 1710 -1
17 1711 1
34 1711 -1
34 1712 1
17 1712 -1
17 1713 1
34 1713 -1
34 1714 1
17 1714 -1
35 1715 1
17 1715 -1
17 1716 1
35 1716 -1
36 1717 1
17 1717 -1
36 1718 1
17 1718 -1
17 1719 1
37 1719 -1
17 1720 1
37 1720 -1
37 1721 1
17 1721 -1
38 1722 1
17 1722 -1
38 1723 1
17 1723 -1
38 1724 1
17 1724 -1
17 1725 1
38 1725 -1
17 1726 1
39 1726 -1
17 1727 1
39 1727 -1
17 1728 1
40 1728 -1
40 1729 1
17 1729 -1
41 1730 1
17 1730 -1
17 1731 1
41 1731 -1
17 1732 1
42 1732 -1
17 1733 1
43 1733 -1
17 1734 1
43 1734 -1
17 1735 1
44 1735 -1
17 1736 1
44 1736 -1
44 1737 1
17 1737 -1
17 1738 1
44 1738 -1
17 1739 1
45 1739 -1
45 1740 1
17 1740 -1
46 1741 1
17 1741 -1
17 1742 1
46 1742 -1
17 1743 1
46 1743 -1
17 1744 1
47 1744 -1
47 1745 1
17 1745 -1
48 1746 1
17 1746 -1
48 1747 1
17 1747 -1
17 1748 1
48 1748 -1
17 1749 1
49 1749 -1
49 1750 1
17 1750 -1
17 1751 1
49 1751 -1
17 1752 1
50 1752 -1
19 1753 1
18 1753 -1
18 1754 1
19 1754 -1
19 1755 1
18 1755 -1
18 1756 1
20 1756 -1
18 1757 1
20 1757 -1
18 1758 1
21 1758 -1
21 1759 1
18 1759 -1
18 1760 1
21 1760 -1
21 1761 1
18 1761 -1
22 1762 1
18 1762 -1
22 1763 1
18 1763 -1
22 1764 1
18 1764 -1
18 1765 1
23 1765 -1
18 1766 1
23 1766 -1
18 1767 1
23 1767 -1
24 1768 1
18 1768 -1
25 1769 1
18 1769 -1
18 1770 1
25 1770 -1
18 1771 1
25 1771 -1
18 1772 1
25 1772 -1
18 1773 1
26 1773 -1
18 1774 1
26 1774 -1
27 1775 1
18 1775 -1
27 1776 1
18 1776 -1
28 1777 1
18 1777 -1
29 1778 1
18 1778 -1
30 1779 1
18 1779 -1
18 1780 1
31 1780 -1
31 1781 1
18 1781 -1
31 1782 1
18 1782 -1
18 1783 1
32 1783 -1
18 1784 1
32 1784 -1
18 1785 1
32 1785 -1
18 1786 1
33 1786 -1
18 1787 1
34 1787 -1
35 1788 1
18 1788 -1
36 1789 1
18 1789 -1
36 1790 1
18 1790 -1
18 1791 1
36 1791 -1
36 1792 1
18 1792 -1
37 1793 1
18 1793 -1
18 1794 1
37 1794 -1
37 1795 1
18 1795 -1
37 1796 1
18 1796 -1
38 1797 1
18 1797 -1
18 1798 1
38 1798 -1
18 1799 1
38 1799 -1
18 1800 1
39 1800 -1
18 1801 1
39 1801 -1
18 1802 1
40 1802 -1
40 1803 1
18 1803 -1
40 1804 1
18 1804 -1
18 1805 1
40 1805 -1
41 1806 1
18 1806 -1
18 1807 1
41 1807 -1
18 1808 1
41 1808 -1
18 1809 1
41 1809 -1
18 1810 1
42 1810 -1
18 1811 1
42 1811 -1
43 1812 1
18 1812 -1
43 1813 1
18 1813 -1
18 1814 1
44 1814 -1
18 1815 1
44 1815 -1
44 1816 1
18 1816 -1
18 1817 1
45 1817 -1
18 1818 1
45 1818 -1
45 1819 1
18 1819 -1
18 1820 1
45 1820 -1
18 1821 1
46 1821 -1
18 1822 1
47 1822 -1
18 1823 1
47 1823 -1
18 1824 1
47 1824 -1
18 1825 1
48 1825 -1
48 1826 1
18 1826 -1
18 1827 1
48 1827 -1
48 1828 1
18 1828 -1
49 1829 1
18 1829 -1
49 1830 1
18 1830 -1
18 1831 1
49 1831 -1
49 1832 1
18 1832 -1
50 1833 1
18 1833 -1
50 1834 1
18 1834 -1
50 1835 1
18 1835 -1
19 1836 1
20 1836 -1
20 1837 1
19 1837 -1
20 1838 1
19 1838 -1
19 1839 1
21 1839 -1
19 1840 1
21 1840 -1
21 1841 1
19 1841 -1
21 1842 1
19 1842 -1
19 1843 1
22 1843 -1
22 1844 1
19 1844 -1
22 1845 1
19 1845 -1
19 1846 1
22 1846 -1
23 1847 1
19 1847 -1
19 1848 1
23 1848 -1
23 1849 1
19 1849 -1
19 1850 1
24 1850 -1
19 1851 1
24 1851 -1
19 1852 1
24 1852 -1
19 1853 1
24 1853 -1
19 1854 1
25 1854 -1
19 1855 1
25 1855 -1
19 1856 1
25 1856 -1
25 1857 1
19 1857 -1
26 1858 1
19 1858 -1
27 1859 1
19 1859 -1
28 1860 1
19 1860 -1
28 1861 1
19 1861 -1
28 1862 1
19 1862 -1
29 1863 1
19 1863 -1
19 1864 1
29 1864 -1
29 1865 1
19 1865 -1
19 1866 1
29 1866 -1
30 1867 1
19 1867 -1
30 1868 1
19 1868 -1
30 1869 1
19 1869 -1
19 1870 1
31 1870 -1
19 1871 1
31 1871 -1
31 1872 1
19 1872 -1
32 1873 1
19 1873 -1
19 1874 1
32 1874 -1
32 1875 1
19 1875 -1
33 1876 1
19 1876 -1
19 1877 1
33 1877 -1
19 1878 1
33 1878 -1
19 1879 1
34 1879 -1
35 1880 1
19 1880 -1
35 1881 1
19 1881 -1
36 1882 1
19 1882 -1
19 1883 1
36 1883 -1
37 1884 1
19 1884 -1
19 1885 1
38 1885 -1
38 1886 1
19 1886 -1
39 1887 1
19 1887 -1
39 1888 1
19 1888 -1
39 1889 1
19 1889 -1
39 1890 1
19 1890 -1
40 1891 1
19 1891 -1
40 1892 1
19 1892 -1
19 1893 1
40 1893 -1
40 1894 1
19 1894 -1
41 1895 1
19 1895 -1
19 1896 1
41 1896 -1
19 1897 1
41 1897 -1
41 1898 1
19 1898 -1
19 1899 1
42 1899 -1
42 1900 1
19 1900 -1
42 1901 1
19 1901 -1
42 1902 1
19 1902 -1
19 1903 1
43 1903 -1
19 1904 1
43 1904 -1
19 1905 1
44 1905 -1
19 1906 1
44 1906 -1
19 1907 1
44 1907 -1
19 1908 1
44 1908 -1
45 1909 1
19 1909 -1
46 1910 1
19 1910 -1
47 1911 1
19 1911 -1
19 1912 1
47 1912 -1
48 1913 1
19 1913 -1
19 1914 1
48 1914 -1
19 1915 1
49 1915 -1
49 1916 1
19 1916 -1
19 1917 1
49 1917 -1
19 1918 1
49 1918 -1
19 1919 1
50 1919 -1
21 1920 1
20 1920 -1
20 1921 1
21 1921 -1
20 1922 1
22 1922 -1
23 1923 1
20 1923 -1
20 1924 1
23 1924 -1
23 1925 1
20 1925 -1
23 1926 1
20 1926 -1
20 1927 1
24 1927 -1
25 1928 1
20 1928 -1
20 1929 1
25 1929 -1
26 1930 1
20 1930 -1
27 1931 1
20 1931 -1
27 1932 1
20 1932 -1
27 1933 1
20 1933 -1
20 1934 1
28 1934 -1
20 1935 1
28 1935 -1
20 1936 1
28 1936 -1
20 1937 1
28 1937 -1
29 1938 1
20 1938 -1
20 1939 1
29 1939 -1
20 1940 1
29 1940 -1
20 1941 1
29 1941 -1
30 1942 1
20 1942 -1
31 1943 1
20 1943 -1
20 1944 1
31 1944 -1
32 1945 1
20 1945 -1
20 1946 1
32 1946 -1
20 1947 1
33 1947 -1
33 1948 1
20 1948 -1
20 1949 1
33 1949 -1
34 1950 1
20 1950 -1
20 1951 1
35 1951 -1
20 1952 1
35 1952 -1
35 1953 1
20 1953 -1
36 1954 1
20 1954 -1
37 1955 1
20 1955 -1
20 1956 1
37 1956 -1
38 1957 1
20 1957 -1
38 1958 1
20 1958 -1
20 1959 1
39 1959 -1
39 1960 1
20 1960 -1
39 1961 1
20 1961 -1
20 1962 1
40 1962 -1
40 1963 1
20 1963 -1
41 1964 1
20 1964 -1
20 1965 1
42 1965 -1
20 1966 1
42 1966 -1
42 1967 1
20 1967 -1
20 1968 1
42 1968 -1
43 1969 1
20 1969 -1
44 1970 1
20 1970 -1
20 1971 1
44 1971 -1
20 1972 1
44 1972 -1
20 1973 1
45 1973 -1
45 1974 1
20 1974 -1
46 1975 1
20 1975 -1
20 1976 1
46 1976 -1
20 1977 1
46 1977 -1
20 1978 1
47 1978 -1
20 1979 1
47 1979 -1
47 1980 1
20 1980 -1
48 1981 1
20 1981 -1
20 1982 1
49 1982 -1
49 1983 1
20 1983 -1
20 1984 1
49 1984 -1
20 1985 1
49 1985 -1
50 1986 1
20 1986 -1
20 1987 1
50 1987 -1
50 1988 1
20 1988 -1
20 1989 1
50 1989 -1
22 1990 1
21 1990 -1
22 1991 1
21 1991 -1
21 1992 1
22 1992 -1
23 1993 1
21 1993 -1
21 1994 1
23 1994 -1
24 1995 1
21 1995 -1
21 1996 1
24 1996 -1
25 1997 1
21 1997 -1
21 1998 1
25 1998 -1
26 1999 1
21 1999 -1
21 2000 1
27 2000 -1
27 2001 1
21 2001 -1
27 2002 1
21 2002 -1
27 2003 1
21 2003 -1
21 2004 1
28 2004 -1
28 2005 1
21 2005 -1
28 2006 1
21 2006 -1
29 2007 1
21 2007 -1
30 2008 1
21 2008 -1
21 2009 1
30 2009 -1
31 2010 1
21 2010 -1
32 2011 1
21 2011 -1
32 2012 1
21 2012 -1
21 2013 1
33 2013 -1
21 2014 1
33 2014 -1
21 2015 1
33 2015 -1
21 2016 1
33 2016 -1
34 2017 1
21 2017 -1
21 2018 1
34 2018 -1
35 2019 1
21 2019 -1
21 2020 1
35 2020 -1
36 2021 1
21 2021 -1
37 2022 1
21 2022 -1
21 2023 1
37 2023 -1
21 2024 1
37 2024 -1
38 2025 1
21 2025 -1
21 2026 1
39 2026 -1
39 2027 1
21 2027 -1
21 2028 1
39 2028 -1
40 2029 1
21 2029 -1
21 2030 1
41 2030 -1
21 2031 1
41 2031 -1
21 2032 1
42 2032 -1
21 2033 1
42 2033 -1
43 2034 1
21 2034 -1
21 2035 1
43 2035 -1
43 2036 1
21 2036 -1
44 2037 1
21 2037 -1
21 2038 1
45 2038 -1
45 2039 1
21 2039 -1
21 2040 1
45 2040 -1
21 2041 1
46 2041 -1
21 2042 1
46 2042 -1
21 2043 1
47 2043 -1
47 2044 1
21 2044 -1
48 2045 1
21 2045 -1
48 2046 1
21 2046 -1
48 2047 1
21 2047 -1
48 2048 1
21 2048 -1
49 2049 1
21 2049 -1
49 2050 1
21 2050 -1
21 2051 1
49 2051 -1
21 2052 1
50 2052 -1
21 2053 1
50 2053 -1
23 2054 1
22 2054 -1
23 2055 1
22 2055 -1
23 2056 1
22 2056 -1
24 2057 1
22 2057 -1
24 2058 1
22 2058 -1
25 2059 1
22 2059 -1
26 2060 1
22 2060 -1
26 2061 1
22 2061 -1
26 2062 1
22 2062 -1
22 2063 1
27 2063 -1
22 2064 1
27 2064 -1
28 2065 1
22 2065 -1
22 2066 1
28 2066 -1
28 2067 1
22 2067 -1
29 2068 1
22 2068 -1
22 2069 1
30 2069 -1
22 2070 1
30 2070 -1
22 2071 1
30 2071 -1
30 2072 1
22 2072 -1
31 2073 1
22 2073 -1
22 2074 1
32 2074 -1
32 2075 1
22 2075 -1
22 2076 1
32 2076 -1
33 2077 1
22 2077 -1
33 2078 1
22 2078 -1
22 2079 1
33 2079 -1
33 2080 1
22 2080 -1
22 2081 1
34 2081 -1
34 2082 1
22 2082 -1
22 2083 1
35 2083 -1
22 2084 1
35 2084 -1
22 2085 1
36 2085 -1
37 2086 1
22 2086 -1
37 2087 1
22 2087 -1
37 2088 1
22 2088 -1
38 2089 1
22 2089 -1
38 2090 1
22 2090 -1
22 2091 1
38 2091 -1
22 2092 1
39 2092 -1
22 2093 1
39 2093 -1
22 2094 1
39 2094 -1
22 2095 1
39 2095 -1
22 2096 1
40 2096 -1
22 2097 1
41 2097 -1
41 2098 1
22 2098 -1
41 2099 1
22 2099 -1
42 2100 1
22 2100 -1
22 2101 1
43 2101 -1
44 2102 1
22 2102 -1
22 2103 1
44 2103 -1
22 2104 1
44 2104 -1
22 2105 1
45 2105 -1
22 2106 1
45 2106 -1
22 2107 1
45 2107 -1
22 2108 1
45 2108 -1
22 2109 1
46 2109 -1
22 2110 1
46 2110 -1
22 2111 1
47 2111 -1
22 2112 1
48 2112 -1
49 2113 1
22 2113 -1
50 2114 1
22 2114 -1
22 2115 1
50 2115 -1
23 2116 1
24 2116 -1
23 2117 1
24 2117 -1
23 2118 1
24 2118 -1
23 2119 1
25 2119 -1
25 2120 1
23 2120 -1
25 2121 1
23 2121 -1
23 2122 1
25 2122 -1
26 2123 1
23 2123 -1
26 2124 1
23 2124 -1
26 2125 1
23 2125 -1
26 2126 1
23 2126 -1
23 2127 1
27 2127 -1
23 2128 1
27 2128 -1
23 2129 1
27 2129 -1
23 2130 1
28 2130 -1
23 2131 1
28 2131 -1
23 2132 1
29 2132 -1
29 2133 1
23 2133 -1
23 2134 1
29 2134 -1
30 2135 1
23 2135 -1
23 2136 1
30 2136 -1
23 2137 1
31 2137 -1
32 2138 1
23 2138 -1
32 2139 1
23 2139 -1
32 2140 1
23 2140 -1
33 2141 1
23 2141 -1
23 2142 1
33 2142 -1
33 2143 1
23 2143 -1
23 2144 1
33 2144 -1
23 2145 1
34 2145 -1
34 2146 1
23 2146 -1
23 2147 1
34 2147 -1
23 2148 1
35 2148 -1
36 2149 1
23 2149 -1
23 2150 1
37 2150 -1
37 2151 1
23 2151 -1
23 2152 1
37 2152 -1
38 2153 1
23 2153 -1
39 2154 1
23 2154 -1
39 2155 1
23 2155 -1
23 2156 1
39 2156 -1
23 2157 1
40 2157 -1
40 2158 1
23 2158 -1
41 2159 1
23 2159 -1
42 2160 1
23 2160 -1
42 2161 1
23 2161 -1
23 2162 1
42 2162 -1
42 2163 1
23 2163 -1
43 2164 1
23 2164 -1
43 2165 1
23 2165 -1
43 2166 1
23 2166 -1
43 2167 1
23 2167 -1
44 2168 1
23 2168 -1
44 2169 1
23 2169 -1
44 2170 1
23 2170 -1
23 2171 1
45 2171 -1
23 2172 1
45 2172 -1
46 2173 1
23 2173 -1
46 2174 1
23 2174 -1
46 2175 1
23 2175 -1
23 2176 1
46 2176 -1
47 2177 1
23 2177 -1
23 2178 1
47 2178 -1
23 2179 1
48 2179 -1
23 2180 1
48 2180 -1
23 2181 1
48 2181 -1
49 2182 1
23 2182 -1
49 2183 1
23 2183 -1
50 2184 1
23 2184 -1
50 2185 1
23 2185 -1
50 2186 1
23 2186 -1
23 2187 1
50 2187 -1
24 2188 1
25 2188 -1
24 2189 1
25 2189 -1
25 2190 1
24 2190 -1
24 2191 1
26 2191 -1
27 2192 1
24 2192 -1
24 2193 1
28 2193 -1
28 2194 1
24 2194 -1
24 2195 1
28 2195 -1
28 2196 1
24 2196 -1
24 2197 1
29 2197 -1
24 2198 1
29 2198 -1
29 2199 1
24 2199 -1
24 2200 1
29 2200 -1
24 2201 1
30 2201 -1
24 2202 1
30 2202 -1
30 2203 1
24 2203 -1
24 2204 1
30 2204 -1
24 2205 1
31 2205 -1
24 2206 1
31 2206 -1
24 2207 1
31 2207 -1
31 2208 1
24 2208 -1
32 2209 1
24 2209 -1
32 2210 1
24 2210 -1
32 2211 1
24 2211 -1
24 2212 1
33 2212 -1
24 2213 1
33 2213 -1
33 2214 1
24 2214 -1
34 2215 1
24 2215 -1
24 2216 1
34 2216 -1
35 2217 1
24 2217 -1
35 2218 1
24 2218 -1
24 2219 1
36 2219 -1
24 2220 1
36 2220 -1
24 2221 1
37 2221 -1
24 2222 1
38 2222 -1
38 2223 1
24 2223 -1
38 2224 1
24 2224 -1
39 2225 1
24 2225 -1
39 2226 1
24 2226 -1
24 2227 1
39 2227 -1
40 2228 1
24 2228 -1
40 2229 1
24 2229 -1
24 2230 1
40 2230 -1
24 2231 1
41 2231 -1
41 2232 1
24 2232 -1
41 2233 1
24 2233 -1
41 2234 1
24 2234 -1
24 2235 1
42 2235 -1
24 2236 1
42 2236 -1
42 2237 1
24 2237 -1
24 2238 1
43 2238 -1
24 2239 1
43 2239 -1
24 2240 1
43 2240 -1
44 2241 1
24 2241 -1
44 2242 1
24 2242 -1
24 2243 1
44 2243 -1
24 2244 1
44 2244 -1
45 2245 1
24 2245 -1
24 2246 1
46 2246 -1
46 2247 1
24 2247 -1
47 2248 1
24 2248 -1
24 2249 1
47 2249 -1
24 2250 1
47 2250 -1
24 2251 1
47 2251 -1
24 2252 1
48 2252 -1
24 2253 1
49 2253 -1
24 2254 1
49 2254 -1
24 2255 1
49 2255 -1
50 2256 1
24 2256 -1
24 2257 1
50 2257 -1
26 2258 1
25 2258 -1
25 2259 1
27 2259 -1
25 2260 1
27 2260 -1
27 2261 1
25 2261 -1
27 2262 1
25 2262 -1
25 2263 1
28 2263 -1
28 2264 1
25 2264 -1
28 2265 1
25 2265 -1
25 2266 1
28 2266 -1
25 2267 1
29 2267 -1
29 2268 1
25 2268 -1
30 2269 1
25 2269 -1
25 2270 1
31 2270 -1
31 2271 1
25 2271 -1
25 2272 1
31 2272 -1
32 2273 1
25 2273 -1
32 2274 1
25 2274 -1
33 2275 1
25 2275 -1
33 2276 1
25 2276 -1
34 2277 1
25 2277 -1
34 2278 1
25 2278 -1
34 2279 1
25 2279 -1
34 2280 1
25 2280 -1
25 2281 1
35 2281 -1
25 2282 1
36 2282 -1
25 2283 1
36 2283 -1
25 2284 1
36 2284 -1
25 2285 1
37 2285 -1
37 2286 1
25 2286 -1
37 2287 1
25 2287 -1
37 2288 1
25 2288 -1
25 2289 1
38 2289 -1
25 2290 1
38 2290 -1
25 2291 1
38 2291 -1
38 2292 1
25 2292 -1
39 2293 1
25 2293 -1
39 2294 1
25 2294 -1
25 2295 1
40 2295 -1
40 2296 1
25 2296 -1
40 2297 1
25 2297 -1
40 2298 1
25 2298 -1
25 2299 1
41 2299 -1
41 2300 1
25 2300 -1
42 2301 1
25 2301 -1
25 2302 1
42 2302 -1
25 2303 1
42 2303 -1
25 2304 1
43 2304 -1
25 2305 1
43 2305 -1
44 2306 1
25 2306 -1
25 2307 1
44 2307 -1
25 2308 1
44 2308 -1
45 2309 1
25 2309 -1
25 2310 1
45 2310 -1
25 2311 1
45 2311 -1
25 2312 1
46 2312 -1
47 2313 1
25 2313 -1
47 2314 1
25 2314 -1
25 2315 1
47 2315 -1
25 2316 1
47 2316 -1
25 2317 1
48 2317 -1
49 2318 1
25 2318 -1
49 2319 1
25 2319 -1
50 2320 1
25 2320 -1
50 2321 1
25 2321 -1
25 2322 1
50 2322 -1
26 2323 1
27 2323 -1
27 2324 1
26 2324 -1
26 2325 1
27 2325 -1
27 2326 1
26 2326 -1
26 2327 1
28 2327 -1
29 2328 1
26 2328 -1
26 2329 1
29 2329 -1
26 2330 1
30 2330 -1
26 2331 1
30 2331 -1
30 2332 1
26 2332 -1
26 2333 1
30 2333 -1
26 2334 1
31 2334 -1
26 2335 1
32 2335 -1
26 2336 1
32 2336 -1
26 2337 1
32 2337 -1
26 2338 1
33 2338 -1
26 2339 1
34 2339 -1
34 2340 1
26 2340 -1
26 2341 1
34 2341 -1
26 2342 1
35 2342 -1
35 2343 1
26 2343 -1
26 2344 1
36 2344 -1
26 2345 1
36 2345 -1
36 2346 1
26 2346 -1
36 2347 1
26 2347 -1
26 2348 1
37 2348 -1
37 2349 1
26 2349 -1
26 2350 1
38 2350 -1
26 2351 1
38 2351 -1
39 2352 1
26 2352 -1
39 2353 1
26 2353 -1
26 2354 1
39 2354 -1
40 2355 1
26 2355 -1
26 2356 1
41 2356 -1
41 2357 1
26 2357 -1
26 2358 1
41 2358 -1
41 2359 1
26 2359 -1
42 2360 1
26 2360 -1
26 2361 1
42 2361 -1
42 2362 1
26 2362 -1
43 2363 1
26 2363 -1
43 2364 1
26 2364 -1
26 2365 1
44 2365 -1
26 2366 1
44 2366 -1
26 2367 1
44 2367 -1
44 2368 1
26 2368 -1
26 2369 1
45 2369 -1
46 2370 1
26 2370 -1
26 2371 1
46 2371 -1
26 2372 1
46 2372 -1
26 2373 1
46 2373 -1
26 2374 1
47 2374 -1
26 2375 1
47 2375 -1
47 2376 1
26 2376 -1
26 2377 1
47 2377 -1
48 2378 1
26 2378 -1
26 2379 1
48 2379 -1
26 2380 1
49 2380 -1
26 2381 1
49 2381 -1
26 2382 1
49 2382 -1
50 2383 1
26 2383 -1
50 2384 1
26 2384 -1
26 2385 1
50 2385 -1
50 2386 1
26 2386 -1
27 2387 1
28 2387 -1
27 2388 1
29 2388 -1
29 2389 1
27 2389 -1
27 2390 1
30 2390 -1
30 2391 1
27 2391 -1
30 2392 1
27 2392 -1
31 2393 1
27 2393 -1
27 2394 1
31 2394 -1
31 2395 1
27 2395 -1
27 2396 1
32 2396 -1
27 2397 1
33 2397 -1
27 2398 1
34 2398 -1
34 2399 1
27 2399 -1
27 2400 1
34 2400 -1
35 2401 1
27 2401 -1
35 2402 1
27 2402 -1
35 2403 1
27 2403 -1
35 2404 1
27 2404 -1
36 2405 1
27 2405 -1
27 2406 1
36 2406 -1
27 2407 1
36 2407 -1
36 2408 1
27 2408 -1
27 2409 1
37 2409 -1
37 2410 1
27 2410 -1
27 2411 1
37 2411 -1
27 2412 1
37 2412 -1
27 2413 1
38 2413 -1
27 2414 1
39 2414 -1
39 2415 1
27 2415 -1
39 2416 1
27 2416 -1
27 2417 1
39 2417 -1
27 2418 1
40 2418 -1
40 2419 1
27 2419 -1
27 2420 1
41 2420 -1
27 2421 1
41 2421 -1
42 2422 1
27 2422 -1
27 2423 1
42 2423 -1
42 2424 1
27 2424 -1
27 2425 1
42 2425 -1
27 2426 1
43 2426 -1
44 2427 1
27 2427 -1
44 2428 1
27 2428 -1
27 2429 1
45 2429 -1
45 2430 1
27 2430 -1
27 2431 1
46 2431 -1
46 2432 1
27 2432 -1
27 2433 1
46 2433 -1
47 2434 1
27 2434 -1
47 2435 1
27 2435 -1
27 2436 1
47 2436 -1
47 2437 1
27 2437 -1
48 2438 1
27 2438 -1
27 2439 1
48 2439 -1
48 2440 1
27 2440 -1
27 2441 1
48 2441 -1
49 2442 1
27 2442 -1
27 2443 1
49 2443 -1
27 2444 1
50 2444 -1
27 2445 1
50 2445 -1
29 2446 1
28 2446 -1
28 2447 1
29 2447 -1
28 2448 1
29 2448 -1
29 2449 1
28 2449 -1
28 2450 1
30 2450 -1
30 2451 1
28 2451 -1
31 2452 1
28 2452 -1
32 2453 1
28 2453 -1
28 2454 1
32 2454 -1
28 2455 1
33 2455 -1
33 2456 1
28 2456 -1
34 2457 1
28 2457 -1
28 2458 1
34 2458 -1
28 2459 1
35 2459 -1
28 2460 1
36 2460 -1
28 2461 1
37 2461 -1
38 2462 1
28 2462 -1
38 2463 1
28 2463 -1
28 2464 1
38 2464 -1
39 2465 1
28 2465 -1
28 2466 1
39 2466 -1
28 2467 1
39 2467 -1
40 2468 1
28 2468 -1
40 2469 1
28 2469 -1
28 2470 1
40 2470 -1
28 2471 1
40 2471 -1
28 2472 1
41 2472 -1
28 2473 1
41 2473 -1
28 2474 1
41 2474 -1
28 2475 1
41 2475 -1
42 2476 1
28 2476 -1
43 2477 1
28 2477 -1
28 2478 1
43 2478 -1
43 2479 1
28 2479 -1
44 2480 1
28 2480 -1
28 2481 1
44 2481 -1
44 2482 1
28 2482 -1
28 2483 1
45 2483 -1
46 2484 1
28 2484 -1
47 2485 1
28 2485 -1
48 2486 1
28 2486 -1
28 2487 1
49 2487 -1
49 2488 1
28 2488 -1
49 2489 1
28 2489 -1
49 2490 1
28 2490 -1
50 2491 1
28 2491 -1
28 2492 1
50 2492 -1
30 2493 1
29 2493 -1
29 2494 1
30 2494 -1
29 2495 1
30 2495 -1
29 2496 1
31 2496 -1
31 2497 1
29 2497 -1
32 2498 1
29 2498 -1
32 2499 1
29 2499 -1
32 2500 1
29 2500 -1
33 2501 1
29 2501 -1
29 2502 1
33 2502 -1
29 2503 1
33 2503 -1
33 2504 1
29 2504 -1
29 2505 1
34 2505 -1
34 2506 1
29 2506 -1
29 2507 1
35 2507 -1
35 2508 1
29 2508 -1
36 2509 1
29 2509 -1
29 2510 1
36 2510 -1
29 2511 1
36 2511 -1
29 2512 1
36 2512 -1
29 2513 1
37 2513 -1
37 2514 1
29 2514 -1
29 2515 1
37 2515 -1
29 2516 1
37 2516 -1
29 2517 1
38 2517 -1
38 2518 1
29 2518 -1
29 2519 1
38 2519 -1
29 2520 1
39 2520 -1
29 2521 1
39 2521 -1
39 2522 1
29 2522 -1
29 2523 1
40 2523 -1
41 2524 1
29 2524 -1
41 2525 1
29 2525 -1
29 2526 1
41 2526 -1
29 2527 1
41 2527 -1
29 2528 1
42 2528 -1
29 2529 1
42 2529 -1
43 2530 1
29 2530 -1
29 2531 1
43 2531 -1
43 2532 1
29 2532 -1
44 2533 1
29 2533 -1
45 2534 1
29 2534 -1
29 2535 1
46 2535 -1
46 2536 1
29 2536 -1
29 2537 1
47 2537 -1
29 2538 1
47 2538 -1
47 2539 1
29 2539 -1
48 2540 1
29 2540 -1
29 2541 1
48 2541 -1
29 2542 1
49 2542 -1
50 2543 1
29 2543 -1
30 2544 1
31 2544 -1
31 2545 1
30 2545 -1
31 2546 1
30 2546 -1
30 2547 1
32 2547 -1
30 2548 1
32 2548 -1
30 2549 1
32 2549 -1
32 2550 1
30 2550 -1
30 2551 1
33 2551 -1
30 2552 1
34 2552 -1
30 2553 1
35 2553 -1
35 2554 1
30 2554 -1
30 2555 1
35 2555 -1
35 2556 1
30 2556 -1
30 2557 1
36 2557 -1
37 2558 1
30 2558 -1
30 2559 1
37 2559 -1
30 2560 1
37 2560 -1
30 2561 1
37 2561 -1
38 2562 1
30 2562 -1
38 2563 1
30 2563 -1
30 2564 1
38 2564 -1
30 2565 1
38 2565 -1
39 2566 1
30 2566 -1
30 2567 1
40 2567 -1
30 2568 1
40 2568 -1
30 2569 1
41 2569 -1
30 2570 1
41 2570 -1
30 2571 1
42 2571 -1
42 2572 1
30 2572 -1
42 2573 1
30 2573 -1
43 2574 1
30 2574 -1
30 2575 1
43 2575 -1
43 2576 1
30 2576 -1
44 2577 1
30 2577 -1
30 2578 1
44 2578 -1
30 2579 1
44 2579 -1
30 2580 1
45 2580 -1
30 2581 1
45 2581 -1
30 2582 1
45 2582 -1
30 2583 1
45 2583 -1
30 2584 1
46 2584 -1
30 2585 1
47 2585 -1
30 2586 1
47 2586 -1
48 2587 1
30 2587 -1
48 2588 1
30 2588 -1
30 2589 1
48 2589 -1
49 2590 1
30 2590 -1
30 2591 1
49 2591 -1
49 2592 1
30 2592 -1
50 2593 1
30 2593 -1
31 2594 1
32 2594 -1
33 2595 1
31 2595 -1
31 2596 1
33 2596 -1
31 2597 1
34 2597 -1
31 2598 1
34 2598 -1
31 2599 1
34 2599 -1
34 2600 1
31 2600 -1
35 2601 1
31 2601 -1
36 2602 1
31 2602 -1
31 2603 1
36 2603 -1
37 2604 1
31 2604 -1
31 2605 1
37 2605 -1
31 2606 1
37 2606 -1
37 2607 1
31 2607 -1
31 2608 1
38 2608 -1
38 2609 1
31 2609 -1
31 2610 1
38 2610 -1
39 2611 1
31 2611 -1
31 2612 1
39 2612 -1
39 2613 1
31 2613 -1
39 2614 1
31 2614 -1
40 2615 1
31 2615 -1
41 2616 1
31 2616 -1
31 2617 1
42 2617 -1
42 2618 1
31 2618 -1
43 2619 1
31 2619 -1
43 2620 1
31 2620 -1
43 2621 1
31 2621 -1
31 2622 1
44 2622 -1
31 2623 1
44 2623 -1
31 2624 1
44 2624 -1
45 2625 1
31 2625 -1
31 2626 1
45 2626 -1
31 2627 1
45 2627 -1
31 2628 1
45 2628 -1
31 2629 1
46 2629 -1
31 2630 1
46 2630 -1
31 2631 1
46 2631 -1
31 2632 1
46 2632 -1
47 2633 1
31 2633 -1
31 2634 1
47 2634 -1
47 2635 1
31 2635 -1
31 2636 1
47 2636 -1
48 2637 1
31 2637 -1
31 2638 1
48 2638 -1
48 2639 1
31 2639 -1
49 2640 1
31 2640 -1
31 2641 1
49 2641 -1
50 2642 1
31 2642 -1
31 2643 1
50 2643 -1
32 2644 1
33 2644 -1
33 2645 1
32 2645 -1
32 2646 1
33 2646 -1
33 2647 1
32 2647 -1
32 2648 1
34 2648 -1
32 2649 1
34 2649 -1
34 2650 1
32 2650 -1
32 2651 1
34 2651 -1
35 2652 1
32 2652 -1
32 2653 1
35 2653 -1
32 2654 1
35 2654 -1
32 2655 1
36 2655 -1
32 2656 1
36 2656 -1
32 2657 1
37 2657 -1
32 2658 1
38 2658 -1
32 2659 1
38 2659 -1
38 2660 1
32 2660 -1
32 2661 1
39 2661 -1
39 2662 1
32 2662 -1
39 2663 1
32 2663 -1
32 2664 1
39 2664 -1
40 2665 1
32 2665 -1
40 2666 1
32 2666 -1
41 2667 1
32 2667 -1
41 2668 1
32 2668 -1
41 2669 1
32 2669 -1
41 2670 1
32 2670 -1
32 2671 1
42 2671 -1
32 2672 1
43 2672 -1
43 2673 1
32 2673 -1
44 2674 1
32 2674 -1
32 2675 1
44 2675 -1
32 2676 1
45 2676 -1
32 2677 1
45 2677 -1
45 2678 1
32 2678 -1
32 2679 1
46 2679 -1
46 2680 1
32 2680 -1
46 2681 1
32 2681 -1
47 2682 1
32 2682 -1
47 2683 1
32 2683 -1
47 2684 1
32 2684 -1
47 2685 1
32 2685 -1
32 2686 1
48 2686 -1
48 2687 1
32 2687 -1
32 2688 1
48 2688 -1
32 2689 1
49 2689 -1
32 2690 1
49 2690 -1
50 2691 1
32 2691 -1
50 2692 1
32 2692 -1
32 2693 1
50 2693 -1
50 2694 1
32 2694 -1
33 2695 1
34 2695 -1
35 2696 1
33 2696 -1
33 2697 1
36 2697 -1
36 2698 1
33 2698 -1
33 2699 1
36 2699 -1
33 2700 1
37 2700 -1
38 2701 1
33 2701 -1
38 2702 1
33 2702 -1
33 2703 1
38 2703 -1
33 2704 1
38 2704 -1
33 2705 1
39 2705 -1
33 2706 1
39 2706 -1
39 2707 1
33 2707 -1
39 2708 1
33 2708 -1
33 2709 1
40 2709 -1
40 2710 1
33 2710 -1
33 2711 1
40 2711 -1
40 2712 1
33 2712 -1
33 2713 1
41 2713 -1
33 2714 1
41 2714 -1
42 2715 1
33 2715 -1
33 2716 1
43 2716 -1
43 2717 1
33 2717 -1
33 2718 1
44 2718 -1
44 2719 1
33 2719 -1
44 2720 1
33 2720 -1
33 2721 1
44 2721 -1
33 2722 1
45 2722 -1
46 2723 1
33 2723 -1
46 2724 1
33 2724 -1
33 2725 1
47 2725 -1
33 2726 1
48 2726 -1
33 2727 1
48 2727 -1
33 2728 1
48 2728 -1
33 2729 1
48 2729 -1
33 2730 1
49 2730 -1
33 2731 1
50 2731 -1
35 2732 1
34 2732 -1
34 2733 1
36 2733 -1
34 2734 1
36 2734 -1
34 2735 1
37 2735 -1
34 2736 1
37 2736 -1
34 2737 1
38 2737 -1
34 2738 1
39 2738 -1
34 2739 1
39 2739 -1
39 2740 1
34 2740 -1
34 2741 1
39 2741 -1
34 2742 1
40 2742 -1
40 2743 1
34 2743 -1
40 2744 1
34 2744 -1
34 2745 1
41 2745 -1
34 2746 1
41 2746 -1
42 2747 1
34 2747 -1
42 2748 1
34 2748 -1
42 2749 1
34 2749 -1
34 2750 1
43 2750 -1
34 2751 1
43 2751 -1
44 2752 1
34 2752 -1
44 2753 1
34 2753 -1
34 2754 1
44 2754 -1
45 2755 1
34 2755 -1
45 2756 1
34 2756 -1
45 2757 1
34 2757 -1
34 2758 1
46 2758 -1
34 2759 1
47 2759 -1
34 2760 1
48 2760 -1
48 2761 1
34 2761 -1
49 2762 1
34 2762 -1
49 2763 1
34 2763 -1
34 2764 1
49 2764 -1
34 2765 1
49 2765 -1
50 2766 1
34 2766 -1
50 2767 1
34 2767 -1
50 2768 1
34 2768 -1
50 2769 1
34 2769 -1
36 2770 1
35 2770 -1
35 2771 1
36 2771 -1
37 2772 1
35 2772 -1
37 2773 1
35 2773 -1
37 2774 1
35 2774 -1
37 2775 1
35 2775 -1
35 2776 1
38 2776 -1
39 2777 1
35 2777 -1
35 2778 1
39 2778 -1
35 2779 1
39 2779 -1
35 2780 1
40 2780 -1
40 2781 1
35 2781 -1
35 2782 1
40 2782 -1
35 2783 1
40 2783 -1
41 2784 1
35 2784 -1
35 2785 1
41 2785 -1
35 2786 1
41 2786 -1
41 2787 1
35 2787 -1
35 2788 1
42 2788 -1
35 2789 1
42 2789 -1
42 2790 1
35 2790 -1
35 2791 1
42 2791 -1
43 2792 1
35 2792 -1
35 2793 1
43 2793 -1
35 2794 1
43 2794 -1
44 2795 1
35 2795 -1
35 2796 1
45 2796 -1
45 2797 1
35 2797 -1
46 2798 1
35 2798 -1
35 2799 1
47 2799 -1
47 2800 1
35 2800 -1
35 2801 1
48 2801 -1
35 2802 1
48 2802 -1
35 2803 1
49 2803 -1
35 2804 1
50 2804 -1
35 2805 1
50 2805 -1
50 2806 1
35 2806 -1
36 2807 1
37 2807 -1
37 2808 1
36 2808 -1
36 2809 1
37 2809 -1
37 2810 1
36 2810 -1
38 2811 1
36 2811 -1
36 2812 1
38 2812 -1
39 2813 1
36 2813 -1
39 2814 1
36 2814 -1
36 2815 1
40 2815 -1
41 2816 1
36 2816 -1
41 2817 1
36 2817 -1
41 2818 1
36 2818 -1
42 2819 1
36 2819 -1
36 2820 1
43 2820 -1
36 2821 1
43 2821 -1
44 2822 1
36 2822 -1
36 2823 1
45 2823 -1
36 2824 1
45 2824 -1
45 2825 1
36 2825 -1
45 2826 1
36 2826 -1
46 2827 1
36 2827 -1
36 2828 1
46 2828 -1
47 2829 1
36 2829 -1
36 2830 1
48 2830 -1
48 2831 1
36 2831 -1
36 2832 1
49 2832 -1
36 2833 1
49 2833 -1
36 2834 1
49 2834 -1
36 2835 1
50 2835 -1
36 2836 1
50 2836 -1
50 2837 1
36 2837 -1
50 2838 1
36 2838 -1
37 2839 1
38 2839 -1
38 2840 1
37 2840 -1
37 2841 1
39 2841 -1
39 2842 1
37 2842 -1
39 2843 1
37 2843 -1
40 2844 1
37 2844 -1
40 2845 1
37 2845 -1
37 2846 1
40 2846 -1
37 2847 1
40 2847 -1
41 2848 1
37 2848 -1
41 2849 1
37 2849 -1
37 2850 1
42 2850 -1
42 2851 1
37 2851 -1
37 2852 1
43 2852 -1
37 2853 1
43 2853 -1
43 2854 1
37 2854 -1
37 2855 1
44 2855 -1
37 2856 1
44 2856 -1
37 2857 1
44 2857 -1
37 2858 1
45 2858 -1
37 2859 1
45 2859 -1
46 2860 1
37 2860 -1
46 2861 1
37 2861 -1
37 2862 1
46 2862 -1
47 2863 1
37 2863 -1
47 2864 1
37 2864 -1
37 2865 1
47 2865 -1
48 2866 1
37 2866 -1
48 2867 1
37 2867 -1
49 2868 1
37 2868 -1
37 2869 1
50 2869 -1
37 2870 1
50 2870 -1
37 2871 1
50 2871 -1
38 2872 1
39 2872 -1
39 2873 1
38 2873 -1
40 2874 1
38 2874 -1
38 2875 1
40 2875 -1
40 2876 1
38 2876 -1
41 2877 1
38 2877 -1
41 2878 1
38 2878 -1
38 2879 1
41 2879 -1
38 2880 1
41 2880 -1
42 2881 1
38 2881 -1
43 2882 1
38 2882 -1
38 2883 1
44 2883 -1
38 2884 1
44 2884 -1
38 2885 1
44 2885 -1
38 2886 1
44 2886 -1
45 2887 1
38 2887 -1
46 2888 1
38 2888 -1
38 2889 1
46 2889 -1
46 2890 1
38 2890 -1
47 2891 1
38 2891 -1
47 2892 1
38 2892 -1
38 2893 1
47 2893 -1
38 2894 1
48 2894 -1
38 2895 1
48 2895 -1
49 2896 1
38 2896 -1
49 2897 1
38 2897 -1
49 2898 1
38 2898 -1
50 2899 1
38 2899 -1
50 2900 1
38 2900 -1
50 2901 1
38 2901 -1
39 2902 1
40 2902 -1
39 2903 1
40 2903 -1
40 2904 1
39 2904 -1
40 2905 1
39 2905 -1
39 2906 1
41 2906 -1
41 2907 1
39 2907 -1
41 2908 1
39 2908 -1
41 2909 1
39 2909 -1
39 2910 1
42 2910 -1
39 2911 1
42 2911 -1
43 2912 1
39 2912 -1
39 2913 1
44 2913 -1
45 2914 1
39 2914 -1
39 2915 1
45 2915 -1
45 2916 1
39 2916 -1
46 2917 1
39 2917 -1
39 2918 1
46 2918 -1
46 2919 1
39 2919 -1
39 2920 1
47 2920 -1
47 2921 1
39 2921 -1
39 2922 1
47 2922 -1
48 2923 1
39 2923 -1
49 2924 1
39 2924 -1
49 2925 1
39 2925 -1
39 2926 1
49 2926 -1
39 2927 1
49 2927 -1
39 2928 1
50 2928 -1
50 2929 1
39 2929 -1
39 2930 1
50 2930 -1
50 2931 1
39 2931 -1
41 2932 1
40 2932 -1
40 2933 1
41 2933 -1
40 2934 1
41 2934 -1
41 2935 1
40 2935 -1
42 2936 1
40 2936 -1
40 2937 1
43 2937 -1
43 2938 1
40 2938 -1
40 2939 1
43 2939 -1
43 2940 1
40 2940 -1
44 2941 1
40 2941 -1
44 2942 1
40 2942 -1
40 2943 1
45 2943 -1
45 2944 1
40 2944 -1
45 2945 1
40 2945 -1
45 2946 1
40 2946 -1
46 2947 1
40 2947 -1
46 2948 1
40 2948 -1
46 2949 1
40 2949 -1
47 2950 1
40 2950 -1
40 2951 1
47 2951 -1
40 2952 1
48 2952 -1
48 2953 1
40 2953 -1
40 2954 1
48 2954 -1
48 2955 1
40 2955 -1
49 2956 1
40 2956 -1
50 2957 1
40 2957 -1
50 2958 1
40 2958 -1
40 2959 1
50 2959 -1
50 2960 1
40 2960 -1
41 2961 1
42 2961 -1
43 2962 1
41 2962 -1
41 2963 1
44 2963 -1
44 2964 1
41 2964 -1
44 2965 1
41 2965 -1
45 2966 1
41 2966 -1
45 2967 1
41 2967 -1
45 2968 1
41 2968 -1
45 2969 1
41 2969 -1
46 2970 1
41 2970 -1
46 2971 1
41 2971 -1
47 2972 1
41 2972 -1
47 2973 1
41 2973 -1
41 2974 1
47 2974 -1
48 2975 1
41 2975 -1
41 2976 1
48 2976 -1
41 2977 1
48 2977 -1
49 2978 1
41 2978 -1
41 2979 1
49 2979 -1
41 2980 1
49 2980 -1
41 2981 1
49 2981 -1
41 2982 1
50 2982 -1
43 2983 1
42 2983 -1
42 2984 1
44 2984 -1
42 2985 1
44 2985 -1
42 2986 1
45 2986 -1
46 2987 1
42 2987 -1
46 2988 1
42 2988 -1
47 2989 1
42 2989 -1
42 2990 1
48 2990 -1
49 2991 1
42 2991 -1
49 2992 1
42 2992 -1
42 2993 1
49 2993 -1
50 2994 1
42 2994 -1
50 2995 1
42 2995 -1
50 2996 1
42 2996 -1
43 2997 1
44 2997 -1
44 2998 1
43 2998 -1
43 2999 1
45 2999 -1
45 3000 1
43 3000 -1
43 3001 1
45 3001 -1
46 3002 1
43 3002 -1
47 3003 1
43 3003 -1
43 3004 1
47 3004 -1
43 3005 1
47 3005 -1
47 3006 1
43 3006 -1
43 3007 1
48 3007 -1
49 3008 1
43 3008 -1
49 3009 1
43 3009 -1
43 3010 1
50 3010 -1
43 3011 1
50 3011 -1
43 3012 1
50 3012 -1
44 3013 1
45 3013 -1
44 3014 1
45 3014 -1
44 3015 1
46 3015 -1
44 3016 1
46 3016 -1
46 3017 1
44 3017 -1
47 3018 1
44 3018 -1
48 3019 1
44 3019 -1
44 3020 1
48 3020 -1
48 3021 1
44 3021 -1
44 3022 1
48 3022 -1
49 3023 1
44 3023 -1
44 3024 1
49 3024 -1
44 3025 1
49 3025 -1
44 3026 1
49 3026 -1
50 3027 1
44 3027 -1
44 3028 1
50 3028 -1
50 3029 1
44 3029 -1
44 3030 1
50 3030 -1
45 3031 1
46 3031 -1
45 3032 1
46 3032 -1
45 3033 1
47 3033 -1
45 3034 1
47 3034 -1
48 3035 1
45 3035 -1
48 3036 1
45 3036 -1
48 3037 1
45 3037 -1
45 3038 1
49 3038 -1
50 3039 1
45 3039 -1
50 3040 1
45 3040 -1
46 3041 1
47 3041 -1
46 3042 1
47 3042 -1
47 3043 1
46 3043 -1
47 3044 1
46 3044 -1
48 3045 1
46 3045 -1
48 3046 1
46 3046 -1
49 3047 1
46 3047 -1
49 3048 1
46 3048 -1
46 3049 1
50 3049 -1
50 3050 1
46 3050 -1
46 3051 1
50 3051 -1
50 3052 1
46 3052 -1
48 3053 1
47 3053 -1
48 3054 1
47 3054 -1
47 3055 1
48 3055 -1
47 3056 1
48 3056 -1
49 3057 1
47 3057 -1
47 3058 1
49 3058 -1
47 3059 1
49 3059 -1
50 3060 1
47 3060 -1
47 3061 1
50 3061 -1
50 3062 1
47 3062 -1
49 3063 1
48 3063 -1
49 3064 1
48 3064 -1
49 3065 1
48 3065 -1
49 3066 1
48 3066 -1
48 3067 1
50 3067 -1
50 3068 1
48 3068 -1
48 3069 1
50 3069 -1
50 3070 1
48 3070 -1
50 3071 1
49 3071 -1
