1 1 1
2 1 -1
1 2 1
3 2 -1
1 3 1
3 3 -1
1 4 1
3 4 -1
1 5 1
3 5 -1
1 6 1
4 6 -1
1 7 1
4 7 -1
5 8 1
1 8 -1
1 9 1
5 9 -1
1 10 1
6 10 -1
1 11 1
7 11 -1
7 12 1
1 12 -1
7 13 1
1 13 -1
8 14 1
1 14 -1
1 15 1
8 15 -1
8 16 1
1 16 -1
9 17 1
1 17 -1
1 18 1
9 18 -1
1 19 1
9 19 -1
9 20 1
1 20 -1
10 21 1
1 21 -1
1 22 1
10 22 -1
1 23 1
10 23 -1
11 24 1
1 24 -1
1 25 1
12 25 -1
1 26 1
12 26 -1
1 27 1
12 27 -1
12 28 1
1 28 -1
13 29 1
1 29 -1
13 30 1
1 30 -1
14 31 1
1 31 -1
1 32 1
14 32 -1
14 33 1
1 33 -1
14 34 1
1 34 -1
1 35 1
15 35 -1
1 36 1
16 36 -1
1 37 1
16 37 -1
16 38 1
1 38 -1
1 39 1
17 39 -1
17 40 1
1 40 -1
17 41 1
1 41 -1
18 42 1
1 42 -1
1 43 1
19 43 -1
1 44 1
19 44 -1
20 45 1
1 45 -1
20 46 1
1 46 -1
20 47 1
1 47 -1
21 48 1
1 48 -1
1 49 1
22 49 -1
1 50 1
22 50 -1
22 51 1
1 51 -1
22 52 1
1 52 -1
23 53 1
1 53 -1
23 54 1
1 54 -1
24 55 1
1 55 -1
1 56 1
24 56 -1
24 57 1
1 57 -1
1 58 1
24 58 -1
25 59 1
1 59 -1
26 60 1
1 60 -1
27 61 1
1 61 -1
27 62 1
1 62 -1
27 63 1
1 63 -1
1 64 1
27 64 -1
1 65 1
28 65 -1
28 66 1
1 66 -1
29 67 1
1 67 -1
1 68 1
29 68 -1
29 69 1
1 69 -1
29 70 1
1 70 -1
30 71 1
1 71 -1
1 72 1
30 72 -1
1 73 1
30 73 -1
1 74 1
31 74 -1
32 75 1
1 75 -1
1 76 1
32 76 -1
1 77 1
32 77 -1
1 78 1
33 78 -1
1 79 1
33 79 -1
34 80 1
1 80 -1
1 81 1
34 81 -1
1 82 1
34 82 -1
35 83 1
1 83 -1
35 84 1
1 84 -1
36 85 1
1 85 -1
36 86 1
1 86 -1
37 87 1
1 87 -1
1 88 1
37 88 -1
37 89 1
1 89 -1
38 90 1
1 90 -1
1 91 1
38 91 -1
1 92 1
39 92 -1
1 93 1
39 93 -1
1 94 1
40 94 -1
1 95 1
41 95 -1
1 96 1
41 96 -1
1 97 1
41 97 -1
1 98 1
41 98 -1
42 99 1
1 99 -1
1 100 1
42 100 -1
43 101 1
1 101 -1
43 102 1
1 102 -1
1 103 1
43 103 -1
1 104 1
43 104 -1
1 105 1
44 105 -1
44 106 1
1 106 -1
1 107 1
45 107 -1
46 108 1
1 108 -1
1 109 1
46 109 -1
47 110 1
1 110 -1
1 111 1
47 111 -1
1 112 1
48 112 -1
48 113 1
1 113 -1
49 114 1
1 114 -1
49 115 1
1 115 -1
49 116 1
1 116 -1
50 117 1
1 117 -1
1 118 1
50 118 -1
2 119 1
3 119 -1
2 120 1
3 120 -1
3 121 1
2 121 -1
2 122 1
3 122 -1
4 123 1
2 123 -1
2 124 1
4 124 -1
4 125 1
2 125 -1
2 126 1
4 126 -1
2 127 1
5 127 -1
5 128 1
2 128 -1
2 129 1
5 129 -1
5 130 1
2 130 -1
2 131 1
6 131 -1
6 132 1
2 132 -1
2 133 1
6 133 -1
7 134 1
2 134 -1
2 135 1
7 135 -1
2 136 1
7 136 -1
7 137 1
2 137 -1
8 138 1
2 138 -1
2 139 1
8 139 -1
8 140 1
2 140 -1
9 141 1
2 141 -1
9 142 1
2 142 -1
9 143 1
2 143 -1
9 144 1
2 144 -1
2 145 1
10 145 -1
10 146 1
2 146 -1
11 147 1
2 147 -1
11 148 1
2 148 -1
11 149 1
2 149 -1
2 150 1
11 150 -1
2 151 1
12 151 -1
2 152 1
12 152 -1
2 153 1
12 153 -1
2 154 1
12 154 -1
2 155 1
13 155 -1
13 156 1
2 156 -1
2 157 1
14 157 -1
2 158 1
14 158 -1
2 159 1
15 159 -1
2 160 1
15 160 -1
2 161 1
15 161 -1
16 162 1
2 162 -1
2 163 1
16 163 -1
16 164 1
2 164 -1
2 165 1
17 165 -1
2 166 1
17 166 -1
2 167 1
17 167 -1
18 168 1
2 168 -1
18 169 1
2 169 -1
19 170 1
2 170 -1
2 171 1
19 171 -1
2 172 1
19 172 -1
19 173 1
2 173 -1
20 174 1
2 174 -1
20 175 1
2 175 -1
2 176 1
20 176 -1
2 177 1
21 177 -1
21 178 1
2 178 -1
21 179 1
2 179 -1
2 180 1
21 180 -1
22 181 1
2 181 -1
2 182 1
22 182 -1
22 183 1
2 183 -1
2 184 1
22 184 -1
23 185 1
2 185 -1
2 186 1
23 186 -1
23 187 1
2 187 -1
23 188 1
2 188 -1
2 189 1
24 189 -1
24 190 1
2 190 -1
24 191 1
2 191 -1
2 192 1
25 192 -1
25 193 1
2 193 -1
25 194 1
2 194 -1
2 195 1
25 195 -1
26 196 1
2 196 -1
2 197 1
26 197 -1
26 198 1
2 198 -1
27 199 1
2 199 -1
2 200 1
27 200 -1
2 201 1
28 201 -1
28 202 1
2 202 -1
28 203 1
2 203 -1
2 204 1
28 204 -1
29 205 1
2 205 -1
29 206 1
2 206 -1
2 207 1
30 207 -1
2 208 1
31 208 -1
2 209 1
31 209 -1
31 210 1
2 210 -1
31 211 1
2 211 -1
2 212 1
32 212 -1
32 213 1
2 213 -1
2 214 1
32 214 -1
2 215 1
32 215 -1
33 216 1
2 216 -1
2 217 1
33 217 -1
2 218 1
33 218 -1
2 219 1
33 219 -1
2 220 1
34 220 -1
2 221 1
35 221 -1
36 222 1
2 222 -1
36 223 1
2 223 -1
36 224 1
2 224 -1
36 225 1
2 225 -1
2 226 1
37 226 -1
37 227 1
2 227 -1
2 228 1
37 228 -1
2 229 1
37 229 -1
38 230 1
2 230 -1
38 231 1
2 231 -1
39 232 1
2 232 -1
40 233 1
2 233 -1
2 234 1
40 234 -1
40 235 1
2 235 -1
41 236 1
2 236 -1
41 237 1
2 237 -1
2 238 1
41 238 -1
42 239 1
2 239 -1
43 240 1
2 240 -1
44 241 1
2 241 -1
2 242 1
44 242 -1
2 243 1
45 243 -1
2 244 1
46 244 -1
47 245 1
2 245 -1
48 246 1
2 246 -1
2 247 1
48 247 -1
2 248 1
48 248 -1
49 249 1
2 249 -1
49 250 1
2 250 -1
2 251 1
50 251 -1
2 252 1
50 252 -1
2 253 1
50 253 -1
4 254 1
3 254 -1
4 255 1
3 255 -1
3 256 1
4 256 -1
3 257 1
4 257 -1
5 258 1
3 258 -1
5 259 1
3 259 -1
6 260 1
3 260 -1
3 261 1
7 261 -1
3 262 1
7 262 -1
3 263 1
7 263 -1
3 264 1
8 264 -1
9 265 1
3 265 -1
10 266 1
3 266 -1
10 267 1
3 267 -1
11 268 1
3 268 -1
11 269 1
3 269 -1
11 270 1
3 270 -1
3 271 1
11 271 -1
3 272 1
12 272 -1
3 273 1
13 273 -1
3 274 1
13 274 -1
3 275 1
13 275 -1
13 276 1
3 276 -1
14 277 1
3 277 -1
14 278 1
3 278 -1
14 279 1
3 279 -1
15 280 1
3 280 -1
15 281 1
3 281 -1
3 282 1
15 282 -1
3 283 1
16 283 -1
3 284 1
17 284 -1
18 285 1
3 285 -1
3 286 1
18 286 -1
19 287 1
3 287 -1
19 288 1
3 288 -1
3 289 1
19 289 -1
3 290 1
20 290 -1
3 291 1
20 291 -1
3 292 1
20 292 -1
21 293 1
3 293 -1
3 294 1
21 294 -1
21 295 1
3 295 -1
3 296 1
22 296 -1
3 297 1
23 297 -1
23 298 1
3 298 -1
23 299 1
3 299 -1
3 300 1
24 300 -1
25 301 1
3 301 -1
25 302 1
3 302 -1
26 303 1
3 303 -1
26 304 1
3 304 -1
27 305 1
3 305 -1
27 306 1
3 306 -1
3 307 1
27 307 -1
28 308 1
3 308 -1
3 309 1
28 309 -1
3 310 1
29 310 -1
30 311 1
3 311 -1
3 312 1
30 312 -1
3 313 1
31 313 -1
3 314 1
32 314 -1
32 315 1
3 315 -1
3 316 1
32 316 -1
33 317 1
3 317 -1
33 318 1
3 318 -1
33 319 1
3 319 -1
3 320 1
34 320 -1
34 321 1
3 321 -1
3 322 1
35 322 -1
35 323 1
3 323 -1
3 324 1
36 324 -1
36 325 1
3 325 -1
3 326 1
36 326 -1
36 327 1
3 327 -1
3 328 1
37 328 -1
3 329 1
37 329 -1
3 330 1
37 330 -1
3 331 1
38 331 -1
38 332 1
3 332 -1
3 333 1
38 333 -1
38 334 1
3 334 -1
3 335 1
39 335 -1
39 336 1
3 336 -1
3 337 1
39 337 -1
3 338 1
40 338 -1
41 339 1
3 339 -1
3 340 1
41 340 -1
42 341 1
3 341 -1
43 342 1
3 342 -1
43 343 1
3 343 -1
43 344 1
3 344 -1
44 345 1
3 345 -1
3 346 1
44 346 -1
45 347 1
3 347 -1
3 348 1
45 348 -1
3 349 1
46 349 -1
3 350 1
46 350 -1
3 351 1
46 351 -1
47 352 1
3 352 -1
3 353 1
48 353 -1
49 354 1
3 354 -1
3 355 1
50 355 -1
3 356 1
50 356 -1
5 357 1
4 357 -1
5 358 1
4 358 -1
5 359 1
4 359 -1
4 360 1
5 360 -1
6 361 1
4 361 -1
4 362 1
6 362 -1
7 363 1
4 363 -1
4 364 1
7 364 -1
7 365 1
4 365 -1
7 366 1
4 366 -1
8 367 1
4 367 -1
8 368 1
4 368 -1
8 369 1
4 369 -1
4 370 1
8 370 -1
9 371 1
4 371 -1
4 372 1
9 372 -1
9 373 1
4 373 -1
4 374 1
9 374 -1
4 375 1
10 375 -1
11 376 1
4 376 -1
11 377 1
4 377 -1
11 378 1
4 378 -1
11 379 1
4 379 -1
12 380 1
4 380 -1
12 381 1
4 381 -1
12 382 1
4 382 -1
4 383 1
13 383 -1
14 384 1
4 384 -1
4 385 1
14 385 -1
4 386 1
14 386 -1
4 387 1
14 387 -1
4 388 1
15 388 -1
4 389 1
15 389 -1
15 390 1
4 390 -1
15 391 1
4 391 -1
16 392 1
4 392 -1
17 393 1
4 393 -1
4 394 1
17 394 -1
17 395 1
4 395 -1
4 396 1
18 396 -1
4 397 1
18 397 -1
18 398 1
4 398 -1
18 399 1
4 399 -1
19 400 1
4 400 -1
4 401 1
19 401 -1
19 402 1
4 402 -1
20 403 1
4 403 -1
4 404 1
20 404 -1
20 405 1
4 405 -1
21 406 1
4 406 -1
4 407 1
21 407 -1
4 408 1
21 408 -1
4 409 1
22 409 -1
4 410 1
23 410 -1
23 411 1
4 411 -1
4 412 1
24 412 -1
24 413 1
4 413 -1
24 414 1
4 414 -1
4 415 1
25 415 -1
4 416 1
25 416 -1
25 417 1
4 417 -1
4 418 1
25 418 -1
4 419 1
26 419 -1
26 420 1
4 420 -1
4 421 1
26 421 -1
4 422 1
26 422 -1
27 423 1
4 423 -1
27 424 1
4 424 -1
27 425 1
4 425 -1
28 426 1
4 426 -1
4 427 1
28 427 -1
28 428 1
4 428 -1
29 429 1
4 429 -1
29 430 1
4 430 -1
4 431 1
29 431 -1
4 432 1
30 432 -1
4 433 1
30 433 -1
30 434 1
4 434 -1
31 435 1
4 435 -1
31 436 1
4 436 -1
31 437 1
4 437 -1
32 438 1
4 438 -1
4 439 1
33 439 -1
33 440 1
4 440 -1
34 441 1
4 441 -1
34 442 1
4 442 -1
4 443 1
35 443 -1
35 444 1
4 444 -1
35 445 1
4 445 -1
4 446 1
36 446 -1
4 447 1
36 447 -1
4 448 1
36 448 -1
4 449 1
36 449 -1
4 450 1
37 450 -1
37 451 1
4 451 -1
37 452 1
4 452 -1
4 453 1
37 453 -1
38 454 1
4 454 -1
39 455 1
4 455 -1
39 456 1
4 456 -1
39 457 1
4 457 -1
39 458 1
4 458 -1
4 459 1
40 459 -1
4 460 1
40 460 -1
40 461 1
4 461 -1
40 462 1
4 462 -1
41 463 1
4 463 -1
41 464 1
4 464 -1
4 465 1
41 465 -1
4 466 1
41 466 -1
42 467 1
4 467 -1
4 468 1
42 468 -1
42 469 1
4 469 -1
42 470 1
4 470 -1
43 471 1
4 471 -1
43 472 1
4 472 -1
44 473 1
4 473 -1
44 474 1
4 474 -1
4 475 1
44 475 -1
45 476 1
4 476 -1
4 477 1
45 477 -1
46 478 1
4 478 -1
4 479 1
46 479 -1
46 480 1
4 480 -1
46 481 1
4 481 -1
47 482 1
4 482 -1
4 483 1
47 483 -1
4 484 1
47 484 -1
47 485 1
4 485 -1
48 486 1
4 486 -1
48 487 1
4 487 -1
4 488 1
49 488 -1
4 489 1
49 489 -1
4 490 1
49 490 -1
4 491 1
50 491 -1
4 492 1
50 492 -1
4 493 1
50 493 -1
6 494 1
5 494 -1
5 495 1
6 495 -1
5 496 1
6 496 -1
5 497 1
6 497 -1
7 498 1
5 498 -1
7 499 1
5 499 -1
5 500 1
8 500 -1
5 501 1
8 501 -1
5 502 1
8 502 -1
5 503 1
8 503 -1
5 504 1
9 504 -1
5 505 1
9 505 -1
9 506 1
5 506 -1
5 507 1
9 507 -1
10 508 1
5 508 -1
11 509 1
5 509 -1
11 510 1
5 510 -1
11 511 1
5 511 -1
11 512 1
5 512 -1
12 513 1
5 513 -1
12 514 1
5 514 -1
5 515 1
13 515 -1
14 516 1
5 516 -1
5 517 1
14 517 -1
14 518 1
5 518 -1
5 519 1
14 519 -1
5 520 1
15 520 -1
15 521 1
5 521 -1
16 522 1
5 522 -1
5 523 1
16 523 -1
17 524 1
5 524 -1
5 525 1
17 525 -1
17 526 1
5 526 -1
5 527 1
17 527 -1
18 528 1
5 528 -1
5 529 1
18 529 -1
5 530 1
18 530 -1
18 531 1
5 531 -1
19 532 1
5 532 -1
5 533 1
19 533 -1
20 534 1
5 534 -1
5 535 1
20 535 -1
5 536 1
21 536 -1
5 537 1
21 537 -1
5 538 1
22 538 -1
22 539 1
5 539 -1
22 540 1
5 540 -1
22 541 1
5 541 -1
5 542 1
23 542 -1
23 543 1
5 543 -1
5 544 1
23 544 -1
23 545 1
5 545 -1
5 546 1
24 546 -1
24 547 1
5 547 -1
5 548 1
25 548 -1
25 549 1
5 549 -1
5 550 1
25 550 -1
25 551 1
5 551 -1
26 552 1
5 552 -1
5 553 1
26 553 -1
26 554 1
5 554 -1
5 555 1
26 555 -1
27 556 1
5 556 -1
5 557 1
27 557 -1
27 558 1
5 558 -1
5 559 1
28 559 -1
28 560 1
5 560 -1
5 561 1
29 561 -1
5 562 1
29 562 -1
5 563 1
30 563 -1
5 564 1
31 564 -1
5 565 1
32 565 -1
32 566 1
5 566 -1
32 567 1
5 567 -1
32 568 1
5 568 -1
33 569 1
5 569 -1
5 570 1
33 570 -1
33 571 1
5 571 -1
33 572 1
5 572 -1
5 573 1
34 573 -1
5 574 1
34 574 -1
5 575 1
34 575 -1
34 576 1
5 576 -1
5 577 1
35 577 -1
5 578 1
35 578 -1
35 579 1
5 579 -1
35 580 1
5 580 -1
36 581 1
5 581 -1
5 582 1
36 582 -1
37 583 1
5 583 -1
37 584 1
5 584 -1
5 585 1
37 585 -1
5 586 1
37 586 -1
38 587 1
5 587 -1
5 588 1
38 588 -1
5 589 1
38 589 -1
39 590 1
5 590 -1
5 591 1
40 591 -1
5 592 1
40 592 -1
5 593 1
41 593 -1
5 594 1
41 594 -1
5 595 1
41 595 -1
5 596 1
41 596 -1
42 597 1
5 597 -1
5 598 1
42 598 -1
42 599 1
5 599 -1
43 600 1
5 600 -1
5 601 1
43 601 -1
43 602 1
5 602 -1
5 603 1
44 603 -1
5 604 1
44 604 -1
5 605 1
44 605 -1
5 606 1
44 606 -1
45 607 1
5 607 -1
45 608 1
5 608 -1
5 609 1
45 609 -1
45 610 1
5 610 -1
46 611 1
5 611 -1
47 612 1
5 612 -1
47 613 1
5 613 -1
5 614 1
47 614 -1
48 615 1
5 615 -1
48 616 1
5 616 -1
5 617 1
48 617 -1
48 618 1
5 618 -1
5 619 1
49 619 -1
49 620 1
5 620 -1
49 621 1
5 621 -1
49 622 1
5 622 -1
5 623 1
50 623 -1
5 624 1
50 624 -1
5 625 1
50 625 -1
50 626 1
5 626 -1
7 627 1
6 627 -1
6 628 1
8 628 -1
8 629 1
6 629 -1
9 630 1
6 630 -1
9 631 1
6 631 -1
9 632 1
6 632 -1
10 633 1
6 633 -1
10 634 1
6 634 -1
6 635 1
10 635 -1
6 636 1
10 636 -1
11 637 1
6 637 -1
11 638 1
6 638 -1
11 639 1
6 639 -1
11 640 1
6 640 -1
12 641 1
6 641 -1
13 642 1
6 642 -1
13 643 1
6 643 -1
13 644 1
6 644 -1
13 645 1
6 645 -1
14 646 1
6 646 -1
6 647 1
14 647 -1
6 648 1
14 648 -1
14 649 1
6 649 -1
15 650 1
6 650 -1
15 651 1
6 651 -1
6 652 1
15 652 -1
6 653 1
16 653 -1
17 654 1
6 654 -1
17 655 1
6 655 -1
6 656 1
17 656 -1
6 657 1
17 657 -1
18 658 1
6 658 -1
6 659 1
18 659 -1
6 660 1
18 660 -1
18 661 1
6 661 -1
19 662 1
6 662 -1
6 663 1
20 663 -1
6 664 1
20 664 -1
6 665 1
20 665 -1
6 666 1
20 666 -1
6 667 1
21 667 -1
21 668 1
6 668 -1
22 669 1
6 669 -1
6 670 1
23 670 -1
6 671 1
23 671 -1
6 672 1
23 672 -1
24 673 1
6 673 -1
6 674 1
24 674 -1
24 675 1
6 675 -1
6 676 1
25 676 -1
6 677 1
26 677 -1
26 678 1
6 678 -1
6 679 1
26 679 -1
6 680 1
27 680 -1
6 681 1
27 681 -1
6 682 1
27 682 -1
6 683 1
28 683 -1
28 684 1
6 684 -1
28 685 1
6 685 -1
29 686 1
6 686 -1
30 687 1
6 687 -1
6 688 1
31 688 -1
6 689 1
31 689 -1
6 690 1
31 690 -1
6 691 1
32 691 -1
32 692 1
6 692 -1
32 693 1
6 693 -1
33 694 1
6 694 -1
33 695 1
6 695 -1
33 696 1
6 696 -1
34 697 1
6 697 -1
34 698 1
6 698 -1
6 699 1
34 699 -1
35 700 1
6 700 -1
6 701 1
36 701 -1
6 702 1
36 702 -1
36 703 1
6 703 -1
6 704 1
36 704 -1
37 705 1
6 705 -1
6 706 1
37 706 -1
6 707 1
37 707 -1
38 708 1
6 708 -1
6 709 1
38 709 -1
6 710 1
39 710 -1
39 711 1
6 711 -1
6 712 1
39 712 -1
6 713 1
40 713 -1
41 714 1
6 714 -1
42 715 1
6 715 -1
42 716 1
6 716 -1
6 717 1
43 717 -1
6 718 1
44 718 -1
6 719 1
44 719 -1
6 720 1
44 720 -1
6 721 1
44 721 -1
45 722 1
6 722 -1
45 723 1
6 723 -1
45 724 1
6 724 -1
6 725 1
45 725 -1
6 726 1
46 726 -1
6 727 1
46 727 -1
46 728 1
6 728 -1
6 729 1
47 729 -1
47 730 1
6 730 -1
6 731 1
47 731 -1
48 732 1
6 732 -1
48 733 1
6 733 -1
6 734 1
48 734 -1
6 735 1
48 735 -1
6 736 1
49 736 -1
50 737 1
6 737 -1
8 738 1
7 738 -1
7 739 1
8 739 -1
9 740 1
7 740 -1
9 741 1
7 741 -1
7 742 1
10 742 -1
10 743 1
7 743 -1
11 744 1
7 744 -1
7 745 1
11 745 -1
7 746 1
12 746 -1
12 747 1
7 747 -1
7 748 1
13 748 -1
13 749 1
7 749 -1
14 750 1
7 750 -1
14 751 1
7 751 -1
7 752 1
14 752 -1
7 753 1
14 753 -1
7 754 1
15 754 -1
7 755 1
15 755 -1
15 756 1
7 756 -1
15 757 1
7 757 -1
7 758 1
16 758 -1
17 759 1
7 759 -1
7 760 1
18 760 -1
7 761 1
18 761 -1
7 762 1
18 762 -1
7 763 1
19 763 -1
7 764 1
19 764 -1
19 765 1
7 765 -1
7 766 1
20 766 -1
20 767 1
7 767 -1
7 768 1
20 768 -1
7 769 1
21 769 -1
21 770 1
7 770 -1
21 771 1
7 771 -1
7 772 1
22 772 -1
23 773 1
7 773 -1
7 774 1
23 774 -1
23 775 1
7 775 -1
7 776 1
24 776 -1
24 777 1
7 777 -1
7 778 1
24 778 -1
25 779 1
7 779 -1
25 780 1
7 780 -1
7 781 1
25 781 -1
7 782 1
25 782 -1
26 783 1
7 783 -1
26 784 1
7 784 -1
7 785 1
26 785 -1
7 786 1
26 786 -1
27 787 1
7 787 -1
27 788 1
7 788 -1
28 789 1
7 789 -1
28 790 1
7 790 -1
7 791 1
28 791 -1
28 792 1
7 792 -1
7 793 1
29 793 -1
7 794 1
29 794 -1
29 795 1
7 795 -1
30 796 1
7 796 -1
7 797 1
30 797 -1
7 798 1
30 798 -1
7 799 1
30 799 -1
7 800 1
31 800 -1
31 801 1
7 801 -1
7 802 1
31 802 -1
7 803 1
31 803 -1
7 804 1
32 804 -1
32 805 1
7 805 -1
33 806 1
7 806 -1
7 807 1
33 807 -1
7 808 1
33 808 -1
7 809 1
34 809 -1
34 810 1
7 810 -1
7 811 1
35 811 -1
35 812 1
7 812 -1
7 813 1
35 813 -1
7 814 1
35 814 -1
7 815 1
36 815 -1
7 816 1
36 816 -1
36 817 1
7 817 -1
7 818 1
37 818 -1
7 819 1
37 819 -1
38 820 1
7 820 -1
7 821 1
38 821 -1
7 822 1
38 822 -1
7 823 1
39 823 -1
7 824 1
40 824 -1
7 825 1
41 825 -1
7 826 1
41 826 -1
42 827 1
7 827 -1
42 828 1
7 828 -1
42 829 1
7 829 -1
7 830 1
42 830 -1
43 831 1
7 831 -1
43 832 1
7 832 -1
7 833 1
43 833 -1
44 834 1
7 834 -1
7 835 1
44 835 -1
45 836 1
7 836 -1
45 837 1
7 837 -1
45 838 1
7 838 -1
7 839 1
45 839 -1
7 840 1
46 840 -1
46 841 1
7 841 -1
7 842 1
47 842 -1
7 843 1
47 843 -1
47 844 1
7 844 -1
7 845 1
48 845 -1
7 846 1
48 846 -1
48 847 1
7 847 -1
49 848 1
7 848 -1
7 849 1
50 849 -1
7 850 1
50 850 -1
8 851 1
9 851 -1
8 852 1
9 852 -1
8 853 1
9 853 -1
10 854 1
8 854 -1
8 855 1
10 855 -1
11 856 1
8 856 -1
8 857 1
12 857 -1
8 858 1
13 858 -1
8 859 1
13 859 -1
8 860 1
14 860 -1
8 861 1
14 861 -1
14 862 1
8 862 -1
15 863 1
8 863 -1
8 864 1
15 864 -1
8 865 1
16 865 -1
16 866 1
8 866 -1
16 867 1
8 867 -1
8 868 1
16 868 -1
8 869 1
17 869 -1
8 870 1
17 870 -1
18 871 1
8 871 -1
18 872 1
8 872 -1
8 873 1
19 873 -1
8 874 1
20 874 -1
8 875 1
20 875 -1
8 876 1
20 876 -1
8 877 1
20 877 -1
21 878 1
8 878 -1
8 879 1
21 879 -1
8 880 1
21 880 -1
21 881 1
8 881 -1
8 882 1
22 882 -1
22 883 1
8 883 -1
8 884 1
22 884 -1
23 885 1
8 885 -1
8 886 1
24 886 -1
25 887 1
8 887 -1
8 888 1
25 888 -1
25 889 1
8 889 -1
25 890 1
8 890 -1
8 891 1
26 891 -1
8 892 1
26 892 -1
8 893 1
27 893 -1
28 894 1
8 894 -1
8 895 1
29 895 -1
8 896 1
29 896 -1
8 897 1
29 897 -1
30 898 1
8 898 -1
31 899 1
8 899 -1
31 900 1
8 900 -1
32 901 1
8 901 -1
8 902 1
32 902 -1
8 903 1
32 903 -1
32 904 1
8 904 -1
8 905 1
33 905 -1
8 906 1
33 906 -1
33 907 1
8 907 -1
8 908 1
34 908 -1
8 909 1
35 909 -1
8 910 1
35 910 -1
35 911 1
8 911 -1
8 912 1
35 912 -1
36 913 1
8 913 -1
36 914 1
8 914 -1
8 915 1
36 915 -1
8 916 1
36 916 -1
8 917 1
37 917 -1
37 918 1
8 918 -1
38 919 1
8 919 -1
39 920 1
8 920 -1
8 921 1
40 921 -1
8 922 1
41 922 -1
42 923 1
8 923 -1
8 924 1
42 924 -1
42 925 1
8 925 -1
43 926 1
8 926 -1
8 927 1
44 927 -1
8 928 1
44 928 -1
44 929 1
8 929 -1
8 930 1
45 930 -1
46 931 1
8 931 -1
47 932 1
8 932 -1
47 933 1
8 933 -1
47 934 1
8 934 -1
48 935 1
8 935 -1
8 936 1
48 936 -1
8 937 1
48 937 -1
8 938 1
48 938 -1
49 939 1
8 939 -1
49 940 1
8 940 -1
8 941 1
49 941 -1
50 942 1
8 942 -1
8 943 1
50 943 -1
50 944 1
8 944 -1
8 945 1
50 945 -1
10 946 1
9 946 -1
9 947 1
11 947 -1
9 948 1
11 948 -1
11 949 1
9 949 -1
11 950 1
9 950 -1
9 951 1
12 951 -1
12 952 1
9 952 -1
9 953 1
13 953 -1
9 954 1
13 954 -1
13 955 1
9 955 -1
9 956 1
14 956 -1
15 957 1
9 957 -1
15 958 1
9 958 -1
15 959 1
9 959 -1
9 960 1
15 960 -1
16 961 1
9 961 -1
9 962 1
16 962 -1
9 963 1
16 963 -1
9 964 1
16 964 -1
9 965 1
17 965 -1
17 966 1
9 966 -1
9 967 1
17 967 -1
9 968 1
17 968 -1
18 969 1
9 969 -1
9 970 1
18 970 -1
18 971 1
9 971 -1
18 972 1
9 972 -1
9 973 1
19 973 -1
9 974 1
20 974 -1
20 975 1
9 975 -1
20 976 1
9 976 -1
9 977 1
20 977 -1
21 978 1
9 978 -1
21 979 1
9 979 -1
9 980 1
22 980 -1
9 981 1
22 981 -1
22 982 1
9 982 -1
9 983 1
23 983 -1
9 984 1
24 984 -1
9 985 1
24 985 -1
9 986 1
25 986 -1
9 987 1
25 987 -1
25 988 1
9 988 -1
9 989 1
26 989 -1
9 990 1
27 990 -1
9 991 1
27 991 -1
9 992 1
28 992 -1
29 993 1
9 993 -1
9 994 1
29 994 -1
9 995 1
29 995 -1
9 996 1
30 996 -1
9 997 1
30 997 -1
30 998 1
9 998 -1
9 999 1
30 999 -1
9 1000 1
31 1000 -1
31 1001 1
9 1001 -1
9 1002 1
31 1002 -1
31 1003 1
9 1003 -1
9 1004 1
32 1004 -1
9 1005 1
32 1005 -1
32 1006 1
9 1006 -1
32 1007 1
9 1007 -1
33 1008 1
9 1008 -1
33 1009 1
9 1009 -1
33 1010 1
9 1010 -1
9 1011 1
34 1011 -1
34 1012 1
9 1012 -1
9 1013 1
35 1013 -1
36 1014 1
9 1014 -1
9 1015 1
36 1015 -1
9 1016 1
37 1016 -1
9 1017 1
37 1017 -1
9 1018 1
38 1018 -1
9 1019 1
38 1019 -1
39 1020 1
9 1020 -1
39 1021 1
9 1021 -1
39 1022 1
9 1022 -1
9 1023 1
39 1023 -1
9 1024 1
40 1024 -1
9 1025 1
41 1025 -1
9 1026 1
42 1026 -1
43 1027 1
9 1027 -1
43 1028 1
9 1028 -1
9 1029 1
43 1029 -1
43 1030 1
9 1030 -1
44 1031 1
9 1031 -1
44 1032 1
9 1032 -1
9 1033 1
44 1033 -1
44 1034 1
9 1034 -1
45 1035 1
9 1035 -1
9 1036 1
45 1036 -1
46 1037 1
9 1037 -1
9 1038 1
46 1038 -1
9 1039 1
46 1039 -1
46 1040 1
9 1040 -1
47 1041 1
9 1041 -1
47 1042 1
9 1042 -1
9 1043 1
47 1043 -1
9 1044 1
48 1044 -1
9 1045 1
48 1045 -1
9 1046 1
49 1046 -1
50 1047 1
9 1047 -1
10 1048 1
11 1048 -1
11 1049 1
10 1049 -1
11 1050 1
10 1050 -1
12 1051 1
10 1051 -1
12 1052 1
10 1052 -1
10 1053 1
13 1053 -1
10 1054 1
13 1054 -1
14 1055 1
10 1055 -1
14 1056 1
10 1056 -1
10 1057 1
15 1057 -1
10 1058 1
15 1058 -1
16 1059 1
10 1059 -1
10 1060 1
17 1060 -1
10 1061 1
17 1061 -1
18 1062 1
10 1062 -1
18 1063 1
10 1063 -1
18 1064 1
10 1064 -1
10 1065 1
18 1065 -1
19 1066 1
10 1066 -1
10 1067 1
19 1067 -1
19 1068 1
10 1068 -1
10 1069 1
19 1069 -1
10 1070 1
20 1070 -1
20 1071 1
10 1071 -1
20 1072 1
10 1072 -1
21 1073 1
10 1073 -1
21 1074 1
10 1074 -1
22 1075 1
10 1075 -1
22 1076 1
10 1076 -1
10 1077 1
22 1077 -1
10 1078 1
22 1078 -1
10 1079 1
23 1079 -1
24 1080 1
10 1080 -1
24 1081 1
10 1081 -1
10 1082 1
24 1082 -1
25 1083 1
10 1083 -1
10 1084 1
26 1084 -1
26 1085 1
10 1085 -1
10 1086 1
27 1086 -1
27 1087 1
10 1087 -1
27 1088 1
10 1088 -1
28 1089 1
10 1089 -1
28 1090 1
10 1090 -1
10 1091 1
28 1091 -1
10 1092 1
29 1092 -1
30 1093 1
10 1093 -1
30 1094 1
10 1094 -1
10 1095 1
30 1095 -1
30 1096 1
10 1096 -1
31 1097 1
10 1097 -1
10 1098 1
31 1098 -1
31 1099 1
10 1099 -1
32 1100 1
10 1100 -1
10 1101 1
32 1101 -1
10 1102 1
33 1102 -1
10 1103 1
33 1103 -1
33 1104 1
10 1104 -1
33 1105 1
10 1105 -1
10 1106 1
34 1106 -1
10 1107 1
35 1107 -1
35 1108 1
10 1108 -1
35 1109 1
10 1109 -1
10 1110 1
35 1110 -1
36 1111 1
10 1111 -1
10 1112 1
37 1112 -1
10 1113 1
37 1113 -1
10 1114 1
37 1114 -1
10 1115 1
37 1115 -1
10 1116 1
38 1116 -1
10 1117 1
39 1117 -1
10 1118 1
39 1118 -1
40 1119 1
10 1119 -1
10 1120 1
41 1120 -1
41 1121 1
10 1121 -1
41 1122 1
10 1122 -1
10 1123 1
42 1123 -1
10 1124 1
42 1124 -1
10 1125 1
42 1125 -1
10 1126 1
42 1126 -1
10 1127 1
43 1127 -1
10 1128 1
43 1128 -1
43 1129 1
10 1129 -1
10 1130 1
44 1130 -1
44 1131 1
10 1131 -1
44 1132 1
10 1132 -1
10 1133 1
44 1133 -1
45 1134 1
10 1134 -1
45 1135 1
10 1135 -1
46 1136 1
10 1136 -1
46 1137 1
10 1137 -1
10 1138 1
46 1138 -1
10 1139 1
46 1139 -1
47 1140 1
10 1140 -1
47 1141 1
10 1141 -1
48 1142 1
10 1142 -1
49 1143 1
10 1143 -1
10 1144 1
50 1144 -1
50 1145 1
10 1145 -1
12 1146 1
11 1146 -1
11 1147 1
13 1147 -1
11 1148 1
13 1148 -1
13 1149 1
11 1149 -1
11 1150 1
14 1150 -1
11 1151 1
14 1151 -1
11 1152 1
14 1152 -1
14 1153 1
11 1153 -1
15 1154 1
11 1154 -1
11 1155 1
15 1155 -1
16 1156 1
11 1156 -1
16 1157 1
11 1157 -1
11 1158 1
16 1158 -1
11 1159 1
16 1159 -1
11 1160 1
17 1160 -1
17 1161 1
11 1161 -1
11 1162 1
17 1162 -1
17 1163 1
11 1163 -1
18 1164 1
11 1164 -1
11 1165 1
18 1165 -1
11 1166 1
18 1166 -1
11 1167 1
19 1167 -1
11 1168 1
19 1168 -1
20 1169 1
11 1169 -1
20 1170 1
11 1170 -1
20 1171 1
11 1171 -1
21 1172 1
11 1172 -1
21 1173 1
11 1173 -1
21 1174 1
11 1174 -1
21 1175 1
11 1175 -1
22 1176 1
11 1176 -1
22 1177 1
11 1177 -1
11 1178 1
22 1178 -1
22 1179 1
11 1179 -1
23 1180 1
11 1180 -1
23 1181 1
11 1181 -1
24 1182 1
11 1182 -1
25 1183 1
11 1183 -1
11 1184 1
26 1184 -1
27 1185 1
11 1185 -1
27 1186 1
11 1186 -1
11 1187 1
27 1187 -1
28 1188 1
11 1188 -1
11 1189 1
28 1189 -1
11 1190 1
28 1190 -1
11 1191 1
29 1191 -1
11 1192 1
29 1192 -1
29 1193 1
11 1193 -1
30 1194 1
11 1194 -1
11 1195 1
30 1195 -1
30 1196 1
11 1196 -1
11 1197 1
30 1197 -1
31 1198 1
11 1198 -1
11 1199 1
32 1199 -1
11 1200 1
32 1200 -1
11 1201 1
33 1201 -1
11 1202 1
34 1202 -1
11 1203 1
34 1203 -1
34 1204 1
11 1204 -1
35 1205 1
11 1205 -1
35 1206 1
11 1206 -1
11 1207 1
35 1207 -1
11 1208 1
36 1208 -1
36 1209 1
11 1209 -1
36 1210 1
11 1210 -1
11 1211 1
37 1211 -1
11 1212 1
37 1212 -1
37 1213 1
11 1213 -1
11 1214 1
37 1214 -1
11 1215 1
38 1215 -1
38 1216 1
11 1216 -1
38 1217 1
11 1217 -1
11 1218 1
39 1218 -1
11 1219 1
40 1219 -1
40 1220 1
11 1220 -1
40 1221 1
11 1221 -1
11 1222 1
41 1222 -1
41 1223 1
11 1223 -1
11 1224 1
41 1224 -1
42 1225 1
11 1225 -1
11 1226 1
42 1226 -1
11 1227 1
42 1227 -1
11 1228 1
43 1228 -1
11 1229 1
43 1229 -1
44 1230 1
11 1230 -1
44 1231 1
11 1231 -1
44 1232 1
11 1232 -1
45 1233 1
11 1233 -1
46 1234 1
11 1234 -1
11 1235 1
46 1235 -1
47 1236 1
11 1236 -1
11 1237 1
47 1237 -1
11 1238 1
47 1238 -1
11 1239 1
48 1239 -1
11 1240 1
49 1240 -1
49 1241 1
11 1241 -1
11 1242 1
49 1242 -1
11 1243 1
49 1243 -1
11 1244 1
50 1244 -1
50 1245 1
11 1245 -1
11 1246 1
50 1246 -1
13 1247 1
12 1247 -1
12 1248 1
13 1248 -1
14 1249 1
12 1249 -1
12 1250 1
14 1250 -1
12 1251 1
14 1251 -1
12 1252 1
14 1252 -1
15 1253 1
12 1253 -1
15 1254 1
12 1254 -1
15 1255 1
12 1255 -1
12 1256 1
16 1256 -1
16 1257 1
12 1257 -1
12 1258 1
17 1258 -1
18 1259 1
12 1259 -1
12 1260 1
18 1260 -1
18 1261 1
12 1261 -1
12 1262 1
18 1262 -1
12 1263 1
19 1263 -1
20 1264 1
12 1264 -1
20 1265 1
12 1265 -1
12 1266 1
21 1266 -1
12 1267 1
21 1267 -1
12 1268 1
21 1268 -1
12 1269 1
22 1269 -1
22 1270 1
12 1270 -1
22 1271 1
12 1271 -1
22 1272 1
12 1272 -1
12 1273 1
23 1273 -1
12 1274 1
24 1274 -1
24 1275 1
12 1275 -1
25 1276 1
12 1276 -1
26 1277 1
12 1277 -1
12 1278 1
26 1278 -1
12 1279 1
26 1279 -1
26 1280 1
12 1280 -1
27 1281 1
12 1281 -1
12 1282 1
27 1282 -1
12 1283 1
27 1283 -1
28 1284 1
12 1284 -1
12 1285 1
29 1285 -1
30 1286 1
12 1286 -1
31 1287 1
12 1287 -1
31 1288 1
12 1288 -1
12 1289 1
31 1289 -1
12 1290 1
32 1290 -1
32 1291 1
12 1291 -1
32 1292 1
12 1292 -1
32 1293 1
12 1293 -1
12 1294 1
33 1294 -1
33 1295 1
12 1295 -1
34 1296 1
12 1296 -1
12 1297 1
34 1297 -1
34 1298 1
12 1298 -1
12 1299 1
34 1299 -1
35 1300 1
12 1300 -1
12 1301 1
35 1301 -1
35 1302 1
12 1302 -1
36 1303 1
12 1303 -1
12 1304 1
36 1304 -1
36 1305 1
12 1305 -1
12 1306 1
36 1306 -1
37 1307 1
12 1307 -1
37 1308 1
12 1308 -1
12 1309 1
37 1309 -1
12 1310 1
37 1310 -1
38 1311 1
12 1311 -1
38 1312 1
12 1312 -1
38 1313 1
12 1313 -1
12 1314 1
38 1314 -1
12 1315 1
39 1315 -1
12 1316 1
39 1316 -1
12 1317 1
39 1317 -1
12 1318 1
40 1318 -1
40 1319 1
12 1319 -1
12 1320 1
40 1320 -1
12 1321 1
41 1321 -1
12 1322 1
41 1322 -1
12 1323 1
41 1323 -1
12 1324 1
41 1324 -1
42 1325 1
12 1325 -1
43 1326 1
12 1326 -1
12 1327 1
43 1327 -1
12 1328 1
43 1328 -1
12 1329 1
43 1329 -1
44 1330 1
12 1330 -1
45 1331 1
12 1331 -1
45 1332 1
12 1332 -1
45 1333 1
12 1333 -1
12 1334 1
45 1334 -1
46 1335 1
12 1335 -1
12 1336 1
46 1336 -1
12 1337 1
46 1337 -1
46 1338 1
12 1338 -1
47 1339 1
12 1339 -1
12 1340 1
48 1340 -1
48 1341 1
12 1341 -1
12 1342 1
49 1342 -1
49 1343 1
12 1343 -1
50 1344 1
12 1344 -1
13 1345 1
14 1345 -1
14 1346 1
13 1346 -1
13 1347 1
14 1347 -1
13 1348 1
15 1348 -1
13 1349 1
15 1349 -1
15 1350 1
13 1350 -1
13 1351 1
16 1351 -1
13 1352 1
16 1352 -1
16 1353 1
13 1353 -1
13 1354 1
17 1354 -1
13 1355 1
17 1355 -1
13 1356 1
17 1356 -1
13 1357 1
18 1357 -1
13 1358 1
18 1358 -1
18 1359 1
13 1359 -1
13 1360 1
19 1360 -1
19 1361 1
13 1361 -1
13 1362 1
19 1362 -1
19 1363 1
13 1363 -1
13 1364 1
20 1364 -1
13 1365 1
20 1365 -1
20 1366 1
13 1366 -1
13 1367 1
21 1367 -1
13 1368 1
21 1368 -1
21 1369 1
13 1369 -1
22 1370 1
13 1370 -1
13 1371 1
23 1371 -1
13 1372 1
23 1372 -1
23 1373 1
13 1373 -1
13 1374 1
24 1374 -1
24 1375 1
13 1375 -1
13 1376 1
24 1376 -1
24 1377 1
13 1377 -1
13 1378 1
25 1378 -1
13 1379 1
25 1379 -1
13 1380 1
25 1380 -1
13 1381 1
25 1381 -1
13 1382 1
26 1382 -1
13 1383 1
26 1383 -1
13 1384 1
26 1384 -1
13 1385 1
27 1385 -1
13 1386 1
27 1386 -1
13 1387 1
27 1387 -1
28 1388 1
13 1388 -1
28 1389 1
13 1389 -1
28 1390 1
13 1390 -1
28 1391 1
13 1391 -1
13 1392 1
29 1392 -1
13 1393 1
29 1393 -1
30 1394 1
13 1394 -1
13 1395 1
30 1395 -1
31 1396 1
13 1396 -1
13 1397 1
31 1397 -1
13 1398 1
31 1398 -1
32 1399 1
13 1399 -1
13 1400 1
32 1400 -1
32 1401 1
13 1401 -1
13 1402 1
33 1402 -1
34 1403 1
13 1403 -1
13 1404 1
34 1404 -1
34 1405 1
13 1405 -1
35 1406 1
13 1406 -1
13 1407 1
35 1407 -1
35 1408 1
13 1408 -1
35 1409 1
13 1409 -1
36 1410 1
13 1410 -1
13 1411 1
36 1411 -1
36 1412 1
13 1412 -1
36 1413 1
13 1413 -1
13 1414 1
37 1414 -1
37 1415 1
13 1415 -1
37 1416 1
13 1416 -1
38 1417 1
13 1417 -1
38 1418 1
13 1418 -1
13 1419 1
38 1419 -1
13 1420 1
38 1420 -1
13 1421 1
39 1421 -1
13 1422 1
39 1422 -1
39 1423 1
13 1423 -1
13 1424 1
39 1424 -1
40 1425 1
13 1425 -1
13 1426 1
40 1426 -1
13 1427 1
40 1427 -1
40 1428 1
13 1428 -1
41 1429 1
13 1429 -1
42 1430 1
13 1430 -1
13 1431 1
42 1431 -1
13 1432 1
43 1432 -1
43 1433 1
13 1433 -1
43 1434 1
13 1434 -1
43 1435 1
13 1435 -1
13 1436 1
44 1436 -1
13 1437 1
45 1437 -1
45 1438 1
13 1438 -1
45 1439 1
13 1439 -1
13 1440 1
46 1440 -1
47 1441 1
13 1441 -1
13 1442 1
47 1442 -1
47 1443 1
13 1443 -1
13 1444 1
48 1444 -1
48 1445 1
13 1445 -1
13 1446 1
48 1446 -1
48 1447 1
13 1447 -1
13 1448 1
49 1448 -1
49 1449 1
13 1449 -1
13 1450 1
50 1450 -1
13 1451 1
50 1451 -1
13 1452 1
50 1452 -1
14 1453 1
15 1453 -1
14 1454 1
15 1454 -1
16 1455 1
14 1455 -1
14 1456 1
16 1456 -1
14 1457 1
17 1457 -1
17 1458 1
14 1458 -1
14 1459 1
18 1459 -1
18 1460 1
14 1460 -1
18 1461 1
14 1461 -1
14 1462 1
18 1462 -1
19 1463 1
14 1463 -1
20 1464 1
14 1464 -1
21 1465 1
14 1465 -1
21 1466 1
14 1466 -1
14 1467 1
22 1467 -1
22 1468 1
14 1468 -1
22 1469 1
14 1469 -1
14 1470 1
22 1470 -1
23 1471 1
14 1471 -1
23 1472 1
14 1472 -1
24 1473 1
14 1473 -1
24 1474 1
14 1474 -1
14 1475 1
25 1475 -1
25 1476 1
14 1476 -1
25 1477 1
14 1477 -1
14 1478 1
26 1478 -1
26 1479 1
14 1479 -1
14 1480 1
26 1480 -1
14 1481 1
26 1481 -1
14 1482 1
27 1482 -1
14 1483 1
27 1483 -1
28 1484 1
14 1484 -1
14 1485 1
29 1485 -1
14 1486 1
29 1486 -1
14 1487 1
29 1487 -1
14 1488 1
29 1488 -1
14 1489 1
30 1489 -1
14 1490 1
31 1490 -1
14 1491 1
31 1491 -1
32 1492 1
14 1492 -1
32 1493 1
14 1493 -1
14 1494 1
32 1494 -1
14 1495 1
32 1495 -1
33 1496 1
14 1496 -1
14 1497 1
34 1497 -1
34 1498 1
14 1498 -1
34 1499 1
14 1499 -1
14 1500 1
34 1500 -1
14 1501 1
35 1501 -1
36 1502 1
14 1502 -1
36 1503 1
14 1503 -1
36 1504 1
14 1504 -1
37 1505 1
14 1505 -1
14 1506 1
37 1506 -1
14 1507 1
38 1507 -1
14 1508 1
39 1508 -1
40 1509 1
14 1509 -1
14 1510 1
40 1510 -1
40 1511 1
14 1511 -1
41 1512 1
14 1512 -1
41 1513 1
14 1513 -1
41 1514 1
14 1514 -1
14 1515 1
41 1515 -1
42 1516 1
14 1516 -1
14 1517 1
42 1517 -1
42 1518 1
14 1518 -1
43 1519 1
14 1519 -1
43 1520 1
14 1520 -1
14 1521 1
43 1521 -1
43 1522 1
14 1522 -1
44 1523 1
14 1523 -1
14 1524 1
44 1524 -1
14 1525 1
45 1525 -1
14 1526 1
45 1526 -1
45 1527 1
14 1527 -1
14 1528 1
46 1528 -1
46 1529 1
14 1529 -1
47 1530 1
14 1530 -1
14 1531 1
48 1531 -1
48 1532 1
14 1532 -1
14 1533 1
49 1533 -1
50 1534 1
14 1534 -1
14 1535 1
50 1535 -1
50 1536 1
14 1536 -1
14 1537 1
50 1537 -1
16 1538 1
15 1538 -1
15 1539 1
16 1539 -1
15 1540 1
17 1540 -1
15 1541 1
17 1541 -1
18 1542 1
15 1542 -1
18 1543 1
15 1543 -1
18 1544 1
15 1544 -1
19 1545 1
15 1545 -1
19 1546 1
15 1546 -1
19 1547 1
15 1547 -1
15 1548 1
20 1548 -1
15 1549 1
21 1549 -1
15 1550 1
22 1550 -1
22 1551 1
15 1551 -1
22 1552 1
15 1552 -1
22 1553 1
15 1553 -1
15 1554 1
23 1554 -1
15 1555 1
23 1555 -1
15 1556 1
23 1556 -1
24 1557 1
15 1557 -1
24 1558 1
15 1558 -1
15 1559 1
25 1559 -1
15 1560 1
25 1560 -1
25 1561 1
15 1561 -1
15 1562 1
25 1562 -1
15 1563 1
26 1563 -1
26 1564 1
15 1564 -1
15 1565 1
27 1565 -1
27 1566 1
15 1566 -1
15 1567 1
27 1567 -1
28 1568 1
15 1568 -1
15 1569 1
28 1569 -1
28 1570 1
15 1570 -1
28 1571 1
15 1571 -1
15 1572 1
29 1572 -1
29 1573 1
15 1573 -1
15 1574 1
30 1574 -1
30 1575 1
15 1575 -1
15 1576 1
30 1576 -1
15 1577 1
31 1577 -1
15 1578 1
32 1578 -1
33 1579 1
15 1579 -1
33 1580 1
15 1580 -1
15 1581 1
33 1581 -1
34 1582 1
15 1582 -1
35 1583 1
15 1583 -1
35 1584 1
15 1584 -1
35 1585 1
15 1585 -1
15 1586 1
36 1586 -1
36 1587 1
15 1587 -1
37 1588 1
15 1588 -1
37 1589 1
15 1589 -1
15 1590 1
37 1590 -1
38 1591 1
15 1591 -1
15 1592 1
38 1592 -1
38 1593 1
15 1593 -1
15 1594 1
39 1594 -1
39 1595 1
15 1595 -1
15 1596 1
40 1596 -1
40 1597 1
15 1597 -1
15 1598 1
41 1598 -1
15 1599 1
42 1599 -1
15 1600 1
43 1600 -1
44 1601 1
15 1601 -1
44 1602 1
15 1602 -1
15 1603 1
44 1603 -1
15 1604 1
45 1604 -1
46 1605 1
15 1605 -1
15 1606 1
46 1606 -1
15 1607 1
47 1607 -1
15 1608 1
47 1608 -1
48 1609 1
15 1609 -1
49 1610 1
15 1610 -1
15 1611 1
49 1611 -1
49 1612 1
15 1612 -1
15 1613 1
50 1613 -1
15 1614 1
50 1614 -1
15 1615 1
50 1615 -1
16 1616 1
17 1616 -1
17 1617 1
16 1617 -1
16 1618 1
17 1618 -1
16 1619 1
18 1619 -1
19 1620 1
16 1620 -1
20 1621 1
16 1621 -1
16 1622 1
20 1622 -1
16 1623 1
20 1623 -1
20 1624 1
16 1624 -1
21 1625 1
16 1625 -1
21 1626 1
16 1626 -1
16 1627 1
21 1627 -1
22 1628 1
16 1628 -1
16 1629 1
22 1629 -1
16 1630 1
22 1630 -1
16 1631 1
22 1631 -1
16 1632 1
23 1632 -1
23 1633 1
16 1633 -1
23 1634 1
16 1634 -1
23 1635 1
16 1635 -1
16 1636 1
24 1636 -1
24 1637 1
16 1637 -1
16 1638 1
25 1638 -1
16 1639 1
26 1639 -1
16 1640 1
26 1640 -1
27 1641 1
16 1641 -1
27 1642 1
16 1642 -1
27 1643 1
16 1643 -1
28 1644 1
16 1644 -1
28 1645 1
16 1645 -1
16 1646 1
28 1646 -1
16 1647 1
29 1647 -1
16 1648 1
29 1648 -1
29 1649 1
16 1649 -1
29 1650 1
16 1650 -1
16 1651 1
30 1651 -1
16 1652 1
30 1652 -1
16 1653 1
30 1653 -1
31 1654 1
16 1654 -1
31 1655 1
16 1655 -1
16 1656 1
32 1656 -1
16 1657 1
32 1657 -1
32 1658 1
16 1658 -1
16 1659 1
33 1659 -1
16 1660 1
33 1660 -1
33 1661 1
16 1661 -1
16 1662 1
34 1662 -1
34 1663 1
16 1663 -1
34 1664 1
16 1664 -1
16 1665 1
35 1665 -1
16 1666 1
35 1666 -1
36 1667 1
16 1667 -1
16 1668 1
36 1668 -1
36 1669 1
16 1669 -1
16 1670 1
36 1670 -1
16 1671 1
37 1671 -1
16 1672 1
37 1672 -1
16 1673 1
37 1673 -1
37 1674 1
16 1674 -1
16 1675 1
38 1675 -1
38 1676 1
16 1676 -1
38 1677 1
16 1677 -1
16 1678 1
39 1678 -1
40 1679 1
16 1679 -1
40 1680 1
16 1680 -1
16 1681 1
41 1681 -1
16 1682 1
42 1682 -1
16 1683 1
42 1683 -1
42 1684 1
16 1684 -1
16 1685 1
43 1685 -1
44 1686 1
16 1686 -1
16 1687 1
44 1687 -1
16 1688 1
44 1688 -1
16 1689 1
45 1689 -1
45 1690 1
16 1690 -1
45 1691 1
16 1691 -1
46 1692 1
16 1692 -1
46 1693 1
16 1693 -1
16 1694 1
47 1694 -1
47 1695 1
16 1695 -1
47 1696 1
16 1696 -1
16 1697 1
47 1697 -1
48 1698 1
16 1698 -1
16 1699 1
49 1699 -1
16 1700 1
50 1700 -1
16 1701 1
50 1701 -1
50 1702 1
16 1702 -1
17 1703 1
18 1703 -1
17 1704 1
18 1704 -1
19 1705 1
17 1705 -1
19 1706 1
17 1706 -1
17 1707 1
19 1707 -1
19 1708 1
17 1708 -1
20 1709 1
17 1709 -1
17 1710 1
20 1710 -1
17 1711 1
20 1711 -1
20 1712 1
17 1712 -1
21 1713 1
17 1713 -1
17 1714 1
21 1714 -1
21 1715 1
17 1715 -1
21 1716 1
17 1716 -1
22 1717 1
17 1717 -1
23 1718 1
17 1718 -1
23 1719 1
17 1719 -1
17 1720 1
24 1720 -1
17 1721 1
25 1721 -1
26 1722 1
17 1722 -1
27 1723 1
17 1723 -1
17 1724 1
27 1724 -1
17 1725 1
27 1725 -1
27 1726 1
17 1726 -1
28 1727 1
17 1727 -1
29 1728 1
17 1728 -1
29 1729 1
17 1729 -1
17 1730 1
29 1730 -1
17 1731 1
29 1731 -1
30 1732 1
17 1732 -1
31 1733 1
17 1733 -1
31 1734 1
17 1734 -1
17 1735 1
32 1735 -1
32 1736 1
17 1736 -1
32 1737 1
17 1737 -1
17 1738 1
33 1738 -1
17 1739 1
33 1739 -1
34 1740 1
17 1740 -1
34 1741 1
17 1741 -1
34 1742 1
17 1742 -1
17 1743 1
35 1743 -1
17 1744 1
35 1744 -1
17 1745 1
36 1745 -1
36 1746 1
17 1746 -1
36 1747 1
17 1747 -1
17 1748 1
37 1748 -1
17 1749 1
37 1749 -1
17 1750 1
37 1750 -1
17 1751 1
38 1751 -1
17 1752 1
38 1752 -1
17 1753 1
38 1753 -1
17 1754 1
39 1754 -1
39 1755 1
17 1755 -1
17 1756 1
39 1756 -1
39 1757 1
17 1757 -1
40 1758 1
17 1758 -1
17 1759 1
41 1759 -1
41 1760 1
17 1760 -1
41 1761 1
17 1761 -1
42 1762 1
17 1762 -1
17 1763 1
42 1763 -1
17 1764 1
42 1764 -1
43 1765 1
17 1765 -1
17 1766 1
43 1766 -1
17 1767 1
43 1767 -1
44 1768 1
17 1768 -1
44 1769 1
17 1769 -1
17 1770 1
44 1770 -1
45 1771 1
17 1771 -1
17 1772 1
45 1772 -1
17 1773 1
45 1773 -1
17 1774 1
45 1774 -1
46 1775 1
17 1775 -1
47 1776 1
17 1776 -1
47 1777 1
17 1777 -1
17 1778 1
47 1778 -1
17 1779 1
47 1779 -1
48 1780 1
17 1780 -1
17 1781 1
48 1781 -1
48 1782 1
17 1782 -1
49 1783 1
17 1783 -1
50 1784 1
17 1784 -1
18 1785 1
19 1785 -1
19 1786 1
18 1786 -1
18 1787 1
20 1787 -1
18 1788 1
20 1788 -1
20 1789 1
18 1789 -1
18 1790 1
21 1790 -1
21 1791 1
18 1791 -1
22 1792 1
18 1792 -1
18 1793 1
22 1793 -1
18 1794 1
22 1794 -1
23 1795 1
18 1795 -1
24 1796 1
18 1796 -1
24 1797 1
18 1797 -1
18 1798 1
25 1798 -1
18 1799 1
26 1799 -1
18 1800 1
27 1800 -1
27 1801 1
18 1801 -1
18 1802 1
27 1802 -1
27 1803 1
18 1803 -1
18 1804 1
28 1804 -1
28 1805 1
18 1805 -1
18 1806 1
29 1806 -1
18 1807 1
29 1807 -1
18 1808 1
30 1808 -1
18 1809 1
31 1809 -1
18 1810 1
31 1810 -1
18 1811 1
32 1811 -1
33 1812 1
18 1812 -1
18 1813 1
33 1813 -1
33 1814 1
18 1814 -1
33 1815 1
18 1815 -1
18 1816 1
34 1816 -1
18 1817 1
35 1817 -1
18 1818 1
35 1818 -1
18 1819 1
35 1819 -1
18 1820 1
36 1820 -1
18 1821 1
36 1821 -1
18 1822 1
36 1822 -1
18 1823 1
37 1823 -1
18 1824 1
38 1824 -1
18 1825 1
38 1825 -1
39 1826 1
18 1826 -1
39 1827 1
18 1827 -1
40 1828 1
18 1828 -1
18 1829 1
40 1829 -1
40 1830 1
18 1830 -1
40 1831 1
18 1831 -1
18 1832 1
41 1832 -1
18 1833 1
41 1833 -1
42 1834 1
18 1834 -1
42 1835 1
18 1835 -1
42 1836 1
18 1836 -1
18 1837 1
43 1837 -1
43 1838 1
18 1838 -1
43 1839 1
18 1839 -1
43 1840 1
18 1840 -1
44 1841 1
18 1841 -1
18 1842 1
45 1842 -1
18 1843 1
45 1843 -1
46 1844 1
18 1844 -1
46 1845 1
18 1845 -1
47 1846 1
18 1846 -1
18 1847 1
48 1847 -1
48 1848 1
18 1848 -1
18 1849 1
48 1849 -1
48 1850 1
18 1850 -1
18 1851 1
49 1851 -1
18 1852 1
49 1852 -1
50 1853 1
18 1853 -1
20 1854 1
19 1854 -1
19 1855 1
21 1855 -1
19 1856 1
21 1856 -1
22 1857 1
19 1857 -1
22 1858 1
19 1858 -1
19 1859 1
22 1859 -1
22 1860 1
19 1860 -1
23 1861 1
19 1861 -1
24 1862 1
19 1862 -1
24 1863 1
19 1863 -1
19 1864 1
24 1864 -1
19 1865 1
24 1865 -1
25 1866 1
19 1866 -1
25 1867 1
19 1867 -1
19 1868 1
26 1868 -1
19 1869 1
27 1869 -1
19 1870 1
27 1870 -1
19 1871 1
27 1871 -1
28 1872 1
19 1872 -1
19 1873 1
28 1873 -1
19 1874 1
28 1874 -1
28 1875 1
19 1875 -1
29 1876 1
19 1876 -1
29 1877 1
19 1877 -1
29 1878 1
19 1878 -1
29 1879 1
19 1879 -1
30 1880 1
19 1880 -1
19 1881 1
30 1881 -1
19 1882 1
30 1882 -1
19 1883 1
30 1883 -1
19 1884 1
31 1884 -1
31 1885 1
19 1885 -1
19 1886 1
31 1886 -1
19 1887 1
32 1887 -1
19 1888 1
33 1888 -1
19 1889 1
34 1889 -1
19 1890 1
35 1890 -1
35 1891 1
19 1891 -1
19 1892 1
35 1892 -1
19 1893 1
36 1893 -1
19 1894 1
36 1894 -1
36 1895 1
19 1895 -1
19 1896 1
36 1896 -1
19 1897 1
37 1897 -1
37 1898 1
19 1898 -1
19 1899 1
38 1899 -1
38 1900 1
19 1900 -1
19 1901 1
38 1901 -1
19 1902 1
39 1902 -1
19 1903 1
39 1903 -1
19 1904 1
40 1904 -1
19 1905 1
40 1905 -1
40 1906 1
19 1906 -1
19 1907 1
41 1907 -1
19 1908 1
42 1908 -1
42 1909 1
19 1909 -1
42 1910 1
19 1910 -1
19 1911 1
42 1911 -1
43 1912 1
19 1912 -1
43 1913 1
19 1913 -1
19 1914 1
43 1914 -1
19 1915 1
44 1915 -1
44 1916 1
19 1916 -1
19 1917 1
45 1917 -1
19 1918 1
46 1918 -1
46 1919 1
19 1919 -1
19 1920 1
47 1920 -1
48 1921 1
19 1921 -1
49 1922 1
19 1922 -1
19 1923 1
50 1923 -1
50 1924 1
19 1924 -1
20 1925 1
21 1925 -1
20 1926 1
21 1926 -1
20 1927 1
21 1927 -1
20 1928 1
22 1928 -1
20 1929 1
23 1929 -1
20 1930 1
23 1930 -1
23 1931 1
20 1931 -1
20 1932 1
24 1932 -1
24 1933 1
20 1933 -1
24 1934 1
20 1934 -1
20 1935 1
24 1935 -1
25 1936 1
20 1936 -1
25 1937 1
20 1937 -1
20 1938 1
26 1938 -1
20 1939 1
27 1939 -1
27 1940 1
20 1940 -1
27 1941 1
20 1941 -1
20 1942 1
28 1942 -1
28 1943 1
20 1943 -1
29 1944 1
20 1944 -1
30 1945 1
20 1945 -1
20 1946 1
31 1946 -1
20 1947 1
31 1947 -1
20 1948 1
32 1948 -1
32 1949 1
20 1949 -1
32 1950 1
20 1950 -1
20 1951 1
33 1951 -1
33 1952 1
20 1952 -1
33 1953 1
20 1953 -1
33 1954 1
20 1954 -1
20 1955 1
34 1955 -1
20 1956 1
35 1956 -1
36 1957 1
20 1957 -1
20 1958 1
36 1958 -1
20 1959 1
37 1959 -1
20 1960 1
37 1960 -1
20 1961 1
38 1961 -1
20 1962 1
38 1962 -1
39 1963 1
20 1963 -1
20 1964 1
40 1964 -1
40 1965 1
20 1965 -1
20 1966 1
40 1966 -1
40 1967 1
20 1967 -1
41 1968 1
20 1968 -1
20 1969 1
41 1969 -1
41 1970 1
20 1970 -1
20 1971 1
41 1971 -1
20 1972 1
42 1972 -1
42 1973 1
20 1973 -1
42 1974 1
20 1974 -1
43 1975 1
20 1975 -1
43 1976 1
20 1976 -1
20 1977 1
43 1977 -1
43 1978 1
20 1978 -1
44 1979 1
20 1979 -1
20 1980 1
45 1980 -1
45 1981 1
20 1981 -1
45 1982 1
20 1982 -1
20 1983 1
46 1983 -1
20 1984 1
46 1984 -1
47 1985 1
20 1985 -1
47 1986 1
20 1986 -1
20 1987 1
47 1987 -1
48 1988 1
20 1988 -1
20 1989 1
48 1989 -1
20 1990 1
48 1990 -1
20 1991 1
49 1991 -1
20 1992 1
49 1992 -1
50 1993 1
20 1993 -1
21 1994 1
22 1994 -1
21 1995 1
22 1995 -1
21 1996 1
23 1996 -1
24 1997 1
21 1997 -1
24 1998 1
21 1998 -1
21 1999 1
24 1999 -1
21 2000 1
24 2000 -1
25 2001 1
21 2001 -1
25 2002 1
21 2002 -1
21 2003 1
25 2003 -1
25 2004 1
21 2004 -1
26 2005 1
21 2005 -1
21 2006 1
27 2006 -1
27 2007 1
21 2007 -1
28 2008 1
21 2008 -1
21 2009 1
28 2009 -1
29 2010 1
21 2010 -1
21 2011 1
29 2011 -1
29 2012 1
21 2012 -1
30 2013 1
21 2013 -1
30 2014 1
21 2014 -1
31 2015 1
21 2015 -1
31 2016 1
21 2016 -1
32 2017 1
21 2017 -1
21 2018 1
32 2018 -1
32 2019 1
21 2019 -1
21 2020 1
33 2020 -1
34 2021 1
21 2021 -1
21 2022 1
35 2022 -1
35 2023 1
21 2023 -1
21 2024 1
35 2024 -1
21 2025 1
36 2025 -1
37 2026 1
21 2026 -1
21 2027 1
38 2027 -1
39 2028 1
21 2028 -1
21 2029 1
40 2029 -1
40 2030 1
21 2030 -1
21 2031 1
41 2031 -1
21 2032 1
41 2032 -1
21 2033 1
42 2033 -1
21 2034 1
42 2034 -1
42 2035 1
21 2035 -1
42 2036 1
21 2036 -1
21 2037 1
43 2037 -1
21 2038 1
43 2038 -1
44 2039 1
21 2039 -1
45 2040 1
21 2040 -1
45 2041 1
21 2041 -1
45 2042 1
21 2042 -1
45 2043 1
21 2043 -1
21 2044 1
46 2044 -1
46 2045 1
21 2045 -1
46 2046 1
21 2046 -1
46 2047 1
21 2047 -1
21 2048 1
47 2048 -1
47 2049 1
21 2049 -1
21 2050 1
48 2050 -1
48 2051 1
21 2051 -1
21 2052 1
49 2052 -1
49 2053 1
21 2053 -1
50 2054 1
21 2054 -1
50 2055 1
21 2055 -1
21 2056 1
50 2056 -1
23 2057 1
22 2057 -1
23 2058 1
22 2058 -1
23 2059 1
22 2059 -1
22 2060 1
23 2060 -1
22 2061 1
24 2061 -1
22 2062 1
24 2062 -1
22 2063 1
24 2063 -1
22 2064 1
24 2064 -1
25 2065 1
22 2065 -1
22 2066 1
26 2066 -1
22 2067 1
26 2067 -1
26 2068 1
22 2068 -1
26 2069 1
22 2069 -1
22 2070 1
27 2070 -1
28 2071 1
22 2071 -1
29 2072 1
22 2072 -1
22 2073 1
29 2073 -1
22 2074 1
29 2074 -1
30 2075 1
22 2075 -1
22 2076 1
30 2076 -1
22 2077 1
30 2077 -1
30 2078 1
22 2078 -1
22 2079 1
31 2079 -1
31 2080 1
22 2080 -1
22 2081 1
32 2081 -1
32 2082 1
22 2082 -1
22 2083 1
32 2083 -1
22 2084 1
32 2084 -1
22 2085 1
33 2085 -1
22 2086 1
33 2086 -1
22 2087 1
33 2087 -1
33 2088 1
22 2088 -1
34 2089 1
22 2089 -1
34 2090 1
22 2090 -1
34 2091 1
22 2091 -1
35 2092 1
22 2092 -1
22 2093 1
36 2093 -1
22 2094 1
37 2094 -1
37 2095 1
22 2095 -1
22 2096 1
37 2096 -1
22 2097 1
38 2097 -1
22 2098 1
38 2098 -1
22 2099 1
38 2099 -1
39 2100 1
22 2100 -1
39 2101 1
22 2101 -1
22 2102 1
39 2102 -1
39 2103 1
22 2103 -1
22 2104 1
40 2104 -1
40 2105 1
22 2105 -1
40 2106 1
22 2106 -1
22 2107 1
41 2107 -1
22 2108 1
41 2108 -1
41 2109 1
22 2109 -1
41 2110 1
22 2110 -1
42 2111 1
22 2111 -1
42 2112 1
22 2112 -1
42 2113 1
22 2113 -1
42 2114 1
22 2114 -1
43 2115 1
22 2115 -1
22 2116 1
44 2116 -1
22 2117 1
45 2117 -1
45 2118 1
22 2118 -1
45 2119 1
22 2119 -1
22 2120 1
46 2120 -1
22 2121 1
46 2121 -1
22 2122 1
47 2122 -1
47 2123 1
22 2123 -1
47 2124 1
22 2124 -1
47 2125 1
22 2125 -1
48 2126 1
22 2126 -1
22 2127 1
48 2127 -1
22 2128 1
48 2128 -1
49 2129 1
22 2129 -1
50 2130 1
22 2130 -1
22 2131 1
50 2131 -1
50 2132 1
22 2132 -1
22 2133 1
50 2133 -1
24 2134 1
23 2134 -1
23 2135 1
24 2135 -1
25 2136 1
23 2136 -1
25 2137 1
23 2137 -1
26 2138 1
23 2138 -1
23 2139 1
26 2139 -1
23 2140 1
26 2140 -1
23 2141 1
26 2141 -1
23 2142 1
27 2142 -1
23 2143 1
27 2143 -1
28 2144 1
23 2144 -1
23 2145 1
28 2145 -1
28 2146 1
23 2146 -1
29 2147 1
23 2147 -1
30 2148 1
23 2148 -1
30 2149 1
23 2149 -1
23 2150 1
31 2150 -1
32 2151 1
23 2151 -1
23 2152 1
33 2152 -1
34 2153 1
23 2153 -1
35 2154 1
23 2154 -1
36 2155 1
23 2155 -1
37 2156 1
23 2156 -1
23 2157 1
37 2157 -1
37 2158 1
23 2158 -1
37 2159 1
23 2159 -1
23 2160 1
38 2160 -1
23 2161 1
39 2161 -1
40 2162 1
23 2162 -1
40 2163 1
23 2163 -1
40 2164 1
23 2164 -1
23 2165 1
41 2165 -1
41 2166 1
23 2166 -1
23 2167 1
42 2167 -1
23 2168 1
42 2168 -1
42 2169 1
23 2169 -1
42 2170 1
23 2170 -1
43 2171 1
23 2171 -1
23 2172 1
44 2172 -1
45 2173 1
23 2173 -1
45 2174 1
23 2174 -1
23 2175 1
46 2175 -1
23 2176 1
46 2176 -1
23 2177 1
46 2177 -1
46 2178 1
23 2178 -1
23 2179 1
47 2179 -1
23 2180 1
47 2180 -1
47 2181 1
23 2181 -1
48 2182 1
23 2182 -1
23 2183 1
48 2183 -1
23 2184 1
48 2184 -1
23 2185 1
49 2185 -1
50 2186 1
23 2186 -1
50 2187 1
23 2187 -1
50 2188 1
23 2188 -1
23 2189 1
50 2189 -1
24 2190 1
25 2190 -1
24 2191 1
25 2191 -1
24 2192 1
25 2192 -1
24 2193 1
25 2193 -1
24 2194 1
26 2194 -1
26 2195 1
24 2195 -1
26 2196 1
24 2196 -1
24 2197 1
27 2197 -1
24 2198 1
28 2198 -1
24 2199 1
29 2199 -1
24 2200 1
29 2200 -1
24 2201 1
30 2201 -1
30 2202 1
24 2202 -1
24 2203 1
31 2203 -1
24 2204 1
31 2204 -1
24 2205 1
31 2205 -1
32 2206 1
24 2206 -1
32 2207 1
24 2207 -1
33 2208 1
24 2208 -1
24 2209 1
33 2209 -1
24 2210 1
33 2210 -1
34 2211 1
24 2211 -1
34 2212 1
24 2212 -1
24 2213 1
34 2213 -1
34 2214 1
24 2214 -1
35 2215 1
24 2215 -1
35 2216 1
24 2216 -1
35 2217 1
24 2217 -1
24 2218 1
36 2218 -1
24 2219 1
36 2219 -1
36 2220 1
24 2220 -1
36 2221 1
24 2221 -1
24 2222 1
37 2222 -1
37 2223 1
24 2223 -1
37 2224 1
24 2224 -1
37 2225 1
24 2225 -1
24 2226 1
38 2226 -1
24 2227 1
38 2227 -1
38 2228 1
24 2228 -1
24 2229 1
38 2229 -1
39 2230 1
24 2230 -1
39 2231 1
24 2231 -1
39 2232 1
24 2232 -1
40 2233 1
24 2233 -1
40 2234 1
24 2234 -1
41 2235 1
24 2235 -1
24 2236 1
42 2236 -1
24 2237 1
42 2237 -1
42 2238 1
24 2238 -1
24 2239 1
42 2239 -1
24 2240 1
43 2240 -1
24 2241 1
43 2241 -1
43 2242 1
24 2242 -1
24 2243 1
43 2243 -1
44 2244 1
24 2244 -1
44 2245 1
24 2245 -1
24 2246 1
44 2246 -1
44 2247 1
24 2247 -1
45 2248 1
24 2248 -1
45 2249 1
24 2249 -1
45 2250 1
24 2250 -1
24 2251 1
45 2251 -1
46 2252 1
24 2252 -1
46 2253 1
24 2253 -1
46 2254 1
24 2254 -1
47 2255 1
24 2255 -1
24 2256 1
47 2256 -1
24 2257 1
47 2257 -1
48 2258 1
24 2258 -1
24 2259 1
48 2259 -1
48 2260 1
24 2260 -1
24 2261 1
49 2261 -1
49 2262 1
24 2262 -1
49 2263 1
24 2263 -1
49 2264 1
24 2264 -1
50 2265 1
24 2265 -1
24 2266 1
50 2266 -1
25 2267 1
26 2267 -1
26 2268 1
25 2268 -1
27 2269 1
25 2269 -1
27 2270 1
25 2270 -1
28 2271 1
25 2271 -1
25 2272 1
28 2272 -1
28 2273 1
25 2273 -1
25 2274 1
29 2274 -1
29 2275 1
25 2275 -1
29 2276 1
25 2276 -1
30 2277 1
25 2277 -1
30 2278 1
25 2278 -1
25 2279 1
30 2279 -1
25 2280 1
30 2280 -1
31 2281 1
25 2281 -1
31 2282 1
25 2282 -1
25 2283 1
32 2283 -1
32 2284 1
25 2284 -1
33 2285 1
25 2285 -1
25 2286 1
34 2286 -1
35 2287 1
25 2287 -1
25 2288 1
36 2288 -1
36 2289 1
25 2289 -1
25 2290 1
36 2290 -1
37 2291 1
25 2291 -1
37 2292 1
25 2292 -1
25 2293 1
38 2293 -1
39 2294 1
25 2294 -1
40 2295 1
25 2295 -1
25 2296 1
40 2296 -1
40 2297 1
25 2297 -1
25 2298 1
41 2298 -1
25 2299 1
42 2299 -1
25 2300 1
43 2300 -1
43 2301 1
25 2301 -1
43 2302 1
25 2302 -1
25 2303 1
43 2303 -1
25 2304 1
44 2304 -1
25 2305 1
44 2305 -1
44 2306 1
25 2306 -1
45 2307 1
25 2307 -1
45 2308 1
25 2308 -1
25 2309 1
46 2309 -1
46 2310 1
25 2310 -1
25 2311 1
46 2311 -1
46 2312 1
25 2312 -1
25 2313 1
47 2313 -1
48 2314 1
25 2314 -1
25 2315 1
49 2315 -1
49 2316 1
25 2316 -1
25 2317 1
50 2317 -1
25 2318 1
50 2318 -1
26 2319 1
27 2319 -1
28 2320 1
26 2320 -1
26 2321 1
28 2321 -1
26 2322 1
29 2322 -1
29 2323 1
26 2323 -1
26 2324 1
29 2324 -1
30 2325 1
26 2325 -1
26 2326 1
30 2326 -1
26 2327 1
30 2327 -1
30 2328 1
26 2328 -1
31 2329 1
26 2329 -1
31 2330 1
26 2330 -1
26 2331 1
32 2331 -1
32 2332 1
26 2332 -1
32 2333 1
26 2333 -1
26 2334 1
33 2334 -1
33 2335 1
26 2335 -1
26 2336 1
33 2336 -1
33 2337 1
26 2337 -1
26 2338 1
34 2338 -1
26 2339 1
34 2339 -1
26 2340 1
35 2340 -1
26 2341 1
35 2341 -1
26 2342 1
35 2342 -1
26 2343 1
35 2343 -1
36 2344 1
26 2344 -1
26 2345 1
36 2345 -1
26 2346 1
36 2346 -1
26 2347 1
37 2347 -1
26 2348 1
37 2348 -1
37 2349 1
26 2349 -1
37 2350 1
26 2350 -1
26 2351 1
38 2351 -1
38 2352 1
26 2352 -1
38 2353 1
26 2353 -1
26 2354 1
39 2354 -1
39 2355 1
26 2355 -1
39 2356 1
26 2356 -1
39 2357 1
26 2357 -1
40 2358 1
26 2358 -1
41 2359 1
26 2359 -1
26 2360 1
42 2360 -1
26 2361 1
42 2361 -1
26 2362 1
42 2362 -1
42 2363 1
26 2363 -1
26 2364 1
43 2364 -1
26 2365 1
43 2365 -1
26 2366 1
43 2366 -1
26 2367 1
44 2367 -1
26 2368 1
44 2368 -1
44 2369 1
26 2369 -1
44 2370 1
26 2370 -1
45 2371 1
26 2371 -1
26 2372 1
46 2372 -1
46 2373 1
26 2373 -1
26 2374 1
47 2374 -1
48 2375 1
26 2375 -1
48 2376 1
26 2376 -1
26 2377 1
48 2377 -1
48 2378 1
26 2378 -1
26 2379 1
49 2379 -1
50 2380 1
26 2380 -1
50 2381 1
26 2381 -1
26 2382 1
50 2382 -1
26 2383 1
50 2383 -1
28 2384 1
27 2384 -1
27 2385 1
28 2385 -1
29 2386 1
27 2386 -1
29 2387 1
27 2387 -1
29 2388 1
27 2388 -1
27 2389 1
29 2389 -1
30 2390 1
27 2390 -1
31 2391 1
27 2391 -1
27 2392 1
32 2392 -1
32 2393 1
27 2393 -1
32 2394 1
27 2394 -1
27 2395 1
32 2395 -1
27 2396 1
33 2396 -1
33 2397 1
27 2397 -1
34 2398 1
27 2398 -1
34 2399 1
27 2399 -1
27 2400 1
34 2400 -1
27 2401 1
34 2401 -1
35 2402 1
27 2402 -1
27 2403 1
35 2403 -1
35 2404 1
27 2404 -1
36 2405 1
27 2405 -1
27 2406 1
37 2406 -1
27 2407 1
37 2407 -1
27 2408 1
38 2408 -1
27 2409 1
38 2409 -1
27 2410 1
38 2410 -1
39 2411 1
27 2411 -1
27 2412 1
39 2412 -1
27 2413 1
40 2413 -1
27 2414 1
40 2414 -1
41 2415 1
27 2415 -1
42 2416 1
27 2416 -1
27 2417 1
42 2417 -1
27 2418 1
43 2418 -1
27 2419 1
43 2419 -1
43 2420 1
27 2420 -1
27 2421 1
44 2421 -1
44 2422 1
27 2422 -1
27 2423 1
44 2423 -1
44 2424 1
27 2424 -1
27 2425 1
45 2425 -1
27 2426 1
45 2426 -1
27 2427 1
45 2427 -1
27 2428 1
45 2428 -1
27 2429 1
46 2429 -1
46 2430 1
27 2430 -1
46 2431 1
27 2431 -1
47 2432 1
27 2432 -1
47 2433 1
27 2433 -1
48 2434 1
27 2434 -1
27 2435 1
48 2435 -1
27 2436 1
48 2436 -1
49 2437 1
27 2437 -1
49 2438 1
27 2438 -1
27 2439 1
50 2439 -1
28 2440 1
29 2440 -1
29 2441 1
28 2441 -1
30 2442 1
28 2442 -1
31 2443 1
28 2443 -1
31 2444 1
28 2444 -1
28 2445 1
31 2445 -1
31 2446 1
28 2446 -1
32 2447 1
28 2447 -1
32 2448 1
28 2448 -1
28 2449 1
32 2449 -1
28 2450 1
32 2450 -1
28 2451 1
33 2451 -1
28 2452 1
33 2452 -1
33 2453 1
28 2453 -1
28 2454 1
33 2454 -1
28 2455 1
34 2455 -1
28 2456 1
35 2456 -1
28 2457 1
35 2457 -1
28 2458 1
35 2458 -1
36 2459 1
28 2459 -1
28 2460 1
37 2460 -1
28 2461 1
37 2461 -1
28 2462 1
37 2462 -1
28 2463 1
38 2463 -1
28 2464 1
38 2464 -1
38 2465 1
28 2465 -1
28 2466 1
39 2466 -1
39 2467 1
28 2467 -1
28 2468 1
39 2468 -1
28 2469 1
40 2469 -1
41 2470 1
28 2470 -1
41 2471 1
28 2471 -1
41 2472 1
28 2472 -1
28 2473 1
42 2473 -1
42 2474 1
28 2474 -1
28 2475 1
42 2475 -1
42 2476 1
28 2476 -1
28 2477 1
43 2477 -1
44 2478 1
28 2478 -1
28 2479 1
45 2479 -1
28 2480 1
46 2480 -1
28 2481 1
46 2481 -1
47 2482 1
28 2482 -1
28 2483 1
48 2483 -1
28 2484 1
48 2484 -1
48 2485 1
28 2485 -1
49 2486 1
28 2486 -1
28 2487 1
49 2487 -1
49 2488 1
28 2488 -1
50 2489 1
28 2489 -1
28 2490 1
50 2490 -1
50 2491 1
28 2491 -1
30 2492 1
29 2492 -1
29 2493 1
30 2493 -1
30 2494 1
29 2494 -1
30 2495 1
29 2495 -1
31 2496 1
29 2496 -1
31 2497 1
29 2497 -1
31 2498 1
29 2498 -1
31 2499 1
29 2499 -1
29 2500 1
32 2500 -1
32 2501 1
29 2501 -1
29 2502 1
32 2502 -1
33 2503 1
29 2503 -1
29 2504 1
33 2504 -1
33 2505 1
29 2505 -1
29 2506 1
33 2506 -1
29 2507 1
34 2507 -1
29 2508 1
34 2508 -1
34 2509 1
29 2509 -1
29 2510 1
34 2510 -1
29 2511 1
35 2511 -1
35 2512 1
29 2512 -1
29 2513 1
35 2513 -1
35 2514 1
29 2514 -1
29 2515 1
36 2515 -1
29 2516 1
37 2516 -1
29 2517 1
37 2517 -1
38 2518 1
29 2518 -1
38 2519 1
29 2519 -1
29 2520 1
38 2520 -1
38 2521 1
29 2521 -1
39 2522 1
29 2522 -1
39 2523 1
29 2523 -1
40 2524 1
29 2524 -1
40 2525 1
29 2525 -1
41 2526 1
29 2526 -1
29 2527 1
41 2527 -1
29 2528 1
41 2528 -1
42 2529 1
29 2529 -1
29 2530 1
43 2530 -1
44 2531 1
29 2531 -1
44 2532 1
29 2532 -1
44 2533 1
29 2533 -1
45 2534 1
29 2534 -1
45 2535 1
29 2535 -1
45 2536 1
29 2536 -1
45 2537 1
29 2537 -1
46 2538 1
29 2538 -1
29 2539 1
46 2539 -1
46 2540 1
29 2540 -1
29 2541 1
47 2541 -1
29 2542 1
47 2542 -1
47 2543 1
29 2543 -1
29 2544 1
47 2544 -1
29 2545 1
48 2545 -1
48 2546 1
29 2546 -1
29 2547 1
49 2547 -1
29 2548 1
49 2548 -1
49 2549 1
29 2549 -1
29 2550 1
50 2550 -1
50 2551 1
29 2551 -1
29 2552 1
50 2552 -1
31 2553 1
30 2553 -1
31 2554 1
30 2554 -1
31 2555 1
30 2555 -1
30 2556 1
32 2556 -1
30 2557 1
33 2557 -1
30 2558 1
34 2558 -1
30 2559 1
34 2559 -1
30 2560 1
34 2560 -1
30 2561 1
35 2561 -1
30 2562 1
35 2562 -1
30 2563 1
36 2563 -1
36 2564 1
30 2564 -1
30 2565 1
36 2565 -1
30 2566 1
37 2566 -1
37 2567 1
30 2567 -1
30 2568 1
37 2568 -1
30 2569 1
38 2569 -1
38 2570 1
30 2570 -1
30 2571 1
39 2571 -1
30 2572 1
39 2572 -1
30 2573 1
40 2573 -1
41 2574 1
30 2574 -1
41 2575 1
30 2575 -1
42 2576 1
30 2576 -1
30 2577 1
42 2577 -1
42 2578 1
30 2578 -1
42 2579 1
30 2579 -1
30 2580 1
43 2580 -1
30 2581 1
43 2581 -1
30 2582 1
44 2582 -1
44 2583 1
30 2583 -1
44 2584 1
30 2584 -1
45 2585 1
30 2585 -1
30 2586 1
45 2586 -1
30 2587 1
45 2587 -1
30 2588 1
46 2588 -1
46 2589 1
30 2589 -1
46 2590 1
30 2590 -1
30 2591 1
47 2591 -1
47 2592 1
30 2592 -1
48 2593 1
30 2593 -1
30 2594 1
48 2594 -1
30 2595 1
48 2595 -1
30 2596 1
48 2596 -1
49 2597 1
30 2597 -1
49 2598 1
30 2598 -1
30 2599 1
49 2599 -1
30 2600 1
49 2600 -1
50 2601 1
30 2601 -1
31 2602 1
32 2602 -1
31 2603 1
32 2603 -1
32 2604 1
31 2604 -1
33 2605 1
31 2605 -1
31 2606 1
34 2606 -1
34 2607 1
31 2607 -1
34 2608 1
31 2608 -1
34 2609 1
31 2609 -1
31 2610 1
35 2610 -1
31 2611 1
35 2611 -1
31 2612 1
35 2612 -1
31 2613 1
35 2613 -1
36 2614 1
31 2614 -1
31 2615 1
36 2615 -1
31 2616 1
36 2616 -1
31 2617 1
37 2617 -1
31 2618 1
37 2618 -1
31 2619 1
38 2619 -1
38 2620 1
31 2620 -1
31 2621 1
38 2621 -1
31 2622 1
39 2622 -1
40 2623 1
31 2623 -1
31 2624 1
40 2624 -1
31 2625 1
40 2625 -1
31 2626 1
40 2626 -1
41 2627 1
31 2627 -1
31 2628 1
41 2628 -1
42 2629 1
31 2629 -1
31 2630 1
42 2630 -1
31 2631 1
42 2631 -1
31 2632 1
43 2632 -1
31 2633 1
43 2633 -1
43 2634 1
31 2634 -1
43 2635 1
31 2635 -1
44 2636 1
31 2636 -1
31 2637 1
44 2637 -1
44 2638 1
31 2638 -1
31 2639 1
45 2639 -1
31 2640 1
46 2640 -1
46 2641 1
31 2641 -1
47 2642 1
31 2642 -1
31 2643 1
47 2643 -1
47 2644 1
31 2644 -1
31 2645 1
47 2645 -1
48 2646 1
31 2646 -1
48 2647 1
31 2647 -1
49 2648 1
31 2648 -1
31 2649 1
50 2649 -1
32 2650 1
33 2650 -1
34 2651 1
32 2651 -1
32 2652 1
34 2652 -1
34 2653 1
32 2653 -1
34 2654 1
32 2654 -1
32 2655 1
35 2655 -1
35 2656 1
32 2656 -1
32 2657 1
35 2657 -1
32 2658 1
36 2658 -1
32 2659 1
36 2659 -1
36 2660 1
32 2660 -1
32 2661 1
36 2661 -1
32 2662 1
37 2662 -1
37 2663 1
32 2663 -1
37 2664 1
32 2664 -1
38 2665 1
32 2665 -1
39 2666 1
32 2666 -1
32 2667 1
40 2667 -1
40 2668 1
32 2668 -1
32 2669 1
41 2669 -1
32 2670 1
41 2670 -1
41 2671 1
32 2671 -1
41 2672 1
32 2672 -1
42 2673 1
32 2673 -1
42 2674 1
32 2674 -1
42 2675 1
32 2675 -1
32 2676 1
42 2676 -1
32 2677 1
43 2677 -1
44 2678 1
32 2678 -1
32 2679 1
44 2679 -1
32 2680 1
44 2680 -1
32 2681 1
45 2681 -1
32 2682 1
45 2682 -1
32 2683 1
46 2683 -1
46 2684 1
32 2684 -1
32 2685 1
46 2685 -1
47 2686 1
32 2686 -1
32 2687 1
48 2687 -1
32 2688 1
49 2688 -1
32 2689 1
49 2689 -1
50 2690 1
32 2690 -1
32 2691 1
50 2691 -1
33 2692 1
34 2692 -1
33 2693 1
34 2693 -1
35 2694 1
33 2694 -1
33 2695 1
36 2695 -1
36 2696 1
33 2696 -1
36 2697 1
33 2697 -1
36 2698 1
33 2698 -1
33 2699 1
37 2699 -1
33 2700 1
38 2700 -1
33 2701 1
38 2701 -1
33 2702 1
38 2702 -1
38 2703 1
33 2703 -1
33 2704 1
39 2704 -1
33 2705 1
40 2705 -1
40 2706 1
33 2706 -1
40 2707 1
33 2707 -1
41 2708 1
33 2708 -1
33 2709 1
42 2709 -1
42 2710 1
33 2710 -1
33 2711 1
43 2711 -1
43 2712 1
33 2712 -1
43 2713 1
33 2713 -1
33 2714 1
43 2714 -1
33 2715 1
44 2715 -1
44 2716 1
33 2716 -1
33 2717 1
44 2717 -1
44 2718 1
33 2718 -1
45 2719 1
33 2719 -1
33 2720 1
45 2720 -1
33 2721 1
46 2721 -1
33 2722 1
46 2722 -1
33 2723 1
47 2723 -1
47 2724 1
33 2724 -1
33 2725 1
47 2725 -1
48 2726 1
33 2726 -1
48 2727 1
33 2727 -1
48 2728 1
33 2728 -1
33 2729 1
48 2729 -1
33 2730 1
49 2730 -1
50 2731 1
33 2731 -1
35 2732 1
34 2732 -1
34 2733 1
35 2733 -1
34 2734 1
35 2734 -1
34 2735 1
36 2735 -1
34 2736 1
36 2736 -1
34 2737 1
36 2737 -1
34 2738 1
37 2738 -1
37 2739 1
34 2739 -1
34 2740 1
37 2740 -1
34 2741 1
38 2741 -1
34 2742 1
38 2742 -1
34 2743 1
38 2743 -1
34 2744 1
39 2744 -1
39 2745 1
34 2745 -1
34 2746 1
39 2746 -1
34 2747 1
39 2747 -1
34 2748 1
40 2748 -1
34 2749 1
41 2749 -1
41 2750 1
34 2750 -1
41 2751 1
34 2751 -1
34 2752 1
42 2752 -1
43 2753 1
34 2753 -1
34 2754 1
43 2754 -1
43 2755 1
34 2755 -1
44 2756 1
34 2756 -1
44 2757 1
34 2757 -1
34 2758 1
44 2758 -1
34 2759 1
44 2759 -1
34 2760 1
45 2760 -1
45 2761 1
34 2761 -1
45 2762 1
34 2762 -1
46 2763 1
34 2763 -1
34 2764 1
46 2764 -1
34 2765 1
46 2765 -1
46 2766 1
34 2766 -1
34 2767 1
47 2767 -1
34 2768 1
47 2768 -1
34 2769 1
47 2769 -1
34 2770 1
47 2770 -1
34 2771 1
48 2771 -1
49 2772 1
34 2772 -1
34 2773 1
50 2773 -1
34 2774 1
50 2774 -1
35 2775 1
36 2775 -1
35 2776 1
36 2776 -1
36 2777 1
35 2777 -1
35 2778 1
37 2778 -1
38 2779 1
35 2779 -1
38 2780 1
35 2780 -1
35 2781 1
38 2781 -1
38 2782 1
35 2782 -1
35 2783 1
39 2783 -1
39 2784 1
35 2784 -1
35 2785 1
40 2785 -1
40 2786 1
35 2786 -1
35 2787 1
41 2787 -1
35 2788 1
41 2788 -1
35 2789 1
42 2789 -1
42 2790 1
35 2790 -1
35 2791 1
42 2791 -1
43 2792 1
35 2792 -1
43 2793 1
35 2793 -1
35 2794 1
44 2794 -1
45 2795 1
35 2795 -1
45 2796 1
35 2796 -1
45 2797 1
35 2797 -1
35 2798 1
45 2798 -1
46 2799 1
35 2799 -1
47 2800 1
35 2800 -1
35 2801 1
47 2801 -1
35 2802 1
47 2802 -1
47 2803 1
35 2803 -1
48 2804 1
35 2804 -1
48 2805 1
35 2805 -1
35 2806 1
48 2806 -1
35 2807 1
49 2807 -1
49 2808 1
35 2808 -1
35 2809 1
49 2809 -1
50 2810 1
35 2810 -1
50 2811 1
35 2811 -1
37 2812 1
36 2812 -1
36 2813 1
37 2813 -1
38 2814 1
36 2814 -1
38 2815 1
36 2815 -1
38 2816 1
36 2816 -1
38 2817 1
36 2817 -1
36 2818 1
39 2818 -1
36 2819 1
39 2819 -1
39 2820 1
36 2820 -1
40 2821 1
36 2821 -1
36 2822 1
40 2822 -1
40 2823 1
36 2823 -1
36 2824 1
41 2824 -1
36 2825 1
41 2825 -1
42 2826 1
36 2826 -1
42 2827 1
36 2827 -1
36 2828 1
43 2828 -1
44 2829 1
36 2829 -1
44 2830 1
36 2830 -1
36 2831 1
44 2831 -1
45 2832 1
36 2832 -1
36 2833 1
46 2833 -1
46 2834 1
36 2834 -1
36 2835 1
47 2835 -1
36 2836 1
47 2836 -1
36 2837 1
47 2837 -1
36 2838 1
48 2838 -1
36 2839 1
49 2839 -1
36 2840 1
49 2840 -1
36 2841 1
49 2841 -1
36 2842 1
49 2842 -1
36 2843 1
50 2843 -1
38 2844 1
37 2844 -1
38 2845 1
37 2845 -1
37 2846 1
39 2846 -1
37 2847 1
39 2847 -1
37 2848 1
40 2848 -1
40 2849 1
37 2849 -1
40 2850 1
37 2850 -1
37 2851 1
41 2851 -1
37 2852 1
41 2852 -1
41 2853 1
37 2853 -1
37 2854 1
42 2854 -1
42 2855 1
37 2855 -1
42 2856 1
37 2856 -1
37 2857 1
43 2857 -1
44 2858 1
37 2858 -1
44 2859 1
37 2859 -1
37 2860 1
44 2860 -1
37 2861 1
45 2861 -1
37 2862 1
46 2862 -1
37 2863 1
46 2863 -1
46 2864 1
37 2864 -1
47 2865 1
37 2865 -1
48 2866 1
37 2866 -1
37 2867 1
49 2867 -1
49 2868 1
37 2868 -1
49 2869 1
37 2869 -1
50 2870 1
37 2870 -1
39 2871 1
38 2871 -1
38 2872 1
39 2872 -1
39 2873 1
38 2873 -1
39 2874 1
38 2874 -1
38 2875 1
40 2875 -1
38 2876 1
40 2876 -1
40 2877 1
38 2877 -1
40 2878 1
38 2878 -1
38 2879 1
41 2879 -1
42 2880 1
38 2880 -1
38 2881 1
42 2881 -1
42 2882 1
38 2882 -1
38 2883 1
43 2883 -1
43 2884 1
38 2884 -1
38 2885 1
43 2885 -1
43 2886 1
38 2886 -1
44 2887 1
38 2887 -1
44 2888 1
38 2888 -1
45 2889 1
38 2889 -1
38 2890 1
45 2890 -1
45 2891 1
38 2891 -1
38 2892 1
45 2892 -1
46 2893 1
38 2893 -1
38 2894 1
46 2894 -1
38 2895 1
46 2895 -1
38 2896 1
47 2896 -1
38 2897 1
47 2897 -1
47 2898 1
38 2898 -1
48 2899 1
38 2899 -1
38 2900 1
49 2900 -1
38 2901 1
49 2901 -1
49 2902 1
38 2902 -1
38 2903 1
50 2903 -1
50 2904 1
38 2904 -1
50 2905 1
38 2905 -1
50 2906 1
38 2906 -1
40 2907 1
39 2907 -1
40 2908 1
39 2908 -1
40 2909 1
39 2909 -1
39 2910 1
40 2910 -1
39 2911 1
41 2911 -1
39 2912 1
41 2912 -1
41 2913 1
39 2913 -1
41 2914 1
39 2914 -1
42 2915 1
39 2915 -1
39 2916 1
43 2916 -1
39 2917 1
43 2917 -1
39 2918 1
43 2918 -1
44 2919 1
39 2919 -1
39 2920 1
45 2920 -1
39 2921 1
45 2921 -1
39 2922 1
45 2922 -1
45 2923 1
39 2923 -1
46 2924 1
39 2924 -1
46 2925 1
39 2925 -1
39 2926 1
47 2926 -1
39 2927 1
48 2927 -1
39 2928 1
48 2928 -1
48 2929 1
39 2929 -1
39 2930 1
48 2930 -1
39 2931 1
49 2931 -1
39 2932 1
50 2932 -1
39 2933 1
50 2933 -1
39 2934 1
50 2934 -1
41 2935 1
40 2935 -1
40 2936 1
41 2936 -1
40 2937 1
41 2937 -1
40 2938 1
41 2938 -1
42 2939 1
40 2939 -1
42 2940 1
40 2940 -1
40 2941 1
43 2941 -1
40 2942 1
43 2942 -1
40 2943 1
43 2943 -1
43 2944 1
40 2944 -1
44 2945 1
40 2945 -1
40 2946 1
44 2946 -1
40 2947 1
44 2947 -1
40 2948 1
44 2948 -1
45 2949 1
40 2949 -1
45 2950 1
40 2950 -1
40 2951 1
45 2951 -1
40 2952 1
45 2952 -1
46 2953 1
40 2953 -1
40 2954 1
46 2954 -1
40 2955 1
46 2955 -1
40 2956 1
46 2956 -1
47 2957 1
40 2957 -1
40 2958 1
47 2958 -1
47 2959 1
40 2959 -1
40 2960 1
47 2960 -1
48 2961 1
40 2961 -1
49 2962 1
40 2962 -1
50 2963 1
40 2963 -1
40 2964 1
50 2964 -1
50 2965 1
40 2965 -1
42 2966 1
41 2966 -1
41 2967 1
43 2967 -1
43 2968 1
41 2968 -1
41 2969 1
43 2969 -1
44 2970 1
41 2970 -1
41 2971 1
44 2971 -1
44 2972 1
41 2972 -1
44 2973 1
41 2973 -1
45 2974 1
41 2974 -1
45 2975 1
41 2975 -1
45 2976 1
41 2976 -1
41 2977 1
46 2977 -1
41 2978 1
46 2978 -1
47 2979 1
41 2979 -1
41 2980 1
47 2980 -1
47 2981 1
41 2981 -1
47 2982 1
41 2982 -1
48 2983 1
41 2983 -1
48 2984 1
41 2984 -1
41 2985 1
48 2985 -1
49 2986 1
41 2986 -1
41 2987 1
50 2987 -1
41 2988 1
50 2988 -1
41 2989 1
50 2989 -1
50 2990 1
41 2990 -1
43 2991 1
42 2991 -1
42 2992 1
44 2992 -1
42 2993 1
45 2993 -1
42 2994 1
46 2994 -1
47 2995 1
42 2995 -1
47 2996 1
42 2996 -1
42 2997 1
47 2997 -1
42 2998 1
47 2998 -1
48 2999 1
42 2999 -1
48 3000 1
42 3000 -1
42 3001 1
48 3001 -1
42 3002 1
49 3002 -1
49 3003 1
42 3003 -1
49 3004 1
42 3004 -1
42 3005 1
50 3005 -1
50 3006 1
42 3006 -1
50 3007 1
42 3007 -1
42 3008 1
50 3008 -1
43 3009 1
44 3009 -1
43 3010 1
44 3010 -1
43 3011 1
45 3011 -1
43 3012 1
46 3012 -1
46 3013 1
43 3013 -1
43 3014 1
46 3014 -1
43 3015 1
46 3015 -1
47 3016 1
43 3016 -1
48 3017 1
43 3017 -1
48 3018 1
43 3018 -1
48 3019 1
43 3019 -1
49 3020 1
43 3020 -1
43 3021 1
49 3021 -1
43 3022 1
49 3022 -1
49 3023 1
43 3023 -1
43 3024 1
50 3024 -1
44 3025 1
45 3025 -1
45 3026 1
44 3026 -1
44 3027 1
46 3027 -1
47 3028 1
44 3028 -1
44 3029 1
47 3029 -1
48 3030 1
44 3030 -1
48 3031 1
44 3031 -1
44 3032 1
48 3032 -1
49 3033 1
44 3033 -1
49 3034 1
44 3034 -1
49 3035 1
44 3035 -1
44 3036 1
49 3036 -1
44 3037 1
50 3037 -1
44 3038 1
50 3038 -1
45 3039 1
46 3039 -1
45 3040 1
47 3040 -1
45 3041 1
47 3041 -1
45 3042 1
47 3042 -1
48 3043 1
45 3043 -1
48 3044 1
45 3044 -1
48 3045 1
45 3045 -1
48 3046 1
45 3046 -1
49 3047 1
45 3047 -1
45 3048 1
49 3048 -1
45 3049 1
49 3049 -1
45 3050 1
49 3050 -1
45 3051 1
50 3051 -1
45 3052 1
50 3052 -1
50 3053 1
45 3053 -1
46 3054 1
47 3054 -1
46 3055 1
47 3055 -1
46 3056 1
47 3056 -1
46 3057 1
47 3057 -1
48 3058 1
46 3058 -1
49 3059 1
46 3059 -1
50 3060 1
46 3060 -1
50 3061 1
46 3061 -1
50 3062 1
46 3062 -1
48 3063 1
47 3063 -1
48 3064 1
47 3064 -1
49 3065 1
47 3065 -1
49 3066 1
47 3066 -1
47 3067 1
49 3067 -1
47 3068 1
50 3068 -1
50 3069 1
47 3069 -1
48 3070 1
49 3070 -1
49 3071 1
48 3071 -1
48 3072 1
49 3072 -1
50 3073 1
48 3073 -1
50 3074 1
48 3074 -1
48 3075 1
50 3075 -1
50 3076 1
48 3076 -1
49 3077 1
50 3077 -1
49 3078 1
50 3078 -1
49 3079 1
50 3079 -1
50 3080 1
49 3080 -1
