2 1 1
1 1 -1
3 2 1
1 2 -1
4 3 1
1 3 -1
5 4 1
1 4 -1
5 5 1
1 5 -1
6 6 1
1 6 -1
1 7 1
6 7 -1
7 8 1
1 8 -1
1 9 1
7 9 -1
1 10 1
7 10 -1
7 11 1
1 11 -1
1 12 1
8 12 -1
9 13 1
1 13 -1
1 14 1
10 14 -1
1 15 1
10 15 -1
11 16 1
1 16 -1
1 17 1
11 17 -1
1 18 1
11 18 -1
11 19 1
1 19 -1
1 20 1
12 20 -1
13 21 1
1 21 -1
1 22 1
13 22 -1
13 23 1
1 23 -1
13 24 1
1 24 -1
14 25 1
1 25 -1
1 26 1
14 26 -1
14 27 1
1 27 -1
14 28 1
1 28 -1
1 29 1
15 29 -1
16 30 1
1 30 -1
16 31 1
1 31 -1
16 32 1
1 32 -1
16 33 1
1 33 -1
1 34 1
17 34 -1
17 35 1
1 35 -1
1 36 1
17 36 -1
1 37 1
17 37 -1
1 38 1
18 38 -1
18 39 1
1 39 -1
1 40 1
19 40 -1
19 41 1
1 41 -1
20 42 1
1 42 -1
21 43 1
1 43 -1
1 44 1
21 44 -1
1 45 1
22 45 -1
1 46 1
23 46 -1
23 47 1
1 47 -1
23 48 1
1 48 -1
23 49 1
1 49 -1
1 50 1
24 50 -1
1 51 1
24 51 -1
24 52 1
1 52 -1
1 53 1
25 53 -1
25 54 1
1 54 -1
1 55 1
25 55 -1
1 56 1
25 56 -1
1 57 1
26 57 -1
1 58 1
26 58 -1
26 59 1
1 59 -1
26 60 1
1 60 -1
27 61 1
1 61 -1
1 62 1
27 62 -1
27 63 1
1 63 -1
1 64 1
28 64 -1
1 65 1
29 65 -1
29 66 1
1 66 -1
1 67 1
29 67 -1
1 68 1
29 68 -1
1 69 1
30 69 -1
30 70 1
1 70 -1
31 71 1
1 71 -1
31 72 1
1 72 -1
1 73 1
31 73 -1
31 74 1
1 74 -1
32 75 1
1 75 -1
32 76 1
1 76 -1
1 77 1
33 77 -1
33 78 1
1 78 -1
33 79 1
1 79 -1
1 80 1
33 80 -1
34 81 1
1 81 -1
1 82 1
35 82 -1
1 83 1
35 83 -1
35 84 1
1 84 -1
1 85 1
35 85 -1
1 86 1
36 86 -1
1 87 1
36 87 -1
1 88 1
36 88 -1
1 89 1
36 89 -1
1 90 1
37 90 -1
37 91 1
1 91 -1
38 92 1
1 92 -1
1 93 1
39 93 -1
1 94 1
39 94 -1
1 95 1
39 95 -1
1 96 1
39 96 -1
1 97 1
40 97 -1
1 98 1
40 98 -1
1 99 1
40 99 -1
1 100 1
41 100 -1
41 101 1
1 101 -1
1 102 1
41 102 -1
1 103 1
41 103 -1
1 104 1
42 104 -1
1 105 1
42 105 -1
1 106 1
43 106 -1
1 107 1
43 107 -1
1 108 1
43 108 -1
44 109 1
1 109 -1
1 110 1
44 110 -1
1 111 1
44 111 -1
45 112 1
1 112 -1
46 113 1
1 113 -1
1 114 1
46 114 -1
47 115 1
1 115 -1
1 116 1
47 116 -1
47 117 1
1 117 -1
1 118 1
47 118 -1
48 119 1
1 119 -1
1 120 1
48 120 -1
1 121 1
49 121 -1
1 122 1
49 122 -1
1 123 1
50 123 -1
50 124 1
1 124 -1
3 125 1
2 125 -1
2 126 1
4 126 -1
2 127 1
4 127 -1
4 128 1
2 128 -1
2 129 1
4 129 -1
2 130 1
5 130 -1
6 131 1
2 131 -1
2 132 1
7 132 -1
7 133 1
2 133 -1
2 134 1
7 134 -1
7 135 1
2 135 -1
2 136 1
8 136 -1
2 137 1
8 137 -1
8 138 1
2 138 -1
9 139 1
2 139 -1
9 140 1
2 140 -1
2 141 1
9 141 -1
9 142 1
2 142 -1
10 143 1
2 143 -1
10 144 1
2 144 -1
2 145 1
10 145 -1
10 146 1
2 146 -1
2 147 1
11 147 -1
12 148 1
2 148 -1
12 149 1
2 149 -1
13 150 1
2 150 -1
2 151 1
13 151 -1
13 152 1
2 152 -1
13 153 1
2 153 -1
14 154 1
2 154 -1
15 155 1
2 155 -1
2 156 1
15 156 -1
2 157 1
16 157 -1
2 158 1
16 158 -1
16 159 1
2 159 -1
2 160 1
16 160 -1
17 161 1
2 161 -1
2 162 1
17 162 -1
17 163 1
2 163 -1
2 164 1
18 164 -1
2 165 1
19 165 -1
19 166 1
2 166 -1
2 167 1
19 167 -1
2 168 1
20 168 -1
20 169 1
2 169 -1
21 170 1
2 170 -1
2 171 1
21 171 -1
21 172 1
2 172 -1
22 173 1
2 173 -1
2 174 1
22 174 -1
22 175 1
2 175 -1
22 176 1
2 176 -1
2 177 1
23 177 -1
2 178 1
24 178 -1
24 179 1
2 179 -1
2 180 1
24 180 -1
25 181 1
2 181 -1
25 182 1
2 182 -1
25 183 1
2 183 -1
26 184 1
2 184 -1
2 185 1
26 185 -1
27 186 1
2 186 -1
2 187 1
28 187 -1
2 188 1
28 188 -1
2 189 1
28 189 -1
2 190 1
29 190 -1
2 191 1
30 191 -1
2 192 1
30 192 -1
31 193 1
2 193 -1
2 194 1
31 194 -1
32 195 1
2 195 -1
32 196 1
2 196 -1
33 197 1
2 197 -1
33 198 1
2 198 -1
2 199 1
33 199 -1
33 200 1
2 200 -1
2 201 1
34 201 -1
2 202 1
34 202 -1
2 203 1
35 203 -1
2 204 1
36 204 -1
36 205 1
2 205 -1
2 206 1
37 206 -1
37 207 1
2 207 -1
38 208 1
2 208 -1
38 209 1
2 209 -1
2 210 1
38 210 -1
39 211 1
2 211 -1
2 212 1
39 212 -1
39 213 1
2 213 -1
39 214 1
2 214 -1
40 215 1
2 215 -1
40 216 1
2 216 -1
2 217 1
40 217 -1
2 218 1
41 218 -1
41 219 1
2 219 -1
41 220 1
2 220 -1
2 221 1
42 221 -1
2 222 1
42 222 -1
42 223 1
2 223 -1
2 224 1
42 224 -1
43 225 1
2 225 -1
2 226 1
44 226 -1
45 227 1
2 227 -1
46 228 1
2 228 -1
46 229 1
2 229 -1
46 230 1
2 230 -1
2 231 1
47 231 -1
2 232 1
47 232 -1
48 233 1
2 233 -1
2 234 1
48 234 -1
48 235 1
2 235 -1
48 236 1
2 236 -1
2 237 1
49 237 -1
2 238 1
49 238 -1
49 239 1
2 239 -1
2 240 1
50 240 -1
2 241 1
50 241 -1
2 242 1
50 242 -1
4 243 1
3 243 -1
4 244 1
3 244 -1
3 245 1
4 245 -1
5 246 1
3 246 -1
6 247 1
3 247 -1
3 248 1
6 248 -1
3 249 1
6 249 -1
3 250 1
6 250 -1
3 251 1
7 251 -1
7 252 1
3 252 -1
3 253 1
7 253 -1
8 254 1
3 254 -1
8 255 1
3 255 -1
8 256 1
3 256 -1
8 257 1
3 257 -1
9 258 1
3 258 -1
9 259 1
3 259 -1
9 260 1
3 260 -1
10 261 1
3 261 -1
10 262 1
3 262 -1
3 263 1
10 263 -1
10 264 1
3 264 -1
3 265 1
11 265 -1
3 266 1
11 266 -1
3 267 1
11 267 -1
3 268 1
12 268 -1
12 269 1
3 269 -1
3 270 1
13 270 -1
3 271 1
13 271 -1
3 272 1
14 272 -1
14 273 1
3 273 -1
3 274 1
15 274 -1
15 275 1
3 275 -1
15 276 1
3 276 -1
16 277 1
3 277 -1
16 278 1
3 278 -1
3 279 1
16 279 -1
16 280 1
3 280 -1
3 281 1
17 281 -1
3 282 1
18 282 -1
18 283 1
3 283 -1
19 284 1
3 284 -1
20 285 1
3 285 -1
3 286 1
21 286 -1
3 287 1
21 287 -1
22 288 1
3 288 -1
3 289 1
23 289 -1
24 290 1
3 290 -1
24 291 1
3 291 -1
3 292 1
25 292 -1
3 293 1
25 293 -1
3 294 1
25 294 -1
3 295 1
26 295 -1
3 296 1
27 296 -1
27 297 1
3 297 -1
3 298 1
27 298 -1
3 299 1
28 299 -1
3 300 1
28 300 -1
29 301 1
3 301 -1
3 302 1
29 302 -1
29 303 1
3 303 -1
3 304 1
30 304 -1
3 305 1
31 305 -1
3 306 1
31 306 -1
3 307 1
32 307 -1
3 308 1
32 308 -1
3 309 1
33 309 -1
33 310 1
3 310 -1
33 311 1
3 311 -1
33 312 1
3 312 -1
34 313 1
3 313 -1
3 314 1
34 314 -1
34 315 1
3 315 -1
35 316 1
3 316 -1
35 317 1
3 317 -1
3 318 1
36 318 -1
36 319 1
3 319 -1
36 320 1
3 320 -1
37 321 1
3 321 -1
38 322 1
3 322 -1
39 323 1
3 323 -1
39 324 1
3 324 -1
3 325 1
39 325 -1
40 326 1
3 326 -1
41 327 1
3 327 -1
3 328 1
41 328 -1
3 329 1
42 329 -1
3 330 1
42 330 -1
43 331 1
3 331 -1
44 332 1
3 332 -1
44 333 1
3 333 -1
44 334 1
3 334 -1
3 335 1
44 335 -1
3 336 1
45 336 -1
45 337 1
3 337 -1
3 338 1
45 338 -1
3 339 1
46 339 -1
46 340 1
3 340 -1
46 341 1
3 341 -1
46 342 1
3 342 -1
3 343 1
47 343 -1
3 344 1
48 344 -1
3 345 1
48 345 -1
3 346 1
48 346 -1
3 347 1
48 347 -1
49 348 1
3 348 -1
49 349 1
3 349 -1
49 350 1
3 350 -1
3 351 1
50 351 -1
50 352 1
3 352 -1
5 353 1
4 353 -1
5 354 1
4 354 -1
5 355 1
4 355 -1
4 356 1
6 356 -1
7 357 1
4 357 -1
4 358 1
7 358 -1
4 359 1
7 359 -1
8 360 1
4 360 -1
4 361 1
8 361 -1
4 362 1
8 362 -1
8 363 1
4 363 -1
9 364 1
4 364 -1
4 365 1
9 365 -1
10 366 1
4 366 -1
10 367 1
4 367 -1
4 368 1
10 368 -1
10 369 1
4 369 -1
4 370 1
11 370 -1
11 371 1
4 371 -1
11 372 1
4 372 -1
4 373 1
12 373 -1
12 374 1
4 374 -1
4 375 1
12 375 -1
13 376 1
4 376 -1
14 377 1
4 377 -1
4 378 1
15 378 -1
4 379 1
16 379 -1
16 380 1
4 380 -1
4 381 1
16 381 -1
17 382 1
4 382 -1
4 383 1
18 383 -1
4 384 1
18 384 -1
18 385 1
4 385 -1
19 386 1
4 386 -1
19 387 1
4 387 -1
4 388 1
19 388 -1
19 389 1
4 389 -1
20 390 1
4 390 -1
20 391 1
4 391 -1
4 392 1
20 392 -1
4 393 1
20 393 -1
4 394 1
21 394 -1
4 395 1
22 395 -1
4 396 1
22 396 -1
23 397 1
4 397 -1
23 398 1
4 398 -1
23 399 1
4 399 -1
24 400 1
4 400 -1
24 401 1
4 401 -1
4 402 1
25 402 -1
25 403 1
4 403 -1
4 404 1
25 404 -1
4 405 1
26 405 -1
4 406 1
26 406 -1
26 407 1
4 407 -1
26 408 1
4 408 -1
4 409 1
27 409 -1
28 410 1
4 410 -1
4 411 1
28 411 -1
4 412 1
29 412 -1
29 413 1
4 413 -1
4 414 1
29 414 -1
4 415 1
29 415 -1
4 416 1
30 416 -1
4 417 1
30 417 -1
31 418 1
4 418 -1
31 419 1
4 419 -1
31 420 1
4 420 -1
4 421 1
31 421 -1
4 422 1
32 422 -1
4 423 1
32 423 -1
32 424 1
4 424 -1
32 425 1
4 425 -1
4 426 1
33 426 -1
33 427 1
4 427 -1
4 428 1
34 428 -1
4 429 1
34 429 -1
4 430 1
35 430 -1
4 431 1
35 431 -1
4 432 1
35 432 -1
35 433 1
4 433 -1
4 434 1
36 434 -1
36 435 1
4 435 -1
4 436 1
37 436 -1
4 437 1
37 437 -1
4 438 1
37 438 -1
4 439 1
38 439 -1
38 440 1
4 440 -1
4 441 1
38 441 -1
4 442 1
38 442 -1
39 443 1
4 443 -1
4 444 1
40 444 -1
4 445 1
41 445 -1
4 446 1
41 446 -1
41 447 1
4 447 -1
41 448 1
4 448 -1
4 449 1
42 449 -1
42 450 1
4 450 -1
42 451 1
4 451 -1
43 452 1
4 452 -1
43 453 1
4 453 -1
4 454 1
43 454 -1
44 455 1
4 455 -1
44 456 1
4 456 -1
4 457 1
45 457 -1
4 458 1
45 458 -1
45 459 1
4 459 -1
45 460 1
4 460 -1
46 461 1
4 461 -1
47 462 1
4 462 -1
47 463 1
4 463 -1
47 464 1
4 464 -1
47 465 1
4 465 -1
4 466 1
48 466 -1
4 467 1
48 467 -1
48 468 1
4 468 -1
49 469 1
4 469 -1
49 470 1
4 470 -1
50 471 1
4 471 -1
4 472 1
50 472 -1
4 473 1
50 473 -1
6 474 1
5 474 -1
5 475 1
6 475 -1
5 476 1
6 476 -1
7 477 1
5 477 -1
5 478 1
7 478 -1
5 479 1
7 479 -1
8 480 1
5 480 -1
5 481 1
8 481 -1
8 482 1
5 482 -1
5 483 1
8 483 -1
5 484 1
9 484 -1
9 485 1
5 485 -1
5 486 1
9 486 -1
5 487 1
9 487 -1
5 488 1
10 488 -1
10 489 1
5 489 -1
5 490 1
11 490 -1
12 491 1
5 491 -1
5 492 1
12 492 -1
5 493 1
12 493 -1
5 494 1
12 494 -1
5 495 1
13 495 -1
5 496 1
13 496 -1
13 497 1
5 497 -1
14 498 1
5 498 -1
5 499 1
14 499 -1
15 500 1
5 500 -1
5 501 1
15 501 -1
16 502 1
5 502 -1
5 503 1
16 503 -1
5 504 1
16 504 -1
16 505 1
5 505 -1
5 506 1
17 506 -1
5 507 1
18 507 -1
19 508 1
5 508 -1
19 509 1
5 509 -1
5 510 1
20 510 -1
20 511 1
5 511 -1
21 512 1
5 512 -1
22 513 1
5 513 -1
22 514 1
5 514 -1
22 515 1
5 515 -1
23 516 1
5 516 -1
23 517 1
5 517 -1
23 518 1
5 518 -1
5 519 1
23 519 -1
5 520 1
24 520 -1
5 521 1
24 521 -1
5 522 1
24 522 -1
5 523 1
25 523 -1
5 524 1
25 524 -1
5 525 1
25 525 -1
5 526 1
25 526 -1
26 527 1
5 527 -1
27 528 1
5 528 -1
5 529 1
27 529 -1
27 530 1
5 530 -1
5 531 1
27 531 -1
28 532 1
5 532 -1
5 533 1
28 533 -1
5 534 1
28 534 -1
28 535 1
5 535 -1
29 536 1
5 536 -1
30 537 1
5 537 -1
31 538 1
5 538 -1
5 539 1
31 539 -1
5 540 1
31 540 -1
5 541 1
32 541 -1
32 542 1
5 542 -1
5 543 1
32 543 -1
32 544 1
5 544 -1
5 545 1
33 545 -1
5 546 1
34 546 -1
34 547 1
5 547 -1
35 548 1
5 548 -1
35 549 1
5 549 -1
35 550 1
5 550 -1
5 551 1
35 551 -1
5 552 1
36 552 -1
36 553 1
5 553 -1
36 554 1
5 554 -1
5 555 1
37 555 -1
37 556 1
5 556 -1
5 557 1
37 557 -1
5 558 1
38 558 -1
38 559 1
5 559 -1
38 560 1
5 560 -1
5 561 1
39 561 -1
39 562 1
5 562 -1
5 563 1
39 563 -1
5 564 1
40 564 -1
5 565 1
40 565 -1
40 566 1
5 566 -1
5 567 1
41 567 -1
42 568 1
5 568 -1
5 569 1
42 569 -1
5 570 1
42 570 -1
5 571 1
42 571 -1
43 572 1
5 572 -1
43 573 1
5 573 -1
5 574 1
43 574 -1
43 575 1
5 575 -1
5 576 1
44 576 -1
5 577 1
45 577 -1
45 578 1
5 578 -1
45 579 1
5 579 -1
45 580 1
5 580 -1
46 581 1
5 581 -1
5 582 1
46 582 -1
46 583 1
5 583 -1
5 584 1
47 584 -1
47 585 1
5 585 -1
47 586 1
5 586 -1
5 587 1
48 587 -1
48 588 1
5 588 -1
48 589 1
5 589 -1
5 590 1
48 590 -1
49 591 1
5 591 -1
50 592 1
5 592 -1
5 593 1
50 593 -1
50 594 1
5 594 -1
50 595 1
5 595 -1
6 596 1
7 596 -1
7 597 1
6 597 -1
7 598 1
6 598 -1
7 599 1
6 599 -1
8 600 1
6 600 -1
6 601 1
8 601 -1
8 602 1
6 602 -1
9 603 1
6 603 -1
9 604 1
6 604 -1
9 605 1
6 605 -1
6 606 1
10 606 -1
6 607 1
11 607 -1
11 608 1
6 608 -1
6 609 1
11 609 -1
6 610 1
11 610 -1
12 611 1
6 611 -1
12 612 1
6 612 -1
6 613 1
13 613 -1
14 614 1
6 614 -1
14 615 1
6 615 -1
14 616 1
6 616 -1
15 617 1
6 617 -1
6 618 1
15 618 -1
15 619 1
6 619 -1
6 620 1
15 620 -1
6 621 1
16 621 -1
16 622 1
6 622 -1
6 623 1
17 623 -1
17 624 1
6 624 -1
6 625 1
17 625 -1
18 626 1
6 626 -1
18 627 1
6 627 -1
18 628 1
6 628 -1
6 629 1
18 629 -1
19 630 1
6 630 -1
19 631 1
6 631 -1
6 632 1
19 632 -1
6 633 1
20 633 -1
20 634 1
6 634 -1
21 635 1
6 635 -1
22 636 1
6 636 -1
22 637 1
6 637 -1
22 638 1
6 638 -1
22 639 1
6 639 -1
23 640 1
6 640 -1
6 641 1
24 641 -1
6 642 1
24 642 -1
24 643 1
6 643 -1
6 644 1
24 644 -1
25 645 1
6 645 -1
6 646 1
26 646 -1
6 647 1
26 647 -1
6 648 1
26 648 -1
6 649 1
27 649 -1
27 650 1
6 650 -1
6 651 1
28 651 -1
28 652 1
6 652 -1
6 653 1
28 653 -1
29 654 1
6 654 -1
6 655 1
29 655 -1
30 656 1
6 656 -1
6 657 1
30 657 -1
30 658 1
6 658 -1
31 659 1
6 659 -1
6 660 1
31 660 -1
6 661 1
31 661 -1
32 662 1
6 662 -1
6 663 1
32 663 -1
6 664 1
32 664 -1
33 665 1
6 665 -1
34 666 1
6 666 -1
34 667 1
6 667 -1
6 668 1
34 668 -1
6 669 1
35 669 -1
6 670 1
35 670 -1
35 671 1
6 671 -1
6 672 1
35 672 -1
36 673 1
6 673 -1
37 674 1
6 674 -1
6 675 1
37 675 -1
6 676 1
37 676 -1
6 677 1
38 677 -1
38 678 1
6 678 -1
39 679 1
6 679 -1
39 680 1
6 680 -1
40 681 1
6 681 -1
40 682 1
6 682 -1
40 683 1
6 683 -1
6 684 1
41 684 -1
42 685 1
6 685 -1
6 686 1
42 686 -1
6 687 1
42 687 -1
6 688 1
42 688 -1
43 689 1
6 689 -1
6 690 1
43 690 -1
6 691 1
43 691 -1
6 692 1
43 692 -1
6 693 1
44 693 -1
44 694 1
6 694 -1
44 695 1
6 695 -1
45 696 1
6 696 -1
46 697 1
6 697 -1
46 698 1
6 698 -1
47 699 1
6 699 -1
6 700 1
47 700 -1
6 701 1
48 701 -1
48 702 1
6 702 -1
48 703 1
6 703 -1
6 704 1
48 704 -1
6 705 1
49 705 -1
6 706 1
49 706 -1
49 707 1
6 707 -1
50 708 1
6 708 -1
6 709 1
50 709 -1
8 710 1
7 710 -1
7 711 1
8 711 -1
8 712 1
7 712 -1
7 713 1
8 713 -1
9 714 1
7 714 -1
7 715 1
9 715 -1
9 716 1
7 716 -1
7 717 1
10 717 -1
7 718 1
10 718 -1
10 719 1
7 719 -1
10 720 1
7 720 -1
11 721 1
7 721 -1
7 722 1
11 722 -1
7 723 1
12 723 -1
7 724 1
12 724 -1
13 725 1
7 725 -1
7 726 1
14 726 -1
14 727 1
7 727 -1
14 728 1
7 728 -1
7 729 1
15 729 -1
15 730 1
7 730 -1
7 731 1
15 731 -1
7 732 1
16 732 -1
16 733 1
7 733 -1
7 734 1
16 734 -1
16 735 1
7 735 -1
17 736 1
7 736 -1
7 737 1
17 737 -1
17 738 1
7 738 -1
18 739 1
7 739 -1
18 740 1
7 740 -1
18 741 1
7 741 -1
7 742 1
19 742 -1
7 743 1
19 743 -1
19 744 1
7 744 -1
7 745 1
19 745 -1
7 746 1
20 746 -1
20 747 1
7 747 -1
20 748 1
7 748 -1
7 749 1
21 749 -1
7 750 1
21 750 -1
7 751 1
21 751 -1
22 752 1
7 752 -1
22 753 1
7 753 -1
7 754 1
23 754 -1
7 755 1
24 755 -1
7 756 1
24 756 -1
7 757 1
24 757 -1
7 758 1
25 758 -1
25 759 1
7 759 -1
7 760 1
25 760 -1
7 761 1
25 761 -1
7 762 1
26 762 -1
26 763 1
7 763 -1
7 764 1
26 764 -1
7 765 1
26 765 -1
27 766 1
7 766 -1
27 767 1
7 767 -1
7 768 1
28 768 -1
28 769 1
7 769 -1
29 770 1
7 770 -1
29 771 1
7 771 -1
30 772 1
7 772 -1
30 773 1
7 773 -1
7 774 1
30 774 -1
7 775 1
30 775 -1
31 776 1
7 776 -1
7 777 1
32 777 -1
7 778 1
33 778 -1
33 779 1
7 779 -1
7 780 1
33 780 -1
34 781 1
7 781 -1
7 782 1
34 782 -1
35 783 1
7 783 -1
7 784 1
35 784 -1
7 785 1
35 785 -1
7 786 1
35 786 -1
36 787 1
7 787 -1
7 788 1
37 788 -1
37 789 1
7 789 -1
37 790 1
7 790 -1
37 791 1
7 791 -1
7 792 1
38 792 -1
39 793 1
7 793 -1
40 794 1
7 794 -1
7 795 1
40 795 -1
7 796 1
41 796 -1
42 797 1
7 797 -1
42 798 1
7 798 -1
7 799 1
42 799 -1
42 800 1
7 800 -1
43 801 1
7 801 -1
43 802 1
7 802 -1
7 803 1
43 803 -1
7 804 1
44 804 -1
7 805 1
45 805 -1
7 806 1
45 806 -1
45 807 1
7 807 -1
46 808 1
7 808 -1
7 809 1
47 809 -1
7 810 1
47 810 -1
7 811 1
47 811 -1
48 812 1
7 812 -1
7 813 1
48 813 -1
7 814 1
48 814 -1
48 815 1
7 815 -1
7 816 1
49 816 -1
49 817 1
7 817 -1
50 818 1
7 818 -1
50 819 1
7 819 -1
7 820 1
50 820 -1
7 821 1
50 821 -1
9 822 1
8 822 -1
8 823 1
9 823 -1
9 824 1
8 824 -1
9 825 1
8 825 -1
8 826 1
10 826 -1
8 827 1
11 827 -1
8 828 1
11 828 -1
8 829 1
11 829 -1
8 830 1
11 830 -1
8 831 1
12 831 -1
8 832 1
13 832 -1
13 833 1
8 833 -1
8 834 1
13 834 -1
8 835 1
13 835 -1
8 836 1
14 836 -1
8 837 1
14 837 -1
14 838 1
8 838 -1
8 839 1
14 839 -1
8 840 1
15 840 -1
15 841 1
8 841 -1
8 842 1
16 842 -1
8 843 1
16 843 -1
17 844 1
8 844 -1
8 845 1
17 845 -1
8 846 1
17 846 -1
17 847 1
8 847 -1
8 848 1
18 848 -1
8 849 1
18 849 -1
18 850 1
8 850 -1
8 851 1
19 851 -1
8 852 1
20 852 -1
20 853 1
8 853 -1
20 854 1
8 854 -1
8 855 1
21 855 -1
8 856 1
22 856 -1
8 857 1
22 857 -1
8 858 1
22 858 -1
22 859 1
8 859 -1
23 860 1
8 860 -1
8 861 1
24 861 -1
8 862 1
24 862 -1
8 863 1
25 863 -1
8 864 1
25 864 -1
8 865 1
25 865 -1
8 866 1
25 866 -1
26 867 1
8 867 -1
8 868 1
26 868 -1
8 869 1
26 869 -1
27 870 1
8 870 -1
28 871 1
8 871 -1
28 872 1
8 872 -1
28 873 1
8 873 -1
8 874 1
29 874 -1
29 875 1
8 875 -1
8 876 1
29 876 -1
8 877 1
29 877 -1
30 878 1
8 878 -1
30 879 1
8 879 -1
31 880 1
8 880 -1
31 881 1
8 881 -1
8 882 1
32 882 -1
32 883 1
8 883 -1
32 884 1
8 884 -1
8 885 1
33 885 -1
8 886 1
33 886 -1
34 887 1
8 887 -1
34 888 1
8 888 -1
35 889 1
8 889 -1
35 890 1
8 890 -1
35 891 1
8 891 -1
8 892 1
35 892 -1
36 893 1
8 893 -1
36 894 1
8 894 -1
8 895 1
36 895 -1
8 896 1
37 896 -1
37 897 1
8 897 -1
8 898 1
38 898 -1
39 899 1
8 899 -1
40 900 1
8 900 -1
40 901 1
8 901 -1
41 902 1
8 902 -1
41 903 1
8 903 -1
41 904 1
8 904 -1
8 905 1
42 905 -1
8 906 1
42 906 -1
42 907 1
8 907 -1
42 908 1
8 908 -1
43 909 1
8 909 -1
8 910 1
43 910 -1
8 911 1
43 911 -1
44 912 1
8 912 -1
8 913 1
44 913 -1
45 914 1
8 914 -1
45 915 1
8 915 -1
8 916 1
46 916 -1
46 917 1
8 917 -1
46 918 1
8 918 -1
8 919 1
46 919 -1
47 920 1
8 920 -1
47 921 1
8 921 -1
47 922 1
8 922 -1
8 923 1
48 923 -1
48 924 1
8 924 -1
49 925 1
8 925 -1
8 926 1
49 926 -1
8 927 1
50 927 -1
50 928 1
8 928 -1
10 929 1
9 929 -1
11 930 1
9 930 -1
9 931 1
11 931 -1
9 932 1
12 932 -1
12 933 1
9 933 -1
12 934 1
9 934 -1
12 935 1
9 935 -1
9 936 1
13 936 -1
9 937 1
14 937 -1
9 938 1
14 938 -1
15 939 1
9 939 -1
9 940 1
15 940 -1
9 941 1
15 941 -1
15 942 1
9 942 -1
9 943 1
16 943 -1
16 944 1
9 944 -1
9 945 1
16 945 -1
9 946 1
17 946 -1
9 947 1
17 947 -1
17 948 1
9 948 -1
9 949 1
18 949 -1
19 950 1
9 950 -1
9 951 1
19 951 -1
9 952 1
19 952 -1
19 953 1
9 953 -1
20 954 1
9 954 -1
20 955 1
9 955 -1
20 956 1
9 956 -1
9 957 1
21 957 -1
9 958 1
21 958 -1
21 959 1
9 959 -1
9 960 1
21 960 -1
22 961 1
9 961 -1
23 962 1
9 962 -1
23 963 1
9 963 -1
23 964 1
9 964 -1
9 965 1
23 965 -1
9 966 1
24 966 -1
25 967 1
9 967 -1
25 968 1
9 968 -1
26 969 1
9 969 -1
9 970 1
26 970 -1
9 971 1
26 971 -1
9 972 1
27 972 -1
28 973 1
9 973 -1
29 974 1
9 974 -1
29 975 1
9 975 -1
29 976 1
9 976 -1
29 977 1
9 977 -1
9 978 1
30 978 -1
9 979 1
30 979 -1
30 980 1
9 980 -1
30 981 1
9 981 -1
9 982 1
31 982 -1
9 983 1
32 983 -1
33 984 1
9 984 -1
9 985 1
33 985 -1
9 986 1
34 986 -1
34 987 1
9 987 -1
35 988 1
9 988 -1
9 989 1
35 989 -1
9 990 1
36 990 -1
36 991 1
9 991 -1
37 992 1
9 992 -1
37 993 1
9 993 -1
37 994 1
9 994 -1
9 995 1
38 995 -1
38 996 1
9 996 -1
9 997 1
38 997 -1
9 998 1
38 998 -1
39 999 1
9 999 -1
9 1000 1
40 1000 -1
40 1001 1
9 1001 -1
41 1002 1
9 1002 -1
9 1003 1
41 1003 -1
41 1004 1
9 1004 -1
9 1005 1
41 1005 -1
9 1006 1
42 1006 -1
42 1007 1
9 1007 -1
9 1008 1
42 1008 -1
43 1009 1
9 1009 -1
43 1010 1
9 1010 -1
9 1011 1
43 1011 -1
43 1012 1
9 1012 -1
9 1013 1
44 1013 -1
9 1014 1
45 1014 -1
9 1015 1
45 1015 -1
9 1016 1
45 1016 -1
9 1017 1
46 1017 -1
46 1018 1
9 1018 -1
46 1019 1
9 1019 -1
9 1020 1
46 1020 -1
47 1021 1
9 1021 -1
47 1022 1
9 1022 -1
47 1023 1
9 1023 -1
9 1024 1
48 1024 -1
9 1025 1
48 1025 -1
48 1026 1
9 1026 -1
9 1027 1
48 1027 -1
9 1028 1
49 1028 -1
50 1029 1
9 1029 -1
10 1030 1
11 1030 -1
10 1031 1
12 1031 -1
10 1032 1
13 1032 -1
10 1033 1
13 1033 -1
13 1034 1
10 1034 -1
10 1035 1
14 1035 -1
10 1036 1
14 1036 -1
15 1037 1
10 1037 -1
15 1038 1
10 1038 -1
10 1039 1
15 1039 -1
10 1040 1
15 1040 -1
10 1041 1
16 1041 -1
10 1042 1
16 1042 -1
17 1043 1
10 1043 -1
17 1044 1
10 1044 -1
10 1045 1
18 1045 -1
18 1046 1
10 1046 -1
10 1047 1
19 1047 -1
20 1048 1
10 1048 -1
10 1049 1
20 1049 -1
10 1050 1
21 1050 -1
10 1051 1
21 1051 -1
21 1052 1
10 1052 -1
10 1053 1
21 1053 -1
22 1054 1
10 1054 -1
22 1055 1
10 1055 -1
23 1056 1
10 1056 -1
10 1057 1
23 1057 -1
24 1058 1
10 1058 -1
10 1059 1
24 1059 -1
24 1060 1
10 1060 -1
25 1061 1
10 1061 -1
10 1062 1
26 1062 -1
10 1063 1
26 1063 -1
10 1064 1
27 1064 -1
10 1065 1
27 1065 -1
28 1066 1
10 1066 -1
10 1067 1
29 1067 -1
29 1068 1
10 1068 -1
10 1069 1
29 1069 -1
10 1070 1
30 1070 -1
30 1071 1
10 1071 -1
31 1072 1
10 1072 -1
31 1073 1
10 1073 -1
31 1074 1
10 1074 -1
32 1075 1
10 1075 -1
10 1076 1
32 1076 -1
32 1077 1
10 1077 -1
33 1078 1
10 1078 -1
10 1079 1
33 1079 -1
33 1080 1
10 1080 -1
10 1081 1
34 1081 -1
34 1082 1
10 1082 -1
10 1083 1
34 1083 -1
10 1084 1
35 1084 -1
36 1085 1
10 1085 -1
36 1086 1
10 1086 -1
36 1087 1
10 1087 -1
10 1088 1
36 1088 -1
10 1089 1
37 1089 -1
38 1090 1
10 1090 -1
10 1091 1
38 1091 -1
10 1092 1
39 1092 -1
40 1093 1
10 1093 -1
10 1094 1
40 1094 -1
40 1095 1
10 1095 -1
40 1096 1
10 1096 -1
10 1097 1
41 1097 -1
42 1098 1
10 1098 -1
42 1099 1
10 1099 -1
42 1100 1
10 1100 -1
42 1101 1
10 1101 -1
10 1102 1
43 1102 -1
10 1103 1
43 1103 -1
10 1104 1
43 1104 -1
10 1105 1
43 1105 -1
44 1106 1
10 1106 -1
10 1107 1
44 1107 -1
44 1108 1
10 1108 -1
10 1109 1
44 1109 -1
45 1110 1
10 1110 -1
10 1111 1
46 1111 -1
46 1112 1
10 1112 -1
10 1113 1
46 1113 -1
47 1114 1
10 1114 -1
47 1115 1
10 1115 -1
47 1116 1
10 1116 -1
10 1117 1
47 1117 -1
48 1118 1
10 1118 -1
10 1119 1
48 1119 -1
10 1120 1
48 1120 -1
48 1121 1
10 1121 -1
10 1122 1
49 1122 -1
50 1123 1
10 1123 -1
50 1124 1
10 1124 -1
11 1125 1
12 1125 -1
12 1126 1
11 1126 -1
11 1127 1
12 1127 -1
12 1128 1
11 1128 -1
11 1129 1
13 1129 -1
13 1130 1
11 1130 -1
11 1131 1
14 1131 -1
14 1132 1
11 1132 -1
11 1133 1
15 1133 -1
16 1134 1
11 1134 -1
11 1135 1
16 1135 -1
11 1136 1
16 1136 -1
11 1137 1
17 1137 -1
17 1138 1
11 1138 -1
17 1139 1
11 1139 -1
11 1140 1
18 1140 -1
18 1141 1
11 1141 -1
18 1142 1
11 1142 -1
11 1143 1
19 1143 -1
11 1144 1
20 1144 -1
21 1145 1
11 1145 -1
21 1146 1
11 1146 -1
21 1147 1
11 1147 -1
22 1148 1
11 1148 -1
22 1149 1
11 1149 -1
22 1150 1
11 1150 -1
23 1151 1
11 1151 -1
11 1152 1
24 1152 -1
24 1153 1
11 1153 -1
11 1154 1
25 1154 -1
11 1155 1
25 1155 -1
26 1156 1
11 1156 -1
26 1157 1
11 1157 -1
26 1158 1
11 1158 -1
11 1159 1
27 1159 -1
11 1160 1
27 1160 -1
11 1161 1
28 1161 -1
29 1162 1
11 1162 -1
11 1163 1
29 1163 -1
11 1164 1
29 1164 -1
30 1165 1
11 1165 -1
11 1166 1
30 1166 -1
11 1167 1
30 1167 -1
30 1168 1
11 1168 -1
11 1169 1
31 1169 -1
11 1170 1
31 1170 -1
11 1171 1
32 1171 -1
11 1172 1
32 1172 -1
33 1173 1
11 1173 -1
11 1174 1
33 1174 -1
34 1175 1
11 1175 -1
11 1176 1
34 1176 -1
34 1177 1
11 1177 -1
11 1178 1
35 1178 -1
35 1179 1
11 1179 -1
36 1180 1
11 1180 -1
36 1181 1
11 1181 -1
11 1182 1
36 1182 -1
11 1183 1
36 1183 -1
37 1184 1
11 1184 -1
38 1185 1
11 1185 -1
11 1186 1
38 1186 -1
39 1187 1
11 1187 -1
11 1188 1
39 1188 -1
11 1189 1
40 1189 -1
40 1190 1
11 1190 -1
40 1191 1
11 1191 -1
11 1192 1
40 1192 -1
11 1193 1
41 1193 -1
11 1194 1
41 1194 -1
11 1195 1
41 1195 -1
11 1196 1
41 1196 -1
42 1197 1
11 1197 -1
11 1198 1
43 1198 -1
44 1199 1
11 1199 -1
44 1200 1
11 1200 -1
11 1201 1
45 1201 -1
46 1202 1
11 1202 -1
46 1203 1
11 1203 -1
11 1204 1
46 1204 -1
46 1205 1
11 1205 -1
47 1206 1
11 1206 -1
11 1207 1
47 1207 -1
48 1208 1
11 1208 -1
11 1209 1
48 1209 -1
11 1210 1
48 1210 -1
48 1211 1
11 1211 -1
49 1212 1
11 1212 -1
49 1213 1
11 1213 -1
50 1214 1
11 1214 -1
13 1215 1
12 1215 -1
12 1216 1
13 1216 -1
14 1217 1
12 1217 -1
14 1218 1
12 1218 -1
12 1219 1
14 1219 -1
12 1220 1
14 1220 -1
12 1221 1
15 1221 -1
15 1222 1
12 1222 -1
16 1223 1
12 1223 -1
17 1224 1
12 1224 -1
17 1225 1
12 1225 -1
17 1226 1
12 1226 -1
12 1227 1
17 1227 -1
12 1228 1
18 1228 -1
12 1229 1
18 1229 -1
18 1230 1
12 1230 -1
19 1231 1
12 1231 -1
12 1232 1
19 1232 -1
20 1233 1
12 1233 -1
12 1234 1
21 1234 -1
12 1235 1
21 1235 -1
21 1236 1
12 1236 -1
22 1237 1
12 1237 -1
12 1238 1
22 1238 -1
22 1239 1
12 1239 -1
12 1240 1
23 1240 -1
23 1241 1
12 1241 -1
23 1242 1
12 1242 -1
12 1243 1
23 1243 -1
24 1244 1
12 1244 -1
24 1245 1
12 1245 -1
12 1246 1
24 1246 -1
25 1247 1
12 1247 -1
25 1248 1
12 1248 -1
25 1249 1
12 1249 -1
26 1250 1
12 1250 -1
12 1251 1
27 1251 -1
12 1252 1
27 1252 -1
27 1253 1
12 1253 -1
12 1254 1
27 1254 -1
12 1255 1
28 1255 -1
28 1256 1
12 1256 -1
12 1257 1
29 1257 -1
29 1258 1
12 1258 -1
29 1259 1
12 1259 -1
30 1260 1
12 1260 -1
12 1261 1
30 1261 -1
12 1262 1
30 1262 -1
31 1263 1
12 1263 -1
12 1264 1
31 1264 -1
31 1265 1
12 1265 -1
12 1266 1
32 1266 -1
33 1267 1
12 1267 -1
34 1268 1
12 1268 -1
34 1269 1
12 1269 -1
12 1270 1
35 1270 -1
12 1271 1
36 1271 -1
12 1272 1
36 1272 -1
36 1273 1
12 1273 -1
37 1274 1
12 1274 -1
38 1275 1
12 1275 -1
38 1276 1
12 1276 -1
39 1277 1
12 1277 -1
12 1278 1
39 1278 -1
12 1279 1
39 1279 -1
12 1280 1
40 1280 -1
40 1281 1
12 1281 -1
41 1282 1
12 1282 -1
12 1283 1
41 1283 -1
12 1284 1
41 1284 -1
12 1285 1
42 1285 -1
43 1286 1
12 1286 -1
12 1287 1
43 1287 -1
12 1288 1
43 1288 -1
43 1289 1
12 1289 -1
12 1290 1
44 1290 -1
12 1291 1
44 1291 -1
12 1292 1
45 1292 -1
45 1293 1
12 1293 -1
45 1294 1
12 1294 -1
12 1295 1
46 1295 -1
12 1296 1
46 1296 -1
12 1297 1
46 1297 -1
12 1298 1
47 1298 -1
47 1299 1
12 1299 -1
12 1300 1
48 1300 -1
12 1301 1
48 1301 -1
12 1302 1
48 1302 -1
12 1303 1
48 1303 -1
12 1304 1
49 1304 -1
49 1305 1
12 1305 -1
12 1306 1
49 1306 -1
12 1307 1
49 1307 -1
12 1308 1
50 1308 -1
14 1309 1
13 1309 -1
15 1310 1
13 1310 -1
13 1311 1
15 1311 -1
13 1312 1
15 1312 -1
16 1313 1
13 1313 -1
17 1314 1
13 1314 -1
17 1315 1
13 1315 -1
13 1316 1
18 1316 -1
13 1317 1
18 1317 -1
18 1318 1
13 1318 -1
13 1319 1
18 1319 -1
19 1320 1
13 1320 -1
13 1321 1
19 1321 -1
19 1322 1
13 1322 -1
13 1323 1
20 1323 -1
13 1324 1
20 1324 -1
13 1325 1
21 1325 -1
13 1326 1
22 1326 -1
13 1327 1
22 1327 -1
13 1328 1
23 1328 -1
13 1329 1
24 1329 -1
13 1330 1
25 1330 -1
26 1331 1
13 1331 -1
27 1332 1
13 1332 -1
13 1333 1
27 1333 -1
27 1334 1
13 1334 -1
28 1335 1
13 1335 -1
13 1336 1
28 1336 -1
13 1337 1
29 1337 -1
13 1338 1
30 1338 -1
30 1339 1
13 1339 -1
13 1340 1
30 1340 -1
31 1341 1
13 1341 -1
13 1342 1
31 1342 -1
31 1343 1
13 1343 -1
32 1344 1
13 1344 -1
13 1345 1
32 1345 -1
32 1346 1
13 1346 -1
32 1347 1
13 1347 -1
33 1348 1
13 1348 -1
33 1349 1
13 1349 -1
13 1350 1
34 1350 -1
13 1351 1
34 1351 -1
13 1352 1
35 1352 -1
13 1353 1
35 1353 -1
13 1354 1
36 1354 -1
13 1355 1
36 1355 -1
37 1356 1
13 1356 -1
13 1357 1
37 1357 -1
38 1358 1
13 1358 -1
13 1359 1
39 1359 -1
13 1360 1
39 1360 -1
40 1361 1
13 1361 -1
13 1362 1
41 1362 -1
41 1363 1
13 1363 -1
13 1364 1
41 1364 -1
42 1365 1
13 1365 -1
13 1366 1
42 1366 -1
13 1367 1
42 1367 -1
13 1368 1
43 1368 -1
43 1369 1
13 1369 -1
13 1370 1
43 1370 -1
13 1371 1
44 1371 -1
13 1372 1
44 1372 -1
13 1373 1
45 1373 -1
46 1374 1
13 1374 -1
13 1375 1
46 1375 -1
13 1376 1
46 1376 -1
13 1377 1
47 1377 -1
13 1378 1
47 1378 -1
47 1379 1
13 1379 -1
13 1380 1
47 1380 -1
48 1381 1
13 1381 -1
48 1382 1
13 1382 -1
48 1383 1
13 1383 -1
13 1384 1
48 1384 -1
13 1385 1
49 1385 -1
49 1386 1
13 1386 -1
13 1387 1
49 1387 -1
13 1388 1
49 1388 -1
13 1389 1
50 1389 -1
50 1390 1
13 1390 -1
14 1391 1
15 1391 -1
14 1392 1
15 1392 -1
14 1393 1
15 1393 -1
14 1394 1
16 1394 -1
14 1395 1
16 1395 -1
14 1396 1
17 1396 -1
14 1397 1
17 1397 -1
14 1398 1
17 1398 -1
18 1399 1
14 1399 -1
19 1400 1
14 1400 -1
14 1401 1
19 1401 -1
14 1402 1
20 1402 -1
14 1403 1
20 1403 -1
14 1404 1
21 1404 -1
21 1405 1
14 1405 -1
14 1406 1
21 1406 -1
21 1407 1
14 1407 -1
22 1408 1
14 1408 -1
22 1409 1
14 1409 -1
22 1410 1
14 1410 -1
14 1411 1
22 1411 -1
14 1412 1
23 1412 -1
14 1413 1
23 1413 -1
14 1414 1
23 1414 -1
24 1415 1
14 1415 -1
14 1416 1
24 1416 -1
24 1417 1
14 1417 -1
24 1418 1
14 1418 -1
14 1419 1
25 1419 -1
14 1420 1
26 1420 -1
14 1421 1
26 1421 -1
14 1422 1
26 1422 -1
14 1423 1
27 1423 -1
27 1424 1
14 1424 -1
14 1425 1
27 1425 -1
28 1426 1
14 1426 -1
14 1427 1
28 1427 -1
28 1428 1
14 1428 -1
29 1429 1
14 1429 -1
14 1430 1
30 1430 -1
31 1431 1
14 1431 -1
31 1432 1
14 1432 -1
14 1433 1
32 1433 -1
14 1434 1
32 1434 -1
32 1435 1
14 1435 -1
14 1436 1
33 1436 -1
33 1437 1
14 1437 -1
14 1438 1
33 1438 -1
34 1439 1
14 1439 -1
14 1440 1
34 1440 -1
14 1441 1
35 1441 -1
35 1442 1
14 1442 -1
36 1443 1
14 1443 -1
14 1444 1
37 1444 -1
14 1445 1
37 1445 -1
14 1446 1
37 1446 -1
14 1447 1
38 1447 -1
39 1448 1
14 1448 -1
14 1449 1
39 1449 -1
14 1450 1
40 1450 -1
40 1451 1
14 1451 -1
40 1452 1
14 1452 -1
14 1453 1
40 1453 -1
41 1454 1
14 1454 -1
42 1455 1
14 1455 -1
42 1456 1
14 1456 -1
42 1457 1
14 1457 -1
14 1458 1
43 1458 -1
14 1459 1
43 1459 -1
43 1460 1
14 1460 -1
14 1461 1
43 1461 -1
14 1462 1
44 1462 -1
14 1463 1
44 1463 -1
14 1464 1
45 1464 -1
14 1465 1
45 1465 -1
45 1466 1
14 1466 -1
14 1467 1
45 1467 -1
46 1468 1
14 1468 -1
47 1469 1
14 1469 -1
48 1470 1
14 1470 -1
48 1471 1
14 1471 -1
14 1472 1
49 1472 -1
14 1473 1
49 1473 -1
14 1474 1
50 1474 -1
14 1475 1
50 1475 -1
15 1476 1
16 1476 -1
16 1477 1
15 1477 -1
15 1478 1
16 1478 -1
16 1479 1
15 1479 -1
17 1480 1
15 1480 -1
15 1481 1
17 1481 -1
18 1482 1
15 1482 -1
15 1483 1
19 1483 -1
15 1484 1
20 1484 -1
15 1485 1
20 1485 -1
15 1486 1
20 1486 -1
21 1487 1
15 1487 -1
22 1488 1
15 1488 -1
15 1489 1
22 1489 -1
22 1490 1
15 1490 -1
15 1491 1
23 1491 -1
15 1492 1
23 1492 -1
23 1493 1
15 1493 -1
15 1494 1
23 1494 -1
24 1495 1
15 1495 -1
24 1496 1
15 1496 -1
15 1497 1
24 1497 -1
15 1498 1
25 1498 -1
25 1499 1
15 1499 -1
15 1500 1
25 1500 -1
15 1501 1
26 1501 -1
26 1502 1
15 1502 -1
15 1503 1
26 1503 -1
26 1504 1
15 1504 -1
15 1505 1
27 1505 -1
27 1506 1
15 1506 -1
27 1507 1
15 1507 -1
15 1508 1
27 1508 -1
28 1509 1
15 1509 -1
28 1510 1
15 1510 -1
15 1511 1
28 1511 -1
15 1512 1
29 1512 -1
15 1513 1
29 1513 -1
15 1514 1
30 1514 -1
15 1515 1
30 1515 -1
30 1516 1
15 1516 -1
15 1517 1
31 1517 -1
15 1518 1
31 1518 -1
31 1519 1
15 1519 -1
15 1520 1
32 1520 -1
15 1521 1
32 1521 -1
15 1522 1
33 1522 -1
15 1523 1
34 1523 -1
34 1524 1
15 1524 -1
15 1525 1
34 1525 -1
34 1526 1
15 1526 -1
35 1527 1
15 1527 -1
35 1528 1
15 1528 -1
15 1529 1
35 1529 -1
15 1530 1
36 1530 -1
15 1531 1
36 1531 -1
15 1532 1
36 1532 -1
15 1533 1
36 1533 -1
37 1534 1
15 1534 -1
38 1535 1
15 1535 -1
15 1536 1
38 1536 -1
38 1537 1
15 1537 -1
15 1538 1
39 1538 -1
39 1539 1
15 1539 -1
15 1540 1
39 1540 -1
39 1541 1
15 1541 -1
15 1542 1
40 1542 -1
41 1543 1
15 1543 -1
41 1544 1
15 1544 -1
41 1545 1
15 1545 -1
41 1546 1
15 1546 -1
15 1547 1
42 1547 -1
42 1548 1
15 1548 -1
15 1549 1
43 1549 -1
15 1550 1
43 1550 -1
43 1551 1
15 1551 -1
15 1552 1
43 1552 -1
15 1553 1
44 1553 -1
15 1554 1
44 1554 -1
15 1555 1
44 1555 -1
15 1556 1
45 1556 -1
45 1557 1
15 1557 -1
46 1558 1
15 1558 -1
46 1559 1
15 1559 -1
15 1560 1
47 1560 -1
15 1561 1
48 1561 -1
48 1562 1
15 1562 -1
15 1563 1
49 1563 -1
50 1564 1
15 1564 -1
17 1565 1
16 1565 -1
17 1566 1
16 1566 -1
16 1567 1
18 1567 -1
16 1568 1
19 1568 -1
16 1569 1
20 1569 -1
16 1570 1
20 1570 -1
16 1571 1
20 1571 -1
16 1572 1
20 1572 -1
21 1573 1
16 1573 -1
16 1574 1
21 1574 -1
16 1575 1
21 1575 -1
16 1576 1
21 1576 -1
16 1577 1
22 1577 -1
16 1578 1
22 1578 -1
16 1579 1
23 1579 -1
23 1580 1
16 1580 -1
16 1581 1
24 1581 -1
24 1582 1
16 1582 -1
16 1583 1
25 1583 -1
26 1584 1
16 1584 -1
26 1585 1
16 1585 -1
16 1586 1
26 1586 -1
26 1587 1
16 1587 -1
27 1588 1
16 1588 -1
16 1589 1
27 1589 -1
27 1590 1
16 1590 -1
28 1591 1
16 1591 -1
16 1592 1
28 1592 -1
29 1593 1
16 1593 -1
16 1594 1
30 1594 -1
30 1595 1
16 1595 -1
31 1596 1
16 1596 -1
32 1597 1
16 1597 -1
33 1598 1
16 1598 -1
16 1599 1
33 1599 -1
16 1600 1
34 1600 -1
16 1601 1
34 1601 -1
34 1602 1
16 1602 -1
16 1603 1
34 1603 -1
16 1604 1
35 1604 -1
35 1605 1
16 1605 -1
35 1606 1
16 1606 -1
36 1607 1
16 1607 -1
16 1608 1
36 1608 -1
16 1609 1
36 1609 -1
16 1610 1
36 1610 -1
16 1611 1
37 1611 -1
37 1612 1
16 1612 -1
16 1613 1
37 1613 -1
16 1614 1
37 1614 -1
38 1615 1
16 1615 -1
16 1616 1
38 1616 -1
16 1617 1
39 1617 -1
16 1618 1
39 1618 -1
16 1619 1
40 1619 -1
40 1620 1
16 1620 -1
40 1621 1
16 1621 -1
16 1622 1
40 1622 -1
41 1623 1
16 1623 -1
16 1624 1
42 1624 -1
16 1625 1
43 1625 -1
43 1626 1
16 1626 -1
16 1627 1
43 1627 -1
44 1628 1
16 1628 -1
44 1629 1
16 1629 -1
45 1630 1
16 1630 -1
16 1631 1
45 1631 -1
45 1632 1
16 1632 -1
46 1633 1
16 1633 -1
46 1634 1
16 1634 -1
16 1635 1
46 1635 -1
16 1636 1
46 1636 -1
47 1637 1
16 1637 -1
48 1638 1
16 1638 -1
16 1639 1
48 1639 -1
48 1640 1
16 1640 -1
49 1641 1
16 1641 -1
16 1642 1
49 1642 -1
49 1643 1
16 1643 -1
49 1644 1
16 1644 -1
16 1645 1
50 1645 -1
50 1646 1
16 1646 -1
16 1647 1
50 1647 -1
50 1648 1
16 1648 -1
17 1649 1
18 1649 -1
17 1650 1
19 1650 -1
19 1651 1
17 1651 -1
17 1652 1
19 1652 -1
17 1653 1
19 1653 -1
17 1654 1
20 1654 -1
21 1655 1
17 1655 -1
21 1656 1
17 1656 -1
21 1657 1
17 1657 -1
21 1658 1
17 1658 -1
22 1659 1
17 1659 -1
22 1660 1
17 1660 -1
17 1661 1
22 1661 -1
23 1662 1
17 1662 -1
23 1663 1
17 1663 -1
17 1664 1
23 1664 -1
24 1665 1
17 1665 -1
17 1666 1
25 1666 -1
17 1667 1
25 1667 -1
17 1668 1
26 1668 -1
17 1669 1
27 1669 -1
27 1670 1
17 1670 -1
27 1671 1
17 1671 -1
17 1672 1
27 1672 -1
28 1673 1
17 1673 -1
17 1674 1
29 1674 -1
17 1675 1
29 1675 -1
17 1676 1
30 1676 -1
17 1677 1
30 1677 -1
31 1678 1
17 1678 -1
17 1679 1
31 1679 -1
17 1680 1
31 1680 -1
31 1681 1
17 1681 -1
32 1682 1
17 1682 -1
32 1683 1
17 1683 -1
17 1684 1
32 1684 -1
17 1685 1
33 1685 -1
17 1686 1
33 1686 -1
17 1687 1
33 1687 -1
34 1688 1
17 1688 -1
17 1689 1
35 1689 -1
35 1690 1
17 1690 -1
17 1691 1
35 1691 -1
17 1692 1
36 1692 -1
17 1693 1
36 1693 -1
17 1694 1
36 1694 -1
36 1695 1
17 1695 -1
37 1696 1
17 1696 -1
17 1697 1
37 1697 -1
17 1698 1
38 1698 -1
17 1699 1
38 1699 -1
17 1700 1
39 1700 -1
17 1701 1
39 1701 -1
39 1702 1
17 1702 -1
40 1703 1
17 1703 -1
40 1704 1
17 1704 -1
41 1705 1
17 1705 -1
42 1706 1
17 1706 -1
42 1707 1
17 1707 -1
42 1708 1
17 1708 -1
42 1709 1
17 1709 -1
17 1710 1
43 1710 -1
17 1711 1
43 1711 -1
43 1712 1
17 1712 -1
17 1713 1
44 1713 -1
44 1714 1
17 1714 -1
45 1715 1
17 1715 -1
45 1716 1
17 1716 -1
45 1717 1
17 1717 -1
45 1718 1
17 1718 -1
46 1719 1
17 1719 -1
17 1720 1
47 1720 -1
48 1721 1
17 1721 -1
17 1722 1
48 1722 -1
48 1723 1
17 1723 -1
17 1724 1
48 1724 -1
49 1725 1
17 1725 -1
17 1726 1
49 1726 -1
50 1727 1
17 1727 -1
17 1728 1
50 1728 -1
19 1729 1
18 1729 -1
18 1730 1
19 1730 -1
18 1731 1
19 1731 -1
20 1732 1
18 1732 -1
20 1733 1
18 1733 -1
18 1734 1
20 1734 -1
18 1735 1
20 1735 -1
18 1736 1
21 1736 -1
21 1737 1
18 1737 -1
21 1738 1
18 1738 -1
18 1739 1
22 1739 -1
18 1740 1
22 1740 -1
23 1741 1
18 1741 -1
24 1742 1
18 1742 -1
18 1743 1
24 1743 -1
25 1744 1
18 1744 -1
26 1745 1
18 1745 -1
26 1746 1
18 1746 -1
18 1747 1
26 1747 -1
18 1748 1
26 1748 -1
27 1749 1
18 1749 -1
18 1750 1
27 1750 -1
18 1751 1
28 1751 -1
29 1752 1
18 1752 -1
18 1753 1
29 1753 -1
30 1754 1
18 1754 -1
18 1755 1
31 1755 -1
32 1756 1
18 1756 -1
18 1757 1
32 1757 -1
18 1758 1
33 1758 -1
33 1759 1
18 1759 -1
18 1760 1
34 1760 -1
34 1761 1
18 1761 -1
18 1762 1
34 1762 -1
35 1763 1
18 1763 -1
36 1764 1
18 1764 -1
18 1765 1
36 1765 -1
18 1766 1
36 1766 -1
37 1767 1
18 1767 -1
18 1768 1
37 1768 -1
37 1769 1
18 1769 -1
18 1770 1
37 1770 -1
38 1771 1
18 1771 -1
18 1772 1
38 1772 -1
18 1773 1
39 1773 -1
18 1774 1
39 1774 -1
39 1775 1
18 1775 -1
18 1776 1
40 1776 -1
18 1777 1
41 1777 -1
18 1778 1
41 1778 -1
42 1779 1
18 1779 -1
18 1780 1
42 1780 -1
42 1781 1
18 1781 -1
42 1782 1
18 1782 -1
18 1783 1
43 1783 -1
18 1784 1
43 1784 -1
44 1785 1
18 1785 -1
44 1786 1
18 1786 -1
18 1787 1
44 1787 -1
18 1788 1
45 1788 -1
18 1789 1
46 1789 -1
18 1790 1
46 1790 -1
18 1791 1
46 1791 -1
18 1792 1
46 1792 -1
47 1793 1
18 1793 -1
47 1794 1
18 1794 -1
47 1795 1
18 1795 -1
48 1796 1
18 1796 -1
48 1797 1
18 1797 -1
18 1798 1
49 1798 -1
50 1799 1
18 1799 -1
20 1800 1
19 1800 -1
19 1801 1
20 1801 -1
20 1802 1
19 1802 -1
21 1803 1
19 1803 -1
21 1804 1
19 1804 -1
19 1805 1
21 1805 -1
19 1806 1
21 1806 -1
22 1807 1
19 1807 -1
22 1808 1
19 1808 -1
19 1809 1
22 1809 -1
22 1810 1
19 1810 -1
19 1811 1
23 1811 -1
23 1812 1
19 1812 -1
19 1813 1
23 1813 -1
23 1814 1
19 1814 -1
19 1815 1
24 1815 -1
19 1816 1
24 1816 -1
24 1817 1
19 1817 -1
19 1818 1
25 1818 -1
19 1819 1
25 1819 -1
19 1820 1
26 1820 -1
27 1821 1
19 1821 -1
27 1822 1
19 1822 -1
27 1823 1
19 1823 -1
19 1824 1
28 1824 -1
28 1825 1
19 1825 -1
19 1826 1
29 1826 -1
19 1827 1
29 1827 -1
29 1828 1
19 1828 -1
19 1829 1
29 1829 -1
19 1830 1
30 1830 -1
19 1831 1
30 1831 -1
19 1832 1
30 1832 -1
19 1833 1
31 1833 -1
31 1834 1
19 1834 -1
31 1835 1
19 1835 -1
32 1836 1
19 1836 -1
32 1837 1
19 1837 -1
32 1838 1
19 1838 -1
19 1839 1
33 1839 -1
19 1840 1
33 1840 -1
19 1841 1
33 1841 -1
19 1842 1
34 1842 -1
35 1843 1
19 1843 -1
19 1844 1
35 1844 -1
35 1845 1
19 1845 -1
35 1846 1
19 1846 -1
36 1847 1
19 1847 -1
19 1848 1
36 1848 -1
37 1849 1
19 1849 -1
19 1850 1
37 1850 -1
19 1851 1
37 1851 -1
19 1852 1
37 1852 -1
38 1853 1
19 1853 -1
38 1854 1
19 1854 -1
19 1855 1
38 1855 -1
19 1856 1
38 1856 -1
19 1857 1
39 1857 -1
39 1858 1
19 1858 -1
40 1859 1
19 1859 -1
19 1860 1
41 1860 -1
41 1861 1
19 1861 -1
42 1862 1
19 1862 -1
19 1863 1
42 1863 -1
19 1864 1
42 1864 -1
19 1865 1
42 1865 -1
19 1866 1
43 1866 -1
19 1867 1
43 1867 -1
43 1868 1
19 1868 -1
19 1869 1
43 1869 -1
19 1870 1
44 1870 -1
19 1871 1
44 1871 -1
44 1872 1
19 1872 -1
19 1873 1
44 1873 -1
45 1874 1
19 1874 -1
19 1875 1
46 1875 -1
46 1876 1
19 1876 -1
19 1877 1
46 1877 -1
46 1878 1
19 1878 -1
47 1879 1
19 1879 -1
19 1880 1
48 1880 -1
48 1881 1
19 1881 -1
19 1882 1
48 1882 -1
49 1883 1
19 1883 -1
49 1884 1
19 1884 -1
49 1885 1
19 1885 -1
19 1886 1
49 1886 -1
50 1887 1
19 1887 -1
21 1888 1
20 1888 -1
20 1889 1
22 1889 -1
22 1890 1
20 1890 -1
23 1891 1
20 1891 -1
20 1892 1
23 1892 -1
24 1893 1
20 1893 -1
24 1894 1
20 1894 -1
25 1895 1
20 1895 -1
25 1896 1
20 1896 -1
20 1897 1
25 1897 -1
26 1898 1
20 1898 -1
26 1899 1
20 1899 -1
26 1900 1
20 1900 -1
20 1901 1
26 1901 -1
20 1902 1
27 1902 -1
27 1903 1
20 1903 -1
27 1904 1
20 1904 -1
28 1905 1
20 1905 -1
20 1906 1
28 1906 -1
20 1907 1
28 1907 -1
20 1908 1
28 1908 -1
20 1909 1
29 1909 -1
29 1910 1
20 1910 -1
29 1911 1
20 1911 -1
30 1912 1
20 1912 -1
20 1913 1
30 1913 -1
20 1914 1
30 1914 -1
31 1915 1
20 1915 -1
31 1916 1
20 1916 -1
20 1917 1
31 1917 -1
32 1918 1
20 1918 -1
32 1919 1
20 1919 -1
20 1920 1
33 1920 -1
33 1921 1
20 1921 -1
34 1922 1
20 1922 -1
34 1923 1
20 1923 -1
20 1924 1
35 1924 -1
35 1925 1
20 1925 -1
20 1926 1
35 1926 -1
36 1927 1
20 1927 -1
37 1928 1
20 1928 -1
38 1929 1
20 1929 -1
38 1930 1
20 1930 -1
39 1931 1
20 1931 -1
39 1932 1
20 1932 -1
20 1933 1
39 1933 -1
39 1934 1
20 1934 -1
20 1935 1
40 1935 -1
20 1936 1
40 1936 -1
20 1937 1
40 1937 -1
40 1938 1
20 1938 -1
41 1939 1
20 1939 -1
41 1940 1
20 1940 -1
42 1941 1
20 1941 -1
20 1942 1
42 1942 -1
20 1943 1
42 1943 -1
42 1944 1
20 1944 -1
20 1945 1
43 1945 -1
43 1946 1
20 1946 -1
43 1947 1
20 1947 -1
20 1948 1
43 1948 -1
20 1949 1
44 1949 -1
44 1950 1
20 1950 -1
20 1951 1
44 1951 -1
20 1952 1
44 1952 -1
20 1953 1
45 1953 -1
45 1954 1
20 1954 -1
20 1955 1
46 1955 -1
20 1956 1
47 1956 -1
20 1957 1
48 1957 -1
49 1958 1
20 1958 -1
20 1959 1
49 1959 -1
50 1960 1
20 1960 -1
21 1961 1
22 1961 -1
21 1962 1
22 1962 -1
23 1963 1
21 1963 -1
23 1964 1
21 1964 -1
21 1965 1
23 1965 -1
21 1966 1
23 1966 -1
21 1967 1
24 1967 -1
24 1968 1
21 1968 -1
24 1969 1
21 1969 -1
24 1970 1
21 1970 -1
21 1971 1
25 1971 -1
21 1972 1
25 1972 -1
26 1973 1
21 1973 -1
21 1974 1
26 1974 -1
21 1975 1
27 1975 -1
28 1976 1
21 1976 -1
29 1977 1
21 1977 -1
29 1978 1
21 1978 -1
29 1979 1
21 1979 -1
29 1980 1
21 1980 -1
21 1981 1
30 1981 -1
21 1982 1
31 1982 -1
21 1983 1
31 1983 -1
32 1984 1
21 1984 -1
21 1985 1
32 1985 -1
21 1986 1
32 1986 -1
21 1987 1
33 1987 -1
33 1988 1
21 1988 -1
21 1989 1
34 1989 -1
21 1990 1
34 1990 -1
21 1991 1
34 1991 -1
34 1992 1
21 1992 -1
35 1993 1
21 1993 -1
21 1994 1
35 1994 -1
36 1995 1
21 1995 -1
36 1996 1
21 1996 -1
21 1997 1
36 1997 -1
36 1998 1
21 1998 -1
37 1999 1
21 1999 -1
37 2000 1
21 2000 -1
38 2001 1
21 2001 -1
21 2002 1
39 2002 -1
39 2003 1
21 2003 -1
39 2004 1
21 2004 -1
40 2005 1
21 2005 -1
40 2006 1
21 2006 -1
21 2007 1
41 2007 -1
42 2008 1
21 2008 -1
43 2009 1
21 2009 -1
21 2010 1
43 2010 -1
21 2011 1
43 2011 -1
43 2012 1
21 2012 -1
21 2013 1
44 2013 -1
21 2014 1
44 2014 -1
44 2015 1
21 2015 -1
21 2016 1
44 2016 -1
21 2017 1
45 2017 -1
45 2018 1
21 2018 -1
21 2019 1
45 2019 -1
45 2020 1
21 2020 -1
21 2021 1
46 2021 -1
21 2022 1
46 2022 -1
47 2023 1
21 2023 -1
47 2024 1
21 2024 -1
21 2025 1
48 2025 -1
21 2026 1
48 2026 -1
21 2027 1
48 2027 -1
21 2028 1
49 2028 -1
21 2029 1
49 2029 -1
21 2030 1
49 2030 -1
21 2031 1
50 2031 -1
50 2032 1
21 2032 -1
50 2033 1
21 2033 -1
22 2034 1
23 2034 -1
22 2035 1
23 2035 -1
24 2036 1
22 2036 -1
22 2037 1
25 2037 -1
25 2038 1
22 2038 -1
22 2039 1
25 2039 -1
22 2040 1
25 2040 -1
26 2041 1
22 2041 -1
26 2042 1
22 2042 -1
22 2043 1
27 2043 -1
22 2044 1
27 2044 -1
22 2045 1
27 2045 -1
22 2046 1
28 2046 -1
22 2047 1
28 2047 -1
29 2048 1
22 2048 -1
22 2049 1
30 2049 -1
22 2050 1
30 2050 -1
30 2051 1
22 2051 -1
22 2052 1
31 2052 -1
22 2053 1
31 2053 -1
31 2054 1
22 2054 -1
22 2055 1
32 2055 -1
32 2056 1
22 2056 -1
32 2057 1
22 2057 -1
22 2058 1
33 2058 -1
33 2059 1
22 2059 -1
34 2060 1
22 2060 -1
34 2061 1
22 2061 -1
34 2062 1
22 2062 -1
34 2063 1
22 2063 -1
35 2064 1
22 2064 -1
36 2065 1
22 2065 -1
22 2066 1
36 2066 -1
36 2067 1
22 2067 -1
22 2068 1
37 2068 -1
37 2069 1
22 2069 -1
37 2070 1
22 2070 -1
37 2071 1
22 2071 -1
22 2072 1
38 2072 -1
39 2073 1
22 2073 -1
22 2074 1
39 2074 -1
22 2075 1
39 2075 -1
22 2076 1
39 2076 -1
40 2077 1
22 2077 -1
41 2078 1
22 2078 -1
41 2079 1
22 2079 -1
41 2080 1
22 2080 -1
42 2081 1
22 2081 -1
22 2082 1
42 2082 -1
42 2083 1
22 2083 -1
42 2084 1
22 2084 -1
22 2085 1
43 2085 -1
43 2086 1
22 2086 -1
44 2087 1
22 2087 -1
44 2088 1
22 2088 -1
22 2089 1
44 2089 -1
22 2090 1
44 2090 -1
45 2091 1
22 2091 -1
22 2092 1
46 2092 -1
22 2093 1
46 2093 -1
46 2094 1
22 2094 -1
22 2095 1
47 2095 -1
47 2096 1
22 2096 -1
22 2097 1
47 2097 -1
47 2098 1
22 2098 -1
48 2099 1
22 2099 -1
22 2100 1
48 2100 -1
22 2101 1
48 2101 -1
49 2102 1
22 2102 -1
22 2103 1
49 2103 -1
22 2104 1
50 2104 -1
23 2105 1
24 2105 -1
24 2106 1
23 2106 -1
23 2107 1
24 2107 -1
24 2108 1
23 2108 -1
25 2109 1
23 2109 -1
25 2110 1
23 2110 -1
23 2111 1
25 2111 -1
25 2112 1
23 2112 -1
26 2113 1
23 2113 -1
26 2114 1
23 2114 -1
23 2115 1
27 2115 -1
23 2116 1
27 2116 -1
23 2117 1
27 2117 -1
23 2118 1
28 2118 -1
23 2119 1
28 2119 -1
28 2120 1
23 2120 -1
29 2121 1
23 2121 -1
29 2122 1
23 2122 -1
23 2123 1
30 2123 -1
23 2124 1
30 2124 -1
30 2125 1
23 2125 -1
23 2126 1
31 2126 -1
31 2127 1
23 2127 -1
31 2128 1
23 2128 -1
32 2129 1
23 2129 -1
32 2130 1
23 2130 -1
23 2131 1
32 2131 -1
23 2132 1
33 2132 -1
34 2133 1
23 2133 -1
23 2134 1
34 2134 -1
23 2135 1
34 2135 -1
23 2136 1
34 2136 -1
23 2137 1
35 2137 -1
36 2138 1
23 2138 -1
37 2139 1
23 2139 -1
37 2140 1
23 2140 -1
37 2141 1
23 2141 -1
23 2142 1
38 2142 -1
23 2143 1
38 2143 -1
38 2144 1
23 2144 -1
23 2145 1
38 2145 -1
23 2146 1
39 2146 -1
23 2147 1
39 2147 -1
23 2148 1
39 2148 -1
39 2149 1
23 2149 -1
23 2150 1
40 2150 -1
41 2151 1
23 2151 -1
23 2152 1
42 2152 -1
23 2153 1
42 2153 -1
42 2154 1
23 2154 -1
42 2155 1
23 2155 -1
23 2156 1
43 2156 -1
43 2157 1
23 2157 -1
23 2158 1
44 2158 -1
23 2159 1
44 2159 -1
44 2160 1
23 2160 -1
44 2161 1
23 2161 -1
45 2162 1
23 2162 -1
23 2163 1
46 2163 -1
46 2164 1
23 2164 -1
23 2165 1
46 2165 -1
46 2166 1
23 2166 -1
23 2167 1
47 2167 -1
48 2168 1
23 2168 -1
23 2169 1
48 2169 -1
23 2170 1
48 2170 -1
48 2171 1
23 2171 -1
23 2172 1
49 2172 -1
49 2173 1
23 2173 -1
23 2174 1
50 2174 -1
23 2175 1
50 2175 -1
24 2176 1
25 2176 -1
24 2177 1
25 2177 -1
24 2178 1
25 2178 -1
24 2179 1
26 2179 -1
27 2180 1
24 2180 -1
27 2181 1
24 2181 -1
27 2182 1
24 2182 -1
24 2183 1
27 2183 -1
28 2184 1
24 2184 -1
29 2185 1
24 2185 -1
29 2186 1
24 2186 -1
30 2187 1
24 2187 -1
24 2188 1
30 2188 -1
24 2189 1
31 2189 -1
31 2190 1
24 2190 -1
31 2191 1
24 2191 -1
31 2192 1
24 2192 -1
32 2193 1
24 2193 -1
33 2194 1
24 2194 -1
24 2195 1
33 2195 -1
24 2196 1
34 2196 -1
24 2197 1
34 2197 -1
35 2198 1
24 2198 -1
24 2199 1
35 2199 -1
35 2200 1
24 2200 -1
35 2201 1
24 2201 -1
36 2202 1
24 2202 -1
36 2203 1
24 2203 -1
24 2204 1
37 2204 -1
24 2205 1
37 2205 -1
24 2206 1
37 2206 -1
24 2207 1
37 2207 -1
38 2208 1
24 2208 -1
24 2209 1
38 2209 -1
38 2210 1
24 2210 -1
39 2211 1
24 2211 -1
39 2212 1
24 2212 -1
40 2213 1
24 2213 -1
41 2214 1
24 2214 -1
41 2215 1
24 2215 -1
42 2216 1
24 2216 -1
42 2217 1
24 2217 -1
24 2218 1
43 2218 -1
24 2219 1
44 2219 -1
24 2220 1
44 2220 -1
44 2221 1
24 2221 -1
24 2222 1
44 2222 -1
24 2223 1
45 2223 -1
45 2224 1
24 2224 -1
45 2225 1
24 2225 -1
24 2226 1
46 2226 -1
24 2227 1
46 2227 -1
24 2228 1
47 2228 -1
24 2229 1
48 2229 -1
24 2230 1
48 2230 -1
48 2231 1
24 2231 -1
49 2232 1
24 2232 -1
49 2233 1
24 2233 -1
24 2234 1
49 2234 -1
24 2235 1
50 2235 -1
50 2236 1
24 2236 -1
24 2237 1
50 2237 -1
26 2238 1
25 2238 -1
26 2239 1
25 2239 -1
25 2240 1
27 2240 -1
25 2241 1
27 2241 -1
27 2242 1
25 2242 -1
25 2243 1
27 2243 -1
28 2244 1
25 2244 -1
25 2245 1
28 2245 -1
25 2246 1
29 2246 -1
29 2247 1
25 2247 -1
29 2248 1
25 2248 -1
25 2249 1
30 2249 -1
25 2250 1
30 2250 -1
25 2251 1
30 2251 -1
25 2252 1
31 2252 -1
25 2253 1
31 2253 -1
25 2254 1
32 2254 -1
32 2255 1
25 2255 -1
32 2256 1
25 2256 -1
32 2257 1
25 2257 -1
25 2258 1
33 2258 -1
25 2259 1
33 2259 -1
33 2260 1
25 2260 -1
25 2261 1
33 2261 -1
25 2262 1
34 2262 -1
34 2263 1
25 2263 -1
25 2264 1
34 2264 -1
25 2265 1
34 2265 -1
25 2266 1
35 2266 -1
36 2267 1
25 2267 -1
25 2268 1
36 2268 -1
37 2269 1
25 2269 -1
38 2270 1
25 2270 -1
25 2271 1
38 2271 -1
25 2272 1
38 2272 -1
39 2273 1
25 2273 -1
25 2274 1
39 2274 -1
40 2275 1
25 2275 -1
40 2276 1
25 2276 -1
25 2277 1
40 2277 -1
25 2278 1
41 2278 -1
41 2279 1
25 2279 -1
25 2280 1
41 2280 -1
25 2281 1
41 2281 -1
42 2282 1
25 2282 -1
43 2283 1
25 2283 -1
43 2284 1
25 2284 -1
44 2285 1
25 2285 -1
25 2286 1
44 2286 -1
44 2287 1
25 2287 -1
25 2288 1
45 2288 -1
46 2289 1
25 2289 -1
25 2290 1
46 2290 -1
46 2291 1
25 2291 -1
25 2292 1
46 2292 -1
25 2293 1
47 2293 -1
47 2294 1
25 2294 -1
25 2295 1
48 2295 -1
49 2296 1
25 2296 -1
25 2297 1
49 2297 -1
25 2298 1
50 2298 -1
27 2299 1
26 2299 -1
27 2300 1
26 2300 -1
27 2301 1
26 2301 -1
27 2302 1
26 2302 -1
28 2303 1
26 2303 -1
26 2304 1
28 2304 -1
26 2305 1
28 2305 -1
29 2306 1
26 2306 -1
26 2307 1
29 2307 -1
29 2308 1
26 2308 -1
30 2309 1
26 2309 -1
30 2310 1
26 2310 -1
26 2311 1
31 2311 -1
31 2312 1
26 2312 -1
26 2313 1
31 2313 -1
26 2314 1
32 2314 -1
26 2315 1
32 2315 -1
26 2316 1
32 2316 -1
26 2317 1
33 2317 -1
26 2318 1
33 2318 -1
34 2319 1
26 2319 -1
26 2320 1
34 2320 -1
34 2321 1
26 2321 -1
34 2322 1
26 2322 -1
26 2323 1
35 2323 -1
36 2324 1
26 2324 -1
26 2325 1
36 2325 -1
26 2326 1
37 2326 -1
26 2327 1
37 2327 -1
26 2328 1
37 2328 -1
26 2329 1
38 2329 -1
38 2330 1
26 2330 -1
38 2331 1
26 2331 -1
26 2332 1
38 2332 -1
39 2333 1
26 2333 -1
26 2334 1
40 2334 -1
26 2335 1
40 2335 -1
40 2336 1
26 2336 -1
26 2337 1
41 2337 -1
26 2338 1
41 2338 -1
26 2339 1
41 2339 -1
26 2340 1
42 2340 -1
26 2341 1
42 2341 -1
26 2342 1
42 2342 -1
42 2343 1
26 2343 -1
43 2344 1
26 2344 -1
26 2345 1
43 2345 -1
26 2346 1
43 2346 -1
26 2347 1
43 2347 -1
44 2348 1
26 2348 -1
44 2349 1
26 2349 -1
45 2350 1
26 2350 -1
46 2351 1
26 2351 -1
46 2352 1
26 2352 -1
46 2353 1
26 2353 -1
26 2354 1
46 2354 -1
26 2355 1
47 2355 -1
48 2356 1
26 2356 -1
26 2357 1
48 2357 -1
26 2358 1
49 2358 -1
49 2359 1
26 2359 -1
26 2360 1
49 2360 -1
26 2361 1
50 2361 -1
27 2362 1
28 2362 -1
28 2363 1
27 2363 -1
29 2364 1
27 2364 -1
27 2365 1
29 2365 -1
27 2366 1
29 2366 -1
27 2367 1
29 2367 -1
30 2368 1
27 2368 -1
30 2369 1
27 2369 -1
27 2370 1
30 2370 -1
31 2371 1
27 2371 -1
27 2372 1
31 2372 -1
27 2373 1
31 2373 -1
31 2374 1
27 2374 -1
32 2375 1
27 2375 -1
27 2376 1
32 2376 -1
27 2377 1
32 2377 -1
33 2378 1
27 2378 -1
33 2379 1
27 2379 -1
27 2380 1
33 2380 -1
34 2381 1
27 2381 -1
34 2382 1
27 2382 -1
34 2383 1
27 2383 -1
27 2384 1
35 2384 -1
35 2385 1
27 2385 -1
27 2386 1
35 2386 -1
27 2387 1
35 2387 -1
36 2388 1
27 2388 -1
37 2389 1
27 2389 -1
37 2390 1
27 2390 -1
27 2391 1
38 2391 -1
38 2392 1
27 2392 -1
27 2393 1
39 2393 -1
27 2394 1
39 2394 -1
27 2395 1
39 2395 -1
39 2396 1
27 2396 -1
40 2397 1
27 2397 -1
41 2398 1
27 2398 -1
41 2399 1
27 2399 -1
27 2400 1
41 2400 -1
27 2401 1
41 2401 -1
27 2402 1
42 2402 -1
27 2403 1
42 2403 -1
42 2404 1
27 2404 -1
27 2405 1
42 2405 -1
27 2406 1
43 2406 -1
43 2407 1
27 2407 -1
27 2408 1
43 2408 -1
27 2409 1
43 2409 -1
27 2410 1
44 2410 -1
27 2411 1
44 2411 -1
44 2412 1
27 2412 -1
44 2413 1
27 2413 -1
27 2414 1
45 2414 -1
27 2415 1
46 2415 -1
27 2416 1
46 2416 -1
46 2417 1
27 2417 -1
46 2418 1
27 2418 -1
27 2419 1
47 2419 -1
47 2420 1
27 2420 -1
27 2421 1
48 2421 -1
48 2422 1
27 2422 -1
49 2423 1
27 2423 -1
49 2424 1
27 2424 -1
49 2425 1
27 2425 -1
49 2426 1
27 2426 -1
50 2427 1
27 2427 -1
27 2428 1
50 2428 -1
27 2429 1
50 2429 -1
27 2430 1
50 2430 -1
28 2431 1
29 2431 -1
29 2432 1
28 2432 -1
29 2433 1
28 2433 -1
30 2434 1
28 2434 -1
30 2435 1
28 2435 -1
31 2436 1
28 2436 -1
28 2437 1
31 2437 -1
28 2438 1
32 2438 -1
32 2439 1
28 2439 -1
33 2440 1
28 2440 -1
33 2441 1
28 2441 -1
33 2442 1
28 2442 -1
28 2443 1
33 2443 -1
28 2444 1
34 2444 -1
28 2445 1
34 2445 -1
34 2446 1
28 2446 -1
34 2447 1
28 2447 -1
28 2448 1
35 2448 -1
28 2449 1
35 2449 -1
28 2450 1
35 2450 -1
36 2451 1
28 2451 -1
36 2452 1
28 2452 -1
36 2453 1
28 2453 -1
36 2454 1
28 2454 -1
37 2455 1
28 2455 -1
37 2456 1
28 2456 -1
28 2457 1
37 2457 -1
38 2458 1
28 2458 -1
28 2459 1
38 2459 -1
28 2460 1
38 2460 -1
39 2461 1
28 2461 -1
39 2462 1
28 2462 -1
28 2463 1
39 2463 -1
40 2464 1
28 2464 -1
28 2465 1
41 2465 -1
41 2466 1
28 2466 -1
28 2467 1
41 2467 -1
41 2468 1
28 2468 -1
28 2469 1
42 2469 -1
28 2470 1
42 2470 -1
28 2471 1
42 2471 -1
42 2472 1
28 2472 -1
43 2473 1
28 2473 -1
28 2474 1
43 2474 -1
43 2475 1
28 2475 -1
28 2476 1
44 2476 -1
44 2477 1
28 2477 -1
44 2478 1
28 2478 -1
28 2479 1
44 2479 -1
45 2480 1
28 2480 -1
46 2481 1
28 2481 -1
47 2482 1
28 2482 -1
47 2483 1
28 2483 -1
28 2484 1
47 2484 -1
28 2485 1
48 2485 -1
28 2486 1
48 2486 -1
28 2487 1
49 2487 -1
50 2488 1
28 2488 -1
50 2489 1
28 2489 -1
28 2490 1
50 2490 -1
50 2491 1
28 2491 -1
29 2492 1
30 2492 -1
30 2493 1
29 2493 -1
29 2494 1
31 2494 -1
31 2495 1
29 2495 -1
29 2496 1
32 2496 -1
29 2497 1
32 2497 -1
29 2498 1
33 2498 -1
29 2499 1
33 2499 -1
33 2500 1
29 2500 -1
29 2501 1
33 2501 -1
34 2502 1
29 2502 -1
35 2503 1
29 2503 -1
29 2504 1
35 2504 -1
29 2505 1
35 2505 -1
36 2506 1
29 2506 -1
36 2507 1
29 2507 -1
29 2508 1
36 2508 -1
36 2509 1
29 2509 -1
29 2510 1
37 2510 -1
37 2511 1
29 2511 -1
37 2512 1
29 2512 -1
37 2513 1
29 2513 -1
38 2514 1
29 2514 -1
38 2515 1
29 2515 -1
39 2516 1
29 2516 -1
39 2517 1
29 2517 -1
39 2518 1
29 2518 -1
29 2519 1
39 2519 -1
29 2520 1
40 2520 -1
29 2521 1
40 2521 -1
29 2522 1
41 2522 -1
29 2523 1
41 2523 -1
42 2524 1
29 2524 -1
29 2525 1
43 2525 -1
43 2526 1
29 2526 -1
43 2527 1
29 2527 -1
29 2528 1
44 2528 -1
29 2529 1
44 2529 -1
29 2530 1
45 2530 -1
29 2531 1
45 2531 -1
45 2532 1
29 2532 -1
45 2533 1
29 2533 -1
29 2534 1
46 2534 -1
29 2535 1
46 2535 -1
47 2536 1
29 2536 -1
47 2537 1
29 2537 -1
29 2538 1
47 2538 -1
29 2539 1
48 2539 -1
48 2540 1
29 2540 -1
49 2541 1
29 2541 -1
29 2542 1
49 2542 -1
50 2543 1
29 2543 -1
29 2544 1
50 2544 -1
50 2545 1
29 2545 -1
50 2546 1
29 2546 -1
30 2547 1
31 2547 -1
32 2548 1
30 2548 -1
30 2549 1
32 2549 -1
32 2550 1
30 2550 -1
30 2551 1
33 2551 -1
30 2552 1
33 2552 -1
33 2553 1
30 2553 -1
30 2554 1
33 2554 -1
30 2555 1
34 2555 -1
34 2556 1
30 2556 -1
34 2557 1
30 2557 -1
35 2558 1
30 2558 -1
35 2559 1
30 2559 -1
30 2560 1
35 2560 -1
35 2561 1
30 2561 -1
36 2562 1
30 2562 -1
36 2563 1
30 2563 -1
30 2564 1
36 2564 -1
37 2565 1
30 2565 -1
37 2566 1
30 2566 -1
37 2567 1
30 2567 -1
30 2568 1
38 2568 -1
30 2569 1
38 2569 -1
38 2570 1
30 2570 -1
30 2571 1
38 2571 -1
30 2572 1
39 2572 -1
39 2573 1
30 2573 -1
39 2574 1
30 2574 -1
30 2575 1
39 2575 -1
40 2576 1
30 2576 -1
30 2577 1
40 2577 -1
30 2578 1
40 2578 -1
30 2579 1
41 2579 -1
30 2580 1
42 2580 -1
30 2581 1
43 2581 -1
43 2582 1
30 2582 -1
43 2583 1
30 2583 -1
30 2584 1
43 2584 -1
44 2585 1
30 2585 -1
30 2586 1
44 2586 -1
45 2587 1
30 2587 -1
30 2588 1
45 2588 -1
45 2589 1
30 2589 -1
46 2590 1
30 2590 -1
30 2591 1
46 2591 -1
47 2592 1
30 2592 -1
47 2593 1
30 2593 -1
47 2594 1
30 2594 -1
30 2595 1
47 2595 -1
48 2596 1
30 2596 -1
30 2597 1
48 2597 -1
49 2598 1
30 2598 -1
50 2599 1
30 2599 -1
31 2600 1
32 2600 -1
33 2601 1
31 2601 -1
33 2602 1
31 2602 -1
33 2603 1
31 2603 -1
33 2604 1
31 2604 -1
34 2605 1
31 2605 -1
34 2606 1
31 2606 -1
34 2607 1
31 2607 -1
31 2608 1
35 2608 -1
31 2609 1
35 2609 -1
31 2610 1
36 2610 -1
36 2611 1
31 2611 -1
31 2612 1
36 2612 -1
31 2613 1
36 2613 -1
31 2614 1
37 2614 -1
31 2615 1
37 2615 -1
31 2616 1
38 2616 -1
31 2617 1
39 2617 -1
31 2618 1
39 2618 -1
39 2619 1
31 2619 -1
39 2620 1
31 2620 -1
31 2621 1
40 2621 -1
40 2622 1
31 2622 -1
31 2623 1
40 2623 -1
31 2624 1
40 2624 -1
31 2625 1
41 2625 -1
41 2626 1
31 2626 -1
31 2627 1
42 2627 -1
31 2628 1
42 2628 -1
42 2629 1
31 2629 -1
31 2630 1
43 2630 -1
43 2631 1
31 2631 -1
31 2632 1
44 2632 -1
31 2633 1
44 2633 -1
31 2634 1
45 2634 -1
31 2635 1
45 2635 -1
31 2636 1
45 2636 -1
31 2637 1
46 2637 -1
31 2638 1
47 2638 -1
31 2639 1
48 2639 -1
48 2640 1
31 2640 -1
31 2641 1
49 2641 -1
31 2642 1
50 2642 -1
31 2643 1
50 2643 -1
33 2644 1
32 2644 -1
32 2645 1
34 2645 -1
32 2646 1
34 2646 -1
35 2647 1
32 2647 -1
32 2648 1
35 2648 -1
32 2649 1
35 2649 -1
35 2650 1
32 2650 -1
36 2651 1
32 2651 -1
36 2652 1
32 2652 -1
37 2653 1
32 2653 -1
38 2654 1
32 2654 -1
39 2655 1
32 2655 -1
40 2656 1
32 2656 -1
32 2657 1
40 2657 -1
32 2658 1
40 2658 -1
32 2659 1
40 2659 -1
32 2660 1
41 2660 -1
32 2661 1
41 2661 -1
42 2662 1
32 2662 -1
32 2663 1
42 2663 -1
32 2664 1
43 2664 -1
44 2665 1
32 2665 -1
44 2666 1
32 2666 -1
44 2667 1
32 2667 -1
32 2668 1
44 2668 -1
45 2669 1
32 2669 -1
45 2670 1
32 2670 -1
45 2671 1
32 2671 -1
32 2672 1
46 2672 -1
32 2673 1
46 2673 -1
32 2674 1
46 2674 -1
46 2675 1
32 2675 -1
32 2676 1
47 2676 -1
32 2677 1
47 2677 -1
32 2678 1
47 2678 -1
47 2679 1
32 2679 -1
48 2680 1
32 2680 -1
48 2681 1
32 2681 -1
48 2682 1
32 2682 -1
49 2683 1
32 2683 -1
50 2684 1
32 2684 -1
32 2685 1
50 2685 -1
50 2686 1
32 2686 -1
34 2687 1
33 2687 -1
33 2688 1
34 2688 -1
35 2689 1
33 2689 -1
33 2690 1
35 2690 -1
33 2691 1
35 2691 -1
35 2692 1
33 2692 -1
33 2693 1
36 2693 -1
36 2694 1
33 2694 -1
33 2695 1
36 2695 -1
33 2696 1
36 2696 -1
33 2697 1
37 2697 -1
33 2698 1
37 2698 -1
33 2699 1
37 2699 -1
33 2700 1
38 2700 -1
33 2701 1
38 2701 -1
38 2702 1
33 2702 -1
33 2703 1
39 2703 -1
40 2704 1
33 2704 -1
33 2705 1
40 2705 -1
33 2706 1
41 2706 -1
33 2707 1
42 2707 -1
43 2708 1
33 2708 -1
44 2709 1
33 2709 -1
45 2710 1
33 2710 -1
33 2711 1
45 2711 -1
45 2712 1
33 2712 -1
33 2713 1
46 2713 -1
33 2714 1
46 2714 -1
33 2715 1
46 2715 -1
47 2716 1
33 2716 -1
47 2717 1
33 2717 -1
47 2718 1
33 2718 -1
33 2719 1
47 2719 -1
33 2720 1
48 2720 -1
33 2721 1
48 2721 -1
33 2722 1
48 2722 -1
48 2723 1
33 2723 -1
33 2724 1
49 2724 -1
49 2725 1
33 2725 -1
33 2726 1
50 2726 -1
33 2727 1
50 2727 -1
33 2728 1
50 2728 -1
35 2729 1
34 2729 -1
35 2730 1
34 2730 -1
35 2731 1
34 2731 -1
36 2732 1
34 2732 -1
36 2733 1
34 2733 -1
34 2734 1
37 2734 -1
34 2735 1
37 2735 -1
38 2736 1
34 2736 -1
38 2737 1
34 2737 -1
39 2738 1
34 2738 -1
34 2739 1
39 2739 -1
39 2740 1
34 2740 -1
34 2741 1
39 2741 -1
34 2742 1
40 2742 -1
34 2743 1
40 2743 -1
34 2744 1
41 2744 -1
41 2745 1
34 2745 -1
41 2746 1
34 2746 -1
34 2747 1
41 2747 -1
42 2748 1
34 2748 -1
43 2749 1
34 2749 -1
43 2750 1
34 2750 -1
43 2751 1
34 2751 -1
34 2752 1
43 2752 -1
34 2753 1
44 2753 -1
34 2754 1
44 2754 -1
34 2755 1
44 2755 -1
34 2756 1
44 2756 -1
45 2757 1
34 2757 -1
34 2758 1
45 2758 -1
45 2759 1
34 2759 -1
34 2760 1
46 2760 -1
34 2761 1
46 2761 -1
34 2762 1
46 2762 -1
46 2763 1
34 2763 -1
34 2764 1
47 2764 -1
34 2765 1
47 2765 -1
34 2766 1
47 2766 -1
34 2767 1
48 2767 -1
48 2768 1
34 2768 -1
34 2769 1
48 2769 -1
48 2770 1
34 2770 -1
49 2771 1
34 2771 -1
34 2772 1
49 2772 -1
49 2773 1
34 2773 -1
34 2774 1
49 2774 -1
34 2775 1
50 2775 -1
36 2776 1
35 2776 -1
35 2777 1
36 2777 -1
35 2778 1
36 2778 -1
36 2779 1
35 2779 -1
37 2780 1
35 2780 -1
35 2781 1
38 2781 -1
38 2782 1
35 2782 -1
35 2783 1
38 2783 -1
38 2784 1
35 2784 -1
35 2785 1
39 2785 -1
35 2786 1
40 2786 -1
40 2787 1
35 2787 -1
40 2788 1
35 2788 -1
40 2789 1
35 2789 -1
35 2790 1
41 2790 -1
35 2791 1
41 2791 -1
42 2792 1
35 2792 -1
42 2793 1
35 2793 -1
43 2794 1
35 2794 -1
35 2795 1
44 2795 -1
45 2796 1
35 2796 -1
35 2797 1
46 2797 -1
35 2798 1
46 2798 -1
35 2799 1
47 2799 -1
47 2800 1
35 2800 -1
48 2801 1
35 2801 -1
35 2802 1
49 2802 -1
35 2803 1
49 2803 -1
35 2804 1
49 2804 -1
50 2805 1
35 2805 -1
37 2806 1
36 2806 -1
37 2807 1
36 2807 -1
36 2808 1
37 2808 -1
37 2809 1
36 2809 -1
36 2810 1
38 2810 -1
39 2811 1
36 2811 -1
39 2812 1
36 2812 -1
40 2813 1
36 2813 -1
40 2814 1
36 2814 -1
40 2815 1
36 2815 -1
36 2816 1
41 2816 -1
36 2817 1
41 2817 -1
41 2818 1
36 2818 -1
36 2819 1
42 2819 -1
42 2820 1
36 2820 -1
43 2821 1
36 2821 -1
43 2822 1
36 2822 -1
43 2823 1
36 2823 -1
44 2824 1
36 2824 -1
36 2825 1
44 2825 -1
36 2826 1
44 2826 -1
45 2827 1
36 2827 -1
46 2828 1
36 2828 -1
36 2829 1
46 2829 -1
47 2830 1
36 2830 -1
36 2831 1
48 2831 -1
36 2832 1
48 2832 -1
36 2833 1
48 2833 -1
36 2834 1
49 2834 -1
36 2835 1
49 2835 -1
49 2836 1
36 2836 -1
36 2837 1
50 2837 -1
50 2838 1
36 2838 -1
37 2839 1
38 2839 -1
37 2840 1
38 2840 -1
39 2841 1
37 2841 -1
39 2842 1
37 2842 -1
37 2843 1
39 2843 -1
37 2844 1
39 2844 -1
40 2845 1
37 2845 -1
37 2846 1
40 2846 -1
40 2847 1
37 2847 -1
40 2848 1
37 2848 -1
37 2849 1
41 2849 -1
41 2850 1
37 2850 -1
37 2851 1
41 2851 -1
37 2852 1
41 2852 -1
37 2853 1
42 2853 -1
42 2854 1
37 2854 -1
37 2855 1
42 2855 -1
37 2856 1
43 2856 -1
37 2857 1
44 2857 -1
37 2858 1
44 2858 -1
45 2859 1
37 2859 -1
37 2860 1
45 2860 -1
45 2861 1
37 2861 -1
37 2862 1
45 2862 -1
46 2863 1
37 2863 -1
46 2864 1
37 2864 -1
37 2865 1
46 2865 -1
46 2866 1
37 2866 -1
47 2867 1
37 2867 -1
47 2868 1
37 2868 -1
47 2869 1
37 2869 -1
37 2870 1
47 2870 -1
48 2871 1
37 2871 -1
37 2872 1
48 2872 -1
48 2873 1
37 2873 -1
48 2874 1
37 2874 -1
37 2875 1
49 2875 -1
50 2876 1
37 2876 -1
37 2877 1
50 2877 -1
39 2878 1
38 2878 -1
40 2879 1
38 2879 -1
38 2880 1
40 2880 -1
40 2881 1
38 2881 -1
41 2882 1
38 2882 -1
38 2883 1
41 2883 -1
41 2884 1
38 2884 -1
38 2885 1
41 2885 -1
42 2886 1
38 2886 -1
43 2887 1
38 2887 -1
43 2888 1
38 2888 -1
38 2889 1
43 2889 -1
38 2890 1
43 2890 -1
44 2891 1
38 2891 -1
44 2892 1
38 2892 -1
38 2893 1
44 2893 -1
44 2894 1
38 2894 -1
38 2895 1
45 2895 -1
38 2896 1
45 2896 -1
45 2897 1
38 2897 -1
45 2898 1
38 2898 -1
46 2899 1
38 2899 -1
46 2900 1
38 2900 -1
46 2901 1
38 2901 -1
47 2902 1
38 2902 -1
38 2903 1
48 2903 -1
38 2904 1
48 2904 -1
38 2905 1
48 2905 -1
38 2906 1
49 2906 -1
38 2907 1
50 2907 -1
38 2908 1
50 2908 -1
39 2909 1
40 2909 -1
40 2910 1
39 2910 -1
39 2911 1
40 2911 -1
41 2912 1
39 2912 -1
42 2913 1
39 2913 -1
39 2914 1
42 2914 -1
42 2915 1
39 2915 -1
39 2916 1
42 2916 -1
43 2917 1
39 2917 -1
39 2918 1
43 2918 -1
39 2919 1
43 2919 -1
43 2920 1
39 2920 -1
39 2921 1
44 2921 -1
39 2922 1
44 2922 -1
44 2923 1
39 2923 -1
44 2924 1
39 2924 -1
45 2925 1
39 2925 -1
46 2926 1
39 2926 -1
46 2927 1
39 2927 -1
46 2928 1
39 2928 -1
47 2929 1
39 2929 -1
48 2930 1
39 2930 -1
48 2931 1
39 2931 -1
48 2932 1
39 2932 -1
48 2933 1
39 2933 -1
39 2934 1
49 2934 -1
49 2935 1
39 2935 -1
39 2936 1
50 2936 -1
50 2937 1
39 2937 -1
39 2938 1
50 2938 -1
40 2939 1
41 2939 -1
40 2940 1
41 2940 -1
41 2941 1
40 2941 -1
40 2942 1
41 2942 -1
40 2943 1
42 2943 -1
40 2944 1
43 2944 -1
43 2945 1
40 2945 -1
40 2946 1
43 2946 -1
44 2947 1
40 2947 -1
45 2948 1
40 2948 -1
40 2949 1
45 2949 -1
45 2950 1
40 2950 -1
46 2951 1
40 2951 -1
46 2952 1
40 2952 -1
40 2953 1
46 2953 -1
46 2954 1
40 2954 -1
40 2955 1
47 2955 -1
40 2956 1
47 2956 -1
47 2957 1
40 2957 -1
40 2958 1
47 2958 -1
48 2959 1
40 2959 -1
48 2960 1
40 2960 -1
48 2961 1
40 2961 -1
48 2962 1
40 2962 -1
49 2963 1
40 2963 -1
40 2964 1
49 2964 -1
49 2965 1
40 2965 -1
40 2966 1
49 2966 -1
40 2967 1
50 2967 -1
41 2968 1
42 2968 -1
41 2969 1
43 2969 -1
43 2970 1
41 2970 -1
41 2971 1
44 2971 -1
44 2972 1
41 2972 -1
44 2973 1
41 2973 -1
45 2974 1
41 2974 -1
41 2975 1
45 2975 -1
45 2976 1
41 2976 -1
41 2977 1
46 2977 -1
41 2978 1
46 2978 -1
46 2979 1
41 2979 -1
47 2980 1
41 2980 -1
47 2981 1
41 2981 -1
41 2982 1
47 2982 -1
41 2983 1
48 2983 -1
41 2984 1
48 2984 -1
48 2985 1
41 2985 -1
41 2986 1
49 2986 -1
41 2987 1
49 2987 -1
49 2988 1
41 2988 -1
41 2989 1
50 2989 -1
42 2990 1
43 2990 -1
42 2991 1
43 2991 -1
43 2992 1
42 2992 -1
44 2993 1
42 2993 -1
45 2994 1
42 2994 -1
42 2995 1
45 2995 -1
42 2996 1
45 2996 -1
42 2997 1
45 2997 -1
46 2998 1
42 2998 -1
42 2999 1
46 2999 -1
42 3000 1
47 3000 -1
42 3001 1
47 3001 -1
42 3002 1
47 3002 -1
42 3003 1
47 3003 -1
42 3004 1
48 3004 -1
48 3005 1
42 3005 -1
42 3006 1
48 3006 -1
48 3007 1
42 3007 -1
42 3008 1
49 3008 -1
42 3009 1
49 3009 -1
50 3010 1
42 3010 -1
42 3011 1
50 3011 -1
44 3012 1
43 3012 -1
44 3013 1
43 3013 -1
43 3014 1
44 3014 -1
44 3015 1
43 3015 -1
43 3016 1
45 3016 -1
45 3017 1
43 3017 -1
45 3018 1
43 3018 -1
46 3019 1
43 3019 -1
47 3020 1
43 3020 -1
48 3021 1
43 3021 -1
49 3022 1
43 3022 -1
50 3023 1
43 3023 -1
50 3024 1
43 3024 -1
50 3025 1
43 3025 -1
43 3026 1
50 3026 -1
44 3027 1
45 3027 -1
44 3028 1
45 3028 -1
45 3029 1
44 3029 -1
44 3030 1
45 3030 -1
46 3031 1
44 3031 -1
46 3032 1
44 3032 -1
46 3033 1
44 3033 -1
47 3034 1
44 3034 -1
44 3035 1
47 3035 -1
44 3036 1
47 3036 -1
44 3037 1
48 3037 -1
48 3038 1
44 3038 -1
48 3039 1
44 3039 -1
44 3040 1
48 3040 -1
49 3041 1
44 3041 -1
44 3042 1
50 3042 -1
44 3043 1
50 3043 -1
50 3044 1
44 3044 -1
46 3045 1
45 3045 -1
46 3046 1
45 3046 -1
46 3047 1
45 3047 -1
46 3048 1
45 3048 -1
47 3049 1
45 3049 -1
48 3050 1
45 3050 -1
48 3051 1
45 3051 -1
48 3052 1
45 3052 -1
49 3053 1
45 3053 -1
45 3054 1
50 3054 -1
45 3055 1
50 3055 -1
50 3056 1
45 3056 -1
45 3057 1
50 3057 -1
47 3058 1
46 3058 -1
46 3059 1
47 3059 -1
46 3060 1
47 3060 -1
47 3061 1
46 3061 -1
46 3062 1
48 3062 -1
49 3063 1
46 3063 -1
50 3064 1
46 3064 -1
48 3065 1
47 3065 -1
47 3066 1
48 3066 -1
47 3067 1
48 3067 -1
47 3068 1
49 3068 -1
49 3069 1
47 3069 -1
47 3070 1
49 3070 -1
49 3071 1
47 3071 -1
50 3072 1
47 3072 -1
47 3073 1
50 3073 -1
47 3074 1
50 3074 -1
49 3075 1
48 3075 -1
48 3076 1
49 3076 -1
48 3077 1
49 3077 -1
48 3078 1
50 3078 -1
50 3079 1
49 3079 -1
49 3080 1
50 3080 -1
