1 1 1
6 1 -1
1 2 1
64 2 -1
1 3 1
94 3 -1
1 4 1
19 4 -1
1 5 1
59 5 -1
1 6 1
103 6 -1
1 7 1
107 7 -1
1 8 1
73 8 -1
1 9 1
92 9 -1
1 10 1
10 10 -1
1 11 1
56 11 -1
1 12 1
32 12 -1
1 13 1
97 13 -1
1 14 1
90 14 -1
1 15 1
60 15 -1
1 16 1
98 16 -1
1 17 1
28 17 -1
1 18 1
82 18 -1
1 19 1
17 19 -1
1 20 1
78 20 -1
1 21 1
93 21 -1
1 22 1
12 22 -1
1 23 1
68 23 -1
1 24 1
23 24 -1
1 25 1
74 25 -1
1 26 1
55 26 -1
1 27 1
65 27 -1
1 28 1
11 28 -1
1 29 1
89 29 -1
1 30 1
95 30 -1
1 31 1
33 31 -1
1 32 1
9 32 -1
1 33 1
47 33 -1
1 34 1
49 34 -1
1 35 1
38 35 -1
1 36 1
71 36 -1
1 37 1
21 37 -1
1 38 1
13 38 -1
1 39 1
48 39 -1
1 40 1
43 40 -1
1 41 1
81 41 -1
1 42 1
104 42 -1
1 43 1
16 43 -1
1 44 1
101 44 -1
1 45 1
67 45 -1
1 46 1
44 46 -1
1 47 1
8 47 -1
1 48 1
40 48 -1
1 49 1
87 49 -1
1 50 1
57 50 -1
1 51 1
88 51 -1
1 52 1
105 52 -1
1 53 1
22 53 -1
6 54 1
95 54 -1
6 55 1
17 55 -1
6 56 1
88 56 -1
6 57 1
109 57 -1
6 58 1
27 58 -1
6 59 1
34 59 -1
6 60 1
41 60 -1
6 61 1
19 61 -1
6 62 1
9 62 -1
6 63 1
65 63 -1
6 64 1
42 64 -1
6 65 1
74 65 -1
6 66 1
7 66 -1
6 67 1
96 67 -1
6 68 1
55 68 -1
6 69 1
76 69 -1
6 70 1
31 70 -1
6 71 1
39 71 -1
6 72 1
97 72 -1
7 73 1
88 73 -1
7 74 1
21 74 -1
7 75 1
32 75 -1
7 76 1
90 76 -1
7 77 1
53 77 -1
7 78 1
26 78 -1
7 79 1
107 79 -1
7 80 1
39 80 -1
7 81 1
73 81 -1
7 82 1
31 82 -1
7 83 1
13 83 -1
7 84 1
11 84 -1
7 85 1
47 85 -1
7 86 1
51 86 -1
7 87 1
61 87 -1
7 88 1
55 88 -1
7 89 1
29 89 -1
7 90 1
65 90 -1
7 91 1
85 91 -1
7 92 1
63 92 -1
7 93 1
8 93 -1
7 94 1
57 94 -1
10 95 1
34 95 -1
10 96 1
23 96 -1
10 97 1
30 97 -1
10 98 1
95 98 -1
10 99 1
93 99 -1
10 100 1
13 100 -1
10 101 1
66 101 -1
10 102 1
60 102 -1
10 103 1
79 103 -1
10 104 1
17 104 -1
10 105 1
50 105 -1
10 106 1
56 106 -1
10 107 1
103 107 -1
10 108 1
76 108 -1
10 109 1
88 109 -1
10 110 1
44 110 -1
10 111 1
31 111 -1
10 112 1
14 112 -1
10 113 1
54 113 -1
10 114 1
68 114 -1
10 115 1
81 115 -1
10 116 1
9 116 -1
10 117 1
87 117 -1
10 118 1
35 118 -1
10 119 1
18 119 -1
10 120 1
104 120 -1
10 121 1
102 121 -1
10 122 1
110 122 -1
10 123 1
84 123 -1
14 124 1
57 124 -1
14 125 1
54 125 -1
14 126 1
48 126 -1
14 127 1
34 127 -1
14 128 1
53 128 -1
14 129 1
56 129 -1
14 130 1
60 130 -1
14 131 1
38 131 -1
14 132 1
80 132 -1
14 133 1
8 133 -1
14 134 1
12 134 -1
14 135 1
78 135 -1
14 136 1
82 136 -1
14 137 1
108 137 -1
14 138 1
43 138 -1
14 139 1
47 139 -1
14 140 1
90 140 -1
14 141 1
110 141 -1
14 142 1
91 142 -1
14 143 1
21 143 -1
14 144 1
17 144 -1
14 145 1
66 145 -1
14 146 1
10 146 -1
14 147 1
85 147 -1
14 148 1
59 148 -1
14 149 1
64 149 -1
14 150 1
6 150 -1
14 151 1
93 151 -1
14 152 1
73 152 -1
14 153 1
107 153 -1
14 154 1
89 154 -1
14 155 1
36 155 -1
14 156 1
61 156 -1
14 157 1
109 157 -1
14 158 1
87 158 -1
14 159 1
11 159 -1
14 160 1
13 160 -1
14 161 1
62 161 -1
14 162 1
84 162 -1
14 163 1
41 163 -1
14 164 1
44 164 -1
14 165 1
65 165 -1
14 166 1
98 166 -1
14 167 1
81 167 -1
14 168 1
94 168 -1
14 169 1
72 169 -1
14 170 1
26 170 -1
20 171 1
14 171 -1
20 172 1
36 172 -1
28 173 1
78 173 -1
28 174 1
110 174 -1
28 175 1
89 175 -1
28 176 1
92 176 -1
28 177 1
50 177 -1
28 178 1
102 178 -1
28 179 1
84 179 -1
28 180 1
55 180 -1
28 181 1
66 181 -1
28 182 1
63 182 -1
28 183 1
60 183 -1
28 184 1
25 184 -1
28 185 1
96 185 -1
28 186 1
52 186 -1
28 187 1
69 187 -1
28 188 1
68 188 -1
28 189 1
97 189 -1
28 190 1
87 190 -1
28 191 1
37 191 -1
28 192 1
36 192 -1
28 193 1
65 193 -1
28 194 1
41 194 -1
28 195 1
95 195 -1
28 196 1
42 196 -1
28 197 1
62 197 -1
28 198 1
99 198 -1
28 199 1
72 199 -1
28 200 1
47 200 -1
28 201 1
104 201 -1
28 202 1
77 202 -1
28 203 1
12 203 -1
28 204 1
83 204 -1
28 205 1
94 205 -1
28 206 1
21 206 -1
33 207 1
83 207 -1
33 208 1
24 208 -1
33 209 1
69 209 -1
33 210 1
17 210 -1
33 211 1
30 211 -1
33 212 1
100 212 -1
33 213 1
63 213 -1
33 214 1
97 214 -1
33 215 1
70 215 -1
33 216 1
52 216 -1
33 217 1
91 217 -1
33 218 1
90 218 -1
33 219 1
23 219 -1
33 220 1
34 220 -1
34 221 1
39 221 -1
34 222 1
44 222 -1
34 223 1
83 223 -1
34 224 1
20 224 -1
34 225 1
62 225 -1
34 226 1
29 226 -1
34 227 1
75 227 -1
34 228 1
110 228 -1
34 229 1
69 229 -1
34 230 1
55 230 -1
34 231 1
21 231 -1
34 232 1
60 232 -1
34 233 1
71 233 -1
34 234 1
24 234 -1
34 235 1
52 235 -1
34 236 1
76 236 -1
34 237 1
11 237 -1
34 238 1
36 238 -1
34 239 1
23 239 -1
34 240 1
15 240 -1
34 241 1
105 241 -1
34 242 1
50 242 -1
34 243 1
43 243 -1
34 244 1
48 244 -1
34 245 1
101 245 -1
34 246 1
94 246 -1
34 247 1
26 247 -1
34 248 1
73 248 -1
34 249 1
97 249 -1
34 250 1
86 250 -1
34 251 1
16 251 -1
39 252 1
89 252 -1
39 253 1
88 253 -1
39 254 1
18 254 -1
39 255 1
69 255 -1
39 256 1
42 256 -1
39 257 1
55 257 -1
39 258 1
8 258 -1
39 259 1
104 259 -1
39 260 1
102 260 -1
39 261 1
21 261 -1
39 262 1
81 262 -1
39 263 1
108 263 -1
39 264 1
62 264 -1
39 265 1
14 265 -1
39 266 1
27 266 -1
39 267 1
94 267 -1
39 268 1
57 268 -1
39 269 1
7 269 -1
39 270 1
28 270 -1
39 271 1
23 271 -1
39 272 1
61 272 -1
39 273 1
50 273 -1
39 274 1
12 274 -1
39 275 1
76 275 -1
39 276 1
37 276 -1
39 277 1
107 277 -1
39 278 1
25 278 -1
39 279 1
47 279 -1
39 280 1
91 280 -1
39 281 1
33 281 -1
39 282 1
35 282 -1
39 283 1
95 283 -1
39 284 1
106 284 -1
39 285 1
13 285 -1
39 286 1
20 286 -1
39 287 1
32 287 -1
39 288 1
93 288 -1
39 289 1
74 289 -1
39 290 1
110 290 -1
39 291 1
96 291 -1
39 292 1
59 292 -1
39 293 1
36 293 -1
39 294 1
54 294 -1
39 295 1
82 295 -1
39 296 1
30 296 -1
39 297 1
15 297 -1
57 298 1
92 298 -1
57 299 1
20 299 -1
57 300 1
95 300 -1
57 301 1
69 301 -1
57 302 1
59 302 -1
57 303 1
73 303 -1
57 304 1
37 304 -1
57 305 1
110 305 -1
57 306 1
30 306 -1
57 307 1
99 307 -1
57 308 1
12 308 -1
57 309 1
90 309 -1
57 310 1
54 310 -1
57 311 1
36 311 -1
57 312 1
21 312 -1
57 313 1
52 313 -1
57 314 1
103 314 -1
57 315 1
79 315 -1
57 316 1
38 316 -1
57 317 1
48 317 -1
57 318 1
9 318 -1
57 319 1
44 319 -1
57 320 1
100 320 -1
57 321 1
60 321 -1
57 322 1
13 322 -1
57 323 1
42 323 -1
57 324 1
51 324 -1
57 325 1
84 325 -1
57 326 1
93 326 -1
57 327 1
40 327 -1
57 328 1
11 328 -1
57 329 1
23 329 -1
57 330 1
94 330 -1
57 331 1
71 331 -1
57 332 1
24 332 -1
57 333 1
105 333 -1
57 334 1
10 334 -1
57 335 1
25 335 -1
57 336 1
27 336 -1
57 337 1
97 337 -1
57 338 1
104 338 -1
57 339 1
16 339 -1
57 340 1
61 340 -1
57 341 1
33 341 -1
57 342 1
34 342 -1
70 343 1
28 343 -1
70 344 1
102 344 -1
70 345 1
87 345 -1
70 346 1
46 346 -1
70 347 1
43 347 -1
70 348 1
56 348 -1
70 349 1
86 349 -1
70 350 1
47 350 -1
70 351 1
57 351 -1
70 352 1
39 352 -1
70 353 1
90 353 -1
70 354 1
30 354 -1
70 355 1
67 355 -1
70 356 1
24 356 -1
70 357 1
60 357 -1
70 358 1
14 358 -1
70 359 1
109 359 -1
70 360 1
10 360 -1
70 361 1
26 361 -1
70 362 1
63 362 -1
78 363 1
20 363 -1
78 364 1
39 364 -1
78 365 1
73 365 -1
78 366 1
29 366 -1
78 367 1
63 367 -1
78 368 1
28 368 -1
78 369 1
51 369 -1
78 370 1
38 370 -1
78 371 1
53 371 -1
78 372 1
99 372 -1
78 373 1
84 373 -1
78 374 1
85 374 -1
78 375 1
79 375 -1
78 376 1
9 376 -1
78 377 1
65 377 -1
78 378 1
42 378 -1
78 379 1
66 379 -1
78 380 1
70 380 -1
78 381 1
8 381 -1
78 382 1
31 382 -1
78 383 1
23 383 -1
78 384 1
88 384 -1
78 385 1
92 385 -1
78 386 1
58 386 -1
78 387 1
33 387 -1
78 388 1
67 388 -1
78 389 1
81 389 -1
78 390 1
64 390 -1
78 391 1
59 391 -1
78 392 1
36 392 -1
78 393 1
27 393 -1
78 394 1
17 394 -1
78 395 1
96 395 -1
78 396 1
48 396 -1
78 397 1
55 397 -1
78 398 1
26 398 -1
78 399 1
101 399 -1
78 400 1
34 400 -1
78 401 1
32 401 -1
79 402 1
70 402 -1
79 403 1
11 403 -1
79 404 1
104 404 -1
79 405 1
38 405 -1
79 406 1
73 406 -1
79 407 1
39 407 -1
79 408 1
56 408 -1
79 409 1
44 409 -1
79 410 1
50 410 -1
79 411 1
35 411 -1
79 412 1
88 412 -1
79 413 1
78 413 -1
79 414 1
87 414 -1
79 415 1
102 415 -1
79 416 1
60 416 -1
79 417 1
98 417 -1
79 418 1
74 418 -1
79 419 1
43 419 -1
79 420 1
15 420 -1
79 421 1
33 421 -1
79 422 1
59 422 -1
79 423 1
103 423 -1
79 424 1
16 424 -1
79 425 1
97 425 -1
79 426 1
25 426 -1
79 427 1
85 427 -1
79 428 1
46 428 -1
79 429 1
84 429 -1
79 430 1
41 430 -1
79 431 1
42 431 -1
79 432 1
80 432 -1
79 433 1
45 433 -1
79 434 1
83 434 -1
79 435 1
66 435 -1
79 436 1
36 436 -1
79 437 1
19 437 -1
79 438 1
13 438 -1
79 439 1
92 439 -1
79 440 1
99 440 -1
79 441 1
58 441 -1
79 442 1
110 442 -1
83 443 1
79 443 -1
83 444 1
110 444 -1
83 445 1
11 445 -1
83 446 1
50 446 -1
83 447 1
36 447 -1
83 448 1
8 448 -1
83 449 1
30 449 -1
83 450 1
54 450 -1
83 451 1
29 451 -1
83 452 1
91 452 -1
83 453 1
87 453 -1
83 454 1
14 454 -1
83 455 1
90 455 -1
83 456 1
63 456 -1
83 457 1
59 457 -1
83 458 1
62 458 -1
83 459 1
78 459 -1
83 460 1
44 460 -1
83 461 1
56 461 -1
83 462 1
19 462 -1
83 463 1
73 463 -1
83 464 1
65 464 -1
83 465 1
86 465 -1
83 466 1
16 466 -1
83 467 1
33 467 -1
83 468 1
105 468 -1
83 469 1
104 469 -1
83 470 1
67 470 -1
83 471 1
15 471 -1
83 472 1
28 472 -1
83 473 1
6 473 -1
83 474 1
57 474 -1
83 475 1
68 475 -1
83 476 1
77 476 -1
83 477 1
106 477 -1
83 478 1
27 478 -1
84 479 1
10 479 -1
84 480 1
96 480 -1
84 481 1
52 481 -1
84 482 1
49 482 -1
84 483 1
33 483 -1
84 484 1
81 484 -1
84 485 1
51 485 -1
84 486 1
60 486 -1
84 487 1
55 487 -1
84 488 1
50 488 -1
84 489 1
68 489 -1
84 490 1
77 490 -1
84 491 1
100 491 -1
84 492 1
94 492 -1
84 493 1
30 493 -1
84 494 1
78 494 -1
84 495 1
106 495 -1
84 496 1
56 496 -1
84 497 1
109 497 -1
84 498 1
95 498 -1
84 499 1
41 499 -1
84 500 1
27 500 -1
84 501 1
87 501 -1
84 502 1
90 502 -1
84 503 1
80 503 -1
84 504 1
62 504 -1
84 505 1
26 505 -1
87 506 1
7 506 -1
87 507 1
23 507 -1
87 508 1
44 508 -1
87 509 1
103 509 -1
87 510 1
60 510 -1
87 511 1
78 511 -1
87 512 1
100 512 -1
87 513 1
8 513 -1
87 514 1
65 514 -1
87 515 1
51 515 -1
87 516 1
17 516 -1
87 517 1
52 517 -1
87 518 1
91 518 -1
87 519 1
71 519 -1
87 520 1
56 520 -1
87 521 1
25 521 -1
87 522 1
6 522 -1
87 523 1
58 523 -1
87 524 1
14 524 -1
87 525 1
31 525 -1
87 526 1
90 526 -1
87 527 1
12 527 -1
87 528 1
76 528 -1
87 529 1
41 529 -1
87 530 1
16 530 -1
87 531 1
9 531 -1
87 532 1
53 532 -1
87 533 1
42 533 -1
87 534 1
83 534 -1
87 535 1
61 535 -1
87 536 1
18 536 -1
87 537 1
28 537 -1
87 538 1
95 538 -1
87 539 1
50 539 -1
87 540 1
105 540 -1
87 541 1
67 541 -1
87 542 1
59 542 -1
87 543 1
47 543 -1
87 544 1
15 544 -1
88 545 1
109 545 -1
88 546 1
24 546 -1
88 547 1
38 547 -1
88 548 1
19 548 -1
88 549 1
12 549 -1
88 550 1
6 550 -1
88 551 1
94 551 -1
88 552 1
10 552 -1
88 553 1
42 553 -1
88 554 1
59 554 -1
88 555 1
28 555 -1
88 556 1
58 556 -1
88 557 1
48 557 -1
88 558 1
15 558 -1
88 559 1
78 559 -1
88 560 1
31 560 -1
88 561 1
83 561 -1
88 562 1
98 562 -1
88 563 1
84 563 -1
88 564 1
7 564 -1
88 565 1
69 565 -1
88 566 1
30 566 -1
89 567 1
33 567 -1
89 568 1
51 568 -1
89 569 1
73 569 -1
89 570 1
36 570 -1
89 571 1
20 571 -1
89 572 1
105 572 -1
89 573 1
49 573 -1
89 574 1
21 574 -1
89 575 1
24 575 -1
89 576 1
32 576 -1
89 577 1
55 577 -1
89 578 1
64 578 -1
89 579 1
93 579 -1
89 580 1
69 580 -1
89 581 1
92 581 -1
89 582 1
78 582 -1
89 583 1
47 583 -1
89 584 1
74 584 -1
89 585 1
94 585 -1
89 586 1
42 586 -1
89 587 1
53 587 -1
89 588 1
13 588 -1
89 589 1
29 589 -1
89 590 1
58 590 -1
89 591 1
102 591 -1
89 592 1
67 592 -1
89 593 1
66 593 -1
89 594 1
8 594 -1
89 595 1
79 595 -1
89 596 1
83 596 -1
89 597 1
109 597 -1
89 598 1
71 598 -1
89 599 1
63 599 -1
89 600 1
77 600 -1
89 601 1
104 601 -1
89 602 1
98 602 -1
89 603 1
84 603 -1
89 604 1
70 604 -1
89 605 1
85 605 -1
89 606 1
106 606 -1
89 607 1
50 607 -1
89 608 1
76 608 -1
89 609 1
27 609 -1
89 610 1
25 610 -1
89 611 1
54 611 -1
89 612 1
11 612 -1
92 613 1
87 613 -1
92 614 1
23 614 -1
92 615 1
26 615 -1
92 616 1
59 616 -1
92 617 1
32 617 -1
92 618 1
27 618 -1
92 619 1
64 619 -1
92 620 1
31 620 -1
92 621 1
96 621 -1
92 622 1
39 622 -1
92 623 1
45 623 -1
92 624 1
43 624 -1
92 625 1
21 625 -1
92 626 1
17 626 -1
92 627 1
84 627 -1
92 628 1
71 628 -1
92 629 1
68 629 -1
92 630 1
105 630 -1
92 631 1
63 631 -1
92 632 1
106 632 -1
92 633 1
70 633 -1
92 634 1
9 634 -1
92 635 1
11 635 -1
92 636 1
13 636 -1
92 637 1
35 637 -1
92 638 1
40 638 -1
92 639 1
54 639 -1
92 640 1
58 640 -1
92 641 1
8 641 -1
92 642 1
72 642 -1
92 643 1
33 643 -1
92 644 1
37 644 -1
92 645 1
6 645 -1
92 646 1
38 646 -1
92 647 1
55 647 -1
92 648 1
69 648 -1
92 649 1
90 649 -1
92 650 1
52 650 -1
92 651 1
93 651 -1
92 652 1
74 652 -1
92 653 1
15 653 -1
92 654 1
104 654 -1
92 655 1
77 655 -1
92 656 1
86 656 -1
92 657 1
80 657 -1
92 658 1
53 658 -1
92 659 1
24 659 -1
92 660 1
78 660 -1
92 661 1
7 661 -1
95 662 1
102 662 -1
95 663 1
11 663 -1
95 664 1
61 664 -1
95 665 1
109 665 -1
95 666 1
80 666 -1
95 667 1
89 667 -1
95 668 1
66 668 -1
95 669 1
24 669 -1
95 670 1
65 670 -1
95 671 1
56 671 -1
95 672 1
58 672 -1
95 673 1
87 673 -1
95 674 1
94 674 -1
95 675 1
37 675 -1
95 676 1
45 676 -1
95 677 1
57 677 -1
95 678 1
74 678 -1
95 679 1
67 679 -1
95 680 1
49 680 -1
95 681 1
83 681 -1
95 682 1
46 682 -1
95 683 1
105 683 -1
95 684 1
55 684 -1
95 685 1
63 685 -1
95 686 1
51 686 -1
95 687 1
106 687 -1
95 688 1
72 688 -1
95 689 1
71 689 -1
95 690 1
27 690 -1
95 691 1
25 691 -1
95 692 1
6 692 -1
95 693 1
7 693 -1
95 694 1
13 694 -1
95 695 1
70 695 -1
95 696 1
38 696 -1
95 697 1
8 697 -1
95 698 1
33 698 -1
95 699 1
17 699 -1
95 700 1
22 700 -1
95 701 1
32 701 -1
95 702 1
73 702 -1
95 703 1
16 703 -1
95 704 1
59 704 -1
95 705 1
41 705 -1
95 706 1
9 706 -1
95 707 1
108 707 -1
95 708 1
44 708 -1
102 709 1
84 709 -1
102 710 1
55 710 -1
102 711 1
94 711 -1
102 712 1
40 712 -1
102 713 1
39 713 -1
102 714 1
98 714 -1
102 715 1
22 715 -1
102 716 1
49 716 -1
102 717 1
82 717 -1
102 718 1
34 718 -1
102 719 1
15 719 -1
102 720 1
37 720 -1
102 721 1
86 721 -1
102 722 1
53 722 -1
102 723 1
43 723 -1
102 724 1
11 724 -1
102 725 1
50 725 -1
102 726 1
83 726 -1
102 727 1
16 727 -1
102 728 1
9 728 -1
102 729 1
68 729 -1
2 730 1
27 730 -1
2 731 1
68 731 -1
2 732 1
20 732 -1
2 733 1
31 733 -1
2 734 1
19 734 -1
2 735 1
46 735 -1
2 736 1
63 736 -1
2 737 1
13 737 -1
2 738 1
30 738 -1
2 739 1
58 739 -1
2 740 1
77 740 -1
2 741 1
86 741 -1
2 742 1
64 742 -1
2 743 1
47 743 -1
2 744 1
56 744 -1
2 745 1
92 745 -1
2 746 1
67 746 -1
2 747 1
91 747 -1
2 748 1
79 748 -1
2 749 1
106 749 -1
2 750 1
54 750 -1
2 751 1
25 751 -1
2 752 1
26 752 -1
2 753 1
76 753 -1
2 754 1
97 754 -1
2 755 1
59 755 -1
17 756 1
47 756 -1
17 757 1
7 757 -1
17 758 1
107 758 -1
17 759 1
86 759 -1
17 760 1
106 760 -1
17 761 1
19 761 -1
17 762 1
84 762 -1
17 763 1
60 763 -1
17 764 1
80 764 -1
17 765 1
51 765 -1
17 766 1
43 766 -1
17 767 1
98 767 -1
22 768 1
30 768 -1
22 769 1
78 769 -1
22 770 1
28 770 -1
22 771 1
98 771 -1
22 772 1
27 772 -1
26 773 1
17 773 -1
26 774 1
12 774 -1
26 775 1
66 775 -1
26 776 1
35 776 -1
26 777 1
72 777 -1
26 778 1
14 778 -1
26 779 1
62 779 -1
26 780 1
84 780 -1
26 781 1
76 781 -1
26 782 1
79 782 -1
26 783 1
21 783 -1
26 784 1
89 784 -1
26 785 1
90 785 -1
26 786 1
50 786 -1
26 787 1
88 787 -1
26 788 1
68 788 -1
27 789 1
110 789 -1
27 790 1
96 790 -1
27 791 1
101 791 -1
27 792 1
77 792 -1
27 793 1
70 793 -1
27 794 1
47 794 -1
27 795 1
74 795 -1
27 796 1
16 796 -1
27 797 1
86 797 -1
27 798 1
43 798 -1
27 799 1
108 799 -1
27 800 1
36 800 -1
27 801 1
30 801 -1
27 802 1
12 802 -1
27 803 1
65 803 -1
27 804 1
26 804 -1
27 805 1
11 805 -1
27 806 1
39 806 -1
27 807 1
29 807 -1
27 808 1
61 808 -1
27 809 1
60 809 -1
27 810 1
75 810 -1
27 811 1
42 811 -1
27 812 1
20 812 -1
27 813 1
6 813 -1
27 814 1
64 814 -1
27 815 1
76 815 -1
30 816 1
75 816 -1
30 817 1
102 817 -1
30 818 1
21 818 -1
30 819 1
12 819 -1
30 820 1
107 820 -1
30 821 1
77 821 -1
30 822 1
47 822 -1
30 823 1
69 823 -1
30 824 1
52 824 -1
30 825 1
79 825 -1
30 826 1
104 826 -1
30 827 1
22 827 -1
30 828 1
9 828 -1
30 829 1
59 829 -1
47 830 1
106 830 -1
47 831 1
74 831 -1
47 832 1
9 832 -1
47 833 1
100 833 -1
47 834 1
40 834 -1
47 835 1
79 835 -1
47 836 1
101 836 -1
47 837 1
76 837 -1
47 838 1
30 838 -1
47 839 1
63 839 -1
47 840 1
37 840 -1
59 841 1
80 841 -1
59 842 1
57 842 -1
59 843 1
51 843 -1
59 844 1
52 844 -1
59 845 1
37 845 -1
59 846 1
13 846 -1
59 847 1
36 847 -1
59 848 1
72 848 -1
59 849 1
98 849 -1
59 850 1
108 850 -1
59 851 1
99 851 -1
59 852 1
19 852 -1
59 853 1
65 853 -1
59 854 1
54 854 -1
59 855 1
68 855 -1
59 856 1
40 856 -1
59 857 1
86 857 -1
59 858 1
96 858 -1
59 859 1
107 859 -1
59 860 1
104 860 -1
59 861 1
87 861 -1
59 862 1
22 862 -1
59 863 1
64 863 -1
59 864 1
50 864 -1
59 865 1
44 865 -1
59 866 1
12 866 -1
59 867 1
24 867 -1
63 868 1
99 868 -1
63 869 1
40 869 -1
63 870 1
105 870 -1
63 871 1
34 871 -1
63 872 1
68 872 -1
63 873 1
106 873 -1
63 874 1
27 874 -1
63 875 1
110 875 -1
63 876 1
75 876 -1
63 877 1
16 877 -1
63 878 1
8 878 -1
63 879 1
36 879 -1
63 880 1
87 880 -1
63 881 1
55 881 -1
63 882 1
59 882 -1
63 883 1
14 883 -1
63 884 1
20 884 -1
63 885 1
64 885 -1
63 886 1
98 886 -1
63 887 1
107 887 -1
63 888 1
94 888 -1
63 889 1
31 889 -1
63 890 1
76 890 -1
63 891 1
58 891 -1
63 892 1
13 892 -1
63 893 1
69 893 -1
63 894 1
95 894 -1
63 895 1
17 895 -1
63 896 1
102 896 -1
63 897 1
44 897 -1
66 898 1
94 898 -1
66 899 1
25 899 -1
66 900 1
83 900 -1
66 901 1
77 901 -1
66 902 1
12 902 -1
66 903 1
109 903 -1
66 904 1
61 904 -1
66 905 1
95 905 -1
66 906 1
106 906 -1
66 907 1
40 907 -1
66 908 1
82 908 -1
66 909 1
39 909 -1
66 910 1
67 910 -1
66 911 1
60 911 -1
66 912 1
14 912 -1
66 913 1
81 913 -1
66 914 1
44 914 -1
66 915 1
59 915 -1
66 916 1
69 916 -1
66 917 1
47 917 -1
66 918 1
32 918 -1
66 919 1
11 919 -1
75 920 1
26 920 -1
75 921 1
53 921 -1
75 922 1
79 922 -1
75 923 1
42 923 -1
75 924 1
44 924 -1
75 925 1
22 925 -1
75 926 1
19 926 -1
75 927 1
35 927 -1
75 928 1
68 928 -1
75 929 1
13 929 -1
75 930 1
110 930 -1
75 931 1
99 931 -1
75 932 1
73 932 -1
75 933 1
54 933 -1
75 934 1
57 934 -1
75 935 1
23 935 -1
75 936 1
15 936 -1
75 937 1
76 937 -1
75 938 1
45 938 -1
75 939 1
55 939 -1
75 940 1
98 940 -1
75 941 1
87 941 -1
75 942 1
28 942 -1
75 943 1
71 943 -1
75 944 1
96 944 -1
75 945 1
90 945 -1
75 946 1
77 946 -1
75 947 1
38 947 -1
80 948 1
66 948 -1
80 949 1
97 949 -1
80 950 1
25 950 -1
80 951 1
106 951 -1
80 952 1
16 952 -1
80 953 1
37 953 -1
80 954 1
103 954 -1
80 955 1
89 955 -1
80 956 1
98 956 -1
80 957 1
45 957 -1
82 958 1
22 958 -1
82 959 1
77 959 -1
82 960 1
31 960 -1
82 961 1
60 961 -1
82 962 1
18 962 -1
82 963 1
45 963 -1
82 964 1
54 964 -1
82 965 1
36 965 -1
82 966 1
85 966 -1
94 967 1
82 967 -1
94 968 1
110 968 -1
94 969 1
67 969 -1
94 970 1
11 970 -1
94 971 1
57 971 -1
94 972 1
86 972 -1
94 973 1
39 973 -1
94 974 1
98 974 -1
94 975 1
36 975 -1
94 976 1
79 976 -1
94 977 1
91 977 -1
94 978 1
106 978 -1
94 979 1
43 979 -1
94 980 1
53 980 -1
94 981 1
104 981 -1
94 982 1
19 982 -1
94 983 1
63 983 -1
94 984 1
54 984 -1
94 985 1
6 985 -1
94 986 1
46 986 -1
94 987 1
75 987 -1
94 988 1
109 988 -1
94 989 1
16 989 -1
94 990 1
40 990 -1
94 991 1
64 991 -1
94 992 1
84 992 -1
94 993 1
70 993 -1
94 994 1
25 994 -1
94 995 1
7 995 -1
94 996 1
42 996 -1
94 997 1
108 997 -1
94 998 1
103 998 -1
94 999 1
102 999 -1
94 1000 1
28 1000 -1
94 1001 1
68 1001 -1
94 1002 1
47 1002 -1
94 1003 1
92 1003 -1
94 1004 1
78 1004 -1
96 1005 1
63 1005 -1
96 1006 1
109 1006 -1
96 1007 1
89 1007 -1
96 1008 1
104 1008 -1
96 1009 1
83 1009 -1
96 1010 1
73 1010 -1
96 1011 1
20 1011 -1
96 1012 1
25 1012 -1
96 1013 1
71 1013 -1
96 1014 1
88 1014 -1
96 1015 1
90 1015 -1
96 1016 1
65 1016 -1
96 1017 1
94 1017 -1
96 1018 1
34 1018 -1
96 1019 1
59 1019 -1
96 1020 1
78 1020 -1
96 1021 1
12 1021 -1
96 1022 1
36 1022 -1
96 1023 1
103 1023 -1
96 1024 1
35 1024 -1
96 1025 1
37 1025 -1
96 1026 1
84 1026 -1
96 1027 1
38 1027 -1
96 1028 1
77 1028 -1
96 1029 1
51 1029 -1
96 1030 1
79 1030 -1
96 1031 1
21 1031 -1
96 1032 1
24 1032 -1
96 1033 1
66 1033 -1
96 1034 1
57 1034 -1
96 1035 1
86 1035 -1
96 1036 1
16 1036 -1
96 1037 1
95 1037 -1
96 1038 1
68 1038 -1
96 1039 1
87 1039 -1
96 1040 1
100 1040 -1
99 1041 1
59 1041 -1
99 1042 1
21 1042 -1
99 1043 1
15 1043 -1
99 1044 1
110 1044 -1
99 1045 1
74 1045 -1
99 1046 1
75 1046 -1
99 1047 1
23 1047 -1
99 1048 1
103 1048 -1
99 1049 1
78 1049 -1
99 1050 1
108 1050 -1
99 1051 1
39 1051 -1
99 1052 1
73 1052 -1
99 1053 1
57 1053 -1
106 1054 1
109 1054 -1
106 1055 1
91 1055 -1
106 1056 1
16 1056 -1
106 1057 1
33 1057 -1
106 1058 1
99 1058 -1
106 1059 1
103 1059 -1
106 1060 1
53 1060 -1
106 1061 1
69 1061 -1
106 1062 1
64 1062 -1
3 1063 1
43 1063 -1
3 1064 1
28 1064 -1
3 1065 1
40 1065 -1
3 1066 1
52 1066 -1
3 1067 1
71 1067 -1
3 1068 1
61 1068 -1
3 1069 1
29 1069 -1
3 1070 1
73 1070 -1
3 1071 1
64 1071 -1
3 1072 1
17 1072 -1
3 1073 1
56 1073 -1
3 1074 1
48 1074 -1
3 1075 1
86 1075 -1
3 1076 1
62 1076 -1
3 1077 1
90 1077 -1
3 1078 1
23 1078 -1
3 1079 1
91 1079 -1
3 1080 1
59 1080 -1
3 1081 1
25 1081 -1
3 1082 1
41 1082 -1
3 1083 1
103 1083 -1
3 1084 1
36 1084 -1
3 1085 1
32 1085 -1
3 1086 1
96 1086 -1
3 1087 1
89 1087 -1
3 1088 1
75 1088 -1
3 1089 1
67 1089 -1
3 1090 1
11 1090 -1
3 1091 1
44 1091 -1
3 1092 1
10 1092 -1
3 1093 1
87 1093 -1
3 1094 1
7 1094 -1
3 1095 1
76 1095 -1
3 1096 1
70 1096 -1
3 1097 1
94 1097 -1
3 1098 1
78 1098 -1
3 1099 1
63 1099 -1
3 1100 1
66 1100 -1
3 1101 1
12 1101 -1
3 1102 1
50 1102 -1
3 1103 1
83 1103 -1
3 1104 1
46 1104 -1
3 1105 1
54 1105 -1
3 1106 1
58 1106 -1
3 1107 1
104 1107 -1
3 1108 1
51 1108 -1
3 1109 1
109 1109 -1
3 1110 1
27 1110 -1
3 1111 1
24 1111 -1
3 1112 1
102 1112 -1
3 1113 1
60 1113 -1
3 1114 1
35 1114 -1
3 1115 1
106 1115 -1
13 1116 1
71 1116 -1
13 1117 1
21 1117 -1
13 1118 1
107 1118 -1
13 1119 1
63 1119 -1
13 1120 1
97 1120 -1
13 1121 1
55 1121 -1
13 1122 1
108 1122 -1
13 1123 1
72 1123 -1
13 1124 1
24 1124 -1
13 1125 1
106 1125 -1
13 1126 1
86 1126 -1
13 1127 1
49 1127 -1
13 1128 1
37 1128 -1
13 1129 1
8 1129 -1
13 1130 1
17 1130 -1
21 1131 1
68 1131 -1
21 1132 1
73 1132 -1
21 1133 1
53 1133 -1
21 1134 1
9 1134 -1
21 1135 1
83 1135 -1
21 1136 1
8 1136 -1
21 1137 1
90 1137 -1
21 1138 1
70 1138 -1
21 1139 1
27 1139 -1
21 1140 1
105 1140 -1
21 1141 1
30 1141 -1
21 1142 1
85 1142 -1
21 1143 1
35 1143 -1
21 1144 1
54 1144 -1
21 1145 1
62 1145 -1
21 1146 1
11 1146 -1
21 1147 1
39 1147 -1
21 1148 1
66 1148 -1
21 1149 1
95 1149 -1
21 1150 1
33 1150 -1
21 1151 1
67 1151 -1
21 1152 1
52 1152 -1
21 1153 1
20 1153 -1
21 1154 1
102 1154 -1
21 1155 1
50 1155 -1
21 1156 1
80 1156 -1
21 1157 1
58 1157 -1
21 1158 1
26 1158 -1
21 1159 1
63 1159 -1
21 1160 1
15 1160 -1
21 1161 1
22 1161 -1
21 1162 1
110 1162 -1
21 1163 1
17 1163 -1
21 1164 1
45 1164 -1
21 1165 1
55 1165 -1
23 1166 1
109 1166 -1
23 1167 1
44 1167 -1
23 1168 1
66 1168 -1
23 1169 1
85 1169 -1
23 1170 1
71 1170 -1
23 1171 1
16 1171 -1
23 1172 1
74 1172 -1
23 1173 1
35 1173 -1
23 1174 1
93 1174 -1
23 1175 1
79 1175 -1
23 1176 1
18 1176 -1
23 1177 1
100 1177 -1
23 1178 1
62 1178 -1
23 1179 1
73 1179 -1
23 1180 1
19 1180 -1
23 1181 1
14 1181 -1
23 1182 1
45 1182 -1
23 1183 1
105 1183 -1
23 1184 1
94 1184 -1
23 1185 1
34 1185 -1
23 1186 1
98 1186 -1
23 1187 1
13 1187 -1
23 1188 1
51 1188 -1
23 1189 1
47 1189 -1
23 1190 1
81 1190 -1
23 1191 1
48 1191 -1
23 1192 1
70 1192 -1
24 1193 1
65 1193 -1
24 1194 1
81 1194 -1
24 1195 1
80 1195 -1
24 1196 1
67 1196 -1
24 1197 1
7 1197 -1
24 1198 1
25 1198 -1
24 1199 1
87 1199 -1
24 1200 1
78 1200 -1
24 1201 1
63 1201 -1
24 1202 1
77 1202 -1
24 1203 1
108 1203 -1
24 1204 1
106 1204 -1
24 1205 1
61 1205 -1
24 1206 1
26 1206 -1
24 1207 1
28 1207 -1
24 1208 1
68 1208 -1
24 1209 1
9 1209 -1
24 1210 1
96 1210 -1
24 1211 1
53 1211 -1
24 1212 1
50 1212 -1
24 1213 1
13 1213 -1
24 1214 1
74 1214 -1
24 1215 1
38 1215 -1
24 1216 1
29 1216 -1
24 1217 1
41 1217 -1
24 1218 1
103 1218 -1
24 1219 1
82 1219 -1
24 1220 1
21 1220 -1
24 1221 1
12 1221 -1
41 1222 1
60 1222 -1
41 1223 1
30 1223 -1
41 1224 1
17 1224 -1
43 1225 1
13 1225 -1
43 1226 1
61 1226 -1
43 1227 1
93 1227 -1
43 1228 1
28 1228 -1
43 1229 1
18 1229 -1
43 1230 1
30 1230 -1
43 1231 1
74 1231 -1
43 1232 1
87 1232 -1
43 1233 1
38 1233 -1
43 1234 1
16 1234 -1
43 1235 1
96 1235 -1
43 1236 1
17 1236 -1
43 1237 1
10 1237 -1
43 1238 1
11 1238 -1
43 1239 1
48 1239 -1
43 1240 1
84 1240 -1
43 1241 1
103 1241 -1
43 1242 1
41 1242 -1
43 1243 1
108 1243 -1
43 1244 1
49 1244 -1
43 1245 1
44 1245 -1
43 1246 1
32 1246 -1
43 1247 1
58 1247 -1
43 1248 1
88 1248 -1
43 1249 1
36 1249 -1
43 1250 1
94 1250 -1
43 1251 1
72 1251 -1
43 1252 1
31 1252 -1
43 1253 1
27 1253 -1
43 1254 1
73 1254 -1
43 1255 1
21 1255 -1
43 1256 1
102 1256 -1
43 1257 1
24 1257 -1
43 1258 1
9 1258 -1
43 1259 1
54 1259 -1
43 1260 1
91 1260 -1
43 1261 1
70 1261 -1
43 1262 1
40 1262 -1
43 1263 1
52 1263 -1
43 1264 1
8 1264 -1
43 1265 1
62 1265 -1
43 1266 1
89 1266 -1
43 1267 1
100 1267 -1
43 1268 1
55 1268 -1
43 1269 1
39 1269 -1
43 1270 1
76 1270 -1
43 1271 1
69 1271 -1
44 1272 1
91 1272 -1
44 1273 1
68 1273 -1
44 1274 1
105 1274 -1
44 1275 1
23 1275 -1
44 1276 1
96 1276 -1
44 1277 1
74 1277 -1
44 1278 1
12 1278 -1
44 1279 1
85 1279 -1
44 1280 1
97 1280 -1
44 1281 1
95 1281 -1
44 1282 1
40 1282 -1
44 1283 1
61 1283 -1
44 1284 1
78 1284 -1
44 1285 1
50 1285 -1
44 1286 1
100 1286 -1
44 1287 1
33 1287 -1
44 1288 1
63 1288 -1
44 1289 1
49 1289 -1
44 1290 1
26 1290 -1
44 1291 1
88 1291 -1
44 1292 1
32 1292 -1
44 1293 1
29 1293 -1
44 1294 1
75 1294 -1
44 1295 1
13 1295 -1
44 1296 1
58 1296 -1
44 1297 1
25 1297 -1
44 1298 1
80 1298 -1
44 1299 1
72 1299 -1
44 1300 1
31 1300 -1
44 1301 1
11 1301 -1
44 1302 1
14 1302 -1
44 1303 1
37 1303 -1
44 1304 1
76 1304 -1
44 1305 1
64 1305 -1
44 1306 1
109 1306 -1
44 1307 1
35 1307 -1
44 1308 1
52 1308 -1
44 1309 1
79 1309 -1
44 1310 1
87 1310 -1
44 1311 1
67 1311 -1
44 1312 1
93 1312 -1
44 1313 1
90 1313 -1
51 1314 1
21 1314 -1
51 1315 1
16 1315 -1
51 1316 1
18 1316 -1
51 1317 1
104 1317 -1
51 1318 1
103 1318 -1
51 1319 1
14 1319 -1
51 1320 1
6 1320 -1
51 1321 1
45 1321 -1
51 1322 1
46 1322 -1
51 1323 1
74 1323 -1
51 1324 1
67 1324 -1
51 1325 1
44 1325 -1
52 1326 1
24 1326 -1
52 1327 1
83 1327 -1
52 1328 1
7 1328 -1
52 1329 1
15 1329 -1
52 1330 1
10 1330 -1
52 1331 1
72 1331 -1
52 1332 1
109 1332 -1
52 1333 1
75 1333 -1
52 1334 1
51 1334 -1
52 1335 1
81 1335 -1
54 1336 1
61 1336 -1
54 1337 1
32 1337 -1
60 1338 1
54 1338 -1
60 1339 1
24 1339 -1
60 1340 1
107 1340 -1
60 1341 1
31 1341 -1
60 1342 1
66 1342 -1
60 1343 1
71 1343 -1
60 1344 1
53 1344 -1
60 1345 1
64 1345 -1
60 1346 1
28 1346 -1
60 1347 1
25 1347 -1
60 1348 1
20 1348 -1
60 1349 1
75 1349 -1
60 1350 1
110 1350 -1
60 1351 1
37 1351 -1
60 1352 1
78 1352 -1
60 1353 1
22 1353 -1
60 1354 1
84 1354 -1
60 1355 1
6 1355 -1
60 1356 1
34 1356 -1
60 1357 1
67 1357 -1
60 1358 1
46 1358 -1
60 1359 1
26 1359 -1
60 1360 1
59 1360 -1
60 1361 1
42 1361 -1
60 1362 1
21 1362 -1
60 1363 1
100 1363 -1
60 1364 1
89 1364 -1
60 1365 1
14 1365 -1
60 1366 1
8 1366 -1
60 1367 1
15 1367 -1
60 1368 1
108 1368 -1
60 1369 1
90 1369 -1
61 1370 1
52 1370 -1
61 1371 1
11 1371 -1
61 1372 1
68 1372 -1
61 1373 1
78 1373 -1
61 1374 1
95 1374 -1
61 1375 1
67 1375 -1
61 1376 1
98 1376 -1
61 1377 1
110 1377 -1
61 1378 1
108 1378 -1
61 1379 1
36 1379 -1
61 1380 1
29 1380 -1
61 1381 1
20 1381 -1
61 1382 1
96 1382 -1
61 1383 1
23 1383 -1
61 1384 1
49 1384 -1
61 1385 1
39 1385 -1
61 1386 1
38 1386 -1
61 1387 1
32 1387 -1
61 1388 1
104 1388 -1
61 1389 1
18 1389 -1
61 1390 1
94 1390 -1
61 1391 1
19 1391 -1
61 1392 1
17 1392 -1
61 1393 1
100 1393 -1
61 1394 1
60 1394 -1
61 1395 1
57 1395 -1
61 1396 1
91 1396 -1
61 1397 1
22 1397 -1
61 1398 1
63 1398 -1
61 1399 1
65 1399 -1
61 1400 1
103 1400 -1
61 1401 1
9 1401 -1
61 1402 1
64 1402 -1
61 1403 1
77 1403 -1
61 1404 1
62 1404 -1
61 1405 1
7 1405 -1
61 1406 1
27 1406 -1
64 1407 1
51 1407 -1
64 1408 1
23 1408 -1
64 1409 1
31 1409 -1
64 1410 1
13 1410 -1
64 1411 1
27 1411 -1
64 1412 1
36 1412 -1
64 1413 1
67 1413 -1
64 1414 1
9 1414 -1
64 1415 1
45 1415 -1
64 1416 1
52 1416 -1
64 1417 1
19 1417 -1
64 1418 1
37 1418 -1
64 1419 1
11 1419 -1
64 1420 1
38 1420 -1
64 1421 1
73 1421 -1
64 1422 1
89 1422 -1
64 1423 1
92 1423 -1
64 1424 1
24 1424 -1
64 1425 1
96 1425 -1
64 1426 1
16 1426 -1
64 1427 1
68 1427 -1
65 1428 1
77 1428 -1
65 1429 1
32 1429 -1
65 1430 1
110 1430 -1
65 1431 1
26 1431 -1
65 1432 1
14 1432 -1
65 1433 1
52 1433 -1
65 1434 1
103 1434 -1
65 1435 1
19 1435 -1
65 1436 1
11 1436 -1
65 1437 1
7 1437 -1
65 1438 1
44 1438 -1
65 1439 1
33 1439 -1
65 1440 1
35 1440 -1
65 1441 1
55 1441 -1
65 1442 1
43 1442 -1
65 1443 1
104 1443 -1
65 1444 1
10 1444 -1
65 1445 1
59 1445 -1
65 1446 1
95 1446 -1
65 1447 1
85 1447 -1
65 1448 1
46 1448 -1
65 1449 1
54 1449 -1
65 1450 1
83 1450 -1
65 1451 1
27 1451 -1
65 1452 1
84 1452 -1
65 1453 1
75 1453 -1
65 1454 1
93 1454 -1
65 1455 1
22 1455 -1
65 1456 1
29 1456 -1
68 1457 1
76 1457 -1
68 1458 1
83 1458 -1
68 1459 1
77 1459 -1
68 1460 1
51 1460 -1
68 1461 1
108 1461 -1
68 1462 1
48 1462 -1
68 1463 1
38 1463 -1
68 1464 1
18 1464 -1
68 1465 1
25 1465 -1
68 1466 1
19 1466 -1
68 1467 1
17 1467 -1
68 1468 1
75 1468 -1
68 1469 1
9 1469 -1
68 1470 1
28 1470 -1
68 1471 1
46 1471 -1
68 1472 1
88 1472 -1
68 1473 1
85 1473 -1
68 1474 1
22 1474 -1
68 1475 1
23 1475 -1
68 1476 1
43 1476 -1
68 1477 1
73 1477 -1
68 1478 1
15 1478 -1
68 1479 1
40 1479 -1
68 1480 1
49 1480 -1
68 1481 1
95 1481 -1
68 1482 1
107 1482 -1
68 1483 1
81 1483 -1
68 1484 1
106 1484 -1
68 1485 1
104 1485 -1
68 1486 1
102 1486 -1
68 1487 1
53 1487 -1
68 1488 1
86 1488 -1
68 1489 1
14 1489 -1
68 1490 1
39 1490 -1
68 1491 1
24 1491 -1
68 1492 1
61 1492 -1
68 1493 1
33 1493 -1
68 1494 1
55 1494 -1
71 1495 1
41 1495 -1
71 1496 1
10 1496 -1
71 1497 1
88 1497 -1
71 1498 1
22 1498 -1
73 1499 1
64 1499 -1
73 1500 1
6 1500 -1
73 1501 1
109 1501 -1
73 1502 1
70 1502 -1
73 1503 1
39 1503 -1
73 1504 1
90 1504 -1
73 1505 1
80 1505 -1
73 1506 1
21 1506 -1
73 1507 1
68 1507 -1
73 1508 1
107 1508 -1
73 1509 1
72 1509 -1
73 1510 1
56 1510 -1
73 1511 1
88 1511 -1
73 1512 1
37 1512 -1
73 1513 1
15 1513 -1
73 1514 1
98 1514 -1
73 1515 1
61 1515 -1
73 1516 1
38 1516 -1
73 1517 1
96 1517 -1
73 1518 1
27 1518 -1
76 1519 1
23 1519 -1
76 1520 1
80 1520 -1
76 1521 1
82 1521 -1
76 1522 1
26 1522 -1
76 1523 1
60 1523 -1
76 1524 1
66 1524 -1
76 1525 1
24 1525 -1
76 1526 1
90 1526 -1
76 1527 1
110 1527 -1
76 1528 1
21 1528 -1
76 1529 1
94 1529 -1
76 1530 1
99 1530 -1
76 1531 1
98 1531 -1
76 1532 1
9 1532 -1
76 1533 1
62 1533 -1
76 1534 1
39 1534 -1
76 1535 1
47 1535 -1
76 1536 1
38 1536 -1
76 1537 1
79 1537 -1
76 1538 1
81 1538 -1
76 1539 1
14 1539 -1
76 1540 1
8 1540 -1
76 1541 1
73 1541 -1
76 1542 1
91 1542 -1
76 1543 1
51 1543 -1
76 1544 1
75 1544 -1
76 1545 1
59 1545 -1
76 1546 1
48 1546 -1
76 1547 1
72 1547 -1
76 1548 1
19 1548 -1
76 1549 1
29 1549 -1
76 1550 1
87 1550 -1
76 1551 1
45 1551 -1
76 1552 1
50 1552 -1
76 1553 1
37 1553 -1
76 1554 1
28 1554 -1
76 1555 1
64 1555 -1
76 1556 1
57 1556 -1
76 1557 1
6 1557 -1
76 1558 1
105 1558 -1
76 1559 1
17 1559 -1
76 1560 1
63 1560 -1
76 1561 1
33 1561 -1
76 1562 1
93 1562 -1
76 1563 1
97 1563 -1
76 1564 1
107 1564 -1
77 1565 1
73 1565 -1
77 1566 1
93 1566 -1
77 1567 1
95 1567 -1
77 1568 1
81 1568 -1
77 1569 1
21 1569 -1
77 1570 1
72 1570 -1
77 1571 1
13 1571 -1
77 1572 1
50 1572 -1
77 1573 1
46 1573 -1
77 1574 1
69 1574 -1
77 1575 1
44 1575 -1
77 1576 1
103 1576 -1
77 1577 1
110 1577 -1
77 1578 1
58 1578 -1
77 1579 1
80 1579 -1
77 1580 1
29 1580 -1
77 1581 1
40 1581 -1
77 1582 1
104 1582 -1
77 1583 1
109 1583 -1
77 1584 1
36 1584 -1
77 1585 1
71 1585 -1
77 1586 1
22 1586 -1
77 1587 1
6 1587 -1
77 1588 1
84 1588 -1
77 1589 1
17 1589 -1
77 1590 1
28 1590 -1
77 1591 1
79 1591 -1
77 1592 1
90 1592 -1
77 1593 1
45 1593 -1
77 1594 1
23 1594 -1
77 1595 1
63 1595 -1
77 1596 1
78 1596 -1
77 1597 1
100 1597 -1
77 1598 1
76 1598 -1
77 1599 1
86 1599 -1
77 1600 1
38 1600 -1
77 1601 1
11 1601 -1
86 1602 1
110 1602 -1
86 1603 1
74 1603 -1
86 1604 1
42 1604 -1
86 1605 1
33 1605 -1
86 1606 1
99 1606 -1
86 1607 1
54 1607 -1
86 1608 1
19 1608 -1
86 1609 1
17 1609 -1
86 1610 1
38 1610 -1
86 1611 1
66 1611 -1
86 1612 1
57 1612 -1
86 1613 1
55 1613 -1
91 1614 1
86 1614 -1
91 1615 1
36 1615 -1
91 1616 1
8 1616 -1
91 1617 1
41 1617 -1
91 1618 1
46 1618 -1
91 1619 1
20 1619 -1
91 1620 1
95 1620 -1
91 1621 1
33 1621 -1
91 1622 1
58 1622 -1
91 1623 1
72 1623 -1
91 1624 1
15 1624 -1
91 1625 1
32 1625 -1
91 1626 1
23 1626 -1
91 1627 1
67 1627 -1
91 1628 1
24 1628 -1
91 1629 1
35 1629 -1
91 1630 1
42 1630 -1
91 1631 1
53 1631 -1
91 1632 1
92 1632 -1
91 1633 1
40 1633 -1
91 1634 1
62 1634 -1
91 1635 1
76 1635 -1
91 1636 1
90 1636 -1
91 1637 1
88 1637 -1
91 1638 1
109 1638 -1
91 1639 1
64 1639 -1
91 1640 1
9 1640 -1
91 1641 1
56 1641 -1
91 1642 1
69 1642 -1
91 1643 1
22 1643 -1
91 1644 1
26 1644 -1
91 1645 1
37 1645 -1
91 1646 1
30 1646 -1
91 1647 1
10 1647 -1
91 1648 1
17 1648 -1
4 1649 1
25 1649 -1
4 1650 1
48 1650 -1
4 1651 1
109 1651 -1
4 1652 1
11 1652 -1
4 1653 1
42 1653 -1
4 1654 1
80 1654 -1
4 1655 1
41 1655 -1
4 1656 1
60 1656 -1
4 1657 1
68 1657 -1
4 1658 1
92 1658 -1
4 1659 1
89 1659 -1
4 1660 1
16 1660 -1
4 1661 1
82 1661 -1
4 1662 1
19 1662 -1
4 1663 1
73 1663 -1
4 1664 1
31 1664 -1
4 1665 1
96 1665 -1
4 1666 1
94 1666 -1
4 1667 1
98 1667 -1
16 1668 1
108 1668 -1
16 1669 1
101 1669 -1
16 1670 1
77 1670 -1
16 1671 1
15 1671 -1
16 1672 1
14 1672 -1
18 1673 1
62 1673 -1
18 1674 1
63 1674 -1
18 1675 1
66 1675 -1
18 1676 1
13 1676 -1
18 1677 1
86 1677 -1
18 1678 1
23 1678 -1
18 1679 1
38 1679 -1
18 1680 1
6 1680 -1
18 1681 1
26 1681 -1
18 1682 1
51 1682 -1
18 1683 1
32 1683 -1
18 1684 1
78 1684 -1
18 1685 1
79 1685 -1
18 1686 1
69 1686 -1
18 1687 1
55 1687 -1
18 1688 1
19 1688 -1
18 1689 1
54 1689 -1
18 1690 1
95 1690 -1
18 1691 1
68 1691 -1
18 1692 1
14 1692 -1
18 1693 1
67 1693 -1
18 1694 1
89 1694 -1
18 1695 1
73 1695 -1
18 1696 1
91 1696 -1
18 1697 1
64 1697 -1
18 1698 1
21 1698 -1
18 1699 1
84 1699 -1
18 1700 1
29 1700 -1
25 1701 1
81 1701 -1
25 1702 1
93 1702 -1
25 1703 1
26 1703 -1
25 1704 1
45 1704 -1
25 1705 1
88 1705 -1
25 1706 1
28 1706 -1
25 1707 1
91 1707 -1
25 1708 1
46 1708 -1
25 1709 1
75 1709 -1
25 1710 1
52 1710 -1
25 1711 1
85 1711 -1
25 1712 1
17 1712 -1
25 1713 1
56 1713 -1
25 1714 1
101 1714 -1
25 1715 1
105 1715 -1
25 1716 1
72 1716 -1
25 1717 1
74 1717 -1
25 1718 1
82 1718 -1
25 1719 1
66 1719 -1
25 1720 1
48 1720 -1
25 1721 1
55 1721 -1
25 1722 1
98 1722 -1
25 1723 1
9 1723 -1
25 1724 1
47 1724 -1
25 1725 1
67 1725 -1
25 1726 1
79 1726 -1
25 1727 1
53 1727 -1
25 1728 1
32 1728 -1
25 1729 1
40 1729 -1
25 1730 1
70 1730 -1
25 1731 1
57 1731 -1
25 1732 1
87 1732 -1
25 1733 1
109 1733 -1
25 1734 1
54 1734 -1
25 1735 1
34 1735 -1
25 1736 1
58 1736 -1
25 1737 1
110 1737 -1
25 1738 1
18 1738 -1
25 1739 1
11 1739 -1
25 1740 1
30 1740 -1
25 1741 1
102 1741 -1
25 1742 1
71 1742 -1
25 1743 1
33 1743 -1
32 1744 1
16 1744 -1
32 1745 1
29 1745 -1
32 1746 1
78 1746 -1
32 1747 1
21 1747 -1
32 1748 1
42 1748 -1
36 1749 1
69 1749 -1
36 1750 1
48 1750 -1
37 1751 1
103 1751 -1
37 1752 1
58 1752 -1
37 1753 1
90 1753 -1
37 1754 1
66 1754 -1
37 1755 1
85 1755 -1
37 1756 1
83 1756 -1
37 1757 1
107 1757 -1
37 1758 1
14 1758 -1
37 1759 1
57 1759 -1
37 1760 1
36 1760 -1
37 1761 1
92 1761 -1
37 1762 1
18 1762 -1
37 1763 1
12 1763 -1
37 1764 1
96 1764 -1
37 1765 1
70 1765 -1
37 1766 1
94 1766 -1
37 1767 1
28 1767 -1
37 1768 1
75 1768 -1
37 1769 1
22 1769 -1
37 1770 1
51 1770 -1
37 1771 1
76 1771 -1
37 1772 1
106 1772 -1
37 1773 1
24 1773 -1
37 1774 1
53 1774 -1
37 1775 1
45 1775 -1
37 1776 1
109 1776 -1
37 1777 1
82 1777 -1
37 1778 1
7 1778 -1
37 1779 1
11 1779 -1
37 1780 1
34 1780 -1
37 1781 1
9 1781 -1
37 1782 1
95 1782 -1
37 1783 1
17 1783 -1
37 1784 1
59 1784 -1
37 1785 1
97 1785 -1
37 1786 1
108 1786 -1
37 1787 1
26 1787 -1
37 1788 1
74 1788 -1
37 1789 1
23 1789 -1
37 1790 1
50 1790 -1
37 1791 1
68 1791 -1
37 1792 1
78 1792 -1
37 1793 1
80 1793 -1
37 1794 1
102 1794 -1
37 1795 1
61 1795 -1
37 1796 1
105 1796 -1
37 1797 1
47 1797 -1
37 1798 1
89 1798 -1
38 1799 1
32 1799 -1
38 1800 1
99 1800 -1
38 1801 1
55 1801 -1
38 1802 1
107 1802 -1
38 1803 1
44 1803 -1
38 1804 1
26 1804 -1
38 1805 1
109 1805 -1
38 1806 1
67 1806 -1
38 1807 1
101 1807 -1
38 1808 1
33 1808 -1
38 1809 1
21 1809 -1
38 1810 1
92 1810 -1
45 1811 1
50 1811 -1
45 1812 1
25 1812 -1
45 1813 1
80 1813 -1
45 1814 1
41 1814 -1
45 1815 1
14 1815 -1
45 1816 1
12 1816 -1
45 1817 1
74 1817 -1
45 1818 1
57 1818 -1
45 1819 1
109 1819 -1
45 1820 1
77 1820 -1
45 1821 1
81 1821 -1
45 1822 1
68 1822 -1
45 1823 1
9 1823 -1
45 1824 1
49 1824 -1
45 1825 1
58 1825 -1
45 1826 1
91 1826 -1
45 1827 1
76 1827 -1
45 1828 1
38 1828 -1
45 1829 1
65 1829 -1
45 1830 1
71 1830 -1
45 1831 1
43 1831 -1
45 1832 1
59 1832 -1
45 1833 1
22 1833 -1
45 1834 1
33 1834 -1
45 1835 1
19 1835 -1
45 1836 1
51 1836 -1
45 1837 1
55 1837 -1
45 1838 1
54 1838 -1
45 1839 1
60 1839 -1
45 1840 1
67 1840 -1
45 1841 1
34 1841 -1
45 1842 1
103 1842 -1
45 1843 1
8 1843 -1
45 1844 1
7 1844 -1
45 1845 1
26 1845 -1
45 1846 1
24 1846 -1
45 1847 1
15 1847 -1
46 1848 1
55 1848 -1
46 1849 1
60 1849 -1
46 1850 1
92 1850 -1
46 1851 1
61 1851 -1
46 1852 1
99 1852 -1
46 1853 1
27 1853 -1
46 1854 1
103 1854 -1
46 1855 1
63 1855 -1
46 1856 1
96 1856 -1
50 1857 1
18 1857 -1
50 1858 1
76 1858 -1
50 1859 1
53 1859 -1
50 1860 1
48 1860 -1
50 1861 1
101 1861 -1
50 1862 1
104 1862 -1
50 1863 1
38 1863 -1
50 1864 1
20 1864 -1
50 1865 1
9 1865 -1
50 1866 1
80 1866 -1
50 1867 1
43 1867 -1
50 1868 1
61 1868 -1
53 1869 1
38 1869 -1
53 1870 1
76 1870 -1
53 1871 1
45 1871 -1
53 1872 1
43 1872 -1
53 1873 1
26 1873 -1
53 1874 1
60 1874 -1
53 1875 1
20 1875 -1
53 1876 1
39 1876 -1
53 1877 1
18 1877 -1
53 1878 1
23 1878 -1
53 1879 1
61 1879 -1
53 1880 1
86 1880 -1
53 1881 1
36 1881 -1
53 1882 1
55 1882 -1
53 1883 1
50 1883 -1
53 1884 1
80 1884 -1
53 1885 1
21 1885 -1
53 1886 1
101 1886 -1
53 1887 1
7 1887 -1
53 1888 1
88 1888 -1
53 1889 1
42 1889 -1
53 1890 1
100 1890 -1
53 1891 1
54 1891 -1
53 1892 1
27 1892 -1
53 1893 1
108 1893 -1
53 1894 1
15 1894 -1
53 1895 1
106 1895 -1
53 1896 1
35 1896 -1
55 1897 1
104 1897 -1
55 1898 1
94 1898 -1
55 1899 1
106 1899 -1
55 1900 1
43 1900 -1
55 1901 1
62 1901 -1
55 1902 1
80 1902 -1
55 1903 1
33 1903 -1
55 1904 1
99 1904 -1
55 1905 1
76 1905 -1
55 1906 1
54 1906 -1
55 1907 1
64 1907 -1
55 1908 1
91 1908 -1
55 1909 1
23 1909 -1
55 1910 1
74 1910 -1
55 1911 1
73 1911 -1
55 1912 1
66 1912 -1
55 1913 1
78 1913 -1
55 1914 1
89 1914 -1
55 1915 1
81 1915 -1
55 1916 1
63 1916 -1
55 1917 1
93 1917 -1
55 1918 1
102 1918 -1
55 1919 1
32 1919 -1
55 1920 1
71 1920 -1
55 1921 1
8 1921 -1
55 1922 1
97 1922 -1
62 1923 1
37 1923 -1
62 1924 1
12 1924 -1
62 1925 1
83 1925 -1
62 1926 1
41 1926 -1
62 1927 1
18 1927 -1
62 1928 1
46 1928 -1
62 1929 1
75 1929 -1
62 1930 1
20 1930 -1
62 1931 1
67 1931 -1
62 1932 1
74 1932 -1
62 1933 1
97 1933 -1
62 1934 1
45 1934 -1
62 1935 1
23 1935 -1
62 1936 1
102 1936 -1
62 1937 1
100 1937 -1
62 1938 1
65 1938 -1
62 1939 1
57 1939 -1
62 1940 1
82 1940 -1
62 1941 1
84 1941 -1
62 1942 1
79 1942 -1
62 1943 1
73 1943 -1
62 1944 1
48 1944 -1
62 1945 1
77 1945 -1
62 1946 1
108 1946 -1
62 1947 1
21 1947 -1
62 1948 1
76 1948 -1
62 1949 1
64 1949 -1
62 1950 1
29 1950 -1
62 1951 1
47 1951 -1
62 1952 1
52 1952 -1
62 1953 1
90 1953 -1
62 1954 1
60 1954 -1
62 1955 1
69 1955 -1
62 1956 1
10 1956 -1
62 1957 1
26 1957 -1
62 1958 1
16 1958 -1
62 1959 1
96 1959 -1
62 1960 1
61 1960 -1
62 1961 1
101 1961 -1
62 1962 1
51 1962 -1
62 1963 1
50 1963 -1
67 1964 1
46 1964 -1
67 1965 1
61 1965 -1
67 1966 1
109 1966 -1
67 1967 1
20 1967 -1
67 1968 1
62 1968 -1
67 1969 1
103 1969 -1
67 1970 1
83 1970 -1
67 1971 1
27 1971 -1
67 1972 1
73 1972 -1
67 1973 1
92 1973 -1
67 1974 1
37 1974 -1
67 1975 1
11 1975 -1
67 1976 1
38 1976 -1
67 1977 1
104 1977 -1
67 1978 1
108 1978 -1
67 1979 1
88 1979 -1
67 1980 1
36 1980 -1
67 1981 1
68 1981 -1
67 1982 1
100 1982 -1
67 1983 1
39 1983 -1
67 1984 1
75 1984 -1
67 1985 1
48 1985 -1
67 1986 1
7 1986 -1
69 1987 1
53 1987 -1
69 1988 1
7 1988 -1
69 1989 1
82 1989 -1
69 1990 1
33 1990 -1
69 1991 1
71 1991 -1
69 1992 1
60 1992 -1
69 1993 1
46 1993 -1
69 1994 1
41 1994 -1
69 1995 1
31 1995 -1
69 1996 1
40 1996 -1
69 1997 1
55 1997 -1
69 1998 1
92 1998 -1
69 1999 1
74 1999 -1
69 2000 1
9 2000 -1
69 2001 1
14 2001 -1
69 2002 1
94 2002 -1
69 2003 1
19 2003 -1
69 2004 1
6 2004 -1
69 2005 1
66 2005 -1
69 2006 1
15 2006 -1
69 2007 1
98 2007 -1
69 2008 1
48 2008 -1
69 2009 1
51 2009 -1
69 2010 1
58 2010 -1
69 2011 1
21 2011 -1
69 2012 1
64 2012 -1
69 2013 1
73 2013 -1
69 2014 1
38 2014 -1
69 2015 1
36 2015 -1
69 2016 1
63 2016 -1
69 2017 1
79 2017 -1
69 2018 1
95 2018 -1
69 2019 1
30 2019 -1
69 2020 1
10 2020 -1
69 2021 1
101 2021 -1
69 2022 1
90 2022 -1
69 2023 1
102 2023 -1
69 2024 1
28 2024 -1
69 2025 1
100 2025 -1
69 2026 1
44 2026 -1
69 2027 1
107 2027 -1
69 2028 1
80 2028 -1
69 2029 1
103 2029 -1
69 2030 1
110 2030 -1
69 2031 1
27 2031 -1
69 2032 1
83 2032 -1
69 2033 1
96 2033 -1
69 2034 1
68 2034 -1
69 2035 1
24 2035 -1
69 2036 1
29 2036 -1
81 2037 1
67 2037 -1
81 2038 1
59 2038 -1
81 2039 1
71 2039 -1
81 2040 1
88 2040 -1
81 2041 1
105 2041 -1
81 2042 1
6 2042 -1
81 2043 1
108 2043 -1
81 2044 1
18 2044 -1
85 2045 1
98 2045 -1
85 2046 1
29 2046 -1
85 2047 1
15 2047 -1
85 2048 1
25 2048 -1
85 2049 1
36 2049 -1
85 2050 1
62 2050 -1
85 2051 1
101 2051 -1
85 2052 1
77 2052 -1
85 2053 1
28 2053 -1
85 2054 1
78 2054 -1
85 2055 1
46 2055 -1
98 2056 1
101 2056 -1
98 2057 1
82 2057 -1
98 2058 1
26 2058 -1
98 2059 1
16 2059 -1
98 2060 1
36 2060 -1
98 2061 1
44 2061 -1
98 2062 1
21 2062 -1
98 2063 1
78 2063 -1
98 2064 1
45 2064 -1
98 2065 1
52 2065 -1
98 2066 1
13 2066 -1
98 2067 1
94 2067 -1
98 2068 1
93 2068 -1
98 2069 1
77 2069 -1
98 2070 1
83 2070 -1
98 2071 1
7 2071 -1
98 2072 1
25 2072 -1
98 2073 1
27 2073 -1
98 2074 1
35 2074 -1
98 2075 1
6 2075 -1
98 2076 1
55 2076 -1
98 2077 1
65 2077 -1
98 2078 1
72 2078 -1
98 2079 1
84 2079 -1
98 2080 1
91 2080 -1
98 2081 1
8 2081 -1
98 2082 1
79 2082 -1
98 2083 1
105 2083 -1
98 2084 1
49 2084 -1
98 2085 1
54 2085 -1
98 2086 1
24 2086 -1
98 2087 1
40 2087 -1
101 2088 1
45 2088 -1
101 2089 1
80 2089 -1
101 2090 1
42 2090 -1
101 2091 1
32 2091 -1
101 2092 1
63 2092 -1
101 2093 1
86 2093 -1
101 2094 1
7 2094 -1
101 2095 1
96 2095 -1
101 2096 1
87 2096 -1
101 2097 1
68 2097 -1
101 2098 1
6 2098 -1
101 2099 1
9 2099 -1
101 2100 1
79 2100 -1
101 2101 1
77 2101 -1
101 2102 1
59 2102 -1
101 2103 1
97 2103 -1
101 2104 1
25 2104 -1
101 2105 1
61 2105 -1
101 2106 1
75 2106 -1
101 2107 1
40 2107 -1
101 2108 1
88 2108 -1
101 2109 1
21 2109 -1
101 2110 1
27 2110 -1
101 2111 1
85 2111 -1
101 2112 1
46 2112 -1
101 2113 1
99 2113 -1
101 2114 1
38 2114 -1
101 2115 1
31 2115 -1
101 2116 1
44 2116 -1
101 2117 1
8 2117 -1
101 2118 1
110 2118 -1
101 2119 1
78 2119 -1
101 2120 1
53 2120 -1
101 2121 1
30 2121 -1
103 2122 1
110 2122 -1
103 2123 1
109 2123 -1
103 2124 1
6 2124 -1
104 2125 1
36 2125 -1
104 2126 1
106 2126 -1
104 2127 1
75 2127 -1
104 2128 1
43 2128 -1
104 2129 1
62 2129 -1
104 2130 1
68 2130 -1
104 2131 1
57 2131 -1
104 2132 1
85 2132 -1
104 2133 1
42 2133 -1
104 2134 1
51 2134 -1
104 2135 1
29 2135 -1
104 2136 1
67 2136 -1
104 2137 1
40 2137 -1
104 2138 1
50 2138 -1
104 2139 1
71 2139 -1
104 2140 1
96 2140 -1
104 2141 1
37 2141 -1
104 2142 1
14 2142 -1
104 2143 1
87 2143 -1
104 2144 1
83 2144 -1
104 2145 1
26 2145 -1
104 2146 1
19 2146 -1
104 2147 1
53 2147 -1
104 2148 1
80 2148 -1
104 2149 1
7 2149 -1
104 2150 1
41 2150 -1
104 2151 1
82 2151 -1
104 2152 1
49 2152 -1
104 2153 1
13 2153 -1
104 2154 1
107 2154 -1
104 2155 1
22 2155 -1
104 2156 1
110 2156 -1
104 2157 1
58 2157 -1
104 2158 1
89 2158 -1
104 2159 1
99 2159 -1
104 2160 1
44 2160 -1
104 2161 1
102 2161 -1
104 2162 1
76 2162 -1
104 2163 1
10 2163 -1
104 2164 1
9 2164 -1
104 2165 1
108 2165 -1
104 2166 1
27 2166 -1
104 2167 1
109 2167 -1
104 2168 1
16 2168 -1
104 2169 1
73 2169 -1
104 2170 1
23 2170 -1
104 2171 1
95 2171 -1
104 2172 1
6 2172 -1
104 2173 1
28 2173 -1
104 2174 1
79 2174 -1
104 2175 1
46 2175 -1
104 2176 1
81 2176 -1
104 2177 1
105 2177 -1
104 2178 1
30 2178 -1
104 2179 1
90 2179 -1
104 2180 1
45 2180 -1
104 2181 1
100 2181 -1
104 2182 1
39 2182 -1
104 2183 1
33 2183 -1
104 2184 1
65 2184 -1
104 2185 1
21 2185 -1
104 2186 1
103 2186 -1
104 2187 1
97 2187 -1
104 2188 1
66 2188 -1
108 2189 1
85 2189 -1
108 2190 1
109 2190 -1
108 2191 1
58 2191 -1
108 2192 1
55 2192 -1
108 2193 1
70 2193 -1
108 2194 1
59 2194 -1
108 2195 1
29 2195 -1
5 2196 1
12 2196 -1
5 2197 1
42 2197 -1
5 2198 1
81 2198 -1
5 2199 1
73 2199 -1
5 2200 1
38 2200 -1
5 2201 1
37 2201 -1
5 2202 1
67 2202 -1
5 2203 1
36 2203 -1
5 2204 1
43 2204 -1
5 2205 1
17 2205 -1
5 2206 1
85 2206 -1
5 2207 1
25 2207 -1
5 2208 1
96 2208 -1
5 2209 1
87 2209 -1
5 2210 1
40 2210 -1
5 2211 1
98 2211 -1
5 2212 1
47 2212 -1
5 2213 1
57 2213 -1
5 2214 1
29 2214 -1
5 2215 1
58 2215 -1
5 2216 1
31 2216 -1
5 2217 1
64 2217 -1
5 2218 1
7 2218 -1
5 2219 1
10 2219 -1
5 2220 1
101 2220 -1
5 2221 1
100 2221 -1
5 2222 1
103 2222 -1
5 2223 1
74 2223 -1
5 2224 1
60 2224 -1
5 2225 1
109 2225 -1
5 2226 1
63 2226 -1
5 2227 1
6 2227 -1
5 2228 1
59 2228 -1
5 2229 1
107 2229 -1
5 2230 1
80 2230 -1
5 2231 1
94 2231 -1
5 2232 1
66 2232 -1
5 2233 1
79 2233 -1
5 2234 1
49 2234 -1
5 2235 1
104 2235 -1
5 2236 1
33 2236 -1
5 2237 1
97 2237 -1
5 2238 1
72 2238 -1
5 2239 1
44 2239 -1
5 2240 1
53 2240 -1
5 2241 1
8 2241 -1
5 2242 1
32 2242 -1
5 2243 1
90 2243 -1
5 2244 1
61 2244 -1
5 2245 1
99 2245 -1
5 2246 1
16 2246 -1
5 2247 1
68 2247 -1
5 2248 1
69 2248 -1
5 2249 1
89 2249 -1
5 2250 1
82 2250 -1
5 2251 1
51 2251 -1
5 2252 1
76 2252 -1
5 2253 1
35 2253 -1
5 2254 1
75 2254 -1
5 2255 1
20 2255 -1
5 2256 1
56 2256 -1
8 2257 1
11 2257 -1
8 2258 1
6 2258 -1
8 2259 1
21 2259 -1
8 2260 1
16 2260 -1
8 2261 1
39 2261 -1
8 2262 1
59 2262 -1
9 2263 1
19 2263 -1
9 2264 1
90 2264 -1
9 2265 1
79 2265 -1
9 2266 1
68 2266 -1
9 2267 1
57 2267 -1
9 2268 1
43 2268 -1
9 2269 1
84 2269 -1
9 2270 1
14 2270 -1
9 2271 1
17 2271 -1
9 2272 1
49 2272 -1
9 2273 1
61 2273 -1
9 2274 1
45 2274 -1
9 2275 1
88 2275 -1
9 2276 1
13 2276 -1
9 2277 1
65 2277 -1
9 2278 1
109 2278 -1
9 2279 1
40 2279 -1
9 2280 1
73 2280 -1
9 2281 1
44 2281 -1
9 2282 1
18 2282 -1
9 2283 1
22 2283 -1
9 2284 1
62 2284 -1
9 2285 1
32 2285 -1
9 2286 1
69 2286 -1
9 2287 1
105 2287 -1
9 2288 1
11 2288 -1
9 2289 1
27 2289 -1
9 2290 1
95 2290 -1
9 2291 1
71 2291 -1
9 2292 1
24 2292 -1
9 2293 1
93 2293 -1
9 2294 1
21 2294 -1
9 2295 1
25 2295 -1
9 2296 1
110 2296 -1
9 2297 1
34 2297 -1
9 2298 1
47 2298 -1
9 2299 1
10 2299 -1
9 2300 1
15 2300 -1
9 2301 1
101 2301 -1
9 2302 1
70 2302 -1
9 2303 1
29 2303 -1
11 2304 1
35 2304 -1
11 2305 1
108 2305 -1
11 2306 1
8 2306 -1
11 2307 1
106 2307 -1
11 2308 1
66 2308 -1
11 2309 1
91 2309 -1
11 2310 1
40 2310 -1
11 2311 1
21 2311 -1
11 2312 1
67 2312 -1
11 2313 1
76 2313 -1
11 2314 1
26 2314 -1
11 2315 1
25 2315 -1
11 2316 1
88 2316 -1
11 2317 1
52 2317 -1
11 2318 1
28 2318 -1
11 2319 1
9 2319 -1
11 2320 1
69 2320 -1
11 2321 1
83 2321 -1
11 2322 1
93 2322 -1
11 2323 1
84 2323 -1
11 2324 1
104 2324 -1
11 2325 1
78 2325 -1
12 2326 1
42 2326 -1
12 2327 1
67 2327 -1
12 2328 1
83 2328 -1
12 2329 1
78 2329 -1
12 2330 1
99 2330 -1
12 2331 1
98 2331 -1
12 2332 1
6 2332 -1
12 2333 1
61 2333 -1
12 2334 1
103 2334 -1
12 2335 1
14 2335 -1
12 2336 1
66 2336 -1
12 2337 1
94 2337 -1
12 2338 1
11 2338 -1
12 2339 1
50 2339 -1
12 2340 1
7 2340 -1
12 2341 1
88 2341 -1
12 2342 1
68 2342 -1
12 2343 1
48 2343 -1
12 2344 1
59 2344 -1
12 2345 1
93 2345 -1
12 2346 1
80 2346 -1
12 2347 1
25 2347 -1
12 2348 1
54 2348 -1
12 2349 1
76 2349 -1
12 2350 1
23 2350 -1
12 2351 1
102 2351 -1
12 2352 1
22 2352 -1
12 2353 1
110 2353 -1
12 2354 1
107 2354 -1
12 2355 1
51 2355 -1
12 2356 1
91 2356 -1
12 2357 1
33 2357 -1
12 2358 1
95 2358 -1
12 2359 1
65 2359 -1
12 2360 1
38 2360 -1
12 2361 1
28 2361 -1
12 2362 1
97 2362 -1
12 2363 1
39 2363 -1
12 2364 1
96 2364 -1
12 2365 1
108 2365 -1
12 2366 1
47 2366 -1
12 2367 1
30 2367 -1
12 2368 1
35 2368 -1
12 2369 1
86 2369 -1
12 2370 1
58 2370 -1
12 2371 1
26 2371 -1
12 2372 1
100 2372 -1
12 2373 1
101 2373 -1
12 2374 1
56 2374 -1
12 2375 1
53 2375 -1
12 2376 1
55 2376 -1
12 2377 1
62 2377 -1
12 2378 1
16 2378 -1
12 2379 1
82 2379 -1
12 2380 1
109 2380 -1
12 2381 1
44 2381 -1
12 2382 1
15 2382 -1
12 2383 1
13 2383 -1
12 2384 1
81 2384 -1
15 2385 1
29 2385 -1
15 2386 1
39 2386 -1
15 2387 1
56 2387 -1
15 2388 1
11 2388 -1
15 2389 1
54 2389 -1
15 2390 1
35 2390 -1
15 2391 1
78 2391 -1
15 2392 1
18 2392 -1
15 2393 1
40 2393 -1
15 2394 1
104 2394 -1
15 2395 1
26 2395 -1
15 2396 1
45 2396 -1
15 2397 1
51 2397 -1
15 2398 1
37 2398 -1
15 2399 1
49 2399 -1
19 2400 1
109 2400 -1
19 2401 1
48 2401 -1
19 2402 1
40 2402 -1
19 2403 1
89 2403 -1
19 2404 1
18 2404 -1
19 2405 1
9 2405 -1
19 2406 1
69 2406 -1
19 2407 1
70 2407 -1
19 2408 1
91 2408 -1
19 2409 1
104 2409 -1
19 2410 1
82 2410 -1
19 2411 1
99 2411 -1
19 2412 1
10 2412 -1
19 2413 1
66 2413 -1
19 2414 1
85 2414 -1
19 2415 1
94 2415 -1
19 2416 1
27 2416 -1
19 2417 1
30 2417 -1
19 2418 1
72 2418 -1
19 2419 1
46 2419 -1
19 2420 1
54 2420 -1
19 2421 1
24 2421 -1
19 2422 1
25 2422 -1
19 2423 1
50 2423 -1
19 2424 1
87 2424 -1
19 2425 1
8 2425 -1
19 2426 1
92 2426 -1
19 2427 1
60 2427 -1
19 2428 1
43 2428 -1
19 2429 1
13 2429 -1
19 2430 1
22 2430 -1
19 2431 1
86 2431 -1
19 2432 1
101 2432 -1
19 2433 1
98 2433 -1
19 2434 1
41 2434 -1
19 2435 1
79 2435 -1
19 2436 1
15 2436 -1
19 2437 1
84 2437 -1
19 2438 1
71 2438 -1
19 2439 1
38 2439 -1
19 2440 1
21 2440 -1
19 2441 1
107 2441 -1
19 2442 1
76 2442 -1
19 2443 1
88 2443 -1
19 2444 1
95 2444 -1
19 2445 1
63 2445 -1
19 2446 1
93 2446 -1
19 2447 1
7 2447 -1
19 2448 1
68 2448 -1
19 2449 1
110 2449 -1
19 2450 1
57 2450 -1
19 2451 1
36 2451 -1
19 2452 1
108 2452 -1
19 2453 1
42 2453 -1
19 2454 1
17 2454 -1
19 2455 1
53 2455 -1
19 2456 1
34 2456 -1
29 2457 1
107 2457 -1
29 2458 1
44 2458 -1
29 2459 1
20 2459 -1
29 2460 1
100 2460 -1
29 2461 1
42 2461 -1
29 2462 1
76 2462 -1
29 2463 1
75 2463 -1
29 2464 1
99 2464 -1
29 2465 1
41 2465 -1
29 2466 1
11 2466 -1
29 2467 1
17 2467 -1
31 2468 1
56 2468 -1
31 2469 1
62 2469 -1
31 2470 1
88 2470 -1
31 2471 1
91 2471 -1
31 2472 1
68 2472 -1
31 2473 1
25 2473 -1
35 2474 1
15 2474 -1
35 2475 1
63 2475 -1
35 2476 1
59 2476 -1
35 2477 1
39 2477 -1
35 2478 1
64 2478 -1
35 2479 1
41 2479 -1
40 2480 1
100 2480 -1
40 2481 1
67 2481 -1
40 2482 1
54 2482 -1
40 2483 1
65 2483 -1
40 2484 1
92 2484 -1
40 2485 1
47 2485 -1
40 2486 1
36 2486 -1
40 2487 1
80 2487 -1
40 2488 1
29 2488 -1
40 2489 1
98 2489 -1
40 2490 1
64 2490 -1
40 2491 1
95 2491 -1
40 2492 1
78 2492 -1
40 2493 1
11 2493 -1
40 2494 1
83 2494 -1
40 2495 1
52 2495 -1
40 2496 1
76 2496 -1
40 2497 1
101 2497 -1
40 2498 1
57 2498 -1
40 2499 1
18 2499 -1
40 2500 1
104 2500 -1
40 2501 1
8 2501 -1
40 2502 1
23 2502 -1
40 2503 1
50 2503 -1
40 2504 1
31 2504 -1
42 2505 1
97 2505 -1
42 2506 1
87 2506 -1
42 2507 1
51 2507 -1
42 2508 1
48 2508 -1
42 2509 1
72 2509 -1
42 2510 1
71 2510 -1
42 2511 1
22 2511 -1
42 2512 1
26 2512 -1
42 2513 1
32 2513 -1
42 2514 1
8 2514 -1
42 2515 1
62 2515 -1
42 2516 1
36 2516 -1
42 2517 1
44 2517 -1
42 2518 1
24 2518 -1
42 2519 1
27 2519 -1
42 2520 1
28 2520 -1
42 2521 1
20 2521 -1
42 2522 1
80 2522 -1
42 2523 1
59 2523 -1
42 2524 1
82 2524 -1
42 2525 1
81 2525 -1
42 2526 1
14 2526 -1
42 2527 1
67 2527 -1
42 2528 1
86 2528 -1
42 2529 1
16 2529 -1
42 2530 1
78 2530 -1
42 2531 1
90 2531 -1
42 2532 1
70 2532 -1
42 2533 1
31 2533 -1
42 2534 1
43 2534 -1
42 2535 1
35 2535 -1
48 2536 1
72 2536 -1
48 2537 1
32 2537 -1
48 2538 1
97 2538 -1
48 2539 1
14 2539 -1
48 2540 1
89 2540 -1
48 2541 1
44 2541 -1
48 2542 1
42 2542 -1
48 2543 1
46 2543 -1
48 2544 1
36 2544 -1
48 2545 1
86 2545 -1
48 2546 1
40 2546 -1
48 2547 1
43 2547 -1
48 2548 1
93 2548 -1
48 2549 1
100 2549 -1
48 2550 1
99 2550 -1
48 2551 1
92 2551 -1
48 2552 1
77 2552 -1
48 2553 1
90 2553 -1
48 2554 1
33 2554 -1
48 2555 1
66 2555 -1
48 2556 1
19 2556 -1
48 2557 1
31 2557 -1
48 2558 1
74 2558 -1
48 2559 1
38 2559 -1
48 2560 1
61 2560 -1
48 2561 1
108 2561 -1
48 2562 1
68 2562 -1
48 2563 1
104 2563 -1
48 2564 1
81 2564 -1
48 2565 1
27 2565 -1
48 2566 1
13 2566 -1
48 2567 1
82 2567 -1
48 2568 1
62 2568 -1
48 2569 1
34 2569 -1
48 2570 1
6 2570 -1
48 2571 1
54 2571 -1
48 2572 1
101 2572 -1
48 2573 1
79 2573 -1
48 2574 1
15 2574 -1
48 2575 1
28 2575 -1
48 2576 1
45 2576 -1
48 2577 1
20 2577 -1
48 2578 1
96 2578 -1
48 2579 1
29 2579 -1
48 2580 1
11 2580 -1
48 2581 1
110 2581 -1
49 2582 1
110 2582 -1
49 2583 1
50 2583 -1
49 2584 1
66 2584 -1
49 2585 1
16 2585 -1
49 2586 1
15 2586 -1
49 2587 1
55 2587 -1
49 2588 1
65 2588 -1
49 2589 1
10 2589 -1
49 2590 1
73 2590 -1
49 2591 1
104 2591 -1
49 2592 1
48 2592 -1
49 2593 1
51 2593 -1
49 2594 1
97 2594 -1
49 2595 1
79 2595 -1
49 2596 1
69 2596 -1
49 2597 1
93 2597 -1
49 2598 1
61 2598 -1
49 2599 1
46 2599 -1
49 2600 1
53 2600 -1
49 2601 1
86 2601 -1
49 2602 1
108 2602 -1
49 2603 1
82 2603 -1
49 2604 1
87 2604 -1
49 2605 1
70 2605 -1
49 2606 1
13 2606 -1
49 2607 1
76 2607 -1
49 2608 1
26 2608 -1
49 2609 1
17 2609 -1
49 2610 1
71 2610 -1
49 2611 1
7 2611 -1
49 2612 1
99 2612 -1
49 2613 1
33 2613 -1
49 2614 1
68 2614 -1
49 2615 1
106 2615 -1
49 2616 1
63 2616 -1
49 2617 1
85 2617 -1
49 2618 1
95 2618 -1
49 2619 1
103 2619 -1
49 2620 1
6 2620 -1
49 2621 1
12 2621 -1
49 2622 1
84 2622 -1
49 2623 1
90 2623 -1
49 2624 1
52 2624 -1
49 2625 1
30 2625 -1
49 2626 1
23 2626 -1
49 2627 1
89 2627 -1
56 2628 1
58 2628 -1
56 2629 1
37 2629 -1
56 2630 1
86 2630 -1
56 2631 1
19 2631 -1
56 2632 1
72 2632 -1
56 2633 1
71 2633 -1
56 2634 1
22 2634 -1
56 2635 1
48 2635 -1
56 2636 1
40 2636 -1
56 2637 1
98 2637 -1
56 2638 1
55 2638 -1
56 2639 1
12 2639 -1
56 2640 1
99 2640 -1
56 2641 1
78 2641 -1
56 2642 1
108 2642 -1
56 2643 1
92 2643 -1
56 2644 1
10 2644 -1
56 2645 1
102 2645 -1
56 2646 1
53 2646 -1
56 2647 1
61 2647 -1
56 2648 1
7 2648 -1
56 2649 1
106 2649 -1
58 2650 1
40 2650 -1
58 2651 1
24 2651 -1
58 2652 1
18 2652 -1
58 2653 1
78 2653 -1
58 2654 1
53 2654 -1
58 2655 1
76 2655 -1
58 2656 1
28 2656 -1
58 2657 1
19 2657 -1
58 2658 1
47 2658 -1
58 2659 1
63 2659 -1
58 2660 1
55 2660 -1
58 2661 1
46 2661 -1
58 2662 1
22 2662 -1
58 2663 1
97 2663 -1
58 2664 1
17 2664 -1
58 2665 1
39 2665 -1
58 2666 1
72 2666 -1
72 2667 1
105 2667 -1
72 2668 1
83 2668 -1
72 2669 1
97 2669 -1
72 2670 1
89 2670 -1
72 2671 1
38 2671 -1
72 2672 1
67 2672 -1
72 2673 1
39 2673 -1
72 2674 1
40 2674 -1
72 2675 1
46 2675 -1
72 2676 1
79 2676 -1
72 2677 1
13 2677 -1
72 2678 1
66 2678 -1
72 2679 1
9 2679 -1
72 2680 1
29 2680 -1
74 2681 1
8 2681 -1
74 2682 1
101 2682 -1
74 2683 1
68 2683 -1
74 2684 1
105 2684 -1
74 2685 1
20 2685 -1
74 2686 1
18 2686 -1
74 2687 1
27 2687 -1
74 2688 1
64 2688 -1
74 2689 1
43 2689 -1
74 2690 1
26 2690 -1
74 2691 1
108 2691 -1
74 2692 1
48 2692 -1
74 2693 1
19 2693 -1
74 2694 1
10 2694 -1
74 2695 1
91 2695 -1
74 2696 1
35 2696 -1
74 2697 1
54 2697 -1
74 2698 1
22 2698 -1
74 2699 1
6 2699 -1
74 2700 1
31 2700 -1
74 2701 1
51 2701 -1
74 2702 1
83 2702 -1
74 2703 1
59 2703 -1
74 2704 1
33 2704 -1
74 2705 1
98 2705 -1
74 2706 1
109 2706 -1
74 2707 1
40 2707 -1
74 2708 1
9 2708 -1
74 2709 1
96 2709 -1
74 2710 1
36 2710 -1
74 2711 1
12 2711 -1
74 2712 1
23 2712 -1
74 2713 1
57 2713 -1
74 2714 1
42 2714 -1
74 2715 1
71 2715 -1
74 2716 1
99 2716 -1
74 2717 1
100 2717 -1
74 2718 1
38 2718 -1
74 2719 1
92 2719 -1
74 2720 1
16 2720 -1
74 2721 1
37 2721 -1
74 2722 1
85 2722 -1
74 2723 1
41 2723 -1
74 2724 1
95 2724 -1
74 2725 1
28 2725 -1
74 2726 1
17 2726 -1
74 2727 1
80 2727 -1
90 2728 1
93 2728 -1
90 2729 1
103 2729 -1
90 2730 1
56 2730 -1
90 2731 1
73 2731 -1
90 2732 1
39 2732 -1
90 2733 1
102 2733 -1
90 2734 1
59 2734 -1
90 2735 1
101 2735 -1
90 2736 1
12 2736 -1
90 2737 1
30 2737 -1
90 2738 1
85 2738 -1
90 2739 1
100 2739 -1
90 2740 1
53 2740 -1
90 2741 1
6 2741 -1
90 2742 1
40 2742 -1
90 2743 1
18 2743 -1
90 2744 1
46 2744 -1
90 2745 1
26 2745 -1
90 2746 1
104 2746 -1
90 2747 1
37 2747 -1
90 2748 1
98 2748 -1
90 2749 1
63 2749 -1
90 2750 1
45 2750 -1
90 2751 1
97 2751 -1
90 2752 1
21 2752 -1
90 2753 1
82 2753 -1
90 2754 1
74 2754 -1
90 2755 1
77 2755 -1
90 2756 1
9 2756 -1
90 2757 1
25 2757 -1
90 2758 1
81 2758 -1
90 2759 1
92 2759 -1
90 2760 1
60 2760 -1
90 2761 1
43 2761 -1
90 2762 1
86 2762 -1
90 2763 1
29 2763 -1
90 2764 1
16 2764 -1
90 2765 1
10 2765 -1
90 2766 1
31 2766 -1
90 2767 1
33 2767 -1
93 2768 1
31 2768 -1
93 2769 1
17 2769 -1
93 2770 1
49 2770 -1
93 2771 1
30 2771 -1
93 2772 1
44 2772 -1
93 2773 1
38 2773 -1
93 2774 1
65 2774 -1
93 2775 1
54 2775 -1
93 2776 1
11 2776 -1
93 2777 1
14 2777 -1
93 2778 1
41 2778 -1
93 2779 1
42 2779 -1
93 2780 1
64 2780 -1
93 2781 1
35 2781 -1
93 2782 1
95 2782 -1
93 2783 1
7 2783 -1
93 2784 1
13 2784 -1
93 2785 1
83 2785 -1
93 2786 1
19 2786 -1
93 2787 1
61 2787 -1
93 2788 1
24 2788 -1
93 2789 1
97 2789 -1
93 2790 1
26 2790 -1
93 2791 1
91 2791 -1
93 2792 1
59 2792 -1
93 2793 1
40 2793 -1
93 2794 1
70 2794 -1
93 2795 1
87 2795 -1
93 2796 1
60 2796 -1
93 2797 1
110 2797 -1
93 2798 1
32 2798 -1
93 2799 1
88 2799 -1
93 2800 1
10 2800 -1
93 2801 1
8 2801 -1
93 2802 1
108 2802 -1
93 2803 1
28 2803 -1
93 2804 1
45 2804 -1
93 2805 1
58 2805 -1
93 2806 1
57 2806 -1
93 2807 1
34 2807 -1
93 2808 1
79 2808 -1
93 2809 1
21 2809 -1
93 2810 1
12 2810 -1
93 2811 1
103 2811 -1
93 2812 1
48 2812 -1
93 2813 1
109 2813 -1
93 2814 1
25 2814 -1
93 2815 1
39 2815 -1
93 2816 1
69 2816 -1
93 2817 1
18 2817 -1
93 2818 1
67 2818 -1
93 2819 1
23 2819 -1
93 2820 1
82 2820 -1
93 2821 1
33 2821 -1
93 2822 1
37 2822 -1
93 2823 1
80 2823 -1
93 2824 1
27 2824 -1
93 2825 1
56 2825 -1
93 2826 1
102 2826 -1
93 2827 1
71 2827 -1
93 2828 1
9 2828 -1
93 2829 1
55 2829 -1
93 2830 1
36 2830 -1
93 2831 1
76 2831 -1
93 2832 1
50 2832 -1
93 2833 1
84 2833 -1
93 2834 1
68 2834 -1
93 2835 1
66 2835 -1
93 2836 1
77 2836 -1
93 2837 1
73 2837 -1
93 2838 1
74 2838 -1
93 2839 1
43 2839 -1
93 2840 1
53 2840 -1
93 2841 1
63 2841 -1
93 2842 1
51 2842 -1
93 2843 1
47 2843 -1
93 2844 1
90 2844 -1
93 2845 1
100 2845 -1
93 2846 1
96 2846 -1
93 2847 1
52 2847 -1
93 2848 1
107 2848 -1
93 2849 1
15 2849 -1
97 2850 1
9 2850 -1
97 2851 1
20 2851 -1
97 2852 1
11 2852 -1
97 2853 1
65 2853 -1
97 2854 1
10 2854 -1
97 2855 1
109 2855 -1
97 2856 1
8 2856 -1
97 2857 1
21 2857 -1
97 2858 1
18 2858 -1
97 2859 1
12 2859 -1
97 2860 1
77 2860 -1
97 2861 1
6 2861 -1
97 2862 1
35 2862 -1
97 2863 1
79 2863 -1
97 2864 1
40 2864 -1
97 2865 1
42 2865 -1
97 2866 1
31 2866 -1
97 2867 1
74 2867 -1
97 2868 1
78 2868 -1
97 2869 1
15 2869 -1
97 2870 1
34 2870 -1
97 2871 1
86 2871 -1
97 2872 1
13 2872 -1
97 2873 1
28 2873 -1
97 2874 1
32 2874 -1
97 2875 1
75 2875 -1
97 2876 1
19 2876 -1
97 2877 1
25 2877 -1
97 2878 1
37 2878 -1
97 2879 1
72 2879 -1
97 2880 1
99 2880 -1
97 2881 1
94 2881 -1
97 2882 1
27 2882 -1
97 2883 1
105 2883 -1
97 2884 1
51 2884 -1
97 2885 1
7 2885 -1
97 2886 1
56 2886 -1
97 2887 1
59 2887 -1
97 2888 1
87 2888 -1
97 2889 1
45 2889 -1
97 2890 1
84 2890 -1
97 2891 1
76 2891 -1
97 2892 1
52 2892 -1
97 2893 1
50 2893 -1
97 2894 1
43 2894 -1
97 2895 1
100 2895 -1
97 2896 1
68 2896 -1
100 2897 1
74 2897 -1
100 2898 1
78 2898 -1
100 2899 1
36 2899 -1
100 2900 1
59 2900 -1
100 2901 1
49 2901 -1
100 2902 1
57 2902 -1
100 2903 1
96 2903 -1
100 2904 1
85 2904 -1
105 2905 1
90 2905 -1
105 2906 1
80 2906 -1
105 2907 1
7 2907 -1
105 2908 1
69 2908 -1
105 2909 1
62 2909 -1
105 2910 1
13 2910 -1
105 2911 1
61 2911 -1
105 2912 1
11 2912 -1
105 2913 1
75 2913 -1
105 2914 1
104 2914 -1
105 2915 1
14 2915 -1
105 2916 1
85 2916 -1
105 2917 1
12 2917 -1
105 2918 1
18 2918 -1
105 2919 1
36 2919 -1
105 2920 1
29 2920 -1
105 2921 1
27 2921 -1
105 2922 1
76 2922 -1
105 2923 1
28 2923 -1
105 2924 1
19 2924 -1
105 2925 1
43 2925 -1
105 2926 1
41 2926 -1
105 2927 1
66 2927 -1
105 2928 1
103 2928 -1
105 2929 1
68 2929 -1
105 2930 1
55 2930 -1
105 2931 1
83 2931 -1
105 2932 1
45 2932 -1
105 2933 1
9 2933 -1
105 2934 1
54 2934 -1
105 2935 1
64 2935 -1
105 2936 1
88 2936 -1
105 2937 1
79 2937 -1
105 2938 1
94 2938 -1
105 2939 1
23 2939 -1
105 2940 1
57 2940 -1
105 2941 1
15 2941 -1
105 2942 1
87 2942 -1
105 2943 1
108 2943 -1
105 2944 1
10 2944 -1
105 2945 1
8 2945 -1
105 2946 1
84 2946 -1
105 2947 1
73 2947 -1
105 2948 1
17 2948 -1
105 2949 1
56 2949 -1
105 2950 1
24 2950 -1
105 2951 1
98 2951 -1
105 2952 1
82 2952 -1
105 2953 1
106 2953 -1
105 2954 1
35 2954 -1
105 2955 1
70 2955 -1
105 2956 1
25 2956 -1
105 2957 1
37 2957 -1
105 2958 1
42 2958 -1
105 2959 1
107 2959 -1
105 2960 1
71 2960 -1
105 2961 1
96 2961 -1
105 2962 1
40 2962 -1
105 2963 1
6 2963 -1
105 2964 1
101 2964 -1
105 2965 1
92 2965 -1
105 2966 1
30 2966 -1
105 2967 1
63 2967 -1
105 2968 1
100 2968 -1
105 2969 1
32 2969 -1
105 2970 1
44 2970 -1
105 2971 1
21 2971 -1
105 2972 1
48 2972 -1
105 2973 1
110 2973 -1
107 2974 1
49 2974 -1
107 2975 1
10 2975 -1
107 2976 1
99 2976 -1
107 2977 1
92 2977 -1
107 2978 1
86 2978 -1
107 2979 1
71 2979 -1
107 2980 1
79 2980 -1
107 2981 1
29 2981 -1
107 2982 1
68 2982 -1
107 2983 1
78 2983 -1
107 2984 1
104 2984 -1
107 2985 1
102 2985 -1
107 2986 1
53 2986 -1
107 2987 1
109 2987 -1
107 2988 1
76 2988 -1
107 2989 1
106 2989 -1
107 2990 1
65 2990 -1
107 2991 1
32 2991 -1
107 2992 1
46 2992 -1
107 2993 1
67 2993 -1
107 2994 1
31 2994 -1
107 2995 1
43 2995 -1
107 2996 1
103 2996 -1
107 2997 1
11 2997 -1
107 2998 1
45 2998 -1
107 2999 1
17 2999 -1
107 3000 1
13 3000 -1
