1 1 1
34 1 -1
1 2 1
83 2 -1
1 3 1
71 3 -1
12 4 1
106 4 -1
12 5 1
88 5 -1
12 6 1
125 6 -1
12 7 1
57 7 -1
12 8 1
77 8 -1
12 9 1
44 9 -1
12 10 1
33 10 -1
12 11 1
32 11 -1
12 12 1
41 12 -1
12 13 1
80 13 -1
12 14 1
149 14 -1
12 15 1
27 15 -1
12 16 1
114 16 -1
12 17 1
30 17 -1
12 18 1
109 18 -1
12 19 1
48 19 -1
12 20 1
46 20 -1
12 21 1
74 21 -1
12 22 1
131 22 -1
12 23 1
49 23 -1
12 24 1
136 24 -1
12 25 1
51 25 -1
12 26 1
34 26 -1
12 27 1
22 27 -1
12 28 1
138 28 -1
31 29 1
105 29 -1
31 30 1
130 30 -1
31 31 1
87 31 -1
31 32 1
24 32 -1
31 33 1
90 33 -1
31 34 1
145 34 -1
31 35 1
79 35 -1
31 36 1
140 36 -1
31 37 1
153 37 -1
31 38 1
151 38 -1
31 39 1
124 39 -1
31 40 1
59 40 -1
31 41 1
78 41 -1
31 42 1
75 42 -1
31 43 1
116 43 -1
31 44 1
45 44 -1
31 45 1
64 45 -1
31 46 1
26 46 -1
31 47 1
97 47 -1
31 48 1
128 48 -1
31 49 1
122 49 -1
31 50 1
13 50 -1
31 51 1
82 51 -1
31 52 1
62 52 -1
31 53 1
33 53 -1
31 54 1
127 54 -1
31 55 1
152 55 -1
31 56 1
77 56 -1
31 57 1
115 57 -1
34 58 1
48 58 -1
34 59 1
130 59 -1
34 60 1
117 60 -1
34 61 1
66 61 -1
34 62 1
146 62 -1
34 63 1
33 63 -1
34 64 1
124 64 -1
34 65 1
142 65 -1
34 66 1
144 66 -1
34 67 1
89 67 -1
34 68 1
116 68 -1
34 69 1
25 69 -1
34 70 1
115 70 -1
34 71 1
79 71 -1
34 72 1
114 72 -1
34 73 1
80 73 -1
34 74 1
154 74 -1
48 75 1
57 75 -1
48 76 1
1 76 -1
48 77 1
94 77 -1
48 78 1
58 78 -1
48 79 1
79 79 -1
48 80 1
82 80 -1
48 81 1
87 81 -1
48 82 1
63 82 -1
48 83 1
117 83 -1
48 84 1
80 84 -1
48 85 1
147 85 -1
48 86 1
43 86 -1
48 87 1
110 87 -1
48 88 1
115 88 -1
48 89 1
68 89 -1
48 90 1
143 90 -1
48 91 1
65 91 -1
48 92 1
105 92 -1
48 93 1
135 93 -1
48 94 1
66 94 -1
48 95 1
122 95 -1
48 96 1
136 96 -1
48 97 1
15 97 -1
48 98 1
130 98 -1
48 99 1
72 99 -1
48 100 1
120 100 -1
48 101 1
92 101 -1
48 102 1
56 102 -1
48 103 1
111 103 -1
48 104 1
119 104 -1
57 105 1
141 105 -1
57 106 1
155 106 -1
57 107 1
14 107 -1
57 108 1
33 108 -1
57 109 1
52 109 -1
57 110 1
79 110 -1
57 111 1
42 111 -1
57 112 1
88 112 -1
57 113 1
121 113 -1
57 114 1
69 114 -1
57 115 1
65 115 -1
57 116 1
103 116 -1
57 117 1
143 117 -1
57 118 1
136 118 -1
57 119 1
95 119 -1
57 120 1
19 120 -1
57 121 1
94 121 -1
57 122 1
114 122 -1
57 123 1
125 123 -1
57 124 1
119 124 -1
57 125 1
109 125 -1
57 126 1
11 126 -1
57 127 1
140 127 -1
57 128 1
154 128 -1
57 129 1
135 129 -1
57 130 1
41 130 -1
57 131 1
13 131 -1
57 132 1
152 132 -1
57 133 1
134 133 -1
57 134 1
17 134 -1
57 135 1
89 135 -1
57 136 1
31 136 -1
57 137 1
139 137 -1
57 138 1
108 138 -1
57 139 1
46 139 -1
66 140 1
132 140 -1
66 141 1
29 141 -1
66 142 1
22 142 -1
66 143 1
150 143 -1
66 144 1
15 144 -1
66 145 1
118 145 -1
66 146 1
115 146 -1
66 147 1
113 147 -1
66 148 1
57 148 -1
66 149 1
94 149 -1
66 150 1
14 150 -1
66 151 1
86 151 -1
66 152 1
47 152 -1
66 153 1
78 153 -1
66 154 1
134 154 -1
66 155 1
34 155 -1
66 156 1
107 156 -1
66 157 1
60 157 -1
66 158 1
65 158 -1
66 159 1
13 159 -1
66 160 1
152 160 -1
66 161 1
43 161 -1
66 162 1
77 162 -1
66 163 1
68 163 -1
66 164 1
96 164 -1
66 165 1
121 165 -1
66 166 1
56 166 -1
66 167 1
111 167 -1
66 168 1
76 168 -1
66 169 1
35 169 -1
85 170 1
12 170 -1
85 171 1
90 171 -1
85 172 1
108 172 -1
85 173 1
55 173 -1
85 174 1
149 174 -1
85 175 1
41 175 -1
85 176 1
40 176 -1
85 177 1
153 177 -1
85 178 1
23 178 -1
85 179 1
104 179 -1
85 180 1
67 180 -1
85 181 1
22 181 -1
85 182 1
39 182 -1
85 183 1
27 183 -1
85 184 1
13 184 -1
85 185 1
120 185 -1
85 186 1
17 186 -1
85 187 1
101 187 -1
85 188 1
29 188 -1
85 189 1
37 189 -1
85 190 1
152 190 -1
85 191 1
21 191 -1
85 192 1
11 192 -1
85 193 1
31 193 -1
85 194 1
139 194 -1
87 195 1
102 195 -1
87 196 1
73 196 -1
87 197 1
52 197 -1
87 198 1
61 198 -1
87 199 1
113 199 -1
87 200 1
81 200 -1
87 201 1
118 201 -1
87 202 1
124 202 -1
87 203 1
47 203 -1
87 204 1
50 204 -1
87 205 1
152 205 -1
87 206 1
86 206 -1
87 207 1
22 207 -1
87 208 1
90 208 -1
87 209 1
38 209 -1
87 210 1
53 210 -1
87 211 1
91 211 -1
87 212 1
46 212 -1
87 213 1
143 213 -1
87 214 1
139 214 -1
87 215 1
57 215 -1
87 216 1
150 216 -1
87 217 1
134 217 -1
87 218 1
21 218 -1
87 219 1
100 219 -1
87 220 1
95 220 -1
87 221 1
63 221 -1
87 222 1
141 222 -1
87 223 1
83 223 -1
87 224 1
116 224 -1
87 225 1
114 225 -1
87 226 1
79 226 -1
87 227 1
142 227 -1
102 228 1
31 228 -1
102 229 1
85 229 -1
102 230 1
49 230 -1
102 231 1
82 231 -1
102 232 1
11 232 -1
102 233 1
38 233 -1
102 234 1
104 234 -1
102 235 1
94 235 -1
102 236 1
98 236 -1
102 237 1
77 237 -1
105 238 1
155 238 -1
105 239 1
21 239 -1
105 240 1
48 240 -1
105 241 1
35 241 -1
105 242 1
18 242 -1
105 243 1
106 243 -1
105 244 1
27 244 -1
105 245 1
67 245 -1
105 246 1
122 246 -1
105 247 1
139 247 -1
105 248 1
128 248 -1
105 249 1
94 249 -1
105 250 1
90 250 -1
105 251 1
25 251 -1
105 252 1
148 252 -1
105 253 1
125 253 -1
105 254 1
146 254 -1
105 255 1
23 255 -1
105 256 1
53 256 -1
105 257 1
55 257 -1
105 258 1
15 258 -1
105 259 1
133 259 -1
105 260 1
89 260 -1
105 261 1
69 261 -1
105 262 1
38 262 -1
105 263 1
42 263 -1
105 264 1
54 264 -1
105 265 1
30 265 -1
105 266 1
13 266 -1
105 267 1
20 267 -1
106 268 1
66 268 -1
106 269 1
127 269 -1
106 270 1
26 270 -1
106 271 1
134 271 -1
106 272 1
155 272 -1
106 273 1
47 273 -1
106 274 1
125 274 -1
106 275 1
132 275 -1
106 276 1
34 276 -1
106 277 1
103 277 -1
106 278 1
124 278 -1
106 279 1
120 279 -1
106 280 1
84 280 -1
106 281 1
113 281 -1
106 282 1
105 282 -1
106 283 1
32 283 -1
106 284 1
92 284 -1
106 285 1
154 285 -1
106 286 1
114 286 -1
106 287 1
107 287 -1
106 288 1
74 288 -1
106 289 1
24 289 -1
106 290 1
139 290 -1
106 291 1
61 291 -1
106 292 1
97 292 -1
106 293 1
22 293 -1
132 294 1
146 294 -1
132 295 1
13 295 -1
132 296 1
37 296 -1
132 297 1
118 297 -1
132 298 1
19 298 -1
132 299 1
102 299 -1
132 300 1
141 300 -1
132 301 1
64 301 -1
132 302 1
129 302 -1
132 303 1
21 303 -1
132 304 1
67 304 -1
132 305 1
68 305 -1
132 306 1
31 306 -1
132 307 1
98 307 -1
132 308 1
62 308 -1
132 309 1
89 309 -1
132 310 1
30 310 -1
132 311 1
43 311 -1
132 312 1
46 312 -1
132 313 1
80 313 -1
141 314 1
85 314 -1
141 315 1
114 315 -1
141 316 1
117 316 -1
141 317 1
104 317 -1
141 318 1
34 318 -1
141 319 1
94 319 -1
141 320 1
23 320 -1
141 321 1
147 321 -1
141 322 1
138 322 -1
141 323 1
134 323 -1
141 324 1
24 324 -1
146 325 1
87 325 -1
146 326 1
13 326 -1
146 327 1
127 327 -1
146 328 1
17 328 -1
146 329 1
40 329 -1
146 330 1
20 330 -1
146 331 1
12 331 -1
146 332 1
138 332 -1
146 333 1
86 333 -1
146 334 1
34 334 -1
146 335 1
113 335 -1
146 336 1
60 336 -1
146 337 1
61 337 -1
146 338 1
29 338 -1
146 339 1
98 339 -1
146 340 1
63 340 -1
146 341 1
51 341 -1
146 342 1
155 342 -1
146 343 1
41 343 -1
146 344 1
144 344 -1
146 345 1
118 345 -1
146 346 1
21 346 -1
146 347 1
150 347 -1
146 348 1
141 348 -1
146 349 1
119 349 -1
146 350 1
54 350 -1
146 351 1
126 351 -1
146 352 1
73 352 -1
146 353 1
68 353 -1
146 354 1
84 354 -1
2 355 1
131 355 -1
2 356 1
65 356 -1
2 357 1
128 357 -1
2 358 1
95 358 -1
2 359 1
49 359 -1
2 360 1
81 360 -1
2 361 1
145 361 -1
2 362 1
31 362 -1
2 363 1
22 363 -1
2 364 1
113 364 -1
2 365 1
143 365 -1
2 366 1
122 366 -1
2 367 1
19 367 -1
2 368 1
64 368 -1
2 369 1
112 369 -1
2 370 1
96 370 -1
2 371 1
20 371 -1
2 372 1
14 372 -1
2 373 1
133 373 -1
2 374 1
114 374 -1
2 375 1
34 375 -1
2 376 1
39 376 -1
2 377 1
142 377 -1
2 378 1
134 378 -1
15 379 1
154 379 -1
15 380 1
45 380 -1
15 381 1
51 381 -1
15 382 1
144 382 -1
15 383 1
39 383 -1
15 384 1
90 384 -1
15 385 1
103 385 -1
15 386 1
38 386 -1
15 387 1
102 387 -1
15 388 1
109 388 -1
15 389 1
12 389 -1
15 390 1
54 390 -1
15 391 1
87 391 -1
15 392 1
56 392 -1
15 393 1
145 393 -1
15 394 1
14 394 -1
15 395 1
93 395 -1
15 396 1
143 396 -1
15 397 1
149 397 -1
15 398 1
128 398 -1
15 399 1
98 399 -1
15 400 1
28 400 -1
15 401 1
110 401 -1
15 402 1
113 402 -1
15 403 1
129 403 -1
15 404 1
130 404 -1
15 405 1
137 405 -1
15 406 1
26 406 -1
15 407 1
75 407 -1
15 408 1
57 408 -1
20 409 1
119 409 -1
20 410 1
93 410 -1
20 411 1
16 411 -1
20 412 1
69 412 -1
20 413 1
91 413 -1
20 414 1
17 414 -1
20 415 1
21 415 -1
20 416 1
136 416 -1
20 417 1
46 417 -1
20 418 1
57 418 -1
20 419 1
73 419 -1
20 420 1
41 420 -1
20 421 1
40 421 -1
20 422 1
111 422 -1
20 423 1
103 423 -1
20 424 1
131 424 -1
22 425 1
142 425 -1
22 426 1
132 426 -1
22 427 1
84 427 -1
22 428 1
133 428 -1
22 429 1
48 429 -1
22 430 1
105 430 -1
22 431 1
27 431 -1
22 432 1
69 432 -1
22 433 1
24 433 -1
22 434 1
140 434 -1
22 435 1
28 435 -1
22 436 1
92 436 -1
22 437 1
81 437 -1
22 438 1
114 438 -1
22 439 1
74 439 -1
30 440 1
38 440 -1
30 441 1
87 441 -1
30 442 1
26 442 -1
30 443 1
132 443 -1
30 444 1
11 444 -1
30 445 1
142 445 -1
30 446 1
54 446 -1
30 447 1
90 447 -1
30 448 1
150 448 -1
30 449 1
147 449 -1
30 450 1
79 450 -1
38 451 1
71 451 -1
38 452 1
87 452 -1
38 453 1
106 453 -1
38 454 1
119 454 -1
38 455 1
68 455 -1
38 456 1
153 456 -1
38 457 1
47 457 -1
38 458 1
85 458 -1
38 459 1
124 459 -1
38 460 1
105 460 -1
38 461 1
42 461 -1
38 462 1
92 462 -1
38 463 1
154 463 -1
38 464 1
115 464 -1
38 465 1
69 465 -1
38 466 1
103 466 -1
38 467 1
46 467 -1
38 468 1
54 468 -1
41 469 1
53 469 -1
41 470 1
77 470 -1
41 471 1
120 471 -1
41 472 1
12 472 -1
41 473 1
152 473 -1
41 474 1
47 474 -1
41 475 1
151 475 -1
41 476 1
56 476 -1
41 477 1
38 477 -1
41 478 1
97 478 -1
41 479 1
68 479 -1
41 480 1
95 480 -1
41 481 1
25 481 -1
41 482 1
154 482 -1
41 483 1
57 483 -1
41 484 1
54 484 -1
41 485 1
147 485 -1
41 486 1
13 486 -1
41 487 1
100 487 -1
41 488 1
125 488 -1
41 489 1
86 489 -1
41 490 1
126 490 -1
41 491 1
61 491 -1
41 492 1
64 492 -1
41 493 1
39 493 -1
41 494 1
110 494 -1
41 495 1
90 495 -1
41 496 1
78 496 -1
41 497 1
145 497 -1
41 498 1
81 498 -1
41 499 1
134 499 -1
41 500 1
127 500 -1
41 501 1
79 501 -1
41 502 1
75 502 -1
41 503 1
27 503 -1
41 504 1
70 504 -1
41 505 1
139 505 -1
49 506 1
151 506 -1
49 507 1
81 507 -1
49 508 1
155 508 -1
49 509 1
126 509 -1
49 510 1
68 510 -1
49 511 1
54 511 -1
49 512 1
30 512 -1
49 513 1
78 513 -1
49 514 1
136 514 -1
49 515 1
141 515 -1
49 516 1
110 516 -1
49 517 1
16 517 -1
49 518 1
13 518 -1
53 519 1
69 519 -1
53 520 1
14 520 -1
53 521 1
97 521 -1
53 522 1
113 522 -1
53 523 1
83 523 -1
53 524 1
101 524 -1
53 525 1
129 525 -1
53 526 1
29 526 -1
53 527 1
68 527 -1
53 528 1
107 528 -1
53 529 1
141 529 -1
53 530 1
44 530 -1
53 531 1
63 531 -1
53 532 1
155 532 -1
53 533 1
153 533 -1
53 534 1
94 534 -1
53 535 1
28 535 -1
53 536 1
117 536 -1
53 537 1
137 537 -1
53 538 1
79 538 -1
54 539 1
22 539 -1
54 540 1
86 540 -1
54 541 1
99 541 -1
54 542 1
92 542 -1
54 543 1
65 543 -1
54 544 1
41 544 -1
54 545 1
121 545 -1
54 546 1
57 546 -1
54 547 1
26 547 -1
54 548 1
56 548 -1
54 549 1
77 549 -1
54 550 1
138 550 -1
54 551 1
12 551 -1
65 552 1
1 552 -1
65 553 1
152 553 -1
65 554 1
67 554 -1
65 555 1
79 555 -1
65 556 1
42 556 -1
65 557 1
78 557 -1
65 558 1
77 558 -1
65 559 1
128 559 -1
65 560 1
85 560 -1
65 561 1
82 561 -1
65 562 1
151 562 -1
65 563 1
126 563 -1
65 564 1
139 564 -1
65 565 1
107 565 -1
65 566 1
87 566 -1
69 567 1
155 567 -1
69 568 1
82 568 -1
69 569 1
24 569 -1
69 570 1
23 570 -1
69 571 1
67 571 -1
69 572 1
30 572 -1
69 573 1
80 573 -1
69 574 1
139 574 -1
69 575 1
20 575 -1
69 576 1
149 576 -1
69 577 1
147 577 -1
69 578 1
117 578 -1
69 579 1
85 579 -1
69 580 1
110 580 -1
69 581 1
77 581 -1
69 582 1
42 582 -1
69 583 1
73 583 -1
69 584 1
76 584 -1
69 585 1
14 585 -1
69 586 1
114 586 -1
69 587 1
126 587 -1
69 588 1
15 588 -1
69 589 1
91 589 -1
69 590 1
40 590 -1
69 591 1
81 591 -1
69 592 1
130 592 -1
69 593 1
58 593 -1
69 594 1
22 594 -1
69 595 1
86 595 -1
69 596 1
70 596 -1
69 597 1
25 597 -1
69 598 1
32 598 -1
69 599 1
92 599 -1
71 600 1
54 600 -1
71 601 1
21 601 -1
71 602 1
17 602 -1
74 603 1
15 603 -1
74 604 1
12 604 -1
74 605 1
36 605 -1
74 606 1
119 606 -1
74 607 1
61 607 -1
74 608 1
48 608 -1
74 609 1
104 609 -1
74 610 1
82 610 -1
74 611 1
39 611 -1
74 612 1
76 612 -1
74 613 1
152 613 -1
74 614 1
150 614 -1
74 615 1
63 615 -1
74 616 1
51 616 -1
74 617 1
121 617 -1
74 618 1
81 618 -1
74 619 1
114 619 -1
74 620 1
153 620 -1
74 621 1
140 621 -1
74 622 1
23 622 -1
74 623 1
13 623 -1
74 624 1
123 624 -1
74 625 1
146 625 -1
74 626 1
79 626 -1
115 627 1
41 627 -1
115 628 1
81 628 -1
115 629 1
133 629 -1
115 630 1
87 630 -1
115 631 1
39 631 -1
115 632 1
36 632 -1
115 633 1
50 633 -1
119 634 1
65 634 -1
119 635 1
34 635 -1
119 636 1
96 636 -1
119 637 1
51 637 -1
119 638 1
17 638 -1
119 639 1
46 639 -1
119 640 1
42 640 -1
119 641 1
83 641 -1
119 642 1
84 642 -1
119 643 1
127 643 -1
119 644 1
111 644 -1
119 645 1
155 645 -1
119 646 1
76 646 -1
119 647 1
139 647 -1
119 648 1
91 648 -1
119 649 1
136 649 -1
119 650 1
144 650 -1
119 651 1
23 651 -1
119 652 1
134 652 -1
131 653 1
20 653 -1
131 654 1
86 654 -1
131 655 1
135 655 -1
131 656 1
22 656 -1
131 657 1
142 657 -1
131 658 1
73 658 -1
131 659 1
148 659 -1
131 660 1
117 660 -1
131 661 1
51 661 -1
131 662 1
74 662 -1
131 663 1
50 663 -1
131 664 1
41 664 -1
131 665 1
144 665 -1
131 666 1
52 666 -1
131 667 1
89 667 -1
131 668 1
97 668 -1
131 669 1
61 669 -1
131 670 1
114 670 -1
131 671 1
46 671 -1
131 672 1
113 672 -1
131 673 1
67 673 -1
131 674 1
112 674 -1
131 675 1
147 675 -1
131 676 1
137 676 -1
131 677 1
23 677 -1
131 678 1
33 678 -1
131 679 1
39 679 -1
131 680 1
13 680 -1
131 681 1
35 681 -1
131 682 1
84 682 -1
131 683 1
55 683 -1
142 684 1
115 684 -1
142 685 1
143 685 -1
142 686 1
144 686 -1
142 687 1
31 687 -1
142 688 1
98 688 -1
142 689 1
69 689 -1
142 690 1
82 690 -1
142 691 1
118 691 -1
142 692 1
150 692 -1
142 693 1
121 693 -1
142 694 1
113 694 -1
142 695 1
139 695 -1
142 696 1
130 696 -1
142 697 1
141 697 -1
142 698 1
19 698 -1
142 699 1
35 699 -1
142 700 1
101 700 -1
142 701 1
153 701 -1
142 702 1
71 702 -1
142 703 1
119 703 -1
142 704 1
85 704 -1
142 705 1
14 705 -1
142 706 1
30 706 -1
142 707 1
104 707 -1
142 708 1
54 708 -1
142 709 1
137 709 -1
142 710 1
95 710 -1
142 711 1
126 711 -1
142 712 1
116 712 -1
142 713 1
61 713 -1
142 714 1
96 714 -1
142 715 1
92 715 -1
142 716 1
63 716 -1
151 717 1
74 717 -1
151 718 1
153 718 -1
151 719 1
14 719 -1
151 720 1
32 720 -1
151 721 1
97 721 -1
151 722 1
94 722 -1
151 723 1
37 723 -1
151 724 1
117 724 -1
151 725 1
34 725 -1
151 726 1
15 726 -1
151 727 1
91 727 -1
151 728 1
87 728 -1
151 729 1
57 729 -1
151 730 1
30 730 -1
151 731 1
146 731 -1
151 732 1
109 732 -1
151 733 1
89 733 -1
151 734 1
44 734 -1
151 735 1
23 735 -1
152 736 1
49 736 -1
152 737 1
52 737 -1
152 738 1
113 738 -1
152 739 1
81 739 -1
152 740 1
50 740 -1
152 741 1
51 741 -1
152 742 1
33 742 -1
152 743 1
48 743 -1
152 744 1
12 744 -1
152 745 1
149 745 -1
152 746 1
116 746 -1
152 747 1
140 747 -1
152 748 1
61 748 -1
152 749 1
142 749 -1
152 750 1
97 750 -1
152 751 1
16 751 -1
152 752 1
109 752 -1
152 753 1
25 753 -1
152 754 1
46 754 -1
152 755 1
100 755 -1
152 756 1
69 756 -1
152 757 1
43 757 -1
152 758 1
103 758 -1
152 759 1
85 759 -1
152 760 1
90 760 -1
154 761 1
30 761 -1
154 762 1
70 762 -1
154 763 1
75 763 -1
154 764 1
123 764 -1
154 765 1
74 765 -1
154 766 1
151 766 -1
154 767 1
147 767 -1
154 768 1
100 768 -1
154 769 1
118 769 -1
154 770 1
139 770 -1
154 771 1
122 771 -1
154 772 1
52 772 -1
154 773 1
124 773 -1
154 774 1
107 774 -1
154 775 1
128 775 -1
154 776 1
86 776 -1
154 777 1
25 777 -1
154 778 1
67 778 -1
154 779 1
104 779 -1
154 780 1
38 780 -1
154 781 1
63 781 -1
154 782 1
73 782 -1
154 783 1
108 783 -1
154 784 1
53 784 -1
154 785 1
131 785 -1
154 786 1
27 786 -1
154 787 1
29 787 -1
154 788 1
15 788 -1
3 789 1
112 789 -1
3 790 1
88 790 -1
3 791 1
89 791 -1
3 792 1
144 792 -1
3 793 1
25 793 -1
3 794 1
118 794 -1
3 795 1
92 795 -1
3 796 1
68 796 -1
3 797 1
116 797 -1
3 798 1
80 798 -1
3 799 1
45 799 -1
3 800 1
16 800 -1
3 801 1
19 801 -1
3 802 1
120 802 -1
3 803 1
97 803 -1
3 804 1
20 804 -1
3 805 1
84 805 -1
3 806 1
41 806 -1
3 807 1
36 807 -1
3 808 1
21 808 -1
3 809 1
17 809 -1
3 810 1
67 810 -1
3 811 1
28 811 -1
3 812 1
30 812 -1
3 813 1
11 813 -1
3 814 1
129 814 -1
3 815 1
72 815 -1
3 816 1
104 816 -1
3 817 1
13 817 -1
3 818 1
73 818 -1
3 819 1
86 819 -1
3 820 1
26 820 -1
3 821 1
69 821 -1
11 822 1
28 822 -1
11 823 1
1 823 -1
11 824 1
149 824 -1
11 825 1
89 825 -1
11 826 1
33 826 -1
11 827 1
107 827 -1
11 828 1
48 828 -1
11 829 1
154 829 -1
11 830 1
56 830 -1
11 831 1
144 831 -1
11 832 1
118 832 -1
11 833 1
45 833 -1
11 834 1
60 834 -1
11 835 1
141 835 -1
11 836 1
12 836 -1
11 837 1
21 837 -1
11 838 1
99 838 -1
11 839 1
124 839 -1
11 840 1
148 840 -1
11 841 1
53 841 -1
11 842 1
34 842 -1
11 843 1
93 843 -1
11 844 1
69 844 -1
11 845 1
115 845 -1
11 846 1
78 846 -1
28 847 1
80 847 -1
28 848 1
17 848 -1
28 849 1
112 849 -1
28 850 1
108 850 -1
28 851 1
27 851 -1
28 852 1
40 852 -1
37 853 1
51 853 -1
37 854 1
68 854 -1
37 855 1
34 855 -1
37 856 1
24 856 -1
37 857 1
94 857 -1
37 858 1
147 858 -1
37 859 1
138 859 -1
37 860 1
65 860 -1
37 861 1
144 861 -1
45 862 1
11 862 -1
45 863 1
39 863 -1
45 864 1
122 864 -1
45 865 1
129 865 -1
45 866 1
64 866 -1
45 867 1
63 867 -1
45 868 1
106 868 -1
45 869 1
38 869 -1
45 870 1
17 870 -1
45 871 1
77 871 -1
45 872 1
87 872 -1
45 873 1
126 873 -1
45 874 1
142 874 -1
45 875 1
139 875 -1
45 876 1
145 876 -1
45 877 1
58 877 -1
45 878 1
47 878 -1
45 879 1
55 879 -1
45 880 1
27 880 -1
45 881 1
110 881 -1
45 882 1
56 882 -1
45 883 1
94 883 -1
45 884 1
61 884 -1
45 885 1
37 885 -1
45 886 1
83 886 -1
45 887 1
95 887 -1
45 888 1
144 888 -1
45 889 1
68 889 -1
45 890 1
151 890 -1
45 891 1
107 891 -1
45 892 1
54 892 -1
45 893 1
121 893 -1
45 894 1
146 894 -1
45 895 1
26 895 -1
45 896 1
60 896 -1
46 897 1
93 897 -1
46 898 1
52 898 -1
46 899 1
120 899 -1
46 900 1
27 900 -1
46 901 1
112 901 -1
46 902 1
150 902 -1
46 903 1
106 903 -1
46 904 1
117 904 -1
46 905 1
13 905 -1
46 906 1
88 906 -1
46 907 1
90 907 -1
46 908 1
62 908 -1
46 909 1
51 909 -1
46 910 1
79 910 -1
46 911 1
20 911 -1
46 912 1
134 912 -1
46 913 1
149 913 -1
46 914 1
35 914 -1
46 915 1
99 915 -1
46 916 1
143 916 -1
46 917 1
131 917 -1
46 918 1
43 918 -1
46 919 1
104 919 -1
46 920 1
152 920 -1
46 921 1
154 921 -1
46 922 1
125 922 -1
46 923 1
44 923 -1
46 924 1
98 924 -1
46 925 1
76 925 -1
46 926 1
39 926 -1
46 927 1
67 927 -1
51 928 1
82 928 -1
51 929 1
137 929 -1
51 930 1
142 930 -1
51 931 1
135 931 -1
51 932 1
92 932 -1
51 933 1
84 933 -1
51 934 1
71 934 -1
51 935 1
88 935 -1
51 936 1
48 936 -1
51 937 1
125 937 -1
51 938 1
98 938 -1
51 939 1
120 939 -1
51 940 1
147 940 -1
51 941 1
33 941 -1
51 942 1
59 942 -1
51 943 1
26 943 -1
51 944 1
66 944 -1
51 945 1
101 945 -1
51 946 1
145 946 -1
51 947 1
67 947 -1
64 948 1
130 948 -1
64 949 1
101 949 -1
64 950 1
144 950 -1
64 951 1
41 951 -1
64 952 1
13 952 -1
64 953 1
22 953 -1
64 954 1
125 954 -1
64 955 1
86 955 -1
64 956 1
81 956 -1
64 957 1
103 957 -1
64 958 1
80 958 -1
64 959 1
150 959 -1
64 960 1
91 960 -1
64 961 1
50 961 -1
64 962 1
37 962 -1
64 963 1
147 963 -1
64 964 1
96 964 -1
64 965 1
146 965 -1
64 966 1
51 966 -1
64 967 1
142 967 -1
64 968 1
90 968 -1
64 969 1
61 969 -1
80 970 1
37 970 -1
80 971 1
145 971 -1
80 972 1
129 972 -1
80 973 1
39 973 -1
82 974 1
128 974 -1
82 975 1
23 975 -1
82 976 1
14 976 -1
82 977 1
48 977 -1
82 978 1
97 978 -1
82 979 1
127 979 -1
82 980 1
61 980 -1
82 981 1
132 981 -1
82 982 1
77 982 -1
82 983 1
37 983 -1
82 984 1
129 984 -1
82 985 1
84 985 -1
82 986 1
62 986 -1
82 987 1
69 987 -1
82 988 1
88 988 -1
82 989 1
54 989 -1
82 990 1
143 990 -1
82 991 1
19 991 -1
82 992 1
130 992 -1
82 993 1
35 993 -1
82 994 1
86 994 -1
82 995 1
147 995 -1
82 996 1
99 996 -1
82 997 1
51 997 -1
91 998 1
101 998 -1
91 999 1
92 999 -1
91 1000 1
85 1000 -1
91 1001 1
11 1001 -1
91 1002 1
29 1002 -1
91 1003 1
63 1003 -1
91 1004 1
66 1004 -1
91 1005 1
52 1005 -1
91 1006 1
46 1006 -1
93 1007 1
45 1007 -1
93 1008 1
19 1008 -1
93 1009 1
81 1009 -1
93 1010 1
111 1010 -1
93 1011 1
58 1011 -1
93 1012 1
29 1012 -1
93 1013 1
99 1013 -1
93 1014 1
120 1014 -1
93 1015 1
147 1015 -1
93 1016 1
126 1016 -1
93 1017 1
55 1017 -1
93 1018 1
104 1018 -1
93 1019 1
138 1019 -1
93 1020 1
39 1020 -1
93 1021 1
70 1021 -1
93 1022 1
43 1022 -1
93 1023 1
24 1023 -1
101 1024 1
64 1024 -1
101 1025 1
137 1025 -1
101 1026 1
136 1026 -1
101 1027 1
151 1027 -1
101 1028 1
69 1028 -1
101 1029 1
140 1029 -1
101 1030 1
143 1030 -1
101 1031 1
28 1031 -1
101 1032 1
52 1032 -1
101 1033 1
98 1033 -1
101 1034 1
18 1034 -1
101 1035 1
40 1035 -1
101 1036 1
139 1036 -1
101 1037 1
71 1037 -1
101 1038 1
124 1038 -1
101 1039 1
121 1039 -1
101 1040 1
56 1040 -1
101 1041 1
92 1041 -1
101 1042 1
61 1042 -1
101 1043 1
117 1043 -1
101 1044 1
21 1044 -1
101 1045 1
36 1045 -1
101 1046 1
25 1046 -1
101 1047 1
79 1047 -1
101 1048 1
12 1048 -1
101 1049 1
24 1049 -1
101 1050 1
104 1050 -1
101 1051 1
35 1051 -1
101 1052 1
102 1052 -1
101 1053 1
17 1053 -1
101 1054 1
87 1054 -1
101 1055 1
51 1055 -1
112 1056 1
46 1056 -1
112 1057 1
104 1057 -1
112 1058 1
60 1058 -1
112 1059 1
63 1059 -1
112 1060 1
24 1060 -1
112 1061 1
43 1061 -1
112 1062 1
59 1062 -1
112 1063 1
130 1063 -1
112 1064 1
102 1064 -1
112 1065 1
16 1065 -1
128 1066 1
138 1066 -1
128 1067 1
37 1067 -1
128 1068 1
21 1068 -1
128 1069 1
72 1069 -1
128 1070 1
19 1070 -1
128 1071 1
36 1071 -1
128 1072 1
116 1072 -1
128 1073 1
145 1073 -1
128 1074 1
149 1074 -1
128 1075 1
73 1075 -1
128 1076 1
29 1076 -1
128 1077 1
121 1077 -1
128 1078 1
131 1078 -1
128 1079 1
147 1079 -1
128 1080 1
103 1080 -1
128 1081 1
53 1081 -1
128 1082 1
140 1082 -1
128 1083 1
85 1083 -1
128 1084 1
148 1084 -1
128 1085 1
61 1085 -1
128 1086 1
43 1086 -1
128 1087 1
31 1087 -1
128 1088 1
75 1088 -1
128 1089 1
101 1089 -1
128 1090 1
130 1090 -1
130 1091 1
155 1091 -1
130 1092 1
48 1092 -1
130 1093 1
71 1093 -1
130 1094 1
140 1094 -1
130 1095 1
144 1095 -1
130 1096 1
13 1096 -1
130 1097 1
43 1097 -1
130 1098 1
42 1098 -1
130 1099 1
139 1099 -1
130 1100 1
96 1100 -1
130 1101 1
132 1101 -1
130 1102 1
128 1102 -1
130 1103 1
20 1103 -1
130 1104 1
11 1104 -1
130 1105 1
73 1105 -1
130 1106 1
22 1106 -1
130 1107 1
27 1107 -1
130 1108 1
37 1108 -1
130 1109 1
117 1109 -1
138 1110 1
91 1110 -1
138 1111 1
123 1111 -1
138 1112 1
116 1112 -1
138 1113 1
16 1113 -1
138 1114 1
18 1114 -1
138 1115 1
151 1115 -1
138 1116 1
144 1116 -1
138 1117 1
39 1117 -1
138 1118 1
41 1118 -1
138 1119 1
141 1119 -1
138 1120 1
49 1120 -1
138 1121 1
79 1121 -1
138 1122 1
106 1122 -1
138 1123 1
120 1123 -1
138 1124 1
75 1124 -1
138 1125 1
60 1125 -1
138 1126 1
155 1126 -1
138 1127 1
34 1127 -1
138 1128 1
129 1128 -1
138 1129 1
71 1129 -1
138 1130 1
94 1130 -1
138 1131 1
69 1131 -1
138 1132 1
23 1132 -1
138 1133 1
37 1133 -1
138 1134 1
87 1134 -1
138 1135 1
97 1135 -1
138 1136 1
100 1136 -1
138 1137 1
65 1137 -1
138 1138 1
21 1138 -1
4 1139 1
121 1139 -1
4 1140 1
114 1140 -1
4 1141 1
47 1141 -1
16 1142 1
118 1142 -1
16 1143 1
72 1143 -1
16 1144 1
74 1144 -1
16 1145 1
36 1145 -1
16 1146 1
68 1146 -1
16 1147 1
40 1147 -1
16 1148 1
59 1148 -1
16 1149 1
70 1149 -1
16 1150 1
100 1150 -1
16 1151 1
25 1151 -1
16 1152 1
104 1152 -1
16 1153 1
32 1153 -1
16 1154 1
83 1154 -1
16 1155 1
96 1155 -1
16 1156 1
101 1156 -1
16 1157 1
98 1157 -1
16 1158 1
14 1158 -1
16 1159 1
77 1159 -1
16 1160 1
21 1160 -1
16 1161 1
67 1161 -1
16 1162 1
88 1162 -1
16 1163 1
73 1163 -1
16 1164 1
38 1164 -1
16 1165 1
29 1165 -1
16 1166 1
62 1166 -1
40 1167 1
155 1167 -1
40 1168 1
145 1168 -1
40 1169 1
104 1169 -1
40 1170 1
66 1170 -1
40 1171 1
72 1171 -1
40 1172 1
113 1172 -1
40 1173 1
29 1173 -1
40 1174 1
91 1174 -1
40 1175 1
124 1175 -1
40 1176 1
86 1176 -1
40 1177 1
125 1177 -1
40 1178 1
17 1178 -1
40 1179 1
18 1179 -1
40 1180 1
42 1180 -1
40 1181 1
153 1181 -1
40 1182 1
39 1182 -1
40 1183 1
69 1183 -1
40 1184 1
25 1184 -1
40 1185 1
144 1185 -1
40 1186 1
57 1186 -1
40 1187 1
133 1187 -1
40 1188 1
101 1188 -1
40 1189 1
76 1189 -1
40 1190 1
152 1190 -1
40 1191 1
136 1191 -1
40 1192 1
116 1192 -1
40 1193 1
88 1193 -1
40 1194 1
71 1194 -1
40 1195 1
127 1195 -1
40 1196 1
77 1196 -1
40 1197 1
30 1197 -1
40 1198 1
73 1198 -1
40 1199 1
19 1199 -1
76 1200 1
147 1200 -1
76 1201 1
56 1201 -1
76 1202 1
24 1202 -1
76 1203 1
23 1203 -1
76 1204 1
140 1204 -1
77 1205 1
110 1205 -1
77 1206 1
104 1206 -1
77 1207 1
61 1207 -1
77 1208 1
49 1208 -1
77 1209 1
14 1209 -1
77 1210 1
148 1210 -1
77 1211 1
23 1211 -1
77 1212 1
91 1212 -1
77 1213 1
73 1213 -1
77 1214 1
140 1214 -1
81 1215 1
96 1215 -1
81 1216 1
108 1216 -1
81 1217 1
33 1217 -1
81 1218 1
78 1218 -1
81 1219 1
148 1219 -1
81 1220 1
55 1220 -1
81 1221 1
42 1221 -1
81 1222 1
124 1222 -1
81 1223 1
75 1223 -1
81 1224 1
20 1224 -1
81 1225 1
139 1225 -1
81 1226 1
12 1226 -1
81 1227 1
143 1227 -1
81 1228 1
91 1228 -1
81 1229 1
90 1229 -1
81 1230 1
129 1230 -1
81 1231 1
113 1231 -1
96 1232 1
76 1232 -1
96 1233 1
107 1233 -1
96 1234 1
64 1234 -1
96 1235 1
89 1235 -1
96 1236 1
81 1236 -1
96 1237 1
132 1237 -1
96 1238 1
90 1238 -1
96 1239 1
23 1239 -1
96 1240 1
136 1240 -1
96 1241 1
27 1241 -1
96 1242 1
11 1242 -1
96 1243 1
39 1243 -1
96 1244 1
83 1244 -1
96 1245 1
147 1245 -1
96 1246 1
55 1246 -1
96 1247 1
146 1247 -1
96 1248 1
42 1248 -1
96 1249 1
129 1249 -1
96 1250 1
70 1250 -1
96 1251 1
108 1251 -1
96 1252 1
111 1252 -1
96 1253 1
69 1253 -1
96 1254 1
102 1254 -1
96 1255 1
77 1255 -1
109 1256 1
145 1256 -1
109 1257 1
48 1257 -1
109 1258 1
56 1258 -1
109 1259 1
88 1259 -1
109 1260 1
19 1260 -1
109 1261 1
86 1261 -1
109 1262 1
89 1262 -1
109 1263 1
115 1263 -1
109 1264 1
45 1264 -1
109 1265 1
64 1265 -1
109 1266 1
49 1266 -1
109 1267 1
99 1267 -1
109 1268 1
128 1268 -1
109 1269 1
149 1269 -1
109 1270 1
61 1270 -1
109 1271 1
127 1271 -1
109 1272 1
112 1272 -1
109 1273 1
92 1273 -1
109 1274 1
87 1274 -1
109 1275 1
135 1275 -1
109 1276 1
123 1276 -1
109 1277 1
71 1277 -1
109 1278 1
27 1278 -1
109 1279 1
25 1279 -1
109 1280 1
63 1280 -1
109 1281 1
69 1281 -1
109 1282 1
38 1282 -1
109 1283 1
140 1283 -1
109 1284 1
111 1284 -1
109 1285 1
116 1285 -1
110 1286 1
40 1286 -1
110 1287 1
61 1287 -1
110 1288 1
116 1288 -1
110 1289 1
105 1289 -1
110 1290 1
91 1290 -1
110 1291 1
126 1291 -1
110 1292 1
76 1292 -1
110 1293 1
81 1293 -1
110 1294 1
29 1294 -1
110 1295 1
121 1295 -1
110 1296 1
100 1296 -1
110 1297 1
129 1297 -1
110 1298 1
25 1298 -1
110 1299 1
149 1299 -1
110 1300 1
102 1300 -1
110 1301 1
94 1301 -1
110 1302 1
11 1302 -1
110 1303 1
60 1303 -1
110 1304 1
49 1304 -1
110 1305 1
83 1305 -1
110 1306 1
95 1306 -1
110 1307 1
31 1307 -1
110 1308 1
57 1308 -1
110 1309 1
27 1309 -1
110 1310 1
71 1310 -1
110 1311 1
38 1311 -1
118 1312 1
77 1312 -1
118 1313 1
32 1313 -1
118 1314 1
27 1314 -1
118 1315 1
89 1315 -1
118 1316 1
20 1316 -1
118 1317 1
141 1317 -1
118 1318 1
151 1318 -1
118 1319 1
113 1319 -1
118 1320 1
80 1320 -1
118 1321 1
16 1321 -1
118 1322 1
131 1322 -1
118 1323 1
31 1323 -1
118 1324 1
94 1324 -1
118 1325 1
100 1325 -1
118 1326 1
116 1326 -1
118 1327 1
135 1327 -1
121 1328 1
81 1328 -1
121 1329 1
1 1329 -1
121 1330 1
67 1330 -1
121 1331 1
75 1331 -1
121 1332 1
58 1332 -1
121 1333 1
16 1333 -1
121 1334 1
151 1334 -1
121 1335 1
88 1335 -1
121 1336 1
102 1336 -1
121 1337 1
42 1337 -1
145 1338 1
16 1338 -1
145 1339 1
99 1339 -1
145 1340 1
17 1340 -1
145 1341 1
59 1341 -1
145 1342 1
96 1342 -1
145 1343 1
60 1343 -1
145 1344 1
32 1344 -1
145 1345 1
100 1345 -1
145 1346 1
30 1346 -1
145 1347 1
82 1347 -1
145 1348 1
14 1348 -1
145 1349 1
79 1349 -1
145 1350 1
77 1350 -1
145 1351 1
144 1351 -1
145 1352 1
83 1352 -1
145 1353 1
110 1353 -1
145 1354 1
147 1354 -1
145 1355 1
25 1355 -1
145 1356 1
49 1356 -1
145 1357 1
131 1357 -1
145 1358 1
21 1358 -1
145 1359 1
45 1359 -1
145 1360 1
116 1360 -1
145 1361 1
143 1361 -1
145 1362 1
22 1362 -1
145 1363 1
114 1363 -1
147 1364 1
109 1364 -1
147 1365 1
74 1365 -1
147 1366 1
54 1366 -1
147 1367 1
77 1367 -1
5 1368 1
56 1368 -1
5 1369 1
152 1369 -1
5 1370 1
41 1370 -1
5 1371 1
12 1371 -1
5 1372 1
46 1372 -1
5 1373 1
153 1373 -1
5 1374 1
58 1374 -1
5 1375 1
45 1375 -1
5 1376 1
74 1376 -1
5 1377 1
83 1377 -1
5 1378 1
39 1378 -1
5 1379 1
99 1379 -1
5 1380 1
69 1380 -1
5 1381 1
141 1381 -1
5 1382 1
72 1382 -1
5 1383 1
33 1383 -1
5 1384 1
62 1384 -1
5 1385 1
76 1385 -1
5 1386 1
148 1386 -1
5 1387 1
92 1387 -1
5 1388 1
124 1388 -1
5 1389 1
82 1389 -1
5 1390 1
30 1390 -1
5 1391 1
71 1391 -1
5 1392 1
27 1392 -1
5 1393 1
24 1393 -1
25 1394 1
113 1394 -1
25 1395 1
80 1395 -1
25 1396 1
124 1396 -1
32 1397 1
42 1397 -1
32 1398 1
56 1398 -1
32 1399 1
97 1399 -1
32 1400 1
80 1400 -1
32 1401 1
50 1401 -1
32 1402 1
107 1402 -1
32 1403 1
109 1403 -1
32 1404 1
69 1404 -1
36 1405 1
32 1405 -1
36 1406 1
149 1406 -1
36 1407 1
49 1407 -1
36 1408 1
86 1408 -1
42 1409 1
25 1409 -1
42 1410 1
1 1410 -1
42 1411 1
104 1411 -1
42 1412 1
78 1412 -1
42 1413 1
71 1413 -1
42 1414 1
22 1414 -1
42 1415 1
139 1415 -1
42 1416 1
69 1416 -1
42 1417 1
60 1417 -1
42 1418 1
152 1418 -1
42 1419 1
84 1419 -1
42 1420 1
149 1420 -1
42 1421 1
103 1421 -1
42 1422 1
141 1422 -1
42 1423 1
115 1423 -1
42 1424 1
98 1424 -1
42 1425 1
20 1425 -1
42 1426 1
138 1426 -1
42 1427 1
144 1427 -1
42 1428 1
113 1428 -1
42 1429 1
151 1429 -1
42 1430 1
43 1430 -1
42 1431 1
118 1431 -1
42 1432 1
114 1432 -1
42 1433 1
13 1433 -1
42 1434 1
97 1434 -1
56 1435 1
99 1435 -1
56 1436 1
80 1436 -1
56 1437 1
86 1437 -1
56 1438 1
65 1438 -1
56 1439 1
88 1439 -1
56 1440 1
84 1440 -1
56 1441 1
113 1441 -1
56 1442 1
147 1442 -1
56 1443 1
55 1443 -1
56 1444 1
104 1444 -1
56 1445 1
82 1445 -1
56 1446 1
114 1446 -1
56 1447 1
29 1447 -1
56 1448 1
94 1448 -1
67 1449 1
117 1449 -1
67 1450 1
81 1450 -1
67 1451 1
45 1451 -1
67 1452 1
54 1452 -1
67 1453 1
132 1453 -1
67 1454 1
125 1454 -1
67 1455 1
139 1455 -1
67 1456 1
105 1456 -1
67 1457 1
65 1457 -1
67 1458 1
76 1458 -1
67 1459 1
58 1459 -1
67 1460 1
106 1460 -1
67 1461 1
73 1461 -1
99 1462 1
136 1462 -1
99 1463 1
115 1463 -1
99 1464 1
59 1464 -1
99 1465 1
148 1465 -1
99 1466 1
78 1466 -1
99 1467 1
104 1467 -1
99 1468 1
101 1468 -1
99 1469 1
22 1469 -1
99 1470 1
131 1470 -1
99 1471 1
28 1471 -1
113 1472 1
126 1472 -1
113 1473 1
144 1473 -1
113 1474 1
102 1474 -1
113 1475 1
58 1475 -1
113 1476 1
97 1476 -1
113 1477 1
17 1477 -1
113 1478 1
60 1478 -1
113 1479 1
86 1479 -1
113 1480 1
147 1480 -1
113 1481 1
68 1481 -1
113 1482 1
128 1482 -1
113 1483 1
74 1483 -1
113 1484 1
20 1484 -1
113 1485 1
35 1485 -1
113 1486 1
46 1486 -1
113 1487 1
84 1487 -1
113 1488 1
75 1488 -1
113 1489 1
31 1489 -1
113 1490 1
22 1490 -1
113 1491 1
43 1491 -1
113 1492 1
154 1492 -1
113 1493 1
129 1493 -1
113 1494 1
19 1494 -1
113 1495 1
123 1495 -1
113 1496 1
94 1496 -1
113 1497 1
47 1497 -1
113 1498 1
40 1498 -1
113 1499 1
36 1499 -1
113 1500 1
146 1500 -1
117 1501 1
36 1501 -1
117 1502 1
106 1502 -1
117 1503 1
104 1503 -1
117 1504 1
119 1504 -1
117 1505 1
99 1505 -1
117 1506 1
67 1506 -1
117 1507 1
140 1507 -1
117 1508 1
89 1508 -1
117 1509 1
42 1509 -1
117 1510 1
53 1510 -1
117 1511 1
142 1511 -1
117 1512 1
93 1512 -1
117 1513 1
26 1513 -1
117 1514 1
32 1514 -1
117 1515 1
96 1515 -1
117 1516 1
90 1516 -1
117 1517 1
27 1517 -1
117 1518 1
137 1518 -1
117 1519 1
30 1519 -1
117 1520 1
13 1520 -1
117 1521 1
155 1521 -1
117 1522 1
115 1522 -1
117 1523 1
51 1523 -1
117 1524 1
85 1524 -1
117 1525 1
58 1525 -1
117 1526 1
129 1526 -1
117 1527 1
121 1527 -1
117 1528 1
49 1528 -1
117 1529 1
39 1529 -1
117 1530 1
18 1530 -1
117 1531 1
135 1531 -1
117 1532 1
68 1532 -1
117 1533 1
114 1533 -1
126 1534 1
155 1534 -1
126 1535 1
38 1535 -1
126 1536 1
17 1536 -1
126 1537 1
77 1537 -1
126 1538 1
43 1538 -1
126 1539 1
88 1539 -1
126 1540 1
86 1540 -1
126 1541 1
83 1541 -1
126 1542 1
113 1542 -1
136 1543 1
67 1543 -1
136 1544 1
105 1544 -1
136 1545 1
130 1545 -1
136 1546 1
94 1546 -1
6 1547 1
124 1547 -1
6 1548 1
33 1548 -1
6 1549 1
35 1549 -1
6 1550 1
149 1550 -1
6 1551 1
17 1551 -1
6 1552 1
128 1552 -1
6 1553 1
131 1553 -1
6 1554 1
125 1554 -1
6 1555 1
24 1555 -1
6 1556 1
78 1556 -1
6 1557 1
44 1557 -1
6 1558 1
43 1558 -1
6 1559 1
15 1559 -1
6 1560 1
11 1560 -1
6 1561 1
107 1561 -1
23 1562 1
44 1562 -1
23 1563 1
128 1563 -1
23 1564 1
145 1564 -1
23 1565 1
151 1565 -1
23 1566 1
72 1566 -1
23 1567 1
144 1567 -1
23 1568 1
139 1568 -1
23 1569 1
50 1569 -1
23 1570 1
56 1570 -1
23 1571 1
61 1571 -1
23 1572 1
58 1572 -1
23 1573 1
47 1573 -1
23 1574 1
135 1574 -1
23 1575 1
98 1575 -1
23 1576 1
106 1576 -1
23 1577 1
99 1577 -1
23 1578 1
125 1578 -1
23 1579 1
149 1579 -1
23 1580 1
73 1580 -1
26 1581 1
155 1581 -1
26 1582 1
34 1582 -1
26 1583 1
31 1583 -1
26 1584 1
69 1584 -1
26 1585 1
58 1585 -1
39 1586 1
129 1586 -1
39 1587 1
61 1587 -1
39 1588 1
59 1588 -1
39 1589 1
98 1589 -1
39 1590 1
82 1590 -1
39 1591 1
65 1591 -1
39 1592 1
148 1592 -1
39 1593 1
153 1593 -1
39 1594 1
77 1594 -1
39 1595 1
54 1595 -1
39 1596 1
70 1596 -1
39 1597 1
104 1597 -1
39 1598 1
128 1598 -1
39 1599 1
14 1599 -1
39 1600 1
48 1600 -1
39 1601 1
88 1601 -1
39 1602 1
29 1602 -1
39 1603 1
127 1603 -1
39 1604 1
22 1604 -1
39 1605 1
123 1605 -1
39 1606 1
130 1606 -1
39 1607 1
84 1607 -1
39 1608 1
106 1608 -1
39 1609 1
114 1609 -1
39 1610 1
101 1610 -1
39 1611 1
35 1611 -1
39 1612 1
152 1612 -1
39 1613 1
18 1613 -1
39 1614 1
140 1614 -1
39 1615 1
42 1615 -1
39 1616 1
76 1616 -1
39 1617 1
116 1617 -1
39 1618 1
136 1618 -1
39 1619 1
72 1619 -1
44 1620 1
127 1620 -1
44 1621 1
55 1621 -1
44 1622 1
31 1622 -1
44 1623 1
131 1623 -1
44 1624 1
90 1624 -1
44 1625 1
121 1625 -1
44 1626 1
42 1626 -1
44 1627 1
40 1627 -1
44 1628 1
128 1628 -1
44 1629 1
95 1629 -1
44 1630 1
73 1630 -1
44 1631 1
77 1631 -1
44 1632 1
126 1632 -1
44 1633 1
155 1633 -1
44 1634 1
125 1634 -1
44 1635 1
122 1635 -1
44 1636 1
107 1636 -1
44 1637 1
114 1637 -1
44 1638 1
149 1638 -1
44 1639 1
20 1639 -1
44 1640 1
134 1640 -1
44 1641 1
139 1641 -1
44 1642 1
138 1642 -1
44 1643 1
82 1643 -1
44 1644 1
116 1644 -1
44 1645 1
108 1645 -1
44 1646 1
143 1646 -1
44 1647 1
50 1647 -1
44 1648 1
45 1648 -1
44 1649 1
147 1649 -1
44 1650 1
28 1650 -1
44 1651 1
76 1651 -1
44 1652 1
58 1652 -1
59 1653 1
23 1653 -1
59 1654 1
129 1654 -1
59 1655 1
51 1655 -1
73 1656 1
75 1656 -1
73 1657 1
20 1657 -1
73 1658 1
112 1658 -1
73 1659 1
82 1659 -1
73 1660 1
117 1660 -1
73 1661 1
120 1661 -1
73 1662 1
76 1662 -1
73 1663 1
91 1663 -1
73 1664 1
69 1664 -1
73 1665 1
144 1665 -1
73 1666 1
15 1666 -1
73 1667 1
42 1667 -1
73 1668 1
86 1668 -1
73 1669 1
17 1669 -1
73 1670 1
37 1670 -1
73 1671 1
106 1671 -1
73 1672 1
146 1672 -1
73 1673 1
105 1673 -1
73 1674 1
94 1674 -1
73 1675 1
108 1675 -1
73 1676 1
155 1676 -1
73 1677 1
68 1677 -1
73 1678 1
127 1678 -1
73 1679 1
134 1679 -1
73 1680 1
125 1680 -1
73 1681 1
97 1681 -1
73 1682 1
52 1682 -1
73 1683 1
18 1683 -1
73 1684 1
149 1684 -1
75 1685 1
148 1685 -1
75 1686 1
112 1686 -1
75 1687 1
119 1687 -1
75 1688 1
20 1688 -1
75 1689 1
136 1689 -1
75 1690 1
96 1690 -1
75 1691 1
29 1691 -1
75 1692 1
137 1692 -1
75 1693 1
150 1693 -1
75 1694 1
79 1694 -1
75 1695 1
27 1695 -1
75 1696 1
154 1696 -1
75 1697 1
97 1697 -1
75 1698 1
48 1698 -1
75 1699 1
83 1699 -1
75 1700 1
91 1700 -1
75 1701 1
94 1701 -1
75 1702 1
143 1702 -1
75 1703 1
21 1703 -1
75 1704 1
74 1704 -1
75 1705 1
86 1705 -1
75 1706 1
132 1706 -1
75 1707 1
35 1707 -1
75 1708 1
92 1708 -1
75 1709 1
88 1709 -1
75 1710 1
138 1710 -1
78 1711 1
59 1711 -1
78 1712 1
80 1712 -1
78 1713 1
118 1713 -1
78 1714 1
75 1714 -1
78 1715 1
122 1715 -1
78 1716 1
74 1716 -1
78 1717 1
136 1717 -1
78 1718 1
121 1718 -1
78 1719 1
114 1719 -1
78 1720 1
68 1720 -1
78 1721 1
111 1721 -1
78 1722 1
61 1722 -1
78 1723 1
77 1723 -1
78 1724 1
102 1724 -1
78 1725 1
104 1725 -1
78 1726 1
26 1726 -1
78 1727 1
48 1727 -1
78 1728 1
150 1728 -1
78 1729 1
83 1729 -1
78 1730 1
97 1730 -1
78 1731 1
79 1731 -1
78 1732 1
142 1732 -1
78 1733 1
62 1733 -1
78 1734 1
130 1734 -1
78 1735 1
145 1735 -1
88 1736 1
150 1736 -1
88 1737 1
1 1737 -1
88 1738 1
141 1738 -1
88 1739 1
18 1739 -1
88 1740 1
32 1740 -1
88 1741 1
13 1741 -1
88 1742 1
90 1742 -1
88 1743 1
103 1743 -1
88 1744 1
12 1744 -1
88 1745 1
26 1745 -1
88 1746 1
119 1746 -1
88 1747 1
118 1747 -1
88 1748 1
128 1748 -1
88 1749 1
57 1749 -1
88 1750 1
108 1750 -1
88 1751 1
69 1751 -1
88 1752 1
67 1752 -1
88 1753 1
129 1753 -1
88 1754 1
82 1754 -1
88 1755 1
130 1755 -1
120 1756 1
26 1756 -1
120 1757 1
20 1757 -1
120 1758 1
12 1758 -1
120 1759 1
29 1759 -1
120 1760 1
37 1760 -1
120 1761 1
63 1761 -1
120 1762 1
76 1762 -1
120 1763 1
152 1763 -1
120 1764 1
62 1764 -1
120 1765 1
55 1765 -1
120 1766 1
91 1766 -1
120 1767 1
34 1767 -1
120 1768 1
89 1768 -1
120 1769 1
84 1769 -1
120 1770 1
108 1770 -1
120 1771 1
109 1771 -1
120 1772 1
13 1772 -1
120 1773 1
25 1773 -1
120 1774 1
47 1774 -1
120 1775 1
121 1775 -1
120 1776 1
150 1776 -1
120 1777 1
144 1777 -1
124 1778 1
39 1778 -1
124 1779 1
65 1779 -1
124 1780 1
137 1780 -1
124 1781 1
59 1781 -1
124 1782 1
72 1782 -1
124 1783 1
91 1783 -1
124 1784 1
38 1784 -1
124 1785 1
148 1785 -1
124 1786 1
105 1786 -1
124 1787 1
40 1787 -1
124 1788 1
149 1788 -1
124 1789 1
139 1789 -1
124 1790 1
115 1790 -1
124 1791 1
106 1791 -1
124 1792 1
131 1792 -1
124 1793 1
118 1793 -1
124 1794 1
11 1794 -1
124 1795 1
32 1795 -1
124 1796 1
86 1796 -1
124 1797 1
43 1797 -1
124 1798 1
62 1798 -1
124 1799 1
94 1799 -1
124 1800 1
107 1800 -1
124 1801 1
122 1801 -1
124 1802 1
78 1802 -1
124 1803 1
58 1803 -1
124 1804 1
135 1804 -1
124 1805 1
153 1805 -1
127 1806 1
73 1806 -1
127 1807 1
124 1807 -1
127 1808 1
136 1808 -1
127 1809 1
32 1809 -1
127 1810 1
49 1810 -1
127 1811 1
38 1811 -1
127 1812 1
70 1812 -1
127 1813 1
67 1813 -1
127 1814 1
122 1814 -1
127 1815 1
20 1815 -1
127 1816 1
152 1816 -1
127 1817 1
51 1817 -1
127 1818 1
132 1818 -1
127 1819 1
25 1819 -1
127 1820 1
106 1820 -1
127 1821 1
62 1821 -1
127 1822 1
84 1822 -1
127 1823 1
105 1823 -1
127 1824 1
146 1824 -1
127 1825 1
68 1825 -1
127 1826 1
56 1826 -1
127 1827 1
143 1827 -1
127 1828 1
110 1828 -1
127 1829 1
28 1829 -1
127 1830 1
33 1830 -1
127 1831 1
14 1831 -1
127 1832 1
125 1832 -1
127 1833 1
53 1833 -1
127 1834 1
17 1834 -1
127 1835 1
52 1835 -1
127 1836 1
96 1836 -1
129 1837 1
78 1837 -1
129 1838 1
118 1838 -1
129 1839 1
133 1839 -1
129 1840 1
79 1840 -1
129 1841 1
99 1841 -1
129 1842 1
20 1842 -1
148 1843 1
88 1843 -1
148 1844 1
142 1844 -1
148 1845 1
81 1845 -1
150 1846 1
120 1846 -1
150 1847 1
112 1847 -1
150 1848 1
76 1848 -1
150 1849 1
70 1849 -1
150 1850 1
71 1850 -1
150 1851 1
60 1851 -1
150 1852 1
12 1852 -1
150 1853 1
64 1853 -1
150 1854 1
62 1854 -1
150 1855 1
108 1855 -1
150 1856 1
72 1856 -1
150 1857 1
33 1857 -1
150 1858 1
124 1858 -1
150 1859 1
23 1859 -1
150 1860 1
74 1860 -1
150 1861 1
59 1861 -1
150 1862 1
92 1862 -1
150 1863 1
39 1863 -1
7 1864 1
58 1864 -1
7 1865 1
126 1865 -1
7 1866 1
81 1866 -1
7 1867 1
61 1867 -1
7 1868 1
132 1868 -1
7 1869 1
130 1869 -1
7 1870 1
11 1870 -1
7 1871 1
135 1871 -1
7 1872 1
31 1872 -1
7 1873 1
139 1873 -1
7 1874 1
28 1874 -1
7 1875 1
45 1875 -1
7 1876 1
101 1876 -1
7 1877 1
44 1877 -1
7 1878 1
55 1878 -1
7 1879 1
30 1879 -1
7 1880 1
35 1880 -1
7 1881 1
105 1881 -1
7 1882 1
141 1882 -1
7 1883 1
21 1883 -1
7 1884 1
38 1884 -1
7 1885 1
17 1885 -1
7 1886 1
82 1886 -1
7 1887 1
87 1887 -1
13 1888 1
17 1888 -1
13 1889 1
117 1889 -1
13 1890 1
89 1890 -1
13 1891 1
81 1891 -1
13 1892 1
66 1892 -1
13 1893 1
88 1893 -1
13 1894 1
51 1894 -1
13 1895 1
63 1895 -1
13 1896 1
113 1896 -1
13 1897 1
153 1897 -1
13 1898 1
95 1898 -1
13 1899 1
26 1899 -1
13 1900 1
40 1900 -1
13 1901 1
94 1901 -1
13 1902 1
147 1902 -1
13 1903 1
118 1903 -1
13 1904 1
50 1904 -1
13 1905 1
142 1905 -1
13 1906 1
31 1906 -1
13 1907 1
150 1907 -1
14 1908 1
24 1908 -1
14 1909 1
42 1909 -1
14 1910 1
128 1910 -1
14 1911 1
69 1911 -1
17 1912 1
135 1912 -1
17 1913 1
60 1913 -1
17 1914 1
154 1914 -1
17 1915 1
95 1915 -1
17 1916 1
128 1916 -1
17 1917 1
13 1917 -1
17 1918 1
98 1918 -1
17 1919 1
146 1919 -1
17 1920 1
97 1920 -1
17 1921 1
116 1921 -1
17 1922 1
78 1922 -1
17 1923 1
79 1923 -1
17 1924 1
58 1924 -1
17 1925 1
45 1925 -1
17 1926 1
153 1926 -1
17 1927 1
99 1927 -1
17 1928 1
29 1928 -1
17 1929 1
39 1929 -1
17 1930 1
93 1930 -1
17 1931 1
83 1931 -1
17 1932 1
133 1932 -1
17 1933 1
75 1933 -1
17 1934 1
136 1934 -1
17 1935 1
72 1935 -1
17 1936 1
44 1936 -1
17 1937 1
86 1937 -1
17 1938 1
122 1938 -1
17 1939 1
151 1939 -1
17 1940 1
56 1940 -1
17 1941 1
23 1941 -1
17 1942 1
50 1942 -1
17 1943 1
25 1943 -1
17 1944 1
35 1944 -1
19 1945 1
50 1945 -1
19 1946 1
76 1946 -1
19 1947 1
90 1947 -1
19 1948 1
53 1948 -1
19 1949 1
83 1949 -1
19 1950 1
23 1950 -1
19 1951 1
104 1951 -1
19 1952 1
102 1952 -1
19 1953 1
112 1953 -1
19 1954 1
124 1954 -1
19 1955 1
43 1955 -1
19 1956 1
78 1956 -1
19 1957 1
110 1957 -1
24 1958 1
95 1958 -1
24 1959 1
110 1959 -1
24 1960 1
19 1960 -1
24 1961 1
49 1961 -1
24 1962 1
46 1962 -1
24 1963 1
98 1963 -1
24 1964 1
121 1964 -1
24 1965 1
133 1965 -1
24 1966 1
62 1966 -1
24 1967 1
67 1967 -1
24 1968 1
90 1968 -1
24 1969 1
105 1969 -1
24 1970 1
100 1970 -1
24 1971 1
127 1971 -1
24 1972 1
72 1972 -1
24 1973 1
30 1973 -1
24 1974 1
114 1974 -1
24 1975 1
116 1975 -1
24 1976 1
147 1976 -1
24 1977 1
112 1977 -1
24 1978 1
25 1978 -1
24 1979 1
109 1979 -1
24 1980 1
86 1980 -1
24 1981 1
132 1981 -1
27 1982 1
108 1982 -1
27 1983 1
63 1983 -1
27 1984 1
113 1984 -1
27 1985 1
130 1985 -1
27 1986 1
117 1986 -1
27 1987 1
121 1987 -1
27 1988 1
154 1988 -1
27 1989 1
151 1989 -1
27 1990 1
15 1990 -1
27 1991 1
36 1991 -1
27 1992 1
21 1992 -1
27 1993 1
16 1993 -1
27 1994 1
99 1994 -1
27 1995 1
75 1995 -1
27 1996 1
103 1996 -1
27 1997 1
76 1997 -1
27 1998 1
101 1998 -1
27 1999 1
129 1999 -1
27 2000 1
132 2000 -1
27 2001 1
133 2001 -1
27 2002 1
31 2002 -1
27 2003 1
32 2003 -1
27 2004 1
24 2004 -1
27 2005 1
72 2005 -1
27 2006 1
60 2006 -1
27 2007 1
148 2007 -1
50 2008 1
98 2008 -1
50 2009 1
56 2009 -1
50 2010 1
123 2010 -1
50 2011 1
97 2011 -1
50 2012 1
45 2012 -1
50 2013 1
122 2013 -1
50 2014 1
86 2014 -1
50 2015 1
52 2015 -1
50 2016 1
103 2016 -1
50 2017 1
111 2017 -1
50 2018 1
147 2018 -1
50 2019 1
21 2019 -1
50 2020 1
107 2020 -1
50 2021 1
69 2021 -1
50 2022 1
121 2022 -1
50 2023 1
110 2023 -1
50 2024 1
102 2024 -1
50 2025 1
152 2025 -1
50 2026 1
48 2026 -1
50 2027 1
149 2027 -1
50 2028 1
11 2028 -1
50 2029 1
136 2029 -1
58 2030 1
14 2030 -1
58 2031 1
71 2031 -1
58 2032 1
98 2032 -1
58 2033 1
121 2033 -1
58 2034 1
41 2034 -1
62 2035 1
19 2035 -1
62 2036 1
1 2036 -1
62 2037 1
42 2037 -1
62 2038 1
44 2038 -1
62 2039 1
61 2039 -1
62 2040 1
16 2040 -1
62 2041 1
81 2041 -1
62 2042 1
33 2042 -1
62 2043 1
79 2043 -1
62 2044 1
98 2044 -1
62 2045 1
92 2045 -1
62 2046 1
105 2046 -1
62 2047 1
93 2047 -1
62 2048 1
150 2048 -1
62 2049 1
59 2049 -1
62 2050 1
26 2050 -1
62 2051 1
95 2051 -1
62 2052 1
133 2052 -1
62 2053 1
52 2053 -1
62 2054 1
96 2054 -1
62 2055 1
104 2055 -1
62 2056 1
82 2056 -1
62 2057 1
51 2057 -1
62 2058 1
112 2058 -1
62 2059 1
123 2059 -1
62 2060 1
41 2060 -1
62 2061 1
108 2061 -1
72 2062 1
62 2062 -1
72 2063 1
105 2063 -1
72 2064 1
89 2064 -1
72 2065 1
15 2065 -1
72 2066 1
76 2066 -1
72 2067 1
114 2067 -1
72 2068 1
20 2068 -1
72 2069 1
79 2069 -1
72 2070 1
152 2070 -1
72 2071 1
28 2071 -1
72 2072 1
122 2072 -1
72 2073 1
121 2073 -1
72 2074 1
82 2074 -1
72 2075 1
65 2075 -1
72 2076 1
150 2076 -1
72 2077 1
149 2077 -1
72 2078 1
51 2078 -1
72 2079 1
94 2079 -1
72 2080 1
95 2080 -1
72 2081 1
115 2081 -1
72 2082 1
87 2082 -1
72 2083 1
26 2083 -1
72 2084 1
131 2084 -1
72 2085 1
103 2085 -1
72 2086 1
44 2086 -1
72 2087 1
92 2087 -1
95 2088 1
72 2088 -1
95 2089 1
44 2089 -1
95 2090 1
81 2090 -1
95 2091 1
68 2091 -1
95 2092 1
53 2092 -1
95 2093 1
145 2093 -1
95 2094 1
47 2094 -1
95 2095 1
18 2095 -1
95 2096 1
140 2096 -1
95 2097 1
55 2097 -1
95 2098 1
19 2098 -1
95 2099 1
28 2099 -1
95 2100 1
32 2100 -1
95 2101 1
132 2101 -1
95 2102 1
129 2102 -1
95 2103 1
148 2103 -1
95 2104 1
67 2104 -1
95 2105 1
15 2105 -1
95 2106 1
69 2106 -1
95 2107 1
137 2107 -1
95 2108 1
56 2108 -1
95 2109 1
141 2109 -1
95 2110 1
97 2110 -1
95 2111 1
58 2111 -1
95 2112 1
35 2112 -1
95 2113 1
70 2113 -1
95 2114 1
114 2114 -1
95 2115 1
76 2115 -1
95 2116 1
115 2116 -1
95 2117 1
24 2117 -1
95 2118 1
86 2118 -1
95 2119 1
46 2119 -1
95 2120 1
30 2120 -1
95 2121 1
142 2121 -1
95 2122 1
64 2122 -1
98 2123 1
137 2123 -1
98 2124 1
17 2124 -1
98 2125 1
130 2125 -1
98 2126 1
73 2126 -1
98 2127 1
46 2127 -1
98 2128 1
155 2128 -1
98 2129 1
122 2129 -1
98 2130 1
123 2130 -1
98 2131 1
38 2131 -1
98 2132 1
91 2132 -1
108 2133 1
123 2133 -1
108 2134 1
126 2134 -1
108 2135 1
40 2135 -1
108 2136 1
132 2136 -1
108 2137 1
64 2137 -1
108 2138 1
92 2138 -1
108 2139 1
97 2139 -1
108 2140 1
42 2140 -1
108 2141 1
16 2141 -1
108 2142 1
99 2142 -1
108 2143 1
120 2143 -1
108 2144 1
154 2144 -1
108 2145 1
72 2145 -1
108 2146 1
127 2146 -1
108 2147 1
85 2147 -1
108 2148 1
117 2148 -1
108 2149 1
62 2149 -1
108 2150 1
77 2150 -1
108 2151 1
103 2151 -1
108 2152 1
100 2152 -1
108 2153 1
119 2153 -1
123 2154 1
13 2154 -1
123 2155 1
101 2155 -1
123 2156 1
136 2156 -1
123 2157 1
94 2157 -1
135 2158 1
155 2158 -1
135 2159 1
43 2159 -1
135 2160 1
28 2160 -1
135 2161 1
92 2161 -1
135 2162 1
33 2162 -1
135 2163 1
128 2163 -1
135 2164 1
133 2164 -1
137 2165 1
27 2165 -1
137 2166 1
24 2166 -1
137 2167 1
44 2167 -1
8 2168 1
18 2168 -1
8 2169 1
106 2169 -1
8 2170 1
94 2170 -1
8 2171 1
97 2171 -1
8 2172 1
51 2172 -1
8 2173 1
86 2173 -1
8 2174 1
33 2174 -1
18 2175 1
104 2175 -1
18 2176 1
37 2176 -1
18 2177 1
150 2177 -1
18 2178 1
42 2178 -1
18 2179 1
49 2179 -1
18 2180 1
142 2180 -1
18 2181 1
148 2181 -1
18 2182 1
59 2182 -1
18 2183 1
16 2183 -1
18 2184 1
74 2184 -1
18 2185 1
112 2185 -1
18 2186 1
71 2186 -1
18 2187 1
45 2187 -1
18 2188 1
43 2188 -1
18 2189 1
151 2189 -1
18 2190 1
133 2190 -1
18 2191 1
14 2191 -1
18 2192 1
137 2192 -1
33 2193 1
133 2193 -1
33 2194 1
1 2194 -1
33 2195 1
83 2195 -1
33 2196 1
125 2196 -1
33 2197 1
69 2197 -1
33 2198 1
94 2198 -1
33 2199 1
87 2199 -1
33 2200 1
79 2200 -1
33 2201 1
30 2201 -1
33 2202 1
102 2202 -1
33 2203 1
126 2203 -1
33 2204 1
137 2204 -1
33 2205 1
115 2205 -1
33 2206 1
142 2206 -1
33 2207 1
17 2207 -1
33 2208 1
132 2208 -1
33 2209 1
32 2209 -1
33 2210 1
114 2210 -1
33 2211 1
124 2211 -1
33 2212 1
71 2212 -1
33 2213 1
37 2213 -1
33 2214 1
138 2214 -1
43 2215 1
155 2215 -1
43 2216 1
123 2216 -1
43 2217 1
33 2217 -1
43 2218 1
150 2218 -1
43 2219 1
41 2219 -1
43 2220 1
132 2220 -1
43 2221 1
58 2221 -1
43 2222 1
30 2222 -1
43 2223 1
85 2223 -1
43 2224 1
55 2224 -1
43 2225 1
130 2225 -1
43 2226 1
98 2226 -1
43 2227 1
107 2227 -1
43 2228 1
86 2228 -1
43 2229 1
23 2229 -1
43 2230 1
57 2230 -1
43 2231 1
84 2231 -1
43 2232 1
14 2232 -1
43 2233 1
148 2233 -1
43 2234 1
97 2234 -1
47 2235 1
103 2235 -1
47 2236 1
136 2236 -1
47 2237 1
148 2237 -1
47 2238 1
127 2238 -1
47 2239 1
121 2239 -1
47 2240 1
52 2240 -1
47 2241 1
35 2241 -1
47 2242 1
155 2242 -1
47 2243 1
30 2243 -1
47 2244 1
137 2244 -1
47 2245 1
49 2245 -1
47 2246 1
89 2246 -1
47 2247 1
24 2247 -1
47 2248 1
67 2248 -1
47 2249 1
132 2249 -1
52 2250 1
153 2250 -1
52 2251 1
143 2251 -1
52 2252 1
80 2252 -1
52 2253 1
104 2253 -1
52 2254 1
86 2254 -1
52 2255 1
76 2255 -1
52 2256 1
89 2256 -1
52 2257 1
108 2257 -1
52 2258 1
73 2258 -1
52 2259 1
55 2259 -1
52 2260 1
135 2260 -1
52 2261 1
145 2261 -1
52 2262 1
136 2262 -1
52 2263 1
47 2263 -1
52 2264 1
54 2264 -1
52 2265 1
138 2265 -1
52 2266 1
95 2266 -1
52 2267 1
69 2267 -1
52 2268 1
91 2268 -1
52 2269 1
37 2269 -1
103 2270 1
52 2270 -1
103 2271 1
105 2271 -1
103 2272 1
37 2272 -1
103 2273 1
102 2273 -1
103 2274 1
125 2274 -1
103 2275 1
48 2275 -1
103 2276 1
94 2276 -1
103 2277 1
145 2277 -1
103 2278 1
147 2278 -1
103 2279 1
67 2279 -1
103 2280 1
98 2280 -1
103 2281 1
139 2281 -1
103 2282 1
38 2282 -1
103 2283 1
144 2283 -1
103 2284 1
121 2284 -1
103 2285 1
95 2285 -1
103 2286 1
33 2286 -1
103 2287 1
57 2287 -1
103 2288 1
78 2288 -1
103 2289 1
140 2289 -1
103 2290 1
51 2290 -1
103 2291 1
138 2291 -1
103 2292 1
85 2292 -1
103 2293 1
59 2293 -1
103 2294 1
115 2294 -1
103 2295 1
99 2295 -1
104 2296 1
116 2296 -1
104 2297 1
154 2297 -1
104 2298 1
79 2298 -1
104 2299 1
43 2299 -1
104 2300 1
113 2300 -1
104 2301 1
145 2301 -1
104 2302 1
15 2302 -1
104 2303 1
64 2303 -1
104 2304 1
19 2304 -1
104 2305 1
82 2305 -1
104 2306 1
83 2306 -1
104 2307 1
50 2307 -1
104 2308 1
73 2308 -1
104 2309 1
153 2309 -1
104 2310 1
77 2310 -1
104 2311 1
24 2311 -1
104 2312 1
143 2312 -1
104 2313 1
13 2313 -1
104 2314 1
71 2314 -1
116 2315 1
33 2315 -1
116 2316 1
57 2316 -1
116 2317 1
94 2317 -1
116 2318 1
30 2318 -1
116 2319 1
143 2319 -1
116 2320 1
77 2320 -1
116 2321 1
22 2321 -1
116 2322 1
134 2322 -1
116 2323 1
40 2323 -1
116 2324 1
41 2324 -1
116 2325 1
11 2325 -1
116 2326 1
43 2326 -1
116 2327 1
24 2327 -1
116 2328 1
154 2328 -1
116 2329 1
48 2329 -1
116 2330 1
39 2330 -1
116 2331 1
72 2331 -1
116 2332 1
64 2332 -1
116 2333 1
140 2333 -1
116 2334 1
153 2334 -1
116 2335 1
65 2335 -1
116 2336 1
12 2336 -1
116 2337 1
141 2337 -1
116 2338 1
108 2338 -1
116 2339 1
83 2339 -1
116 2340 1
155 2340 -1
116 2341 1
67 2341 -1
116 2342 1
44 2342 -1
116 2343 1
142 2343 -1
116 2344 1
100 2344 -1
116 2345 1
95 2345 -1
116 2346 1
115 2346 -1
116 2347 1
114 2347 -1
122 2348 1
47 2348 -1
122 2349 1
123 2349 -1
122 2350 1
87 2350 -1
122 2351 1
24 2351 -1
122 2352 1
147 2352 -1
122 2353 1
135 2353 -1
122 2354 1
100 2354 -1
122 2355 1
151 2355 -1
122 2356 1
101 2356 -1
133 2357 1
143 2357 -1
133 2358 1
122 2358 -1
133 2359 1
128 2359 -1
133 2360 1
69 2360 -1
133 2361 1
144 2361 -1
133 2362 1
31 2362 -1
133 2363 1
116 2363 -1
133 2364 1
123 2364 -1
133 2365 1
106 2365 -1
133 2366 1
135 2366 -1
133 2367 1
90 2367 -1
133 2368 1
72 2368 -1
133 2369 1
155 2369 -1
143 2370 1
122 2370 -1
143 2371 1
148 2371 -1
153 2372 1
43 2372 -1
153 2373 1
120 2373 -1
153 2374 1
15 2374 -1
153 2375 1
151 2375 -1
153 2376 1
77 2376 -1
153 2377 1
140 2377 -1
153 2378 1
126 2378 -1
153 2379 1
84 2379 -1
153 2380 1
69 2380 -1
153 2381 1
112 2381 -1
153 2382 1
109 2382 -1
153 2383 1
73 2383 -1
153 2384 1
39 2384 -1
153 2385 1
59 2385 -1
153 2386 1
62 2386 -1
153 2387 1
88 2387 -1
153 2388 1
96 2388 -1
153 2389 1
52 2389 -1
153 2390 1
128 2390 -1
153 2391 1
82 2391 -1
153 2392 1
33 2392 -1
153 2393 1
30 2393 -1
153 2394 1
12 2394 -1
153 2395 1
48 2395 -1
153 2396 1
80 2396 -1
153 2397 1
17 2397 -1
153 2398 1
26 2398 -1
153 2399 1
103 2399 -1
153 2400 1
115 2400 -1
153 2401 1
58 2401 -1
153 2402 1
49 2402 -1
153 2403 1
24 2403 -1
9 2404 1
60 2404 -1
9 2405 1
92 2405 -1
9 2406 1
41 2406 -1
60 2407 1
79 2407 -1
60 2408 1
62 2408 -1
60 2409 1
114 2409 -1
60 2410 1
64 2410 -1
60 2411 1
51 2411 -1
60 2412 1
57 2412 -1
60 2413 1
151 2413 -1
60 2414 1
65 2414 -1
60 2415 1
135 2415 -1
60 2416 1
47 2416 -1
60 2417 1
25 2417 -1
60 2418 1
22 2418 -1
60 2419 1
106 2419 -1
60 2420 1
100 2420 -1
60 2421 1
58 2421 -1
60 2422 1
144 2422 -1
60 2423 1
12 2423 -1
60 2424 1
115 2424 -1
60 2425 1
108 2425 -1
60 2426 1
149 2426 -1
60 2427 1
71 2427 -1
60 2428 1
24 2428 -1
60 2429 1
46 2429 -1
61 2430 1
107 2430 -1
61 2431 1
87 2431 -1
61 2432 1
97 2432 -1
61 2433 1
72 2433 -1
61 2434 1
144 2434 -1
61 2435 1
43 2435 -1
61 2436 1
137 2436 -1
61 2437 1
155 2437 -1
61 2438 1
138 2438 -1
61 2439 1
41 2439 -1
61 2440 1
71 2440 -1
61 2441 1
79 2441 -1
61 2442 1
14 2442 -1
61 2443 1
39 2443 -1
61 2444 1
103 2444 -1
61 2445 1
69 2445 -1
61 2446 1
33 2446 -1
61 2447 1
84 2447 -1
61 2448 1
83 2448 -1
61 2449 1
58 2449 -1
61 2450 1
47 2450 -1
61 2451 1
24 2451 -1
61 2452 1
70 2452 -1
61 2453 1
153 2453 -1
61 2454 1
12 2454 -1
61 2455 1
126 2455 -1
61 2456 1
13 2456 -1
61 2457 1
40 2457 -1
70 2458 1
94 2458 -1
70 2459 1
76 2459 -1
70 2460 1
18 2460 -1
70 2461 1
28 2461 -1
70 2462 1
101 2462 -1
70 2463 1
97 2463 -1
70 2464 1
151 2464 -1
70 2465 1
34 2465 -1
70 2466 1
102 2466 -1
79 2467 1
144 2467 -1
79 2468 1
113 2468 -1
79 2469 1
147 2469 -1
79 2470 1
52 2470 -1
79 2471 1
98 2471 -1
79 2472 1
31 2472 -1
79 2473 1
64 2473 -1
79 2474 1
139 2474 -1
79 2475 1
90 2475 -1
79 2476 1
88 2476 -1
79 2477 1
99 2477 -1
79 2478 1
28 2478 -1
79 2479 1
20 2479 -1
79 2480 1
32 2480 -1
79 2481 1
123 2481 -1
79 2482 1
116 2482 -1
79 2483 1
17 2483 -1
79 2484 1
77 2484 -1
79 2485 1
80 2485 -1
79 2486 1
102 2486 -1
79 2487 1
86 2487 -1
79 2488 1
24 2488 -1
79 2489 1
108 2489 -1
79 2490 1
124 2490 -1
79 2491 1
125 2491 -1
79 2492 1
104 2492 -1
79 2493 1
145 2493 -1
79 2494 1
67 2494 -1
79 2495 1
100 2495 -1
79 2496 1
25 2496 -1
79 2497 1
140 2497 -1
79 2498 1
152 2498 -1
79 2499 1
74 2499 -1
79 2500 1
35 2500 -1
79 2501 1
83 2501 -1
83 2502 1
155 2502 -1
83 2503 1
30 2503 -1
83 2504 1
102 2504 -1
83 2505 1
76 2505 -1
83 2506 1
75 2506 -1
83 2507 1
133 2507 -1
83 2508 1
64 2508 -1
83 2509 1
21 2509 -1
83 2510 1
104 2510 -1
83 2511 1
78 2511 -1
83 2512 1
58 2512 -1
83 2513 1
35 2513 -1
83 2514 1
146 2514 -1
83 2515 1
17 2515 -1
83 2516 1
153 2516 -1
83 2517 1
85 2517 -1
83 2518 1
67 2518 -1
83 2519 1
57 2519 -1
83 2520 1
68 2520 -1
83 2521 1
46 2521 -1
83 2522 1
103 2522 -1
83 2523 1
107 2523 -1
83 2524 1
147 2524 -1
83 2525 1
65 2525 -1
83 2526 1
87 2526 -1
83 2527 1
32 2527 -1
83 2528 1
63 2528 -1
83 2529 1
41 2529 -1
83 2530 1
142 2530 -1
83 2531 1
105 2531 -1
83 2532 1
71 2532 -1
83 2533 1
91 2533 -1
83 2534 1
52 2534 -1
83 2535 1
143 2535 -1
83 2536 1
130 2536 -1
92 2537 1
70 2537 -1
92 2538 1
73 2538 -1
92 2539 1
75 2539 -1
92 2540 1
77 2540 -1
92 2541 1
123 2541 -1
92 2542 1
76 2542 -1
92 2543 1
47 2543 -1
92 2544 1
89 2544 -1
92 2545 1
152 2545 -1
92 2546 1
95 2546 -1
92 2547 1
122 2547 -1
92 2548 1
136 2548 -1
92 2549 1
57 2549 -1
92 2550 1
21 2550 -1
92 2551 1
38 2551 -1
94 2552 1
134 2552 -1
94 2553 1
25 2553 -1
94 2554 1
16 2554 -1
94 2555 1
125 2555 -1
94 2556 1
75 2556 -1
94 2557 1
77 2557 -1
107 2558 1
149 2558 -1
107 2559 1
124 2559 -1
107 2560 1
89 2560 -1
107 2561 1
127 2561 -1
107 2562 1
117 2562 -1
107 2563 1
28 2563 -1
107 2564 1
48 2564 -1
107 2565 1
81 2565 -1
107 2566 1
23 2566 -1
107 2567 1
99 2567 -1
107 2568 1
66 2568 -1
107 2569 1
79 2569 -1
107 2570 1
40 2570 -1
107 2571 1
113 2571 -1
107 2572 1
67 2572 -1
107 2573 1
121 2573 -1
107 2574 1
133 2574 -1
107 2575 1
94 2575 -1
107 2576 1
85 2576 -1
134 2577 1
61 2577 -1
134 2578 1
57 2578 -1
134 2579 1
31 2579 -1
134 2580 1
132 2580 -1
134 2581 1
128 2581 -1
134 2582 1
72 2582 -1
134 2583 1
147 2583 -1
134 2584 1
102 2584 -1
134 2585 1
119 2585 -1
134 2586 1
19 2586 -1
134 2587 1
110 2587 -1
134 2588 1
45 2588 -1
134 2589 1
71 2589 -1
134 2590 1
23 2590 -1
134 2591 1
77 2591 -1
134 2592 1
99 2592 -1
134 2593 1
133 2593 -1
134 2594 1
13 2594 -1
134 2595 1
121 2595 -1
134 2596 1
141 2596 -1
134 2597 1
80 2597 -1
134 2598 1
117 2598 -1
134 2599 1
70 2599 -1
134 2600 1
120 2600 -1
134 2601 1
25 2601 -1
134 2602 1
155 2602 -1
134 2603 1
41 2603 -1
134 2604 1
21 2604 -1
134 2605 1
75 2605 -1
134 2606 1
125 2606 -1
134 2607 1
103 2607 -1
134 2608 1
20 2608 -1
134 2609 1
105 2609 -1
134 2610 1
138 2610 -1
134 2611 1
66 2611 -1
134 2612 1
51 2612 -1
134 2613 1
14 2613 -1
134 2614 1
16 2614 -1
144 2615 1
92 2615 -1
144 2616 1
44 2616 -1
144 2617 1
65 2617 -1
144 2618 1
35 2618 -1
144 2619 1
117 2619 -1
144 2620 1
29 2620 -1
144 2621 1
147 2621 -1
144 2622 1
85 2622 -1
144 2623 1
51 2623 -1
144 2624 1
57 2624 -1
144 2625 1
142 2625 -1
144 2626 1
130 2626 -1
144 2627 1
55 2627 -1
144 2628 1
154 2628 -1
144 2629 1
100 2629 -1
144 2630 1
42 2630 -1
144 2631 1
109 2631 -1
144 2632 1
125 2632 -1
144 2633 1
89 2633 -1
149 2634 1
83 2634 -1
149 2635 1
1 2635 -1
149 2636 1
16 2636 -1
149 2637 1
28 2637 -1
149 2638 1
43 2638 -1
149 2639 1
132 2639 -1
149 2640 1
31 2640 -1
149 2641 1
74 2641 -1
149 2642 1
22 2642 -1
149 2643 1
60 2643 -1
149 2644 1
116 2644 -1
149 2645 1
114 2645 -1
149 2646 1
135 2646 -1
149 2647 1
73 2647 -1
149 2648 1
94 2648 -1
149 2649 1
69 2649 -1
149 2650 1
25 2650 -1
149 2651 1
124 2651 -1
149 2652 1
121 2652 -1
149 2653 1
95 2653 -1
149 2654 1
138 2654 -1
149 2655 1
76 2655 -1
149 2656 1
100 2656 -1
149 2657 1
91 2657 -1
149 2658 1
122 2658 -1
149 2659 1
26 2659 -1
149 2660 1
129 2660 -1
149 2661 1
127 2661 -1
149 2662 1
113 2662 -1
149 2663 1
118 2663 -1
149 2664 1
12 2664 -1
149 2665 1
72 2665 -1
149 2666 1
123 2666 -1
149 2667 1
66 2667 -1
149 2668 1
80 2668 -1
149 2669 1
68 2669 -1
10 2670 1
35 2670 -1
10 2671 1
95 2671 -1
10 2672 1
54 2672 -1
10 2673 1
153 2673 -1
21 2674 1
29 2674 -1
21 2675 1
126 2675 -1
21 2676 1
26 2676 -1
21 2677 1
57 2677 -1
21 2678 1
61 2678 -1
29 2679 1
155 2679 -1
29 2680 1
115 2680 -1
29 2681 1
71 2681 -1
29 2682 1
95 2682 -1
29 2683 1
57 2683 -1
29 2684 1
110 2684 -1
29 2685 1
17 2685 -1
29 2686 1
52 2686 -1
29 2687 1
53 2687 -1
29 2688 1
69 2688 -1
29 2689 1
106 2689 -1
29 2690 1
62 2690 -1
29 2691 1
58 2691 -1
29 2692 1
145 2692 -1
29 2693 1
154 2693 -1
35 2694 1
139 2694 -1
35 2695 1
121 2695 -1
35 2696 1
95 2696 -1
35 2697 1
52 2697 -1
35 2698 1
79 2698 -1
35 2699 1
13 2699 -1
35 2700 1
128 2700 -1
35 2701 1
88 2701 -1
35 2702 1
33 2702 -1
35 2703 1
115 2703 -1
55 2704 1
68 2704 -1
55 2705 1
26 2705 -1
63 2706 1
90 2706 -1
63 2707 1
65 2707 -1
63 2708 1
131 2708 -1
63 2709 1
108 2709 -1
68 2710 1
100 2710 -1
68 2711 1
95 2711 -1
68 2712 1
33 2712 -1
68 2713 1
50 2713 -1
68 2714 1
27 2714 -1
68 2715 1
120 2715 -1
68 2716 1
51 2716 -1
68 2717 1
131 2717 -1
84 2718 1
97 2718 -1
84 2719 1
138 2719 -1
84 2720 1
26 2720 -1
84 2721 1
39 2721 -1
84 2722 1
59 2722 -1
84 2723 1
104 2723 -1
84 2724 1
132 2724 -1
84 2725 1
55 2725 -1
84 2726 1
116 2726 -1
84 2727 1
75 2727 -1
84 2728 1
40 2728 -1
84 2729 1
153 2729 -1
84 2730 1
120 2730 -1
84 2731 1
49 2731 -1
84 2732 1
65 2732 -1
84 2733 1
67 2733 -1
84 2734 1
21 2734 -1
84 2735 1
95 2735 -1
84 2736 1
147 2736 -1
84 2737 1
44 2737 -1
84 2738 1
142 2738 -1
84 2739 1
145 2739 -1
84 2740 1
37 2740 -1
84 2741 1
78 2741 -1
84 2742 1
137 2742 -1
84 2743 1
31 2743 -1
84 2744 1
139 2744 -1
84 2745 1
90 2745 -1
84 2746 1
122 2746 -1
86 2747 1
1 2747 -1
86 2748 1
55 2748 -1
86 2749 1
27 2749 -1
86 2750 1
45 2750 -1
86 2751 1
76 2751 -1
86 2752 1
87 2752 -1
86 2753 1
73 2753 -1
86 2754 1
28 2754 -1
86 2755 1
81 2755 -1
86 2756 1
107 2756 -1
86 2757 1
153 2757 -1
86 2758 1
112 2758 -1
86 2759 1
49 2759 -1
86 2760 1
111 2760 -1
86 2761 1
12 2761 -1
86 2762 1
14 2762 -1
86 2763 1
39 2763 -1
89 2764 1
125 2764 -1
89 2765 1
35 2765 -1
89 2766 1
81 2766 -1
89 2767 1
143 2767 -1
89 2768 1
102 2768 -1
89 2769 1
59 2769 -1
89 2770 1
121 2770 -1
89 2771 1
58 2771 -1
89 2772 1
126 2772 -1
89 2773 1
65 2773 -1
89 2774 1
119 2774 -1
89 2775 1
113 2775 -1
89 2776 1
79 2776 -1
89 2777 1
137 2777 -1
89 2778 1
133 2778 -1
89 2779 1
21 2779 -1
89 2780 1
87 2780 -1
89 2781 1
149 2781 -1
89 2782 1
62 2782 -1
89 2783 1
16 2783 -1
89 2784 1
135 2784 -1
89 2785 1
23 2785 -1
89 2786 1
28 2786 -1
89 2787 1
53 2787 -1
89 2788 1
41 2788 -1
89 2789 1
90 2789 -1
89 2790 1
92 2790 -1
89 2791 1
74 2791 -1
89 2792 1
50 2792 -1
89 2793 1
31 2793 -1
89 2794 1
40 2794 -1
89 2795 1
110 2795 -1
89 2796 1
128 2796 -1
89 2797 1
130 2797 -1
89 2798 1
13 2798 -1
89 2799 1
95 2799 -1
89 2800 1
48 2800 -1
89 2801 1
124 2801 -1
89 2802 1
150 2802 -1
89 2803 1
116 2803 -1
89 2804 1
114 2804 -1
89 2805 1
153 2805 -1
89 2806 1
142 2806 -1
89 2807 1
68 2807 -1
90 2808 1
84 2808 -1
90 2809 1
17 2809 -1
90 2810 1
81 2810 -1
90 2811 1
20 2811 -1
90 2812 1
66 2812 -1
90 2813 1
92 2813 -1
97 2814 1
89 2814 -1
97 2815 1
59 2815 -1
97 2816 1
28 2816 -1
97 2817 1
112 2817 -1
97 2818 1
62 2818 -1
97 2819 1
143 2819 -1
97 2820 1
111 2820 -1
97 2821 1
102 2821 -1
97 2822 1
80 2822 -1
97 2823 1
148 2823 -1
97 2824 1
67 2824 -1
97 2825 1
23 2825 -1
97 2826 1
41 2826 -1
100 2827 1
114 2827 -1
100 2828 1
123 2828 -1
100 2829 1
86 2829 -1
100 2830 1
40 2830 -1
100 2831 1
96 2831 -1
100 2832 1
30 2832 -1
100 2833 1
124 2833 -1
100 2834 1
94 2834 -1
100 2835 1
82 2835 -1
100 2836 1
77 2836 -1
100 2837 1
32 2837 -1
100 2838 1
49 2838 -1
100 2839 1
155 2839 -1
100 2840 1
93 2840 -1
100 2841 1
150 2841 -1
100 2842 1
88 2842 -1
100 2843 1
36 2843 -1
100 2844 1
101 2844 -1
100 2845 1
39 2845 -1
100 2846 1
15 2846 -1
100 2847 1
95 2847 -1
100 2848 1
104 2848 -1
100 2849 1
81 2849 -1
100 2850 1
27 2850 -1
100 2851 1
120 2851 -1
100 2852 1
58 2852 -1
100 2853 1
129 2853 -1
100 2854 1
53 2854 -1
100 2855 1
125 2855 -1
100 2856 1
103 2856 -1
100 2857 1
33 2857 -1
100 2858 1
145 2858 -1
100 2859 1
153 2859 -1
100 2860 1
18 2860 -1
100 2861 1
112 2861 -1
100 2862 1
134 2862 -1
100 2863 1
113 2863 -1
100 2864 1
89 2864 -1
100 2865 1
75 2865 -1
100 2866 1
121 2866 -1
100 2867 1
108 2867 -1
100 2868 1
11 2868 -1
100 2869 1
139 2869 -1
100 2870 1
111 2870 -1
100 2871 1
142 2871 -1
100 2872 1
126 2872 -1
111 2873 1
63 2873 -1
111 2874 1
130 2874 -1
111 2875 1
114 2875 -1
111 2876 1
11 2876 -1
111 2877 1
137 2877 -1
111 2878 1
24 2878 -1
111 2879 1
115 2879 -1
111 2880 1
126 2880 -1
111 2881 1
68 2881 -1
111 2882 1
129 2882 -1
111 2883 1
42 2883 -1
111 2884 1
16 2884 -1
111 2885 1
52 2885 -1
111 2886 1
60 2886 -1
111 2887 1
100 2887 -1
111 2888 1
127 2888 -1
111 2889 1
147 2889 -1
114 2890 1
140 2890 -1
114 2891 1
86 2891 -1
114 2892 1
28 2892 -1
114 2893 1
137 2893 -1
114 2894 1
16 2894 -1
114 2895 1
155 2895 -1
114 2896 1
139 2896 -1
114 2897 1
53 2897 -1
114 2898 1
122 2898 -1
114 2899 1
23 2899 -1
114 2900 1
85 2900 -1
114 2901 1
113 2901 -1
114 2902 1
18 2902 -1
114 2903 1
106 2903 -1
125 2904 1
21 2904 -1
125 2905 1
132 2905 -1
125 2906 1
11 2906 -1
125 2907 1
17 2907 -1
125 2908 1
111 2908 -1
125 2909 1
134 2909 -1
125 2910 1
122 2910 -1
125 2911 1
82 2911 -1
125 2912 1
20 2912 -1
125 2913 1
46 2913 -1
125 2914 1
54 2914 -1
125 2915 1
75 2915 -1
125 2916 1
42 2916 -1
125 2917 1
115 2917 -1
125 2918 1
92 2918 -1
125 2919 1
73 2919 -1
125 2920 1
74 2920 -1
125 2921 1
33 2921 -1
125 2922 1
31 2922 -1
125 2923 1
120 2923 -1
125 2924 1
77 2924 -1
125 2925 1
48 2925 -1
125 2926 1
110 2926 -1
125 2927 1
144 2927 -1
125 2928 1
19 2928 -1
125 2929 1
101 2929 -1
125 2930 1
138 2930 -1
125 2931 1
50 2931 -1
125 2932 1
100 2932 -1
125 2933 1
71 2933 -1
125 2934 1
39 2934 -1
125 2935 1
123 2935 -1
125 2936 1
13 2936 -1
125 2937 1
24 2937 -1
125 2938 1
61 2938 -1
125 2939 1
12 2939 -1
125 2940 1
128 2940 -1
125 2941 1
104 2941 -1
125 2942 1
18 2942 -1
125 2943 1
41 2943 -1
125 2944 1
68 2944 -1
125 2945 1
93 2945 -1
125 2946 1
131 2946 -1
125 2947 1
43 2947 -1
125 2948 1
60 2948 -1
125 2949 1
153 2949 -1
125 2950 1
142 2950 -1
139 2951 1
86 2951 -1
139 2952 1
128 2952 -1
139 2953 1
137 2953 -1
139 2954 1
79 2954 -1
139 2955 1
95 2955 -1
139 2956 1
80 2956 -1
139 2957 1
21 2957 -1
139 2958 1
114 2958 -1
139 2959 1
150 2959 -1
140 2960 1
111 2960 -1
140 2961 1
33 2961 -1
140 2962 1
73 2962 -1
140 2963 1
130 2963 -1
140 2964 1
94 2964 -1
140 2965 1
109 2965 -1
140 2966 1
11 2966 -1
140 2967 1
67 2967 -1
140 2968 1
65 2968 -1
140 2969 1
153 2969 -1
140 2970 1
127 2970 -1
140 2971 1
116 2971 -1
140 2972 1
72 2972 -1
140 2973 1
131 2973 -1
140 2974 1
74 2974 -1
140 2975 1
87 2975 -1
140 2976 1
59 2976 -1
140 2977 1
100 2977 -1
140 2978 1
69 2978 -1
140 2979 1
88 2979 -1
140 2980 1
15 2980 -1
140 2981 1
63 2981 -1
140 2982 1
132 2982 -1
140 2983 1
68 2983 -1
140 2984 1
35 2984 -1
140 2985 1
115 2985 -1
140 2986 1
135 2986 -1
140 2987 1
86 2987 -1
140 2988 1
120 2988 -1
140 2989 1
38 2989 -1
140 2990 1
23 2990 -1
140 2991 1
124 2991 -1
140 2992 1
144 2992 -1
140 2993 1
148 2993 -1
140 2994 1
39 2994 -1
140 2995 1
41 2995 -1
140 2996 1
113 2996 -1
140 2997 1
126 2997 -1
140 2998 1
71 2998 -1
140 2999 1
78 2999 -1
140 3000 1
107 3000 -1
