1 1 1
56 1 -1
1 2 1
150 2 -1
1 3 1
96 3 -1
1 4 1
105 4 -1
1 5 1
130 5 -1
1 6 1
60 6 -1
1 7 1
68 7 -1
11 8 1
140 8 -1
11 9 1
149 9 -1
11 10 1
102 10 -1
11 11 1
29 11 -1
11 12 1
88 12 -1
11 13 1
124 13 -1
11 14 1
128 14 -1
11 15 1
30 15 -1
11 16 1
98 16 -1
11 17 1
151 17 -1
11 18 1
139 18 -1
11 19 1
57 19 -1
11 20 1
37 20 -1
11 21 1
17 21 -1
11 22 1
141 22 -1
11 23 1
118 23 -1
11 24 1
96 24 -1
11 25 1
49 25 -1
21 26 1
44 26 -1
21 27 1
78 27 -1
21 28 1
152 28 -1
21 29 1
17 29 -1
21 30 1
69 30 -1
21 31 1
130 31 -1
21 32 1
28 32 -1
21 33 1
52 33 -1
21 34 1
80 34 -1
21 35 1
10 35 -1
21 36 1
72 36 -1
21 37 1
67 37 -1
21 38 1
139 38 -1
21 39 1
109 39 -1
21 40 1
70 40 -1
21 41 1
9 41 -1
21 42 1
74 42 -1
21 43 1
53 43 -1
21 44 1
132 44 -1
21 45 1
68 45 -1
21 46 1
55 46 -1
21 47 1
62 47 -1
21 48 1
14 48 -1
21 49 1
97 49 -1
21 50 1
128 50 -1
21 51 1
83 51 -1
21 52 1
48 52 -1
23 53 1
101 53 -1
23 54 1
62 54 -1
23 55 1
16 55 -1
23 56 1
75 56 -1
23 57 1
153 57 -1
23 58 1
10 58 -1
23 59 1
44 59 -1
23 60 1
57 60 -1
23 61 1
144 61 -1
23 62 1
79 62 -1
23 63 1
86 63 -1
23 64 1
47 64 -1
23 65 1
70 65 -1
23 66 1
129 66 -1
23 67 1
102 67 -1
23 68 1
26 68 -1
23 69 1
147 69 -1
23 70 1
133 70 -1
23 71 1
135 71 -1
23 72 1
35 72 -1
23 73 1
116 73 -1
23 74 1
65 74 -1
23 75 1
54 75 -1
23 76 1
46 76 -1
23 77 1
132 77 -1
23 78 1
126 78 -1
23 79 1
128 79 -1
23 80 1
11 80 -1
23 81 1
110 81 -1
23 82 1
32 82 -1
23 83 1
27 83 -1
23 84 1
74 84 -1
31 85 1
114 85 -1
31 86 1
38 86 -1
31 87 1
93 87 -1
31 88 1
123 88 -1
31 89 1
149 89 -1
31 90 1
125 90 -1
31 91 1
63 91 -1
31 92 1
29 92 -1
31 93 1
96 93 -1
31 94 1
142 94 -1
31 95 1
99 95 -1
31 96 1
87 96 -1
31 97 1
154 97 -1
31 98 1
78 98 -1
31 99 1
133 99 -1
31 100 1
113 100 -1
31 101 1
155 101 -1
31 102 1
47 102 -1
31 103 1
48 103 -1
31 104 1
53 104 -1
31 105 1
147 105 -1
31 106 1
27 106 -1
31 107 1
111 107 -1
31 108 1
105 108 -1
31 109 1
90 109 -1
31 110 1
56 110 -1
34 111 1
11 111 -1
34 112 1
109 112 -1
34 113 1
80 113 -1
34 114 1
151 114 -1
34 115 1
138 115 -1
34 116 1
144 116 -1
34 117 1
49 117 -1
34 118 1
73 118 -1
34 119 1
52 119 -1
34 120 1
155 120 -1
34 121 1
38 121 -1
36 122 1
21 122 -1
36 123 1
149 123 -1
36 124 1
132 124 -1
36 125 1
108 125 -1
36 126 1
48 126 -1
36 127 1
24 127 -1
36 128 1
123 128 -1
36 129 1
46 129 -1
36 130 1
111 130 -1
36 131 1
138 131 -1
36 132 1
66 132 -1
36 133 1
47 133 -1
36 134 1
106 134 -1
36 135 1
112 135 -1
36 136 1
27 136 -1
36 137 1
78 137 -1
36 138 1
105 138 -1
36 139 1
114 139 -1
36 140 1
22 140 -1
36 141 1
129 141 -1
36 142 1
142 142 -1
36 143 1
67 143 -1
36 144 1
23 144 -1
36 145 1
115 145 -1
36 146 1
153 146 -1
36 147 1
52 147 -1
36 148 1
146 148 -1
36 149 1
70 149 -1
36 150 1
97 150 -1
37 151 1
34 151 -1
37 152 1
20 152 -1
37 153 1
83 153 -1
37 154 1
153 154 -1
37 155 1
42 155 -1
37 156 1
132 156 -1
37 157 1
26 157 -1
37 158 1
92 158 -1
37 159 1
57 159 -1
37 160 1
131 160 -1
37 161 1
71 161 -1
37 162 1
30 162 -1
37 163 1
117 163 -1
37 164 1
77 164 -1
37 165 1
116 165 -1
37 166 1
79 166 -1
37 167 1
75 167 -1
37 168 1
84 168 -1
37 169 1
78 169 -1
37 170 1
48 170 -1
37 171 1
15 171 -1
37 172 1
69 172 -1
37 173 1
147 173 -1
37 174 1
63 174 -1
37 175 1
45 175 -1
37 176 1
120 176 -1
37 177 1
16 177 -1
37 178 1
144 178 -1
37 179 1
110 179 -1
37 180 1
114 180 -1
37 181 1
76 181 -1
37 182 1
137 182 -1
37 183 1
23 183 -1
37 184 1
107 184 -1
37 185 1
122 185 -1
37 186 1
64 186 -1
37 187 1
148 187 -1
38 188 1
67 188 -1
38 189 1
92 189 -1
38 190 1
120 190 -1
38 191 1
150 191 -1
38 192 1
126 192 -1
38 193 1
71 193 -1
38 194 1
26 194 -1
38 195 1
131 195 -1
38 196 1
40 196 -1
38 197 1
22 197 -1
38 198 1
78 198 -1
38 199 1
27 199 -1
38 200 1
61 200 -1
38 201 1
99 201 -1
38 202 1
129 202 -1
38 203 1
12 203 -1
38 204 1
75 204 -1
44 205 1
37 205 -1
44 206 1
115 206 -1
44 207 1
33 207 -1
44 208 1
113 208 -1
44 209 1
20 209 -1
44 210 1
25 210 -1
44 211 1
75 211 -1
56 212 1
70 212 -1
56 213 1
76 213 -1
56 214 1
85 214 -1
56 215 1
36 215 -1
56 216 1
150 216 -1
56 217 1
19 217 -1
56 218 1
151 218 -1
56 219 1
79 219 -1
56 220 1
86 220 -1
56 221 1
35 221 -1
56 222 1
74 222 -1
56 223 1
29 223 -1
56 224 1
113 224 -1
56 225 1
58 225 -1
56 226 1
53 226 -1
56 227 1
39 227 -1
56 228 1
155 228 -1
56 229 1
112 229 -1
56 230 1
67 230 -1
56 231 1
149 231 -1
56 232 1
94 232 -1
56 233 1
102 233 -1
56 234 1
121 234 -1
56 235 1
128 235 -1
56 236 1
111 236 -1
56 237 1
73 237 -1
56 238 1
96 238 -1
56 239 1
24 239 -1
56 240 1
14 240 -1
56 241 1
27 241 -1
56 242 1
83 242 -1
56 243 1
10 243 -1
56 244 1
99 244 -1
56 245 1
126 245 -1
56 246 1
31 246 -1
56 247 1
81 247 -1
56 248 1
108 248 -1
67 249 1
69 249 -1
67 250 1
91 250 -1
67 251 1
146 251 -1
67 252 1
17 252 -1
67 253 1
60 253 -1
67 254 1
52 254 -1
67 255 1
9 255 -1
67 256 1
90 256 -1
67 257 1
135 257 -1
67 258 1
68 258 -1
67 259 1
38 259 -1
67 260 1
93 260 -1
67 261 1
119 261 -1
69 262 1
145 262 -1
69 263 1
108 263 -1
70 264 1
94 264 -1
70 265 1
28 265 -1
70 266 1
86 266 -1
70 267 1
100 267 -1
70 268 1
122 268 -1
70 269 1
38 269 -1
70 270 1
111 270 -1
70 271 1
142 271 -1
70 272 1
73 272 -1
70 273 1
101 273 -1
70 274 1
26 274 -1
70 275 1
56 275 -1
70 276 1
138 276 -1
70 277 1
13 277 -1
70 278 1
104 278 -1
70 279 1
129 279 -1
70 280 1
58 280 -1
70 281 1
119 281 -1
70 282 1
51 282 -1
70 283 1
105 283 -1
70 284 1
74 284 -1
70 285 1
123 285 -1
81 286 1
23 286 -1
81 287 1
109 287 -1
81 288 1
49 288 -1
81 289 1
141 289 -1
81 290 1
117 290 -1
81 291 1
19 291 -1
81 292 1
41 292 -1
81 293 1
134 293 -1
81 294 1
133 294 -1
81 295 1
71 295 -1
81 296 1
126 296 -1
81 297 1
149 297 -1
81 298 1
72 298 -1
81 299 1
44 299 -1
81 300 1
39 300 -1
81 301 1
103 301 -1
81 302 1
118 302 -1
81 303 1
131 303 -1
81 304 1
100 304 -1
81 305 1
143 305 -1
81 306 1
98 306 -1
81 307 1
153 307 -1
81 308 1
115 308 -1
81 309 1
28 309 -1
81 310 1
22 310 -1
81 311 1
96 311 -1
81 312 1
51 312 -1
81 313 1
12 313 -1
81 314 1
52 314 -1
81 315 1
151 315 -1
81 316 1
74 316 -1
81 317 1
132 317 -1
81 318 1
127 318 -1
81 319 1
108 319 -1
81 320 1
32 320 -1
81 321 1
70 321 -1
81 322 1
17 322 -1
94 323 1
129 323 -1
94 324 1
125 324 -1
94 325 1
110 325 -1
94 326 1
71 326 -1
94 327 1
90 327 -1
94 328 1
92 328 -1
94 329 1
152 329 -1
94 330 1
36 330 -1
94 331 1
53 331 -1
94 332 1
31 332 -1
94 333 1
33 333 -1
94 334 1
107 334 -1
94 335 1
83 335 -1
94 336 1
15 336 -1
94 337 1
57 337 -1
94 338 1
34 338 -1
94 339 1
93 339 -1
94 340 1
56 340 -1
94 341 1
142 341 -1
94 342 1
85 342 -1
94 343 1
97 343 -1
94 344 1
62 344 -1
94 345 1
149 345 -1
94 346 1
96 346 -1
94 347 1
51 347 -1
94 348 1
59 348 -1
94 349 1
138 349 -1
101 350 1
38 350 -1
101 351 1
138 351 -1
101 352 1
56 352 -1
101 353 1
48 353 -1
101 354 1
41 354 -1
101 355 1
60 355 -1
101 356 1
65 356 -1
101 357 1
105 357 -1
101 358 1
133 358 -1
101 359 1
72 359 -1
101 360 1
24 360 -1
101 361 1
119 361 -1
101 362 1
89 362 -1
101 363 1
115 363 -1
101 364 1
39 364 -1
101 365 1
86 365 -1
109 366 1
130 366 -1
109 367 1
83 367 -1
109 368 1
122 368 -1
109 369 1
40 369 -1
109 370 1
82 370 -1
109 371 1
47 371 -1
109 372 1
128 372 -1
109 373 1
106 373 -1
109 374 1
42 374 -1
109 375 1
20 375 -1
109 376 1
48 376 -1
109 377 1
86 377 -1
109 378 1
107 378 -1
109 379 1
79 379 -1
109 380 1
113 380 -1
109 381 1
96 381 -1
109 382 1
124 382 -1
109 383 1
129 383 -1
109 384 1
56 384 -1
109 385 1
55 385 -1
114 386 1
36 386 -1
114 387 1
27 387 -1
114 388 1
23 388 -1
114 389 1
28 389 -1
114 390 1
18 390 -1
114 391 1
112 391 -1
114 392 1
118 392 -1
114 393 1
125 393 -1
114 394 1
22 394 -1
114 395 1
152 395 -1
129 396 1
81 396 -1
129 397 1
128 397 -1
129 398 1
149 398 -1
129 399 1
79 399 -1
129 400 1
78 400 -1
129 401 1
107 401 -1
129 402 1
83 402 -1
129 403 1
99 403 -1
129 404 1
143 404 -1
129 405 1
127 405 -1
129 406 1
54 406 -1
129 407 1
102 407 -1
129 408 1
9 408 -1
129 409 1
33 409 -1
129 410 1
106 410 -1
129 411 1
136 411 -1
129 412 1
68 412 -1
129 413 1
121 413 -1
129 414 1
108 414 -1
129 415 1
46 415 -1
129 416 1
34 416 -1
129 417 1
109 417 -1
129 418 1
148 418 -1
129 419 1
97 419 -1
129 420 1
35 420 -1
129 421 1
98 421 -1
129 422 1
131 422 -1
129 423 1
155 423 -1
130 424 1
31 424 -1
130 425 1
25 425 -1
130 426 1
133 426 -1
130 427 1
82 427 -1
130 428 1
27 428 -1
130 429 1
110 429 -1
130 430 1
114 430 -1
130 431 1
60 431 -1
130 432 1
28 432 -1
130 433 1
49 433 -1
130 434 1
138 434 -1
130 435 1
41 435 -1
130 436 1
116 436 -1
130 437 1
35 437 -1
130 438 1
153 438 -1
130 439 1
51 439 -1
130 440 1
87 440 -1
130 441 1
77 441 -1
130 442 1
79 442 -1
130 443 1
24 443 -1
130 444 1
21 444 -1
130 445 1
72 445 -1
130 446 1
103 446 -1
140 447 1
152 447 -1
140 448 1
146 448 -1
140 449 1
9 449 -1
140 450 1
21 450 -1
140 451 1
57 451 -1
140 452 1
15 452 -1
140 453 1
135 453 -1
140 454 1
107 454 -1
140 455 1
12 455 -1
140 456 1
139 456 -1
140 457 1
123 457 -1
140 458 1
148 458 -1
140 459 1
144 459 -1
140 460 1
63 460 -1
140 461 1
52 461 -1
140 462 1
72 462 -1
140 463 1
79 463 -1
140 464 1
32 464 -1
140 465 1
20 465 -1
140 466 1
26 466 -1
140 467 1
84 467 -1
140 468 1
104 468 -1
140 469 1
29 469 -1
140 470 1
141 470 -1
140 471 1
143 471 -1
140 472 1
56 472 -1
140 473 1
122 473 -1
140 474 1
47 474 -1
140 475 1
91 475 -1
140 476 1
87 476 -1
140 477 1
131 477 -1
140 478 1
129 478 -1
145 479 1
109 479 -1
145 480 1
73 480 -1
145 481 1
89 481 -1
145 482 1
116 482 -1
145 483 1
81 483 -1
145 484 1
98 484 -1
145 485 1
56 485 -1
145 486 1
128 486 -1
145 487 1
93 487 -1
145 488 1
138 488 -1
145 489 1
70 489 -1
145 490 1
143 490 -1
145 491 1
42 491 -1
145 492 1
146 492 -1
145 493 1
105 493 -1
145 494 1
19 494 -1
145 495 1
25 495 -1
145 496 1
103 496 -1
145 497 1
122 497 -1
145 498 1
133 498 -1
145 499 1
114 499 -1
145 500 1
80 500 -1
145 501 1
94 501 -1
145 502 1
96 502 -1
145 503 1
123 503 -1
2 504 1
22 504 -1
2 505 1
131 505 -1
2 506 1
121 506 -1
2 507 1
33 507 -1
2 508 1
41 508 -1
2 509 1
73 509 -1
2 510 1
152 510 -1
2 511 1
70 511 -1
2 512 1
14 512 -1
2 513 1
146 513 -1
2 514 1
101 514 -1
2 515 1
120 515 -1
2 516 1
99 516 -1
2 517 1
43 517 -1
2 518 1
130 518 -1
2 519 1
127 519 -1
2 520 1
90 520 -1
2 521 1
25 521 -1
2 522 1
62 522 -1
2 523 1
116 523 -1
2 524 1
125 524 -1
2 525 1
77 525 -1
2 526 1
34 526 -1
2 527 1
72 527 -1
2 528 1
133 528 -1
2 529 1
86 529 -1
13 530 1
54 530 -1
13 531 1
79 531 -1
13 532 1
147 532 -1
13 533 1
91 533 -1
13 534 1
18 534 -1
13 535 1
63 535 -1
13 536 1
56 536 -1
13 537 1
107 537 -1
13 538 1
43 538 -1
13 539 1
97 539 -1
13 540 1
77 540 -1
13 541 1
138 541 -1
13 542 1
117 542 -1
13 543 1
10 543 -1
13 544 1
44 544 -1
13 545 1
87 545 -1
13 546 1
14 546 -1
13 547 1
45 547 -1
13 548 1
154 548 -1
13 549 1
102 549 -1
13 550 1
46 550 -1
13 551 1
144 551 -1
13 552 1
39 552 -1
13 553 1
16 553 -1
13 554 1
82 554 -1
13 555 1
142 555 -1
13 556 1
32 556 -1
13 557 1
118 557 -1
13 558 1
34 558 -1
13 559 1
83 559 -1
22 560 1
131 560 -1
22 561 1
105 561 -1
22 562 1
153 562 -1
22 563 1
47 563 -1
22 564 1
78 564 -1
22 565 1
143 565 -1
22 566 1
53 566 -1
22 567 1
41 567 -1
22 568 1
116 568 -1
22 569 1
30 569 -1
22 570 1
40 570 -1
22 571 1
150 571 -1
22 572 1
66 572 -1
22 573 1
89 573 -1
22 574 1
128 574 -1
22 575 1
127 575 -1
22 576 1
147 576 -1
25 577 1
79 577 -1
25 578 1
116 578 -1
25 579 1
95 579 -1
25 580 1
72 580 -1
25 581 1
19 581 -1
25 582 1
67 582 -1
25 583 1
152 583 -1
43 584 1
76 584 -1
43 585 1
64 585 -1
43 586 1
92 586 -1
43 587 1
128 587 -1
43 588 1
44 588 -1
43 589 1
144 589 -1
43 590 1
27 590 -1
43 591 1
50 591 -1
43 592 1
108 592 -1
43 593 1
52 593 -1
43 594 1
95 594 -1
43 595 1
106 595 -1
43 596 1
31 596 -1
43 597 1
66 597 -1
43 598 1
34 598 -1
43 599 1
61 599 -1
43 600 1
57 600 -1
43 601 1
10 601 -1
43 602 1
96 602 -1
43 603 1
46 603 -1
43 604 1
59 604 -1
43 605 1
63 605 -1
43 606 1
35 606 -1
43 607 1
68 607 -1
43 608 1
65 608 -1
43 609 1
17 609 -1
43 610 1
139 610 -1
43 611 1
30 611 -1
43 612 1
133 612 -1
43 613 1
140 613 -1
43 614 1
132 614 -1
43 615 1
141 615 -1
43 616 1
85 616 -1
43 617 1
67 617 -1
43 618 1
89 618 -1
43 619 1
55 619 -1
43 620 1
105 620 -1
43 621 1
94 621 -1
43 622 1
36 622 -1
46 623 1
147 623 -1
46 624 1
108 624 -1
46 625 1
62 625 -1
46 626 1
94 626 -1
46 627 1
112 627 -1
46 628 1
42 628 -1
46 629 1
14 629 -1
46 630 1
116 630 -1
46 631 1
78 631 -1
46 632 1
127 632 -1
46 633 1
64 633 -1
46 634 1
43 634 -1
46 635 1
145 635 -1
46 636 1
72 636 -1
46 637 1
9 637 -1
46 638 1
143 638 -1
46 639 1
121 639 -1
46 640 1
53 640 -1
46 641 1
40 641 -1
46 642 1
15 642 -1
46 643 1
71 643 -1
46 644 1
120 644 -1
46 645 1
154 645 -1
46 646 1
73 646 -1
46 647 1
69 647 -1
46 648 1
85 648 -1
46 649 1
107 649 -1
46 650 1
140 650 -1
46 651 1
118 651 -1
46 652 1
139 652 -1
46 653 1
33 653 -1
46 654 1
86 654 -1
46 655 1
110 655 -1
46 656 1
105 656 -1
46 657 1
28 657 -1
47 658 1
75 658 -1
47 659 1
148 659 -1
47 660 1
24 660 -1
47 661 1
79 661 -1
47 662 1
104 662 -1
47 663 1
42 663 -1
47 664 1
97 664 -1
47 665 1
49 665 -1
47 666 1
132 666 -1
47 667 1
13 667 -1
47 668 1
99 668 -1
47 669 1
100 669 -1
47 670 1
140 670 -1
50 671 1
25 671 -1
50 672 1
153 672 -1
50 673 1
55 673 -1
54 674 1
50 674 -1
54 675 1
131 675 -1
54 676 1
41 676 -1
54 677 1
146 677 -1
54 678 1
139 678 -1
54 679 1
99 679 -1
54 680 1
46 680 -1
54 681 1
153 681 -1
54 682 1
152 682 -1
54 683 1
58 683 -1
60 684 1
120 684 -1
60 685 1
24 685 -1
60 686 1
12 686 -1
60 687 1
119 687 -1
60 688 1
146 688 -1
60 689 1
57 689 -1
60 690 1
141 690 -1
60 691 1
49 691 -1
60 692 1
39 692 -1
60 693 1
58 693 -1
60 694 1
123 694 -1
60 695 1
70 695 -1
65 696 1
47 696 -1
65 697 1
151 697 -1
65 698 1
149 698 -1
65 699 1
133 699 -1
65 700 1
27 700 -1
65 701 1
127 701 -1
65 702 1
66 702 -1
65 703 1
56 703 -1
65 704 1
54 704 -1
65 705 1
93 705 -1
65 706 1
17 706 -1
65 707 1
64 707 -1
65 708 1
95 708 -1
65 709 1
136 709 -1
65 710 1
76 710 -1
65 711 1
113 711 -1
65 712 1
91 712 -1
65 713 1
90 713 -1
75 714 1
46 714 -1
75 715 1
92 715 -1
75 716 1
29 716 -1
75 717 1
42 717 -1
75 718 1
25 718 -1
75 719 1
84 719 -1
75 720 1
149 720 -1
75 721 1
13 721 -1
75 722 1
17 722 -1
75 723 1
80 723 -1
75 724 1
98 724 -1
75 725 1
144 725 -1
75 726 1
15 726 -1
75 727 1
133 727 -1
75 728 1
83 728 -1
75 729 1
125 729 -1
75 730 1
122 730 -1
75 731 1
143 731 -1
75 732 1
130 732 -1
75 733 1
39 733 -1
75 734 1
31 734 -1
75 735 1
96 735 -1
75 736 1
71 736 -1
75 737 1
14 737 -1
75 738 1
141 738 -1
75 739 1
129 739 -1
75 740 1
35 740 -1
75 741 1
54 741 -1
75 742 1
68 742 -1
75 743 1
10 743 -1
75 744 1
90 744 -1
75 745 1
40 745 -1
75 746 1
108 746 -1
76 747 1
128 747 -1
76 748 1
145 748 -1
76 749 1
28 749 -1
76 750 1
123 750 -1
76 751 1
84 751 -1
76 752 1
12 752 -1
76 753 1
122 753 -1
76 754 1
98 754 -1
76 755 1
142 755 -1
76 756 1
42 756 -1
76 757 1
147 757 -1
76 758 1
56 758 -1
76 759 1
91 759 -1
76 760 1
110 760 -1
76 761 1
117 761 -1
76 762 1
90 762 -1
76 763 1
111 763 -1
76 764 1
121 764 -1
76 765 1
41 765 -1
76 766 1
141 766 -1
76 767 1
78 767 -1
76 768 1
44 768 -1
76 769 1
37 769 -1
76 770 1
89 770 -1
76 771 1
39 771 -1
76 772 1
13 772 -1
76 773 1
69 773 -1
76 774 1
33 774 -1
76 775 1
109 775 -1
76 776 1
54 776 -1
76 777 1
144 777 -1
76 778 1
32 778 -1
79 779 1
65 779 -1
79 780 1
74 780 -1
79 781 1
56 781 -1
79 782 1
138 782 -1
79 783 1
30 783 -1
79 784 1
44 784 -1
79 785 1
120 785 -1
79 786 1
9 786 -1
79 787 1
103 787 -1
79 788 1
37 788 -1
79 789 1
22 789 -1
79 790 1
61 790 -1
116 791 1
13 791 -1
116 792 1
146 792 -1
116 793 1
143 793 -1
116 794 1
106 794 -1
116 795 1
153 795 -1
116 796 1
40 796 -1
116 797 1
22 797 -1
116 798 1
69 798 -1
120 799 1
116 799 -1
120 800 1
105 800 -1
120 801 1
57 801 -1
120 802 1
73 802 -1
120 803 1
127 803 -1
128 804 1
60 804 -1
128 805 1
97 805 -1
128 806 1
109 806 -1
128 807 1
77 807 -1
128 808 1
52 808 -1
128 809 1
119 809 -1
128 810 1
40 810 -1
128 811 1
34 811 -1
128 812 1
132 812 -1
128 813 1
20 813 -1
128 814 1
71 814 -1
128 815 1
135 815 -1
128 816 1
66 816 -1
128 817 1
29 817 -1
128 818 1
88 818 -1
128 819 1
141 819 -1
131 820 1
135 820 -1
131 821 1
36 821 -1
131 822 1
88 822 -1
131 823 1
122 823 -1
131 824 1
46 824 -1
131 825 1
73 825 -1
131 826 1
103 826 -1
131 827 1
53 827 -1
131 828 1
44 828 -1
131 829 1
102 829 -1
131 830 1
86 830 -1
131 831 1
119 831 -1
131 832 1
54 832 -1
131 833 1
115 833 -1
131 834 1
17 834 -1
131 835 1
79 835 -1
131 836 1
32 836 -1
131 837 1
133 837 -1
131 838 1
110 838 -1
131 839 1
87 839 -1
131 840 1
38 840 -1
131 841 1
152 841 -1
131 842 1
66 842 -1
135 843 1
43 843 -1
135 844 1
151 844 -1
135 845 1
86 845 -1
135 846 1
109 846 -1
135 847 1
132 847 -1
135 848 1
155 848 -1
135 849 1
60 849 -1
135 850 1
26 850 -1
135 851 1
84 851 -1
135 852 1
117 852 -1
135 853 1
133 853 -1
135 854 1
107 854 -1
135 855 1
143 855 -1
135 856 1
150 856 -1
135 857 1
145 857 -1
135 858 1
110 858 -1
135 859 1
137 859 -1
135 860 1
49 860 -1
135 861 1
62 861 -1
135 862 1
39 862 -1
135 863 1
64 863 -1
135 864 1
88 864 -1
135 865 1
50 865 -1
135 866 1
47 866 -1
135 867 1
29 867 -1
135 868 1
71 868 -1
135 869 1
89 869 -1
135 870 1
42 870 -1
135 871 1
45 871 -1
135 872 1
103 872 -1
135 873 1
69 873 -1
135 874 1
94 874 -1
135 875 1
125 875 -1
135 876 1
99 876 -1
3 877 1
57 877 -1
3 878 1
74 878 -1
3 879 1
127 879 -1
3 880 1
55 880 -1
3 881 1
25 881 -1
3 882 1
104 882 -1
3 883 1
13 883 -1
3 884 1
151 884 -1
3 885 1
129 885 -1
3 886 1
115 886 -1
3 887 1
83 887 -1
3 888 1
76 888 -1
3 889 1
29 889 -1
3 890 1
51 890 -1
3 891 1
61 891 -1
3 892 1
98 892 -1
3 893 1
85 893 -1
3 894 1
21 894 -1
3 895 1
43 895 -1
3 896 1
106 896 -1
3 897 1
143 897 -1
3 898 1
128 898 -1
3 899 1
99 899 -1
10 900 1
62 900 -1
10 901 1
39 901 -1
10 902 1
116 902 -1
10 903 1
65 903 -1
10 904 1
84 904 -1
10 905 1
136 905 -1
10 906 1
113 906 -1
10 907 1
61 907 -1
10 908 1
155 908 -1
10 909 1
106 909 -1
10 910 1
148 910 -1
10 911 1
53 911 -1
10 912 1
121 912 -1
10 913 1
55 913 -1
10 914 1
111 914 -1
10 915 1
131 915 -1
10 916 1
145 916 -1
10 917 1
89 917 -1
10 918 1
75 918 -1
10 919 1
150 919 -1
10 920 1
51 920 -1
10 921 1
29 921 -1
10 922 1
85 922 -1
10 923 1
128 923 -1
10 924 1
139 924 -1
10 925 1
19 925 -1
10 926 1
76 926 -1
10 927 1
40 927 -1
10 928 1
11 928 -1
10 929 1
127 929 -1
10 930 1
83 930 -1
10 931 1
35 931 -1
16 932 1
10 932 -1
16 933 1
15 933 -1
16 934 1
68 934 -1
16 935 1
77 935 -1
16 936 1
113 936 -1
16 937 1
39 937 -1
16 938 1
69 938 -1
16 939 1
65 939 -1
16 940 1
81 940 -1
16 941 1
142 941 -1
16 942 1
22 942 -1
16 943 1
50 943 -1
16 944 1
30 944 -1
16 945 1
46 945 -1
16 946 1
33 946 -1
16 947 1
42 947 -1
16 948 1
41 948 -1
16 949 1
126 949 -1
16 950 1
52 950 -1
16 951 1
110 951 -1
16 952 1
79 952 -1
16 953 1
14 953 -1
16 954 1
71 954 -1
16 955 1
141 955 -1
16 956 1
98 956 -1
16 957 1
92 957 -1
57 958 1
122 958 -1
57 959 1
120 959 -1
57 960 1
127 960 -1
57 961 1
76 961 -1
57 962 1
28 962 -1
57 963 1
31 963 -1
57 964 1
107 964 -1
57 965 1
13 965 -1
57 966 1
97 966 -1
57 967 1
48 967 -1
57 968 1
87 968 -1
57 969 1
89 969 -1
57 970 1
78 970 -1
57 971 1
50 971 -1
57 972 1
62 972 -1
57 973 1
147 973 -1
57 974 1
132 974 -1
57 975 1
61 975 -1
57 976 1
69 976 -1
57 977 1
67 977 -1
57 978 1
100 978 -1
57 979 1
82 979 -1
57 980 1
52 980 -1
57 981 1
39 981 -1
57 982 1
142 982 -1
57 983 1
136 983 -1
57 984 1
149 984 -1
57 985 1
90 985 -1
57 986 1
51 986 -1
62 987 1
136 987 -1
62 988 1
124 988 -1
62 989 1
107 989 -1
62 990 1
96 990 -1
62 991 1
85 991 -1
62 992 1
105 992 -1
62 993 1
123 993 -1
62 994 1
83 994 -1
62 995 1
67 995 -1
62 996 1
27 996 -1
62 997 1
10 997 -1
62 998 1
134 998 -1
62 999 1
36 999 -1
62 1000 1
104 1000 -1
62 1001 1
74 1001 -1
62 1002 1
82 1002 -1
62 1003 1
12 1003 -1
62 1004 1
113 1004 -1
62 1005 1
153 1005 -1
80 1006 1
16 1006 -1
80 1007 1
136 1007 -1
80 1008 1
58 1008 -1
80 1009 1
11 1009 -1
80 1010 1
32 1010 -1
80 1011 1
29 1011 -1
80 1012 1
139 1012 -1
80 1013 1
42 1013 -1
80 1014 1
155 1014 -1
80 1015 1
119 1015 -1
80 1016 1
83 1016 -1
80 1017 1
51 1017 -1
80 1018 1
92 1018 -1
80 1019 1
56 1019 -1
80 1020 1
101 1020 -1
80 1021 1
114 1021 -1
80 1022 1
79 1022 -1
80 1023 1
134 1023 -1
80 1024 1
62 1024 -1
80 1025 1
153 1025 -1
80 1026 1
63 1026 -1
80 1027 1
65 1027 -1
80 1028 1
24 1028 -1
80 1029 1
149 1029 -1
80 1030 1
40 1030 -1
80 1031 1
127 1031 -1
80 1032 1
116 1032 -1
80 1033 1
107 1033 -1
80 1034 1
126 1034 -1
80 1035 1
43 1035 -1
80 1036 1
41 1036 -1
80 1037 1
91 1037 -1
80 1038 1
70 1038 -1
80 1039 1
93 1039 -1
80 1040 1
49 1040 -1
80 1041 1
84 1041 -1
80 1042 1
60 1042 -1
88 1043 1
143 1043 -1
88 1044 1
64 1044 -1
88 1045 1
123 1045 -1
93 1046 1
134 1046 -1
93 1047 1
76 1047 -1
93 1048 1
116 1048 -1
93 1049 1
125 1049 -1
93 1050 1
64 1050 -1
93 1051 1
136 1051 -1
93 1052 1
24 1052 -1
115 1053 1
88 1053 -1
115 1054 1
128 1054 -1
115 1055 1
76 1055 -1
115 1056 1
10 1056 -1
115 1057 1
147 1057 -1
115 1058 1
117 1058 -1
115 1059 1
135 1059 -1
115 1060 1
104 1060 -1
115 1061 1
138 1061 -1
115 1062 1
78 1062 -1
115 1063 1
83 1063 -1
115 1064 1
123 1064 -1
115 1065 1
48 1065 -1
115 1066 1
57 1066 -1
115 1067 1
113 1067 -1
115 1068 1
62 1068 -1
115 1069 1
116 1069 -1
115 1070 1
93 1070 -1
115 1071 1
56 1071 -1
115 1072 1
133 1072 -1
115 1073 1
27 1073 -1
115 1074 1
70 1074 -1
115 1075 1
82 1075 -1
115 1076 1
77 1076 -1
115 1077 1
101 1077 -1
115 1078 1
127 1078 -1
115 1079 1
20 1079 -1
122 1080 1
142 1080 -1
122 1081 1
150 1081 -1
122 1082 1
14 1082 -1
122 1083 1
60 1083 -1
122 1084 1
56 1084 -1
122 1085 1
89 1085 -1
122 1086 1
41 1086 -1
122 1087 1
22 1087 -1
122 1088 1
97 1088 -1
122 1089 1
81 1089 -1
122 1090 1
67 1090 -1
122 1091 1
64 1091 -1
122 1092 1
90 1092 -1
122 1093 1
17 1093 -1
122 1094 1
112 1094 -1
122 1095 1
79 1095 -1
122 1096 1
72 1096 -1
122 1097 1
101 1097 -1
122 1098 1
9 1098 -1
122 1099 1
62 1099 -1
122 1100 1
139 1100 -1
122 1101 1
70 1101 -1
122 1102 1
88 1102 -1
122 1103 1
114 1103 -1
122 1104 1
38 1104 -1
122 1105 1
68 1105 -1
122 1106 1
95 1106 -1
122 1107 1
15 1107 -1
122 1108 1
84 1108 -1
122 1109 1
125 1109 -1
122 1110 1
74 1110 -1
122 1111 1
80 1111 -1
134 1112 1
141 1112 -1
134 1113 1
130 1113 -1
134 1114 1
48 1114 -1
134 1115 1
97 1115 -1
134 1116 1
94 1116 -1
134 1117 1
16 1117 -1
134 1118 1
35 1118 -1
134 1119 1
133 1119 -1
134 1120 1
30 1120 -1
134 1121 1
86 1121 -1
134 1122 1
60 1122 -1
134 1123 1
32 1123 -1
134 1124 1
50 1124 -1
134 1125 1
95 1125 -1
134 1126 1
38 1126 -1
134 1127 1
47 1127 -1
134 1128 1
107 1128 -1
136 1129 1
146 1129 -1
136 1130 1
13 1130 -1
136 1131 1
87 1131 -1
136 1132 1
55 1132 -1
136 1133 1
124 1133 -1
136 1134 1
130 1134 -1
136 1135 1
70 1135 -1
136 1136 1
95 1136 -1
136 1137 1
154 1137 -1
136 1138 1
68 1138 -1
136 1139 1
67 1139 -1
136 1140 1
22 1140 -1
136 1141 1
93 1141 -1
136 1142 1
105 1142 -1
136 1143 1
129 1143 -1
136 1144 1
12 1144 -1
136 1145 1
35 1145 -1
136 1146 1
25 1146 -1
136 1147 1
20 1147 -1
136 1148 1
50 1148 -1
136 1149 1
36 1149 -1
136 1150 1
152 1150 -1
136 1151 1
108 1151 -1
136 1152 1
97 1152 -1
136 1153 1
116 1153 -1
136 1154 1
64 1154 -1
136 1155 1
94 1155 -1
136 1156 1
81 1156 -1
136 1157 1
75 1157 -1
136 1158 1
14 1158 -1
136 1159 1
38 1159 -1
136 1160 1
69 1160 -1
136 1161 1
54 1161 -1
136 1162 1
32 1162 -1
136 1163 1
42 1163 -1
141 1164 1
80 1164 -1
141 1165 1
154 1165 -1
141 1166 1
15 1166 -1
141 1167 1
43 1167 -1
141 1168 1
104 1168 -1
141 1169 1
93 1169 -1
141 1170 1
25 1170 -1
141 1171 1
110 1171 -1
141 1172 1
16 1172 -1
141 1173 1
84 1173 -1
141 1174 1
55 1174 -1
141 1175 1
91 1175 -1
141 1176 1
106 1176 -1
141 1177 1
69 1177 -1
141 1178 1
21 1178 -1
141 1179 1
60 1179 -1
141 1180 1
143 1180 -1
141 1181 1
122 1181 -1
141 1182 1
56 1182 -1
141 1183 1
113 1183 -1
141 1184 1
129 1184 -1
141 1185 1
14 1185 -1
141 1186 1
116 1186 -1
141 1187 1
94 1187 -1
141 1188 1
127 1188 -1
141 1189 1
76 1189 -1
141 1190 1
52 1190 -1
141 1191 1
107 1191 -1
142 1192 1
115 1192 -1
142 1193 1
46 1193 -1
142 1194 1
135 1194 -1
142 1195 1
57 1195 -1
142 1196 1
83 1196 -1
142 1197 1
12 1197 -1
142 1198 1
91 1198 -1
142 1199 1
35 1199 -1
142 1200 1
120 1200 -1
142 1201 1
64 1201 -1
142 1202 1
154 1202 -1
143 1203 1
93 1203 -1
143 1204 1
117 1204 -1
143 1205 1
103 1205 -1
143 1206 1
99 1206 -1
4 1207 1
83 1207 -1
4 1208 1
17 1208 -1
4 1209 1
123 1209 -1
4 1210 1
82 1210 -1
4 1211 1
11 1211 -1
4 1212 1
132 1212 -1
4 1213 1
47 1213 -1
4 1214 1
138 1214 -1
4 1215 1
93 1215 -1
4 1216 1
44 1216 -1
4 1217 1
53 1217 -1
4 1218 1
78 1218 -1
4 1219 1
117 1219 -1
4 1220 1
86 1220 -1
17 1221 1
97 1221 -1
17 1222 1
62 1222 -1
17 1223 1
134 1223 -1
17 1224 1
125 1224 -1
17 1225 1
80 1225 -1
17 1226 1
40 1226 -1
33 1227 1
85 1227 -1
33 1228 1
151 1228 -1
33 1229 1
99 1229 -1
68 1230 1
152 1230 -1
68 1231 1
116 1231 -1
68 1232 1
21 1232 -1
68 1233 1
38 1233 -1
68 1234 1
57 1234 -1
68 1235 1
18 1235 -1
68 1236 1
147 1236 -1
68 1237 1
136 1237 -1
68 1238 1
58 1238 -1
68 1239 1
148 1239 -1
68 1240 1
133 1240 -1
68 1241 1
98 1241 -1
68 1242 1
28 1242 -1
68 1243 1
128 1243 -1
68 1244 1
53 1244 -1
68 1245 1
126 1245 -1
68 1246 1
89 1246 -1
68 1247 1
13 1247 -1
68 1248 1
72 1248 -1
68 1249 1
66 1249 -1
68 1250 1
37 1250 -1
68 1251 1
35 1251 -1
68 1252 1
44 1252 -1
68 1253 1
31 1253 -1
68 1254 1
26 1254 -1
68 1255 1
90 1255 -1
68 1256 1
24 1256 -1
72 1257 1
92 1257 -1
72 1258 1
134 1258 -1
72 1259 1
105 1259 -1
72 1260 1
74 1260 -1
72 1261 1
130 1261 -1
72 1262 1
39 1262 -1
72 1263 1
127 1263 -1
72 1264 1
109 1264 -1
72 1265 1
146 1265 -1
72 1266 1
83 1266 -1
72 1267 1
40 1267 -1
72 1268 1
53 1268 -1
72 1269 1
136 1269 -1
83 1270 1
99 1270 -1
83 1271 1
47 1271 -1
83 1272 1
91 1272 -1
83 1273 1
27 1273 -1
85 1274 1
17 1274 -1
85 1275 1
96 1275 -1
85 1276 1
47 1276 -1
85 1277 1
101 1277 -1
85 1278 1
64 1278 -1
85 1279 1
106 1279 -1
85 1280 1
136 1280 -1
85 1281 1
24 1281 -1
85 1282 1
148 1282 -1
85 1283 1
90 1283 -1
85 1284 1
56 1284 -1
85 1285 1
135 1285 -1
85 1286 1
68 1286 -1
85 1287 1
54 1287 -1
85 1288 1
79 1288 -1
85 1289 1
120 1289 -1
85 1290 1
94 1290 -1
85 1291 1
9 1291 -1
85 1292 1
118 1292 -1
85 1293 1
132 1293 -1
85 1294 1
151 1294 -1
85 1295 1
150 1295 -1
85 1296 1
10 1296 -1
85 1297 1
144 1297 -1
85 1298 1
139 1298 -1
85 1299 1
86 1299 -1
85 1300 1
69 1300 -1
85 1301 1
21 1301 -1
85 1302 1
22 1302 -1
85 1303 1
53 1303 -1
85 1304 1
137 1304 -1
85 1305 1
108 1305 -1
85 1306 1
36 1306 -1
90 1307 1
104 1307 -1
90 1308 1
118 1308 -1
90 1309 1
82 1309 -1
90 1310 1
125 1310 -1
90 1311 1
11 1311 -1
90 1312 1
79 1312 -1
90 1313 1
116 1313 -1
90 1314 1
140 1314 -1
90 1315 1
31 1315 -1
90 1316 1
133 1316 -1
90 1317 1
109 1317 -1
90 1318 1
16 1318 -1
90 1319 1
22 1319 -1
90 1320 1
107 1320 -1
90 1321 1
59 1321 -1
90 1322 1
58 1322 -1
90 1323 1
20 1323 -1
90 1324 1
23 1324 -1
90 1325 1
113 1325 -1
90 1326 1
124 1326 -1
90 1327 1
65 1327 -1
90 1328 1
12 1328 -1
90 1329 1
144 1329 -1
90 1330 1
142 1330 -1
90 1331 1
98 1331 -1
90 1332 1
138 1332 -1
90 1333 1
96 1333 -1
90 1334 1
21 1334 -1
90 1335 1
146 1335 -1
90 1336 1
136 1336 -1
90 1337 1
34 1337 -1
90 1338 1
108 1338 -1
90 1339 1
66 1339 -1
90 1340 1
19 1340 -1
90 1341 1
29 1341 -1
90 1342 1
54 1342 -1
92 1343 1
96 1343 -1
92 1344 1
114 1344 -1
92 1345 1
71 1345 -1
92 1346 1
54 1346 -1
92 1347 1
122 1347 -1
92 1348 1
90 1348 -1
95 1349 1
138 1349 -1
95 1350 1
14 1350 -1
95 1351 1
16 1351 -1
95 1352 1
59 1352 -1
95 1353 1
26 1353 -1
95 1354 1
41 1354 -1
95 1355 1
102 1355 -1
95 1356 1
61 1356 -1
95 1357 1
143 1357 -1
95 1358 1
62 1358 -1
95 1359 1
9 1359 -1
95 1360 1
84 1360 -1
95 1361 1
20 1361 -1
95 1362 1
148 1362 -1
95 1363 1
89 1363 -1
95 1364 1
150 1364 -1
95 1365 1
147 1365 -1
95 1366 1
68 1366 -1
95 1367 1
128 1367 -1
95 1368 1
144 1368 -1
95 1369 1
100 1369 -1
95 1370 1
101 1370 -1
95 1371 1
64 1371 -1
95 1372 1
114 1372 -1
95 1373 1
115 1373 -1
96 1374 1
33 1374 -1
96 1375 1
47 1375 -1
96 1376 1
30 1376 -1
96 1377 1
141 1377 -1
96 1378 1
122 1378 -1
96 1379 1
88 1379 -1
96 1380 1
129 1380 -1
96 1381 1
154 1381 -1
96 1382 1
118 1382 -1
96 1383 1
73 1383 -1
96 1384 1
81 1384 -1
96 1385 1
98 1385 -1
96 1386 1
134 1386 -1
96 1387 1
105 1387 -1
97 1388 1
123 1388 -1
97 1389 1
21 1389 -1
97 1390 1
79 1390 -1
97 1391 1
38 1391 -1
97 1392 1
78 1392 -1
97 1393 1
9 1393 -1
97 1394 1
126 1394 -1
97 1395 1
15 1395 -1
97 1396 1
65 1396 -1
97 1397 1
81 1397 -1
97 1398 1
131 1398 -1
97 1399 1
57 1399 -1
97 1400 1
127 1400 -1
97 1401 1
132 1401 -1
97 1402 1
100 1402 -1
97 1403 1
54 1403 -1
97 1404 1
75 1404 -1
97 1405 1
146 1405 -1
97 1406 1
76 1406 -1
97 1407 1
155 1407 -1
97 1408 1
122 1408 -1
97 1409 1
66 1409 -1
97 1410 1
109 1410 -1
97 1411 1
101 1411 -1
97 1412 1
120 1412 -1
97 1413 1
82 1413 -1
99 1414 1
121 1414 -1
99 1415 1
134 1415 -1
99 1416 1
21 1416 -1
99 1417 1
113 1417 -1
99 1418 1
96 1418 -1
99 1419 1
141 1419 -1
99 1420 1
78 1420 -1
99 1421 1
40 1421 -1
99 1422 1
16 1422 -1
99 1423 1
54 1423 -1
99 1424 1
109 1424 -1
99 1425 1
26 1425 -1
99 1426 1
36 1426 -1
99 1427 1
105 1427 -1
99 1428 1
64 1428 -1
99 1429 1
129 1429 -1
99 1430 1
55 1430 -1
99 1431 1
97 1431 -1
99 1432 1
123 1432 -1
99 1433 1
131 1433 -1
99 1434 1
46 1434 -1
99 1435 1
49 1435 -1
99 1436 1
138 1436 -1
99 1437 1
107 1437 -1
99 1438 1
119 1438 -1
99 1439 1
44 1439 -1
104 1440 1
68 1440 -1
104 1441 1
35 1441 -1
104 1442 1
110 1442 -1
104 1443 1
141 1443 -1
104 1444 1
115 1444 -1
104 1445 1
94 1445 -1
104 1446 1
154 1446 -1
104 1447 1
38 1447 -1
104 1448 1
23 1448 -1
104 1449 1
83 1449 -1
104 1450 1
25 1450 -1
104 1451 1
64 1451 -1
104 1452 1
50 1452 -1
104 1453 1
47 1453 -1
104 1454 1
29 1454 -1
104 1455 1
124 1455 -1
104 1456 1
76 1456 -1
104 1457 1
125 1457 -1
104 1458 1
21 1458 -1
104 1459 1
119 1459 -1
104 1460 1
45 1460 -1
104 1461 1
138 1461 -1
104 1462 1
93 1462 -1
104 1463 1
77 1463 -1
104 1464 1
30 1464 -1
104 1465 1
71 1465 -1
104 1466 1
59 1466 -1
104 1467 1
126 1467 -1
104 1468 1
49 1468 -1
104 1469 1
39 1469 -1
121 1470 1
95 1470 -1
121 1471 1
153 1471 -1
121 1472 1
135 1472 -1
121 1473 1
141 1473 -1
121 1474 1
16 1474 -1
121 1475 1
60 1475 -1
121 1476 1
109 1476 -1
121 1477 1
65 1477 -1
121 1478 1
120 1478 -1
121 1479 1
51 1479 -1
121 1480 1
99 1480 -1
123 1481 1
90 1481 -1
123 1482 1
96 1482 -1
123 1483 1
155 1483 -1
123 1484 1
92 1484 -1
123 1485 1
35 1485 -1
123 1486 1
138 1486 -1
123 1487 1
98 1487 -1
123 1488 1
104 1488 -1
123 1489 1
10 1489 -1
123 1490 1
113 1490 -1
123 1491 1
128 1491 -1
123 1492 1
108 1492 -1
123 1493 1
145 1493 -1
123 1494 1
52 1494 -1
123 1495 1
142 1495 -1
123 1496 1
136 1496 -1
123 1497 1
38 1497 -1
123 1498 1
48 1498 -1
123 1499 1
39 1499 -1
123 1500 1
70 1500 -1
138 1501 1
72 1501 -1
138 1502 1
49 1502 -1
138 1503 1
63 1503 -1
138 1504 1
22 1504 -1
138 1505 1
106 1505 -1
138 1506 1
114 1506 -1
138 1507 1
14 1507 -1
138 1508 1
111 1508 -1
138 1509 1
64 1509 -1
138 1510 1
155 1510 -1
138 1511 1
58 1511 -1
138 1512 1
84 1512 -1
138 1513 1
83 1513 -1
138 1514 1
28 1514 -1
138 1515 1
142 1515 -1
138 1516 1
15 1516 -1
138 1517 1
151 1517 -1
138 1518 1
46 1518 -1
138 1519 1
47 1519 -1
138 1520 1
9 1520 -1
138 1521 1
119 1521 -1
138 1522 1
34 1522 -1
138 1523 1
82 1523 -1
138 1524 1
154 1524 -1
138 1525 1
71 1525 -1
138 1526 1
29 1526 -1
138 1527 1
52 1527 -1
138 1528 1
30 1528 -1
138 1529 1
86 1529 -1
138 1530 1
27 1530 -1
138 1531 1
40 1531 -1
138 1532 1
153 1532 -1
138 1533 1
141 1533 -1
138 1534 1
110 1534 -1
138 1535 1
90 1535 -1
5 1536 1
77 1536 -1
5 1537 1
111 1537 -1
5 1538 1
15 1538 -1
5 1539 1
132 1539 -1
5 1540 1
76 1540 -1
5 1541 1
88 1541 -1
5 1542 1
28 1542 -1
5 1543 1
150 1543 -1
5 1544 1
84 1544 -1
5 1545 1
141 1545 -1
5 1546 1
51 1546 -1
5 1547 1
95 1547 -1
5 1548 1
113 1548 -1
5 1549 1
71 1549 -1
5 1550 1
118 1550 -1
5 1551 1
107 1551 -1
5 1552 1
50 1552 -1
5 1553 1
36 1553 -1
5 1554 1
93 1554 -1
14 1555 1
105 1555 -1
14 1556 1
61 1556 -1
14 1557 1
91 1557 -1
14 1558 1
58 1558 -1
14 1559 1
43 1559 -1
14 1560 1
103 1560 -1
14 1561 1
122 1561 -1
14 1562 1
16 1562 -1
14 1563 1
115 1563 -1
14 1564 1
113 1564 -1
14 1565 1
135 1565 -1
14 1566 1
80 1566 -1
14 1567 1
79 1567 -1
27 1568 1
63 1568 -1
27 1569 1
83 1569 -1
27 1570 1
50 1570 -1
27 1571 1
144 1571 -1
27 1572 1
139 1572 -1
27 1573 1
150 1573 -1
27 1574 1
147 1574 -1
27 1575 1
93 1575 -1
27 1576 1
13 1576 -1
27 1577 1
122 1577 -1
27 1578 1
40 1578 -1
27 1579 1
89 1579 -1
27 1580 1
148 1580 -1
27 1581 1
46 1581 -1
27 1582 1
124 1582 -1
27 1583 1
62 1583 -1
27 1584 1
47 1584 -1
27 1585 1
43 1585 -1
27 1586 1
11 1586 -1
27 1587 1
141 1587 -1
27 1588 1
25 1588 -1
27 1589 1
100 1589 -1
27 1590 1
74 1590 -1
27 1591 1
137 1591 -1
27 1592 1
61 1592 -1
27 1593 1
117 1593 -1
27 1594 1
131 1594 -1
27 1595 1
31 1595 -1
32 1596 1
110 1596 -1
32 1597 1
97 1597 -1
32 1598 1
77 1598 -1
32 1599 1
96 1599 -1
32 1600 1
92 1600 -1
32 1601 1
56 1601 -1
32 1602 1
49 1602 -1
32 1603 1
72 1603 -1
32 1604 1
31 1604 -1
32 1605 1
112 1605 -1
32 1606 1
70 1606 -1
32 1607 1
63 1607 -1
32 1608 1
117 1608 -1
32 1609 1
91 1609 -1
32 1610 1
120 1610 -1
32 1611 1
20 1611 -1
32 1612 1
59 1612 -1
32 1613 1
85 1613 -1
42 1614 1
91 1614 -1
42 1615 1
154 1615 -1
42 1616 1
118 1616 -1
42 1617 1
155 1617 -1
42 1618 1
55 1618 -1
42 1619 1
35 1619 -1
42 1620 1
14 1620 -1
42 1621 1
71 1621 -1
42 1622 1
134 1622 -1
42 1623 1
86 1623 -1
42 1624 1
96 1624 -1
42 1625 1
25 1625 -1
42 1626 1
43 1626 -1
42 1627 1
150 1627 -1
42 1628 1
125 1628 -1
42 1629 1
111 1629 -1
42 1630 1
104 1630 -1
42 1631 1
13 1631 -1
42 1632 1
129 1632 -1
42 1633 1
80 1633 -1
42 1634 1
67 1634 -1
42 1635 1
114 1635 -1
42 1636 1
131 1636 -1
42 1637 1
95 1637 -1
42 1638 1
88 1638 -1
42 1639 1
108 1639 -1
42 1640 1
98 1640 -1
63 1641 1
32 1641 -1
63 1642 1
143 1642 -1
63 1643 1
98 1643 -1
63 1644 1
59 1644 -1
63 1645 1
68 1645 -1
63 1646 1
53 1646 -1
63 1647 1
79 1647 -1
63 1648 1
24 1648 -1
63 1649 1
151 1649 -1
63 1650 1
109 1650 -1
63 1651 1
54 1651 -1
63 1652 1
86 1652 -1
63 1653 1
40 1653 -1
63 1654 1
50 1654 -1
63 1655 1
107 1655 -1
63 1656 1
31 1656 -1
63 1657 1
94 1657 -1
63 1658 1
99 1658 -1
63 1659 1
135 1659 -1
63 1660 1
121 1660 -1
63 1661 1
102 1661 -1
63 1662 1
39 1662 -1
63 1663 1
119 1663 -1
63 1664 1
147 1664 -1
63 1665 1
55 1665 -1
63 1666 1
92 1666 -1
63 1667 1
64 1667 -1
63 1668 1
85 1668 -1
63 1669 1
122 1669 -1
77 1670 1
126 1670 -1
77 1671 1
72 1671 -1
77 1672 1
50 1672 -1
77 1673 1
52 1673 -1
77 1674 1
124 1674 -1
77 1675 1
40 1675 -1
77 1676 1
97 1676 -1
77 1677 1
112 1677 -1
77 1678 1
114 1678 -1
77 1679 1
120 1679 -1
77 1680 1
56 1680 -1
77 1681 1
146 1681 -1
91 1682 1
102 1682 -1
91 1683 1
135 1683 -1
91 1684 1
44 1684 -1
91 1685 1
27 1685 -1
91 1686 1
80 1686 -1
91 1687 1
22 1687 -1
91 1688 1
107 1688 -1
91 1689 1
113 1689 -1
91 1690 1
101 1690 -1
91 1691 1
74 1691 -1
91 1692 1
132 1692 -1
91 1693 1
23 1693 -1
91 1694 1
66 1694 -1
91 1695 1
118 1695 -1
91 1696 1
54 1696 -1
91 1697 1
111 1697 -1
91 1698 1
148 1698 -1
91 1699 1
128 1699 -1
91 1700 1
45 1700 -1
91 1701 1
93 1701 -1
91 1702 1
131 1702 -1
91 1703 1
37 1703 -1
102 1704 1
14 1704 -1
102 1705 1
121 1705 -1
102 1706 1
117 1706 -1
102 1707 1
50 1707 -1
102 1708 1
70 1708 -1
105 1709 1
27 1709 -1
105 1710 1
126 1710 -1
105 1711 1
95 1711 -1
105 1712 1
17 1712 -1
105 1713 1
11 1713 -1
105 1714 1
136 1714 -1
105 1715 1
155 1715 -1
105 1716 1
9 1716 -1
105 1717 1
64 1717 -1
105 1718 1
83 1718 -1
105 1719 1
110 1719 -1
105 1720 1
108 1720 -1
105 1721 1
66 1721 -1
105 1722 1
149 1722 -1
105 1723 1
138 1723 -1
105 1724 1
120 1724 -1
107 1725 1
132 1725 -1
107 1726 1
154 1726 -1
107 1727 1
95 1727 -1
107 1728 1
55 1728 -1
107 1729 1
99 1729 -1
107 1730 1
106 1730 -1
107 1731 1
62 1731 -1
107 1732 1
116 1732 -1
107 1733 1
129 1733 -1
107 1734 1
14 1734 -1
107 1735 1
137 1735 -1
107 1736 1
84 1736 -1
107 1737 1
52 1737 -1
107 1738 1
27 1738 -1
107 1739 1
20 1739 -1
107 1740 1
18 1740 -1
107 1741 1
65 1741 -1
107 1742 1
81 1742 -1
107 1743 1
88 1743 -1
107 1744 1
146 1744 -1
107 1745 1
96 1745 -1
107 1746 1
73 1746 -1
107 1747 1
155 1747 -1
107 1748 1
110 1748 -1
107 1749 1
117 1749 -1
107 1750 1
124 1750 -1
107 1751 1
90 1751 -1
107 1752 1
83 1752 -1
107 1753 1
58 1753 -1
110 1754 1
112 1754 -1
110 1755 1
101 1755 -1
110 1756 1
122 1756 -1
110 1757 1
64 1757 -1
110 1758 1
149 1758 -1
110 1759 1
126 1759 -1
110 1760 1
136 1760 -1
110 1761 1
154 1761 -1
110 1762 1
62 1762 -1
110 1763 1
109 1763 -1
110 1764 1
45 1764 -1
110 1765 1
51 1765 -1
110 1766 1
145 1766 -1
110 1767 1
98 1767 -1
110 1768 1
132 1768 -1
110 1769 1
78 1769 -1
110 1770 1
73 1770 -1
110 1771 1
93 1771 -1
110 1772 1
71 1772 -1
110 1773 1
130 1773 -1
110 1774 1
85 1774 -1
110 1775 1
129 1775 -1
110 1776 1
137 1776 -1
110 1777 1
90 1777 -1
110 1778 1
88 1778 -1
110 1779 1
121 1779 -1
110 1780 1
28 1780 -1
110 1781 1
152 1781 -1
110 1782 1
15 1782 -1
110 1783 1
24 1783 -1
110 1784 1
155 1784 -1
110 1785 1
20 1785 -1
110 1786 1
39 1786 -1
110 1787 1
34 1787 -1
110 1788 1
42 1788 -1
112 1789 1
147 1789 -1
112 1790 1
40 1790 -1
112 1791 1
69 1791 -1
112 1792 1
143 1792 -1
112 1793 1
95 1793 -1
112 1794 1
126 1794 -1
112 1795 1
102 1795 -1
112 1796 1
11 1796 -1
112 1797 1
80 1797 -1
112 1798 1
22 1798 -1
112 1799 1
124 1799 -1
112 1800 1
118 1800 -1
112 1801 1
152 1801 -1
112 1802 1
36 1802 -1
112 1803 1
66 1803 -1
112 1804 1
128 1804 -1
112 1805 1
92 1805 -1
112 1806 1
63 1806 -1
112 1807 1
111 1807 -1
112 1808 1
78 1808 -1
112 1809 1
103 1809 -1
112 1810 1
131 1810 -1
112 1811 1
55 1811 -1
112 1812 1
42 1812 -1
112 1813 1
48 1813 -1
112 1814 1
155 1814 -1
112 1815 1
125 1815 -1
112 1816 1
21 1816 -1
112 1817 1
140 1817 -1
112 1818 1
34 1818 -1
112 1819 1
130 1819 -1
112 1820 1
60 1820 -1
126 1821 1
107 1821 -1
126 1822 1
84 1822 -1
126 1823 1
89 1823 -1
126 1824 1
61 1824 -1
126 1825 1
74 1825 -1
126 1826 1
49 1826 -1
126 1827 1
115 1827 -1
126 1828 1
93 1828 -1
126 1829 1
140 1829 -1
126 1830 1
131 1830 -1
126 1831 1
22 1831 -1
126 1832 1
38 1832 -1
126 1833 1
88 1833 -1
126 1834 1
27 1834 -1
126 1835 1
83 1835 -1
126 1836 1
135 1836 -1
126 1837 1
12 1837 -1
126 1838 1
63 1838 -1
126 1839 1
39 1839 -1
126 1840 1
95 1840 -1
126 1841 1
16 1841 -1
126 1842 1
150 1842 -1
126 1843 1
53 1843 -1
126 1844 1
11 1844 -1
126 1845 1
86 1845 -1
126 1846 1
26 1846 -1
126 1847 1
54 1847 -1
126 1848 1
37 1848 -1
132 1849 1
139 1849 -1
132 1850 1
107 1850 -1
132 1851 1
131 1851 -1
132 1852 1
10 1852 -1
132 1853 1
73 1853 -1
132 1854 1
148 1854 -1
132 1855 1
126 1855 -1
132 1856 1
101 1856 -1
132 1857 1
108 1857 -1
132 1858 1
143 1858 -1
132 1859 1
58 1859 -1
132 1860 1
46 1860 -1
132 1861 1
66 1861 -1
132 1862 1
32 1862 -1
132 1863 1
133 1863 -1
132 1864 1
90 1864 -1
132 1865 1
43 1865 -1
132 1866 1
121 1866 -1
132 1867 1
50 1867 -1
132 1868 1
117 1868 -1
132 1869 1
104 1869 -1
132 1870 1
128 1870 -1
132 1871 1
20 1871 -1
139 1872 1
42 1872 -1
139 1873 1
144 1873 -1
139 1874 1
99 1874 -1
139 1875 1
98 1875 -1
139 1876 1
48 1876 -1
139 1877 1
140 1877 -1
139 1878 1
147 1878 -1
139 1879 1
100 1879 -1
139 1880 1
114 1880 -1
139 1881 1
45 1881 -1
139 1882 1
16 1882 -1
139 1883 1
33 1883 -1
139 1884 1
91 1884 -1
139 1885 1
152 1885 -1
139 1886 1
136 1886 -1
139 1887 1
68 1887 -1
139 1888 1
127 1888 -1
139 1889 1
43 1889 -1
139 1890 1
54 1890 -1
139 1891 1
36 1891 -1
139 1892 1
58 1892 -1
139 1893 1
89 1893 -1
139 1894 1
96 1894 -1
6 1895 1
137 1895 -1
6 1896 1
131 1896 -1
6 1897 1
27 1897 -1
6 1898 1
19 1898 -1
6 1899 1
9 1899 -1
6 1900 1
71 1900 -1
6 1901 1
86 1901 -1
6 1902 1
112 1902 -1
6 1903 1
119 1903 -1
6 1904 1
45 1904 -1
6 1905 1
38 1905 -1
6 1906 1
13 1906 -1
6 1907 1
102 1907 -1
6 1908 1
153 1908 -1
6 1909 1
46 1909 -1
6 1910 1
73 1910 -1
6 1911 1
53 1911 -1
6 1912 1
65 1912 -1
6 1913 1
11 1913 -1
6 1914 1
59 1914 -1
6 1915 1
55 1915 -1
6 1916 1
148 1916 -1
6 1917 1
127 1917 -1
6 1918 1
82 1918 -1
6 1919 1
118 1919 -1
6 1920 1
123 1920 -1
6 1921 1
43 1921 -1
6 1922 1
150 1922 -1
6 1923 1
75 1923 -1
6 1924 1
140 1924 -1
6 1925 1
93 1925 -1
6 1926 1
154 1926 -1
6 1927 1
81 1927 -1
6 1928 1
101 1928 -1
6 1929 1
80 1929 -1
6 1930 1
91 1930 -1
12 1931 1
125 1931 -1
12 1932 1
40 1932 -1
12 1933 1
115 1933 -1
12 1934 1
51 1934 -1
12 1935 1
120 1935 -1
12 1936 1
29 1936 -1
12 1937 1
38 1937 -1
12 1938 1
13 1938 -1
12 1939 1
47 1939 -1
12 1940 1
27 1940 -1
12 1941 1
150 1941 -1
12 1942 1
94 1942 -1
12 1943 1
35 1943 -1
12 1944 1
82 1944 -1
12 1945 1
113 1945 -1
12 1946 1
140 1946 -1
12 1947 1
108 1947 -1
12 1948 1
112 1948 -1
24 1949 1
144 1949 -1
24 1950 1
92 1950 -1
24 1951 1
10 1951 -1
24 1952 1
119 1952 -1
24 1953 1
12 1953 -1
24 1954 1
105 1954 -1
24 1955 1
82 1955 -1
24 1956 1
127 1956 -1
24 1957 1
132 1957 -1
24 1958 1
97 1958 -1
24 1959 1
14 1959 -1
24 1960 1
74 1960 -1
30 1961 1
113 1961 -1
30 1962 1
88 1962 -1
30 1963 1
140 1963 -1
30 1964 1
10 1964 -1
30 1965 1
78 1965 -1
30 1966 1
154 1966 -1
30 1967 1
61 1967 -1
30 1968 1
121 1968 -1
40 1969 1
155 1969 -1
40 1970 1
11 1970 -1
40 1971 1
24 1971 -1
40 1972 1
96 1972 -1
40 1973 1
76 1973 -1
40 1974 1
75 1974 -1
41 1975 1
111 1975 -1
41 1976 1
103 1976 -1
41 1977 1
35 1977 -1
41 1978 1
110 1978 -1
41 1979 1
16 1979 -1
41 1980 1
83 1980 -1
41 1981 1
154 1981 -1
41 1982 1
97 1982 -1
41 1983 1
118 1983 -1
41 1984 1
45 1984 -1
41 1985 1
105 1985 -1
41 1986 1
153 1986 -1
41 1987 1
120 1987 -1
41 1988 1
90 1988 -1
41 1989 1
107 1989 -1
41 1990 1
119 1990 -1
41 1991 1
122 1991 -1
41 1992 1
152 1992 -1
41 1993 1
92 1993 -1
41 1994 1
145 1994 -1
41 1995 1
43 1995 -1
41 1996 1
62 1996 -1
41 1997 1
28 1997 -1
41 1998 1
36 1998 -1
41 1999 1
21 1999 -1
41 2000 1
102 2000 -1
41 2001 1
29 2001 -1
48 2002 1
103 2002 -1
48 2003 1
147 2003 -1
48 2004 1
21 2004 -1
48 2005 1
23 2005 -1
48 2006 1
108 2006 -1
48 2007 1
51 2007 -1
48 2008 1
145 2008 -1
48 2009 1
52 2009 -1
48 2010 1
104 2010 -1
48 2011 1
102 2011 -1
48 2012 1
139 2012 -1
48 2013 1
40 2013 -1
48 2014 1
71 2014 -1
48 2015 1
50 2015 -1
48 2016 1
58 2016 -1
48 2017 1
79 2017 -1
48 2018 1
66 2018 -1
48 2019 1
85 2019 -1
48 2020 1
78 2020 -1
48 2021 1
143 2021 -1
48 2022 1
16 2022 -1
48 2023 1
24 2023 -1
48 2024 1
76 2024 -1
48 2025 1
84 2025 -1
48 2026 1
124 2026 -1
48 2027 1
155 2027 -1
48 2028 1
113 2028 -1
48 2029 1
132 2029 -1
48 2030 1
107 2030 -1
48 2031 1
92 2031 -1
55 2032 1
117 2032 -1
55 2033 1
137 2033 -1
73 2034 1
41 2034 -1
73 2035 1
47 2035 -1
73 2036 1
23 2036 -1
73 2037 1
120 2037 -1
73 2038 1
75 2038 -1
73 2039 1
62 2039 -1
73 2040 1
123 2040 -1
73 2041 1
81 2041 -1
73 2042 1
128 2042 -1
73 2043 1
37 2043 -1
73 2044 1
30 2044 -1
73 2045 1
94 2045 -1
73 2046 1
13 2046 -1
73 2047 1
144 2047 -1
73 2048 1
122 2048 -1
73 2049 1
105 2049 -1
73 2050 1
52 2050 -1
73 2051 1
59 2051 -1
73 2052 1
42 2052 -1
73 2053 1
25 2053 -1
73 2054 1
67 2054 -1
73 2055 1
147 2055 -1
73 2056 1
111 2056 -1
73 2057 1
72 2057 -1
73 2058 1
103 2058 -1
73 2059 1
56 2059 -1
73 2060 1
139 2060 -1
73 2061 1
127 2061 -1
73 2062 1
9 2062 -1
73 2063 1
45 2063 -1
73 2064 1
20 2064 -1
84 2065 1
48 2065 -1
84 2066 1
76 2066 -1
84 2067 1
92 2067 -1
84 2068 1
64 2068 -1
86 2069 1
147 2069 -1
86 2070 1
55 2070 -1
86 2071 1
141 2071 -1
86 2072 1
152 2072 -1
86 2073 1
61 2073 -1
86 2074 1
144 2074 -1
86 2075 1
78 2075 -1
86 2076 1
50 2076 -1
86 2077 1
41 2077 -1
86 2078 1
29 2078 -1
86 2079 1
103 2079 -1
86 2080 1
119 2080 -1
86 2081 1
92 2081 -1
86 2082 1
142 2082 -1
86 2083 1
130 2083 -1
86 2084 1
99 2084 -1
86 2085 1
82 2085 -1
86 2086 1
117 2086 -1
86 2087 1
129 2087 -1
86 2088 1
75 2088 -1
86 2089 1
10 2089 -1
86 2090 1
39 2090 -1
86 2091 1
107 2091 -1
86 2092 1
139 2092 -1
86 2093 1
31 2093 -1
86 2094 1
131 2094 -1
86 2095 1
91 2095 -1
86 2096 1
121 2096 -1
86 2097 1
146 2097 -1
86 2098 1
72 2098 -1
86 2099 1
110 2099 -1
86 2100 1
104 2100 -1
98 2101 1
24 2101 -1
98 2102 1
86 2102 -1
98 2103 1
107 2103 -1
98 2104 1
135 2104 -1
98 2105 1
101 2105 -1
98 2106 1
15 2106 -1
98 2107 1
46 2107 -1
98 2108 1
89 2108 -1
98 2109 1
145 2109 -1
98 2110 1
130 2110 -1
98 2111 1
93 2111 -1
98 2112 1
90 2112 -1
98 2113 1
76 2113 -1
98 2114 1
57 2114 -1
98 2115 1
54 2115 -1
98 2116 1
88 2116 -1
98 2117 1
153 2117 -1
98 2118 1
139 2118 -1
98 2119 1
105 2119 -1
98 2120 1
154 2120 -1
98 2121 1
22 2121 -1
98 2122 1
37 2122 -1
98 2123 1
94 2123 -1
98 2124 1
128 2124 -1
98 2125 1
68 2125 -1
98 2126 1
43 2126 -1
98 2127 1
52 2127 -1
98 2128 1
55 2128 -1
98 2129 1
66 2129 -1
103 2130 1
30 2130 -1
103 2131 1
45 2131 -1
103 2132 1
149 2132 -1
103 2133 1
104 2133 -1
103 2134 1
72 2134 -1
103 2135 1
52 2135 -1
103 2136 1
31 2136 -1
103 2137 1
28 2137 -1
103 2138 1
130 2138 -1
111 2139 1
98 2139 -1
111 2140 1
35 2140 -1
111 2141 1
89 2141 -1
111 2142 1
155 2142 -1
111 2143 1
78 2143 -1
111 2144 1
18 2144 -1
111 2145 1
79 2145 -1
111 2146 1
135 2146 -1
111 2147 1
115 2147 -1
111 2148 1
87 2148 -1
111 2149 1
85 2149 -1
111 2150 1
66 2150 -1
111 2151 1
123 2151 -1
111 2152 1
86 2152 -1
111 2153 1
16 2153 -1
111 2154 1
119 2154 -1
111 2155 1
68 2155 -1
111 2156 1
15 2156 -1
111 2157 1
21 2157 -1
111 2158 1
64 2158 -1
111 2159 1
77 2159 -1
111 2160 1
145 2160 -1
111 2161 1
109 2161 -1
111 2162 1
104 2162 -1
111 2163 1
76 2163 -1
113 2164 1
12 2164 -1
113 2165 1
44 2165 -1
113 2166 1
81 2166 -1
113 2167 1
75 2167 -1
113 2168 1
21 2168 -1
113 2169 1
148 2169 -1
113 2170 1
94 2170 -1
113 2171 1
110 2171 -1
113 2172 1
129 2172 -1
113 2173 1
77 2173 -1
113 2174 1
118 2174 -1
113 2175 1
63 2175 -1
113 2176 1
126 2176 -1
117 2177 1
40 2177 -1
117 2178 1
12 2178 -1
117 2179 1
94 2179 -1
117 2180 1
98 2180 -1
117 2181 1
30 2181 -1
117 2182 1
95 2182 -1
117 2183 1
85 2183 -1
117 2184 1
36 2184 -1
117 2185 1
124 2185 -1
117 2186 1
11 2186 -1
117 2187 1
112 2187 -1
117 2188 1
146 2188 -1
117 2189 1
10 2189 -1
117 2190 1
22 2190 -1
117 2191 1
24 2191 -1
117 2192 1
101 2192 -1
117 2193 1
63 2193 -1
117 2194 1
84 2194 -1
117 2195 1
44 2195 -1
117 2196 1
43 2196 -1
117 2197 1
34 2197 -1
125 2198 1
73 2198 -1
125 2199 1
71 2199 -1
125 2200 1
67 2200 -1
125 2201 1
57 2201 -1
125 2202 1
113 2202 -1
125 2203 1
135 2203 -1
125 2204 1
100 2204 -1
125 2205 1
80 2205 -1
125 2206 1
21 2206 -1
125 2207 1
129 2207 -1
125 2208 1
148 2208 -1
125 2209 1
114 2209 -1
125 2210 1
54 2210 -1
125 2211 1
68 2211 -1
125 2212 1
118 2212 -1
137 2213 1
84 2213 -1
137 2214 1
74 2214 -1
137 2215 1
46 2215 -1
137 2216 1
60 2216 -1
137 2217 1
128 2217 -1
137 2218 1
91 2218 -1
137 2219 1
86 2219 -1
137 2220 1
42 2220 -1
137 2221 1
41 2221 -1
137 2222 1
38 2222 -1
137 2223 1
101 2223 -1
137 2224 1
68 2224 -1
137 2225 1
21 2225 -1
137 2226 1
56 2226 -1
144 2227 1
86 2227 -1
144 2228 1
139 2228 -1
144 2229 1
124 2229 -1
144 2230 1
56 2230 -1
144 2231 1
95 2231 -1
144 2232 1
138 2232 -1
144 2233 1
61 2233 -1
144 2234 1
69 2234 -1
144 2235 1
122 2235 -1
144 2236 1
75 2236 -1
7 2237 1
28 2237 -1
7 2238 1
119 2238 -1
7 2239 1
104 2239 -1
7 2240 1
146 2240 -1
7 2241 1
132 2241 -1
7 2242 1
103 2242 -1
7 2243 1
93 2243 -1
7 2244 1
102 2244 -1
7 2245 1
56 2245 -1
7 2246 1
148 2246 -1
7 2247 1
113 2247 -1
7 2248 1
50 2248 -1
7 2249 1
82 2249 -1
7 2250 1
33 2250 -1
7 2251 1
57 2251 -1
7 2252 1
90 2252 -1
7 2253 1
149 2253 -1
7 2254 1
144 2254 -1
7 2255 1
40 2255 -1
9 2256 1
82 2256 -1
9 2257 1
116 2257 -1
9 2258 1
107 2258 -1
9 2259 1
40 2259 -1
9 2260 1
94 2260 -1
9 2261 1
120 2261 -1
9 2262 1
49 2262 -1
9 2263 1
62 2263 -1
9 2264 1
29 2264 -1
9 2265 1
154 2265 -1
9 2266 1
150 2266 -1
9 2267 1
61 2267 -1
9 2268 1
127 2268 -1
9 2269 1
90 2269 -1
9 2270 1
144 2270 -1
9 2271 1
28 2271 -1
9 2272 1
44 2272 -1
9 2273 1
110 2273 -1
9 2274 1
149 2274 -1
9 2275 1
68 2275 -1
9 2276 1
130 2276 -1
9 2277 1
19 2277 -1
9 2278 1
77 2278 -1
9 2279 1
22 2279 -1
9 2280 1
81 2280 -1
9 2281 1
125 2281 -1
9 2282 1
71 2282 -1
9 2283 1
96 2283 -1
9 2284 1
136 2284 -1
9 2285 1
97 2285 -1
9 2286 1
147 2286 -1
9 2287 1
115 2287 -1
9 2288 1
131 2288 -1
15 2289 1
118 2289 -1
15 2290 1
97 2290 -1
15 2291 1
117 2291 -1
15 2292 1
100 2292 -1
15 2293 1
125 2293 -1
15 2294 1
104 2294 -1
15 2295 1
122 2295 -1
15 2296 1
145 2296 -1
15 2297 1
130 2297 -1
15 2298 1
132 2298 -1
15 2299 1
42 2299 -1
15 2300 1
70 2300 -1
15 2301 1
32 2301 -1
15 2302 1
14 2302 -1
15 2303 1
128 2303 -1
15 2304 1
113 2304 -1
15 2305 1
67 2305 -1
15 2306 1
18 2306 -1
15 2307 1
112 2307 -1
15 2308 1
37 2308 -1
15 2309 1
24 2309 -1
15 2310 1
58 2310 -1
20 2311 1
45 2311 -1
20 2312 1
155 2312 -1
20 2313 1
74 2313 -1
20 2314 1
55 2314 -1
20 2315 1
73 2315 -1
20 2316 1
153 2316 -1
20 2317 1
32 2317 -1
20 2318 1
9 2318 -1
20 2319 1
23 2319 -1
20 2320 1
123 2320 -1
20 2321 1
79 2321 -1
20 2322 1
145 2322 -1
20 2323 1
91 2323 -1
20 2324 1
98 2324 -1
20 2325 1
66 2325 -1
20 2326 1
135 2326 -1
20 2327 1
70 2327 -1
20 2328 1
94 2328 -1
20 2329 1
118 2329 -1
20 2330 1
42 2330 -1
20 2331 1
72 2331 -1
20 2332 1
88 2332 -1
26 2333 1
51 2333 -1
26 2334 1
37 2334 -1
26 2335 1
150 2335 -1
26 2336 1
137 2336 -1
26 2337 1
121 2337 -1
26 2338 1
93 2338 -1
26 2339 1
145 2339 -1
26 2340 1
95 2340 -1
26 2341 1
78 2341 -1
26 2342 1
117 2342 -1
26 2343 1
30 2343 -1
26 2344 1
85 2344 -1
26 2345 1
151 2345 -1
26 2346 1
56 2346 -1
26 2347 1
98 2347 -1
26 2348 1
107 2348 -1
26 2349 1
91 2349 -1
26 2350 1
49 2350 -1
26 2351 1
71 2351 -1
28 2352 1
124 2352 -1
28 2353 1
95 2353 -1
28 2354 1
11 2354 -1
28 2355 1
155 2355 -1
39 2356 1
20 2356 -1
39 2357 1
63 2357 -1
39 2358 1
126 2358 -1
39 2359 1
37 2359 -1
39 2360 1
57 2360 -1
39 2361 1
129 2361 -1
39 2362 1
141 2362 -1
39 2363 1
131 2363 -1
39 2364 1
11 2364 -1
39 2365 1
43 2365 -1
39 2366 1
77 2366 -1
39 2367 1
95 2367 -1
39 2368 1
82 2368 -1
39 2369 1
50 2369 -1
39 2370 1
45 2370 -1
39 2371 1
59 2371 -1
39 2372 1
49 2372 -1
39 2373 1
105 2373 -1
39 2374 1
127 2374 -1
39 2375 1
71 2375 -1
39 2376 1
155 2376 -1
45 2377 1
71 2377 -1
45 2378 1
70 2378 -1
45 2379 1
92 2379 -1
45 2380 1
21 2380 -1
45 2381 1
109 2381 -1
45 2382 1
14 2382 -1
45 2383 1
46 2383 -1
45 2384 1
96 2384 -1
45 2385 1
16 2385 -1
45 2386 1
127 2386 -1
45 2387 1
59 2387 -1
45 2388 1
79 2388 -1
45 2389 1
52 2389 -1
45 2390 1
39 2390 -1
45 2391 1
12 2391 -1
45 2392 1
118 2392 -1
45 2393 1
11 2393 -1
45 2394 1
33 2394 -1
45 2395 1
63 2395 -1
45 2396 1
91 2396 -1
45 2397 1
28 2397 -1
51 2398 1
147 2398 -1
51 2399 1
100 2399 -1
51 2400 1
153 2400 -1
51 2401 1
61 2401 -1
51 2402 1
46 2402 -1
51 2403 1
31 2403 -1
51 2404 1
137 2404 -1
51 2405 1
136 2405 -1
51 2406 1
89 2406 -1
51 2407 1
94 2407 -1
51 2408 1
142 2408 -1
51 2409 1
14 2409 -1
51 2410 1
111 2410 -1
51 2411 1
143 2411 -1
51 2412 1
88 2412 -1
51 2413 1
131 2413 -1
51 2414 1
39 2414 -1
51 2415 1
119 2415 -1
51 2416 1
69 2416 -1
51 2417 1
134 2417 -1
51 2418 1
47 2418 -1
51 2419 1
20 2419 -1
51 2420 1
125 2420 -1
51 2421 1
128 2421 -1
51 2422 1
63 2422 -1
51 2423 1
130 2423 -1
51 2424 1
37 2424 -1
51 2425 1
27 2425 -1
51 2426 1
149 2426 -1
59 2427 1
154 2427 -1
59 2428 1
105 2428 -1
59 2429 1
75 2429 -1
59 2430 1
109 2430 -1
71 2431 1
74 2431 -1
71 2432 1
111 2432 -1
71 2433 1
80 2433 -1
71 2434 1
15 2434 -1
71 2435 1
73 2435 -1
71 2436 1
10 2436 -1
71 2437 1
148 2437 -1
71 2438 1
103 2438 -1
71 2439 1
44 2439 -1
71 2440 1
139 2440 -1
71 2441 1
128 2441 -1
71 2442 1
55 2442 -1
71 2443 1
116 2443 -1
71 2444 1
102 2444 -1
71 2445 1
75 2445 -1
74 2446 1
9 2446 -1
74 2447 1
143 2447 -1
74 2448 1
145 2448 -1
74 2449 1
87 2449 -1
74 2450 1
103 2450 -1
74 2451 1
107 2451 -1
74 2452 1
114 2452 -1
74 2453 1
93 2453 -1
74 2454 1
104 2454 -1
74 2455 1
56 2455 -1
74 2456 1
115 2456 -1
74 2457 1
138 2457 -1
74 2458 1
144 2458 -1
74 2459 1
23 2459 -1
82 2460 1
89 2460 -1
82 2461 1
99 2461 -1
89 2462 1
26 2462 -1
89 2463 1
22 2463 -1
89 2464 1
123 2464 -1
89 2465 1
140 2465 -1
89 2466 1
51 2466 -1
89 2467 1
109 2467 -1
89 2468 1
68 2468 -1
89 2469 1
74 2469 -1
89 2470 1
97 2470 -1
89 2471 1
145 2471 -1
89 2472 1
21 2472 -1
89 2473 1
149 2473 -1
89 2474 1
132 2474 -1
89 2475 1
141 2475 -1
89 2476 1
23 2476 -1
89 2477 1
17 2477 -1
89 2478 1
154 2478 -1
89 2479 1
111 2479 -1
89 2480 1
78 2480 -1
89 2481 1
47 2481 -1
89 2482 1
85 2482 -1
89 2483 1
138 2483 -1
89 2484 1
66 2484 -1
89 2485 1
120 2485 -1
89 2486 1
11 2486 -1
89 2487 1
101 2487 -1
89 2488 1
19 2488 -1
89 2489 1
81 2489 -1
89 2490 1
38 2490 -1
89 2491 1
59 2491 -1
89 2492 1
69 2492 -1
89 2493 1
50 2493 -1
89 2494 1
70 2494 -1
89 2495 1
31 2495 -1
89 2496 1
18 2496 -1
89 2497 1
144 2497 -1
89 2498 1
112 2498 -1
89 2499 1
9 2499 -1
100 2500 1
119 2500 -1
100 2501 1
77 2501 -1
100 2502 1
155 2502 -1
100 2503 1
145 2503 -1
100 2504 1
125 2504 -1
100 2505 1
62 2505 -1
100 2506 1
127 2506 -1
100 2507 1
13 2507 -1
100 2508 1
126 2508 -1
100 2509 1
154 2509 -1
100 2510 1
57 2510 -1
100 2511 1
142 2511 -1
100 2512 1
76 2512 -1
100 2513 1
122 2513 -1
100 2514 1
111 2514 -1
100 2515 1
30 2515 -1
100 2516 1
96 2516 -1
100 2517 1
139 2517 -1
100 2518 1
84 2518 -1
100 2519 1
33 2519 -1
118 2520 1
59 2520 -1
118 2521 1
139 2521 -1
118 2522 1
16 2522 -1
118 2523 1
71 2523 -1
118 2524 1
34 2524 -1
118 2525 1
137 2525 -1
118 2526 1
51 2526 -1
118 2527 1
109 2527 -1
118 2528 1
74 2528 -1
118 2529 1
104 2529 -1
118 2530 1
39 2530 -1
118 2531 1
131 2531 -1
118 2532 1
141 2532 -1
118 2533 1
125 2533 -1
118 2534 1
62 2534 -1
118 2535 1
63 2535 -1
118 2536 1
151 2536 -1
118 2537 1
97 2537 -1
118 2538 1
60 2538 -1
118 2539 1
78 2539 -1
118 2540 1
94 2540 -1
118 2541 1
98 2541 -1
118 2542 1
43 2542 -1
118 2543 1
27 2543 -1
118 2544 1
144 2544 -1
118 2545 1
148 2545 -1
118 2546 1
155 2546 -1
118 2547 1
146 2547 -1
118 2548 1
41 2548 -1
118 2549 1
66 2549 -1
118 2550 1
133 2550 -1
118 2551 1
22 2551 -1
118 2552 1
75 2552 -1
118 2553 1
28 2553 -1
118 2554 1
76 2554 -1
118 2555 1
119 2555 -1
118 2556 1
13 2556 -1
118 2557 1
85 2557 -1
118 2558 1
37 2558 -1
119 2559 1
15 2559 -1
119 2560 1
113 2560 -1
119 2561 1
147 2561 -1
119 2562 1
55 2562 -1
119 2563 1
83 2563 -1
119 2564 1
38 2564 -1
119 2565 1
11 2565 -1
119 2566 1
85 2566 -1
119 2567 1
104 2567 -1
119 2568 1
77 2568 -1
119 2569 1
75 2569 -1
119 2570 1
74 2570 -1
119 2571 1
106 2571 -1
119 2572 1
81 2572 -1
119 2573 1
84 2573 -1
119 2574 1
62 2574 -1
119 2575 1
65 2575 -1
119 2576 1
73 2576 -1
119 2577 1
150 2577 -1
119 2578 1
47 2578 -1
119 2579 1
33 2579 -1
119 2580 1
149 2580 -1
119 2581 1
20 2581 -1
119 2582 1
111 2582 -1
119 2583 1
112 2583 -1
119 2584 1
94 2584 -1
119 2585 1
154 2585 -1
119 2586 1
135 2586 -1
119 2587 1
42 2587 -1
119 2588 1
88 2588 -1
119 2589 1
115 2589 -1
119 2590 1
50 2590 -1
119 2591 1
9 2591 -1
119 2592 1
127 2592 -1
119 2593 1
102 2593 -1
119 2594 1
141 2594 -1
119 2595 1
27 2595 -1
119 2596 1
64 2596 -1
119 2597 1
117 2597 -1
119 2598 1
82 2598 -1
119 2599 1
53 2599 -1
119 2600 1
26 2600 -1
124 2601 1
39 2601 -1
124 2602 1
102 2602 -1
124 2603 1
22 2603 -1
124 2604 1
31 2604 -1
124 2605 1
34 2605 -1
124 2606 1
120 2606 -1
124 2607 1
85 2607 -1
124 2608 1
14 2608 -1
124 2609 1
138 2609 -1
124 2610 1
10 2610 -1
124 2611 1
143 2611 -1
124 2612 1
151 2612 -1
124 2613 1
9 2613 -1
124 2614 1
94 2614 -1
124 2615 1
146 2615 -1
124 2616 1
141 2616 -1
124 2617 1
56 2617 -1
124 2618 1
49 2618 -1
124 2619 1
93 2619 -1
124 2620 1
27 2620 -1
124 2621 1
60 2621 -1
124 2622 1
71 2622 -1
124 2623 1
129 2623 -1
124 2624 1
136 2624 -1
8 2625 1
61 2625 -1
8 2626 1
53 2626 -1
8 2627 1
44 2627 -1
8 2628 1
81 2628 -1
8 2629 1
152 2629 -1
8 2630 1
60 2630 -1
8 2631 1
118 2631 -1
8 2632 1
85 2632 -1
8 2633 1
136 2633 -1
8 2634 1
71 2634 -1
18 2635 1
108 2635 -1
18 2636 1
146 2636 -1
18 2637 1
9 2637 -1
18 2638 1
60 2638 -1
19 2639 1
29 2639 -1
19 2640 1
142 2640 -1
19 2641 1
128 2641 -1
19 2642 1
135 2642 -1
29 2643 1
78 2643 -1
29 2644 1
19 2644 -1
29 2645 1
34 2645 -1
29 2646 1
77 2646 -1
29 2647 1
113 2647 -1
29 2648 1
13 2648 -1
29 2649 1
75 2649 -1
29 2650 1
73 2650 -1
29 2651 1
123 2651 -1
29 2652 1
133 2652 -1
29 2653 1
27 2653 -1
29 2654 1
46 2654 -1
29 2655 1
107 2655 -1
29 2656 1
70 2656 -1
29 2657 1
58 2657 -1
29 2658 1
69 2658 -1
29 2659 1
10 2659 -1
29 2660 1
23 2660 -1
29 2661 1
90 2661 -1
29 2662 1
151 2662 -1
29 2663 1
109 2663 -1
29 2664 1
85 2664 -1
29 2665 1
84 2665 -1
29 2666 1
36 2666 -1
29 2667 1
145 2667 -1
29 2668 1
100 2668 -1
29 2669 1
89 2669 -1
29 2670 1
79 2670 -1
35 2671 1
155 2671 -1
35 2672 1
19 2672 -1
35 2673 1
59 2673 -1
35 2674 1
131 2674 -1
35 2675 1
111 2675 -1
35 2676 1
120 2676 -1
35 2677 1
85 2677 -1
35 2678 1
68 2678 -1
35 2679 1
143 2679 -1
35 2680 1
134 2680 -1
35 2681 1
122 2681 -1
35 2682 1
83 2682 -1
35 2683 1
63 2683 -1
35 2684 1
10 2684 -1
35 2685 1
31 2685 -1
35 2686 1
43 2686 -1
35 2687 1
96 2687 -1
35 2688 1
133 2688 -1
35 2689 1
132 2689 -1
35 2690 1
102 2690 -1
35 2691 1
76 2691 -1
35 2692 1
78 2692 -1
35 2693 1
24 2693 -1
35 2694 1
150 2694 -1
49 2695 1
127 2695 -1
49 2696 1
66 2696 -1
49 2697 1
155 2697 -1
49 2698 1
56 2698 -1
49 2699 1
100 2699 -1
49 2700 1
113 2700 -1
49 2701 1
132 2701 -1
49 2702 1
59 2702 -1
49 2703 1
11 2703 -1
49 2704 1
18 2704 -1
49 2705 1
152 2705 -1
49 2706 1
36 2706 -1
49 2707 1
28 2707 -1
49 2708 1
142 2708 -1
49 2709 1
81 2709 -1
49 2710 1
150 2710 -1
49 2711 1
140 2711 -1
49 2712 1
50 2712 -1
49 2713 1
145 2713 -1
49 2714 1
137 2714 -1
49 2715 1
139 2715 -1
49 2716 1
108 2716 -1
49 2717 1
69 2717 -1
49 2718 1
52 2718 -1
49 2719 1
51 2719 -1
49 2720 1
14 2720 -1
49 2721 1
111 2721 -1
49 2722 1
131 2722 -1
49 2723 1
106 2723 -1
49 2724 1
58 2724 -1
49 2725 1
31 2725 -1
49 2726 1
46 2726 -1
49 2727 1
25 2727 -1
49 2728 1
24 2728 -1
49 2729 1
151 2729 -1
49 2730 1
89 2730 -1
49 2731 1
76 2731 -1
49 2732 1
153 2732 -1
49 2733 1
114 2733 -1
52 2734 1
154 2734 -1
52 2735 1
150 2735 -1
52 2736 1
100 2736 -1
52 2737 1
63 2737 -1
52 2738 1
27 2738 -1
52 2739 1
107 2739 -1
52 2740 1
84 2740 -1
52 2741 1
144 2741 -1
52 2742 1
77 2742 -1
52 2743 1
31 2743 -1
52 2744 1
133 2744 -1
52 2745 1
149 2745 -1
52 2746 1
69 2746 -1
52 2747 1
122 2747 -1
52 2748 1
12 2748 -1
52 2749 1
38 2749 -1
52 2750 1
89 2750 -1
52 2751 1
110 2751 -1
52 2752 1
90 2752 -1
52 2753 1
71 2753 -1
52 2754 1
61 2754 -1
52 2755 1
126 2755 -1
52 2756 1
56 2756 -1
52 2757 1
14 2757 -1
52 2758 1
105 2758 -1
52 2759 1
96 2759 -1
52 2760 1
99 2760 -1
52 2761 1
53 2761 -1
52 2762 1
51 2762 -1
52 2763 1
114 2763 -1
52 2764 1
113 2764 -1
52 2765 1
118 2765 -1
52 2766 1
81 2766 -1
52 2767 1
148 2767 -1
52 2768 1
37 2768 -1
52 2769 1
42 2769 -1
52 2770 1
30 2770 -1
52 2771 1
25 2771 -1
52 2772 1
153 2772 -1
52 2773 1
124 2773 -1
52 2774 1
15 2774 -1
52 2775 1
128 2775 -1
52 2776 1
75 2776 -1
52 2777 1
57 2777 -1
53 2778 1
49 2778 -1
53 2779 1
153 2779 -1
53 2780 1
146 2780 -1
53 2781 1
34 2781 -1
53 2782 1
59 2782 -1
53 2783 1
119 2783 -1
53 2784 1
80 2784 -1
53 2785 1
93 2785 -1
53 2786 1
19 2786 -1
53 2787 1
102 2787 -1
53 2788 1
100 2788 -1
53 2789 1
130 2789 -1
53 2790 1
30 2790 -1
53 2791 1
148 2791 -1
53 2792 1
14 2792 -1
53 2793 1
108 2793 -1
53 2794 1
128 2794 -1
53 2795 1
151 2795 -1
53 2796 1
89 2796 -1
53 2797 1
123 2797 -1
53 2798 1
32 2798 -1
53 2799 1
52 2799 -1
53 2800 1
125 2800 -1
53 2801 1
98 2801 -1
53 2802 1
114 2802 -1
53 2803 1
115 2803 -1
53 2804 1
21 2804 -1
53 2805 1
43 2805 -1
53 2806 1
155 2806 -1
53 2807 1
13 2807 -1
53 2808 1
74 2808 -1
58 2809 1
133 2809 -1
58 2810 1
87 2810 -1
58 2811 1
54 2811 -1
58 2812 1
12 2812 -1
58 2813 1
124 2813 -1
58 2814 1
49 2814 -1
58 2815 1
152 2815 -1
58 2816 1
110 2816 -1
58 2817 1
92 2817 -1
58 2818 1
34 2818 -1
58 2819 1
60 2819 -1
58 2820 1
118 2820 -1
58 2821 1
75 2821 -1
58 2822 1
103 2822 -1
58 2823 1
139 2823 -1
58 2824 1
57 2824 -1
58 2825 1
102 2825 -1
58 2826 1
150 2826 -1
61 2827 1
87 2827 -1
61 2828 1
39 2828 -1
61 2829 1
125 2829 -1
61 2830 1
59 2830 -1
61 2831 1
35 2831 -1
61 2832 1
107 2832 -1
61 2833 1
45 2833 -1
61 2834 1
53 2834 -1
61 2835 1
147 2835 -1
61 2836 1
88 2836 -1
61 2837 1
152 2837 -1
61 2838 1
129 2838 -1
61 2839 1
112 2839 -1
61 2840 1
54 2840 -1
61 2841 1
139 2841 -1
61 2842 1
32 2842 -1
61 2843 1
116 2843 -1
61 2844 1
155 2844 -1
61 2845 1
30 2845 -1
61 2846 1
86 2846 -1
61 2847 1
50 2847 -1
61 2848 1
38 2848 -1
61 2849 1
110 2849 -1
61 2850 1
109 2850 -1
61 2851 1
84 2851 -1
61 2852 1
51 2852 -1
61 2853 1
140 2853 -1
61 2854 1
134 2854 -1
61 2855 1
14 2855 -1
61 2856 1
104 2856 -1
61 2857 1
29 2857 -1
61 2858 1
148 2858 -1
61 2859 1
85 2859 -1
64 2860 1
35 2860 -1
64 2861 1
92 2861 -1
64 2862 1
151 2862 -1
64 2863 1
22 2863 -1
64 2864 1
114 2864 -1
64 2865 1
49 2865 -1
64 2866 1
98 2866 -1
66 2867 1
64 2867 -1
66 2868 1
148 2868 -1
66 2869 1
52 2869 -1
66 2870 1
146 2870 -1
66 2871 1
140 2871 -1
66 2872 1
25 2872 -1
66 2873 1
23 2873 -1
66 2874 1
77 2874 -1
66 2875 1
113 2875 -1
66 2876 1
129 2876 -1
66 2877 1
91 2877 -1
66 2878 1
55 2878 -1
66 2879 1
71 2879 -1
66 2880 1
18 2880 -1
66 2881 1
73 2881 -1
66 2882 1
120 2882 -1
66 2883 1
125 2883 -1
66 2884 1
115 2884 -1
66 2885 1
49 2885 -1
66 2886 1
87 2886 -1
66 2887 1
131 2887 -1
78 2888 1
58 2888 -1
78 2889 1
107 2889 -1
78 2890 1
103 2890 -1
78 2891 1
54 2891 -1
78 2892 1
112 2892 -1
78 2893 1
82 2893 -1
78 2894 1
53 2894 -1
78 2895 1
151 2895 -1
78 2896 1
152 2896 -1
78 2897 1
120 2897 -1
78 2898 1
143 2898 -1
78 2899 1
27 2899 -1
78 2900 1
20 2900 -1
78 2901 1
146 2901 -1
87 2902 1
53 2902 -1
87 2903 1
74 2903 -1
87 2904 1
128 2904 -1
87 2905 1
143 2905 -1
87 2906 1
61 2906 -1
87 2907 1
107 2907 -1
87 2908 1
28 2908 -1
87 2909 1
16 2909 -1
87 2910 1
31 2910 -1
106 2911 1
52 2911 -1
106 2912 1
49 2912 -1
106 2913 1
117 2913 -1
106 2914 1
16 2914 -1
106 2915 1
25 2915 -1
106 2916 1
70 2916 -1
106 2917 1
41 2917 -1
106 2918 1
33 2918 -1
106 2919 1
35 2919 -1
106 2920 1
97 2920 -1
106 2921 1
118 2921 -1
106 2922 1
72 2922 -1
106 2923 1
147 2923 -1
106 2924 1
59 2924 -1
106 2925 1
81 2925 -1
106 2926 1
64 2926 -1
106 2927 1
74 2927 -1
106 2928 1
143 2928 -1
106 2929 1
15 2929 -1
106 2930 1
54 2930 -1
106 2931 1
100 2931 -1
106 2932 1
14 2932 -1
106 2933 1
73 2933 -1
106 2934 1
79 2934 -1
106 2935 1
38 2935 -1
106 2936 1
62 2936 -1
106 2937 1
19 2937 -1
106 2938 1
134 2938 -1
106 2939 1
24 2939 -1
106 2940 1
112 2940 -1
106 2941 1
92 2941 -1
106 2942 1
85 2942 -1
106 2943 1
96 2943 -1
106 2944 1
29 2944 -1
106 2945 1
101 2945 -1
108 2946 1
66 2946 -1
108 2947 1
80 2947 -1
108 2948 1
12 2948 -1
108 2949 1
35 2949 -1
108 2950 1
135 2950 -1
108 2951 1
24 2951 -1
108 2952 1
95 2952 -1
108 2953 1
45 2953 -1
108 2954 1
145 2954 -1
108 2955 1
154 2955 -1
108 2956 1
99 2956 -1
108 2957 1
140 2957 -1
108 2958 1
25 2958 -1
108 2959 1
113 2959 -1
108 2960 1
20 2960 -1
108 2961 1
41 2961 -1
108 2962 1
83 2962 -1
108 2963 1
122 2963 -1
108 2964 1
67 2964 -1
108 2965 1
129 2965 -1
127 2966 1
18 2966 -1
127 2967 1
98 2967 -1
127 2968 1
39 2968 -1
127 2969 1
52 2969 -1
127 2970 1
33 2970 -1
133 2971 1
106 2971 -1
133 2972 1
68 2972 -1
133 2973 1
123 2973 -1
133 2974 1
14 2974 -1
133 2975 1
104 2975 -1
133 2976 1
135 2976 -1
133 2977 1
50 2977 -1
133 2978 1
12 2978 -1
133 2979 1
100 2979 -1
133 2980 1
29 2980 -1
133 2981 1
78 2981 -1
133 2982 1
37 2982 -1
133 2983 1
42 2983 -1
133 2984 1
74 2984 -1
133 2985 1
60 2985 -1
133 2986 1
101 2986 -1
133 2987 1
107 2987 -1
133 2988 1
97 2988 -1
133 2989 1
111 2989 -1
133 2990 1
138 2990 -1
133 2991 1
17 2991 -1
133 2992 1
95 2992 -1
133 2993 1
85 2993 -1
133 2994 1
31 2994 -1
133 2995 1
140 2995 -1
133 2996 1
63 2996 -1
133 2997 1
19 2997 -1
133 2998 1
83 2998 -1
133 2999 1
102 2999 -1
133 3000 1
80 3000 -1
