1 1 1
68 1 -1
1 2 1
50 2 -1
1 3 1
43 3 -1
1 4 1
79 4 -1
1 5 1
37 5 -1
1 6 1
51 6 -1
1 7 1
38 7 -1
1 8 1
52 8 -1
1 9 1
66 9 -1
1 10 1
61 10 -1
1 11 1
13 11 -1
1 12 1
31 12 -1
1 13 1
26 13 -1
1 14 1
56 14 -1
1 15 1
88 15 -1
1 16 1
48 16 -1
1 17 1
63 17 -1
1 18 1
46 18 -1
1 19 1
28 19 -1
1 20 1
40 20 -1
1 21 1
15 21 -1
1 22 1
86 22 -1
20 23 1
80 23 -1
20 24 1
25 24 -1
39 25 1
51 25 -1
39 26 1
63 26 -1
39 27 1
50 27 -1
39 28 1
65 28 -1
39 29 1
35 29 -1
39 30 1
10 30 -1
39 31 1
54 31 -1
39 32 1
20 32 -1
39 33 1
11 33 -1
39 34 1
8 34 -1
39 35 1
24 35 -1
39 36 1
58 36 -1
39 37 1
70 37 -1
39 38 1
82 38 -1
39 39 1
55 39 -1
39 40 1
57 40 -1
39 41 1
37 41 -1
39 42 1
68 42 -1
39 43 1
77 43 -1
39 44 1
33 44 -1
39 45 1
75 45 -1
39 46 1
62 46 -1
39 47 1
41 47 -1
39 48 1
86 48 -1
39 49 1
42 49 -1
39 50 1
52 50 -1
39 51 1
16 51 -1
39 52 1
49 52 -1
39 53 1
59 53 -1
39 54 1
66 54 -1
39 55 1
28 55 -1
39 56 1
56 56 -1
39 57 1
18 57 -1
39 58 1
78 58 -1
39 59 1
53 59 -1
51 60 1
56 60 -1
51 61 1
55 61 -1
51 62 1
83 62 -1
51 63 1
65 63 -1
51 64 1
75 64 -1
51 65 1
58 65 -1
51 66 1
9 66 -1
51 67 1
46 67 -1
51 68 1
64 68 -1
51 69 1
33 69 -1
51 70 1
88 70 -1
51 71 1
54 71 -1
51 72 1
52 72 -1
51 73 1
26 73 -1
51 74 1
60 74 -1
51 75 1
16 75 -1
51 76 1
84 76 -1
51 77 1
45 77 -1
51 78 1
48 78 -1
51 79 1
62 79 -1
51 80 1
72 80 -1
51 81 1
28 81 -1
51 82 1
13 82 -1
51 83 1
41 83 -1
51 84 1
67 84 -1
51 85 1
8 85 -1
51 86 1
47 86 -1
51 87 1
74 87 -1
51 88 1
19 88 -1
51 89 1
73 89 -1
51 90 1
36 90 -1
51 91 1
68 91 -1
51 92 1
30 92 -1
51 93 1
21 93 -1
51 94 1
77 94 -1
51 95 1
70 95 -1
51 96 1
53 96 -1
51 97 1
37 97 -1
51 98 1
79 98 -1
51 99 1
11 99 -1
51 100 1
50 100 -1
51 101 1
49 101 -1
51 102 1
24 102 -1
51 103 1
69 103 -1
51 104 1
18 104 -1
51 105 1
76 105 -1
51 106 1
44 106 -1
51 107 1
23 107 -1
51 108 1
31 108 -1
51 109 1
27 109 -1
51 110 1
40 110 -1
51 111 1
82 111 -1
56 112 1
88 112 -1
56 113 1
89 113 -1
56 114 1
73 114 -1
56 115 1
8 115 -1
56 116 1
34 116 -1
56 117 1
57 117 -1
56 118 1
70 118 -1
56 119 1
46 119 -1
56 120 1
58 120 -1
56 121 1
68 121 -1
56 122 1
24 122 -1
56 123 1
12 123 -1
56 124 1
86 124 -1
56 125 1
11 125 -1
56 126 1
37 126 -1
56 127 1
51 127 -1
56 128 1
54 128 -1
56 129 1
31 129 -1
68 130 1
20 130 -1
68 131 1
13 131 -1
68 132 1
53 132 -1
68 133 1
12 133 -1
68 134 1
70 134 -1
68 135 1
29 135 -1
68 136 1
84 136 -1
68 137 1
17 137 -1
68 138 1
85 138 -1
68 139 1
9 139 -1
68 140 1
35 140 -1
68 141 1
22 141 -1
68 142 1
62 142 -1
68 143 1
82 143 -1
68 144 1
83 144 -1
68 145 1
25 145 -1
68 146 1
19 146 -1
68 147 1
16 147 -1
69 148 1
84 148 -1
69 149 1
34 149 -1
69 150 1
53 150 -1
69 151 1
30 151 -1
69 152 1
47 152 -1
69 153 1
74 153 -1
69 154 1
61 154 -1
69 155 1
66 155 -1
69 156 1
16 156 -1
69 157 1
35 157 -1
69 158 1
19 158 -1
69 159 1
72 159 -1
69 160 1
83 160 -1
69 161 1
85 161 -1
69 162 1
33 162 -1
69 163 1
82 163 -1
69 164 1
25 164 -1
69 165 1
54 165 -1
69 166 1
76 166 -1
69 167 1
70 167 -1
69 168 1
64 168 -1
69 169 1
88 169 -1
69 170 1
44 170 -1
69 171 1
49 171 -1
69 172 1
79 172 -1
69 173 1
42 173 -1
69 174 1
13 174 -1
69 175 1
21 175 -1
72 176 1
39 176 -1
72 177 1
59 177 -1
72 178 1
44 178 -1
72 179 1
60 179 -1
72 180 1
76 180 -1
72 181 1
12 181 -1
72 182 1
73 182 -1
72 183 1
87 183 -1
72 184 1
68 184 -1
72 185 1
41 185 -1
72 186 1
78 186 -1
72 187 1
67 187 -1
72 188 1
61 188 -1
72 189 1
48 189 -1
72 190 1
52 190 -1
72 191 1
33 191 -1
72 192 1
77 192 -1
72 193 1
35 193 -1
72 194 1
26 194 -1
72 195 1
43 195 -1
72 196 1
25 196 -1
72 197 1
75 197 -1
72 198 1
82 198 -1
72 199 1
55 199 -1
72 200 1
10 200 -1
72 201 1
57 201 -1
72 202 1
29 202 -1
72 203 1
17 203 -1
72 204 1
50 204 -1
72 205 1
54 205 -1
72 206 1
15 206 -1
72 207 1
32 207 -1
72 208 1
23 208 -1
72 209 1
34 209 -1
72 210 1
8 210 -1
72 211 1
69 211 -1
72 212 1
84 212 -1
72 213 1
19 213 -1
72 214 1
63 214 -1
72 215 1
62 215 -1
72 216 1
45 216 -1
72 217 1
66 217 -1
72 218 1
88 218 -1
72 219 1
89 219 -1
72 220 1
47 220 -1
72 221 1
58 221 -1
72 222 1
81 222 -1
72 223 1
30 223 -1
72 224 1
49 224 -1
72 225 1
74 225 -1
72 226 1
65 226 -1
72 227 1
51 227 -1
72 228 1
80 228 -1
72 229 1
42 229 -1
72 230 1
9 230 -1
72 231 1
27 231 -1
72 232 1
53 232 -1
72 233 1
28 233 -1
72 234 1
11 234 -1
72 235 1
71 235 -1
72 236 1
37 236 -1
72 237 1
16 237 -1
80 238 1
69 238 -1
80 239 1
59 239 -1
80 240 1
70 240 -1
80 241 1
25 241 -1
80 242 1
15 242 -1
80 243 1
64 243 -1
80 244 1
57 244 -1
80 245 1
18 245 -1
80 246 1
52 246 -1
80 247 1
48 247 -1
80 248 1
53 248 -1
80 249 1
30 249 -1
80 250 1
17 250 -1
80 251 1
62 251 -1
80 252 1
38 252 -1
80 253 1
23 253 -1
80 254 1
49 254 -1
80 255 1
60 255 -1
80 256 1
41 256 -1
80 257 1
47 257 -1
80 258 1
24 258 -1
80 259 1
32 259 -1
80 260 1
31 260 -1
80 261 1
82 261 -1
80 262 1
9 262 -1
80 263 1
74 263 -1
80 264 1
11 264 -1
80 265 1
39 265 -1
80 266 1
86 266 -1
80 267 1
63 267 -1
80 268 1
56 268 -1
80 269 1
20 269 -1
80 270 1
67 270 -1
80 271 1
14 271 -1
80 272 1
51 272 -1
80 273 1
54 273 -1
80 274 1
55 274 -1
80 275 1
19 275 -1
80 276 1
78 276 -1
80 277 1
8 277 -1
80 278 1
46 278 -1
80 279 1
75 279 -1
80 280 1
50 280 -1
80 281 1
66 281 -1
80 282 1
33 282 -1
80 283 1
45 283 -1
80 284 1
71 284 -1
80 285 1
22 285 -1
80 286 1
28 286 -1
80 287 1
68 287 -1
80 288 1
72 288 -1
80 289 1
43 289 -1
80 290 1
77 290 -1
80 291 1
35 291 -1
80 292 1
10 292 -1
80 293 1
21 293 -1
80 294 1
85 294 -1
80 295 1
87 295 -1
80 296 1
12 296 -1
80 297 1
29 297 -1
80 298 1
84 298 -1
80 299 1
34 299 -1
80 300 1
36 300 -1
84 301 1
72 301 -1
84 302 1
9 302 -1
84 303 1
18 303 -1
84 304 1
48 304 -1
84 305 1
51 305 -1
84 306 1
79 306 -1
84 307 1
77 307 -1
84 308 1
38 308 -1
84 309 1
86 309 -1
84 310 1
66 310 -1
84 311 1
59 311 -1
84 312 1
74 312 -1
84 313 1
71 313 -1
84 314 1
53 314 -1
84 315 1
8 315 -1
84 316 1
16 316 -1
84 317 1
58 317 -1
84 318 1
89 318 -1
84 319 1
29 319 -1
84 320 1
69 320 -1
84 321 1
82 321 -1
84 322 1
27 322 -1
84 323 1
81 323 -1
84 324 1
75 324 -1
84 325 1
43 325 -1
84 326 1
10 326 -1
84 327 1
34 327 -1
84 328 1
67 328 -1
84 329 1
23 329 -1
84 330 1
54 330 -1
84 331 1
26 331 -1
84 332 1
22 332 -1
84 333 1
45 333 -1
84 334 1
50 334 -1
84 335 1
62 335 -1
84 336 1
88 336 -1
84 337 1
32 337 -1
84 338 1
61 338 -1
84 339 1
19 339 -1
84 340 1
73 340 -1
84 341 1
31 341 -1
84 342 1
25 342 -1
84 343 1
42 343 -1
84 344 1
46 344 -1
84 345 1
78 345 -1
84 346 1
12 346 -1
84 347 1
36 347 -1
84 348 1
37 348 -1
84 349 1
15 349 -1
84 350 1
57 350 -1
84 351 1
39 351 -1
84 352 1
60 352 -1
84 353 1
21 353 -1
84 354 1
24 354 -1
84 355 1
44 355 -1
84 356 1
65 356 -1
84 357 1
83 357 -1
84 358 1
76 358 -1
84 359 1
87 359 -1
84 360 1
20 360 -1
84 361 1
63 361 -1
84 362 1
85 362 -1
2 363 1
9 363 -1
2 364 1
85 364 -1
2 365 1
72 365 -1
2 366 1
11 366 -1
2 367 1
48 367 -1
2 368 1
68 368 -1
2 369 1
17 369 -1
2 370 1
27 370 -1
2 371 1
35 371 -1
2 372 1
29 372 -1
2 373 1
36 373 -1
2 374 1
47 374 -1
2 375 1
26 375 -1
2 376 1
25 376 -1
9 377 1
38 377 -1
9 378 1
36 378 -1
9 379 1
60 379 -1
9 380 1
30 380 -1
16 381 1
74 381 -1
16 382 1
33 382 -1
23 383 1
35 383 -1
23 384 1
68 384 -1
23 385 1
72 385 -1
23 386 1
17 386 -1
23 387 1
37 387 -1
23 388 1
14 388 -1
23 389 1
19 389 -1
23 390 1
60 390 -1
23 391 1
84 391 -1
23 392 1
30 392 -1
23 393 1
73 393 -1
23 394 1
71 394 -1
23 395 1
78 395 -1
23 396 1
11 396 -1
23 397 1
76 397 -1
23 398 1
50 398 -1
23 399 1
82 399 -1
23 400 1
21 400 -1
23 401 1
28 401 -1
23 402 1
65 402 -1
23 403 1
83 403 -1
23 404 1
80 404 -1
23 405 1
9 405 -1
23 406 1
88 406 -1
23 407 1
32 407 -1
23 408 1
89 408 -1
23 409 1
81 409 -1
23 410 1
77 410 -1
23 411 1
20 411 -1
23 412 1
34 412 -1
23 413 1
42 413 -1
23 414 1
33 414 -1
23 415 1
67 415 -1
23 416 1
39 416 -1
23 417 1
46 417 -1
23 418 1
58 418 -1
23 419 1
44 419 -1
23 420 1
55 420 -1
23 421 1
69 421 -1
23 422 1
45 422 -1
23 423 1
64 423 -1
23 424 1
25 424 -1
23 425 1
38 425 -1
23 426 1
29 426 -1
23 427 1
22 427 -1
23 428 1
36 428 -1
23 429 1
51 429 -1
23 430 1
18 430 -1
23 431 1
24 431 -1
23 432 1
40 432 -1
23 433 1
57 433 -1
23 434 1
56 434 -1
23 435 1
26 435 -1
23 436 1
86 436 -1
23 437 1
70 437 -1
23 438 1
74 438 -1
23 439 1
12 439 -1
23 440 1
10 440 -1
23 441 1
62 441 -1
23 442 1
54 442 -1
23 443 1
63 443 -1
23 444 1
47 444 -1
23 445 1
48 445 -1
23 446 1
13 446 -1
35 447 1
70 447 -1
35 448 1
73 448 -1
35 449 1
67 449 -1
35 450 1
49 450 -1
35 451 1
55 451 -1
35 452 1
77 452 -1
35 453 1
48 453 -1
35 454 1
42 454 -1
35 455 1
30 455 -1
35 456 1
18 456 -1
35 457 1
72 457 -1
35 458 1
36 458 -1
35 459 1
58 459 -1
35 460 1
80 460 -1
37 461 1
16 461 -1
37 462 1
89 462 -1
37 463 1
28 463 -1
37 464 1
32 464 -1
37 465 1
55 465 -1
37 466 1
51 466 -1
37 467 1
24 467 -1
37 468 1
80 468 -1
37 469 1
73 469 -1
37 470 1
75 470 -1
37 471 1
9 471 -1
37 472 1
79 472 -1
37 473 1
29 473 -1
37 474 1
52 474 -1
37 475 1
11 475 -1
37 476 1
62 476 -1
37 477 1
76 477 -1
37 478 1
10 478 -1
37 479 1
68 479 -1
37 480 1
26 480 -1
37 481 1
84 481 -1
37 482 1
8 482 -1
37 483 1
18 483 -1
37 484 1
58 484 -1
37 485 1
41 485 -1
37 486 1
65 486 -1
37 487 1
48 487 -1
37 488 1
33 488 -1
37 489 1
45 489 -1
37 490 1
19 490 -1
37 491 1
20 491 -1
37 492 1
23 492 -1
37 493 1
17 493 -1
37 494 1
71 494 -1
37 495 1
15 495 -1
37 496 1
40 496 -1
37 497 1
44 497 -1
37 498 1
78 498 -1
37 499 1
39 499 -1
37 500 1
30 500 -1
37 501 1
69 501 -1
37 502 1
34 502 -1
37 503 1
81 503 -1
37 504 1
86 504 -1
37 505 1
22 505 -1
37 506 1
83 506 -1
38 507 1
48 507 -1
38 508 1
14 508 -1
38 509 1
19 509 -1
38 510 1
37 510 -1
38 511 1
25 511 -1
38 512 1
23 512 -1
38 513 1
31 513 -1
38 514 1
89 514 -1
38 515 1
57 515 -1
38 516 1
17 516 -1
38 517 1
55 517 -1
38 518 1
72 518 -1
38 519 1
51 519 -1
38 520 1
79 520 -1
38 521 1
58 521 -1
38 522 1
18 522 -1
38 523 1
46 523 -1
38 524 1
62 524 -1
38 525 1
49 525 -1
38 526 1
43 526 -1
48 527 1
37 527 -1
48 528 1
35 528 -1
48 529 1
33 529 -1
48 530 1
59 530 -1
48 531 1
66 531 -1
48 532 1
50 532 -1
48 533 1
23 533 -1
48 534 1
63 534 -1
48 535 1
39 535 -1
48 536 1
44 536 -1
48 537 1
85 537 -1
48 538 1
79 538 -1
48 539 1
22 539 -1
48 540 1
15 540 -1
48 541 1
72 541 -1
48 542 1
87 542 -1
48 543 1
27 543 -1
48 544 1
11 544 -1
48 545 1
74 545 -1
48 546 1
38 546 -1
48 547 1
9 547 -1
48 548 1
75 548 -1
48 549 1
64 549 -1
48 550 1
29 550 -1
48 551 1
52 551 -1
48 552 1
17 552 -1
48 553 1
71 553 -1
48 554 1
69 554 -1
48 555 1
46 555 -1
48 556 1
47 556 -1
48 557 1
21 557 -1
48 558 1
16 558 -1
48 559 1
54 559 -1
48 560 1
65 560 -1
48 561 1
82 561 -1
48 562 1
51 562 -1
48 563 1
20 563 -1
48 564 1
56 564 -1
48 565 1
8 565 -1
48 566 1
60 566 -1
48 567 1
13 567 -1
48 568 1
89 568 -1
48 569 1
83 569 -1
48 570 1
62 570 -1
48 571 1
81 571 -1
48 572 1
28 572 -1
48 573 1
25 573 -1
48 574 1
24 574 -1
48 575 1
18 575 -1
48 576 1
55 576 -1
48 577 1
77 577 -1
48 578 1
26 578 -1
66 579 1
23 579 -1
66 580 1
69 580 -1
66 581 1
12 581 -1
66 582 1
38 582 -1
66 583 1
70 583 -1
66 584 1
52 584 -1
66 585 1
67 585 -1
66 586 1
49 586 -1
66 587 1
79 587 -1
66 588 1
85 588 -1
66 589 1
75 589 -1
66 590 1
88 590 -1
66 591 1
64 591 -1
66 592 1
15 592 -1
66 593 1
19 593 -1
66 594 1
63 594 -1
66 595 1
58 595 -1
66 596 1
13 596 -1
66 597 1
28 597 -1
66 598 1
26 598 -1
66 599 1
77 599 -1
66 600 1
40 600 -1
66 601 1
48 601 -1
66 602 1
8 602 -1
66 603 1
31 603 -1
66 604 1
72 604 -1
66 605 1
11 605 -1
66 606 1
18 606 -1
66 607 1
76 607 -1
66 608 1
25 608 -1
66 609 1
32 609 -1
66 610 1
39 610 -1
66 611 1
82 611 -1
66 612 1
24 612 -1
66 613 1
84 613 -1
66 614 1
9 614 -1
66 615 1
42 615 -1
66 616 1
41 616 -1
66 617 1
46 617 -1
66 618 1
87 618 -1
66 619 1
22 619 -1
66 620 1
74 620 -1
66 621 1
56 621 -1
66 622 1
62 622 -1
66 623 1
44 623 -1
66 624 1
34 624 -1
66 625 1
45 625 -1
70 626 1
86 626 -1
70 627 1
53 627 -1
70 628 1
21 628 -1
70 629 1
33 629 -1
70 630 1
69 630 -1
70 631 1
51 631 -1
70 632 1
40 632 -1
70 633 1
82 633 -1
70 634 1
42 634 -1
70 635 1
61 635 -1
70 636 1
13 636 -1
70 637 1
25 637 -1
70 638 1
24 638 -1
70 639 1
52 639 -1
70 640 1
78 640 -1
70 641 1
56 641 -1
70 642 1
64 642 -1
70 643 1
15 643 -1
70 644 1
84 644 -1
70 645 1
23 645 -1
70 646 1
83 646 -1
70 647 1
20 647 -1
70 648 1
34 648 -1
70 649 1
19 649 -1
70 650 1
89 650 -1
70 651 1
30 651 -1
70 652 1
60 652 -1
70 653 1
14 653 -1
70 654 1
62 654 -1
70 655 1
57 655 -1
70 656 1
55 656 -1
70 657 1
65 657 -1
70 658 1
48 658 -1
70 659 1
45 659 -1
70 660 1
39 660 -1
70 661 1
31 661 -1
70 662 1
85 662 -1
70 663 1
59 663 -1
70 664 1
80 664 -1
70 665 1
47 665 -1
70 666 1
11 666 -1
70 667 1
44 667 -1
70 668 1
22 668 -1
70 669 1
76 669 -1
70 670 1
36 670 -1
70 671 1
43 671 -1
70 672 1
9 672 -1
70 673 1
63 673 -1
70 674 1
37 674 -1
70 675 1
73 675 -1
70 676 1
67 676 -1
70 677 1
81 677 -1
70 678 1
71 678 -1
70 679 1
50 679 -1
70 680 1
8 680 -1
70 681 1
74 681 -1
70 682 1
27 682 -1
70 683 1
58 683 -1
70 684 1
38 684 -1
70 685 1
46 685 -1
70 686 1
10 686 -1
70 687 1
79 687 -1
70 688 1
17 688 -1
70 689 1
75 689 -1
70 690 1
28 690 -1
70 691 1
77 691 -1
70 692 1
32 692 -1
70 693 1
26 693 -1
70 694 1
72 694 -1
70 695 1
29 695 -1
74 696 1
66 696 -1
74 697 1
17 697 -1
74 698 1
69 698 -1
74 699 1
46 699 -1
74 700 1
19 700 -1
74 701 1
58 701 -1
74 702 1
26 702 -1
74 703 1
9 703 -1
74 704 1
35 704 -1
74 705 1
63 705 -1
74 706 1
55 706 -1
74 707 1
72 707 -1
74 708 1
30 708 -1
74 709 1
37 709 -1
74 710 1
70 710 -1
74 711 1
24 711 -1
74 712 1
54 712 -1
74 713 1
61 713 -1
74 714 1
75 714 -1
74 715 1
38 715 -1
74 716 1
83 716 -1
74 717 1
76 717 -1
74 718 1
56 718 -1
74 719 1
73 719 -1
74 720 1
47 720 -1
74 721 1
53 721 -1
74 722 1
89 722 -1
74 723 1
43 723 -1
74 724 1
15 724 -1
74 725 1
77 725 -1
74 726 1
68 726 -1
74 727 1
59 727 -1
74 728 1
11 728 -1
74 729 1
8 729 -1
74 730 1
21 730 -1
74 731 1
27 731 -1
74 732 1
18 732 -1
74 733 1
87 733 -1
74 734 1
28 734 -1
74 735 1
44 735 -1
74 736 1
62 736 -1
74 737 1
65 737 -1
74 738 1
42 738 -1
74 739 1
50 739 -1
74 740 1
34 740 -1
74 741 1
45 741 -1
74 742 1
80 742 -1
74 743 1
67 743 -1
74 744 1
36 744 -1
74 745 1
40 745 -1
74 746 1
14 746 -1
74 747 1
79 747 -1
74 748 1
82 748 -1
74 749 1
22 749 -1
3 750 1
82 750 -1
3 751 1
11 751 -1
3 752 1
30 752 -1
3 753 1
80 753 -1
3 754 1
52 754 -1
3 755 1
22 755 -1
3 756 1
83 756 -1
3 757 1
77 757 -1
3 758 1
59 758 -1
3 759 1
87 759 -1
3 760 1
88 760 -1
3 761 1
47 761 -1
3 762 1
49 762 -1
3 763 1
18 763 -1
3 764 1
40 764 -1
3 765 1
25 765 -1
3 766 1
9 766 -1
3 767 1
10 767 -1
3 768 1
27 768 -1
3 769 1
15 769 -1
3 770 1
14 770 -1
3 771 1
36 771 -1
3 772 1
35 772 -1
3 773 1
60 773 -1
3 774 1
81 774 -1
3 775 1
19 775 -1
3 776 1
45 776 -1
3 777 1
31 777 -1
3 778 1
84 778 -1
3 779 1
57 779 -1
3 780 1
54 780 -1
3 781 1
61 781 -1
3 782 1
86 782 -1
3 783 1
29 783 -1
3 784 1
58 784 -1
3 785 1
53 785 -1
3 786 1
42 786 -1
3 787 1
75 787 -1
3 788 1
17 788 -1
3 789 1
28 789 -1
3 790 1
12 790 -1
3 791 1
71 791 -1
3 792 1
78 792 -1
3 793 1
26 793 -1
3 794 1
65 794 -1
3 795 1
38 795 -1
10 796 1
27 796 -1
10 797 1
20 797 -1
10 798 1
78 798 -1
10 799 1
19 799 -1
10 800 1
43 800 -1
10 801 1
28 801 -1
10 802 1
35 802 -1
10 803 1
65 803 -1
24 804 1
86 804 -1
24 805 1
28 805 -1
24 806 1
79 806 -1
24 807 1
17 807 -1
24 808 1
22 808 -1
24 809 1
72 809 -1
24 810 1
50 810 -1
24 811 1
32 811 -1
24 812 1
52 812 -1
24 813 1
74 813 -1
24 814 1
16 814 -1
24 815 1
37 815 -1
24 816 1
88 816 -1
24 817 1
25 817 -1
24 818 1
15 818 -1
24 819 1
23 819 -1
24 820 1
55 820 -1
24 821 1
46 821 -1
24 822 1
82 822 -1
24 823 1
71 823 -1
24 824 1
73 824 -1
24 825 1
56 825 -1
24 826 1
47 826 -1
24 827 1
12 827 -1
24 828 1
63 828 -1
24 829 1
29 829 -1
24 830 1
67 830 -1
24 831 1
76 831 -1
27 832 1
24 832 -1
27 833 1
71 833 -1
27 834 1
36 834 -1
27 835 1
76 835 -1
27 836 1
22 836 -1
27 837 1
64 837 -1
27 838 1
38 838 -1
27 839 1
13 839 -1
27 840 1
53 840 -1
27 841 1
42 841 -1
27 842 1
77 842 -1
27 843 1
18 843 -1
27 844 1
16 844 -1
27 845 1
86 845 -1
27 846 1
55 846 -1
27 847 1
17 847 -1
27 848 1
14 848 -1
27 849 1
59 849 -1
27 850 1
70 850 -1
28 851 1
49 851 -1
28 852 1
25 852 -1
28 853 1
77 853 -1
28 854 1
11 854 -1
28 855 1
27 855 -1
28 856 1
58 856 -1
28 857 1
64 857 -1
28 858 1
13 858 -1
28 859 1
84 859 -1
28 860 1
43 860 -1
28 861 1
76 861 -1
28 862 1
74 862 -1
28 863 1
46 863 -1
28 864 1
86 864 -1
28 865 1
26 865 -1
28 866 1
39 866 -1
28 867 1
54 867 -1
28 868 1
32 868 -1
28 869 1
89 869 -1
28 870 1
12 870 -1
28 871 1
71 871 -1
28 872 1
23 872 -1
28 873 1
9 873 -1
28 874 1
45 874 -1
28 875 1
16 875 -1
28 876 1
52 876 -1
28 877 1
33 877 -1
28 878 1
69 878 -1
28 879 1
87 879 -1
28 880 1
75 880 -1
28 881 1
51 881 -1
28 882 1
55 882 -1
28 883 1
21 883 -1
28 884 1
20 884 -1
28 885 1
17 885 -1
28 886 1
40 886 -1
28 887 1
61 887 -1
28 888 1
30 888 -1
28 889 1
10 889 -1
28 890 1
80 890 -1
28 891 1
72 891 -1
28 892 1
85 892 -1
28 893 1
78 893 -1
29 894 1
28 894 -1
29 895 1
87 895 -1
29 896 1
35 896 -1
29 897 1
8 897 -1
29 898 1
52 898 -1
29 899 1
41 899 -1
29 900 1
77 900 -1
29 901 1
69 901 -1
29 902 1
49 902 -1
29 903 1
78 903 -1
29 904 1
19 904 -1
29 905 1
57 905 -1
29 906 1
70 906 -1
32 907 1
63 907 -1
32 908 1
27 908 -1
32 909 1
19 909 -1
32 910 1
24 910 -1
32 911 1
21 911 -1
32 912 1
8 912 -1
32 913 1
61 913 -1
32 914 1
43 914 -1
32 915 1
66 915 -1
32 916 1
87 916 -1
32 917 1
40 917 -1
32 918 1
51 918 -1
32 919 1
83 919 -1
32 920 1
22 920 -1
32 921 1
58 921 -1
32 922 1
62 922 -1
32 923 1
47 923 -1
32 924 1
46 924 -1
32 925 1
67 925 -1
32 926 1
88 926 -1
32 927 1
68 927 -1
32 928 1
74 928 -1
32 929 1
70 929 -1
32 930 1
41 930 -1
32 931 1
10 931 -1
32 932 1
38 932 -1
32 933 1
84 933 -1
32 934 1
79 934 -1
32 935 1
52 935 -1
32 936 1
45 936 -1
44 937 1
60 937 -1
44 938 1
65 938 -1
44 939 1
68 939 -1
44 940 1
72 940 -1
44 941 1
79 941 -1
44 942 1
34 942 -1
44 943 1
64 943 -1
44 944 1
86 944 -1
44 945 1
69 945 -1
44 946 1
50 946 -1
44 947 1
43 947 -1
44 948 1
89 948 -1
44 949 1
57 949 -1
44 950 1
52 950 -1
44 951 1
58 951 -1
44 952 1
80 952 -1
44 953 1
32 953 -1
44 954 1
70 954 -1
44 955 1
47 955 -1
44 956 1
28 956 -1
44 957 1
87 957 -1
44 958 1
13 958 -1
44 959 1
27 959 -1
44 960 1
55 960 -1
44 961 1
30 961 -1
44 962 1
61 962 -1
44 963 1
71 963 -1
44 964 1
62 964 -1
44 965 1
31 965 -1
44 966 1
59 966 -1
44 967 1
45 967 -1
44 968 1
12 968 -1
44 969 1
15 969 -1
44 970 1
11 970 -1
44 971 1
75 971 -1
44 972 1
33 972 -1
44 973 1
46 973 -1
44 974 1
56 974 -1
44 975 1
48 975 -1
44 976 1
16 976 -1
44 977 1
82 977 -1
44 978 1
14 978 -1
44 979 1
42 979 -1
44 980 1
84 980 -1
44 981 1
39 981 -1
44 982 1
20 982 -1
44 983 1
88 983 -1
44 984 1
66 984 -1
44 985 1
23 985 -1
44 986 1
53 986 -1
44 987 1
78 987 -1
44 988 1
49 988 -1
44 989 1
17 989 -1
44 990 1
81 990 -1
44 991 1
10 991 -1
44 992 1
9 992 -1
44 993 1
38 993 -1
44 994 1
36 994 -1
44 995 1
77 995 -1
44 996 1
35 996 -1
44 997 1
19 997 -1
44 998 1
29 998 -1
44 999 1
73 999 -1
44 1000 1
24 1000 -1
44 1001 1
63 1001 -1
44 1002 1
18 1002 -1
44 1003 1
67 1003 -1
46 1004 1
29 1004 -1
46 1005 1
13 1005 -1
49 1006 1
54 1006 -1
49 1007 1
79 1007 -1
49 1008 1
21 1008 -1
49 1009 1
37 1009 -1
49 1010 1
42 1010 -1
49 1011 1
28 1011 -1
49 1012 1
11 1012 -1
49 1013 1
59 1013 -1
49 1014 1
32 1014 -1
49 1015 1
80 1015 -1
49 1016 1
45 1016 -1
49 1017 1
66 1017 -1
54 1018 1
64 1018 -1
54 1019 1
87 1019 -1
54 1020 1
37 1020 -1
54 1021 1
86 1021 -1
54 1022 1
57 1022 -1
54 1023 1
19 1023 -1
54 1024 1
81 1024 -1
54 1025 1
76 1025 -1
60 1026 1
32 1026 -1
60 1027 1
75 1027 -1
60 1028 1
88 1028 -1
60 1029 1
10 1029 -1
60 1030 1
84 1030 -1
60 1031 1
31 1031 -1
60 1032 1
20 1032 -1
60 1033 1
41 1033 -1
60 1034 1
86 1034 -1
60 1035 1
76 1035 -1
60 1036 1
14 1036 -1
60 1037 1
39 1037 -1
60 1038 1
45 1038 -1
60 1039 1
42 1039 -1
60 1040 1
59 1040 -1
60 1041 1
77 1041 -1
60 1042 1
11 1042 -1
60 1043 1
49 1043 -1
60 1044 1
37 1044 -1
60 1045 1
73 1045 -1
60 1046 1
68 1046 -1
60 1047 1
26 1047 -1
60 1048 1
82 1048 -1
60 1049 1
70 1049 -1
60 1050 1
43 1050 -1
60 1051 1
27 1051 -1
60 1052 1
12 1052 -1
60 1053 1
40 1053 -1
60 1054 1
63 1054 -1
60 1055 1
55 1055 -1
60 1056 1
50 1056 -1
60 1057 1
23 1057 -1
60 1058 1
29 1058 -1
60 1059 1
71 1059 -1
60 1060 1
52 1060 -1
60 1061 1
13 1061 -1
60 1062 1
58 1062 -1
60 1063 1
44 1063 -1
60 1064 1
65 1064 -1
60 1065 1
57 1065 -1
60 1066 1
62 1066 -1
60 1067 1
56 1067 -1
60 1068 1
66 1068 -1
60 1069 1
8 1069 -1
60 1070 1
19 1070 -1
60 1071 1
72 1071 -1
60 1072 1
47 1072 -1
60 1073 1
74 1073 -1
60 1074 1
64 1074 -1
60 1075 1
30 1075 -1
60 1076 1
48 1076 -1
60 1077 1
33 1077 -1
60 1078 1
16 1078 -1
60 1079 1
35 1079 -1
60 1080 1
85 1080 -1
63 1081 1
10 1081 -1
63 1082 1
43 1082 -1
63 1083 1
59 1083 -1
63 1084 1
27 1084 -1
63 1085 1
37 1085 -1
63 1086 1
20 1086 -1
63 1087 1
19 1087 -1
63 1088 1
39 1088 -1
63 1089 1
54 1089 -1
63 1090 1
68 1090 -1
63 1091 1
45 1091 -1
63 1092 1
31 1092 -1
64 1093 1
44 1093 -1
64 1094 1
72 1094 -1
64 1095 1
61 1095 -1
64 1096 1
43 1096 -1
64 1097 1
37 1097 -1
64 1098 1
30 1098 -1
64 1099 1
23 1099 -1
64 1100 1
65 1100 -1
64 1101 1
59 1101 -1
64 1102 1
67 1102 -1
64 1103 1
28 1103 -1
64 1104 1
8 1104 -1
64 1105 1
12 1105 -1
64 1106 1
85 1106 -1
64 1107 1
56 1107 -1
64 1108 1
53 1108 -1
64 1109 1
87 1109 -1
64 1110 1
77 1110 -1
64 1111 1
83 1111 -1
64 1112 1
41 1112 -1
64 1113 1
18 1113 -1
64 1114 1
39 1114 -1
64 1115 1
20 1115 -1
64 1116 1
54 1116 -1
64 1117 1
80 1117 -1
64 1118 1
52 1118 -1
64 1119 1
24 1119 -1
64 1120 1
32 1120 -1
64 1121 1
86 1121 -1
64 1122 1
75 1122 -1
64 1123 1
51 1123 -1
64 1124 1
33 1124 -1
64 1125 1
84 1125 -1
82 1126 1
46 1126 -1
82 1127 1
41 1127 -1
82 1128 1
33 1128 -1
82 1129 1
23 1129 -1
82 1130 1
69 1130 -1
82 1131 1
39 1131 -1
82 1132 1
19 1132 -1
4 1133 1
34 1133 -1
4 1134 1
24 1134 -1
4 1135 1
57 1135 -1
4 1136 1
35 1136 -1
4 1137 1
74 1137 -1
4 1138 1
75 1138 -1
4 1139 1
11 1139 -1
4 1140 1
26 1140 -1
4 1141 1
86 1141 -1
4 1142 1
23 1142 -1
4 1143 1
19 1143 -1
4 1144 1
83 1144 -1
4 1145 1
9 1145 -1
4 1146 1
15 1146 -1
4 1147 1
52 1147 -1
4 1148 1
18 1148 -1
4 1149 1
78 1149 -1
4 1150 1
56 1150 -1
4 1151 1
21 1151 -1
4 1152 1
38 1152 -1
4 1153 1
49 1153 -1
4 1154 1
25 1154 -1
4 1155 1
44 1155 -1
4 1156 1
12 1156 -1
4 1157 1
68 1157 -1
4 1158 1
53 1158 -1
4 1159 1
31 1159 -1
4 1160 1
63 1160 -1
4 1161 1
87 1161 -1
4 1162 1
59 1162 -1
4 1163 1
13 1163 -1
4 1164 1
80 1164 -1
4 1165 1
16 1165 -1
4 1166 1
10 1166 -1
4 1167 1
45 1167 -1
4 1168 1
48 1168 -1
4 1169 1
54 1169 -1
4 1170 1
77 1170 -1
4 1171 1
42 1171 -1
4 1172 1
67 1172 -1
4 1173 1
61 1173 -1
4 1174 1
81 1174 -1
4 1175 1
65 1175 -1
4 1176 1
88 1176 -1
4 1177 1
71 1177 -1
4 1178 1
85 1178 -1
4 1179 1
60 1179 -1
4 1180 1
76 1180 -1
4 1181 1
22 1181 -1
4 1182 1
62 1182 -1
4 1183 1
51 1183 -1
4 1184 1
69 1184 -1
4 1185 1
64 1185 -1
4 1186 1
50 1186 -1
13 1187 1
50 1187 -1
13 1188 1
18 1188 -1
13 1189 1
82 1189 -1
13 1190 1
62 1190 -1
13 1191 1
59 1191 -1
13 1192 1
83 1192 -1
13 1193 1
75 1193 -1
13 1194 1
78 1194 -1
13 1195 1
55 1195 -1
13 1196 1
12 1196 -1
13 1197 1
42 1197 -1
13 1198 1
65 1198 -1
13 1199 1
26 1199 -1
13 1200 1
36 1200 -1
13 1201 1
89 1201 -1
13 1202 1
29 1202 -1
13 1203 1
8 1203 -1
13 1204 1
87 1204 -1
13 1205 1
41 1205 -1
13 1206 1
48 1206 -1
13 1207 1
43 1207 -1
13 1208 1
22 1208 -1
13 1209 1
68 1209 -1
13 1210 1
81 1210 -1
13 1211 1
80 1211 -1
13 1212 1
51 1212 -1
13 1213 1
31 1213 -1
13 1214 1
69 1214 -1
13 1215 1
63 1215 -1
13 1216 1
64 1216 -1
13 1217 1
35 1217 -1
13 1218 1
85 1218 -1
13 1219 1
14 1219 -1
13 1220 1
44 1220 -1
13 1221 1
32 1221 -1
13 1222 1
57 1222 -1
14 1223 1
55 1223 -1
14 1224 1
52 1224 -1
14 1225 1
74 1225 -1
14 1226 1
61 1226 -1
14 1227 1
65 1227 -1
14 1228 1
15 1228 -1
14 1229 1
88 1229 -1
14 1230 1
17 1230 -1
14 1231 1
16 1231 -1
14 1232 1
78 1232 -1
14 1233 1
23 1233 -1
14 1234 1
71 1234 -1
14 1235 1
82 1235 -1
14 1236 1
43 1236 -1
14 1237 1
87 1237 -1
14 1238 1
37 1238 -1
14 1239 1
44 1239 -1
14 1240 1
77 1240 -1
17 1241 1
89 1241 -1
17 1242 1
60 1242 -1
17 1243 1
14 1243 -1
17 1244 1
20 1244 -1
17 1245 1
49 1245 -1
17 1246 1
77 1246 -1
17 1247 1
26 1247 -1
17 1248 1
56 1248 -1
17 1249 1
78 1249 -1
17 1250 1
36 1250 -1
17 1251 1
79 1251 -1
17 1252 1
74 1252 -1
17 1253 1
46 1253 -1
17 1254 1
81 1254 -1
17 1255 1
52 1255 -1
17 1256 1
8 1256 -1
17 1257 1
58 1257 -1
17 1258 1
31 1258 -1
17 1259 1
82 1259 -1
17 1260 1
66 1260 -1
17 1261 1
37 1261 -1
17 1262 1
70 1262 -1
17 1263 1
38 1263 -1
17 1264 1
75 1264 -1
17 1265 1
22 1265 -1
17 1266 1
85 1266 -1
17 1267 1
87 1267 -1
17 1268 1
50 1268 -1
17 1269 1
13 1269 -1
17 1270 1
65 1270 -1
17 1271 1
68 1271 -1
17 1272 1
51 1272 -1
17 1273 1
41 1273 -1
25 1274 1
14 1274 -1
25 1275 1
15 1275 -1
25 1276 1
70 1276 -1
25 1277 1
84 1277 -1
25 1278 1
86 1278 -1
25 1279 1
83 1279 -1
25 1280 1
37 1280 -1
25 1281 1
40 1281 -1
25 1282 1
75 1282 -1
25 1283 1
74 1283 -1
25 1284 1
17 1284 -1
25 1285 1
31 1285 -1
25 1286 1
85 1286 -1
25 1287 1
79 1287 -1
25 1288 1
80 1288 -1
25 1289 1
10 1289 -1
25 1290 1
43 1290 -1
25 1291 1
12 1291 -1
25 1292 1
65 1292 -1
25 1293 1
44 1293 -1
25 1294 1
57 1294 -1
25 1295 1
32 1295 -1
25 1296 1
29 1296 -1
25 1297 1
50 1297 -1
25 1298 1
34 1298 -1
25 1299 1
58 1299 -1
25 1300 1
41 1300 -1
25 1301 1
51 1301 -1
25 1302 1
22 1302 -1
25 1303 1
69 1303 -1
25 1304 1
48 1304 -1
25 1305 1
82 1305 -1
25 1306 1
64 1306 -1
25 1307 1
60 1307 -1
25 1308 1
56 1308 -1
25 1309 1
63 1309 -1
25 1310 1
9 1310 -1
25 1311 1
81 1311 -1
25 1312 1
76 1312 -1
34 1313 1
45 1313 -1
34 1314 1
18 1314 -1
34 1315 1
49 1315 -1
34 1316 1
41 1316 -1
34 1317 1
72 1317 -1
34 1318 1
83 1318 -1
34 1319 1
64 1319 -1
34 1320 1
8 1320 -1
34 1321 1
13 1321 -1
34 1322 1
47 1322 -1
34 1323 1
30 1323 -1
34 1324 1
68 1324 -1
34 1325 1
89 1325 -1
34 1326 1
66 1326 -1
34 1327 1
54 1327 -1
34 1328 1
32 1328 -1
34 1329 1
37 1329 -1
34 1330 1
75 1330 -1
34 1331 1
77 1331 -1
34 1332 1
14 1332 -1
34 1333 1
82 1333 -1
34 1334 1
71 1334 -1
34 1335 1
17 1335 -1
34 1336 1
22 1336 -1
34 1337 1
88 1337 -1
34 1338 1
15 1338 -1
34 1339 1
59 1339 -1
34 1340 1
55 1340 -1
42 1341 1
25 1341 -1
42 1342 1
19 1342 -1
42 1343 1
65 1343 -1
42 1344 1
34 1344 -1
42 1345 1
12 1345 -1
42 1346 1
64 1346 -1
42 1347 1
20 1347 -1
42 1348 1
85 1348 -1
42 1349 1
9 1349 -1
42 1350 1
58 1350 -1
42 1351 1
54 1351 -1
42 1352 1
67 1352 -1
42 1353 1
21 1353 -1
42 1354 1
39 1354 -1
42 1355 1
89 1355 -1
42 1356 1
35 1356 -1
42 1357 1
16 1357 -1
42 1358 1
44 1358 -1
42 1359 1
27 1359 -1
42 1360 1
79 1360 -1
42 1361 1
31 1361 -1
42 1362 1
61 1362 -1
42 1363 1
84 1363 -1
42 1364 1
62 1364 -1
42 1365 1
41 1365 -1
42 1366 1
81 1366 -1
42 1367 1
30 1367 -1
42 1368 1
50 1368 -1
45 1369 1
61 1369 -1
45 1370 1
82 1370 -1
45 1371 1
54 1371 -1
45 1372 1
32 1372 -1
45 1373 1
34 1373 -1
45 1374 1
67 1374 -1
45 1375 1
58 1375 -1
45 1376 1
80 1376 -1
45 1377 1
59 1377 -1
45 1378 1
89 1378 -1
45 1379 1
71 1379 -1
45 1380 1
12 1380 -1
45 1381 1
87 1381 -1
45 1382 1
52 1382 -1
45 1383 1
14 1383 -1
45 1384 1
57 1384 -1
45 1385 1
28 1385 -1
45 1386 1
47 1386 -1
45 1387 1
48 1387 -1
45 1388 1
66 1388 -1
45 1389 1
50 1389 -1
45 1390 1
41 1390 -1
45 1391 1
63 1391 -1
45 1392 1
84 1392 -1
45 1393 1
56 1393 -1
45 1394 1
75 1394 -1
45 1395 1
23 1395 -1
45 1396 1
78 1396 -1
45 1397 1
29 1397 -1
45 1398 1
18 1398 -1
45 1399 1
86 1399 -1
45 1400 1
64 1400 -1
45 1401 1
31 1401 -1
45 1402 1
77 1402 -1
45 1403 1
74 1403 -1
45 1404 1
73 1404 -1
45 1405 1
35 1405 -1
45 1406 1
24 1406 -1
45 1407 1
21 1407 -1
45 1408 1
51 1408 -1
45 1409 1
72 1409 -1
45 1410 1
8 1410 -1
45 1411 1
49 1411 -1
45 1412 1
9 1412 -1
45 1413 1
13 1413 -1
45 1414 1
65 1414 -1
45 1415 1
83 1415 -1
45 1416 1
17 1416 -1
45 1417 1
55 1417 -1
45 1418 1
16 1418 -1
45 1419 1
44 1419 -1
45 1420 1
39 1420 -1
45 1421 1
40 1421 -1
45 1422 1
42 1422 -1
45 1423 1
26 1423 -1
45 1424 1
19 1424 -1
45 1425 1
62 1425 -1
45 1426 1
60 1426 -1
45 1427 1
68 1427 -1
45 1428 1
15 1428 -1
50 1429 1
17 1429 -1
50 1430 1
48 1430 -1
50 1431 1
26 1431 -1
50 1432 1
83 1432 -1
50 1433 1
56 1433 -1
50 1434 1
71 1434 -1
50 1435 1
72 1435 -1
50 1436 1
89 1436 -1
50 1437 1
45 1437 -1
50 1438 1
14 1438 -1
50 1439 1
57 1439 -1
50 1440 1
81 1440 -1
50 1441 1
82 1441 -1
50 1442 1
86 1442 -1
50 1443 1
47 1443 -1
50 1444 1
32 1444 -1
50 1445 1
38 1445 -1
50 1446 1
51 1446 -1
50 1447 1
41 1447 -1
50 1448 1
53 1448 -1
50 1449 1
46 1449 -1
50 1450 1
73 1450 -1
50 1451 1
11 1451 -1
50 1452 1
65 1452 -1
50 1453 1
10 1453 -1
50 1454 1
19 1454 -1
50 1455 1
40 1455 -1
50 1456 1
22 1456 -1
50 1457 1
63 1457 -1
50 1458 1
23 1458 -1
50 1459 1
85 1459 -1
50 1460 1
77 1460 -1
50 1461 1
44 1461 -1
50 1462 1
33 1462 -1
50 1463 1
20 1463 -1
50 1464 1
21 1464 -1
50 1465 1
80 1465 -1
50 1466 1
13 1466 -1
50 1467 1
35 1467 -1
50 1468 1
49 1468 -1
50 1469 1
61 1469 -1
50 1470 1
67 1470 -1
50 1471 1
74 1471 -1
50 1472 1
70 1472 -1
50 1473 1
59 1473 -1
50 1474 1
31 1474 -1
50 1475 1
84 1475 -1
50 1476 1
75 1476 -1
50 1477 1
69 1477 -1
50 1478 1
62 1478 -1
50 1479 1
68 1479 -1
50 1480 1
15 1480 -1
50 1481 1
12 1481 -1
50 1482 1
54 1482 -1
50 1483 1
78 1483 -1
50 1484 1
30 1484 -1
50 1485 1
36 1485 -1
50 1486 1
8 1486 -1
50 1487 1
27 1487 -1
50 1488 1
9 1488 -1
50 1489 1
25 1489 -1
50 1490 1
42 1490 -1
50 1491 1
28 1491 -1
55 1492 1
62 1492 -1
55 1493 1
16 1493 -1
55 1494 1
34 1494 -1
55 1495 1
32 1495 -1
55 1496 1
71 1496 -1
55 1497 1
50 1497 -1
55 1498 1
28 1498 -1
55 1499 1
19 1499 -1
55 1500 1
67 1500 -1
55 1501 1
25 1501 -1
55 1502 1
36 1502 -1
55 1503 1
64 1503 -1
55 1504 1
9 1504 -1
55 1505 1
13 1505 -1
55 1506 1
66 1506 -1
55 1507 1
44 1507 -1
55 1508 1
79 1508 -1
55 1509 1
24 1509 -1
55 1510 1
59 1510 -1
55 1511 1
76 1511 -1
55 1512 1
46 1512 -1
55 1513 1
30 1513 -1
55 1514 1
84 1514 -1
55 1515 1
53 1515 -1
55 1516 1
69 1516 -1
55 1517 1
51 1517 -1
55 1518 1
88 1518 -1
55 1519 1
52 1519 -1
55 1520 1
10 1520 -1
55 1521 1
86 1521 -1
55 1522 1
37 1522 -1
55 1523 1
81 1523 -1
55 1524 1
45 1524 -1
55 1525 1
39 1525 -1
55 1526 1
75 1526 -1
55 1527 1
82 1527 -1
55 1528 1
14 1528 -1
55 1529 1
48 1529 -1
55 1530 1
73 1530 -1
55 1531 1
23 1531 -1
55 1532 1
49 1532 -1
55 1533 1
8 1533 -1
55 1534 1
56 1534 -1
55 1535 1
63 1535 -1
55 1536 1
61 1536 -1
55 1537 1
83 1537 -1
55 1538 1
80 1538 -1
55 1539 1
58 1539 -1
55 1540 1
60 1540 -1
55 1541 1
43 1541 -1
55 1542 1
33 1542 -1
61 1543 1
42 1543 -1
61 1544 1
86 1544 -1
61 1545 1
12 1545 -1
61 1546 1
78 1546 -1
61 1547 1
85 1547 -1
61 1548 1
80 1548 -1
61 1549 1
49 1549 -1
61 1550 1
76 1550 -1
61 1551 1
84 1551 -1
61 1552 1
55 1552 -1
61 1553 1
19 1553 -1
61 1554 1
83 1554 -1
61 1555 1
67 1555 -1
61 1556 1
45 1556 -1
61 1557 1
9 1557 -1
61 1558 1
74 1558 -1
62 1559 1
13 1559 -1
62 1560 1
69 1560 -1
62 1561 1
84 1561 -1
62 1562 1
53 1562 -1
62 1563 1
82 1563 -1
5 1564 1
15 1564 -1
5 1565 1
61 1565 -1
5 1566 1
56 1566 -1
5 1567 1
36 1567 -1
5 1568 1
24 1568 -1
5 1569 1
16 1569 -1
5 1570 1
46 1570 -1
5 1571 1
42 1571 -1
5 1572 1
51 1572 -1
5 1573 1
62 1573 -1
5 1574 1
66 1574 -1
5 1575 1
13 1575 -1
5 1576 1
72 1576 -1
5 1577 1
45 1577 -1
5 1578 1
80 1578 -1
5 1579 1
79 1579 -1
5 1580 1
35 1580 -1
5 1581 1
37 1581 -1
5 1582 1
27 1582 -1
5 1583 1
8 1583 -1
5 1584 1
78 1584 -1
5 1585 1
81 1585 -1
5 1586 1
23 1586 -1
5 1587 1
38 1587 -1
5 1588 1
67 1588 -1
5 1589 1
43 1589 -1
5 1590 1
22 1590 -1
5 1591 1
32 1591 -1
5 1592 1
86 1592 -1
5 1593 1
65 1593 -1
5 1594 1
55 1594 -1
5 1595 1
85 1595 -1
5 1596 1
12 1596 -1
5 1597 1
41 1597 -1
5 1598 1
33 1598 -1
5 1599 1
49 1599 -1
5 1600 1
50 1600 -1
5 1601 1
9 1601 -1
5 1602 1
71 1602 -1
5 1603 1
84 1603 -1
5 1604 1
73 1604 -1
5 1605 1
25 1605 -1
5 1606 1
69 1606 -1
5 1607 1
52 1607 -1
5 1608 1
59 1608 -1
5 1609 1
76 1609 -1
5 1610 1
47 1610 -1
5 1611 1
20 1611 -1
5 1612 1
14 1612 -1
5 1613 1
82 1613 -1
5 1614 1
11 1614 -1
5 1615 1
34 1615 -1
5 1616 1
77 1616 -1
5 1617 1
74 1617 -1
5 1618 1
83 1618 -1
5 1619 1
68 1619 -1
5 1620 1
70 1620 -1
5 1621 1
48 1621 -1
5 1622 1
21 1622 -1
5 1623 1
63 1623 -1
5 1624 1
57 1624 -1
15 1625 1
78 1625 -1
15 1626 1
82 1626 -1
15 1627 1
59 1627 -1
15 1628 1
12 1628 -1
15 1629 1
83 1629 -1
15 1630 1
11 1630 -1
15 1631 1
16 1631 -1
15 1632 1
73 1632 -1
15 1633 1
57 1633 -1
15 1634 1
19 1634 -1
15 1635 1
86 1635 -1
15 1636 1
69 1636 -1
15 1637 1
17 1637 -1
15 1638 1
39 1638 -1
15 1639 1
66 1639 -1
15 1640 1
24 1640 -1
15 1641 1
89 1641 -1
15 1642 1
18 1642 -1
15 1643 1
44 1643 -1
15 1644 1
75 1644 -1
15 1645 1
22 1645 -1
15 1646 1
9 1646 -1
15 1647 1
68 1647 -1
15 1648 1
80 1648 -1
15 1649 1
54 1649 -1
15 1650 1
13 1650 -1
15 1651 1
23 1651 -1
15 1652 1
35 1652 -1
15 1653 1
36 1653 -1
15 1654 1
84 1654 -1
15 1655 1
51 1655 -1
15 1656 1
72 1656 -1
15 1657 1
81 1657 -1
15 1658 1
14 1658 -1
15 1659 1
63 1659 -1
15 1660 1
49 1660 -1
15 1661 1
64 1661 -1
15 1662 1
70 1662 -1
15 1663 1
65 1663 -1
15 1664 1
71 1664 -1
15 1665 1
62 1665 -1
15 1666 1
30 1666 -1
15 1667 1
88 1667 -1
15 1668 1
34 1668 -1
15 1669 1
41 1669 -1
15 1670 1
67 1670 -1
15 1671 1
29 1671 -1
15 1672 1
32 1672 -1
15 1673 1
33 1673 -1
15 1674 1
8 1674 -1
15 1675 1
52 1675 -1
15 1676 1
76 1676 -1
15 1677 1
42 1677 -1
15 1678 1
46 1678 -1
15 1679 1
45 1679 -1
15 1680 1
79 1680 -1
15 1681 1
20 1681 -1
15 1682 1
28 1682 -1
15 1683 1
26 1683 -1
15 1684 1
85 1684 -1
15 1685 1
74 1685 -1
15 1686 1
38 1686 -1
15 1687 1
60 1687 -1
15 1688 1
58 1688 -1
15 1689 1
47 1689 -1
15 1690 1
31 1690 -1
15 1691 1
61 1691 -1
15 1692 1
56 1692 -1
15 1693 1
55 1693 -1
15 1694 1
40 1694 -1
15 1695 1
43 1695 -1
15 1696 1
21 1696 -1
18 1697 1
76 1697 -1
18 1698 1
24 1698 -1
18 1699 1
42 1699 -1
18 1700 1
65 1700 -1
18 1701 1
59 1701 -1
18 1702 1
87 1702 -1
18 1703 1
68 1703 -1
18 1704 1
35 1704 -1
18 1705 1
56 1705 -1
18 1706 1
28 1706 -1
18 1707 1
61 1707 -1
18 1708 1
8 1708 -1
18 1709 1
60 1709 -1
18 1710 1
77 1710 -1
18 1711 1
70 1711 -1
18 1712 1
39 1712 -1
18 1713 1
88 1713 -1
19 1714 1
18 1714 -1
19 1715 1
16 1715 -1
19 1716 1
14 1716 -1
19 1717 1
26 1717 -1
19 1718 1
85 1718 -1
19 1719 1
47 1719 -1
19 1720 1
52 1720 -1
19 1721 1
10 1721 -1
19 1722 1
56 1722 -1
19 1723 1
39 1723 -1
19 1724 1
60 1724 -1
19 1725 1
62 1725 -1
19 1726 1
36 1726 -1
19 1727 1
9 1727 -1
19 1728 1
77 1728 -1
19 1729 1
66 1729 -1
19 1730 1
58 1730 -1
19 1731 1
30 1731 -1
19 1732 1
45 1732 -1
19 1733 1
42 1733 -1
19 1734 1
51 1734 -1
19 1735 1
13 1735 -1
19 1736 1
48 1736 -1
19 1737 1
29 1737 -1
19 1738 1
44 1738 -1
19 1739 1
74 1739 -1
19 1740 1
72 1740 -1
19 1741 1
75 1741 -1
19 1742 1
55 1742 -1
19 1743 1
71 1743 -1
19 1744 1
8 1744 -1
19 1745 1
43 1745 -1
19 1746 1
57 1746 -1
19 1747 1
88 1747 -1
19 1748 1
33 1748 -1
19 1749 1
81 1749 -1
19 1750 1
65 1750 -1
19 1751 1
54 1751 -1
19 1752 1
46 1752 -1
33 1753 1
52 1753 -1
33 1754 1
39 1754 -1
33 1755 1
46 1755 -1
33 1756 1
80 1756 -1
33 1757 1
83 1757 -1
33 1758 1
26 1758 -1
52 1759 1
73 1759 -1
52 1760 1
21 1760 -1
52 1761 1
59 1761 -1
52 1762 1
41 1762 -1
52 1763 1
26 1763 -1
52 1764 1
14 1764 -1
52 1765 1
58 1765 -1
52 1766 1
43 1766 -1
52 1767 1
24 1767 -1
52 1768 1
53 1768 -1
52 1769 1
62 1769 -1
52 1770 1
36 1770 -1
52 1771 1
47 1771 -1
52 1772 1
81 1772 -1
52 1773 1
17 1773 -1
52 1774 1
56 1774 -1
52 1775 1
37 1775 -1
52 1776 1
84 1776 -1
52 1777 1
72 1777 -1
52 1778 1
18 1778 -1
52 1779 1
66 1779 -1
52 1780 1
23 1780 -1
52 1781 1
33 1781 -1
52 1782 1
46 1782 -1
52 1783 1
54 1783 -1
52 1784 1
25 1784 -1
52 1785 1
11 1785 -1
52 1786 1
35 1786 -1
52 1787 1
48 1787 -1
52 1788 1
40 1788 -1
52 1789 1
30 1789 -1
52 1790 1
64 1790 -1
52 1791 1
49 1791 -1
52 1792 1
74 1792 -1
52 1793 1
87 1793 -1
52 1794 1
15 1794 -1
52 1795 1
83 1795 -1
52 1796 1
29 1796 -1
52 1797 1
39 1797 -1
52 1798 1
55 1798 -1
52 1799 1
42 1799 -1
52 1800 1
68 1800 -1
52 1801 1
79 1801 -1
52 1802 1
12 1802 -1
52 1803 1
65 1803 -1
52 1804 1
28 1804 -1
52 1805 1
51 1805 -1
52 1806 1
85 1806 -1
52 1807 1
31 1807 -1
52 1808 1
10 1808 -1
52 1809 1
86 1809 -1
52 1810 1
57 1810 -1
52 1811 1
45 1811 -1
52 1812 1
69 1812 -1
52 1813 1
34 1813 -1
52 1814 1
44 1814 -1
52 1815 1
80 1815 -1
52 1816 1
61 1816 -1
52 1817 1
20 1817 -1
52 1818 1
22 1818 -1
52 1819 1
27 1819 -1
52 1820 1
88 1820 -1
52 1821 1
13 1821 -1
52 1822 1
75 1822 -1
73 1823 1
19 1823 -1
73 1824 1
67 1824 -1
73 1825 1
59 1825 -1
73 1826 1
23 1826 -1
73 1827 1
81 1827 -1
73 1828 1
13 1828 -1
73 1829 1
39 1829 -1
73 1830 1
65 1830 -1
73 1831 1
52 1831 -1
73 1832 1
9 1832 -1
73 1833 1
46 1833 -1
73 1834 1
66 1834 -1
73 1835 1
42 1835 -1
73 1836 1
43 1836 -1
73 1837 1
31 1837 -1
73 1838 1
15 1838 -1
73 1839 1
83 1839 -1
73 1840 1
76 1840 -1
73 1841 1
88 1841 -1
73 1842 1
32 1842 -1
73 1843 1
69 1843 -1
73 1844 1
57 1844 -1
73 1845 1
18 1845 -1
73 1846 1
51 1846 -1
73 1847 1
12 1847 -1
73 1848 1
64 1848 -1
73 1849 1
75 1849 -1
73 1850 1
17 1850 -1
73 1851 1
40 1851 -1
73 1852 1
10 1852 -1
73 1853 1
36 1853 -1
73 1854 1
82 1854 -1
73 1855 1
27 1855 -1
73 1856 1
77 1856 -1
73 1857 1
78 1857 -1
73 1858 1
45 1858 -1
73 1859 1
35 1859 -1
73 1860 1
25 1860 -1
73 1861 1
85 1861 -1
73 1862 1
8 1862 -1
73 1863 1
55 1863 -1
73 1864 1
80 1864 -1
73 1865 1
89 1865 -1
73 1866 1
53 1866 -1
73 1867 1
63 1867 -1
73 1868 1
79 1868 -1
73 1869 1
86 1869 -1
73 1870 1
14 1870 -1
73 1871 1
74 1871 -1
73 1872 1
49 1872 -1
73 1873 1
22 1873 -1
73 1874 1
29 1874 -1
76 1875 1
87 1875 -1
76 1876 1
57 1876 -1
76 1877 1
70 1877 -1
76 1878 1
46 1878 -1
76 1879 1
59 1879 -1
76 1880 1
11 1880 -1
76 1881 1
44 1881 -1
76 1882 1
28 1882 -1
76 1883 1
22 1883 -1
76 1884 1
49 1884 -1
76 1885 1
20 1885 -1
76 1886 1
54 1886 -1
76 1887 1
24 1887 -1
76 1888 1
61 1888 -1
76 1889 1
56 1889 -1
76 1890 1
12 1890 -1
76 1891 1
43 1891 -1
76 1892 1
29 1892 -1
76 1893 1
35 1893 -1
76 1894 1
36 1894 -1
76 1895 1
9 1895 -1
76 1896 1
69 1896 -1
76 1897 1
71 1897 -1
76 1898 1
14 1898 -1
76 1899 1
68 1899 -1
76 1900 1
38 1900 -1
76 1901 1
60 1901 -1
76 1902 1
62 1902 -1
76 1903 1
83 1903 -1
76 1904 1
18 1904 -1
76 1905 1
19 1905 -1
76 1906 1
55 1906 -1
76 1907 1
89 1907 -1
76 1908 1
58 1908 -1
76 1909 1
26 1909 -1
76 1910 1
53 1910 -1
76 1911 1
30 1911 -1
76 1912 1
10 1912 -1
76 1913 1
86 1913 -1
76 1914 1
65 1914 -1
76 1915 1
13 1915 -1
78 1916 1
33 1916 -1
78 1917 1
88 1917 -1
78 1918 1
54 1918 -1
78 1919 1
10 1919 -1
78 1920 1
74 1920 -1
78 1921 1
79 1921 -1
78 1922 1
64 1922 -1
78 1923 1
45 1923 -1
78 1924 1
32 1924 -1
78 1925 1
44 1925 -1
78 1926 1
51 1926 -1
78 1927 1
57 1927 -1
78 1928 1
38 1928 -1
78 1929 1
36 1929 -1
78 1930 1
59 1930 -1
78 1931 1
11 1931 -1
78 1932 1
47 1932 -1
78 1933 1
27 1933 -1
78 1934 1
43 1934 -1
78 1935 1
35 1935 -1
78 1936 1
42 1936 -1
78 1937 1
58 1937 -1
78 1938 1
8 1938 -1
78 1939 1
73 1939 -1
78 1940 1
14 1940 -1
78 1941 1
67 1941 -1
78 1942 1
23 1942 -1
78 1943 1
25 1943 -1
78 1944 1
34 1944 -1
78 1945 1
72 1945 -1
78 1946 1
60 1946 -1
78 1947 1
86 1947 -1
78 1948 1
65 1948 -1
78 1949 1
75 1949 -1
78 1950 1
85 1950 -1
78 1951 1
81 1951 -1
78 1952 1
12 1952 -1
78 1953 1
71 1953 -1
78 1954 1
18 1954 -1
78 1955 1
37 1955 -1
78 1956 1
63 1956 -1
78 1957 1
83 1957 -1
78 1958 1
77 1958 -1
78 1959 1
62 1959 -1
78 1960 1
21 1960 -1
78 1961 1
56 1961 -1
78 1962 1
82 1962 -1
78 1963 1
30 1963 -1
78 1964 1
26 1964 -1
78 1965 1
52 1965 -1
78 1966 1
13 1966 -1
78 1967 1
22 1967 -1
78 1968 1
84 1968 -1
78 1969 1
19 1969 -1
78 1970 1
53 1970 -1
78 1971 1
15 1971 -1
78 1972 1
46 1972 -1
78 1973 1
55 1973 -1
78 1974 1
16 1974 -1
78 1975 1
61 1975 -1
78 1976 1
69 1976 -1
78 1977 1
89 1977 -1
78 1978 1
41 1978 -1
78 1979 1
80 1979 -1
78 1980 1
29 1980 -1
78 1981 1
70 1981 -1
78 1982 1
39 1982 -1
78 1983 1
24 1983 -1
78 1984 1
66 1984 -1
78 1985 1
31 1985 -1
78 1986 1
68 1986 -1
78 1987 1
40 1987 -1
6 1988 1
65 1988 -1
6 1989 1
40 1989 -1
6 1990 1
14 1990 -1
6 1991 1
57 1991 -1
6 1992 1
20 1992 -1
6 1993 1
81 1993 -1
6 1994 1
58 1994 -1
6 1995 1
21 1995 -1
6 1996 1
13 1996 -1
6 1997 1
36 1997 -1
6 1998 1
32 1998 -1
6 1999 1
35 1999 -1
6 2000 1
80 2000 -1
6 2001 1
10 2001 -1
6 2002 1
76 2002 -1
6 2003 1
87 2003 -1
6 2004 1
71 2004 -1
6 2005 1
72 2005 -1
6 2006 1
22 2006 -1
6 2007 1
28 2007 -1
6 2008 1
82 2008 -1
6 2009 1
18 2009 -1
6 2010 1
33 2010 -1
6 2011 1
79 2011 -1
6 2012 1
67 2012 -1
6 2013 1
64 2013 -1
6 2014 1
53 2014 -1
6 2015 1
48 2015 -1
6 2016 1
70 2016 -1
6 2017 1
34 2017 -1
6 2018 1
39 2018 -1
6 2019 1
83 2019 -1
6 2020 1
59 2020 -1
6 2021 1
74 2021 -1
6 2022 1
68 2022 -1
6 2023 1
78 2023 -1
6 2024 1
60 2024 -1
6 2025 1
47 2025 -1
6 2026 1
38 2026 -1
6 2027 1
43 2027 -1
6 2028 1
63 2028 -1
6 2029 1
77 2029 -1
6 2030 1
12 2030 -1
6 2031 1
88 2031 -1
6 2032 1
25 2032 -1
6 2033 1
52 2033 -1
6 2034 1
51 2034 -1
6 2035 1
8 2035 -1
6 2036 1
29 2036 -1
6 2037 1
84 2037 -1
6 2038 1
19 2038 -1
6 2039 1
56 2039 -1
6 2040 1
54 2040 -1
6 2041 1
31 2041 -1
6 2042 1
27 2042 -1
6 2043 1
50 2043 -1
6 2044 1
55 2044 -1
6 2045 1
11 2045 -1
6 2046 1
46 2046 -1
6 2047 1
24 2047 -1
6 2048 1
44 2048 -1
6 2049 1
73 2049 -1
6 2050 1
16 2050 -1
6 2051 1
26 2051 -1
6 2052 1
15 2052 -1
6 2053 1
86 2053 -1
6 2054 1
17 2054 -1
6 2055 1
9 2055 -1
6 2056 1
61 2056 -1
6 2057 1
85 2057 -1
6 2058 1
49 2058 -1
8 2059 1
40 2059 -1
8 2060 1
19 2060 -1
8 2061 1
81 2061 -1
8 2062 1
15 2062 -1
8 2063 1
9 2063 -1
8 2064 1
26 2064 -1
8 2065 1
17 2065 -1
8 2066 1
64 2066 -1
8 2067 1
66 2067 -1
8 2068 1
46 2068 -1
8 2069 1
50 2069 -1
8 2070 1
37 2070 -1
8 2071 1
79 2071 -1
8 2072 1
52 2072 -1
8 2073 1
13 2073 -1
8 2074 1
61 2074 -1
8 2075 1
30 2075 -1
8 2076 1
49 2076 -1
8 2077 1
77 2077 -1
8 2078 1
78 2078 -1
8 2079 1
68 2079 -1
8 2080 1
60 2080 -1
8 2081 1
47 2081 -1
8 2082 1
33 2082 -1
8 2083 1
88 2083 -1
8 2084 1
36 2084 -1
8 2085 1
56 2085 -1
8 2086 1
80 2086 -1
8 2087 1
44 2087 -1
8 2088 1
89 2088 -1
8 2089 1
69 2089 -1
8 2090 1
28 2090 -1
8 2091 1
70 2091 -1
8 2092 1
10 2092 -1
8 2093 1
23 2093 -1
8 2094 1
16 2094 -1
8 2095 1
29 2095 -1
8 2096 1
59 2096 -1
8 2097 1
87 2097 -1
8 2098 1
22 2098 -1
8 2099 1
58 2099 -1
8 2100 1
75 2100 -1
8 2101 1
24 2101 -1
8 2102 1
42 2102 -1
8 2103 1
54 2103 -1
8 2104 1
39 2104 -1
8 2105 1
76 2105 -1
8 2106 1
45 2106 -1
8 2107 1
72 2107 -1
8 2108 1
11 2108 -1
8 2109 1
41 2109 -1
8 2110 1
27 2110 -1
8 2111 1
67 2111 -1
8 2112 1
74 2112 -1
8 2113 1
55 2113 -1
8 2114 1
35 2114 -1
8 2115 1
31 2115 -1
8 2116 1
38 2116 -1
8 2117 1
85 2117 -1
8 2118 1
57 2118 -1
12 2119 1
83 2119 -1
12 2120 1
30 2120 -1
12 2121 1
61 2121 -1
12 2122 1
82 2122 -1
12 2123 1
27 2123 -1
12 2124 1
49 2124 -1
12 2125 1
24 2125 -1
12 2126 1
46 2126 -1
12 2127 1
35 2127 -1
12 2128 1
14 2128 -1
12 2129 1
53 2129 -1
12 2130 1
54 2130 -1
12 2131 1
60 2131 -1
12 2132 1
48 2132 -1
12 2133 1
21 2133 -1
12 2134 1
79 2134 -1
12 2135 1
55 2135 -1
12 2136 1
41 2136 -1
22 2137 1
57 2137 -1
22 2138 1
45 2138 -1
22 2139 1
74 2139 -1
22 2140 1
34 2140 -1
22 2141 1
50 2141 -1
22 2142 1
37 2142 -1
22 2143 1
77 2143 -1
22 2144 1
66 2144 -1
22 2145 1
75 2145 -1
22 2146 1
51 2146 -1
22 2147 1
20 2147 -1
22 2148 1
86 2148 -1
22 2149 1
48 2149 -1
22 2150 1
71 2150 -1
22 2151 1
27 2151 -1
22 2152 1
43 2152 -1
22 2153 1
10 2153 -1
22 2154 1
61 2154 -1
22 2155 1
33 2155 -1
22 2156 1
72 2156 -1
22 2157 1
39 2157 -1
22 2158 1
32 2158 -1
22 2159 1
53 2159 -1
22 2160 1
55 2160 -1
22 2161 1
67 2161 -1
22 2162 1
56 2162 -1
22 2163 1
46 2163 -1
22 2164 1
69 2164 -1
22 2165 1
88 2165 -1
22 2166 1
47 2166 -1
22 2167 1
40 2167 -1
22 2168 1
83 2168 -1
22 2169 1
41 2169 -1
22 2170 1
82 2170 -1
22 2171 1
49 2171 -1
22 2172 1
26 2172 -1
22 2173 1
76 2173 -1
22 2174 1
18 2174 -1
36 2175 1
67 2175 -1
36 2176 1
27 2176 -1
36 2177 1
61 2177 -1
36 2178 1
88 2178 -1
36 2179 1
43 2179 -1
36 2180 1
31 2180 -1
36 2181 1
34 2181 -1
36 2182 1
69 2182 -1
36 2183 1
20 2183 -1
36 2184 1
72 2184 -1
36 2185 1
52 2185 -1
36 2186 1
81 2186 -1
36 2187 1
46 2187 -1
36 2188 1
24 2188 -1
36 2189 1
21 2189 -1
40 2190 1
53 2190 -1
40 2191 1
69 2191 -1
40 2192 1
79 2192 -1
40 2193 1
83 2193 -1
40 2194 1
75 2194 -1
41 2195 1
12 2195 -1
41 2196 1
27 2196 -1
41 2197 1
34 2197 -1
41 2198 1
11 2198 -1
41 2199 1
24 2199 -1
47 2200 1
58 2200 -1
47 2201 1
88 2201 -1
47 2202 1
46 2202 -1
47 2203 1
41 2203 -1
47 2204 1
9 2204 -1
47 2205 1
57 2205 -1
47 2206 1
55 2206 -1
47 2207 1
23 2207 -1
47 2208 1
60 2208 -1
47 2209 1
69 2209 -1
47 2210 1
15 2210 -1
47 2211 1
83 2211 -1
47 2212 1
68 2212 -1
47 2213 1
8 2213 -1
47 2214 1
64 2214 -1
47 2215 1
11 2215 -1
47 2216 1
61 2216 -1
47 2217 1
42 2217 -1
47 2218 1
63 2218 -1
47 2219 1
77 2219 -1
47 2220 1
59 2220 -1
47 2221 1
75 2221 -1
47 2222 1
67 2222 -1
47 2223 1
44 2223 -1
47 2224 1
32 2224 -1
47 2225 1
29 2225 -1
47 2226 1
52 2226 -1
47 2227 1
86 2227 -1
47 2228 1
74 2228 -1
47 2229 1
24 2229 -1
47 2230 1
22 2230 -1
47 2231 1
20 2231 -1
47 2232 1
71 2232 -1
47 2233 1
16 2233 -1
47 2234 1
76 2234 -1
47 2235 1
14 2235 -1
47 2236 1
56 2236 -1
47 2237 1
17 2237 -1
47 2238 1
62 2238 -1
47 2239 1
40 2239 -1
47 2240 1
79 2240 -1
47 2241 1
26 2241 -1
47 2242 1
53 2242 -1
47 2243 1
80 2243 -1
47 2244 1
51 2244 -1
47 2245 1
50 2245 -1
47 2246 1
37 2246 -1
47 2247 1
81 2247 -1
47 2248 1
48 2248 -1
47 2249 1
27 2249 -1
47 2250 1
84 2250 -1
47 2251 1
30 2251 -1
47 2252 1
25 2252 -1
47 2253 1
39 2253 -1
47 2254 1
28 2254 -1
47 2255 1
70 2255 -1
47 2256 1
21 2256 -1
47 2257 1
18 2257 -1
47 2258 1
13 2258 -1
47 2259 1
49 2259 -1
47 2260 1
43 2260 -1
47 2261 1
73 2261 -1
47 2262 1
72 2262 -1
47 2263 1
85 2263 -1
47 2264 1
78 2264 -1
47 2265 1
45 2265 -1
47 2266 1
36 2266 -1
47 2267 1
87 2267 -1
47 2268 1
12 2268 -1
47 2269 1
35 2269 -1
47 2270 1
19 2270 -1
47 2271 1
34 2271 -1
47 2272 1
65 2272 -1
47 2273 1
82 2273 -1
47 2274 1
10 2274 -1
53 2275 1
59 2275 -1
53 2276 1
14 2276 -1
53 2277 1
62 2277 -1
53 2278 1
65 2278 -1
53 2279 1
87 2279 -1
53 2280 1
10 2280 -1
53 2281 1
81 2281 -1
53 2282 1
35 2282 -1
53 2283 1
11 2283 -1
53 2284 1
71 2284 -1
53 2285 1
22 2285 -1
57 2286 1
41 2286 -1
57 2287 1
85 2287 -1
57 2288 1
22 2288 -1
57 2289 1
30 2289 -1
57 2290 1
55 2290 -1
57 2291 1
82 2291 -1
57 2292 1
66 2292 -1
57 2293 1
52 2293 -1
57 2294 1
71 2294 -1
57 2295 1
28 2295 -1
57 2296 1
75 2296 -1
57 2297 1
49 2297 -1
57 2298 1
24 2298 -1
57 2299 1
23 2299 -1
57 2300 1
63 2300 -1
57 2301 1
10 2301 -1
57 2302 1
48 2302 -1
57 2303 1
79 2303 -1
57 2304 1
15 2304 -1
57 2305 1
16 2305 -1
57 2306 1
59 2306 -1
57 2307 1
78 2307 -1
57 2308 1
80 2308 -1
57 2309 1
46 2309 -1
57 2310 1
38 2310 -1
57 2311 1
54 2311 -1
57 2312 1
77 2312 -1
57 2313 1
13 2313 -1
57 2314 1
34 2314 -1
57 2315 1
33 2315 -1
57 2316 1
72 2316 -1
57 2317 1
50 2317 -1
57 2318 1
68 2318 -1
57 2319 1
17 2319 -1
57 2320 1
20 2320 -1
57 2321 1
86 2321 -1
57 2322 1
37 2322 -1
57 2323 1
43 2323 -1
57 2324 1
56 2324 -1
57 2325 1
11 2325 -1
57 2326 1
47 2326 -1
57 2327 1
14 2327 -1
57 2328 1
19 2328 -1
57 2329 1
32 2329 -1
58 2330 1
89 2330 -1
58 2331 1
40 2331 -1
58 2332 1
85 2332 -1
58 2333 1
46 2333 -1
58 2334 1
15 2334 -1
58 2335 1
26 2335 -1
58 2336 1
21 2336 -1
58 2337 1
9 2337 -1
58 2338 1
87 2338 -1
58 2339 1
72 2339 -1
58 2340 1
50 2340 -1
58 2341 1
23 2341 -1
58 2342 1
17 2342 -1
58 2343 1
68 2343 -1
58 2344 1
28 2344 -1
58 2345 1
62 2345 -1
58 2346 1
59 2346 -1
58 2347 1
84 2347 -1
58 2348 1
77 2348 -1
58 2349 1
20 2349 -1
58 2350 1
10 2350 -1
58 2351 1
69 2351 -1
58 2352 1
55 2352 -1
58 2353 1
37 2353 -1
58 2354 1
67 2354 -1
58 2355 1
79 2355 -1
58 2356 1
48 2356 -1
58 2357 1
42 2357 -1
58 2358 1
30 2358 -1
58 2359 1
32 2359 -1
58 2360 1
19 2360 -1
58 2361 1
65 2361 -1
58 2362 1
12 2362 -1
58 2363 1
25 2363 -1
58 2364 1
57 2364 -1
58 2365 1
34 2365 -1
58 2366 1
8 2366 -1
58 2367 1
51 2367 -1
58 2368 1
14 2368 -1
58 2369 1
66 2369 -1
58 2370 1
63 2370 -1
58 2371 1
54 2371 -1
58 2372 1
52 2372 -1
59 2373 1
47 2373 -1
59 2374 1
75 2374 -1
59 2375 1
36 2375 -1
59 2376 1
12 2376 -1
59 2377 1
35 2377 -1
59 2378 1
55 2378 -1
59 2379 1
10 2379 -1
59 2380 1
27 2380 -1
59 2381 1
28 2381 -1
59 2382 1
49 2382 -1
59 2383 1
20 2383 -1
59 2384 1
45 2384 -1
59 2385 1
18 2385 -1
59 2386 1
21 2386 -1
59 2387 1
31 2387 -1
59 2388 1
48 2388 -1
59 2389 1
34 2389 -1
59 2390 1
52 2390 -1
59 2391 1
30 2391 -1
59 2392 1
41 2392 -1
59 2393 1
39 2393 -1
59 2394 1
70 2394 -1
59 2395 1
66 2395 -1
59 2396 1
67 2396 -1
59 2397 1
8 2397 -1
59 2398 1
71 2398 -1
59 2399 1
77 2399 -1
59 2400 1
38 2400 -1
65 2401 1
22 2401 -1
65 2402 1
43 2402 -1
65 2403 1
32 2403 -1
67 2404 1
8 2404 -1
67 2405 1
66 2405 -1
67 2406 1
65 2406 -1
67 2407 1
47 2407 -1
67 2408 1
46 2408 -1
67 2409 1
80 2409 -1
67 2410 1
74 2410 -1
67 2411 1
75 2411 -1
67 2412 1
82 2412 -1
67 2413 1
25 2413 -1
67 2414 1
22 2414 -1
67 2415 1
30 2415 -1
67 2416 1
17 2416 -1
67 2417 1
9 2417 -1
67 2418 1
38 2418 -1
67 2419 1
68 2419 -1
67 2420 1
18 2420 -1
67 2421 1
26 2421 -1
67 2422 1
85 2422 -1
67 2423 1
69 2423 -1
67 2424 1
88 2424 -1
67 2425 1
48 2425 -1
67 2426 1
37 2426 -1
67 2427 1
39 2427 -1
67 2428 1
19 2428 -1
67 2429 1
71 2429 -1
67 2430 1
81 2430 -1
67 2431 1
83 2431 -1
67 2432 1
76 2432 -1
67 2433 1
21 2433 -1
67 2434 1
50 2434 -1
67 2435 1
77 2435 -1
67 2436 1
40 2436 -1
67 2437 1
72 2437 -1
67 2438 1
62 2438 -1
67 2439 1
20 2439 -1
67 2440 1
84 2440 -1
67 2441 1
12 2441 -1
67 2442 1
29 2442 -1
67 2443 1
60 2443 -1
67 2444 1
59 2444 -1
67 2445 1
52 2445 -1
67 2446 1
34 2446 -1
67 2447 1
45 2447 -1
67 2448 1
54 2448 -1
67 2449 1
89 2449 -1
67 2450 1
41 2450 -1
67 2451 1
73 2451 -1
67 2452 1
64 2452 -1
67 2453 1
23 2453 -1
67 2454 1
10 2454 -1
67 2455 1
79 2455 -1
67 2456 1
43 2456 -1
67 2457 1
55 2457 -1
67 2458 1
42 2458 -1
67 2459 1
53 2459 -1
67 2460 1
13 2460 -1
67 2461 1
86 2461 -1
67 2462 1
33 2462 -1
67 2463 1
49 2463 -1
67 2464 1
15 2464 -1
67 2465 1
44 2465 -1
67 2466 1
57 2466 -1
67 2467 1
78 2467 -1
67 2468 1
61 2468 -1
67 2469 1
87 2469 -1
67 2470 1
51 2470 -1
67 2471 1
14 2471 -1
67 2472 1
35 2472 -1
67 2473 1
31 2473 -1
67 2474 1
11 2474 -1
67 2475 1
56 2475 -1
67 2476 1
24 2476 -1
67 2477 1
28 2477 -1
67 2478 1
32 2478 -1
67 2479 1
63 2479 -1
67 2480 1
36 2480 -1
67 2481 1
58 2481 -1
67 2482 1
27 2482 -1
67 2483 1
70 2483 -1
67 2484 1
16 2484 -1
83 2485 1
36 2485 -1
83 2486 1
50 2486 -1
83 2487 1
54 2487 -1
83 2488 1
77 2488 -1
83 2489 1
9 2489 -1
83 2490 1
45 2490 -1
83 2491 1
75 2491 -1
83 2492 1
39 2492 -1
83 2493 1
32 2493 -1
83 2494 1
82 2494 -1
83 2495 1
67 2495 -1
83 2496 1
44 2496 -1
83 2497 1
65 2497 -1
83 2498 1
52 2498 -1
83 2499 1
85 2499 -1
83 2500 1
29 2500 -1
83 2501 1
53 2501 -1
83 2502 1
86 2502 -1
83 2503 1
38 2503 -1
7 2504 1
11 2504 -1
7 2505 1
57 2505 -1
7 2506 1
60 2506 -1
7 2507 1
87 2507 -1
7 2508 1
48 2508 -1
7 2509 1
69 2509 -1
7 2510 1
75 2510 -1
7 2511 1
55 2511 -1
7 2512 1
14 2512 -1
7 2513 1
40 2513 -1
7 2514 1
62 2514 -1
7 2515 1
49 2515 -1
7 2516 1
36 2516 -1
7 2517 1
10 2517 -1
7 2518 1
59 2518 -1
7 2519 1
67 2519 -1
7 2520 1
84 2520 -1
7 2521 1
85 2521 -1
7 2522 1
33 2522 -1
7 2523 1
66 2523 -1
7 2524 1
34 2524 -1
7 2525 1
70 2525 -1
7 2526 1
71 2526 -1
7 2527 1
21 2527 -1
7 2528 1
30 2528 -1
7 2529 1
32 2529 -1
7 2530 1
61 2530 -1
7 2531 1
68 2531 -1
7 2532 1
58 2532 -1
7 2533 1
83 2533 -1
7 2534 1
28 2534 -1
7 2535 1
17 2535 -1
7 2536 1
45 2536 -1
7 2537 1
18 2537 -1
7 2538 1
27 2538 -1
7 2539 1
82 2539 -1
7 2540 1
51 2540 -1
7 2541 1
12 2541 -1
7 2542 1
37 2542 -1
7 2543 1
77 2543 -1
7 2544 1
63 2544 -1
7 2545 1
25 2545 -1
7 2546 1
38 2546 -1
11 2547 1
81 2547 -1
11 2548 1
59 2548 -1
11 2549 1
35 2549 -1
11 2550 1
76 2550 -1
11 2551 1
62 2551 -1
11 2552 1
49 2552 -1
11 2553 1
17 2553 -1
11 2554 1
22 2554 -1
11 2555 1
55 2555 -1
11 2556 1
43 2556 -1
11 2557 1
71 2557 -1
11 2558 1
89 2558 -1
11 2559 1
72 2559 -1
11 2560 1
53 2560 -1
11 2561 1
60 2561 -1
11 2562 1
74 2562 -1
11 2563 1
58 2563 -1
11 2564 1
34 2564 -1
11 2565 1
31 2565 -1
11 2566 1
67 2566 -1
11 2567 1
19 2567 -1
11 2568 1
56 2568 -1
11 2569 1
45 2569 -1
11 2570 1
37 2570 -1
11 2571 1
47 2571 -1
11 2572 1
54 2572 -1
11 2573 1
23 2573 -1
11 2574 1
87 2574 -1
11 2575 1
69 2575 -1
11 2576 1
78 2576 -1
11 2577 1
15 2577 -1
11 2578 1
21 2578 -1
11 2579 1
73 2579 -1
11 2580 1
30 2580 -1
11 2581 1
9 2581 -1
11 2582 1
75 2582 -1
11 2583 1
52 2583 -1
11 2584 1
27 2584 -1
11 2585 1
80 2585 -1
11 2586 1
57 2586 -1
11 2587 1
65 2587 -1
11 2588 1
38 2588 -1
11 2589 1
41 2589 -1
11 2590 1
84 2590 -1
11 2591 1
32 2591 -1
11 2592 1
28 2592 -1
11 2593 1
13 2593 -1
11 2594 1
26 2594 -1
11 2595 1
16 2595 -1
11 2596 1
29 2596 -1
11 2597 1
33 2597 -1
11 2598 1
63 2598 -1
11 2599 1
20 2599 -1
11 2600 1
8 2600 -1
11 2601 1
79 2601 -1
11 2602 1
36 2602 -1
11 2603 1
50 2603 -1
11 2604 1
40 2604 -1
11 2605 1
46 2605 -1
11 2606 1
70 2606 -1
11 2607 1
51 2607 -1
11 2608 1
24 2608 -1
11 2609 1
44 2609 -1
11 2610 1
14 2610 -1
11 2611 1
25 2611 -1
11 2612 1
88 2612 -1
11 2613 1
77 2613 -1
11 2614 1
85 2614 -1
11 2615 1
42 2615 -1
11 2616 1
61 2616 -1
11 2617 1
82 2617 -1
21 2618 1
75 2618 -1
21 2619 1
76 2619 -1
21 2620 1
31 2620 -1
21 2621 1
79 2621 -1
21 2622 1
56 2622 -1
21 2623 1
26 2623 -1
21 2624 1
74 2624 -1
21 2625 1
77 2625 -1
21 2626 1
24 2626 -1
21 2627 1
61 2627 -1
21 2628 1
65 2628 -1
21 2629 1
49 2629 -1
21 2630 1
43 2630 -1
21 2631 1
22 2631 -1
21 2632 1
34 2632 -1
21 2633 1
33 2633 -1
21 2634 1
72 2634 -1
21 2635 1
88 2635 -1
21 2636 1
50 2636 -1
21 2637 1
30 2637 -1
21 2638 1
36 2638 -1
21 2639 1
62 2639 -1
21 2640 1
38 2640 -1
21 2641 1
41 2641 -1
21 2642 1
83 2642 -1
21 2643 1
52 2643 -1
21 2644 1
14 2644 -1
21 2645 1
85 2645 -1
21 2646 1
48 2646 -1
21 2647 1
55 2647 -1
21 2648 1
82 2648 -1
21 2649 1
35 2649 -1
26 2650 1
21 2650 -1
26 2651 1
23 2651 -1
26 2652 1
55 2652 -1
26 2653 1
60 2653 -1
26 2654 1
39 2654 -1
26 2655 1
19 2655 -1
26 2656 1
71 2656 -1
26 2657 1
49 2657 -1
26 2658 1
17 2658 -1
26 2659 1
15 2659 -1
26 2660 1
81 2660 -1
26 2661 1
41 2661 -1
26 2662 1
33 2662 -1
26 2663 1
50 2663 -1
26 2664 1
18 2664 -1
26 2665 1
13 2665 -1
26 2666 1
37 2666 -1
26 2667 1
28 2667 -1
26 2668 1
12 2668 -1
30 2669 1
31 2669 -1
30 2670 1
10 2670 -1
30 2671 1
9 2671 -1
30 2672 1
12 2672 -1
30 2673 1
81 2673 -1
30 2674 1
79 2674 -1
30 2675 1
21 2675 -1
30 2676 1
35 2676 -1
30 2677 1
23 2677 -1
30 2678 1
37 2678 -1
30 2679 1
61 2679 -1
31 2680 1
71 2680 -1
31 2681 1
23 2681 -1
31 2682 1
80 2682 -1
31 2683 1
20 2683 -1
31 2684 1
49 2684 -1
43 2685 1
79 2685 -1
43 2686 1
65 2686 -1
43 2687 1
11 2687 -1
43 2688 1
87 2688 -1
43 2689 1
71 2689 -1
43 2690 1
60 2690 -1
43 2691 1
70 2691 -1
43 2692 1
8 2692 -1
43 2693 1
50 2693 -1
43 2694 1
16 2694 -1
43 2695 1
17 2695 -1
43 2696 1
57 2696 -1
43 2697 1
76 2697 -1
43 2698 1
21 2698 -1
43 2699 1
36 2699 -1
43 2700 1
20 2700 -1
43 2701 1
29 2701 -1
43 2702 1
33 2702 -1
43 2703 1
41 2703 -1
43 2704 1
24 2704 -1
43 2705 1
44 2705 -1
43 2706 1
81 2706 -1
43 2707 1
39 2707 -1
43 2708 1
13 2708 -1
43 2709 1
48 2709 -1
43 2710 1
61 2710 -1
43 2711 1
56 2711 -1
43 2712 1
66 2712 -1
43 2713 1
84 2713 -1
43 2714 1
15 2714 -1
43 2715 1
63 2715 -1
43 2716 1
59 2716 -1
43 2717 1
23 2717 -1
43 2718 1
19 2718 -1
43 2719 1
9 2719 -1
43 2720 1
10 2720 -1
43 2721 1
67 2721 -1
43 2722 1
18 2722 -1
43 2723 1
51 2723 -1
43 2724 1
68 2724 -1
43 2725 1
54 2725 -1
43 2726 1
85 2726 -1
43 2727 1
46 2727 -1
43 2728 1
83 2728 -1
43 2729 1
89 2729 -1
43 2730 1
45 2730 -1
43 2731 1
78 2731 -1
43 2732 1
12 2732 -1
43 2733 1
82 2733 -1
43 2734 1
31 2734 -1
43 2735 1
40 2735 -1
43 2736 1
73 2736 -1
43 2737 1
72 2737 -1
43 2738 1
30 2738 -1
43 2739 1
47 2739 -1
43 2740 1
55 2740 -1
43 2741 1
74 2741 -1
43 2742 1
75 2742 -1
43 2743 1
62 2743 -1
43 2744 1
86 2744 -1
43 2745 1
38 2745 -1
43 2746 1
26 2746 -1
43 2747 1
37 2747 -1
43 2748 1
80 2748 -1
43 2749 1
64 2749 -1
43 2750 1
27 2750 -1
43 2751 1
28 2751 -1
43 2752 1
22 2752 -1
43 2753 1
42 2753 -1
43 2754 1
77 2754 -1
43 2755 1
58 2755 -1
43 2756 1
34 2756 -1
43 2757 1
32 2757 -1
43 2758 1
69 2758 -1
43 2759 1
49 2759 -1
43 2760 1
35 2760 -1
43 2761 1
88 2761 -1
43 2762 1
25 2762 -1
43 2763 1
52 2763 -1
43 2764 1
53 2764 -1
71 2765 1
85 2765 -1
71 2766 1
19 2766 -1
71 2767 1
56 2767 -1
71 2768 1
70 2768 -1
71 2769 1
15 2769 -1
71 2770 1
67 2770 -1
71 2771 1
24 2771 -1
71 2772 1
74 2772 -1
71 2773 1
50 2773 -1
71 2774 1
86 2774 -1
71 2775 1
13 2775 -1
71 2776 1
9 2776 -1
71 2777 1
68 2777 -1
71 2778 1
17 2778 -1
71 2779 1
36 2779 -1
71 2780 1
76 2780 -1
71 2781 1
82 2781 -1
71 2782 1
77 2782 -1
71 2783 1
12 2783 -1
71 2784 1
83 2784 -1
71 2785 1
53 2785 -1
71 2786 1
10 2786 -1
71 2787 1
35 2787 -1
71 2788 1
64 2788 -1
71 2789 1
28 2789 -1
71 2790 1
63 2790 -1
71 2791 1
61 2791 -1
71 2792 1
38 2792 -1
71 2793 1
27 2793 -1
71 2794 1
42 2794 -1
71 2795 1
51 2795 -1
71 2796 1
21 2796 -1
71 2797 1
8 2797 -1
71 2798 1
44 2798 -1
71 2799 1
33 2799 -1
71 2800 1
60 2800 -1
75 2801 1
77 2801 -1
75 2802 1
66 2802 -1
75 2803 1
83 2803 -1
75 2804 1
48 2804 -1
75 2805 1
62 2805 -1
75 2806 1
78 2806 -1
75 2807 1
22 2807 -1
75 2808 1
36 2808 -1
75 2809 1
12 2809 -1
75 2810 1
63 2810 -1
75 2811 1
27 2811 -1
75 2812 1
17 2812 -1
75 2813 1
24 2813 -1
75 2814 1
80 2814 -1
75 2815 1
84 2815 -1
75 2816 1
58 2816 -1
75 2817 1
43 2817 -1
75 2818 1
55 2818 -1
75 2819 1
37 2819 -1
75 2820 1
25 2820 -1
75 2821 1
9 2821 -1
75 2822 1
23 2822 -1
75 2823 1
40 2823 -1
75 2824 1
20 2824 -1
75 2825 1
67 2825 -1
75 2826 1
73 2826 -1
75 2827 1
28 2827 -1
75 2828 1
46 2828 -1
75 2829 1
86 2829 -1
75 2830 1
61 2830 -1
75 2831 1
29 2831 -1
75 2832 1
60 2832 -1
75 2833 1
44 2833 -1
75 2834 1
13 2834 -1
75 2835 1
34 2835 -1
75 2836 1
8 2836 -1
75 2837 1
89 2837 -1
75 2838 1
21 2838 -1
75 2839 1
19 2839 -1
75 2840 1
59 2840 -1
75 2841 1
11 2841 -1
75 2842 1
69 2842 -1
75 2843 1
88 2843 -1
75 2844 1
45 2844 -1
75 2845 1
30 2845 -1
75 2846 1
33 2846 -1
75 2847 1
56 2847 -1
77 2848 1
43 2848 -1
77 2849 1
57 2849 -1
77 2850 1
88 2850 -1
77 2851 1
13 2851 -1
77 2852 1
81 2852 -1
77 2853 1
10 2853 -1
77 2854 1
24 2854 -1
77 2855 1
42 2855 -1
77 2856 1
55 2856 -1
77 2857 1
60 2857 -1
77 2858 1
48 2858 -1
77 2859 1
22 2859 -1
77 2860 1
78 2860 -1
77 2861 1
62 2861 -1
77 2862 1
34 2862 -1
77 2863 1
16 2863 -1
77 2864 1
64 2864 -1
77 2865 1
51 2865 -1
77 2866 1
87 2866 -1
77 2867 1
84 2867 -1
77 2868 1
12 2868 -1
77 2869 1
73 2869 -1
77 2870 1
61 2870 -1
77 2871 1
41 2871 -1
77 2872 1
83 2872 -1
77 2873 1
35 2873 -1
77 2874 1
33 2874 -1
77 2875 1
31 2875 -1
77 2876 1
27 2876 -1
77 2877 1
89 2877 -1
77 2878 1
25 2878 -1
77 2879 1
18 2879 -1
77 2880 1
86 2880 -1
77 2881 1
63 2881 -1
77 2882 1
19 2882 -1
77 2883 1
44 2883 -1
77 2884 1
75 2884 -1
77 2885 1
14 2885 -1
77 2886 1
47 2886 -1
77 2887 1
53 2887 -1
77 2888 1
28 2888 -1
77 2889 1
70 2889 -1
77 2890 1
30 2890 -1
77 2891 1
49 2891 -1
77 2892 1
36 2892 -1
77 2893 1
50 2893 -1
77 2894 1
68 2894 -1
77 2895 1
52 2895 -1
77 2896 1
15 2896 -1
77 2897 1
9 2897 -1
77 2898 1
39 2898 -1
77 2899 1
72 2899 -1
77 2900 1
71 2900 -1
77 2901 1
38 2901 -1
77 2902 1
17 2902 -1
77 2903 1
69 2903 -1
77 2904 1
82 2904 -1
77 2905 1
59 2905 -1
77 2906 1
76 2906 -1
77 2907 1
56 2907 -1
77 2908 1
74 2908 -1
77 2909 1
54 2909 -1
77 2910 1
45 2910 -1
77 2911 1
29 2911 -1
77 2912 1
40 2912 -1
77 2913 1
20 2913 -1
77 2914 1
8 2914 -1
77 2915 1
79 2915 -1
77 2916 1
23 2916 -1
77 2917 1
21 2917 -1
77 2918 1
26 2918 -1
79 2919 1
30 2919 -1
79 2920 1
44 2920 -1
79 2921 1
14 2921 -1
79 2922 1
32 2922 -1
79 2923 1
25 2923 -1
79 2924 1
21 2924 -1
79 2925 1
86 2925 -1
79 2926 1
76 2926 -1
79 2927 1
20 2927 -1
79 2928 1
69 2928 -1
79 2929 1
65 2929 -1
79 2930 1
50 2930 -1
79 2931 1
66 2931 -1
79 2932 1
10 2932 -1
79 2933 1
57 2933 -1
79 2934 1
27 2934 -1
79 2935 1
82 2935 -1
79 2936 1
13 2936 -1
79 2937 1
88 2937 -1
79 2938 1
85 2938 -1
79 2939 1
84 2939 -1
79 2940 1
83 2940 -1
79 2941 1
39 2941 -1
79 2942 1
29 2942 -1
79 2943 1
77 2943 -1
79 2944 1
68 2944 -1
79 2945 1
61 2945 -1
79 2946 1
22 2946 -1
79 2947 1
67 2947 -1
81 2948 1
26 2948 -1
81 2949 1
88 2949 -1
81 2950 1
41 2950 -1
81 2951 1
20 2951 -1
81 2952 1
47 2952 -1
81 2953 1
24 2953 -1
81 2954 1
39 2954 -1
81 2955 1
33 2955 -1
81 2956 1
78 2956 -1
81 2957 1
80 2957 -1
81 2958 1
71 2958 -1
81 2959 1
62 2959 -1
81 2960 1
9 2960 -1
81 2961 1
18 2961 -1
81 2962 1
57 2962 -1
81 2963 1
45 2963 -1
81 2964 1
69 2964 -1
81 2965 1
73 2965 -1
81 2966 1
60 2966 -1
81 2967 1
16 2967 -1
81 2968 1
58 2968 -1
81 2969 1
83 2969 -1
81 2970 1
63 2970 -1
81 2971 1
72 2971 -1
81 2972 1
66 2972 -1
81 2973 1
43 2973 -1
81 2974 1
34 2974 -1
81 2975 1
23 2975 -1
81 2976 1
74 2976 -1
81 2977 1
30 2977 -1
81 2978 1
76 2978 -1
81 2979 1
31 2979 -1
81 2980 1
13 2980 -1
81 2981 1
53 2981 -1
81 2982 1
12 2982 -1
81 2983 1
61 2983 -1
81 2984 1
52 2984 -1
81 2985 1
22 2985 -1
81 2986 1
15 2986 -1
81 2987 1
75 2987 -1
81 2988 1
14 2988 -1
81 2989 1
10 2989 -1
81 2990 1
49 2990 -1
81 2991 1
68 2991 -1
81 2992 1
28 2992 -1
81 2993 1
85 2993 -1
81 2994 1
82 2994 -1
81 2995 1
32 2995 -1
81 2996 1
59 2996 -1
81 2997 1
8 2997 -1
81 2998 1
48 2998 -1
81 2999 1
87 2999 -1
81 3000 1
38 3000 -1
