1 1 1
48 1 -1
1 2 1
68 2 -1
1 3 1
28 3 -1
1 4 1
41 4 -1
1 5 1
59 5 -1
1 6 1
51 6 -1
1 7 1
24 7 -1
1 8 1
57 8 -1
1 9 1
4 9 -1
1 10 1
27 10 -1
1 11 1
61 11 -1
1 12 1
29 12 -1
1 13 1
45 13 -1
1 14 1
19 14 -1
1 15 1
47 15 -1
1 16 1
76 16 -1
1 17 1
62 17 -1
1 18 1
10 18 -1
1 19 1
71 19 -1
1 20 1
70 20 -1
1 21 1
18 21 -1
1 22 1
55 22 -1
1 23 1
9 23 -1
1 24 1
16 24 -1
1 25 1
43 25 -1
1 26 1
8 26 -1
1 27 1
60 27 -1
1 28 1
46 28 -1
1 29 1
78 29 -1
1 30 1
73 30 -1
2 31 1
79 31 -1
2 32 1
16 32 -1
2 33 1
77 33 -1
2 34 1
46 34 -1
2 35 1
45 35 -1
2 36 1
8 36 -1
2 37 1
33 37 -1
2 38 1
18 38 -1
2 39 1
31 39 -1
2 40 1
67 40 -1
2 41 1
84 41 -1
2 42 1
59 42 -1
2 43 1
11 43 -1
2 44 1
38 44 -1
2 45 1
52 45 -1
2 46 1
74 46 -1
2 47 1
4 47 -1
2 48 1
82 48 -1
2 49 1
51 49 -1
2 50 1
69 50 -1
2 51 1
43 51 -1
2 52 1
61 52 -1
2 53 1
20 53 -1
2 54 1
37 54 -1
2 55 1
48 55 -1
2 56 1
25 56 -1
2 57 1
3 57 -1
2 58 1
65 58 -1
2 59 1
29 59 -1
2 60 1
42 60 -1
2 61 1
9 61 -1
2 62 1
7 62 -1
2 63 1
21 63 -1
2 64 1
70 64 -1
2 65 1
19 65 -1
2 66 1
40 66 -1
2 67 1
54 67 -1
2 68 1
36 68 -1
2 69 1
58 69 -1
2 70 1
63 70 -1
2 71 1
76 71 -1
2 72 1
81 72 -1
2 73 1
27 73 -1
3 74 1
4 74 -1
3 75 1
70 75 -1
3 76 1
7 76 -1
3 77 1
9 77 -1
3 78 1
53 78 -1
3 79 1
74 79 -1
3 80 1
13 80 -1
3 81 1
44 81 -1
3 82 1
42 82 -1
3 83 1
49 83 -1
3 84 1
29 84 -1
3 85 1
15 85 -1
3 86 1
27 86 -1
3 87 1
16 87 -1
3 88 1
43 88 -1
3 89 1
68 89 -1
3 90 1
69 90 -1
3 91 1
36 91 -1
3 92 1
40 92 -1
3 93 1
18 93 -1
3 94 1
34 94 -1
3 95 1
64 95 -1
3 96 1
14 96 -1
3 97 1
39 97 -1
3 98 1
22 98 -1
3 99 1
55 99 -1
3 100 1
57 100 -1
3 101 1
17 101 -1
3 102 1
84 102 -1
3 103 1
82 103 -1
3 104 1
89 104 -1
3 105 1
25 105 -1
3 106 1
83 106 -1
3 107 1
58 107 -1
3 108 1
51 108 -1
3 109 1
61 109 -1
3 110 1
59 110 -1
3 111 1
37 111 -1
3 112 1
11 112 -1
3 113 1
65 113 -1
3 114 1
77 114 -1
4 115 1
34 115 -1
4 116 1
38 116 -1
4 117 1
52 117 -1
4 118 1
41 118 -1
4 119 1
36 119 -1
4 120 1
78 120 -1
4 121 1
49 121 -1
4 122 1
26 122 -1
4 123 1
70 123 -1
4 124 1
68 124 -1
4 125 1
79 125 -1
4 126 1
48 126 -1
4 127 1
10 127 -1
4 128 1
81 128 -1
4 129 1
44 129 -1
4 130 1
5 130 -1
4 131 1
7 131 -1
4 132 1
47 132 -1
4 133 1
64 133 -1
4 134 1
20 134 -1
4 135 1
67 135 -1
4 136 1
62 136 -1
4 137 1
80 137 -1
4 138 1
8 138 -1
4 139 1
6 139 -1
4 140 1
74 140 -1
4 141 1
65 141 -1
4 142 1
39 142 -1
4 143 1
82 143 -1
4 144 1
37 144 -1
4 145 1
15 145 -1
4 146 1
43 146 -1
4 147 1
83 147 -1
4 148 1
14 148 -1
4 149 1
29 149 -1
4 150 1
17 150 -1
4 151 1
75 151 -1
4 152 1
55 152 -1
4 153 1
57 153 -1
4 154 1
24 154 -1
4 155 1
31 155 -1
4 156 1
63 156 -1
4 157 1
19 157 -1
4 158 1
50 158 -1
4 159 1
54 159 -1
4 160 1
30 160 -1
4 161 1
51 161 -1
4 162 1
58 162 -1
4 163 1
66 163 -1
4 164 1
56 164 -1
4 165 1
60 165 -1
4 166 1
85 166 -1
4 167 1
2 167 -1
4 168 1
18 168 -1
4 169 1
42 169 -1
4 170 1
45 170 -1
4 171 1
22 171 -1
4 172 1
3 172 -1
4 173 1
27 173 -1
4 174 1
84 174 -1
5 175 1
49 175 -1
5 176 1
51 176 -1
5 177 1
78 177 -1
5 178 1
59 178 -1
5 179 1
34 179 -1
5 180 1
4 180 -1
5 181 1
17 181 -1
5 182 1
24 182 -1
5 183 1
75 183 -1
5 184 1
39 184 -1
5 185 1
22 185 -1
5 186 1
19 186 -1
5 187 1
10 187 -1
5 188 1
87 188 -1
5 189 1
88 189 -1
5 190 1
44 190 -1
5 191 1
83 191 -1
5 192 1
32 192 -1
5 193 1
50 193 -1
5 194 1
82 194 -1
5 195 1
81 195 -1
5 196 1
84 196 -1
5 197 1
85 197 -1
5 198 1
14 198 -1
5 199 1
67 199 -1
5 200 1
86 200 -1
5 201 1
89 201 -1
5 202 1
42 202 -1
5 203 1
72 203 -1
5 204 1
65 204 -1
5 205 1
8 205 -1
5 206 1
30 206 -1
5 207 1
25 207 -1
5 208 1
77 208 -1
5 209 1
38 209 -1
5 210 1
26 210 -1
5 211 1
63 211 -1
5 212 1
54 212 -1
5 213 1
36 213 -1
5 214 1
27 214 -1
5 215 1
35 215 -1
5 216 1
62 216 -1
5 217 1
20 217 -1
5 218 1
7 218 -1
5 219 1
31 219 -1
5 220 1
40 220 -1
5 221 1
69 221 -1
5 222 1
23 222 -1
5 223 1
3 223 -1
5 224 1
76 224 -1
5 225 1
15 225 -1
5 226 1
28 226 -1
5 227 1
45 227 -1
5 228 1
57 228 -1
6 229 1
59 229 -1
6 230 1
4 230 -1
6 231 1
7 231 -1
6 232 1
40 232 -1
6 233 1
58 233 -1
6 234 1
26 234 -1
6 235 1
48 235 -1
6 236 1
33 236 -1
6 237 1
37 237 -1
6 238 1
18 238 -1
6 239 1
39 239 -1
6 240 1
44 240 -1
6 241 1
45 241 -1
6 242 1
30 242 -1
6 243 1
89 243 -1
6 244 1
76 244 -1
6 245 1
2 245 -1
6 246 1
54 246 -1
6 247 1
60 247 -1
6 248 1
21 248 -1
6 249 1
68 249 -1
6 250 1
16 250 -1
6 251 1
51 251 -1
6 252 1
62 252 -1
6 253 1
42 253 -1
6 254 1
36 254 -1
6 255 1
34 255 -1
6 256 1
64 256 -1
6 257 1
70 257 -1
6 258 1
9 258 -1
6 259 1
3 259 -1
6 260 1
79 260 -1
6 261 1
17 261 -1
7 262 1
32 262 -1
7 263 1
63 263 -1
7 264 1
28 264 -1
7 265 1
5 265 -1
7 266 1
72 266 -1
7 267 1
79 267 -1
7 268 1
33 268 -1
7 269 1
85 269 -1
7 270 1
43 270 -1
7 271 1
73 271 -1
7 272 1
64 272 -1
7 273 1
11 273 -1
7 274 1
21 274 -1
7 275 1
77 275 -1
7 276 1
50 276 -1
7 277 1
88 277 -1
7 278 1
78 278 -1
7 279 1
71 279 -1
7 280 1
9 280 -1
7 281 1
35 281 -1
7 282 1
29 282 -1
7 283 1
4 283 -1
7 284 1
53 284 -1
7 285 1
14 285 -1
7 286 1
13 286 -1
7 287 1
65 287 -1
7 288 1
45 288 -1
7 289 1
3 289 -1
7 290 1
54 290 -1
7 291 1
8 291 -1
7 292 1
17 292 -1
7 293 1
75 293 -1
7 294 1
86 294 -1
8 295 1
50 295 -1
8 296 1
79 296 -1
8 297 1
37 297 -1
8 298 1
40 298 -1
8 299 1
27 299 -1
8 300 1
47 300 -1
8 301 1
74 301 -1
8 302 1
71 302 -1
8 303 1
56 303 -1
8 304 1
7 304 -1
8 305 1
87 305 -1
8 306 1
19 306 -1
8 307 1
78 307 -1
8 308 1
51 308 -1
8 309 1
33 309 -1
8 310 1
4 310 -1
8 311 1
83 311 -1
8 312 1
10 312 -1
8 313 1
39 313 -1
8 314 1
24 314 -1
8 315 1
18 315 -1
8 316 1
43 316 -1
8 317 1
23 317 -1
8 318 1
41 318 -1
8 319 1
52 319 -1
8 320 1
25 320 -1
8 321 1
49 321 -1
8 322 1
82 322 -1
8 323 1
42 323 -1
8 324 1
75 324 -1
9 325 1
31 325 -1
9 326 1
67 326 -1
9 327 1
59 327 -1
9 328 1
86 328 -1
9 329 1
82 329 -1
9 330 1
26 330 -1
9 331 1
19 331 -1
9 332 1
3 332 -1
9 333 1
83 333 -1
9 334 1
85 334 -1
9 335 1
60 335 -1
9 336 1
84 336 -1
9 337 1
32 337 -1
9 338 1
72 338 -1
9 339 1
66 339 -1
9 340 1
69 340 -1
9 341 1
40 341 -1
9 342 1
74 342 -1
9 343 1
2 343 -1
9 344 1
36 344 -1
9 345 1
89 345 -1
9 346 1
62 346 -1
10 347 1
47 347 -1
10 348 1
60 348 -1
10 349 1
79 349 -1
10 350 1
58 350 -1
10 351 1
26 351 -1
10 352 1
83 352 -1
10 353 1
87 353 -1
10 354 1
39 354 -1
10 355 1
5 355 -1
10 356 1
78 356 -1
10 357 1
45 357 -1
11 358 1
6 358 -1
11 359 1
61 359 -1
11 360 1
88 360 -1
11 361 1
46 361 -1
11 362 1
27 362 -1
11 363 1
81 363 -1
11 364 1
55 364 -1
11 365 1
8 365 -1
11 366 1
19 366 -1
11 367 1
76 367 -1
11 368 1
38 368 -1
11 369 1
45 369 -1
11 370 1
78 370 -1
11 371 1
57 371 -1
11 372 1
42 372 -1
11 373 1
30 373 -1
11 374 1
13 374 -1
11 375 1
52 375 -1
11 376 1
34 376 -1
11 377 1
65 377 -1
12 378 1
39 378 -1
12 379 1
28 379 -1
12 380 1
87 380 -1
12 381 1
65 381 -1
12 382 1
17 382 -1
12 383 1
35 383 -1
12 384 1
2 384 -1
12 385 1
32 385 -1
12 386 1
75 386 -1
12 387 1
81 387 -1
12 388 1
29 388 -1
12 389 1
16 389 -1
12 390 1
14 390 -1
12 391 1
59 391 -1
12 392 1
55 392 -1
12 393 1
60 393 -1
12 394 1
33 394 -1
12 395 1
41 395 -1
12 396 1
64 396 -1
12 397 1
53 397 -1
12 398 1
26 398 -1
12 399 1
42 399 -1
12 400 1
3 400 -1
12 401 1
7 401 -1
12 402 1
49 402 -1
12 403 1
20 403 -1
12 404 1
34 404 -1
12 405 1
50 405 -1
12 406 1
70 406 -1
12 407 1
58 407 -1
12 408 1
30 408 -1
12 409 1
44 409 -1
12 410 1
68 410 -1
12 411 1
43 411 -1
12 412 1
67 412 -1
12 413 1
72 413 -1
12 414 1
5 414 -1
12 415 1
18 415 -1
12 416 1
51 416 -1
12 417 1
71 417 -1
12 418 1
10 418 -1
12 419 1
25 419 -1
13 420 1
76 420 -1
13 421 1
85 421 -1
13 422 1
20 422 -1
13 423 1
14 423 -1
13 424 1
8 424 -1
13 425 1
11 425 -1
13 426 1
35 426 -1
13 427 1
17 427 -1
13 428 1
16 428 -1
13 429 1
63 429 -1
13 430 1
82 430 -1
13 431 1
69 431 -1
13 432 1
24 432 -1
13 433 1
26 433 -1
13 434 1
32 434 -1
13 435 1
81 435 -1
13 436 1
86 436 -1
13 437 1
49 437 -1
13 438 1
52 438 -1
13 439 1
4 439 -1
13 440 1
38 440 -1
13 441 1
55 441 -1
13 442 1
39 442 -1
13 443 1
48 443 -1
13 444 1
45 444 -1
13 445 1
9 445 -1
13 446 1
30 446 -1
13 447 1
77 447 -1
13 448 1
79 448 -1
13 449 1
89 449 -1
13 450 1
31 450 -1
13 451 1
42 451 -1
13 452 1
47 452 -1
13 453 1
74 453 -1
13 454 1
6 454 -1
13 455 1
22 455 -1
13 456 1
50 456 -1
13 457 1
18 457 -1
13 458 1
15 458 -1
13 459 1
61 459 -1
13 460 1
43 460 -1
13 461 1
51 461 -1
13 462 1
27 462 -1
13 463 1
10 463 -1
14 464 1
25 464 -1
14 465 1
77 465 -1
14 466 1
23 466 -1
14 467 1
78 467 -1
14 468 1
70 468 -1
14 469 1
6 469 -1
14 470 1
44 470 -1
14 471 1
34 471 -1
14 472 1
28 472 -1
14 473 1
41 473 -1
14 474 1
30 474 -1
14 475 1
83 475 -1
14 476 1
33 476 -1
14 477 1
86 477 -1
14 478 1
73 478 -1
14 479 1
48 479 -1
14 480 1
60 480 -1
14 481 1
52 481 -1
14 482 1
19 482 -1
14 483 1
53 483 -1
14 484 1
45 484 -1
14 485 1
3 485 -1
14 486 1
55 486 -1
14 487 1
87 487 -1
14 488 1
84 488 -1
14 489 1
10 489 -1
14 490 1
81 490 -1
14 491 1
9 491 -1
14 492 1
12 492 -1
14 493 1
40 493 -1
14 494 1
56 494 -1
14 495 1
63 495 -1
14 496 1
8 496 -1
14 497 1
42 497 -1
14 498 1
67 498 -1
14 499 1
18 499 -1
14 500 1
20 500 -1
14 501 1
50 501 -1
14 502 1
51 502 -1
14 503 1
13 503 -1
14 504 1
24 504 -1
14 505 1
26 505 -1
14 506 1
80 506 -1
14 507 1
54 507 -1
14 508 1
38 508 -1
14 509 1
88 509 -1
14 510 1
32 510 -1
14 511 1
4 511 -1
14 512 1
59 512 -1
14 513 1
72 513 -1
14 514 1
16 514 -1
14 515 1
47 515 -1
15 516 1
33 516 -1
15 517 1
65 517 -1
15 518 1
75 518 -1
15 519 1
84 519 -1
15 520 1
12 520 -1
15 521 1
60 521 -1
15 522 1
67 522 -1
15 523 1
87 523 -1
15 524 1
13 524 -1
15 525 1
80 525 -1
15 526 1
66 526 -1
15 527 1
34 527 -1
15 528 1
78 528 -1
15 529 1
63 529 -1
16 530 1
45 530 -1
16 531 1
56 531 -1
16 532 1
13 532 -1
16 533 1
80 533 -1
16 534 1
53 534 -1
17 535 1
19 535 -1
17 536 1
10 536 -1
17 537 1
12 537 -1
17 538 1
75 538 -1
17 539 1
6 539 -1
17 540 1
77 540 -1
17 541 1
68 541 -1
17 542 1
67 542 -1
17 543 1
18 543 -1
17 544 1
71 544 -1
17 545 1
73 545 -1
17 546 1
41 546 -1
17 547 1
36 547 -1
17 548 1
38 548 -1
17 549 1
70 549 -1
17 550 1
84 550 -1
17 551 1
53 551 -1
17 552 1
49 552 -1
17 553 1
14 553 -1
17 554 1
82 554 -1
17 555 1
86 555 -1
17 556 1
7 556 -1
17 557 1
79 557 -1
17 558 1
52 558 -1
17 559 1
60 559 -1
17 560 1
15 560 -1
17 561 1
2 561 -1
17 562 1
78 562 -1
17 563 1
50 563 -1
17 564 1
66 564 -1
17 565 1
30 565 -1
17 566 1
74 566 -1
17 567 1
85 567 -1
17 568 1
29 568 -1
17 569 1
5 569 -1
17 570 1
46 570 -1
17 571 1
72 571 -1
17 572 1
16 572 -1
17 573 1
4 573 -1
17 574 1
40 574 -1
17 575 1
56 575 -1
17 576 1
64 576 -1
17 577 1
8 577 -1
17 578 1
54 578 -1
17 579 1
34 579 -1
17 580 1
32 580 -1
17 581 1
27 581 -1
17 582 1
22 582 -1
17 583 1
57 583 -1
17 584 1
25 584 -1
17 585 1
48 585 -1
17 586 1
11 586 -1
17 587 1
87 587 -1
17 588 1
13 588 -1
17 589 1
69 589 -1
17 590 1
21 590 -1
17 591 1
81 591 -1
17 592 1
37 592 -1
17 593 1
47 593 -1
17 594 1
45 594 -1
17 595 1
35 595 -1
17 596 1
76 596 -1
17 597 1
65 597 -1
17 598 1
33 598 -1
17 599 1
20 599 -1
17 600 1
55 600 -1
17 601 1
24 601 -1
17 602 1
9 602 -1
17 603 1
58 603 -1
17 604 1
42 604 -1
18 605 1
26 605 -1
18 606 1
57 606 -1
18 607 1
84 607 -1
18 608 1
89 608 -1
18 609 1
9 609 -1
18 610 1
36 610 -1
18 611 1
81 611 -1
18 612 1
63 612 -1
18 613 1
64 613 -1
18 614 1
44 614 -1
18 615 1
58 615 -1
18 616 1
21 616 -1
18 617 1
10 617 -1
18 618 1
50 618 -1
18 619 1
31 619 -1
18 620 1
67 620 -1
18 621 1
29 621 -1
18 622 1
14 622 -1
18 623 1
68 623 -1
18 624 1
13 624 -1
18 625 1
38 625 -1
18 626 1
69 626 -1
18 627 1
51 627 -1
18 628 1
2 628 -1
18 629 1
28 629 -1
18 630 1
7 630 -1
18 631 1
19 631 -1
18 632 1
61 632 -1
18 633 1
65 633 -1
18 634 1
12 634 -1
18 635 1
82 635 -1
18 636 1
83 636 -1
18 637 1
76 637 -1
18 638 1
39 638 -1
18 639 1
16 639 -1
18 640 1
87 640 -1
18 641 1
15 641 -1
18 642 1
17 642 -1
18 643 1
5 643 -1
18 644 1
23 644 -1
18 645 1
77 645 -1
18 646 1
54 646 -1
18 647 1
62 647 -1
18 648 1
34 648 -1
18 649 1
72 649 -1
18 650 1
6 650 -1
18 651 1
60 651 -1
18 652 1
47 652 -1
18 653 1
49 653 -1
18 654 1
46 654 -1
18 655 1
32 655 -1
18 656 1
55 656 -1
18 657 1
52 657 -1
18 658 1
33 658 -1
18 659 1
37 659 -1
18 660 1
85 660 -1
18 661 1
79 661 -1
18 662 1
73 662 -1
18 663 1
22 663 -1
19 664 1
61 664 -1
19 665 1
11 665 -1
19 666 1
13 666 -1
19 667 1
83 667 -1
19 668 1
70 668 -1
19 669 1
82 669 -1
19 670 1
16 670 -1
19 671 1
27 671 -1
19 672 1
59 672 -1
19 673 1
38 673 -1
19 674 1
30 674 -1
19 675 1
88 675 -1
19 676 1
5 676 -1
19 677 1
55 677 -1
19 678 1
48 678 -1
19 679 1
33 679 -1
19 680 1
14 680 -1
19 681 1
63 681 -1
19 682 1
50 682 -1
19 683 1
35 683 -1
19 684 1
21 684 -1
19 685 1
75 685 -1
19 686 1
24 686 -1
19 687 1
52 687 -1
19 688 1
65 688 -1
19 689 1
47 689 -1
19 690 1
12 690 -1
19 691 1
7 691 -1
19 692 1
73 692 -1
19 693 1
67 693 -1
19 694 1
2 694 -1
19 695 1
6 695 -1
19 696 1
18 696 -1
19 697 1
9 697 -1
19 698 1
57 698 -1
19 699 1
77 699 -1
19 700 1
79 700 -1
19 701 1
68 701 -1
19 702 1
28 702 -1
19 703 1
54 703 -1
19 704 1
3 704 -1
19 705 1
69 705 -1
19 706 1
62 706 -1
19 707 1
53 707 -1
19 708 1
23 708 -1
19 709 1
40 709 -1
19 710 1
37 710 -1
19 711 1
66 711 -1
19 712 1
44 712 -1
19 713 1
39 713 -1
19 714 1
89 714 -1
20 715 1
75 715 -1
20 716 1
7 716 -1
20 717 1
28 717 -1
20 718 1
85 718 -1
21 719 1
85 719 -1
21 720 1
30 720 -1
21 721 1
35 721 -1
21 722 1
80 722 -1
21 723 1
23 723 -1
21 724 1
82 724 -1
21 725 1
29 725 -1
21 726 1
79 726 -1
21 727 1
54 727 -1
21 728 1
65 728 -1
21 729 1
8 729 -1
21 730 1
55 730 -1
21 731 1
28 731 -1
21 732 1
15 732 -1
21 733 1
86 733 -1
21 734 1
45 734 -1
22 735 1
10 735 -1
22 736 1
45 736 -1
22 737 1
40 737 -1
22 738 1
39 738 -1
22 739 1
9 739 -1
22 740 1
50 740 -1
22 741 1
11 741 -1
22 742 1
76 742 -1
22 743 1
66 743 -1
22 744 1
54 744 -1
22 745 1
27 745 -1
22 746 1
18 746 -1
22 747 1
36 747 -1
22 748 1
8 748 -1
22 749 1
16 749 -1
22 750 1
48 750 -1
22 751 1
24 751 -1
22 752 1
83 752 -1
22 753 1
21 753 -1
22 754 1
6 754 -1
22 755 1
56 755 -1
22 756 1
37 756 -1
22 757 1
65 757 -1
22 758 1
5 758 -1
22 759 1
57 759 -1
22 760 1
68 760 -1
22 761 1
17 761 -1
22 762 1
70 762 -1
23 763 1
55 763 -1
23 764 1
49 764 -1
23 765 1
88 765 -1
23 766 1
66 766 -1
23 767 1
47 767 -1
23 768 1
37 768 -1
23 769 1
83 769 -1
23 770 1
57 770 -1
23 771 1
30 771 -1
23 772 1
89 772 -1
23 773 1
29 773 -1
23 774 1
84 774 -1
23 775 1
35 775 -1
23 776 1
75 776 -1
23 777 1
58 777 -1
23 778 1
3 778 -1
23 779 1
9 779 -1
23 780 1
42 780 -1
23 781 1
4 781 -1
23 782 1
6 782 -1
23 783 1
17 783 -1
23 784 1
78 784 -1
23 785 1
15 785 -1
23 786 1
72 786 -1
23 787 1
65 787 -1
23 788 1
48 788 -1
23 789 1
82 789 -1
23 790 1
63 790 -1
23 791 1
36 791 -1
23 792 1
43 792 -1
23 793 1
52 793 -1
23 794 1
8 794 -1
23 795 1
19 795 -1
23 796 1
33 796 -1
23 797 1
79 797 -1
23 798 1
85 798 -1
23 799 1
16 799 -1
23 800 1
13 800 -1
23 801 1
45 801 -1
23 802 1
24 802 -1
23 803 1
69 803 -1
23 804 1
21 804 -1
23 805 1
54 805 -1
23 806 1
73 806 -1
23 807 1
81 807 -1
23 808 1
32 808 -1
23 809 1
80 809 -1
23 810 1
20 810 -1
23 811 1
7 811 -1
23 812 1
53 812 -1
23 813 1
31 813 -1
23 814 1
34 814 -1
24 815 1
3 815 -1
24 816 1
51 816 -1
24 817 1
35 817 -1
24 818 1
54 818 -1
24 819 1
56 819 -1
24 820 1
6 820 -1
24 821 1
59 821 -1
24 822 1
43 822 -1
24 823 1
17 823 -1
24 824 1
58 824 -1
24 825 1
25 825 -1
24 826 1
77 826 -1
24 827 1
19 827 -1
24 828 1
50 828 -1
24 829 1
79 829 -1
24 830 1
86 830 -1
24 831 1
14 831 -1
24 832 1
23 832 -1
24 833 1
4 833 -1
24 834 1
30 834 -1
24 835 1
26 835 -1
24 836 1
64 836 -1
24 837 1
27 837 -1
24 838 1
82 838 -1
24 839 1
63 839 -1
24 840 1
45 840 -1
24 841 1
7 841 -1
24 842 1
55 842 -1
24 843 1
16 843 -1
24 844 1
20 844 -1
24 845 1
88 845 -1
24 846 1
15 846 -1
24 847 1
76 847 -1
24 848 1
73 848 -1
24 849 1
8 849 -1
24 850 1
71 850 -1
24 851 1
78 851 -1
24 852 1
12 852 -1
24 853 1
40 853 -1
24 854 1
80 854 -1
24 855 1
69 855 -1
24 856 1
57 856 -1
24 857 1
85 857 -1
24 858 1
75 858 -1
24 859 1
61 859 -1
24 860 1
87 860 -1
24 861 1
41 861 -1
24 862 1
68 862 -1
24 863 1
10 863 -1
24 864 1
29 864 -1
24 865 1
84 865 -1
24 866 1
18 866 -1
24 867 1
66 867 -1
24 868 1
21 868 -1
24 869 1
81 869 -1
24 870 1
42 870 -1
24 871 1
52 871 -1
24 872 1
33 872 -1
24 873 1
48 873 -1
24 874 1
83 874 -1
25 875 1
40 875 -1
25 876 1
76 876 -1
25 877 1
43 877 -1
25 878 1
57 878 -1
25 879 1
28 879 -1
25 880 1
7 880 -1
25 881 1
68 881 -1
25 882 1
70 882 -1
25 883 1
19 883 -1
25 884 1
18 884 -1
25 885 1
2 885 -1
25 886 1
51 886 -1
25 887 1
9 887 -1
25 888 1
49 888 -1
25 889 1
83 889 -1
25 890 1
73 890 -1
25 891 1
87 891 -1
25 892 1
29 892 -1
25 893 1
37 893 -1
25 894 1
16 894 -1
25 895 1
54 895 -1
25 896 1
24 896 -1
25 897 1
55 897 -1
25 898 1
22 898 -1
25 899 1
59 899 -1
25 900 1
34 900 -1
25 901 1
42 901 -1
25 902 1
41 902 -1
25 903 1
20 903 -1
25 904 1
45 904 -1
25 905 1
89 905 -1
25 906 1
47 906 -1
25 907 1
21 907 -1
25 908 1
48 908 -1
25 909 1
46 909 -1
25 910 1
10 910 -1
25 911 1
44 911 -1
25 912 1
26 912 -1
25 913 1
69 913 -1
25 914 1
36 914 -1
25 915 1
30 915 -1
25 916 1
39 916 -1
25 917 1
78 917 -1
25 918 1
81 918 -1
25 919 1
38 919 -1
25 920 1
23 920 -1
25 921 1
84 921 -1
25 922 1
85 922 -1
25 923 1
4 923 -1
25 924 1
64 924 -1
25 925 1
33 925 -1
25 926 1
8 926 -1
25 927 1
53 927 -1
25 928 1
13 928 -1
25 929 1
17 929 -1
25 930 1
82 930 -1
25 931 1
63 931 -1
25 932 1
12 932 -1
25 933 1
32 933 -1
25 934 1
77 934 -1
25 935 1
62 935 -1
25 936 1
27 936 -1
25 937 1
79 937 -1
26 938 1
8 938 -1
26 939 1
16 939 -1
26 940 1
85 940 -1
26 941 1
86 941 -1
26 942 1
38 942 -1
26 943 1
22 943 -1
26 944 1
64 944 -1
26 945 1
68 945 -1
26 946 1
18 946 -1
26 947 1
56 947 -1
26 948 1
84 948 -1
26 949 1
81 949 -1
26 950 1
35 950 -1
26 951 1
43 951 -1
26 952 1
61 952 -1
26 953 1
78 953 -1
26 954 1
7 954 -1
26 955 1
54 955 -1
26 956 1
30 956 -1
26 957 1
65 957 -1
26 958 1
2 958 -1
26 959 1
82 959 -1
26 960 1
67 960 -1
26 961 1
41 961 -1
26 962 1
58 962 -1
26 963 1
76 963 -1
26 964 1
80 964 -1
26 965 1
10 965 -1
26 966 1
48 966 -1
26 967 1
13 967 -1
26 968 1
71 968 -1
26 969 1
70 969 -1
26 970 1
47 970 -1
26 971 1
52 971 -1
26 972 1
60 972 -1
26 973 1
9 973 -1
26 974 1
75 974 -1
26 975 1
57 975 -1
26 976 1
31 976 -1
26 977 1
55 977 -1
26 978 1
45 978 -1
26 979 1
89 979 -1
26 980 1
27 980 -1
26 981 1
37 981 -1
26 982 1
62 982 -1
26 983 1
23 983 -1
26 984 1
12 984 -1
26 985 1
11 985 -1
26 986 1
34 986 -1
26 987 1
74 987 -1
26 988 1
77 988 -1
26 989 1
66 989 -1
26 990 1
51 990 -1
26 991 1
29 991 -1
26 992 1
19 992 -1
26 993 1
39 993 -1
26 994 1
79 994 -1
26 995 1
42 995 -1
26 996 1
21 996 -1
26 997 1
73 997 -1
26 998 1
49 998 -1
26 999 1
63 999 -1
26 1000 1
28 1000 -1
26 1001 1
40 1001 -1
26 1002 1
3 1002 -1
26 1003 1
17 1003 -1
26 1004 1
20 1004 -1
26 1005 1
50 1005 -1
26 1006 1
69 1006 -1
26 1007 1
88 1007 -1
26 1008 1
25 1008 -1
27 1009 1
68 1009 -1
27 1010 1
57 1010 -1
27 1011 1
42 1011 -1
27 1012 1
77 1012 -1
27 1013 1
3 1013 -1
27 1014 1
38 1014 -1
27 1015 1
12 1015 -1
27 1016 1
84 1016 -1
27 1017 1
61 1017 -1
27 1018 1
37 1018 -1
27 1019 1
9 1019 -1
27 1020 1
67 1020 -1
27 1021 1
18 1021 -1
27 1022 1
41 1022 -1
27 1023 1
47 1023 -1
27 1024 1
30 1024 -1
27 1025 1
64 1025 -1
27 1026 1
15 1026 -1
27 1027 1
54 1027 -1
27 1028 1
32 1028 -1
27 1029 1
81 1029 -1
27 1030 1
39 1030 -1
27 1031 1
50 1031 -1
27 1032 1
13 1032 -1
27 1033 1
49 1033 -1
27 1034 1
62 1034 -1
27 1035 1
10 1035 -1
27 1036 1
34 1036 -1
27 1037 1
36 1037 -1
27 1038 1
59 1038 -1
27 1039 1
19 1039 -1
27 1040 1
65 1040 -1
27 1041 1
89 1041 -1
28 1042 1
84 1042 -1
28 1043 1
74 1043 -1
28 1044 1
78 1044 -1
28 1045 1
8 1045 -1
28 1046 1
65 1046 -1
28 1047 1
21 1047 -1
28 1048 1
73 1048 -1
28 1049 1
69 1049 -1
28 1050 1
46 1050 -1
28 1051 1
66 1051 -1
28 1052 1
56 1052 -1
28 1053 1
89 1053 -1
28 1054 1
83 1054 -1
28 1055 1
18 1055 -1
28 1056 1
61 1056 -1
28 1057 1
52 1057 -1
28 1058 1
3 1058 -1
28 1059 1
40 1059 -1
28 1060 1
14 1060 -1
28 1061 1
49 1061 -1
28 1062 1
26 1062 -1
28 1063 1
76 1063 -1
28 1064 1
27 1064 -1
28 1065 1
29 1065 -1
28 1066 1
67 1066 -1
28 1067 1
51 1067 -1
28 1068 1
34 1068 -1
28 1069 1
63 1069 -1
28 1070 1
70 1070 -1
28 1071 1
57 1071 -1
28 1072 1
80 1072 -1
28 1073 1
5 1073 -1
28 1074 1
54 1074 -1
28 1075 1
75 1075 -1
28 1076 1
24 1076 -1
28 1077 1
82 1077 -1
28 1078 1
12 1078 -1
28 1079 1
20 1079 -1
28 1080 1
10 1080 -1
28 1081 1
62 1081 -1
28 1082 1
37 1082 -1
28 1083 1
85 1083 -1
28 1084 1
31 1084 -1
28 1085 1
19 1085 -1
28 1086 1
44 1086 -1
28 1087 1
11 1087 -1
28 1088 1
22 1088 -1
28 1089 1
68 1089 -1
28 1090 1
38 1090 -1
29 1091 1
78 1091 -1
29 1092 1
16 1092 -1
29 1093 1
67 1093 -1
29 1094 1
65 1094 -1
29 1095 1
66 1095 -1
29 1096 1
41 1096 -1
29 1097 1
60 1097 -1
29 1098 1
58 1098 -1
29 1099 1
53 1099 -1
29 1100 1
14 1100 -1
29 1101 1
62 1101 -1
29 1102 1
3 1102 -1
29 1103 1
12 1103 -1
29 1104 1
33 1104 -1
29 1105 1
47 1105 -1
29 1106 1
72 1106 -1
29 1107 1
25 1107 -1
29 1108 1
68 1108 -1
29 1109 1
8 1109 -1
29 1110 1
37 1110 -1
29 1111 1
18 1111 -1
29 1112 1
7 1112 -1
29 1113 1
77 1113 -1
29 1114 1
32 1114 -1
29 1115 1
21 1115 -1
30 1116 1
27 1116 -1
30 1117 1
32 1117 -1
30 1118 1
17 1118 -1
30 1119 1
53 1119 -1
30 1120 1
7 1120 -1
30 1121 1
66 1121 -1
30 1122 1
73 1122 -1
30 1123 1
25 1123 -1
30 1124 1
51 1124 -1
30 1125 1
23 1125 -1
30 1126 1
63 1126 -1
30 1127 1
50 1127 -1
30 1128 1
87 1128 -1
30 1129 1
31 1129 -1
30 1130 1
8 1130 -1
30 1131 1
12 1131 -1
30 1132 1
58 1132 -1
30 1133 1
69 1133 -1
30 1134 1
60 1134 -1
30 1135 1
80 1135 -1
30 1136 1
36 1136 -1
30 1137 1
67 1137 -1
30 1138 1
35 1138 -1
30 1139 1
20 1139 -1
30 1140 1
72 1140 -1
30 1141 1
18 1141 -1
30 1142 1
45 1142 -1
30 1143 1
11 1143 -1
31 1144 1
14 1144 -1
31 1145 1
67 1145 -1
32 1146 1
64 1146 -1
32 1147 1
3 1147 -1
32 1148 1
38 1148 -1
32 1149 1
59 1149 -1
32 1150 1
23 1150 -1
32 1151 1
51 1151 -1
32 1152 1
79 1152 -1
32 1153 1
52 1153 -1
32 1154 1
55 1154 -1
32 1155 1
74 1155 -1
32 1156 1
5 1156 -1
32 1157 1
26 1157 -1
32 1158 1
87 1158 -1
32 1159 1
43 1159 -1
32 1160 1
86 1160 -1
32 1161 1
48 1161 -1
32 1162 1
60 1162 -1
32 1163 1
28 1163 -1
32 1164 1
36 1164 -1
32 1165 1
50 1165 -1
32 1166 1
27 1166 -1
32 1167 1
9 1167 -1
32 1168 1
19 1168 -1
32 1169 1
70 1169 -1
32 1170 1
11 1170 -1
32 1171 1
29 1171 -1
32 1172 1
31 1172 -1
32 1173 1
17 1173 -1
32 1174 1
16 1174 -1
32 1175 1
65 1175 -1
32 1176 1
46 1176 -1
32 1177 1
21 1177 -1
32 1178 1
44 1178 -1
32 1179 1
58 1179 -1
32 1180 1
84 1180 -1
32 1181 1
24 1181 -1
32 1182 1
81 1182 -1
32 1183 1
83 1183 -1
32 1184 1
13 1184 -1
32 1185 1
57 1185 -1
32 1186 1
35 1186 -1
32 1187 1
20 1187 -1
32 1188 1
45 1188 -1
32 1189 1
69 1189 -1
32 1190 1
68 1190 -1
32 1191 1
85 1191 -1
32 1192 1
8 1192 -1
32 1193 1
14 1193 -1
32 1194 1
73 1194 -1
32 1195 1
76 1195 -1
32 1196 1
4 1196 -1
32 1197 1
78 1197 -1
32 1198 1
18 1198 -1
32 1199 1
54 1199 -1
32 1200 1
53 1200 -1
32 1201 1
22 1201 -1
33 1202 1
24 1202 -1
33 1203 1
58 1203 -1
33 1204 1
6 1204 -1
33 1205 1
75 1205 -1
33 1206 1
22 1206 -1
33 1207 1
64 1207 -1
33 1208 1
26 1208 -1
33 1209 1
77 1209 -1
33 1210 1
52 1210 -1
33 1211 1
67 1211 -1
33 1212 1
70 1212 -1
33 1213 1
86 1213 -1
33 1214 1
27 1214 -1
33 1215 1
84 1215 -1
33 1216 1
49 1216 -1
33 1217 1
46 1217 -1
33 1218 1
89 1218 -1
33 1219 1
63 1219 -1
33 1220 1
88 1220 -1
33 1221 1
8 1221 -1
33 1222 1
36 1222 -1
33 1223 1
2 1223 -1
33 1224 1
41 1224 -1
33 1225 1
80 1225 -1
33 1226 1
87 1226 -1
33 1227 1
29 1227 -1
33 1228 1
31 1228 -1
33 1229 1
25 1229 -1
33 1230 1
3 1230 -1
33 1231 1
38 1231 -1
33 1232 1
10 1232 -1
33 1233 1
56 1233 -1
33 1234 1
15 1234 -1
33 1235 1
16 1235 -1
33 1236 1
69 1236 -1
33 1237 1
72 1237 -1
33 1238 1
71 1238 -1
33 1239 1
39 1239 -1
33 1240 1
78 1240 -1
33 1241 1
66 1241 -1
33 1242 1
9 1242 -1
33 1243 1
85 1243 -1
33 1244 1
55 1244 -1
33 1245 1
47 1245 -1
33 1246 1
30 1246 -1
33 1247 1
20 1247 -1
33 1248 1
34 1248 -1
33 1249 1
35 1249 -1
33 1250 1
68 1250 -1
33 1251 1
50 1251 -1
33 1252 1
62 1252 -1
33 1253 1
5 1253 -1
33 1254 1
83 1254 -1
33 1255 1
17 1255 -1
33 1256 1
19 1256 -1
33 1257 1
14 1257 -1
33 1258 1
57 1258 -1
33 1259 1
28 1259 -1
34 1260 1
35 1260 -1
34 1261 1
76 1261 -1
34 1262 1
23 1262 -1
34 1263 1
79 1263 -1
34 1264 1
62 1264 -1
34 1265 1
69 1265 -1
34 1266 1
83 1266 -1
34 1267 1
71 1267 -1
34 1268 1
18 1268 -1
34 1269 1
52 1269 -1
34 1270 1
28 1270 -1
34 1271 1
32 1271 -1
34 1272 1
31 1272 -1
34 1273 1
60 1273 -1
34 1274 1
63 1274 -1
34 1275 1
78 1275 -1
34 1276 1
77 1276 -1
35 1277 1
29 1277 -1
35 1278 1
9 1278 -1
35 1279 1
33 1279 -1
35 1280 1
19 1280 -1
35 1281 1
45 1281 -1
35 1282 1
83 1282 -1
35 1283 1
77 1283 -1
35 1284 1
89 1284 -1
35 1285 1
67 1285 -1
35 1286 1
72 1286 -1
35 1287 1
20 1287 -1
35 1288 1
68 1288 -1
35 1289 1
32 1289 -1
35 1290 1
66 1290 -1
35 1291 1
31 1291 -1
35 1292 1
43 1292 -1
35 1293 1
88 1293 -1
35 1294 1
17 1294 -1
35 1295 1
42 1295 -1
35 1296 1
2 1296 -1
35 1297 1
61 1297 -1
35 1298 1
65 1298 -1
35 1299 1
84 1299 -1
35 1300 1
13 1300 -1
35 1301 1
18 1301 -1
35 1302 1
41 1302 -1
35 1303 1
28 1303 -1
35 1304 1
71 1304 -1
35 1305 1
59 1305 -1
35 1306 1
73 1306 -1
35 1307 1
46 1307 -1
35 1308 1
76 1308 -1
35 1309 1
24 1309 -1
35 1310 1
5 1310 -1
35 1311 1
30 1311 -1
35 1312 1
69 1312 -1
35 1313 1
10 1313 -1
35 1314 1
60 1314 -1
35 1315 1
27 1315 -1
35 1316 1
48 1316 -1
35 1317 1
38 1317 -1
35 1318 1
40 1318 -1
35 1319 1
75 1319 -1
35 1320 1
55 1320 -1
35 1321 1
82 1321 -1
35 1322 1
51 1322 -1
35 1323 1
36 1323 -1
36 1324 1
66 1324 -1
36 1325 1
82 1325 -1
36 1326 1
59 1326 -1
36 1327 1
67 1327 -1
36 1328 1
44 1328 -1
36 1329 1
80 1329 -1
36 1330 1
55 1330 -1
36 1331 1
74 1331 -1
36 1332 1
65 1332 -1
36 1333 1
39 1333 -1
36 1334 1
19 1334 -1
36 1335 1
2 1335 -1
36 1336 1
6 1336 -1
36 1337 1
26 1337 -1
36 1338 1
21 1338 -1
36 1339 1
15 1339 -1
36 1340 1
40 1340 -1
36 1341 1
27 1341 -1
36 1342 1
62 1342 -1
36 1343 1
73 1343 -1
36 1344 1
42 1344 -1
36 1345 1
56 1345 -1
36 1346 1
5 1346 -1
36 1347 1
68 1347 -1
36 1348 1
85 1348 -1
36 1349 1
25 1349 -1
36 1350 1
60 1350 -1
37 1351 1
2 1351 -1
37 1352 1
10 1352 -1
38 1353 1
15 1353 -1
38 1354 1
30 1354 -1
38 1355 1
4 1355 -1
38 1356 1
70 1356 -1
38 1357 1
58 1357 -1
38 1358 1
16 1358 -1
38 1359 1
75 1359 -1
38 1360 1
71 1360 -1
38 1361 1
46 1361 -1
38 1362 1
72 1362 -1
38 1363 1
37 1363 -1
38 1364 1
33 1364 -1
38 1365 1
49 1365 -1
38 1366 1
85 1366 -1
38 1367 1
60 1367 -1
38 1368 1
77 1368 -1
38 1369 1
28 1369 -1
38 1370 1
63 1370 -1
38 1371 1
69 1371 -1
38 1372 1
43 1372 -1
38 1373 1
27 1373 -1
38 1374 1
53 1374 -1
38 1375 1
78 1375 -1
38 1376 1
51 1376 -1
38 1377 1
65 1377 -1
38 1378 1
35 1378 -1
38 1379 1
36 1379 -1
38 1380 1
86 1380 -1
39 1381 1
11 1381 -1
39 1382 1
38 1382 -1
39 1383 1
80 1383 -1
39 1384 1
22 1384 -1
39 1385 1
70 1385 -1
39 1386 1
31 1386 -1
39 1387 1
18 1387 -1
39 1388 1
9 1388 -1
39 1389 1
16 1389 -1
39 1390 1
88 1390 -1
39 1391 1
23 1391 -1
39 1392 1
76 1392 -1
39 1393 1
43 1393 -1
39 1394 1
24 1394 -1
39 1395 1
82 1395 -1
39 1396 1
83 1396 -1
39 1397 1
32 1397 -1
39 1398 1
57 1398 -1
39 1399 1
42 1399 -1
39 1400 1
5 1400 -1
39 1401 1
63 1401 -1
39 1402 1
45 1402 -1
39 1403 1
8 1403 -1
39 1404 1
65 1404 -1
39 1405 1
68 1405 -1
39 1406 1
62 1406 -1
39 1407 1
25 1407 -1
39 1408 1
64 1408 -1
39 1409 1
74 1409 -1
39 1410 1
84 1410 -1
39 1411 1
75 1411 -1
39 1412 1
3 1412 -1
39 1413 1
60 1413 -1
39 1414 1
53 1414 -1
39 1415 1
13 1415 -1
39 1416 1
12 1416 -1
39 1417 1
77 1417 -1
39 1418 1
30 1418 -1
39 1419 1
36 1419 -1
39 1420 1
59 1420 -1
39 1421 1
26 1421 -1
39 1422 1
85 1422 -1
39 1423 1
17 1423 -1
39 1424 1
44 1424 -1
39 1425 1
78 1425 -1
39 1426 1
71 1426 -1
39 1427 1
89 1427 -1
39 1428 1
4 1428 -1
39 1429 1
14 1429 -1
39 1430 1
49 1430 -1
39 1431 1
2 1431 -1
39 1432 1
87 1432 -1
39 1433 1
47 1433 -1
39 1434 1
48 1434 -1
39 1435 1
56 1435 -1
39 1436 1
46 1436 -1
39 1437 1
37 1437 -1
39 1438 1
58 1438 -1
39 1439 1
51 1439 -1
39 1440 1
19 1440 -1
40 1441 1
13 1441 -1
40 1442 1
11 1442 -1
40 1443 1
85 1443 -1
40 1444 1
54 1444 -1
40 1445 1
84 1445 -1
40 1446 1
86 1446 -1
40 1447 1
50 1447 -1
40 1448 1
26 1448 -1
40 1449 1
24 1449 -1
40 1450 1
89 1450 -1
40 1451 1
48 1451 -1
40 1452 1
49 1452 -1
40 1453 1
30 1453 -1
40 1454 1
68 1454 -1
40 1455 1
36 1455 -1
40 1456 1
4 1456 -1
40 1457 1
25 1457 -1
40 1458 1
23 1458 -1
40 1459 1
53 1459 -1
40 1460 1
8 1460 -1
40 1461 1
60 1461 -1
40 1462 1
64 1462 -1
40 1463 1
29 1463 -1
40 1464 1
55 1464 -1
40 1465 1
34 1465 -1
40 1466 1
67 1466 -1
40 1467 1
18 1467 -1
40 1468 1
76 1468 -1
40 1469 1
79 1469 -1
40 1470 1
61 1470 -1
41 1471 1
9 1471 -1
41 1472 1
66 1472 -1
41 1473 1
5 1473 -1
41 1474 1
10 1474 -1
41 1475 1
48 1475 -1
41 1476 1
43 1476 -1
41 1477 1
4 1477 -1
41 1478 1
60 1478 -1
41 1479 1
51 1479 -1
41 1480 1
11 1480 -1
41 1481 1
88 1481 -1
41 1482 1
65 1482 -1
41 1483 1
72 1483 -1
41 1484 1
16 1484 -1
41 1485 1
55 1485 -1
41 1486 1
70 1486 -1
41 1487 1
34 1487 -1
41 1488 1
53 1488 -1
41 1489 1
12 1489 -1
41 1490 1
44 1490 -1
41 1491 1
80 1491 -1
41 1492 1
83 1492 -1
41 1493 1
57 1493 -1
41 1494 1
35 1494 -1
41 1495 1
78 1495 -1
41 1496 1
27 1496 -1
41 1497 1
20 1497 -1
41 1498 1
81 1498 -1
41 1499 1
42 1499 -1
41 1500 1
6 1500 -1
41 1501 1
39 1501 -1
41 1502 1
37 1502 -1
41 1503 1
30 1503 -1
41 1504 1
52 1504 -1
41 1505 1
31 1505 -1
41 1506 1
82 1506 -1
41 1507 1
69 1507 -1
41 1508 1
23 1508 -1
41 1509 1
79 1509 -1
41 1510 1
61 1510 -1
41 1511 1
24 1511 -1
41 1512 1
49 1512 -1
41 1513 1
56 1513 -1
41 1514 1
13 1514 -1
41 1515 1
18 1515 -1
42 1516 1
36 1516 -1
42 1517 1
71 1517 -1
42 1518 1
69 1518 -1
42 1519 1
15 1519 -1
42 1520 1
81 1520 -1
42 1521 1
10 1521 -1
42 1522 1
56 1522 -1
42 1523 1
47 1523 -1
42 1524 1
37 1524 -1
42 1525 1
49 1525 -1
42 1526 1
58 1526 -1
42 1527 1
89 1527 -1
42 1528 1
6 1528 -1
42 1529 1
28 1529 -1
42 1530 1
80 1530 -1
42 1531 1
63 1531 -1
42 1532 1
79 1532 -1
42 1533 1
5 1533 -1
42 1534 1
40 1534 -1
42 1535 1
75 1535 -1
42 1536 1
73 1536 -1
42 1537 1
77 1537 -1
42 1538 1
53 1538 -1
42 1539 1
41 1539 -1
42 1540 1
51 1540 -1
42 1541 1
57 1541 -1
42 1542 1
87 1542 -1
42 1543 1
39 1543 -1
42 1544 1
3 1544 -1
42 1545 1
65 1545 -1
42 1546 1
72 1546 -1
42 1547 1
67 1547 -1
42 1548 1
38 1548 -1
42 1549 1
70 1549 -1
42 1550 1
59 1550 -1
42 1551 1
4 1551 -1
42 1552 1
23 1552 -1
42 1553 1
12 1553 -1
42 1554 1
50 1554 -1
42 1555 1
46 1555 -1
42 1556 1
82 1556 -1
42 1557 1
60 1557 -1
42 1558 1
88 1558 -1
42 1559 1
20 1559 -1
42 1560 1
43 1560 -1
42 1561 1
11 1561 -1
42 1562 1
61 1562 -1
42 1563 1
52 1563 -1
42 1564 1
45 1564 -1
42 1565 1
17 1565 -1
42 1566 1
13 1566 -1
42 1567 1
55 1567 -1
42 1568 1
27 1568 -1
42 1569 1
24 1569 -1
42 1570 1
29 1570 -1
42 1571 1
2 1571 -1
42 1572 1
14 1572 -1
42 1573 1
86 1573 -1
42 1574 1
33 1574 -1
42 1575 1
30 1575 -1
42 1576 1
21 1576 -1
42 1577 1
8 1577 -1
42 1578 1
16 1578 -1
43 1579 1
22 1579 -1
43 1580 1
30 1580 -1
43 1581 1
51 1581 -1
43 1582 1
6 1582 -1
43 1583 1
55 1583 -1
43 1584 1
64 1584 -1
43 1585 1
3 1585 -1
43 1586 1
17 1586 -1
43 1587 1
75 1587 -1
43 1588 1
65 1588 -1
43 1589 1
67 1589 -1
43 1590 1
18 1590 -1
43 1591 1
40 1591 -1
43 1592 1
9 1592 -1
43 1593 1
38 1593 -1
43 1594 1
45 1594 -1
43 1595 1
28 1595 -1
43 1596 1
73 1596 -1
43 1597 1
21 1597 -1
43 1598 1
88 1598 -1
43 1599 1
53 1599 -1
43 1600 1
31 1600 -1
43 1601 1
37 1601 -1
43 1602 1
14 1602 -1
43 1603 1
7 1603 -1
43 1604 1
60 1604 -1
43 1605 1
23 1605 -1
43 1606 1
15 1606 -1
43 1607 1
50 1607 -1
43 1608 1
68 1608 -1
43 1609 1
56 1609 -1
43 1610 1
69 1610 -1
43 1611 1
83 1611 -1
43 1612 1
41 1612 -1
43 1613 1
4 1613 -1
43 1614 1
42 1614 -1
43 1615 1
13 1615 -1
43 1616 1
57 1616 -1
43 1617 1
16 1617 -1
43 1618 1
32 1618 -1
43 1619 1
74 1619 -1
43 1620 1
8 1620 -1
43 1621 1
36 1621 -1
43 1622 1
12 1622 -1
43 1623 1
63 1623 -1
43 1624 1
87 1624 -1
43 1625 1
34 1625 -1
43 1626 1
62 1626 -1
43 1627 1
84 1627 -1
43 1628 1
47 1628 -1
43 1629 1
70 1629 -1
43 1630 1
39 1630 -1
43 1631 1
66 1631 -1
43 1632 1
29 1632 -1
43 1633 1
72 1633 -1
43 1634 1
44 1634 -1
43 1635 1
27 1635 -1
43 1636 1
54 1636 -1
43 1637 1
82 1637 -1
43 1638 1
61 1638 -1
43 1639 1
5 1639 -1
43 1640 1
86 1640 -1
43 1641 1
48 1641 -1
43 1642 1
2 1642 -1
44 1643 1
20 1643 -1
44 1644 1
29 1644 -1
44 1645 1
88 1645 -1
44 1646 1
73 1646 -1
44 1647 1
79 1647 -1
44 1648 1
62 1648 -1
45 1649 1
74 1649 -1
45 1650 1
77 1650 -1
45 1651 1
49 1651 -1
45 1652 1
43 1652 -1
45 1653 1
22 1653 -1
45 1654 1
5 1654 -1
45 1655 1
56 1655 -1
45 1656 1
39 1656 -1
45 1657 1
48 1657 -1
45 1658 1
20 1658 -1
45 1659 1
9 1659 -1
45 1660 1
83 1660 -1
45 1661 1
26 1661 -1
45 1662 1
11 1662 -1
45 1663 1
81 1663 -1
45 1664 1
71 1664 -1
45 1665 1
62 1665 -1
45 1666 1
41 1666 -1
45 1667 1
85 1667 -1
45 1668 1
16 1668 -1
45 1669 1
60 1669 -1
45 1670 1
44 1670 -1
45 1671 1
50 1671 -1
45 1672 1
58 1672 -1
45 1673 1
84 1673 -1
45 1674 1
23 1674 -1
45 1675 1
57 1675 -1
45 1676 1
63 1676 -1
45 1677 1
33 1677 -1
45 1678 1
12 1678 -1
45 1679 1
4 1679 -1
45 1680 1
35 1680 -1
45 1681 1
32 1681 -1
45 1682 1
27 1682 -1
45 1683 1
6 1683 -1
45 1684 1
54 1684 -1
45 1685 1
89 1685 -1
45 1686 1
64 1686 -1
45 1687 1
73 1687 -1
45 1688 1
37 1688 -1
46 1689 1
41 1689 -1
46 1690 1
29 1690 -1
46 1691 1
70 1691 -1
46 1692 1
32 1692 -1
46 1693 1
52 1693 -1
46 1694 1
81 1694 -1
46 1695 1
62 1695 -1
46 1696 1
15 1696 -1
46 1697 1
55 1697 -1
46 1698 1
84 1698 -1
46 1699 1
18 1699 -1
46 1700 1
82 1700 -1
46 1701 1
36 1701 -1
46 1702 1
77 1702 -1
46 1703 1
11 1703 -1
46 1704 1
71 1704 -1
46 1705 1
89 1705 -1
46 1706 1
56 1706 -1
46 1707 1
43 1707 -1
46 1708 1
24 1708 -1
46 1709 1
61 1709 -1
46 1710 1
35 1710 -1
46 1711 1
44 1711 -1
46 1712 1
9 1712 -1
46 1713 1
76 1713 -1
46 1714 1
38 1714 -1
46 1715 1
14 1715 -1
46 1716 1
87 1716 -1
46 1717 1
6 1717 -1
46 1718 1
51 1718 -1
46 1719 1
69 1719 -1
46 1720 1
7 1720 -1
46 1721 1
22 1721 -1
46 1722 1
16 1722 -1
46 1723 1
3 1723 -1
46 1724 1
47 1724 -1
46 1725 1
78 1725 -1
46 1726 1
58 1726 -1
46 1727 1
10 1727 -1
46 1728 1
83 1728 -1
46 1729 1
40 1729 -1
46 1730 1
60 1730 -1
46 1731 1
74 1731 -1
46 1732 1
85 1732 -1
46 1733 1
72 1733 -1
46 1734 1
34 1734 -1
46 1735 1
63 1735 -1
46 1736 1
27 1736 -1
46 1737 1
30 1737 -1
46 1738 1
4 1738 -1
46 1739 1
65 1739 -1
46 1740 1
17 1740 -1
46 1741 1
59 1741 -1
46 1742 1
75 1742 -1
46 1743 1
66 1743 -1
46 1744 1
12 1744 -1
46 1745 1
33 1745 -1
46 1746 1
64 1746 -1
46 1747 1
50 1747 -1
46 1748 1
5 1748 -1
46 1749 1
39 1749 -1
46 1750 1
42 1750 -1
46 1751 1
88 1751 -1
46 1752 1
28 1752 -1
46 1753 1
45 1753 -1
46 1754 1
23 1754 -1
46 1755 1
37 1755 -1
46 1756 1
21 1756 -1
46 1757 1
67 1757 -1
47 1758 1
56 1758 -1
47 1759 1
15 1759 -1
47 1760 1
41 1760 -1
47 1761 1
67 1761 -1
47 1762 1
76 1762 -1
47 1763 1
79 1763 -1
47 1764 1
45 1764 -1
47 1765 1
80 1765 -1
47 1766 1
7 1766 -1
47 1767 1
73 1767 -1
47 1768 1
16 1768 -1
47 1769 1
53 1769 -1
47 1770 1
9 1770 -1
47 1771 1
34 1771 -1
47 1772 1
75 1772 -1
47 1773 1
46 1773 -1
47 1774 1
40 1774 -1
47 1775 1
72 1775 -1
47 1776 1
19 1776 -1
47 1777 1
58 1777 -1
47 1778 1
62 1778 -1
47 1779 1
27 1779 -1
47 1780 1
54 1780 -1
47 1781 1
11 1781 -1
47 1782 1
85 1782 -1
47 1783 1
14 1783 -1
47 1784 1
49 1784 -1
47 1785 1
61 1785 -1
47 1786 1
18 1786 -1
47 1787 1
64 1787 -1
47 1788 1
22 1788 -1
47 1789 1
26 1789 -1
47 1790 1
50 1790 -1
47 1791 1
55 1791 -1
47 1792 1
8 1792 -1
47 1793 1
44 1793 -1
47 1794 1
37 1794 -1
47 1795 1
32 1795 -1
47 1796 1
89 1796 -1
47 1797 1
28 1797 -1
47 1798 1
17 1798 -1
47 1799 1
74 1799 -1
47 1800 1
84 1800 -1
47 1801 1
81 1801 -1
47 1802 1
60 1802 -1
47 1803 1
65 1803 -1
47 1804 1
33 1804 -1
47 1805 1
77 1805 -1
47 1806 1
29 1806 -1
47 1807 1
20 1807 -1
47 1808 1
43 1808 -1
47 1809 1
10 1809 -1
47 1810 1
25 1810 -1
47 1811 1
82 1811 -1
47 1812 1
66 1812 -1
47 1813 1
3 1813 -1
47 1814 1
13 1814 -1
47 1815 1
30 1815 -1
47 1816 1
31 1816 -1
47 1817 1
42 1817 -1
47 1818 1
83 1818 -1
47 1819 1
12 1819 -1
47 1820 1
38 1820 -1
47 1821 1
39 1821 -1
47 1822 1
51 1822 -1
47 1823 1
86 1823 -1
47 1824 1
21 1824 -1
48 1825 1
67 1825 -1
48 1826 1
38 1826 -1
48 1827 1
53 1827 -1
48 1828 1
84 1828 -1
48 1829 1
32 1829 -1
48 1830 1
24 1830 -1
48 1831 1
60 1831 -1
48 1832 1
25 1832 -1
48 1833 1
52 1833 -1
48 1834 1
13 1834 -1
48 1835 1
66 1835 -1
48 1836 1
28 1836 -1
48 1837 1
81 1837 -1
48 1838 1
54 1838 -1
48 1839 1
34 1839 -1
48 1840 1
45 1840 -1
48 1841 1
44 1841 -1
48 1842 1
69 1842 -1
48 1843 1
17 1843 -1
48 1844 1
47 1844 -1
48 1845 1
42 1845 -1
48 1846 1
76 1846 -1
48 1847 1
2 1847 -1
48 1848 1
64 1848 -1
48 1849 1
15 1849 -1
48 1850 1
78 1850 -1
48 1851 1
89 1851 -1
48 1852 1
21 1852 -1
48 1853 1
3 1853 -1
48 1854 1
23 1854 -1
48 1855 1
63 1855 -1
48 1856 1
16 1856 -1
48 1857 1
19 1857 -1
48 1858 1
18 1858 -1
48 1859 1
74 1859 -1
48 1860 1
62 1860 -1
48 1861 1
14 1861 -1
48 1862 1
30 1862 -1
48 1863 1
31 1863 -1
48 1864 1
6 1864 -1
48 1865 1
59 1865 -1
48 1866 1
85 1866 -1
48 1867 1
5 1867 -1
48 1868 1
77 1868 -1
48 1869 1
29 1869 -1
48 1870 1
71 1870 -1
48 1871 1
8 1871 -1
48 1872 1
12 1872 -1
48 1873 1
57 1873 -1
48 1874 1
7 1874 -1
48 1875 1
75 1875 -1
48 1876 1
55 1876 -1
48 1877 1
26 1877 -1
48 1878 1
46 1878 -1
48 1879 1
88 1879 -1
48 1880 1
82 1880 -1
48 1881 1
87 1881 -1
48 1882 1
37 1882 -1
48 1883 1
83 1883 -1
48 1884 1
4 1884 -1
48 1885 1
65 1885 -1
49 1886 1
69 1886 -1
49 1887 1
71 1887 -1
49 1888 1
84 1888 -1
49 1889 1
59 1889 -1
49 1890 1
57 1890 -1
49 1891 1
18 1891 -1
49 1892 1
81 1892 -1
49 1893 1
20 1893 -1
49 1894 1
19 1894 -1
49 1895 1
77 1895 -1
49 1896 1
65 1896 -1
49 1897 1
55 1897 -1
49 1898 1
2 1898 -1
49 1899 1
3 1899 -1
49 1900 1
76 1900 -1
49 1901 1
64 1901 -1
49 1902 1
27 1902 -1
49 1903 1
34 1903 -1
49 1904 1
43 1904 -1
49 1905 1
36 1905 -1
49 1906 1
56 1906 -1
49 1907 1
63 1907 -1
49 1908 1
89 1908 -1
49 1909 1
48 1909 -1
49 1910 1
72 1910 -1
49 1911 1
31 1911 -1
49 1912 1
4 1912 -1
49 1913 1
50 1913 -1
49 1914 1
15 1914 -1
49 1915 1
45 1915 -1
49 1916 1
83 1916 -1
49 1917 1
17 1917 -1
49 1918 1
80 1918 -1
49 1919 1
12 1919 -1
49 1920 1
85 1920 -1
50 1921 1
12 1921 -1
50 1922 1
23 1922 -1
50 1923 1
4 1923 -1
50 1924 1
22 1924 -1
50 1925 1
48 1925 -1
50 1926 1
11 1926 -1
50 1927 1
52 1927 -1
50 1928 1
87 1928 -1
50 1929 1
80 1929 -1
50 1930 1
17 1930 -1
50 1931 1
18 1931 -1
50 1932 1
5 1932 -1
50 1933 1
85 1933 -1
50 1934 1
53 1934 -1
50 1935 1
37 1935 -1
50 1936 1
31 1936 -1
50 1937 1
36 1937 -1
50 1938 1
63 1938 -1
51 1939 1
58 1939 -1
51 1940 1
29 1940 -1
51 1941 1
2 1941 -1
51 1942 1
49 1942 -1
51 1943 1
36 1943 -1
51 1944 1
15 1944 -1
51 1945 1
35 1945 -1
51 1946 1
85 1946 -1
51 1947 1
65 1947 -1
51 1948 1
76 1948 -1
51 1949 1
28 1949 -1
51 1950 1
3 1950 -1
51 1951 1
12 1951 -1
51 1952 1
82 1952 -1
51 1953 1
17 1953 -1
51 1954 1
8 1954 -1
51 1955 1
33 1955 -1
51 1956 1
89 1956 -1
51 1957 1
23 1957 -1
51 1958 1
75 1958 -1
51 1959 1
70 1959 -1
51 1960 1
86 1960 -1
51 1961 1
50 1961 -1
51 1962 1
46 1962 -1
51 1963 1
47 1963 -1
51 1964 1
13 1964 -1
51 1965 1
48 1965 -1
51 1966 1
67 1966 -1
51 1967 1
84 1967 -1
51 1968 1
10 1968 -1
51 1969 1
83 1969 -1
51 1970 1
72 1970 -1
51 1971 1
45 1971 -1
51 1972 1
41 1972 -1
51 1973 1
31 1973 -1
51 1974 1
74 1974 -1
51 1975 1
5 1975 -1
51 1976 1
68 1976 -1
51 1977 1
61 1977 -1
52 1978 1
23 1978 -1
52 1979 1
88 1979 -1
52 1980 1
32 1980 -1
52 1981 1
54 1981 -1
52 1982 1
61 1982 -1
52 1983 1
78 1983 -1
52 1984 1
3 1984 -1
52 1985 1
70 1985 -1
52 1986 1
67 1986 -1
52 1987 1
25 1987 -1
52 1988 1
46 1988 -1
52 1989 1
51 1989 -1
52 1990 1
64 1990 -1
52 1991 1
66 1991 -1
52 1992 1
85 1992 -1
52 1993 1
7 1993 -1
52 1994 1
41 1994 -1
52 1995 1
10 1995 -1
52 1996 1
58 1996 -1
52 1997 1
27 1997 -1
52 1998 1
35 1998 -1
52 1999 1
30 1999 -1
52 2000 1
69 2000 -1
52 2001 1
5 2001 -1
52 2002 1
13 2002 -1
52 2003 1
31 2003 -1
52 2004 1
2 2004 -1
52 2005 1
71 2005 -1
52 2006 1
28 2006 -1
52 2007 1
74 2007 -1
53 2008 1
54 2008 -1
53 2009 1
79 2009 -1
53 2010 1
66 2010 -1
53 2011 1
75 2011 -1
53 2012 1
64 2012 -1
53 2013 1
74 2013 -1
53 2014 1
80 2014 -1
53 2015 1
52 2015 -1
53 2016 1
32 2016 -1
53 2017 1
40 2017 -1
53 2018 1
78 2018 -1
53 2019 1
48 2019 -1
53 2020 1
33 2020 -1
53 2021 1
45 2021 -1
53 2022 1
46 2022 -1
53 2023 1
89 2023 -1
53 2024 1
47 2024 -1
53 2025 1
8 2025 -1
53 2026 1
71 2026 -1
53 2027 1
44 2027 -1
53 2028 1
82 2028 -1
53 2029 1
23 2029 -1
53 2030 1
5 2030 -1
53 2031 1
62 2031 -1
53 2032 1
67 2032 -1
53 2033 1
15 2033 -1
53 2034 1
12 2034 -1
53 2035 1
57 2035 -1
53 2036 1
85 2036 -1
53 2037 1
21 2037 -1
53 2038 1
30 2038 -1
53 2039 1
36 2039 -1
53 2040 1
87 2040 -1
53 2041 1
77 2041 -1
53 2042 1
7 2042 -1
53 2043 1
63 2043 -1
53 2044 1
58 2044 -1
53 2045 1
43 2045 -1
53 2046 1
68 2046 -1
53 2047 1
39 2047 -1
53 2048 1
10 2048 -1
53 2049 1
28 2049 -1
53 2050 1
70 2050 -1
53 2051 1
22 2051 -1
53 2052 1
51 2052 -1
53 2053 1
35 2053 -1
53 2054 1
76 2054 -1
53 2055 1
56 2055 -1
53 2056 1
6 2056 -1
53 2057 1
3 2057 -1
53 2058 1
38 2058 -1
53 2059 1
88 2059 -1
54 2060 1
73 2060 -1
54 2061 1
68 2061 -1
54 2062 1
6 2062 -1
54 2063 1
23 2063 -1
54 2064 1
82 2064 -1
54 2065 1
47 2065 -1
54 2066 1
63 2066 -1
54 2067 1
70 2067 -1
54 2068 1
26 2068 -1
54 2069 1
75 2069 -1
54 2070 1
22 2070 -1
54 2071 1
46 2071 -1
54 2072 1
80 2072 -1
54 2073 1
7 2073 -1
54 2074 1
71 2074 -1
54 2075 1
42 2075 -1
54 2076 1
89 2076 -1
54 2077 1
57 2077 -1
54 2078 1
24 2078 -1
54 2079 1
69 2079 -1
54 2080 1
83 2080 -1
54 2081 1
66 2081 -1
54 2082 1
61 2082 -1
54 2083 1
59 2083 -1
54 2084 1
3 2084 -1
54 2085 1
41 2085 -1
54 2086 1
33 2086 -1
54 2087 1
10 2087 -1
54 2088 1
76 2088 -1
54 2089 1
8 2089 -1
54 2090 1
31 2090 -1
55 2091 1
21 2091 -1
55 2092 1
3 2092 -1
55 2093 1
7 2093 -1
55 2094 1
43 2094 -1
55 2095 1
26 2095 -1
55 2096 1
64 2096 -1
55 2097 1
57 2097 -1
55 2098 1
77 2098 -1
55 2099 1
61 2099 -1
55 2100 1
33 2100 -1
55 2101 1
78 2101 -1
55 2102 1
52 2102 -1
55 2103 1
15 2103 -1
55 2104 1
6 2104 -1
55 2105 1
37 2105 -1
55 2106 1
89 2106 -1
55 2107 1
5 2107 -1
55 2108 1
44 2108 -1
55 2109 1
19 2109 -1
55 2110 1
46 2110 -1
55 2111 1
71 2111 -1
55 2112 1
82 2112 -1
55 2113 1
34 2113 -1
55 2114 1
50 2114 -1
55 2115 1
60 2115 -1
55 2116 1
11 2116 -1
55 2117 1
49 2117 -1
55 2118 1
39 2118 -1
55 2119 1
81 2119 -1
55 2120 1
4 2120 -1
55 2121 1
24 2121 -1
55 2122 1
59 2122 -1
55 2123 1
51 2123 -1
55 2124 1
10 2124 -1
55 2125 1
2 2125 -1
55 2126 1
83 2126 -1
55 2127 1
48 2127 -1
56 2128 1
80 2128 -1
56 2129 1
61 2129 -1
56 2130 1
35 2130 -1
56 2131 1
59 2131 -1
56 2132 1
6 2132 -1
56 2133 1
12 2133 -1
56 2134 1
54 2134 -1
56 2135 1
77 2135 -1
56 2136 1
7 2136 -1
56 2137 1
74 2137 -1
56 2138 1
64 2138 -1
56 2139 1
45 2139 -1
56 2140 1
26 2140 -1
56 2141 1
14 2141 -1
56 2142 1
83 2142 -1
56 2143 1
4 2143 -1
56 2144 1
68 2144 -1
56 2145 1
58 2145 -1
56 2146 1
3 2146 -1
56 2147 1
89 2147 -1
56 2148 1
82 2148 -1
56 2149 1
70 2149 -1
56 2150 1
62 2150 -1
56 2151 1
39 2151 -1
56 2152 1
27 2152 -1
56 2153 1
30 2153 -1
56 2154 1
44 2154 -1
56 2155 1
67 2155 -1
56 2156 1
25 2156 -1
56 2157 1
32 2157 -1
56 2158 1
49 2158 -1
56 2159 1
85 2159 -1
56 2160 1
76 2160 -1
56 2161 1
41 2161 -1
56 2162 1
87 2162 -1
56 2163 1
20 2163 -1
56 2164 1
63 2164 -1
56 2165 1
42 2165 -1
56 2166 1
9 2166 -1
56 2167 1
36 2167 -1
56 2168 1
18 2168 -1
56 2169 1
81 2169 -1
56 2170 1
88 2170 -1
56 2171 1
75 2171 -1
56 2172 1
50 2172 -1
56 2173 1
34 2173 -1
56 2174 1
8 2174 -1
56 2175 1
55 2175 -1
56 2176 1
2 2176 -1
56 2177 1
72 2177 -1
57 2178 1
65 2178 -1
57 2179 1
86 2179 -1
57 2180 1
26 2180 -1
57 2181 1
62 2181 -1
57 2182 1
85 2182 -1
57 2183 1
46 2183 -1
57 2184 1
20 2184 -1
57 2185 1
13 2185 -1
57 2186 1
9 2186 -1
57 2187 1
69 2187 -1
57 2188 1
54 2188 -1
57 2189 1
75 2189 -1
57 2190 1
38 2190 -1
57 2191 1
35 2191 -1
57 2192 1
40 2192 -1
57 2193 1
82 2193 -1
57 2194 1
7 2194 -1
57 2195 1
76 2195 -1
57 2196 1
88 2196 -1
57 2197 1
2 2197 -1
57 2198 1
27 2198 -1
57 2199 1
21 2199 -1
57 2200 1
74 2200 -1
57 2201 1
47 2201 -1
57 2202 1
83 2202 -1
58 2203 1
72 2203 -1
58 2204 1
86 2204 -1
58 2205 1
20 2205 -1
58 2206 1
26 2206 -1
58 2207 1
57 2207 -1
58 2208 1
59 2208 -1
58 2209 1
66 2209 -1
58 2210 1
27 2210 -1
58 2211 1
81 2211 -1
58 2212 1
48 2212 -1
58 2213 1
35 2213 -1
58 2214 1
83 2214 -1
58 2215 1
54 2215 -1
58 2216 1
10 2216 -1
58 2217 1
16 2217 -1
58 2218 1
14 2218 -1
58 2219 1
19 2219 -1
58 2220 1
88 2220 -1
58 2221 1
80 2221 -1
58 2222 1
3 2222 -1
58 2223 1
73 2223 -1
58 2224 1
32 2224 -1
58 2225 1
7 2225 -1
58 2226 1
89 2226 -1
58 2227 1
62 2227 -1
58 2228 1
69 2228 -1
58 2229 1
38 2229 -1
58 2230 1
52 2230 -1
58 2231 1
33 2231 -1
58 2232 1
6 2232 -1
58 2233 1
47 2233 -1
58 2234 1
40 2234 -1
58 2235 1
45 2235 -1
58 2236 1
44 2236 -1
58 2237 1
51 2237 -1
58 2238 1
42 2238 -1
59 2239 1
60 2239 -1
59 2240 1
54 2240 -1
60 2241 1
63 2241 -1
60 2242 1
13 2242 -1
60 2243 1
58 2243 -1
60 2244 1
28 2244 -1
60 2245 1
23 2245 -1
60 2246 1
33 2246 -1
60 2247 1
69 2247 -1
60 2248 1
25 2248 -1
60 2249 1
43 2249 -1
60 2250 1
38 2250 -1
60 2251 1
61 2251 -1
60 2252 1
78 2252 -1
60 2253 1
27 2253 -1
60 2254 1
51 2254 -1
60 2255 1
50 2255 -1
60 2256 1
83 2256 -1
60 2257 1
12 2257 -1
60 2258 1
39 2258 -1
60 2259 1
87 2259 -1
60 2260 1
67 2260 -1
60 2261 1
24 2261 -1
60 2262 1
59 2262 -1
60 2263 1
70 2263 -1
60 2264 1
32 2264 -1
60 2265 1
77 2265 -1
60 2266 1
3 2266 -1
60 2267 1
4 2267 -1
60 2268 1
89 2268 -1
60 2269 1
81 2269 -1
60 2270 1
44 2270 -1
60 2271 1
20 2271 -1
60 2272 1
57 2272 -1
60 2273 1
47 2273 -1
60 2274 1
7 2274 -1
60 2275 1
52 2275 -1
60 2276 1
68 2276 -1
60 2277 1
46 2277 -1
60 2278 1
5 2278 -1
60 2279 1
65 2279 -1
60 2280 1
34 2280 -1
60 2281 1
74 2281 -1
60 2282 1
72 2282 -1
60 2283 1
8 2283 -1
60 2284 1
82 2284 -1
60 2285 1
36 2285 -1
60 2286 1
76 2286 -1
60 2287 1
64 2287 -1
60 2288 1
84 2288 -1
60 2289 1
56 2289 -1
60 2290 1
85 2290 -1
61 2291 1
5 2291 -1
61 2292 1
17 2292 -1
61 2293 1
77 2293 -1
61 2294 1
7 2294 -1
61 2295 1
31 2295 -1
61 2296 1
65 2296 -1
61 2297 1
6 2297 -1
61 2298 1
18 2298 -1
61 2299 1
74 2299 -1
61 2300 1
84 2300 -1
61 2301 1
89 2301 -1
61 2302 1
21 2302 -1
62 2303 1
46 2303 -1
62 2304 1
87 2304 -1
62 2305 1
11 2305 -1
62 2306 1
73 2306 -1
62 2307 1
70 2307 -1
62 2308 1
83 2308 -1
62 2309 1
45 2309 -1
62 2310 1
8 2310 -1
62 2311 1
13 2311 -1
62 2312 1
51 2312 -1
62 2313 1
77 2313 -1
62 2314 1
69 2314 -1
62 2315 1
40 2315 -1
62 2316 1
53 2316 -1
62 2317 1
24 2317 -1
62 2318 1
74 2318 -1
62 2319 1
47 2319 -1
62 2320 1
39 2320 -1
62 2321 1
35 2321 -1
62 2322 1
86 2322 -1
62 2323 1
22 2323 -1
62 2324 1
25 2324 -1
63 2325 1
51 2325 -1
63 2326 1
65 2326 -1
63 2327 1
87 2327 -1
63 2328 1
86 2328 -1
63 2329 1
68 2329 -1
63 2330 1
58 2330 -1
63 2331 1
48 2331 -1
63 2332 1
50 2332 -1
63 2333 1
37 2333 -1
63 2334 1
64 2334 -1
63 2335 1
66 2335 -1
63 2336 1
19 2336 -1
63 2337 1
18 2337 -1
63 2338 1
23 2338 -1
63 2339 1
70 2339 -1
63 2340 1
89 2340 -1
63 2341 1
83 2341 -1
63 2342 1
52 2342 -1
63 2343 1
45 2343 -1
63 2344 1
25 2344 -1
63 2345 1
60 2345 -1
63 2346 1
73 2346 -1
63 2347 1
16 2347 -1
63 2348 1
7 2348 -1
63 2349 1
39 2349 -1
63 2350 1
67 2350 -1
63 2351 1
6 2351 -1
63 2352 1
55 2352 -1
63 2353 1
29 2353 -1
63 2354 1
47 2354 -1
63 2355 1
28 2355 -1
63 2356 1
34 2356 -1
63 2357 1
17 2357 -1
63 2358 1
40 2358 -1
63 2359 1
21 2359 -1
63 2360 1
41 2360 -1
63 2361 1
2 2361 -1
63 2362 1
61 2362 -1
63 2363 1
5 2363 -1
63 2364 1
20 2364 -1
64 2365 1
71 2365 -1
64 2366 1
86 2366 -1
64 2367 1
58 2367 -1
64 2368 1
89 2368 -1
64 2369 1
78 2369 -1
64 2370 1
32 2370 -1
64 2371 1
21 2371 -1
64 2372 1
79 2372 -1
64 2373 1
84 2373 -1
64 2374 1
24 2374 -1
64 2375 1
67 2375 -1
64 2376 1
37 2376 -1
64 2377 1
14 2377 -1
64 2378 1
69 2378 -1
64 2379 1
68 2379 -1
64 2380 1
4 2380 -1
64 2381 1
46 2381 -1
64 2382 1
55 2382 -1
64 2383 1
7 2383 -1
64 2384 1
5 2384 -1
64 2385 1
20 2385 -1
64 2386 1
54 2386 -1
64 2387 1
26 2387 -1
64 2388 1
57 2388 -1
64 2389 1
61 2389 -1
64 2390 1
28 2390 -1
64 2391 1
2 2391 -1
64 2392 1
3 2392 -1
64 2393 1
11 2393 -1
64 2394 1
29 2394 -1
64 2395 1
72 2395 -1
64 2396 1
44 2396 -1
64 2397 1
33 2397 -1
64 2398 1
75 2398 -1
64 2399 1
51 2399 -1
64 2400 1
35 2400 -1
64 2401 1
9 2401 -1
64 2402 1
70 2402 -1
64 2403 1
66 2403 -1
64 2404 1
82 2404 -1
65 2405 1
37 2405 -1
65 2406 1
85 2406 -1
65 2407 1
36 2407 -1
65 2408 1
76 2408 -1
65 2409 1
9 2409 -1
65 2410 1
42 2410 -1
65 2411 1
11 2411 -1
65 2412 1
52 2412 -1
65 2413 1
53 2413 -1
65 2414 1
39 2414 -1
65 2415 1
25 2415 -1
65 2416 1
34 2416 -1
65 2417 1
32 2417 -1
65 2418 1
58 2418 -1
65 2419 1
66 2419 -1
65 2420 1
71 2420 -1
65 2421 1
21 2421 -1
65 2422 1
74 2422 -1
65 2423 1
88 2423 -1
65 2424 1
3 2424 -1
65 2425 1
41 2425 -1
65 2426 1
87 2426 -1
65 2427 1
54 2427 -1
65 2428 1
17 2428 -1
65 2429 1
44 2429 -1
65 2430 1
7 2430 -1
65 2431 1
75 2431 -1
65 2432 1
68 2432 -1
65 2433 1
40 2433 -1
65 2434 1
69 2434 -1
65 2435 1
57 2435 -1
65 2436 1
60 2436 -1
65 2437 1
78 2437 -1
65 2438 1
81 2438 -1
65 2439 1
16 2439 -1
65 2440 1
84 2440 -1
65 2441 1
38 2441 -1
65 2442 1
24 2442 -1
65 2443 1
19 2443 -1
65 2444 1
83 2444 -1
65 2445 1
82 2445 -1
65 2446 1
63 2446 -1
65 2447 1
46 2447 -1
65 2448 1
47 2448 -1
65 2449 1
35 2449 -1
65 2450 1
14 2450 -1
65 2451 1
8 2451 -1
65 2452 1
50 2452 -1
65 2453 1
18 2453 -1
65 2454 1
10 2454 -1
65 2455 1
20 2455 -1
65 2456 1
77 2456 -1
65 2457 1
70 2457 -1
66 2458 1
44 2458 -1
66 2459 1
8 2459 -1
67 2460 1
17 2460 -1
67 2461 1
36 2461 -1
67 2462 1
65 2462 -1
67 2463 1
52 2463 -1
67 2464 1
37 2464 -1
67 2465 1
14 2465 -1
67 2466 1
12 2466 -1
67 2467 1
31 2467 -1
67 2468 1
50 2468 -1
67 2469 1
75 2469 -1
67 2470 1
7 2470 -1
67 2471 1
44 2471 -1
67 2472 1
16 2472 -1
67 2473 1
40 2473 -1
67 2474 1
82 2474 -1
67 2475 1
45 2475 -1
67 2476 1
27 2476 -1
68 2477 1
81 2477 -1
68 2478 1
31 2478 -1
68 2479 1
78 2479 -1
68 2480 1
3 2480 -1
68 2481 1
46 2481 -1
68 2482 1
22 2482 -1
68 2483 1
23 2483 -1
68 2484 1
44 2484 -1
68 2485 1
74 2485 -1
68 2486 1
14 2486 -1
68 2487 1
27 2487 -1
68 2488 1
37 2488 -1
68 2489 1
49 2489 -1
68 2490 1
56 2490 -1
68 2491 1
66 2491 -1
68 2492 1
26 2492 -1
68 2493 1
73 2493 -1
68 2494 1
6 2494 -1
68 2495 1
36 2495 -1
68 2496 1
45 2496 -1
68 2497 1
76 2497 -1
68 2498 1
54 2498 -1
68 2499 1
19 2499 -1
68 2500 1
29 2500 -1
68 2501 1
17 2501 -1
68 2502 1
59 2502 -1
68 2503 1
8 2503 -1
68 2504 1
55 2504 -1
68 2505 1
7 2505 -1
68 2506 1
63 2506 -1
68 2507 1
47 2507 -1
68 2508 1
43 2508 -1
68 2509 1
10 2509 -1
68 2510 1
35 2510 -1
68 2511 1
65 2511 -1
68 2512 1
40 2512 -1
68 2513 1
58 2513 -1
68 2514 1
21 2514 -1
68 2515 1
88 2515 -1
68 2516 1
52 2516 -1
68 2517 1
41 2517 -1
68 2518 1
64 2518 -1
68 2519 1
67 2519 -1
68 2520 1
13 2520 -1
68 2521 1
53 2521 -1
68 2522 1
89 2522 -1
68 2523 1
32 2523 -1
68 2524 1
15 2524 -1
68 2525 1
80 2525 -1
68 2526 1
70 2526 -1
69 2527 1
57 2527 -1
69 2528 1
33 2528 -1
69 2529 1
48 2529 -1
69 2530 1
58 2530 -1
69 2531 1
41 2531 -1
69 2532 1
36 2532 -1
69 2533 1
44 2533 -1
69 2534 1
87 2534 -1
69 2535 1
52 2535 -1
69 2536 1
10 2536 -1
69 2537 1
2 2537 -1
69 2538 1
12 2538 -1
69 2539 1
55 2539 -1
69 2540 1
29 2540 -1
69 2541 1
53 2541 -1
69 2542 1
27 2542 -1
69 2543 1
61 2543 -1
69 2544 1
28 2544 -1
69 2545 1
59 2545 -1
69 2546 1
54 2546 -1
69 2547 1
8 2547 -1
69 2548 1
75 2548 -1
69 2549 1
21 2549 -1
69 2550 1
50 2550 -1
69 2551 1
77 2551 -1
70 2552 1
82 2552 -1
70 2553 1
83 2553 -1
70 2554 1
66 2554 -1
70 2555 1
44 2555 -1
70 2556 1
78 2556 -1
71 2557 1
28 2557 -1
71 2558 1
44 2558 -1
71 2559 1
32 2559 -1
72 2560 1
77 2560 -1
72 2561 1
63 2561 -1
72 2562 1
68 2562 -1
72 2563 1
86 2563 -1
72 2564 1
47 2564 -1
72 2565 1
38 2565 -1
72 2566 1
84 2566 -1
72 2567 1
79 2567 -1
72 2568 1
14 2568 -1
72 2569 1
67 2569 -1
72 2570 1
56 2570 -1
72 2571 1
30 2571 -1
72 2572 1
55 2572 -1
72 2573 1
50 2573 -1
72 2574 1
69 2574 -1
72 2575 1
22 2575 -1
72 2576 1
45 2576 -1
72 2577 1
2 2577 -1
72 2578 1
20 2578 -1
72 2579 1
64 2579 -1
72 2580 1
27 2580 -1
72 2581 1
54 2581 -1
72 2582 1
61 2582 -1
72 2583 1
42 2583 -1
72 2584 1
37 2584 -1
72 2585 1
80 2585 -1
72 2586 1
9 2586 -1
72 2587 1
81 2587 -1
72 2588 1
85 2588 -1
72 2589 1
41 2589 -1
72 2590 1
46 2590 -1
72 2591 1
35 2591 -1
72 2592 1
36 2592 -1
72 2593 1
78 2593 -1
72 2594 1
24 2594 -1
72 2595 1
29 2595 -1
72 2596 1
89 2596 -1
72 2597 1
10 2597 -1
72 2598 1
12 2598 -1
72 2599 1
23 2599 -1
72 2600 1
4 2600 -1
72 2601 1
48 2601 -1
72 2602 1
18 2602 -1
72 2603 1
73 2603 -1
72 2604 1
88 2604 -1
72 2605 1
57 2605 -1
72 2606 1
66 2606 -1
72 2607 1
6 2607 -1
72 2608 1
62 2608 -1
72 2609 1
21 2609 -1
72 2610 1
5 2610 -1
72 2611 1
44 2611 -1
72 2612 1
59 2612 -1
72 2613 1
3 2613 -1
72 2614 1
25 2614 -1
72 2615 1
34 2615 -1
72 2616 1
31 2616 -1
72 2617 1
71 2617 -1
72 2618 1
82 2618 -1
72 2619 1
17 2619 -1
72 2620 1
16 2620 -1
72 2621 1
70 2621 -1
72 2622 1
58 2622 -1
72 2623 1
28 2623 -1
72 2624 1
19 2624 -1
72 2625 1
33 2625 -1
72 2626 1
13 2626 -1
72 2627 1
8 2627 -1
72 2628 1
15 2628 -1
72 2629 1
40 2629 -1
73 2630 1
18 2630 -1
73 2631 1
89 2631 -1
73 2632 1
32 2632 -1
73 2633 1
52 2633 -1
73 2634 1
43 2634 -1
73 2635 1
26 2635 -1
73 2636 1
11 2636 -1
73 2637 1
12 2637 -1
73 2638 1
61 2638 -1
73 2639 1
25 2639 -1
73 2640 1
67 2640 -1
73 2641 1
9 2641 -1
73 2642 1
54 2642 -1
73 2643 1
58 2643 -1
73 2644 1
21 2644 -1
73 2645 1
15 2645 -1
73 2646 1
36 2646 -1
73 2647 1
2 2647 -1
73 2648 1
6 2648 -1
73 2649 1
7 2649 -1
73 2650 1
30 2650 -1
73 2651 1
75 2651 -1
73 2652 1
64 2652 -1
73 2653 1
16 2653 -1
73 2654 1
38 2654 -1
73 2655 1
14 2655 -1
73 2656 1
60 2656 -1
73 2657 1
81 2657 -1
73 2658 1
8 2658 -1
73 2659 1
78 2659 -1
73 2660 1
65 2660 -1
73 2661 1
17 2661 -1
73 2662 1
10 2662 -1
73 2663 1
76 2663 -1
73 2664 1
82 2664 -1
73 2665 1
50 2665 -1
73 2666 1
88 2666 -1
73 2667 1
68 2667 -1
73 2668 1
53 2668 -1
73 2669 1
71 2669 -1
73 2670 1
55 2670 -1
73 2671 1
74 2671 -1
73 2672 1
39 2672 -1
73 2673 1
20 2673 -1
73 2674 1
40 2674 -1
73 2675 1
57 2675 -1
73 2676 1
34 2676 -1
73 2677 1
79 2677 -1
73 2678 1
19 2678 -1
73 2679 1
46 2679 -1
73 2680 1
62 2680 -1
73 2681 1
49 2681 -1
73 2682 1
51 2682 -1
73 2683 1
70 2683 -1
73 2684 1
45 2684 -1
73 2685 1
37 2685 -1
73 2686 1
69 2686 -1
73 2687 1
56 2687 -1
73 2688 1
80 2688 -1
73 2689 1
22 2689 -1
73 2690 1
35 2690 -1
73 2691 1
5 2691 -1
73 2692 1
42 2692 -1
73 2693 1
27 2693 -1
73 2694 1
3 2694 -1
73 2695 1
86 2695 -1
73 2696 1
33 2696 -1
73 2697 1
4 2697 -1
73 2698 1
83 2698 -1
73 2699 1
31 2699 -1
73 2700 1
63 2700 -1
73 2701 1
47 2701 -1
74 2702 1
52 2702 -1
74 2703 1
8 2703 -1
74 2704 1
19 2704 -1
74 2705 1
6 2705 -1
75 2706 1
62 2706 -1
75 2707 1
30 2707 -1
75 2708 1
69 2708 -1
75 2709 1
80 2709 -1
75 2710 1
5 2710 -1
75 2711 1
56 2711 -1
75 2712 1
88 2712 -1
75 2713 1
44 2713 -1
75 2714 1
87 2714 -1
75 2715 1
21 2715 -1
75 2716 1
33 2716 -1
75 2717 1
49 2717 -1
75 2718 1
58 2718 -1
75 2719 1
37 2719 -1
75 2720 1
70 2720 -1
75 2721 1
34 2721 -1
75 2722 1
40 2722 -1
75 2723 1
86 2723 -1
75 2724 1
7 2724 -1
75 2725 1
12 2725 -1
75 2726 1
63 2726 -1
75 2727 1
71 2727 -1
75 2728 1
20 2728 -1
76 2729 1
7 2729 -1
76 2730 1
62 2730 -1
76 2731 1
78 2731 -1
76 2732 1
60 2732 -1
76 2733 1
20 2733 -1
76 2734 1
43 2734 -1
77 2735 1
38 2735 -1
77 2736 1
39 2736 -1
77 2737 1
51 2737 -1
77 2738 1
27 2738 -1
77 2739 1
57 2739 -1
77 2740 1
71 2740 -1
77 2741 1
58 2741 -1
77 2742 1
47 2742 -1
77 2743 1
53 2743 -1
77 2744 1
72 2744 -1
77 2745 1
34 2745 -1
77 2746 1
41 2746 -1
77 2747 1
13 2747 -1
77 2748 1
62 2748 -1
77 2749 1
3 2749 -1
77 2750 1
19 2750 -1
77 2751 1
36 2751 -1
77 2752 1
32 2752 -1
77 2753 1
44 2753 -1
77 2754 1
48 2754 -1
77 2755 1
25 2755 -1
77 2756 1
70 2756 -1
77 2757 1
33 2757 -1
77 2758 1
18 2758 -1
77 2759 1
23 2759 -1
77 2760 1
12 2760 -1
77 2761 1
76 2761 -1
77 2762 1
55 2762 -1
77 2763 1
56 2763 -1
77 2764 1
7 2764 -1
77 2765 1
20 2765 -1
77 2766 1
63 2766 -1
77 2767 1
42 2767 -1
77 2768 1
28 2768 -1
77 2769 1
59 2769 -1
77 2770 1
86 2770 -1
77 2771 1
2 2771 -1
77 2772 1
11 2772 -1
77 2773 1
61 2773 -1
77 2774 1
68 2774 -1
77 2775 1
49 2775 -1
77 2776 1
85 2776 -1
77 2777 1
89 2777 -1
77 2778 1
8 2778 -1
77 2779 1
66 2779 -1
77 2780 1
30 2780 -1
77 2781 1
64 2781 -1
77 2782 1
69 2782 -1
77 2783 1
21 2783 -1
77 2784 1
60 2784 -1
77 2785 1
82 2785 -1
77 2786 1
16 2786 -1
77 2787 1
10 2787 -1
77 2788 1
5 2788 -1
77 2789 1
37 2789 -1
77 2790 1
40 2790 -1
77 2791 1
52 2791 -1
77 2792 1
9 2792 -1
77 2793 1
6 2793 -1
77 2794 1
78 2794 -1
77 2795 1
15 2795 -1
77 2796 1
14 2796 -1
77 2797 1
74 2797 -1
77 2798 1
54 2798 -1
77 2799 1
88 2799 -1
77 2800 1
87 2800 -1
77 2801 1
80 2801 -1
78 2802 1
70 2802 -1
78 2803 1
7 2803 -1
78 2804 1
82 2804 -1
78 2805 1
59 2805 -1
78 2806 1
26 2806 -1
78 2807 1
55 2807 -1
78 2808 1
58 2808 -1
78 2809 1
40 2809 -1
78 2810 1
5 2810 -1
78 2811 1
12 2811 -1
78 2812 1
81 2812 -1
78 2813 1
50 2813 -1
78 2814 1
41 2814 -1
78 2815 1
84 2815 -1
78 2816 1
23 2816 -1
78 2817 1
32 2817 -1
78 2818 1
24 2818 -1
78 2819 1
75 2819 -1
78 2820 1
10 2820 -1
78 2821 1
46 2821 -1
78 2822 1
29 2822 -1
78 2823 1
79 2823 -1
78 2824 1
53 2824 -1
78 2825 1
47 2825 -1
78 2826 1
4 2826 -1
78 2827 1
69 2827 -1
78 2828 1
88 2828 -1
78 2829 1
87 2829 -1
78 2830 1
43 2830 -1
78 2831 1
6 2831 -1
78 2832 1
51 2832 -1
78 2833 1
19 2833 -1
78 2834 1
57 2834 -1
78 2835 1
67 2835 -1
78 2836 1
13 2836 -1
78 2837 1
73 2837 -1
78 2838 1
34 2838 -1
78 2839 1
72 2839 -1
78 2840 1
16 2840 -1
78 2841 1
48 2841 -1
78 2842 1
25 2842 -1
78 2843 1
36 2843 -1
78 2844 1
11 2844 -1
78 2845 1
39 2845 -1
78 2846 1
45 2846 -1
78 2847 1
27 2847 -1
78 2848 1
76 2848 -1
78 2849 1
30 2849 -1
78 2850 1
35 2850 -1
79 2851 1
53 2851 -1
79 2852 1
77 2852 -1
79 2853 1
10 2853 -1
79 2854 1
70 2854 -1
79 2855 1
56 2855 -1
79 2856 1
22 2856 -1
79 2857 1
5 2857 -1
79 2858 1
50 2858 -1
79 2859 1
26 2859 -1
79 2860 1
72 2860 -1
79 2861 1
51 2861 -1
79 2862 1
43 2862 -1
79 2863 1
65 2863 -1
79 2864 1
52 2864 -1
79 2865 1
59 2865 -1
79 2866 1
46 2866 -1
79 2867 1
76 2867 -1
79 2868 1
62 2868 -1
79 2869 1
47 2869 -1
79 2870 1
41 2870 -1
79 2871 1
8 2871 -1
79 2872 1
38 2872 -1
79 2873 1
13 2873 -1
79 2874 1
29 2874 -1
79 2875 1
44 2875 -1
79 2876 1
87 2876 -1
79 2877 1
69 2877 -1
79 2878 1
55 2878 -1
79 2879 1
3 2879 -1
79 2880 1
15 2880 -1
79 2881 1
63 2881 -1
79 2882 1
67 2882 -1
79 2883 1
24 2883 -1
79 2884 1
40 2884 -1
79 2885 1
14 2885 -1
79 2886 1
73 2886 -1
79 2887 1
88 2887 -1
79 2888 1
84 2888 -1
79 2889 1
80 2889 -1
79 2890 1
16 2890 -1
79 2891 1
30 2891 -1
79 2892 1
19 2892 -1
79 2893 1
32 2893 -1
79 2894 1
17 2894 -1
79 2895 1
34 2895 -1
79 2896 1
49 2896 -1
79 2897 1
33 2897 -1
79 2898 1
37 2898 -1
79 2899 1
18 2899 -1
80 2900 1
42 2900 -1
80 2901 1
51 2901 -1
80 2902 1
2 2902 -1
80 2903 1
24 2903 -1
80 2904 1
11 2904 -1
80 2905 1
57 2905 -1
80 2906 1
45 2906 -1
80 2907 1
58 2907 -1
80 2908 1
8 2908 -1
80 2909 1
52 2909 -1
80 2910 1
32 2910 -1
80 2911 1
54 2911 -1
80 2912 1
69 2912 -1
80 2913 1
75 2913 -1
80 2914 1
68 2914 -1
80 2915 1
72 2915 -1
80 2916 1
6 2916 -1
81 2917 1
43 2917 -1
81 2918 1
2 2918 -1
81 2919 1
23 2919 -1
81 2920 1
28 2920 -1
81 2921 1
30 2921 -1
81 2922 1
6 2922 -1
81 2923 1
71 2923 -1
81 2924 1
64 2924 -1
81 2925 1
82 2925 -1
81 2926 1
72 2926 -1
81 2927 1
13 2927 -1
81 2928 1
46 2928 -1
81 2929 1
27 2929 -1
81 2930 1
89 2930 -1
81 2931 1
32 2931 -1
81 2932 1
53 2932 -1
81 2933 1
36 2933 -1
81 2934 1
86 2934 -1
81 2935 1
52 2935 -1
81 2936 1
61 2936 -1
81 2937 1
8 2937 -1
81 2938 1
4 2938 -1
81 2939 1
16 2939 -1
81 2940 1
34 2940 -1
81 2941 1
62 2941 -1
81 2942 1
5 2942 -1
81 2943 1
63 2943 -1
81 2944 1
26 2944 -1
81 2945 1
57 2945 -1
81 2946 1
54 2946 -1
81 2947 1
47 2947 -1
81 2948 1
67 2948 -1
81 2949 1
10 2949 -1
81 2950 1
58 2950 -1
82 2951 1
16 2951 -1
82 2952 1
40 2952 -1
82 2953 1
50 2953 -1
82 2954 1
26 2954 -1
82 2955 1
59 2955 -1
82 2956 1
57 2956 -1
82 2957 1
32 2957 -1
82 2958 1
88 2958 -1
82 2959 1
72 2959 -1
82 2960 1
37 2960 -1
82 2961 1
29 2961 -1
82 2962 1
44 2962 -1
82 2963 1
47 2963 -1
82 2964 1
83 2964 -1
82 2965 1
84 2965 -1
82 2966 1
31 2966 -1
82 2967 1
62 2967 -1
82 2968 1
43 2968 -1
82 2969 1
20 2969 -1
82 2970 1
39 2970 -1
82 2971 1
80 2971 -1
82 2972 1
78 2972 -1
82 2973 1
17 2973 -1
82 2974 1
36 2974 -1
82 2975 1
23 2975 -1
82 2976 1
2 2976 -1
82 2977 1
35 2977 -1
82 2978 1
55 2978 -1
82 2979 1
75 2979 -1
82 2980 1
46 2980 -1
82 2981 1
58 2981 -1
82 2982 1
30 2982 -1
82 2983 1
12 2983 -1
82 2984 1
18 2984 -1
82 2985 1
14 2985 -1
82 2986 1
85 2986 -1
82 2987 1
76 2987 -1
82 2988 1
56 2988 -1
82 2989 1
34 2989 -1
82 2990 1
5 2990 -1
82 2991 1
51 2991 -1
82 2992 1
42 2992 -1
82 2993 1
79 2993 -1
82 2994 1
69 2994 -1
82 2995 1
73 2995 -1
82 2996 1
54 2996 -1
82 2997 1
70 2997 -1
82 2998 1
22 2998 -1
82 2999 1
52 2999 -1
82 3000 1
11 3000 -1
