1 1 1
107 1 -1
1 2 1
132 2 -1
1 3 1
44 3 -1
1 4 1
92 4 -1
1 5 1
68 5 -1
27 6 1
57 6 -1
27 7 1
94 7 -1
27 8 1
21 8 -1
27 9 1
127 9 -1
27 10 1
108 10 -1
27 11 1
62 11 -1
27 12 1
96 12 -1
27 13 1
29 13 -1
27 14 1
109 14 -1
27 15 1
68 15 -1
27 16 1
42 16 -1
27 17 1
20 17 -1
27 18 1
99 18 -1
49 19 1
74 19 -1
49 20 1
24 20 -1
49 21 1
61 21 -1
49 22 1
47 22 -1
49 23 1
140 23 -1
49 24 1
131 24 -1
49 25 1
134 25 -1
49 26 1
56 26 -1
53 27 1
118 27 -1
53 28 1
151 28 -1
53 29 1
30 29 -1
53 30 1
114 30 -1
53 31 1
59 31 -1
53 32 1
21 32 -1
53 33 1
83 33 -1
56 34 1
121 34 -1
56 35 1
55 35 -1
56 36 1
144 36 -1
56 37 1
150 37 -1
56 38 1
78 38 -1
56 39 1
79 39 -1
56 40 1
59 40 -1
57 41 1
64 41 -1
57 42 1
96 42 -1
57 43 1
23 43 -1
57 44 1
136 44 -1
57 45 1
98 45 -1
57 46 1
99 46 -1
57 47 1
80 47 -1
57 48 1
25 48 -1
57 49 1
101 49 -1
57 50 1
28 50 -1
57 51 1
62 51 -1
57 52 1
14 52 -1
57 53 1
27 53 -1
57 54 1
53 54 -1
57 55 1
10 55 -1
57 56 1
79 56 -1
57 57 1
129 57 -1
57 58 1
147 58 -1
57 59 1
42 59 -1
57 60 1
148 60 -1
57 61 1
20 61 -1
57 62 1
24 62 -1
57 63 1
56 63 -1
57 64 1
35 64 -1
57 65 1
17 65 -1
57 66 1
145 66 -1
57 67 1
113 67 -1
57 68 1
111 68 -1
57 69 1
91 69 -1
57 70 1
13 70 -1
57 71 1
112 71 -1
64 72 1
112 72 -1
64 73 1
108 73 -1
64 74 1
133 74 -1
64 75 1
141 75 -1
64 76 1
80 76 -1
64 77 1
82 77 -1
64 78 1
109 78 -1
64 79 1
116 79 -1
64 80 1
21 80 -1
64 81 1
61 81 -1
64 82 1
137 82 -1
64 83 1
126 83 -1
64 84 1
99 84 -1
64 85 1
155 85 -1
64 86 1
38 86 -1
64 87 1
147 87 -1
64 88 1
65 88 -1
64 89 1
106 89 -1
64 90 1
119 90 -1
64 91 1
69 91 -1
64 92 1
45 92 -1
64 93 1
102 93 -1
64 94 1
54 94 -1
64 95 1
90 95 -1
64 96 1
127 96 -1
64 97 1
35 97 -1
64 98 1
73 98 -1
64 99 1
117 99 -1
64 100 1
74 100 -1
74 101 1
75 101 -1
74 102 1
14 102 -1
74 103 1
123 103 -1
74 104 1
139 104 -1
74 105 1
117 105 -1
74 106 1
89 106 -1
74 107 1
40 107 -1
74 108 1
153 108 -1
74 109 1
85 109 -1
74 110 1
99 110 -1
74 111 1
144 111 -1
74 112 1
142 112 -1
74 113 1
49 113 -1
74 114 1
98 114 -1
74 115 1
112 115 -1
74 116 1
125 116 -1
74 117 1
107 117 -1
74 118 1
29 118 -1
74 119 1
53 119 -1
74 120 1
11 120 -1
74 121 1
16 121 -1
74 122 1
34 122 -1
74 123 1
19 123 -1
74 124 1
154 124 -1
74 125 1
43 125 -1
74 126 1
91 126 -1
74 127 1
102 127 -1
74 128 1
115 128 -1
74 129 1
97 129 -1
74 130 1
64 130 -1
75 131 1
150 131 -1
75 132 1
122 132 -1
75 133 1
36 133 -1
75 134 1
141 134 -1
75 135 1
45 135 -1
75 136 1
113 136 -1
75 137 1
86 137 -1
75 138 1
31 138 -1
75 139 1
19 139 -1
84 140 1
56 140 -1
84 141 1
137 141 -1
84 142 1
138 142 -1
84 143 1
10 143 -1
84 144 1
94 144 -1
84 145 1
89 145 -1
84 146 1
153 146 -1
84 147 1
97 147 -1
84 148 1
98 148 -1
84 149 1
109 149 -1
84 150 1
124 150 -1
84 151 1
150 151 -1
84 152 1
62 152 -1
84 153 1
83 153 -1
84 154 1
29 154 -1
84 155 1
45 155 -1
84 156 1
100 156 -1
84 157 1
147 157 -1
84 158 1
40 158 -1
84 159 1
112 159 -1
84 160 1
86 160 -1
84 161 1
148 161 -1
84 162 1
134 162 -1
84 163 1
33 163 -1
84 164 1
25 164 -1
84 165 1
47 165 -1
84 166 1
145 166 -1
84 167 1
23 167 -1
84 168 1
111 168 -1
84 169 1
121 169 -1
87 170 1
101 170 -1
87 171 1
143 171 -1
87 172 1
79 172 -1
87 173 1
121 173 -1
87 174 1
114 174 -1
87 175 1
153 175 -1
87 176 1
44 176 -1
87 177 1
83 177 -1
87 178 1
63 178 -1
87 179 1
15 179 -1
87 180 1
20 180 -1
87 181 1
125 181 -1
87 182 1
103 182 -1
87 183 1
33 183 -1
87 184 1
46 184 -1
87 185 1
14 185 -1
87 186 1
37 186 -1
87 187 1
55 187 -1
87 188 1
116 188 -1
87 189 1
74 189 -1
87 190 1
36 190 -1
87 191 1
94 191 -1
87 192 1
32 192 -1
87 193 1
11 193 -1
87 194 1
34 194 -1
87 195 1
28 195 -1
87 196 1
139 196 -1
87 197 1
155 197 -1
87 198 1
35 198 -1
87 199 1
80 199 -1
87 200 1
113 200 -1
87 201 1
72 201 -1
87 202 1
102 202 -1
87 203 1
18 203 -1
87 204 1
147 204 -1
87 205 1
67 205 -1
87 206 1
100 206 -1
87 207 1
13 207 -1
101 208 1
84 208 -1
101 209 1
137 209 -1
101 210 1
113 210 -1
101 211 1
11 211 -1
101 212 1
58 212 -1
101 213 1
71 213 -1
101 214 1
28 214 -1
101 215 1
36 215 -1
101 216 1
132 216 -1
105 217 1
53 217 -1
105 218 1
78 218 -1
105 219 1
148 219 -1
105 220 1
74 220 -1
105 221 1
125 221 -1
105 222 1
154 222 -1
105 223 1
104 223 -1
105 224 1
138 224 -1
105 225 1
24 225 -1
105 226 1
152 226 -1
105 227 1
18 227 -1
105 228 1
130 228 -1
105 229 1
42 229 -1
105 230 1
23 230 -1
105 231 1
11 231 -1
105 232 1
48 232 -1
105 233 1
62 233 -1
105 234 1
131 234 -1
105 235 1
118 235 -1
105 236 1
43 236 -1
105 237 1
25 237 -1
105 238 1
117 238 -1
105 239 1
153 239 -1
105 240 1
155 240 -1
105 241 1
35 241 -1
105 242 1
77 242 -1
105 243 1
143 243 -1
105 244 1
119 244 -1
105 245 1
140 245 -1
105 246 1
81 246 -1
105 247 1
71 247 -1
105 248 1
38 248 -1
105 249 1
127 249 -1
105 250 1
40 250 -1
105 251 1
113 251 -1
105 252 1
36 252 -1
106 253 1
141 253 -1
106 254 1
71 254 -1
106 255 1
35 255 -1
106 256 1
76 256 -1
106 257 1
20 257 -1
106 258 1
130 258 -1
106 259 1
9 259 -1
106 260 1
137 260 -1
106 261 1
15 261 -1
106 262 1
48 262 -1
106 263 1
135 263 -1
106 264 1
150 264 -1
106 265 1
74 265 -1
106 266 1
104 266 -1
106 267 1
111 267 -1
106 268 1
85 268 -1
106 269 1
46 269 -1
106 270 1
109 270 -1
106 271 1
24 271 -1
106 272 1
102 272 -1
106 273 1
144 273 -1
106 274 1
119 274 -1
106 275 1
39 275 -1
107 276 1
125 276 -1
107 277 1
123 277 -1
107 278 1
90 278 -1
107 279 1
126 279 -1
107 280 1
87 280 -1
107 281 1
15 281 -1
107 282 1
29 282 -1
107 283 1
135 283 -1
107 284 1
35 284 -1
107 285 1
53 285 -1
107 286 1
30 286 -1
107 287 1
40 287 -1
107 288 1
33 288 -1
107 289 1
92 289 -1
107 290 1
69 290 -1
107 291 1
55 291 -1
107 292 1
28 292 -1
107 293 1
142 293 -1
107 294 1
88 294 -1
107 295 1
104 295 -1
107 296 1
61 296 -1
107 297 1
13 297 -1
112 298 1
49 298 -1
112 299 1
47 299 -1
112 300 1
76 300 -1
112 301 1
106 301 -1
112 302 1
51 302 -1
112 303 1
136 303 -1
112 304 1
77 304 -1
112 305 1
117 305 -1
112 306 1
108 306 -1
112 307 1
82 307 -1
112 308 1
37 308 -1
112 309 1
35 309 -1
112 310 1
90 310 -1
112 311 1
56 311 -1
112 312 1
130 312 -1
112 313 1
39 313 -1
112 314 1
111 314 -1
112 315 1
102 315 -1
112 316 1
120 316 -1
112 317 1
97 317 -1
112 318 1
54 318 -1
112 319 1
115 319 -1
112 320 1
66 320 -1
112 321 1
64 321 -1
118 322 1
152 322 -1
118 323 1
87 323 -1
118 324 1
95 324 -1
118 325 1
133 325 -1
118 326 1
119 326 -1
118 327 1
122 327 -1
118 328 1
58 328 -1
118 329 1
82 329 -1
118 330 1
70 330 -1
118 331 1
32 331 -1
118 332 1
66 332 -1
118 333 1
130 333 -1
118 334 1
52 334 -1
118 335 1
49 335 -1
118 336 1
90 336 -1
118 337 1
38 337 -1
118 338 1
94 338 -1
118 339 1
97 339 -1
118 340 1
39 340 -1
118 341 1
27 341 -1
118 342 1
141 342 -1
118 343 1
75 343 -1
118 344 1
13 344 -1
118 345 1
73 345 -1
118 346 1
146 346 -1
118 347 1
48 347 -1
118 348 1
43 348 -1
118 349 1
20 349 -1
118 350 1
149 350 -1
118 351 1
88 351 -1
118 352 1
91 352 -1
118 353 1
117 353 -1
118 354 1
19 354 -1
118 355 1
115 355 -1
121 356 1
106 356 -1
121 357 1
59 357 -1
121 358 1
147 358 -1
121 359 1
15 359 -1
121 360 1
101 360 -1
121 361 1
40 361 -1
121 362 1
100 362 -1
121 363 1
95 363 -1
121 364 1
20 364 -1
121 365 1
133 365 -1
121 366 1
36 366 -1
121 367 1
97 367 -1
121 368 1
51 368 -1
121 369 1
47 369 -1
121 370 1
127 370 -1
121 371 1
134 371 -1
121 372 1
29 372 -1
121 373 1
92 373 -1
125 374 1
105 374 -1
125 375 1
44 375 -1
125 376 1
70 376 -1
125 377 1
55 377 -1
125 378 1
107 378 -1
125 379 1
73 379 -1
125 380 1
86 380 -1
125 381 1
12 381 -1
125 382 1
131 382 -1
125 383 1
82 383 -1
125 384 1
97 384 -1
141 385 1
27 385 -1
141 386 1
69 386 -1
141 387 1
26 387 -1
141 388 1
44 388 -1
141 389 1
83 389 -1
141 390 1
155 390 -1
141 391 1
30 391 -1
141 392 1
102 392 -1
141 393 1
54 393 -1
141 394 1
107 394 -1
141 395 1
153 395 -1
141 396 1
124 396 -1
141 397 1
64 397 -1
141 398 1
134 398 -1
141 399 1
47 399 -1
141 400 1
111 400 -1
141 401 1
128 401 -1
141 402 1
98 402 -1
2 403 1
65 403 -1
2 404 1
48 404 -1
2 405 1
101 405 -1
2 406 1
26 406 -1
2 407 1
79 407 -1
2 408 1
139 408 -1
2 409 1
66 409 -1
2 410 1
74 410 -1
15 411 1
17 411 -1
15 412 1
119 412 -1
15 413 1
64 413 -1
15 414 1
9 414 -1
15 415 1
48 415 -1
15 416 1
19 416 -1
15 417 1
90 417 -1
15 418 1
83 418 -1
15 419 1
77 419 -1
15 420 1
107 420 -1
15 421 1
106 421 -1
15 422 1
145 422 -1
15 423 1
39 423 -1
15 424 1
28 424 -1
15 425 1
46 425 -1
15 426 1
142 426 -1
15 427 1
13 427 -1
15 428 1
140 428 -1
15 429 1
132 429 -1
15 430 1
73 430 -1
15 431 1
79 431 -1
15 432 1
61 432 -1
15 433 1
14 433 -1
15 434 1
53 434 -1
15 435 1
58 435 -1
15 436 1
128 436 -1
15 437 1
117 437 -1
15 438 1
51 438 -1
15 439 1
138 439 -1
16 440 1
98 440 -1
16 441 1
64 441 -1
16 442 1
91 442 -1
16 443 1
127 443 -1
16 444 1
21 444 -1
16 445 1
126 445 -1
16 446 1
69 446 -1
16 447 1
9 447 -1
16 448 1
74 448 -1
16 449 1
141 449 -1
16 450 1
138 450 -1
16 451 1
137 451 -1
16 452 1
140 452 -1
16 453 1
54 453 -1
16 454 1
44 454 -1
16 455 1
36 455 -1
17 456 1
29 456 -1
17 457 1
20 457 -1
17 458 1
27 458 -1
17 459 1
126 459 -1
17 460 1
131 460 -1
17 461 1
145 461 -1
17 462 1
24 462 -1
17 463 1
133 463 -1
17 464 1
25 464 -1
17 465 1
50 465 -1
17 466 1
103 466 -1
17 467 1
36 467 -1
17 468 1
82 468 -1
17 469 1
42 469 -1
17 470 1
95 470 -1
17 471 1
148 471 -1
17 472 1
83 472 -1
17 473 1
112 473 -1
17 474 1
115 474 -1
17 475 1
125 475 -1
29 476 1
129 476 -1
29 477 1
56 477 -1
29 478 1
135 478 -1
29 479 1
93 479 -1
29 480 1
78 480 -1
29 481 1
139 481 -1
29 482 1
55 482 -1
29 483 1
71 483 -1
29 484 1
18 484 -1
29 485 1
145 485 -1
29 486 1
31 486 -1
29 487 1
26 487 -1
29 488 1
46 488 -1
29 489 1
120 489 -1
29 490 1
44 490 -1
29 491 1
25 491 -1
29 492 1
98 492 -1
29 493 1
104 493 -1
29 494 1
155 494 -1
29 495 1
121 495 -1
29 496 1
90 496 -1
29 497 1
64 497 -1
29 498 1
54 498 -1
29 499 1
52 499 -1
35 500 1
148 500 -1
35 501 1
133 501 -1
35 502 1
142 502 -1
35 503 1
58 503 -1
35 504 1
128 504 -1
35 505 1
29 505 -1
35 506 1
100 506 -1
35 507 1
129 507 -1
35 508 1
46 508 -1
35 509 1
146 509 -1
35 510 1
124 510 -1
35 511 1
88 511 -1
35 512 1
135 512 -1
65 513 1
69 513 -1
65 514 1
145 514 -1
65 515 1
141 515 -1
65 516 1
66 516 -1
65 517 1
13 517 -1
65 518 1
42 518 -1
65 519 1
143 519 -1
65 520 1
58 520 -1
65 521 1
19 521 -1
65 522 1
52 522 -1
65 523 1
99 523 -1
65 524 1
20 524 -1
65 525 1
35 525 -1
65 526 1
73 526 -1
65 527 1
78 527 -1
65 528 1
114 528 -1
65 529 1
127 529 -1
65 530 1
56 530 -1
65 531 1
47 531 -1
65 532 1
113 532 -1
65 533 1
109 533 -1
65 534 1
135 534 -1
65 535 1
91 535 -1
65 536 1
93 536 -1
65 537 1
102 537 -1
65 538 1
33 538 -1
65 539 1
10 539 -1
65 540 1
61 540 -1
65 541 1
53 541 -1
65 542 1
137 542 -1
65 543 1
123 543 -1
69 544 1
15 544 -1
69 545 1
67 545 -1
69 546 1
25 546 -1
69 547 1
111 547 -1
69 548 1
21 548 -1
69 549 1
9 549 -1
69 550 1
68 550 -1
69 551 1
109 551 -1
69 552 1
119 552 -1
69 553 1
29 553 -1
69 554 1
82 554 -1
69 555 1
145 555 -1
69 556 1
151 556 -1
69 557 1
123 557 -1
69 558 1
102 558 -1
69 559 1
16 559 -1
69 560 1
130 560 -1
69 561 1
46 561 -1
69 562 1
18 562 -1
69 563 1
63 563 -1
69 564 1
13 564 -1
69 565 1
80 565 -1
69 566 1
31 566 -1
69 567 1
17 567 -1
69 568 1
142 568 -1
72 569 1
35 569 -1
72 570 1
119 570 -1
72 571 1
86 571 -1
72 572 1
17 572 -1
72 573 1
55 573 -1
72 574 1
47 574 -1
72 575 1
28 575 -1
72 576 1
105 576 -1
72 577 1
84 577 -1
72 578 1
88 578 -1
72 579 1
115 579 -1
72 580 1
77 580 -1
72 581 1
54 581 -1
72 582 1
44 582 -1
72 583 1
153 583 -1
72 584 1
135 584 -1
72 585 1
150 585 -1
72 586 1
131 586 -1
72 587 1
34 587 -1
72 588 1
42 588 -1
72 589 1
58 589 -1
72 590 1
136 590 -1
72 591 1
80 591 -1
72 592 1
52 592 -1
94 593 1
72 593 -1
94 594 1
50 594 -1
94 595 1
83 595 -1
94 596 1
134 596 -1
94 597 1
18 597 -1
94 598 1
104 598 -1
94 599 1
17 599 -1
94 600 1
51 600 -1
94 601 1
75 601 -1
94 602 1
12 602 -1
94 603 1
139 603 -1
94 604 1
42 604 -1
94 605 1
135 605 -1
94 606 1
120 606 -1
94 607 1
151 607 -1
94 608 1
65 608 -1
94 609 1
125 609 -1
94 610 1
71 610 -1
94 611 1
29 611 -1
94 612 1
105 612 -1
94 613 1
115 613 -1
94 614 1
58 614 -1
94 615 1
122 615 -1
94 616 1
146 616 -1
94 617 1
121 617 -1
94 618 1
61 618 -1
94 619 1
90 619 -1
94 620 1
46 620 -1
94 621 1
95 621 -1
94 622 1
108 622 -1
94 623 1
84 623 -1
94 624 1
15 624 -1
98 625 1
94 625 -1
98 626 1
115 626 -1
98 627 1
26 627 -1
98 628 1
15 628 -1
98 629 1
25 629 -1
98 630 1
123 630 -1
98 631 1
146 631 -1
98 632 1
60 632 -1
98 633 1
105 633 -1
102 634 1
16 634 -1
102 635 1
117 635 -1
102 636 1
131 636 -1
102 637 1
135 637 -1
102 638 1
33 638 -1
102 639 1
37 639 -1
102 640 1
20 640 -1
102 641 1
137 641 -1
102 642 1
61 642 -1
102 643 1
40 643 -1
102 644 1
105 644 -1
102 645 1
132 645 -1
102 646 1
34 646 -1
102 647 1
144 647 -1
102 648 1
76 648 -1
102 649 1
77 649 -1
102 650 1
109 650 -1
110 651 1
102 651 -1
110 652 1
106 652 -1
110 653 1
91 653 -1
110 654 1
74 654 -1
110 655 1
151 655 -1
110 656 1
87 656 -1
110 657 1
33 657 -1
110 658 1
148 658 -1
110 659 1
77 659 -1
110 660 1
114 660 -1
110 661 1
121 661 -1
110 662 1
111 662 -1
110 663 1
150 663 -1
110 664 1
27 664 -1
110 665 1
90 665 -1
110 666 1
89 666 -1
110 667 1
9 667 -1
110 668 1
37 668 -1
110 669 1
52 669 -1
110 670 1
109 670 -1
110 671 1
61 671 -1
110 672 1
126 672 -1
110 673 1
131 673 -1
110 674 1
71 674 -1
110 675 1
141 675 -1
110 676 1
123 676 -1
110 677 1
78 677 -1
110 678 1
55 678 -1
110 679 1
14 679 -1
110 680 1
28 680 -1
110 681 1
113 681 -1
110 682 1
49 682 -1
110 683 1
42 683 -1
110 684 1
46 684 -1
110 685 1
16 685 -1
110 686 1
140 686 -1
110 687 1
136 687 -1
110 688 1
100 688 -1
110 689 1
11 689 -1
110 690 1
10 690 -1
129 691 1
110 691 -1
129 692 1
119 692 -1
129 693 1
49 693 -1
129 694 1
136 694 -1
129 695 1
96 695 -1
129 696 1
26 696 -1
129 697 1
33 697 -1
129 698 1
40 698 -1
129 699 1
94 699 -1
129 700 1
25 700 -1
3 701 1
59 701 -1
3 702 1
144 702 -1
3 703 1
21 703 -1
3 704 1
75 704 -1
3 705 1
65 705 -1
3 706 1
24 706 -1
3 707 1
105 707 -1
3 708 1
106 708 -1
3 709 1
30 709 -1
3 710 1
141 710 -1
3 711 1
122 711 -1
3 712 1
50 712 -1
3 713 1
115 713 -1
3 714 1
79 714 -1
3 715 1
78 715 -1
3 716 1
68 716 -1
3 717 1
123 717 -1
3 718 1
10 718 -1
3 719 1
85 719 -1
3 720 1
88 720 -1
3 721 1
48 721 -1
3 722 1
132 722 -1
3 723 1
52 723 -1
3 724 1
114 724 -1
3 725 1
143 725 -1
3 726 1
139 726 -1
3 727 1
73 727 -1
3 728 1
146 728 -1
3 729 1
29 729 -1
9 730 1
132 730 -1
9 731 1
85 731 -1
9 732 1
30 732 -1
9 733 1
62 733 -1
9 734 1
27 734 -1
9 735 1
105 735 -1
9 736 1
120 736 -1
9 737 1
15 737 -1
9 738 1
36 738 -1
9 739 1
44 739 -1
9 740 1
155 740 -1
9 741 1
104 741 -1
9 742 1
126 742 -1
9 743 1
83 743 -1
9 744 1
93 744 -1
9 745 1
136 745 -1
9 746 1
124 746 -1
9 747 1
45 747 -1
9 748 1
148 748 -1
9 749 1
28 749 -1
9 750 1
31 750 -1
9 751 1
109 751 -1
9 752 1
123 752 -1
9 753 1
58 753 -1
9 754 1
114 754 -1
9 755 1
49 755 -1
9 756 1
97 756 -1
21 757 1
147 757 -1
21 758 1
79 758 -1
21 759 1
19 759 -1
21 760 1
78 760 -1
21 761 1
135 761 -1
21 762 1
63 762 -1
21 763 1
113 763 -1
21 764 1
59 764 -1
21 765 1
24 765 -1
21 766 1
116 766 -1
21 767 1
15 767 -1
21 768 1
149 768 -1
21 769 1
124 769 -1
21 770 1
71 770 -1
21 771 1
140 771 -1
21 772 1
53 772 -1
21 773 1
146 773 -1
21 774 1
23 774 -1
21 775 1
105 775 -1
21 776 1
126 776 -1
21 777 1
130 777 -1
21 778 1
27 778 -1
21 779 1
153 779 -1
21 780 1
102 780 -1
21 781 1
48 781 -1
21 782 1
9 782 -1
21 783 1
152 783 -1
21 784 1
44 784 -1
21 785 1
83 785 -1
21 786 1
64 786 -1
21 787 1
144 787 -1
32 788 1
83 788 -1
32 789 1
145 789 -1
32 790 1
151 790 -1
32 791 1
149 791 -1
32 792 1
25 792 -1
32 793 1
46 793 -1
32 794 1
68 794 -1
32 795 1
22 795 -1
32 796 1
10 796 -1
32 797 1
17 797 -1
32 798 1
57 798 -1
32 799 1
132 799 -1
32 800 1
65 800 -1
32 801 1
142 801 -1
32 802 1
35 802 -1
32 803 1
138 803 -1
32 804 1
104 804 -1
32 805 1
155 805 -1
32 806 1
143 806 -1
32 807 1
106 807 -1
32 808 1
122 808 -1
32 809 1
21 809 -1
32 810 1
120 810 -1
32 811 1
92 811 -1
32 812 1
40 812 -1
32 813 1
79 813 -1
32 814 1
62 814 -1
32 815 1
90 815 -1
32 816 1
136 816 -1
32 817 1
116 817 -1
32 818 1
130 818 -1
32 819 1
98 819 -1
32 820 1
42 820 -1
32 821 1
131 821 -1
32 822 1
53 822 -1
32 823 1
66 823 -1
32 824 1
154 824 -1
32 825 1
9 825 -1
32 826 1
125 826 -1
58 827 1
108 827 -1
58 828 1
95 828 -1
58 829 1
118 829 -1
58 830 1
128 830 -1
58 831 1
91 831 -1
58 832 1
59 832 -1
58 833 1
152 833 -1
58 834 1
68 834 -1
59 835 1
117 835 -1
59 836 1
131 836 -1
59 837 1
118 837 -1
59 838 1
146 838 -1
59 839 1
90 839 -1
59 840 1
128 840 -1
59 841 1
76 841 -1
59 842 1
151 842 -1
59 843 1
139 843 -1
59 844 1
109 844 -1
59 845 1
30 845 -1
59 846 1
75 846 -1
59 847 1
12 847 -1
59 848 1
81 848 -1
59 849 1
104 849 -1
59 850 1
53 850 -1
59 851 1
137 851 -1
59 852 1
15 852 -1
59 853 1
51 853 -1
59 854 1
83 854 -1
59 855 1
79 855 -1
59 856 1
111 856 -1
59 857 1
61 857 -1
59 858 1
126 858 -1
59 859 1
27 859 -1
59 860 1
94 860 -1
68 861 1
21 861 -1
68 862 1
41 862 -1
68 863 1
67 863 -1
68 864 1
150 864 -1
68 865 1
31 865 -1
68 866 1
50 866 -1
68 867 1
115 867 -1
68 868 1
34 868 -1
68 869 1
88 869 -1
68 870 1
124 870 -1
68 871 1
55 871 -1
68 872 1
95 872 -1
68 873 1
76 873 -1
68 874 1
98 874 -1
68 875 1
121 875 -1
68 876 1
36 876 -1
68 877 1
97 877 -1
68 878 1
139 878 -1
68 879 1
51 879 -1
68 880 1
13 880 -1
68 881 1
126 881 -1
77 882 1
114 882 -1
77 883 1
141 883 -1
77 884 1
35 884 -1
77 885 1
103 885 -1
77 886 1
143 886 -1
77 887 1
54 887 -1
77 888 1
145 888 -1
77 889 1
134 889 -1
77 890 1
55 890 -1
77 891 1
137 891 -1
77 892 1
65 892 -1
77 893 1
151 893 -1
77 894 1
95 894 -1
77 895 1
146 895 -1
77 896 1
58 896 -1
77 897 1
42 897 -1
77 898 1
56 898 -1
77 899 1
125 899 -1
83 900 1
9 900 -1
83 901 1
108 901 -1
83 902 1
42 902 -1
83 903 1
136 903 -1
83 904 1
92 904 -1
83 905 1
64 905 -1
83 906 1
32 906 -1
83 907 1
127 907 -1
83 908 1
145 908 -1
83 909 1
29 909 -1
83 910 1
135 910 -1
83 911 1
13 911 -1
83 912 1
97 912 -1
83 913 1
16 913 -1
83 914 1
105 914 -1
83 915 1
78 915 -1
83 916 1
148 916 -1
83 917 1
99 917 -1
83 918 1
150 918 -1
83 919 1
71 919 -1
83 920 1
30 920 -1
83 921 1
147 921 -1
83 922 1
51 922 -1
83 923 1
140 923 -1
83 924 1
12 924 -1
83 925 1
48 925 -1
83 926 1
101 926 -1
83 927 1
139 927 -1
83 928 1
38 928 -1
83 929 1
85 929 -1
108 930 1
150 930 -1
108 931 1
68 931 -1
108 932 1
105 932 -1
108 933 1
95 933 -1
108 934 1
148 934 -1
108 935 1
48 935 -1
108 936 1
67 936 -1
108 937 1
47 937 -1
108 938 1
137 938 -1
108 939 1
70 939 -1
108 940 1
61 940 -1
108 941 1
147 941 -1
108 942 1
62 942 -1
108 943 1
33 943 -1
108 944 1
58 944 -1
108 945 1
119 945 -1
108 946 1
91 946 -1
108 947 1
57 947 -1
108 948 1
110 948 -1
108 949 1
135 949 -1
108 950 1
77 950 -1
108 951 1
145 951 -1
108 952 1
30 952 -1
114 953 1
32 953 -1
114 954 1
70 954 -1
114 955 1
87 955 -1
114 956 1
21 956 -1
114 957 1
53 957 -1
114 958 1
62 958 -1
114 959 1
59 959 -1
114 960 1
30 960 -1
114 961 1
98 961 -1
114 962 1
148 962 -1
114 963 1
152 963 -1
114 964 1
78 964 -1
114 965 1
125 965 -1
117 966 1
135 966 -1
117 967 1
32 967 -1
117 968 1
26 968 -1
117 969 1
19 969 -1
117 970 1
25 970 -1
117 971 1
95 971 -1
117 972 1
114 972 -1
117 973 1
41 973 -1
117 974 1
96 974 -1
117 975 1
53 975 -1
117 976 1
37 976 -1
117 977 1
118 977 -1
117 978 1
92 978 -1
117 979 1
35 979 -1
117 980 1
52 980 -1
117 981 1
149 981 -1
117 982 1
153 982 -1
132 983 1
58 983 -1
132 984 1
55 984 -1
132 985 1
127 985 -1
132 986 1
20 986 -1
132 987 1
111 987 -1
132 988 1
50 988 -1
132 989 1
115 989 -1
132 990 1
91 990 -1
132 991 1
68 991 -1
132 992 1
112 992 -1
132 993 1
26 993 -1
132 994 1
84 994 -1
132 995 1
33 995 -1
132 996 1
146 996 -1
132 997 1
123 997 -1
132 998 1
129 998 -1
132 999 1
152 999 -1
132 1000 1
121 1000 -1
132 1001 1
69 1001 -1
132 1002 1
27 1002 -1
132 1003 1
46 1003 -1
132 1004 1
139 1004 -1
132 1005 1
67 1005 -1
132 1006 1
80 1006 -1
132 1007 1
145 1007 -1
132 1008 1
41 1008 -1
132 1009 1
47 1009 -1
132 1010 1
66 1010 -1
132 1011 1
72 1011 -1
132 1012 1
110 1012 -1
132 1013 1
53 1013 -1
132 1014 1
54 1014 -1
132 1015 1
89 1015 -1
132 1016 1
96 1016 -1
132 1017 1
56 1017 -1
132 1018 1
148 1018 -1
135 1019 1
77 1019 -1
135 1020 1
96 1020 -1
135 1021 1
97 1021 -1
135 1022 1
125 1022 -1
135 1023 1
82 1023 -1
135 1024 1
119 1024 -1
135 1025 1
81 1025 -1
135 1026 1
19 1026 -1
135 1027 1
18 1027 -1
135 1028 1
101 1028 -1
135 1029 1
64 1029 -1
135 1030 1
99 1030 -1
135 1031 1
103 1031 -1
135 1032 1
48 1032 -1
135 1033 1
113 1033 -1
135 1034 1
76 1034 -1
135 1035 1
136 1035 -1
135 1036 1
10 1036 -1
135 1037 1
92 1037 -1
135 1038 1
87 1038 -1
135 1039 1
88 1039 -1
135 1040 1
30 1040 -1
135 1041 1
95 1041 -1
135 1042 1
71 1042 -1
135 1043 1
67 1043 -1
135 1044 1
85 1044 -1
135 1045 1
34 1045 -1
135 1046 1
61 1046 -1
135 1047 1
107 1047 -1
135 1048 1
46 1048 -1
135 1049 1
74 1049 -1
135 1050 1
33 1050 -1
135 1051 1
128 1051 -1
4 1052 1
51 1052 -1
4 1053 1
116 1053 -1
4 1054 1
54 1054 -1
4 1055 1
92 1055 -1
4 1056 1
109 1056 -1
4 1057 1
44 1057 -1
4 1058 1
138 1058 -1
4 1059 1
14 1059 -1
4 1060 1
30 1060 -1
4 1061 1
142 1061 -1
4 1062 1
42 1062 -1
4 1063 1
121 1063 -1
4 1064 1
96 1064 -1
4 1065 1
102 1065 -1
11 1066 1
44 1066 -1
11 1067 1
151 1067 -1
11 1068 1
49 1068 -1
11 1069 1
112 1069 -1
11 1070 1
25 1070 -1
11 1071 1
107 1071 -1
11 1072 1
41 1072 -1
11 1073 1
70 1073 -1
11 1074 1
60 1074 -1
11 1075 1
59 1075 -1
11 1076 1
40 1076 -1
11 1077 1
19 1077 -1
11 1078 1
63 1078 -1
11 1079 1
9 1079 -1
11 1080 1
82 1080 -1
11 1081 1
48 1081 -1
11 1082 1
51 1082 -1
11 1083 1
98 1083 -1
11 1084 1
100 1084 -1
11 1085 1
77 1085 -1
11 1086 1
17 1086 -1
11 1087 1
21 1087 -1
11 1088 1
39 1088 -1
11 1089 1
92 1089 -1
11 1090 1
93 1090 -1
11 1091 1
73 1091 -1
11 1092 1
74 1092 -1
11 1093 1
90 1093 -1
11 1094 1
153 1094 -1
11 1095 1
144 1095 -1
11 1096 1
126 1096 -1
11 1097 1
76 1097 -1
11 1098 1
113 1098 -1
11 1099 1
33 1099 -1
11 1100 1
134 1100 -1
11 1101 1
97 1101 -1
18 1102 1
76 1102 -1
18 1103 1
152 1103 -1
18 1104 1
16 1104 -1
18 1105 1
100 1105 -1
18 1106 1
119 1106 -1
18 1107 1
22 1107 -1
18 1108 1
150 1108 -1
18 1109 1
132 1109 -1
18 1110 1
130 1110 -1
18 1111 1
32 1111 -1
18 1112 1
155 1112 -1
18 1113 1
29 1113 -1
18 1114 1
109 1114 -1
18 1115 1
38 1115 -1
18 1116 1
21 1116 -1
19 1117 1
151 1117 -1
19 1118 1
92 1118 -1
19 1119 1
133 1119 -1
19 1120 1
75 1120 -1
19 1121 1
98 1121 -1
19 1122 1
153 1122 -1
25 1123 1
73 1123 -1
25 1124 1
111 1124 -1
25 1125 1
14 1125 -1
25 1126 1
150 1126 -1
25 1127 1
58 1127 -1
25 1128 1
109 1128 -1
25 1129 1
80 1129 -1
25 1130 1
76 1130 -1
25 1131 1
135 1131 -1
25 1132 1
104 1132 -1
25 1133 1
94 1133 -1
25 1134 1
56 1134 -1
25 1135 1
28 1135 -1
25 1136 1
96 1136 -1
25 1137 1
45 1137 -1
25 1138 1
31 1138 -1
25 1139 1
133 1139 -1
25 1140 1
79 1140 -1
25 1141 1
10 1141 -1
25 1142 1
113 1142 -1
25 1143 1
118 1143 -1
25 1144 1
24 1144 -1
25 1145 1
36 1145 -1
25 1146 1
91 1146 -1
25 1147 1
115 1147 -1
25 1148 1
12 1148 -1
25 1149 1
42 1149 -1
25 1150 1
119 1150 -1
25 1151 1
85 1151 -1
25 1152 1
145 1152 -1
25 1153 1
44 1153 -1
25 1154 1
33 1154 -1
39 1155 1
52 1155 -1
39 1156 1
12 1156 -1
39 1157 1
43 1157 -1
39 1158 1
150 1158 -1
39 1159 1
53 1159 -1
39 1160 1
71 1160 -1
39 1161 1
25 1161 -1
39 1162 1
83 1162 -1
39 1163 1
54 1163 -1
39 1164 1
137 1164 -1
39 1165 1
30 1165 -1
39 1166 1
84 1166 -1
39 1167 1
10 1167 -1
39 1168 1
68 1168 -1
39 1169 1
154 1169 -1
39 1170 1
69 1170 -1
39 1171 1
24 1171 -1
39 1172 1
107 1172 -1
39 1173 1
59 1173 -1
39 1174 1
116 1174 -1
39 1175 1
19 1175 -1
39 1176 1
60 1176 -1
39 1177 1
63 1177 -1
39 1178 1
88 1178 -1
39 1179 1
155 1179 -1
39 1180 1
13 1180 -1
39 1181 1
67 1181 -1
39 1182 1
136 1182 -1
39 1183 1
133 1183 -1
39 1184 1
139 1184 -1
39 1185 1
91 1185 -1
39 1186 1
21 1186 -1
39 1187 1
56 1187 -1
39 1188 1
82 1188 -1
41 1189 1
48 1189 -1
41 1190 1
155 1190 -1
41 1191 1
15 1191 -1
41 1192 1
31 1192 -1
41 1193 1
100 1193 -1
41 1194 1
20 1194 -1
41 1195 1
60 1195 -1
41 1196 1
91 1196 -1
41 1197 1
32 1197 -1
41 1198 1
58 1198 -1
41 1199 1
55 1199 -1
41 1200 1
127 1200 -1
41 1201 1
73 1201 -1
41 1202 1
50 1202 -1
41 1203 1
101 1203 -1
41 1204 1
17 1204 -1
41 1205 1
74 1205 -1
41 1206 1
51 1206 -1
41 1207 1
88 1207 -1
41 1208 1
98 1208 -1
41 1209 1
126 1209 -1
41 1210 1
71 1210 -1
41 1211 1
119 1211 -1
41 1212 1
135 1212 -1
41 1213 1
146 1213 -1
41 1214 1
36 1214 -1
41 1215 1
97 1215 -1
41 1216 1
129 1216 -1
41 1217 1
68 1217 -1
41 1218 1
113 1218 -1
41 1219 1
141 1219 -1
41 1220 1
39 1220 -1
41 1221 1
92 1221 -1
41 1222 1
116 1222 -1
41 1223 1
151 1223 -1
41 1224 1
153 1224 -1
41 1225 1
150 1225 -1
44 1226 1
152 1226 -1
44 1227 1
83 1227 -1
44 1228 1
133 1228 -1
44 1229 1
151 1229 -1
44 1230 1
149 1230 -1
44 1231 1
106 1231 -1
44 1232 1
88 1232 -1
44 1233 1
89 1233 -1
44 1234 1
118 1234 -1
44 1235 1
22 1235 -1
44 1236 1
45 1236 -1
44 1237 1
26 1237 -1
44 1238 1
80 1238 -1
44 1239 1
134 1239 -1
44 1240 1
155 1240 -1
44 1241 1
101 1241 -1
44 1242 1
137 1242 -1
44 1243 1
18 1243 -1
44 1244 1
97 1244 -1
44 1245 1
87 1245 -1
44 1246 1
41 1246 -1
44 1247 1
28 1247 -1
44 1248 1
39 1248 -1
44 1249 1
107 1249 -1
44 1250 1
79 1250 -1
44 1251 1
111 1251 -1
44 1252 1
108 1252 -1
44 1253 1
78 1253 -1
44 1254 1
114 1254 -1
44 1255 1
110 1255 -1
44 1256 1
142 1256 -1
44 1257 1
115 1257 -1
44 1258 1
11 1258 -1
44 1259 1
14 1259 -1
44 1260 1
123 1260 -1
44 1261 1
103 1261 -1
48 1262 1
85 1262 -1
48 1263 1
109 1263 -1
48 1264 1
33 1264 -1
48 1265 1
28 1265 -1
48 1266 1
81 1266 -1
48 1267 1
129 1267 -1
48 1268 1
125 1268 -1
48 1269 1
105 1269 -1
48 1270 1
77 1270 -1
48 1271 1
153 1271 -1
48 1272 1
9 1272 -1
48 1273 1
41 1273 -1
48 1274 1
128 1274 -1
48 1275 1
90 1275 -1
51 1276 1
25 1276 -1
51 1277 1
143 1277 -1
51 1278 1
102 1278 -1
51 1279 1
49 1279 -1
51 1280 1
112 1280 -1
51 1281 1
13 1281 -1
51 1282 1
141 1282 -1
51 1283 1
20 1283 -1
51 1284 1
47 1284 -1
51 1285 1
116 1285 -1
51 1286 1
53 1286 -1
51 1287 1
24 1287 -1
51 1288 1
41 1288 -1
51 1289 1
99 1289 -1
51 1290 1
126 1290 -1
51 1291 1
82 1291 -1
51 1292 1
54 1292 -1
51 1293 1
146 1293 -1
51 1294 1
97 1294 -1
52 1295 1
124 1295 -1
52 1296 1
143 1296 -1
52 1297 1
73 1297 -1
52 1298 1
95 1298 -1
52 1299 1
20 1299 -1
52 1300 1
50 1300 -1
52 1301 1
116 1301 -1
52 1302 1
86 1302 -1
52 1303 1
132 1303 -1
52 1304 1
43 1304 -1
52 1305 1
118 1305 -1
52 1306 1
137 1306 -1
71 1307 1
122 1307 -1
71 1308 1
66 1308 -1
71 1309 1
12 1309 -1
71 1310 1
19 1310 -1
71 1311 1
34 1311 -1
71 1312 1
35 1312 -1
71 1313 1
88 1313 -1
71 1314 1
133 1314 -1
71 1315 1
50 1315 -1
71 1316 1
148 1316 -1
71 1317 1
16 1317 -1
71 1318 1
83 1318 -1
71 1319 1
141 1319 -1
73 1320 1
71 1320 -1
73 1321 1
49 1321 -1
73 1322 1
99 1322 -1
73 1323 1
128 1323 -1
73 1324 1
79 1324 -1
76 1325 1
41 1325 -1
76 1326 1
139 1326 -1
76 1327 1
85 1327 -1
76 1328 1
82 1328 -1
76 1329 1
71 1329 -1
76 1330 1
35 1330 -1
76 1331 1
113 1331 -1
76 1332 1
98 1332 -1
76 1333 1
48 1333 -1
76 1334 1
45 1334 -1
76 1335 1
147 1335 -1
76 1336 1
153 1336 -1
76 1337 1
148 1337 -1
76 1338 1
91 1338 -1
76 1339 1
17 1339 -1
76 1340 1
56 1340 -1
76 1341 1
75 1341 -1
76 1342 1
37 1342 -1
76 1343 1
39 1343 -1
76 1344 1
137 1344 -1
76 1345 1
129 1345 -1
76 1346 1
140 1346 -1
76 1347 1
47 1347 -1
76 1348 1
133 1348 -1
76 1349 1
131 1349 -1
76 1350 1
128 1350 -1
76 1351 1
107 1351 -1
76 1352 1
90 1352 -1
76 1353 1
101 1353 -1
76 1354 1
96 1354 -1
76 1355 1
26 1355 -1
76 1356 1
105 1356 -1
76 1357 1
20 1357 -1
76 1358 1
21 1358 -1
76 1359 1
9 1359 -1
76 1360 1
67 1360 -1
76 1361 1
70 1361 -1
76 1362 1
40 1362 -1
76 1363 1
79 1363 -1
85 1364 1
115 1364 -1
85 1365 1
36 1365 -1
85 1366 1
101 1366 -1
85 1367 1
117 1367 -1
85 1368 1
88 1368 -1
85 1369 1
16 1369 -1
85 1370 1
108 1370 -1
85 1371 1
31 1371 -1
85 1372 1
119 1372 -1
85 1373 1
97 1373 -1
85 1374 1
28 1374 -1
85 1375 1
27 1375 -1
85 1376 1
75 1376 -1
85 1377 1
61 1377 -1
85 1378 1
128 1378 -1
85 1379 1
26 1379 -1
85 1380 1
147 1380 -1
85 1381 1
86 1381 -1
85 1382 1
91 1382 -1
85 1383 1
77 1383 -1
85 1384 1
152 1384 -1
85 1385 1
153 1385 -1
85 1386 1
19 1386 -1
85 1387 1
90 1387 -1
85 1388 1
51 1388 -1
85 1389 1
111 1389 -1
85 1390 1
138 1390 -1
85 1391 1
34 1391 -1
85 1392 1
112 1392 -1
85 1393 1
120 1393 -1
85 1394 1
127 1394 -1
85 1395 1
12 1395 -1
88 1396 1
39 1396 -1
88 1397 1
50 1397 -1
88 1398 1
83 1398 -1
88 1399 1
109 1399 -1
88 1400 1
41 1400 -1
88 1401 1
115 1401 -1
88 1402 1
56 1402 -1
88 1403 1
52 1403 -1
88 1404 1
22 1404 -1
88 1405 1
31 1405 -1
88 1406 1
141 1406 -1
88 1407 1
19 1407 -1
88 1408 1
103 1408 -1
88 1409 1
89 1409 -1
88 1410 1
92 1410 -1
88 1411 1
91 1411 -1
88 1412 1
137 1412 -1
90 1413 1
136 1413 -1
90 1414 1
93 1414 -1
90 1415 1
83 1415 -1
90 1416 1
40 1416 -1
90 1417 1
59 1417 -1
90 1418 1
134 1418 -1
90 1419 1
33 1419 -1
90 1420 1
117 1420 -1
90 1421 1
86 1421 -1
90 1422 1
118 1422 -1
90 1423 1
103 1423 -1
90 1424 1
113 1424 -1
90 1425 1
94 1425 -1
90 1426 1
55 1426 -1
90 1427 1
149 1427 -1
90 1428 1
28 1428 -1
90 1429 1
88 1429 -1
92 1430 1
148 1430 -1
92 1431 1
133 1431 -1
92 1432 1
46 1432 -1
92 1433 1
75 1433 -1
92 1434 1
36 1434 -1
92 1435 1
134 1435 -1
92 1436 1
106 1436 -1
92 1437 1
98 1437 -1
92 1438 1
34 1438 -1
92 1439 1
77 1439 -1
92 1440 1
11 1440 -1
92 1441 1
44 1441 -1
92 1442 1
127 1442 -1
92 1443 1
143 1443 -1
92 1444 1
17 1444 -1
92 1445 1
60 1445 -1
115 1446 1
90 1446 -1
115 1447 1
124 1447 -1
115 1448 1
14 1448 -1
115 1449 1
153 1449 -1
115 1450 1
137 1450 -1
115 1451 1
37 1451 -1
115 1452 1
84 1452 -1
115 1453 1
19 1453 -1
115 1454 1
34 1454 -1
115 1455 1
105 1455 -1
115 1456 1
81 1456 -1
115 1457 1
97 1457 -1
115 1458 1
101 1458 -1
115 1459 1
85 1459 -1
115 1460 1
46 1460 -1
115 1461 1
44 1461 -1
115 1462 1
94 1462 -1
115 1463 1
120 1463 -1
115 1464 1
50 1464 -1
115 1465 1
43 1465 -1
115 1466 1
138 1466 -1
115 1467 1
154 1467 -1
115 1468 1
49 1468 -1
115 1469 1
18 1469 -1
119 1470 1
88 1470 -1
119 1471 1
112 1471 -1
119 1472 1
100 1472 -1
119 1473 1
38 1473 -1
119 1474 1
87 1474 -1
119 1475 1
11 1475 -1
119 1476 1
136 1476 -1
119 1477 1
139 1477 -1
119 1478 1
109 1478 -1
119 1479 1
94 1479 -1
119 1480 1
79 1480 -1
119 1481 1
120 1481 -1
119 1482 1
126 1482 -1
119 1483 1
76 1483 -1
119 1484 1
97 1484 -1
119 1485 1
41 1485 -1
119 1486 1
89 1486 -1
119 1487 1
55 1487 -1
119 1488 1
80 1488 -1
119 1489 1
43 1489 -1
119 1490 1
36 1490 -1
119 1491 1
23 1491 -1
119 1492 1
143 1492 -1
119 1493 1
70 1493 -1
119 1494 1
98 1494 -1
119 1495 1
123 1495 -1
119 1496 1
61 1496 -1
119 1497 1
37 1497 -1
119 1498 1
39 1498 -1
119 1499 1
68 1499 -1
119 1500 1
114 1500 -1
122 1501 1
19 1501 -1
122 1502 1
15 1502 -1
122 1503 1
129 1503 -1
122 1504 1
37 1504 -1
122 1505 1
9 1505 -1
122 1506 1
84 1506 -1
122 1507 1
21 1507 -1
122 1508 1
26 1508 -1
122 1509 1
94 1509 -1
122 1510 1
144 1510 -1
122 1511 1
108 1511 -1
122 1512 1
65 1512 -1
122 1513 1
148 1513 -1
122 1514 1
77 1514 -1
122 1515 1
63 1515 -1
124 1516 1
18 1516 -1
124 1517 1
75 1517 -1
124 1518 1
87 1518 -1
133 1519 1
119 1519 -1
133 1520 1
37 1520 -1
133 1521 1
132 1521 -1
133 1522 1
96 1522 -1
133 1523 1
63 1523 -1
133 1524 1
12 1524 -1
133 1525 1
139 1525 -1
133 1526 1
48 1526 -1
133 1527 1
35 1527 -1
133 1528 1
84 1528 -1
133 1529 1
127 1529 -1
133 1530 1
81 1530 -1
133 1531 1
55 1531 -1
133 1532 1
78 1532 -1
133 1533 1
10 1533 -1
133 1534 1
70 1534 -1
133 1535 1
52 1535 -1
133 1536 1
89 1536 -1
133 1537 1
73 1537 -1
133 1538 1
103 1538 -1
133 1539 1
113 1539 -1
133 1540 1
154 1540 -1
136 1541 1
11 1541 -1
136 1542 1
116 1542 -1
136 1543 1
137 1543 -1
136 1544 1
10 1544 -1
136 1545 1
30 1545 -1
136 1546 1
73 1546 -1
136 1547 1
23 1547 -1
136 1548 1
96 1548 -1
136 1549 1
17 1549 -1
136 1550 1
15 1550 -1
136 1551 1
75 1551 -1
136 1552 1
63 1552 -1
136 1553 1
45 1553 -1
136 1554 1
48 1554 -1
136 1555 1
46 1555 -1
136 1556 1
100 1556 -1
136 1557 1
128 1557 -1
136 1558 1
22 1558 -1
136 1559 1
55 1559 -1
136 1560 1
95 1560 -1
136 1561 1
120 1561 -1
136 1562 1
61 1562 -1
136 1563 1
97 1563 -1
136 1564 1
9 1564 -1
136 1565 1
107 1565 -1
136 1566 1
108 1566 -1
136 1567 1
40 1567 -1
136 1568 1
138 1568 -1
136 1569 1
84 1569 -1
136 1570 1
50 1570 -1
136 1571 1
81 1571 -1
136 1572 1
126 1572 -1
136 1573 1
92 1573 -1
136 1574 1
135 1574 -1
136 1575 1
152 1575 -1
136 1576 1
80 1576 -1
5 1577 1
111 1577 -1
5 1578 1
122 1578 -1
5 1579 1
153 1579 -1
5 1580 1
55 1580 -1
5 1581 1
103 1581 -1
33 1582 1
130 1582 -1
33 1583 1
14 1583 -1
33 1584 1
23 1584 -1
33 1585 1
123 1585 -1
33 1586 1
57 1586 -1
33 1587 1
97 1587 -1
33 1588 1
67 1588 -1
33 1589 1
21 1589 -1
33 1590 1
133 1590 -1
33 1591 1
59 1591 -1
33 1592 1
64 1592 -1
33 1593 1
42 1593 -1
33 1594 1
36 1594 -1
33 1595 1
48 1595 -1
33 1596 1
73 1596 -1
33 1597 1
105 1597 -1
33 1598 1
66 1598 -1
33 1599 1
103 1599 -1
36 1600 1
62 1600 -1
36 1601 1
33 1601 -1
36 1602 1
58 1602 -1
36 1603 1
151 1603 -1
36 1604 1
119 1604 -1
36 1605 1
125 1605 -1
36 1606 1
132 1606 -1
36 1607 1
65 1607 -1
36 1608 1
88 1608 -1
36 1609 1
140 1609 -1
36 1610 1
127 1610 -1
36 1611 1
54 1611 -1
36 1612 1
135 1612 -1
36 1613 1
137 1613 -1
36 1614 1
101 1614 -1
36 1615 1
85 1615 -1
36 1616 1
115 1616 -1
36 1617 1
114 1617 -1
36 1618 1
91 1618 -1
36 1619 1
139 1619 -1
36 1620 1
124 1620 -1
36 1621 1
80 1621 -1
36 1622 1
34 1622 -1
36 1623 1
57 1623 -1
36 1624 1
84 1624 -1
36 1625 1
66 1625 -1
42 1626 1
82 1626 -1
42 1627 1
38 1627 -1
42 1628 1
151 1628 -1
42 1629 1
120 1629 -1
42 1630 1
85 1630 -1
42 1631 1
14 1631 -1
42 1632 1
13 1632 -1
42 1633 1
96 1633 -1
42 1634 1
49 1634 -1
42 1635 1
104 1635 -1
50 1636 1
86 1636 -1
50 1637 1
95 1637 -1
50 1638 1
24 1638 -1
50 1639 1
57 1639 -1
50 1640 1
125 1640 -1
50 1641 1
70 1641 -1
50 1642 1
22 1642 -1
50 1643 1
102 1643 -1
50 1644 1
76 1644 -1
50 1645 1
52 1645 -1
50 1646 1
18 1646 -1
50 1647 1
27 1647 -1
50 1648 1
108 1648 -1
50 1649 1
109 1649 -1
50 1650 1
100 1650 -1
50 1651 1
147 1651 -1
50 1652 1
110 1652 -1
50 1653 1
107 1653 -1
55 1654 1
33 1654 -1
55 1655 1
47 1655 -1
55 1656 1
35 1656 -1
55 1657 1
107 1657 -1
55 1658 1
119 1658 -1
55 1659 1
76 1659 -1
55 1660 1
30 1660 -1
55 1661 1
64 1661 -1
55 1662 1
125 1662 -1
55 1663 1
155 1663 -1
55 1664 1
137 1664 -1
55 1665 1
133 1665 -1
55 1666 1
26 1666 -1
61 1667 1
55 1667 -1
61 1668 1
118 1668 -1
61 1669 1
81 1669 -1
61 1670 1
18 1670 -1
61 1671 1
111 1671 -1
61 1672 1
43 1672 -1
61 1673 1
86 1673 -1
61 1674 1
82 1674 -1
61 1675 1
135 1675 -1
61 1676 1
31 1676 -1
61 1677 1
147 1677 -1
61 1678 1
13 1678 -1
61 1679 1
104 1679 -1
61 1680 1
20 1680 -1
61 1681 1
92 1681 -1
61 1682 1
131 1682 -1
62 1683 1
50 1683 -1
62 1684 1
53 1684 -1
62 1685 1
10 1685 -1
62 1686 1
111 1686 -1
62 1687 1
95 1687 -1
62 1688 1
66 1688 -1
62 1689 1
24 1689 -1
62 1690 1
115 1690 -1
62 1691 1
58 1691 -1
62 1692 1
88 1692 -1
62 1693 1
112 1693 -1
62 1694 1
81 1694 -1
62 1695 1
127 1695 -1
62 1696 1
139 1696 -1
62 1697 1
41 1697 -1
62 1698 1
31 1698 -1
62 1699 1
56 1699 -1
62 1700 1
151 1700 -1
62 1701 1
21 1701 -1
62 1702 1
116 1702 -1
62 1703 1
94 1703 -1
79 1704 1
91 1704 -1
79 1705 1
154 1705 -1
79 1706 1
60 1706 -1
79 1707 1
119 1707 -1
79 1708 1
45 1708 -1
79 1709 1
20 1709 -1
79 1710 1
35 1710 -1
79 1711 1
128 1711 -1
79 1712 1
98 1712 -1
79 1713 1
77 1713 -1
79 1714 1
59 1714 -1
79 1715 1
14 1715 -1
79 1716 1
53 1716 -1
79 1717 1
19 1717 -1
79 1718 1
33 1718 -1
79 1719 1
52 1719 -1
79 1720 1
142 1720 -1
79 1721 1
114 1721 -1
79 1722 1
115 1722 -1
79 1723 1
101 1723 -1
79 1724 1
145 1724 -1
80 1725 1
79 1725 -1
80 1726 1
48 1726 -1
80 1727 1
35 1727 -1
80 1728 1
21 1728 -1
80 1729 1
108 1729 -1
80 1730 1
42 1730 -1
80 1731 1
19 1731 -1
80 1732 1
139 1732 -1
80 1733 1
86 1733 -1
80 1734 1
68 1734 -1
80 1735 1
47 1735 -1
80 1736 1
75 1736 -1
80 1737 1
61 1737 -1
80 1738 1
76 1738 -1
80 1739 1
120 1739 -1
80 1740 1
147 1740 -1
80 1741 1
131 1741 -1
80 1742 1
51 1742 -1
80 1743 1
135 1743 -1
80 1744 1
46 1744 -1
80 1745 1
148 1745 -1
80 1746 1
34 1746 -1
80 1747 1
73 1747 -1
80 1748 1
149 1748 -1
80 1749 1
10 1749 -1
80 1750 1
14 1750 -1
80 1751 1
20 1751 -1
80 1752 1
107 1752 -1
80 1753 1
78 1753 -1
80 1754 1
151 1754 -1
80 1755 1
31 1755 -1
80 1756 1
44 1756 -1
80 1757 1
134 1757 -1
80 1758 1
117 1758 -1
80 1759 1
88 1759 -1
80 1760 1
155 1760 -1
82 1761 1
61 1761 -1
82 1762 1
145 1762 -1
82 1763 1
25 1763 -1
82 1764 1
99 1764 -1
82 1765 1
155 1765 -1
82 1766 1
130 1766 -1
82 1767 1
15 1767 -1
82 1768 1
119 1768 -1
82 1769 1
106 1769 -1
82 1770 1
19 1770 -1
82 1771 1
147 1771 -1
82 1772 1
142 1772 -1
82 1773 1
45 1773 -1
82 1774 1
78 1774 -1
82 1775 1
63 1775 -1
82 1776 1
135 1776 -1
82 1777 1
74 1777 -1
82 1778 1
23 1778 -1
82 1779 1
47 1779 -1
82 1780 1
40 1780 -1
82 1781 1
115 1781 -1
82 1782 1
64 1782 -1
82 1783 1
77 1783 -1
82 1784 1
46 1784 -1
82 1785 1
88 1785 -1
82 1786 1
144 1786 -1
82 1787 1
113 1787 -1
82 1788 1
73 1788 -1
82 1789 1
36 1789 -1
82 1790 1
128 1790 -1
82 1791 1
80 1791 -1
86 1792 1
154 1792 -1
86 1793 1
148 1793 -1
86 1794 1
109 1794 -1
86 1795 1
143 1795 -1
86 1796 1
133 1796 -1
86 1797 1
135 1797 -1
86 1798 1
20 1798 -1
86 1799 1
112 1799 -1
86 1800 1
78 1800 -1
86 1801 1
155 1801 -1
91 1802 1
42 1802 -1
91 1803 1
14 1803 -1
91 1804 1
88 1804 -1
91 1805 1
118 1805 -1
91 1806 1
72 1806 -1
91 1807 1
25 1807 -1
91 1808 1
65 1808 -1
91 1809 1
139 1809 -1
91 1810 1
23 1810 -1
91 1811 1
102 1811 -1
91 1812 1
85 1812 -1
91 1813 1
24 1813 -1
91 1814 1
29 1814 -1
91 1815 1
64 1815 -1
91 1816 1
89 1816 -1
91 1817 1
96 1817 -1
91 1818 1
147 1818 -1
91 1819 1
59 1819 -1
91 1820 1
46 1820 -1
91 1821 1
69 1821 -1
91 1822 1
47 1822 -1
91 1823 1
35 1823 -1
91 1824 1
15 1824 -1
91 1825 1
110 1825 -1
91 1826 1
151 1826 -1
91 1827 1
81 1827 -1
91 1828 1
124 1828 -1
91 1829 1
154 1829 -1
91 1830 1
97 1830 -1
91 1831 1
103 1831 -1
91 1832 1
155 1832 -1
91 1833 1
119 1833 -1
91 1834 1
37 1834 -1
91 1835 1
126 1835 -1
91 1836 1
136 1836 -1
91 1837 1
90 1837 -1
91 1838 1
41 1838 -1
91 1839 1
100 1839 -1
99 1840 1
80 1840 -1
99 1841 1
143 1841 -1
99 1842 1
79 1842 -1
99 1843 1
113 1843 -1
99 1844 1
62 1844 -1
99 1845 1
14 1845 -1
99 1846 1
98 1846 -1
99 1847 1
39 1847 -1
99 1848 1
151 1848 -1
99 1849 1
76 1849 -1
99 1850 1
37 1850 -1
99 1851 1
107 1851 -1
99 1852 1
44 1852 -1
99 1853 1
120 1853 -1
99 1854 1
131 1854 -1
99 1855 1
95 1855 -1
99 1856 1
89 1856 -1
99 1857 1
122 1857 -1
99 1858 1
82 1858 -1
99 1859 1
40 1859 -1
99 1860 1
124 1860 -1
99 1861 1
16 1861 -1
99 1862 1
92 1862 -1
99 1863 1
15 1863 -1
99 1864 1
61 1864 -1
99 1865 1
55 1865 -1
99 1866 1
123 1866 -1
99 1867 1
34 1867 -1
99 1868 1
67 1868 -1
99 1869 1
136 1869 -1
99 1870 1
13 1870 -1
99 1871 1
38 1871 -1
99 1872 1
68 1872 -1
99 1873 1
134 1873 -1
100 1874 1
36 1874 -1
100 1875 1
32 1875 -1
100 1876 1
118 1876 -1
100 1877 1
120 1877 -1
100 1878 1
145 1878 -1
100 1879 1
131 1879 -1
100 1880 1
22 1880 -1
100 1881 1
50 1881 -1
111 1882 1
99 1882 -1
111 1883 1
96 1883 -1
111 1884 1
105 1884 -1
111 1885 1
152 1885 -1
111 1886 1
66 1886 -1
111 1887 1
54 1887 -1
111 1888 1
112 1888 -1
111 1889 1
93 1889 -1
111 1890 1
53 1890 -1
111 1891 1
38 1891 -1
111 1892 1
92 1892 -1
111 1893 1
28 1893 -1
111 1894 1
118 1894 -1
111 1895 1
49 1895 -1
111 1896 1
59 1896 -1
111 1897 1
107 1897 -1
111 1898 1
51 1898 -1
111 1899 1
91 1899 -1
111 1900 1
80 1900 -1
111 1901 1
124 1901 -1
111 1902 1
41 1902 -1
111 1903 1
36 1903 -1
111 1904 1
78 1904 -1
111 1905 1
120 1905 -1
130 1906 1
100 1906 -1
130 1907 1
77 1907 -1
130 1908 1
74 1908 -1
130 1909 1
133 1909 -1
130 1910 1
144 1910 -1
130 1911 1
50 1911 -1
130 1912 1
81 1912 -1
130 1913 1
35 1913 -1
130 1914 1
17 1914 -1
130 1915 1
34 1915 -1
130 1916 1
56 1916 -1
130 1917 1
37 1917 -1
130 1918 1
51 1918 -1
130 1919 1
154 1919 -1
130 1920 1
131 1920 -1
130 1921 1
105 1921 -1
130 1922 1
9 1922 -1
130 1923 1
93 1923 -1
130 1924 1
44 1924 -1
130 1925 1
115 1925 -1
130 1926 1
139 1926 -1
130 1927 1
95 1927 -1
130 1928 1
143 1928 -1
130 1929 1
134 1929 -1
130 1930 1
43 1930 -1
130 1931 1
58 1931 -1
6 1932 1
63 1932 -1
6 1933 1
148 1933 -1
6 1934 1
32 1934 -1
6 1935 1
46 1935 -1
6 1936 1
69 1936 -1
6 1937 1
50 1937 -1
6 1938 1
104 1938 -1
6 1939 1
101 1939 -1
6 1940 1
22 1940 -1
6 1941 1
95 1941 -1
6 1942 1
16 1942 -1
6 1943 1
49 1943 -1
6 1944 1
21 1944 -1
6 1945 1
146 1945 -1
6 1946 1
78 1946 -1
6 1947 1
149 1947 -1
6 1948 1
77 1948 -1
6 1949 1
26 1949 -1
6 1950 1
51 1950 -1
6 1951 1
138 1951 -1
6 1952 1
34 1952 -1
6 1953 1
66 1953 -1
6 1954 1
37 1954 -1
6 1955 1
121 1955 -1
6 1956 1
57 1956 -1
6 1957 1
145 1957 -1
6 1958 1
99 1958 -1
6 1959 1
94 1959 -1
6 1960 1
84 1960 -1
6 1961 1
112 1961 -1
6 1962 1
115 1962 -1
6 1963 1
79 1963 -1
6 1964 1
17 1964 -1
6 1965 1
111 1965 -1
6 1966 1
108 1966 -1
6 1967 1
65 1967 -1
6 1968 1
82 1968 -1
10 1969 1
142 1969 -1
10 1970 1
64 1970 -1
10 1971 1
34 1971 -1
10 1972 1
146 1972 -1
10 1973 1
49 1973 -1
10 1974 1
77 1974 -1
10 1975 1
67 1975 -1
10 1976 1
32 1976 -1
10 1977 1
69 1977 -1
10 1978 1
134 1978 -1
10 1979 1
117 1979 -1
10 1980 1
47 1980 -1
10 1981 1
91 1981 -1
10 1982 1
37 1982 -1
10 1983 1
55 1983 -1
10 1984 1
81 1984 -1
10 1985 1
38 1985 -1
10 1986 1
94 1986 -1
10 1987 1
54 1987 -1
10 1988 1
148 1988 -1
10 1989 1
42 1989 -1
10 1990 1
135 1990 -1
10 1991 1
19 1991 -1
10 1992 1
129 1992 -1
10 1993 1
78 1993 -1
10 1994 1
127 1994 -1
10 1995 1
57 1995 -1
10 1996 1
71 1996 -1
22 1997 1
37 1997 -1
22 1998 1
40 1998 -1
22 1999 1
89 1999 -1
22 2000 1
50 2000 -1
22 2001 1
120 2001 -1
22 2002 1
24 2002 -1
22 2003 1
70 2003 -1
22 2004 1
92 2004 -1
22 2005 1
82 2005 -1
22 2006 1
11 2006 -1
22 2007 1
108 2007 -1
22 2008 1
41 2008 -1
22 2009 1
80 2009 -1
22 2010 1
118 2010 -1
22 2011 1
146 2011 -1
22 2012 1
144 2012 -1
22 2013 1
39 2013 -1
22 2014 1
101 2014 -1
22 2015 1
103 2015 -1
22 2016 1
135 2016 -1
22 2017 1
16 2017 -1
22 2018 1
35 2018 -1
22 2019 1
139 2019 -1
22 2020 1
38 2020 -1
22 2021 1
20 2021 -1
34 2022 1
22 2022 -1
34 2023 1
76 2023 -1
34 2024 1
85 2024 -1
34 2025 1
9 2025 -1
34 2026 1
83 2026 -1
34 2027 1
90 2027 -1
34 2028 1
26 2028 -1
34 2029 1
95 2029 -1
34 2030 1
10 2030 -1
34 2031 1
110 2031 -1
34 2032 1
97 2032 -1
34 2033 1
50 2033 -1
34 2034 1
27 2034 -1
34 2035 1
44 2035 -1
34 2036 1
132 2036 -1
34 2037 1
75 2037 -1
34 2038 1
47 2038 -1
37 2039 1
54 2039 -1
37 2040 1
146 2040 -1
37 2041 1
76 2041 -1
37 2042 1
111 2042 -1
37 2043 1
61 2043 -1
37 2044 1
104 2044 -1
37 2045 1
115 2045 -1
37 2046 1
41 2046 -1
37 2047 1
22 2047 -1
37 2048 1
105 2048 -1
37 2049 1
129 2049 -1
37 2050 1
135 2050 -1
37 2051 1
29 2051 -1
37 2052 1
154 2052 -1
37 2053 1
91 2053 -1
37 2054 1
24 2054 -1
37 2055 1
51 2055 -1
37 2056 1
83 2056 -1
37 2057 1
9 2057 -1
38 2058 1
138 2058 -1
38 2059 1
21 2059 -1
38 2060 1
139 2060 -1
38 2061 1
96 2061 -1
38 2062 1
27 2062 -1
38 2063 1
84 2063 -1
38 2064 1
19 2064 -1
38 2065 1
106 2065 -1
38 2066 1
85 2066 -1
38 2067 1
24 2067 -1
38 2068 1
66 2068 -1
38 2069 1
124 2069 -1
38 2070 1
23 2070 -1
38 2071 1
120 2071 -1
38 2072 1
15 2072 -1
38 2073 1
60 2073 -1
38 2074 1
14 2074 -1
38 2075 1
20 2075 -1
38 2076 1
130 2076 -1
38 2077 1
155 2077 -1
38 2078 1
28 2078 -1
38 2079 1
42 2079 -1
38 2080 1
148 2080 -1
38 2081 1
86 2081 -1
38 2082 1
49 2082 -1
38 2083 1
71 2083 -1
38 2084 1
59 2084 -1
38 2085 1
149 2085 -1
38 2086 1
48 2086 -1
38 2087 1
114 2087 -1
38 2088 1
99 2088 -1
38 2089 1
80 2089 -1
38 2090 1
93 2090 -1
40 2091 1
38 2091 -1
40 2092 1
107 2092 -1
40 2093 1
29 2093 -1
40 2094 1
41 2094 -1
40 2095 1
12 2095 -1
40 2096 1
47 2096 -1
40 2097 1
102 2097 -1
40 2098 1
39 2098 -1
40 2099 1
63 2099 -1
40 2100 1
115 2100 -1
40 2101 1
119 2101 -1
40 2102 1
139 2102 -1
40 2103 1
118 2103 -1
40 2104 1
112 2104 -1
40 2105 1
56 2105 -1
40 2106 1
49 2106 -1
40 2107 1
101 2107 -1
40 2108 1
110 2108 -1
43 2109 1
78 2109 -1
43 2110 1
46 2110 -1
43 2111 1
20 2111 -1
43 2112 1
146 2112 -1
43 2113 1
119 2113 -1
43 2114 1
23 2114 -1
43 2115 1
132 2115 -1
43 2116 1
58 2116 -1
43 2117 1
97 2117 -1
43 2118 1
151 2118 -1
43 2119 1
40 2119 -1
43 2120 1
87 2120 -1
43 2121 1
84 2121 -1
43 2122 1
135 2122 -1
43 2123 1
62 2123 -1
43 2124 1
13 2124 -1
43 2125 1
51 2125 -1
43 2126 1
152 2126 -1
43 2127 1
131 2127 -1
43 2128 1
114 2128 -1
43 2129 1
124 2129 -1
43 2130 1
18 2130 -1
43 2131 1
85 2131 -1
43 2132 1
14 2132 -1
43 2133 1
92 2133 -1
43 2134 1
137 2134 -1
43 2135 1
127 2135 -1
43 2136 1
116 2136 -1
43 2137 1
94 2137 -1
43 2138 1
108 2138 -1
43 2139 1
59 2139 -1
45 2140 1
43 2140 -1
45 2141 1
97 2141 -1
45 2142 1
37 2142 -1
45 2143 1
126 2143 -1
45 2144 1
40 2144 -1
45 2145 1
152 2145 -1
45 2146 1
68 2146 -1
45 2147 1
47 2147 -1
45 2148 1
125 2148 -1
45 2149 1
48 2149 -1
45 2150 1
153 2150 -1
45 2151 1
120 2151 -1
45 2152 1
95 2152 -1
45 2153 1
139 2153 -1
45 2154 1
28 2154 -1
45 2155 1
145 2155 -1
45 2156 1
59 2156 -1
45 2157 1
111 2157 -1
45 2158 1
50 2158 -1
45 2159 1
101 2159 -1
45 2160 1
26 2160 -1
45 2161 1
87 2161 -1
45 2162 1
105 2162 -1
45 2163 1
77 2163 -1
45 2164 1
128 2164 -1
45 2165 1
63 2165 -1
45 2166 1
12 2166 -1
45 2167 1
30 2167 -1
45 2168 1
20 2168 -1
54 2169 1
40 2169 -1
54 2170 1
18 2170 -1
54 2171 1
63 2171 -1
54 2172 1
13 2172 -1
54 2173 1
42 2173 -1
54 2174 1
109 2174 -1
54 2175 1
65 2175 -1
54 2176 1
30 2176 -1
54 2177 1
57 2177 -1
54 2178 1
41 2178 -1
54 2179 1
118 2179 -1
54 2180 1
11 2180 -1
54 2181 1
50 2181 -1
54 2182 1
83 2182 -1
54 2183 1
87 2183 -1
54 2184 1
60 2184 -1
54 2185 1
104 2185 -1
54 2186 1
95 2186 -1
54 2187 1
55 2187 -1
54 2188 1
37 2188 -1
54 2189 1
26 2189 -1
54 2190 1
58 2190 -1
54 2191 1
82 2191 -1
54 2192 1
146 2192 -1
54 2193 1
85 2193 -1
54 2194 1
45 2194 -1
63 2195 1
131 2195 -1
63 2196 1
27 2196 -1
63 2197 1
121 2197 -1
63 2198 1
94 2198 -1
63 2199 1
101 2199 -1
63 2200 1
92 2200 -1
63 2201 1
39 2201 -1
63 2202 1
61 2202 -1
63 2203 1
128 2203 -1
63 2204 1
142 2204 -1
63 2205 1
155 2205 -1
63 2206 1
66 2206 -1
63 2207 1
10 2207 -1
63 2208 1
70 2208 -1
63 2209 1
51 2209 -1
63 2210 1
64 2210 -1
63 2211 1
44 2211 -1
63 2212 1
137 2212 -1
63 2213 1
21 2213 -1
63 2214 1
105 2214 -1
66 2215 1
126 2215 -1
66 2216 1
93 2216 -1
66 2217 1
108 2217 -1
66 2218 1
148 2218 -1
66 2219 1
63 2219 -1
66 2220 1
123 2220 -1
66 2221 1
68 2221 -1
66 2222 1
82 2222 -1
66 2223 1
119 2223 -1
66 2224 1
54 2224 -1
66 2225 1
84 2225 -1
66 2226 1
61 2226 -1
66 2227 1
131 2227 -1
66 2228 1
16 2228 -1
66 2229 1
10 2229 -1
66 2230 1
21 2230 -1
66 2231 1
28 2231 -1
66 2232 1
103 2232 -1
66 2233 1
125 2233 -1
66 2234 1
26 2234 -1
66 2235 1
38 2235 -1
66 2236 1
69 2236 -1
66 2237 1
29 2237 -1
66 2238 1
78 2238 -1
66 2239 1
87 2239 -1
66 2240 1
147 2240 -1
66 2241 1
42 2241 -1
66 2242 1
85 2242 -1
66 2243 1
46 2243 -1
78 2244 1
10 2244 -1
78 2245 1
146 2245 -1
78 2246 1
69 2246 -1
78 2247 1
112 2247 -1
78 2248 1
150 2248 -1
126 2249 1
143 2249 -1
126 2250 1
34 2250 -1
126 2251 1
61 2251 -1
126 2252 1
50 2252 -1
131 2253 1
66 2253 -1
131 2254 1
32 2254 -1
131 2255 1
108 2255 -1
131 2256 1
102 2256 -1
131 2257 1
18 2257 -1
131 2258 1
78 2258 -1
131 2259 1
147 2259 -1
131 2260 1
141 2260 -1
131 2261 1
80 2261 -1
131 2262 1
155 2262 -1
131 2263 1
33 2263 -1
131 2264 1
111 2264 -1
131 2265 1
96 2265 -1
131 2266 1
123 2266 -1
131 2267 1
20 2267 -1
131 2268 1
54 2268 -1
131 2269 1
40 2269 -1
131 2270 1
114 2270 -1
131 2271 1
126 2271 -1
131 2272 1
89 2272 -1
131 2273 1
134 2273 -1
131 2274 1
97 2274 -1
131 2275 1
21 2275 -1
131 2276 1
100 2276 -1
131 2277 1
143 2277 -1
131 2278 1
139 2278 -1
131 2279 1
22 2279 -1
138 2280 1
45 2280 -1
138 2281 1
98 2281 -1
138 2282 1
93 2282 -1
138 2283 1
50 2283 -1
138 2284 1
101 2284 -1
138 2285 1
137 2285 -1
138 2286 1
132 2286 -1
138 2287 1
86 2287 -1
138 2288 1
136 2288 -1
138 2289 1
141 2289 -1
138 2290 1
77 2290 -1
138 2291 1
99 2291 -1
138 2292 1
67 2292 -1
138 2293 1
73 2293 -1
138 2294 1
128 2294 -1
138 2295 1
70 2295 -1
138 2296 1
25 2296 -1
138 2297 1
16 2297 -1
138 2298 1
59 2298 -1
138 2299 1
22 2299 -1
138 2300 1
142 2300 -1
138 2301 1
155 2301 -1
138 2302 1
19 2302 -1
138 2303 1
154 2303 -1
138 2304 1
47 2304 -1
138 2305 1
130 2305 -1
142 2306 1
151 2306 -1
142 2307 1
66 2307 -1
142 2308 1
64 2308 -1
142 2309 1
107 2309 -1
142 2310 1
16 2310 -1
142 2311 1
23 2311 -1
7 2312 1
128 2312 -1
7 2313 1
134 2313 -1
7 2314 1
29 2314 -1
7 2315 1
10 2315 -1
7 2316 1
32 2316 -1
7 2317 1
99 2317 -1
7 2318 1
35 2318 -1
7 2319 1
139 2319 -1
7 2320 1
107 2320 -1
7 2321 1
146 2321 -1
7 2322 1
57 2322 -1
7 2323 1
45 2323 -1
7 2324 1
86 2324 -1
7 2325 1
92 2325 -1
7 2326 1
34 2326 -1
7 2327 1
24 2327 -1
7 2328 1
54 2328 -1
7 2329 1
88 2329 -1
7 2330 1
117 2330 -1
7 2331 1
82 2331 -1
7 2332 1
115 2332 -1
7 2333 1
43 2333 -1
7 2334 1
70 2334 -1
7 2335 1
30 2335 -1
7 2336 1
126 2336 -1
7 2337 1
38 2337 -1
7 2338 1
20 2338 -1
7 2339 1
51 2339 -1
7 2340 1
44 2340 -1
7 2341 1
65 2341 -1
7 2342 1
14 2342 -1
13 2343 1
89 2343 -1
13 2344 1
14 2344 -1
13 2345 1
79 2345 -1
13 2346 1
60 2346 -1
13 2347 1
81 2347 -1
13 2348 1
128 2348 -1
13 2349 1
99 2349 -1
13 2350 1
122 2350 -1
13 2351 1
110 2351 -1
13 2352 1
23 2352 -1
13 2353 1
35 2353 -1
13 2354 1
111 2354 -1
13 2355 1
97 2355 -1
13 2356 1
117 2356 -1
13 2357 1
70 2357 -1
13 2358 1
92 2358 -1
13 2359 1
10 2359 -1
13 2360 1
36 2360 -1
13 2361 1
130 2361 -1
13 2362 1
108 2362 -1
13 2363 1
113 2363 -1
13 2364 1
67 2364 -1
13 2365 1
100 2365 -1
13 2366 1
78 2366 -1
13 2367 1
32 2367 -1
13 2368 1
152 2368 -1
13 2369 1
98 2369 -1
13 2370 1
59 2370 -1
13 2371 1
147 2371 -1
13 2372 1
150 2372 -1
13 2373 1
34 2373 -1
13 2374 1
86 2374 -1
13 2375 1
61 2375 -1
24 2376 1
28 2376 -1
24 2377 1
69 2377 -1
24 2378 1
105 2378 -1
24 2379 1
35 2379 -1
24 2380 1
106 2380 -1
24 2381 1
12 2381 -1
24 2382 1
117 2382 -1
24 2383 1
142 2383 -1
24 2384 1
107 2384 -1
24 2385 1
149 2385 -1
24 2386 1
147 2386 -1
24 2387 1
108 2387 -1
24 2388 1
104 2388 -1
24 2389 1
30 2389 -1
24 2390 1
133 2390 -1
24 2391 1
56 2391 -1
24 2392 1
31 2392 -1
24 2393 1
134 2393 -1
24 2394 1
21 2394 -1
24 2395 1
38 2395 -1
24 2396 1
32 2396 -1
28 2397 1
113 2397 -1
28 2398 1
83 2398 -1
28 2399 1
94 2399 -1
28 2400 1
114 2400 -1
28 2401 1
106 2401 -1
28 2402 1
148 2402 -1
28 2403 1
74 2403 -1
28 2404 1
44 2404 -1
28 2405 1
116 2405 -1
28 2406 1
18 2406 -1
28 2407 1
155 2407 -1
28 2408 1
107 2408 -1
31 2409 1
109 2409 -1
31 2410 1
97 2410 -1
31 2411 1
25 2411 -1
31 2412 1
93 2412 -1
31 2413 1
34 2413 -1
31 2414 1
145 2414 -1
31 2415 1
124 2415 -1
31 2416 1
24 2416 -1
31 2417 1
105 2417 -1
31 2418 1
154 2418 -1
31 2419 1
139 2419 -1
31 2420 1
101 2420 -1
31 2421 1
106 2421 -1
60 2422 1
137 2422 -1
60 2423 1
101 2423 -1
60 2424 1
127 2424 -1
60 2425 1
142 2425 -1
60 2426 1
61 2426 -1
70 2427 1
93 2427 -1
70 2428 1
13 2428 -1
70 2429 1
79 2429 -1
70 2430 1
92 2430 -1
70 2431 1
106 2431 -1
70 2432 1
11 2432 -1
70 2433 1
62 2433 -1
70 2434 1
19 2434 -1
70 2435 1
50 2435 -1
70 2436 1
69 2436 -1
70 2437 1
102 2437 -1
70 2438 1
118 2438 -1
70 2439 1
134 2439 -1
70 2440 1
66 2440 -1
70 2441 1
63 2441 -1
81 2442 1
24 2442 -1
81 2443 1
70 2443 -1
81 2444 1
61 2444 -1
81 2445 1
155 2445 -1
81 2446 1
89 2446 -1
81 2447 1
153 2447 -1
81 2448 1
118 2448 -1
81 2449 1
146 2449 -1
81 2450 1
9 2450 -1
81 2451 1
22 2451 -1
81 2452 1
142 2452 -1
81 2453 1
31 2453 -1
81 2454 1
105 2454 -1
81 2455 1
141 2455 -1
81 2456 1
90 2456 -1
81 2457 1
144 2457 -1
81 2458 1
52 2458 -1
81 2459 1
94 2459 -1
81 2460 1
74 2460 -1
81 2461 1
34 2461 -1
81 2462 1
79 2462 -1
81 2463 1
41 2463 -1
81 2464 1
87 2464 -1
81 2465 1
66 2465 -1
81 2466 1
112 2466 -1
81 2467 1
121 2467 -1
81 2468 1
63 2468 -1
81 2469 1
13 2469 -1
81 2470 1
126 2470 -1
89 2471 1
31 2471 -1
89 2472 1
44 2472 -1
89 2473 1
18 2473 -1
89 2474 1
77 2474 -1
89 2475 1
17 2475 -1
89 2476 1
138 2476 -1
89 2477 1
29 2477 -1
89 2478 1
21 2478 -1
89 2479 1
96 2479 -1
93 2480 1
151 2480 -1
93 2481 1
58 2481 -1
93 2482 1
60 2482 -1
93 2483 1
26 2483 -1
93 2484 1
46 2484 -1
93 2485 1
77 2485 -1
93 2486 1
134 2486 -1
93 2487 1
13 2487 -1
93 2488 1
74 2488 -1
93 2489 1
82 2489 -1
93 2490 1
149 2490 -1
93 2491 1
30 2491 -1
93 2492 1
83 2492 -1
93 2493 1
21 2493 -1
93 2494 1
155 2494 -1
93 2495 1
125 2495 -1
93 2496 1
152 2496 -1
93 2497 1
129 2497 -1
93 2498 1
78 2498 -1
93 2499 1
145 2499 -1
93 2500 1
34 2500 -1
93 2501 1
132 2501 -1
96 2502 1
103 2502 -1
96 2503 1
26 2503 -1
96 2504 1
99 2504 -1
96 2505 1
44 2505 -1
96 2506 1
39 2506 -1
96 2507 1
77 2507 -1
96 2508 1
46 2508 -1
96 2509 1
117 2509 -1
96 2510 1
11 2510 -1
96 2511 1
111 2511 -1
96 2512 1
125 2512 -1
96 2513 1
40 2513 -1
96 2514 1
17 2514 -1
96 2515 1
100 2515 -1
96 2516 1
14 2516 -1
96 2517 1
29 2517 -1
96 2518 1
66 2518 -1
96 2519 1
56 2519 -1
96 2520 1
49 2520 -1
96 2521 1
137 2521 -1
96 2522 1
122 2522 -1
96 2523 1
112 2523 -1
96 2524 1
74 2524 -1
96 2525 1
57 2525 -1
96 2526 1
145 2526 -1
96 2527 1
47 2527 -1
96 2528 1
30 2528 -1
96 2529 1
15 2529 -1
96 2530 1
120 2530 -1
96 2531 1
16 2531 -1
96 2532 1
65 2532 -1
103 2533 1
150 2533 -1
103 2534 1
104 2534 -1
103 2535 1
114 2535 -1
103 2536 1
24 2536 -1
103 2537 1
109 2537 -1
103 2538 1
46 2538 -1
103 2539 1
40 2539 -1
103 2540 1
84 2540 -1
103 2541 1
121 2541 -1
103 2542 1
111 2542 -1
103 2543 1
142 2543 -1
103 2544 1
11 2544 -1
103 2545 1
82 2545 -1
103 2546 1
21 2546 -1
103 2547 1
28 2547 -1
103 2548 1
78 2548 -1
103 2549 1
101 2549 -1
103 2550 1
19 2550 -1
103 2551 1
30 2551 -1
103 2552 1
94 2552 -1
103 2553 1
83 2553 -1
103 2554 1
44 2554 -1
103 2555 1
22 2555 -1
103 2556 1
152 2556 -1
103 2557 1
76 2557 -1
103 2558 1
25 2558 -1
103 2559 1
97 2559 -1
103 2560 1
154 2560 -1
104 2561 1
116 2561 -1
104 2562 1
152 2562 -1
104 2563 1
106 2563 -1
104 2564 1
112 2564 -1
104 2565 1
49 2565 -1
104 2566 1
20 2566 -1
104 2567 1
65 2567 -1
104 2568 1
70 2568 -1
104 2569 1
62 2569 -1
104 2570 1
88 2570 -1
104 2571 1
24 2571 -1
104 2572 1
31 2572 -1
104 2573 1
61 2573 -1
104 2574 1
82 2574 -1
104 2575 1
134 2575 -1
104 2576 1
149 2576 -1
104 2577 1
89 2577 -1
104 2578 1
68 2578 -1
109 2579 1
96 2579 -1
109 2580 1
148 2580 -1
109 2581 1
59 2581 -1
109 2582 1
130 2582 -1
109 2583 1
120 2583 -1
109 2584 1
142 2584 -1
109 2585 1
78 2585 -1
109 2586 1
108 2586 -1
109 2587 1
71 2587 -1
109 2588 1
16 2588 -1
109 2589 1
139 2589 -1
109 2590 1
122 2590 -1
109 2591 1
133 2591 -1
109 2592 1
104 2592 -1
109 2593 1
41 2593 -1
109 2594 1
121 2594 -1
109 2595 1
12 2595 -1
109 2596 1
99 2596 -1
109 2597 1
147 2597 -1
113 2598 1
120 2598 -1
113 2599 1
24 2599 -1
113 2600 1
142 2600 -1
113 2601 1
92 2601 -1
113 2602 1
55 2602 -1
113 2603 1
34 2603 -1
113 2604 1
139 2604 -1
113 2605 1
104 2605 -1
113 2606 1
25 2606 -1
113 2607 1
129 2607 -1
113 2608 1
135 2608 -1
113 2609 1
20 2609 -1
113 2610 1
114 2610 -1
113 2611 1
40 2611 -1
113 2612 1
79 2612 -1
113 2613 1
43 2613 -1
113 2614 1
42 2614 -1
113 2615 1
115 2615 -1
113 2616 1
26 2616 -1
113 2617 1
109 2617 -1
113 2618 1
31 2618 -1
116 2619 1
70 2619 -1
116 2620 1
77 2620 -1
116 2621 1
9 2621 -1
116 2622 1
121 2622 -1
116 2623 1
40 2623 -1
116 2624 1
91 2624 -1
116 2625 1
148 2625 -1
116 2626 1
113 2626 -1
116 2627 1
141 2627 -1
116 2628 1
110 2628 -1
116 2629 1
73 2629 -1
116 2630 1
53 2630 -1
116 2631 1
107 2631 -1
116 2632 1
140 2632 -1
116 2633 1
55 2633 -1
116 2634 1
147 2634 -1
116 2635 1
119 2635 -1
116 2636 1
36 2636 -1
116 2637 1
130 2637 -1
116 2638 1
153 2638 -1
116 2639 1
62 2639 -1
116 2640 1
41 2640 -1
116 2641 1
117 2641 -1
116 2642 1
118 2642 -1
116 2643 1
11 2643 -1
116 2644 1
43 2644 -1
116 2645 1
25 2645 -1
116 2646 1
127 2646 -1
116 2647 1
47 2647 -1
120 2648 1
60 2648 -1
120 2649 1
139 2649 -1
120 2650 1
61 2650 -1
120 2651 1
82 2651 -1
120 2652 1
74 2652 -1
120 2653 1
133 2653 -1
120 2654 1
117 2654 -1
120 2655 1
37 2655 -1
120 2656 1
39 2656 -1
128 2657 1
81 2657 -1
128 2658 1
98 2658 -1
128 2659 1
27 2659 -1
128 2660 1
135 2660 -1
128 2661 1
87 2661 -1
128 2662 1
30 2662 -1
128 2663 1
148 2663 -1
128 2664 1
41 2664 -1
128 2665 1
83 2665 -1
128 2666 1
147 2666 -1
128 2667 1
13 2667 -1
128 2668 1
16 2668 -1
128 2669 1
109 2669 -1
128 2670 1
101 2670 -1
128 2671 1
141 2671 -1
128 2672 1
153 2672 -1
128 2673 1
48 2673 -1
128 2674 1
85 2674 -1
128 2675 1
71 2675 -1
128 2676 1
138 2676 -1
128 2677 1
122 2677 -1
128 2678 1
150 2678 -1
128 2679 1
134 2679 -1
128 2680 1
97 2680 -1
128 2681 1
14 2681 -1
128 2682 1
130 2682 -1
128 2683 1
111 2683 -1
128 2684 1
62 2684 -1
128 2685 1
114 2685 -1
128 2686 1
70 2686 -1
128 2687 1
107 2687 -1
128 2688 1
43 2688 -1
128 2689 1
47 2689 -1
128 2690 1
18 2690 -1
128 2691 1
117 2691 -1
137 2692 1
13 2692 -1
137 2693 1
117 2693 -1
137 2694 1
115 2694 -1
137 2695 1
121 2695 -1
137 2696 1
118 2696 -1
137 2697 1
31 2697 -1
137 2698 1
27 2698 -1
137 2699 1
122 2699 -1
137 2700 1
53 2700 -1
137 2701 1
128 2701 -1
137 2702 1
47 2702 -1
8 2703 1
20 2703 -1
8 2704 1
146 2704 -1
8 2705 1
84 2705 -1
8 2706 1
31 2706 -1
8 2707 1
89 2707 -1
8 2708 1
112 2708 -1
8 2709 1
75 2709 -1
8 2710 1
30 2710 -1
8 2711 1
125 2711 -1
8 2712 1
122 2712 -1
8 2713 1
77 2713 -1
12 2714 1
149 2714 -1
12 2715 1
14 2715 -1
12 2716 1
73 2716 -1
12 2717 1
36 2717 -1
12 2718 1
134 2718 -1
12 2719 1
91 2719 -1
12 2720 1
113 2720 -1
12 2721 1
15 2721 -1
12 2722 1
31 2722 -1
12 2723 1
133 2723 -1
14 2724 1
134 2724 -1
14 2725 1
151 2725 -1
14 2726 1
80 2726 -1
14 2727 1
136 2727 -1
14 2728 1
16 2728 -1
14 2729 1
37 2729 -1
14 2730 1
86 2730 -1
14 2731 1
153 2731 -1
14 2732 1
114 2732 -1
14 2733 1
135 2733 -1
14 2734 1
20 2734 -1
14 2735 1
117 2735 -1
14 2736 1
65 2736 -1
14 2737 1
58 2737 -1
14 2738 1
11 2738 -1
14 2739 1
66 2739 -1
14 2740 1
98 2740 -1
14 2741 1
60 2741 -1
14 2742 1
90 2742 -1
14 2743 1
137 2743 -1
14 2744 1
56 2744 -1
14 2745 1
99 2745 -1
14 2746 1
129 2746 -1
14 2747 1
33 2747 -1
14 2748 1
143 2748 -1
14 2749 1
124 2749 -1
14 2750 1
130 2750 -1
14 2751 1
107 2751 -1
14 2752 1
49 2752 -1
14 2753 1
108 2753 -1
20 2754 1
26 2754 -1
20 2755 1
120 2755 -1
20 2756 1
60 2756 -1
20 2757 1
117 2757 -1
20 2758 1
123 2758 -1
20 2759 1
90 2759 -1
20 2760 1
143 2760 -1
20 2761 1
47 2761 -1
20 2762 1
150 2762 -1
20 2763 1
128 2763 -1
20 2764 1
129 2764 -1
20 2765 1
77 2765 -1
20 2766 1
62 2766 -1
20 2767 1
35 2767 -1
20 2768 1
41 2768 -1
20 2769 1
11 2769 -1
20 2770 1
12 2770 -1
20 2771 1
72 2771 -1
20 2772 1
113 2772 -1
20 2773 1
101 2773 -1
20 2774 1
66 2774 -1
20 2775 1
19 2775 -1
20 2776 1
34 2776 -1
20 2777 1
39 2777 -1
20 2778 1
61 2778 -1
20 2779 1
85 2779 -1
20 2780 1
32 2780 -1
20 2781 1
73 2781 -1
20 2782 1
119 2782 -1
20 2783 1
23 2783 -1
20 2784 1
110 2784 -1
20 2785 1
43 2785 -1
20 2786 1
118 2786 -1
23 2787 1
140 2787 -1
23 2788 1
83 2788 -1
23 2789 1
65 2789 -1
23 2790 1
89 2790 -1
23 2791 1
52 2791 -1
23 2792 1
88 2792 -1
23 2793 1
135 2793 -1
23 2794 1
133 2794 -1
23 2795 1
131 2795 -1
23 2796 1
102 2796 -1
23 2797 1
149 2797 -1
23 2798 1
106 2798 -1
23 2799 1
119 2799 -1
23 2800 1
46 2800 -1
23 2801 1
34 2801 -1
23 2802 1
126 2802 -1
23 2803 1
144 2803 -1
23 2804 1
147 2804 -1
23 2805 1
148 2805 -1
23 2806 1
114 2806 -1
23 2807 1
14 2807 -1
23 2808 1
125 2808 -1
23 2809 1
113 2809 -1
23 2810 1
76 2810 -1
23 2811 1
95 2811 -1
23 2812 1
30 2812 -1
23 2813 1
91 2813 -1
23 2814 1
49 2814 -1
26 2815 1
123 2815 -1
26 2816 1
154 2816 -1
26 2817 1
109 2817 -1
26 2818 1
132 2818 -1
26 2819 1
73 2819 -1
26 2820 1
60 2820 -1
26 2821 1
75 2821 -1
26 2822 1
54 2822 -1
26 2823 1
10 2823 -1
26 2824 1
112 2824 -1
26 2825 1
92 2825 -1
26 2826 1
87 2826 -1
26 2827 1
53 2827 -1
26 2828 1
133 2828 -1
26 2829 1
33 2829 -1
26 2830 1
62 2830 -1
26 2831 1
20 2831 -1
26 2832 1
115 2832 -1
26 2833 1
24 2833 -1
26 2834 1
98 2834 -1
26 2835 1
149 2835 -1
26 2836 1
107 2836 -1
26 2837 1
39 2837 -1
26 2838 1
135 2838 -1
26 2839 1
43 2839 -1
26 2840 1
67 2840 -1
26 2841 1
103 2841 -1
26 2842 1
134 2842 -1
26 2843 1
55 2843 -1
30 2844 1
152 2844 -1
30 2845 1
65 2845 -1
30 2846 1
31 2846 -1
30 2847 1
122 2847 -1
30 2848 1
106 2848 -1
30 2849 1
56 2849 -1
30 2850 1
64 2850 -1
30 2851 1
25 2851 -1
30 2852 1
148 2852 -1
30 2853 1
75 2853 -1
30 2854 1
11 2854 -1
30 2855 1
117 2855 -1
46 2856 1
139 2856 -1
46 2857 1
24 2857 -1
46 2858 1
106 2858 -1
46 2859 1
76 2859 -1
46 2860 1
138 2860 -1
46 2861 1
21 2861 -1
46 2862 1
25 2862 -1
46 2863 1
114 2863 -1
46 2864 1
26 2864 -1
46 2865 1
130 2865 -1
47 2866 1
67 2866 -1
47 2867 1
155 2867 -1
47 2868 1
125 2868 -1
67 2869 1
144 2869 -1
67 2870 1
127 2870 -1
67 2871 1
126 2871 -1
67 2872 1
76 2872 -1
67 2873 1
79 2873 -1
67 2874 1
82 2874 -1
67 2875 1
78 2875 -1
67 2876 1
19 2876 -1
67 2877 1
147 2877 -1
67 2878 1
21 2878 -1
67 2879 1
146 2879 -1
67 2880 1
23 2880 -1
67 2881 1
90 2881 -1
67 2882 1
103 2882 -1
67 2883 1
41 2883 -1
67 2884 1
122 2884 -1
67 2885 1
22 2885 -1
67 2886 1
153 2886 -1
67 2887 1
145 2887 -1
67 2888 1
140 2888 -1
67 2889 1
52 2889 -1
67 2890 1
49 2890 -1
67 2891 1
88 2891 -1
95 2892 1
23 2892 -1
95 2893 1
62 2893 -1
95 2894 1
76 2894 -1
95 2895 1
134 2895 -1
95 2896 1
104 2896 -1
95 2897 1
34 2897 -1
95 2898 1
154 2898 -1
95 2899 1
113 2899 -1
95 2900 1
12 2900 -1
95 2901 1
65 2901 -1
95 2902 1
73 2902 -1
95 2903 1
39 2903 -1
95 2904 1
146 2904 -1
95 2905 1
33 2905 -1
95 2906 1
42 2906 -1
95 2907 1
147 2907 -1
95 2908 1
14 2908 -1
95 2909 1
11 2909 -1
95 2910 1
45 2910 -1
95 2911 1
127 2911 -1
95 2912 1
122 2912 -1
95 2913 1
133 2913 -1
97 2914 1
12 2914 -1
97 2915 1
76 2915 -1
97 2916 1
65 2916 -1
97 2917 1
119 2917 -1
97 2918 1
77 2918 -1
97 2919 1
142 2919 -1
97 2920 1
117 2920 -1
97 2921 1
54 2921 -1
97 2922 1
59 2922 -1
97 2923 1
56 2923 -1
97 2924 1
81 2924 -1
97 2925 1
112 2925 -1
97 2926 1
73 2926 -1
97 2927 1
126 2927 -1
97 2928 1
85 2928 -1
123 2929 1
47 2929 -1
123 2930 1
132 2930 -1
123 2931 1
77 2931 -1
123 2932 1
148 2932 -1
127 2933 1
97 2933 -1
127 2934 1
47 2934 -1
127 2935 1
72 2935 -1
127 2936 1
37 2936 -1
127 2937 1
44 2937 -1
127 2938 1
31 2938 -1
127 2939 1
39 2939 -1
127 2940 1
115 2940 -1
127 2941 1
68 2941 -1
127 2942 1
77 2942 -1
127 2943 1
92 2943 -1
127 2944 1
59 2944 -1
127 2945 1
79 2945 -1
127 2946 1
144 2946 -1
127 2947 1
28 2947 -1
127 2948 1
116 2948 -1
127 2949 1
118 2949 -1
127 2950 1
26 2950 -1
127 2951 1
126 2951 -1
127 2952 1
91 2952 -1
127 2953 1
130 2953 -1
127 2954 1
76 2954 -1
127 2955 1
107 2955 -1
127 2956 1
58 2956 -1
127 2957 1
135 2957 -1
127 2958 1
16 2958 -1
127 2959 1
19 2959 -1
127 2960 1
27 2960 -1
134 2961 1
95 2961 -1
134 2962 1
143 2962 -1
134 2963 1
153 2963 -1
134 2964 1
111 2964 -1
134 2965 1
119 2965 -1
134 2966 1
81 2966 -1
134 2967 1
127 2967 -1
134 2968 1
151 2968 -1
139 2969 1
30 2969 -1
139 2970 1
72 2970 -1
139 2971 1
59 2971 -1
139 2972 1
136 2972 -1
140 2973 1
46 2973 -1
140 2974 1
65 2974 -1
140 2975 1
104 2975 -1
140 2976 1
146 2976 -1
140 2977 1
134 2977 -1
140 2978 1
23 2978 -1
140 2979 1
69 2979 -1
140 2980 1
103 2980 -1
140 2981 1
67 2981 -1
140 2982 1
133 2982 -1
140 2983 1
49 2983 -1
140 2984 1
115 2984 -1
140 2985 1
78 2985 -1
140 2986 1
96 2986 -1
140 2987 1
43 2987 -1
140 2988 1
16 2988 -1
140 2989 1
107 2989 -1
140 2990 1
17 2990 -1
140 2991 1
127 2991 -1
140 2992 1
110 2992 -1
140 2993 1
40 2993 -1
140 2994 1
126 2994 -1
140 2995 1
50 2995 -1
140 2996 1
120 2996 -1
140 2997 1
144 2997 -1
140 2998 1
92 2998 -1
140 2999 1
85 2999 -1
140 3000 1
64 3000 -1
