1 1 328.158015973
2 2 591.974939092
3 3 94.8898991044
4 4 502.21575435
5 5 587.970108759
6 6 585.388759867
7 7 531.045906415
8 8 297.742693085
9 9 38.4437061705
10 10 478.30616684
11 11 386.568753582
12 12 0.000701447080838
13 13 0.00342628628814
14 14 266.674110732
15 15 28.7278879163
16 16 336.076402339
17 17 219.763875214
18 18 0.0091169568573
19 19 321.065396329
20 20 31.8855317943
21 21 87.7026923063
22 22 451.255557456
23 23 393.805142354
24 24 96.6598285821
25 25 257.171015092
26 26 0.00980438461428
27 27 433.508512079
28 28 0.000339619212136
29 29 602.090950024
30 30 0.00275057063146
31 31 183.599239715
32 32 601.184075079
33 33 0.00616801732724
34 34 128.831629664
35 35 0.00694147566935
36 36 340.508454016
37 37 0.00573986902973
38 38 243.700638509
39 39 0.00576306555065
40 40 452.370994417
41 41 0.000338547073192
42 42 478.924727998
43 43 329.699779648
44 44 156.98271453
45 45 172.656920285
46 46 605.367052284
47 47 239.925555125
48 48 190.497171057
49 49 0.00424003912765
50 50 104.693870523
51 51 0.00602881741394
52 52 389.849952388
53 53 0.00999669498454
54 54 0.00163087943896
55 55 481.542415493
56 56 500.1342885
57 57 0.00867566620775
58 58 421.680976666
59 59 533.525248467
60 60 0.00659530565159
61 61 86.0330566953
62 62 259.938345669
63 63 42.8064334722
64 64 239.372741995
65 65 0.000499780399944
66 66 297.670329056
67 67 0.00236010943404
68 68 600.19463055
69 69 508.070443187
70 70 211.879456206
71 71 213.232929926
72 72 0.0021115203867
73 73 95.3100319476
74 74 549.68013047
75 75 0.00461038910416
76 76 0.0017465160194
77 77 483.079186897
78 78 299.844194398
79 79 618.386086647
80 80 372.764958926
81 81 186.290559287
82 82 36.8787475003
83 83 519.283205979
84 84 389.607750837
85 85 486.520138792
86 86 0.000648214035164
87 87 366.100342681
88 88 264.085918433
89 89 512.626767311
90 90 569.474232663
91 91 0.0098343294327
92 92 102.986536549
93 93 15.4856035142
94 94 246.786648248
95 95 32.9446437569
96 96 436.163131279
97 97 0.00144630125641
98 98 516.260651899
99 99 239.100238621
100 100 452.071589986
101 101 575.876986251
102 102 370.623861932
103 103 240.099282691
104 104 344.034840158
105 105 0.00774397353126
106 106 0.00643526909246
107 107 0.000301030927325
108 108 121.737959456
109 109 21.2436824027
110 110 495.121979854
111 111 249.225851416
112 112 509.850966933
113 113 552.37149047
114 114 231.921742456
115 115 0.00137897694442
116 116 212.917663934
117 117 0.00653462869465
118 118 0.0034144907517
119 119 141.40563558
120 120 405.292974098
121 121 85.7743796842
122 122 143.040157987
123 123 142.96477857
124 124 0.00736434884078
125 125 18.7515061282
126 126 315.802990347
127 127 482.802086414
128 128 607.090556817
129 129 7.73149271379
130 130 0.00972806009097
131 131 503.965948966
132 132 572.016485766
133 133 28.0390067201
134 134 110.788404629
135 135 403.586280702
136 136 14.3696230482
137 137 66.3400273529
138 138 0.00142764848097
139 139 0.00388442008572
140 140 477.243138279
141 141 225.088210168
142 142 10.7313068213
143 143 0.00557612402406
144 144 505.218404919
145 145 267.563010868
146 146 406.641854089
147 147 518.078560011
148 148 114.390208305
149 149 25.4142088889
150 150 430.792798985
151 151 215.908438616
152 152 478.035871912
153 153 339.553796792
154 154 528.563386288
155 155 477.029610263
156 156 233.692734246
157 157 544.378097873
158 158 530.731268946
159 159 465.35969751
160 160 156.278987978
161 161 443.102271864
162 162 321.619515651
163 163 0.00590792130326
164 164 60.5134013235
165 165 536.181776239
166 166 74.0894176258
167 167 386.813574723
168 168 0.00827626853648
169 169 558.49921469
170 170 164.190596055
171 171 201.31770303
172 172 117.976370612
173 173 0.00386539822492
174 174 61.9911623524
175 175 0.00951784762793
176 176 478.306349869
177 177 51.9768974354
178 178 260.781537876
179 179 188.190367578
180 180 12.31434948
181 181 438.80375881
182 182 0.000130546650916
183 183 574.863031222
184 184 0.00245234870626
185 185 24.3072425044
186 186 169.580461026
187 187 347.821837598
188 188 294.363837396
189 189 344.679680043
190 190 105.940517517
191 191 0.00304138978044
192 192 588.565102916
193 193 548.076073149
194 194 521.08604205
195 195 183.048679874
196 196 0.00723392063948
197 197 331.594464561
198 198 0.000518850575289
199 199 87.459323247
200 200 530.895742814
201 201 470.143978612
202 202 77.5207480435
203 203 70.6738154551
204 204 75.813521508
205 205 270.797671283
206 206 577.420000983
207 207 567.735469156
208 208 296.252537133
209 209 605.572930992
210 210 441.406004944
211 211 0.00264042928893
212 212 0.00274969406863
213 213 0.00562964195458
214 214 0.00386334452354
215 215 270.634219437
216 216 0.0032783624869
217 217 587.884861359
218 218 415.385210021
219 219 15.3651914168
220 220 362.791564754
221 221 133.180165546
222 222 468.663333082
223 223 172.696392838
224 224 455.743685007
225 225 410.313500373
226 226 157.074037387
227 227 571.933044204
228 228 1.98849629288
229 229 338.509211914
230 230 216.195447969
231 231 522.16283772
232 232 197.94920446
233 233 482.59236996
234 234 476.837401601
235 235 0.00493099319262
236 236 617.503418314
237 237 0.00196617938507
238 238 0.00751448075523
239 239 34.1420558211
240 240 0.00370807288284
241 241 16.0844309847
242 242 0.0072813239799
243 243 161.370102837
244 244 612.482698044
245 245 0.00858749392833
246 246 59.4009751729
247 247 361.587072151
248 248 99.5661971371
249 249 0.00925598229643
250 250 282.239952176
251 251 593.847645393
252 252 501.484317246
253 253 618.658842304
254 254 0.0049813040163
255 255 261.774844425
256 256 59.6881569652
257 257 610.408212869
258 258 295.594698568
259 259 273.526841663
260 260 546.674736484
261 261 209.279661462
262 262 566.436354505
263 263 264.613824389
264 264 478.497484643
265 265 297.917792539
266 266 0.00676528387999
267 267 227.423190692
268 268 0.00537822867526
269 269 77.5245579202
270 270 362.973069516
271 271 165.468421183
272 272 0.00283617788316
273 273 0.00628270936824
274 274 99.2243245398
275 275 124.193173298
276 276 0.000735730136573
277 277 518.642772401
278 278 224.587007961
279 279 237.737972057
280 280 291.565734757
281 281 86.2167436181
282 282 473.500329428
283 283 569.010499535
284 284 0.00241551849372
285 285 532.66829795
286 286 189.659975446
287 287 234.911401281
288 288 271.513933913
289 289 461.907195745
290 290 0.00283101614159
291 291 0.00385659268384
292 292 0.00420837768563
293 293 608.416019238
294 294 0.00988334822365
295 295 184.846324466
296 296 197.957161639
297 297 0.00726880290001
298 298 0.000672850807014
299 299 0.00543181350119
300 300 401.796638823
301 301 21.2689356119
302 302 552.575650932
303 303 0.00506186743503
304 304 332.876587946
305 305 152.231020535
306 306 0.00083136782901
307 307 311.019703621
308 308 577.293417138
309 309 538.487248825
310 310 133.09446067
311 311 256.082008639
312 312 173.523286689
313 313 240.272012698
314 314 197.146170316
315 315 432.039237014
316 316 58.5357376851
317 317 339.660594105
318 318 0.000388984935404
319 319 0.00998789691076
320 320 93.6433245794
321 321 48.1388380475
322 322 0.0084303713114
323 323 329.579442156
324 324 279.84015058
325 325 383.743851189
326 326 0.00204136392078
327 327 512.639662475
328 328 416.067483846
329 329 469.971644975
330 330 51.7533198931
331 331 530.050042162
332 332 375.807956077
333 333 490.913655964
334 334 541.194923544
335 335 529.998593523
336 336 284.519985831
337 337 31.9662297288
338 338 6.85307348304e-05
339 339 322.346189565
340 340 341.673535701
341 341 569.216656901
342 342 619.41819449
343 343 603.24301026
344 344 0.000604404849401
345 345 495.275218247
346 346 68.8586015207
347 347 247.113870754
348 348 0.00377262589483
349 349 0.00894024435859
350 350 263.011099789
351 351 319.331202561
352 352 320.182516587
353 353 269.705405755
354 354 433.261396754
355 355 301.927775844
356 356 345.979087787
357 357 325.85266641
358 358 242.827497395
359 359 510.881100703
360 360 0.00701588560419
361 361 0.00201718356538
362 362 111.310443342
363 363 0.00225855124216
364 364 328.032306547
365 365 20.8635424478
366 366 256.78065151
367 367 0.00613506730203
368 368 0.00638353962086
369 369 0.00708802303916
370 370 298.281400078
371 371 337.537112997
372 372 0.00612359836741
373 373 597.652620165
374 374 614.074479626
375 375 42.8783132083
376 376 574.414566082
377 377 364.436163693
378 378 189.003646065
379 379 348.211053802
380 380 111.089439002
381 381 0.00406218072685
382 382 0.00966050889484
383 383 0.00963261973083
384 384 555.973859382
385 385 596.182990837
386 386 115.634748667
387 387 71.5848327416
388 388 372.786804369
389 389 262.878183966
390 390 226.566097805
391 391 415.641489975
392 392 0.437843718993
393 393 0.00863571036005
394 394 0.0049322171755
395 395 59.0873481091
396 396 44.2066795852
397 397 214.54235157
398 398 329.924479886
399 399 203.598414554
400 400 583.117182623
401 401 10.8359372754
402 402 296.767611069
403 403 45.68884999
404 404 605.204865802
405 405 0.00856272961954
406 406 371.049596134
407 407 0.00207434391179
408 408 176.083217433
409 409 286.74941403
410 410 429.432416145
411 411 0.00562228130156
412 412 0.00962197653232
413 413 341.267202253
414 414 0.00111401256688
415 415 621.872215776
416 416 126.973055482
417 417 0.00561087278249
418 418 0.00860918539244
419 419 152.547378696
420 420 191.715741703
421 421 495.396442923
422 422 198.064692574
423 423 0.00796916904082
424 424 0.00897126777021
425 425 449.148667112
426 426 30.214449832
427 427 0.00854571785095
428 428 294.242034555
429 429 570.95821299
430 430 610.869467198
431 431 78.2273280407
432 432 0.00594641451301
433 433 0.00933550977083
434 434 60.8209749062
435 435 1.22635563404
436 436 558.305308092
437 437 552.460424738
438 438 115.46062321
439 439 164.22843235
440 440 0.00801813334603
441 441 153.599232548
442 442 0.00307526116377
443 443 411.340275398
444 444 292.56271225
445 445 275.172158385
446 446 189.047563783
447 447 347.899190668
448 448 0.00451662462147
449 449 275.281413939
450 450 432.030224748
451 451 185.457568419
452 452 576.05815019
453 453 0.00333789440612
454 454 107.602712135
455 455 133.605528713
456 456 0.00875707267115
457 457 0.00395451762277
458 458 247.453332429
459 459 346.247649552
460 460 565.792644801
461 461 0.00363513296606
462 462 9.03446916194
463 463 0.00605392269432
464 464 416.814447733
465 465 318.20368287
466 466 300.895366567
467 467 136.542747995
468 468 83.7979349858
469 469 0.00879186313446
470 470 292.811359884
471 471 554.338499725
472 472 0.0039722507436
473 473 0.00912423428775
474 474 166.268034709
475 475 386.636774619
476 476 0.00408333465309
477 477 46.1541708638
478 478 91.5611790941
479 479 0.0098378360408
480 480 0.00302394818419
481 481 585.692470931
482 482 0.00670397082781
483 483 0.0092251975639
484 484 180.390068784
485 485 490.979888149
486 486 318.180842182
487 487 395.214662963
488 488 574.269305152
489 489 322.478775111
490 490 0.0054422354216
491 491 28.9655878669
492 492 77.3447572797
493 493 12.5648901868
494 494 92.3637015939
495 495 88.1540207415
496 496 250.722636998
497 497 0.00270020882886
498 498 0.00807725725821
499 499 0.00110364642233
500 500 277.530285275
501 501 589.278389957
502 502 113.949234939
503 503 298.646928589
504 504 140.688248261
505 505 64.1127248622
506 506 406.745379471
507 507 218.628999507
508 508 0.00869155395177
509 509 557.064194762
510 510 265.383872383
511 511 463.87670797
512 512 364.442607159
513 513 263.964727721
514 514 237.500998656
515 515 436.291685113
516 516 261.838043434
517 517 452.087360445
518 518 317.950209761
519 519 420.143473343
520 520 0.00764718319514
521 521 354.815903186
522 522 175.437331028
523 523 438.379365591
524 524 206.047532987
525 525 0.00632852794972
526 526 105.637225955
527 527 428.622259056
528 528 385.24276737
529 529 572.743364429
530 530 352.687196284
531 531 215.544586669
532 532 0.000227105856403
533 533 0.000240477424618
534 534 0.00381310559981
535 535 158.236133932
536 536 67.3828894613
537 537 504.490490765
538 538 508.133063047
539 539 0.00140865890365
540 540 257.961641184
541 541 416.241261707
542 542 410.572679993
543 543 324.515469085
544 544 71.6783101021
545 545 206.302980388
546 546 363.400005987
547 547 349.98070683
548 548 493.791213162
549 549 503.420358132
550 550 319.086333902
551 551 0.00414367486861
552 552 227.523637444
553 553 269.094255212
554 554 21.295532511
555 555 551.897669544
556 556 341.445433429
557 557 156.889357253
558 558 0.00975242197356
559 559 33.3519436696
560 560 120.821690487
561 561 223.00485384
562 562 563.754360598
563 563 0.00610935308076
564 564 0.00122879146408
565 565 0.00891132235153
566 566 545.670209296
567 567 158.318106566
568 568 379.495422255
569 569 201.092329798
570 570 0.00245942578135
571 571 83.229843357
572 572 0.00600860406847
573 573 539.389128263
574 574 583.008249016
575 575 0.0021248597062
576 576 616.380731449
577 577 617.826055381
578 578 0.00443004456534
579 579 545.889237017
580 580 145.048384389
581 581 140.259558752
582 582 259.048350163
583 583 0.00896512976242
584 584 481.405642991
585 585 0.00631771992946
586 586 0.00157289818695
587 587 0.00988200873488
588 588 352.491426847
589 589 510.894460125
590 590 0.00262306949119
591 591 67.6883195173
592 592 477.400108899
593 593 0.00965826644509
594 594 0.00163783134999
595 595 601.17528181
596 596 300.775781978
597 597 102.452568222
598 598 171.133523768
599 599 0.000436252177233
600 600 2.24605609019
601 601 0.00342032936545
602 602 133.443911404
603 603 3.97796153138
604 604 581.303300435
605 605 429.813669269
606 606 0.00189963006599
607 607 126.321025295
608 608 0.00731112118632
609 609 185.304327542
610 610 0.00967149888339
611 611 385.760184368
612 612 593.609650273
613 613 524.983920356
614 614 0.00162419971673
615 615 0.00241167664205
616 616 369.249848346
617 617 0.00603326754135
618 618 54.5703668478
619 619 60.5728147975
620 620 564.327418544
621 621 532.80564255
622 622 560.469698976
623 623 0.00825059242383
624 624 505.739484755
625 625 0.00723410822017
626 626 251.593149972
627 627 349.860496105
628 628 0.00847590856682
629 629 281.176919052
630 630 167.160442869
631 631 121.77208161
632 632 269.529741723
633 633 0.00303601626698
634 634 133.742319993
635 635 554.992147325
636 636 241.090021467
637 637 0.00649732802257
638 638 351.580706997
639 639 486.547846109
640 640 0.00374199419056
641 641 0.00718556932594
642 642 111.525796691
643 643 462.31749348
644 644 0.00945568539363
645 645 504.419290201
646 646 28.4641727169
647 647 146.154770728
648 648 270.257213831
649 649 536.504150456
650 650 0.00474749130314
651 651 392.839403434
652 652 99.0374635033
653 653 330.257222137
654 654 530.26215408
655 655 0.000142136757513
656 656 0.00489954708211
657 657 0.00907797889238
658 658 545.566453761
659 659 0.00158032288195
660 660 266.576993791
661 661 522.531975456
662 662 601.389672771
663 663 616.487608344
664 664 0.00783154570446
665 665 0.00367479143281
666 666 132.073978232
667 667 422.649390421
668 668 211.966807313
669 669 241.6476105
670 670 0.00500198479558
671 671 472.653569159
672 672 552.823449049
673 673 337.567778335
674 674 68.4087758955
675 675 155.36618558
676 676 0.00327183219269
677 677 5.6828859206
678 678 0.00708739294585
679 679 577.883600795
680 680 498.815909143
681 681 11.5219485963
682 682 573.205327284
683 683 61.7378773925
684 684 0.000342545137733
685 685 0.00900427357918
686 686 368.928381285
687 687 192.673841031
688 688 0.00194671894503
689 689 0.0016898793339
690 690 207.293473104
691 691 532.263024711
692 692 0.00757851352636
693 693 120.05925398
694 694 0.00830268683695
695 695 268.881072734
696 696 389.873835335
697 697 622.731646309
698 698 72.2224435082
699 699 15.0654924382
700 700 0.00602599339386
701 701 386.695770433
702 702 39.9250421034
703 703 0.00793801011409
704 704 83.998796239
705 705 429.89610614
706 706 0.00474427155615
707 707 278.531628552
708 708 353.614921398
709 709 24.5473917943
710 710 126.296378437
711 711 160.006278384
712 712 73.5371325736
713 713 138.853428151
714 714 3.02250615836
715 715 597.670867498
716 716 116.7108558
717 717 625.866477867
718 718 0.00840295663308
719 719 0.00681282171197
720 720 135.600313115
721 721 14.1663471832
722 722 200.005139225
723 723 0.00426502982482
724 724 420.688880125
725 725 175.695412401
726 726 302.806940255
727 727 581.123460797
728 728 34.4102202893
729 729 0.000788947944836
730 730 319.497082686
731 731 400.725000137
732 732 115.337565332
733 733 73.4661050328
734 734 622.755044294
735 735 183.748149384
736 736 302.972971897
737 737 368.688901129
738 738 0.00588875757401
739 739 583.383241041
740 740 0.00293060133897
741 741 0.00709352862367
742 742 120.283512106
743 743 109.761676192
744 744 354.797922471
745 745 397.449764537
746 746 209.680646444
747 747 260.837105396
748 748 0.00536275700958
749 749 0.00885494293536
750 750 1.96104306809e-07
751 751 446.612596203
752 752 254.529395413
753 753 0.00479167740624
754 754 0.00579890649841
755 755 115.415154081
756 756 261.858358766
757 757 99.9742153494
758 758 523.29579446
759 759 0.0054296418983
760 760 0.00484362075198
761 761 607.341556805
762 762 170.680582905
763 763 341.887039398
764 764 122.703984372
765 765 104.641961753
766 766 0.00482593992734
767 767 455.916168638
768 768 619.515012251
769 769 0.000856230806466
770 770 414.911177964
771 771 238.806747033
772 772 332.500404452
773 773 0.0002373161989
774 774 212.404068649
775 775 532.437874163
776 776 508.586907879
777 777 0.0070818637282
778 778 387.822714905
779 779 43.8752758089
780 780 0.00830807571292
781 781 388.589275297
782 782 287.954495139
783 783 0.00337955058685
784 784 460.587381977
785 785 0.00142327610824
786 786 597.4453341
787 787 68.6414062405
788 788 417.78293058
789 789 297.927769211
790 790 0.00878405731685
791 791 583.824166398
792 792 0.00539207615143
793 793 31.6214750705
794 794 0.0074331485498
795 795 513.335690876
796 796 558.862025492
797 797 66.6246076808
798 798 164.383113583
799 799 293.907381481
800 800 400.757592915
801 801 176.323343104
802 802 312.106078475
803 803 17.0563155504
804 804 90.7600423715
805 805 350.4026563
806 806 586.376472574
807 807 290.253183278
808 808 172.452710752
809 809 374.712006729
810 810 0.00434781851976
811 811 321.618274264
812 812 63.4250548996
813 813 21.8217742984
814 814 38.144756076
815 815 424.673100223
816 816 0.00131965429099
817 817 598.787475907
818 818 524.938133916
819 819 475.166405095
820 820 0.00183089935362
821 821 0.00416411715155
822 822 426.845396093
823 823 24.5063599506
824 824 173.261445105
825 825 9.26453833763
826 826 0.00229677566948
827 827 0.00336590115635
828 828 461.81860134
829 829 0.000197509242633
830 830 0.000310913680907
831 831 72.5261088738
832 832 342.349013595
833 833 365.305054519
834 834 604.8776678
835 835 508.963069561
836 836 3.48489988899
837 837 602.20965506
838 838 219.727426289
839 839 38.5858150849
840 840 567.402486454
841 841 419.384294043
842 842 475.57478035
843 843 327.690816165
844 844 0.00400431399748
845 845 0.0097980032566
846 846 54.5670124244
847 847 608.657857273
848 848 0.004324822511
849 849 508.715290972
850 850 0.00876245091918
851 851 0.00348034808385
852 852 501.101180734
853 853 525.966127428
854 854 0.00388396749235
855 855 329.13694971
856 856 20.6276673201
857 857 404.197680623
858 858 0.00145938479739
859 859 0.0016897070754
860 860 0.00252992203125
861 861 160.164736993
862 862 0.00897418622028
863 863 0.00492365450905
864 864 11.1274145325
865 865 596.179498072
866 866 287.755104484
867 867 439.869713987
868 868 367.919911544
869 869 26.3034874008
870 870 19.7506266758
871 871 0.000513325886114
872 872 0.00868809258895
873 873 414.510047164
874 874 406.32302413
875 875 154.74964727
876 876 526.066751014
877 877 208.211745715
878 878 571.517793899
879 879 570.559718004
880 880 227.40919964
881 881 349.817745154
882 882 59.9935346563
883 883 352.536758697
884 884 346.842096182
885 885 339.67235124
886 886 0.00417508599726
887 887 0.00372942845298
888 888 263.335384445
889 889 25.847162237
890 890 102.523093531
891 891 533.80745657
892 892 315.745015271
893 893 280.663374234
894 894 99.3668920165
895 895 232.223073109
896 896 619.708156269
897 897 574.368602115
898 898 0.00516601210838
899 899 0.00147428324721
900 900 588.811859224
901 901 476.335078094
902 902 0.00100266035609
903 903 369.366490122
904 904 234.436256392
905 905 4.4499698446
906 906 216.071750982
907 907 0.0028843206478
908 908 0.00995457038399
909 909 0.000932251963794
910 910 531.172919686
911 911 369.216017631
912 912 564.573726177
913 913 122.408873386
914 914 362.735408488
915 915 85.3253314275
916 916 104.307393341
917 917 354.920955619
918 918 0.00521767502767
919 919 116.802550543
920 920 252.024897842
921 921 419.823419904
922 922 0.00208761309487
923 923 0.00911218718841
924 924 527.500821117
925 925 88.7929488826
926 926 183.193997583
927 927 566.049056254
928 928 433.631843595
929 929 104.904099125
930 930 0.005630555788
931 931 283.842013228
932 932 578.178245261
933 933 594.029117259
934 934 398.733047206
935 935 49.5551223704
936 936 549.486542478
937 937 0.00735365021666
938 938 601.740258602
939 939 603.837633954
940 940 351.922975631
941 941 16.4251808802
942 942 562.865508274
943 943 323.522960467
944 944 508.292868816
945 945 177.826400894
946 946 0.00640675276685
947 947 482.103858616
948 948 148.639572176
949 949 369.855437896
950 950 385.576188861
951 951 0.00621637786111
952 952 0.00487790133411
953 953 0.00926739083105
954 954 475.643854414
955 955 533.035429628
956 956 0.00748059255897
957 957 142.058068246
958 958 106.287405336
959 959 426.25019662
960 960 337.393945454
961 961 460.733546861
962 962 83.6015925782
963 963 69.0615196058
964 964 16.0802193954
965 965 481.670094896
966 966 371.987739521
967 967 522.706205663
968 968 0.00244352705087
969 969 385.328834434
970 970 90.5445988226
971 971 175.528190966
972 972 103.991778588
973 973 91.4859898352
974 974 207.897109658
975 975 373.238373506
976 976 497.045586662
977 977 308.50780195
978 978 0.00222236942328
979 979 0.00222078090538
980 980 538.344565312
981 981 540.007371749
982 982 0.00984049413599
983 983 358.298219195
984 984 158.717391084
985 985 582.854251803
986 986 0.000488555909702
987 987 436.779929052
988 988 0.00492942687215
989 989 528.429691918
990 990 0.00717778748847
991 991 49.5472747438
992 992 292.106388022
993 993 529.995180193
994 994 0.00589013471362
995 995 0.00800601660048
996 996 0.00422179645581
997 997 43.2940126565
998 998 548.382539569
999 999 0.00802443357656
1000 1000 346.652688659
1001 1001 0.00166276276025
1002 1002 76.5739250594
1003 1003 170.054919443
1004 1004 113.094253257
1005 1005 0.00221718006607
1006 1006 80.5694817141
1007 1007 269.187020752
1008 1008 336.436960982
1009 1009 76.67266926
1010 1010 0.00743479847975
1011 1011 0.00882345544443
1012 1012 390.567581175
1013 1013 0.00889912838067
1014 1014 29.2125963753
1015 1015 0.00775752831209
1016 1016 201.943031785
1017 1017 473.600457866
1018 1018 189.714729848
1019 1019 188.340761592
1020 1020 1.57812262781e-05
1021 1021 398.855289015
1022 1022 358.127917626
1023 1023 0.00455704294672
1024 1024 280.107451497
1025 1025 211.031967269
1026 1026 313.742892078
1027 1027 314.441222874
1028 1028 272.898604828
1029 1029 312.033831798
1030 1030 46.454610807
1031 1031 0.00640643918053
1032 1032 0.00187448851036
1033 1033 429.488510107
1034 1034 566.433923309
1035 1035 0.0058894150934
1036 1036 125.949044839
1037 1037 0.00636093307613
1038 1038 66.8266865158
1039 1039 300.207536088
1040 1040 0.00206354379578
1041 1041 243.346235236
1042 1042 523.173039648
1043 1043 497.947632225
1044 1044 301.569112449
1045 1045 0.00477804077984
1046 1046 380.307581472
1047 1047 0.000966950034805
1048 1048 136.026485722
1049 1049 433.027931689
1050 1050 387.705222456
1051 1051 332.865481342
1052 1052 395.723945348
1053 1053 569.644384047
1054 1054 572.509013215
1055 1055 334.122944108
1056 1056 566.134073672
1057 1057 0.00747145912652
1058 1058 0.00325163935554
1059 1059 0.00907618938257
1060 1060 37.2884115479
1061 1061 102.561354757
1062 1062 20.5350164506
1063 1063 217.856342978
1064 1064 168.880073629
1065 1065 213.96376678
1066 1066 426.010242044
1067 1067 179.018508349
1068 1068 234.508165159
1069 1069 89.0587421768
1070 1070 413.840937111
1071 1071 596.771516204
1072 1072 434.859078785
1073 1073 92.3647827421
1074 1074 482.255722222
1075 1075 115.198017691
1076 1076 117.016333683
1077 1077 331.865887295
1078 1078 0.000369035293025
1079 1079 9.48529972673e-05
1080 1080 0.00735731976156
1081 1081 343.60626302
1082 1082 597.607040043
1083 1083 623.408389604
1084 1084 0.00767367965405
1085 1085 0.00110236982034
1086 1086 15.4988434259
1087 1087 162.470527509
1088 1088 0.00156121544963
1089 1089 244.468501538
1090 1090 0.00397815823079
1091 1091 335.720923918
1092 1092 199.638407041
1093 1093 236.083388391
1094 1094 554.39739236
1095 1095 222.747423669
1096 1096 179.100873394
1097 1097 322.99121526
1098 1098 82.0188422259
1099 1099 390.205659779
1100 1100 0.00256496844085
1101 1101 369.006199239
1102 1102 385.607712292
1103 1103 0.00068106240142
1104 1104 0.00246493674543
1105 1105 89.0509601663
1106 1106 297.407645349
1107 1107 0.00581582201038
1108 1108 0.00109641216546
1109 1109 322.804276431
1110 1110 492.480589058
1111 1111 0.00422421287755
1112 1112 276.362998059
1113 1113 0.00511818754016
1114 1114 371.876497233
1115 1115 531.476298875
1116 1116 256.364826474
1117 1117 0.00637360167685
1118 1118 393.904841389
1119 1119 90.8864357176
1120 1120 43.281317611
1121 1121 213.549723678
1122 1122 39.9571798553
1123 1123 207.366287156
1124 1124 461.570247523
1125 1125 210.315203137
1126 1126 549.438408918
1127 1127 290.597478594
1128 1128 271.714056023
1129 1129 515.927242431
1130 1130 619.219874603
1131 1131 613.107899509
1132 1132 623.800058909
1133 1133 120.640554482
1134 1134 237.303738649
1135 1135 341.924765895
1136 1136 145.898050744
1137 1137 22.2550382115
1138 1138 514.143107221
1139 1139 562.730231873
1140 1140 569.003602411
1141 1141 397.375811085
1142 1142 229.21329856
1143 1143 391.87380334
1144 1144 298.982810311
1145 1145 0.00570717114931
1146 1146 44.298171154
1147 1147 339.851293483
1148 1148 585.214819189
1149 1149 52.1385885043
1150 1150 68.1707773827
1151 1151 51.6160688746
1152 1152 435.108152951
1153 1153 329.001515955
1154 1154 331.20851098
1155 1155 599.343692813
1156 1156 281.570616657
1157 1157 0.00697413324713
1158 1158 539.92483286
1159 1159 391.624375241
1160 1160 232.013310513
1161 1161 318.950295625
1162 1162 27.5311157784
1163 1163 0.0062698721466
1164 1164 625.195290749
1165 1165 341.754236564
1166 1166 141.964641773
1167 1167 0.00360351363494
1168 1168 366.999755182
1169 1169 0.00258785385981
1170 1170 0.00908890546432
1171 1171 61.0729558394
1172 1172 51.707640259
1173 1173 327.353115316
1174 1174 425.774488875
1175 1175 239.90878837
1176 1176 52.746478592
1177 1177 251.933273524
1178 1178 359.12244198
1179 1179 524.522511129
1180 1180 333.23977049
1181 1181 74.0623825139
1182 1182 360.849794794
1183 1183 483.042683391
1184 1184 375.400709425
1185 1185 174.046196721
1186 1186 569.912115544
1187 1187 0.000295882492717
1188 1188 0.00186446809888
1189 1189 362.124774097
1190 1190 118.980407351
1191 1191 270.796826081
1192 1192 0.000789834947265
1193 1193 1.68256123508
1194 1194 358.132296103
1195 1195 227.252568192
1196 1196 200.713794444
1197 1197 449.951750532
1198 1198 250.855426661
1199 1199 550.028150244
1200 1200 0.00081748134319
1201 1201 450.193130537
1202 1202 172.869920541
1203 1203 482.305275967
1204 1204 109.375019337
1205 1205 0.00887954649207
1206 1206 440.10584175
1207 1207 198.364140452
1208 1208 560.835345385
1209 1209 0.00706971583278
1210 1210 96.2100519733
1211 1211 554.542967638
1212 1212 337.743155183
1213 1213 228.360894567
1214 1214 259.447026998
1215 1215 54.8339664373
1216 1216 210.293452294
1217 1217 598.660675035
1218 1218 623.540827668
1219 1219 0.00288623465033
1220 1220 66.7930094638
1221 1221 386.199142185
1222 1222 400.680716006
1223 1223 491.835760557
1224 1224 16.5229110189
1225 1225 239.089553833
1226 1226 65.9383472828
1227 1227 578.788260116
1228 1228 0.00174105550776
1229 1229 378.52703979
1230 1230 276.753741652
1231 1231 610.476395149
1232 1232 255.703374685
1233 1233 0.00225319402499
1234 1234 376.664452645
1235 1235 378.904068023
1236 1236 501.237629378
1237 1237 0.00479433528438
1238 1238 271.603369951
1239 1239 576.538442651
1240 1240 541.688584032
1241 1241 442.900657661
1242 1242 0.00640557069456
1243 1243 614.66169639
1244 1244 0.00267150575496
1245 1245 0.00170348379838
1246 1246 193.214101719
1247 1247 549.94019494
1248 1248 0.00802285728156
1249 1249 23.714122225
1250 1250 276.484967283
1251 1251 271.22909935
1252 1252 0.00881482404917
1253 1253 412.867009666
1254 1254 602.139762892
1255 1255 397.83395865
1256 1256 490.373329024
1257 1257 479.959886378
1258 1258 591.956382022
1259 1259 5.92836865018e-05
1260 1260 432.480124931
1261 1261 602.5020352
1262 1262 602.077672696
1263 1263 0.00716661600681
1264 1264 114.303157353
1265 1265 143.392348507
1266 1266 437.034432388
1267 1267 380.071487102
1268 1268 0.00977037496931
1269 1269 266.209578575
1270 1270 0.00557506603651
1271 1271 442.031285416
1272 1272 100.726088197
1273 1273 22.7599703436
1274 1274 544.976217695
1275 1275 538.420335195
1276 1276 418.323115343
1277 1277 409.552554537
1278 1278 382.751455061
1279 1279 406.697646788
1280 1280 501.618703151
1281 1281 576.564114653
1282 1282 602.295717214
1283 1283 0.00468235744382
1284 1284 163.414847646
1285 1285 608.168678228
1286 1286 103.302571556
1287 1287 0.00800401499132
1288 1288 393.034120513
1289 1289 0.000882613627324
1290 1290 0.0023922698689
1291 1291 316.715657226
1292 1292 0.00133367567826
1293 1293 28.2370581086
1294 1294 0.00886380629599
1295 1295 434.96326332
1296 1296 330.106535952
1297 1297 0.00662189333748
1298 1298 112.953027221
1299 1299 420.731355581
1300 1300 138.962266316
1301 1301 0.00149474971771
1302 1302 371.34022394
1303 1303 0.00226990901124
1304 1304 311.820017081
1305 1305 529.609535391
1306 1306 0.000959108634983
1307 1307 0.00270221147846
1308 1308 0.00979083042918
1309 1309 32.7688147304
1310 1310 572.970790216
1311 1311 0.00310436506499
1312 1312 219.514316502
1313 1313 9.01049891723e-05
1314 1314 305.309380498
1315 1315 402.422261144
1316 1316 0.00663035556565
1317 1317 30.6261269084
1318 1318 236.487691892
1319 1319 0.00552993475677
1320 1320 216.062639041
1321 1321 5.18887120694
1322 1322 34.0120914314
1323 1323 0.00851260759314
1324 1324 561.272304535
1325 1325 565.294060663
1326 1326 328.821012413
1327 1327 485.13837015
1328 1328 148.745386431
1329 1329 0.000645943857527
1330 1330 0.00781230511111
1331 1331 87.8156457974
1332 1332 564.655075011
1333 1333 18.5921170243
1334 1334 450.319725175
1335 1335 0.00248738652061
1336 1336 450.066919694
1337 1337 0.00877602027669
1338 1338 447.63734015
1339 1339 0.00563742538741
1340 1340 503.874426252
1341 1341 0.00195780535714
1342 1342 99.1764027265
1343 1343 517.442524075
1344 1344 550.188996541
1345 1345 330.84919343
1346 1346 390.600246096
1347 1347 0.00831797585473
1348 1348 485.230410776
1349 1349 0.00497673521566
1350 1350 603.554382554
1351 1351 337.546165104
1352 1352 454.418881461
1353 1353 501.735730863
1354 1354 287.722544386
1355 1355 0.0072720466159
1356 1356 461.70785397
1357 1357 188.446129523
1358 1358 0.0055271335569
1359 1359 259.447421387
1360 1360 516.287144099
1361 1361 527.647966681
1362 1362 197.437861464
1363 1363 481.377732706
1364 1364 235.737975004
1365 1365 395.938142815
1366 1366 150.187476646
1367 1367 143.800030361
1368 1368 315.501534508
1369 1369 290.024576503
1370 1370 0.00331039555754
1371 1371 0.00999465616952
1372 1372 67.1176550644
1373 1373 18.3144604709
1374 1374 88.1257518429
1375 1375 0.00379733223153
1376 1376 369.3522831
1377 1377 314.763896392
1378 1378 29.1146791171
1379 1379 176.116483521
1380 1380 460.338434068
1381 1381 534.53077236
1382 1382 240.123979698
1383 1383 276.087431865
1384 1384 125.145610039
1385 1385 530.318519544
1386 1386 481.875253434
1387 1387 184.047613023
1388 1388 219.38418005
1389 1389 313.543475477
1390 1390 62.1826491149
1391 1391 26.6270865128
1392 1392 144.386670168
1393 1393 101.888917933
1394 1394 90.683516426
1395 1395 499.904784106
1396 1396 458.5102058
1397 1397 27.1778528701
1398 1398 0.00440353445917
1399 1399 160.141051873
1400 1400 543.469259014
1401 1401 154.864020869
1402 1402 34.5381934049
1403 1403 12.3288034799
1404 1404 465.502319843
1405 1405 597.950495816
1406 1406 486.599380642
1407 1407 508.183184145
1408 1408 195.646179413
1409 1409 283.219628117
1410 1410 181.441228773
1411 1411 0.00672198961013
1412 1412 267.032837802
1413 1413 115.763483076
1414 1414 0.0053469632003
1415 1415 205.128372921
1416 1416 31.5464569995
1417 1417 0.00440809474086
1418 1418 205.359913799
1419 1419 491.842480033
1420 1420 512.021031597
1421 1421 0.00428356987629
1422 1422 0.00759330938498
1423 1423 0.00332060817565
1424 1424 271.607079536
1425 1425 225.362940649
1426 1426 505.881277935
1427 1427 0.00318235264356
1428 1428 175.647919349
1429 1429 560.382803286
1430 1430 381.193511232
1431 1431 0.0047834371292
1432 1432 84.1829887063
1433 1433 161.807931694
1434 1434 275.493585798
1435 1435 285.484928714
1436 1436 0.0043467991528
1437 1437 508.918899637
1438 1438 0.00824760532667
1439 1439 502.57412359
1440 1440 13.5182237996
1441 1441 0.00218872230053
1442 1442 10.9004227127
1443 1443 121.380710519
1444 1444 0.00391645854961
1445 1445 0.00118203615399
1446 1446 74.5403368938
1447 1447 344.517789811
1448 1448 530.953542924
1449 1449 0.00758305217318
1450 1450 507.778182304
1451 1451 21.6442399556
1452 1452 0.00575752709605
1453 1453 228.260950648
1454 1454 301.725797179
1455 1455 0.000830674468416
1456 1456 220.760069068
1457 1457 0.00251283439974
1458 1458 180.497835923
1459 1459 0.00650833184551
1460 1460 174.516490564
1461 1461 0.000982770140421
1462 1462 617.092036713
1463 1463 570.207025626
1464 1464 80.1295243869
1465 1465 175.451818759
1466 1466 333.383633414
1467 1467 0.00018110722727
1468 1468 128.337206391
1469 1469 398.203395821
1470 1470 131.592842127
1471 1471 0.00902739843471
1472 1472 0.00588758393983
1473 1473 170.412330433
1474 1474 535.870573018
1475 1475 6.92831370831e-05
1476 1476 13.1493254535
1477 1477 0.00832330557506
1478 1478 181.227133664
1479 1479 548.101821402
1480 1480 294.568052053
1481 1481 0.00366730087423
1482 1482 404.936358684
1483 1483 0.0057680201476
1484 1484 0.000158333381172
1485 1485 0.00279600209438
1486 1486 0.0080710552232
1487 1487 0.000803104978773
1488 1488 362.333262095
1489 1489 109.068939027
1490 1490 97.9898598466
1491 1491 0.00246719888361
1492 1492 58.2383470797
1493 1493 284.331216233
1494 1494 111.73653242
1495 1495 0.00292175182383
1496 1496 407.83879117
1497 1497 605.757980323
1498 1498 468.284573645
1499 1499 494.432273907
1500 1500 0.000340684141823
1501 1501 308.792379571
1502 1502 304.60706204
1503 1503 0.00236799000872
1504 1504 411.492983397
1505 1505 316.191518222
1506 1506 0.00669016635943
1507 1507 5.26329643331e-05
1508 1508 503.688657207
1509 1509 350.620580946
1510 1510 352.961251641
1511 1511 0.000612803196438
1512 1512 440.195714284
1513 1513 0.00431697283004
1514 1514 474.003302685
1515 1515 291.033387414
1516 1516 336.932735992
1517 1517 0.00603257574104
1518 1518 461.311009867
1519 1519 0.00781368068217
1520 1520 239.804515551
1521 1521 0.00951794634318
1522 1522 0.00845128872038
1523 1523 584.603979205
1524 1524 551.729819356
1525 1525 243.755338391
1526 1526 197.196196713
1527 1527 172.35172089
1528 1528 179.663465671
1529 1529 24.5178915689
1530 1530 469.85479916
1531 1531 0.00855705686042
1532 1532 429.090154699
1533 1533 226.806097685
1534 1534 0.00433212342918
1535 1535 296.863508056
1536 1536 320.749326151
1537 1537 0.00494139020602
1538 1538 0.00375973422746
1539 1539 548.919655876
1540 1540 449.110148212
1541 1541 139.507912214
1542 1542 0.00143226920295
1543 1543 618.827361626
1544 1544 282.625336281
1545 1545 193.147850193
1546 1546 27.6352388787
1547 1547 0.000907080820791
1548 1548 397.20954944
1549 1549 39.95878772
1550 1550 170.267016072
1551 1551 318.250788083
1552 1552 537.200320984
1553 1553 580.807328453
1554 1554 0.00626986953555
1555 1555 25.6219146242
1556 1556 339.82084516
1557 1557 526.972452754
1558 1558 617.695306472
1559 1559 134.148438143
1560 1560 294.133480173
1561 1561 411.930238088
1562 1562 285.510829107
1563 1563 457.03909963
1564 1564 11.0165306346
1565 1565 556.790867445
1566 1566 18.1487659269
1567 1567 578.917589309
1568 1568 0.00302370267196
1569 1569 475.367899893
1570 1570 134.663399095
1571 1571 241.03417757
1572 1572 243.853881526
1573 1573 0.00583879144976
1574 1574 0.00815008589844
1575 1575 319.69338474
1576 1576 0.00947415560201
1577 1577 589.626499743
1578 1578 0.00873609132738
1579 1579 0.00982266819336
1580 1580 216.063441307
1581 1581 516.273440151
1582 1582 43.5430042481
1583 1583 105.640657724
1584 1584 160.853542243
1585 1585 157.036959442
1586 1586 361.23671149
1587 1587 101.270589508
1588 1588 375.984961944
1589 1589 570.131352741
1590 1590 584.014588261
1591 1591 369.80674406
1592 1592 18.1235452402
1593 1593 8.04443943151e-05
1594 1594 275.988879426
1595 1595 523.512323947
1596 1596 304.428539325
1597 1597 611.390616752
1598 1598 0.00937695586652
1599 1599 0.0079788117276
1600 1600 615.086211214
1601 1601 4.6802884856
1602 1602 207.68159821
1603 1603 83.2012182493
1604 1604 483.088152049
1605 1605 8.43677608024
1606 1606 382.78923525
1607 1607 445.036050216
1608 1608 117.977505898
1609 1609 0.00407717262625
1610 1610 388.819695573
1611 1611 0.000695637558802
1612 1612 341.815211915
1613 1613 504.391419837
1614 1614 416.783699489
1615 1615 0.00643681107102
1616 1616 389.241247253
1617 1617 527.33346778
1618 1618 88.9319422629
1619 1619 0.00393509821831
1620 1620 482.913523686
1621 1621 0.000167924485064
1622 1622 219.737770299
1623 1623 0.00759636000699
1624 1624 0.00715604995009
1625 1625 526.789582971
1626 1626 311.430699914
1627 1627 28.9883553148
1628 1628 0.00335865862178
1629 1629 141.381513148
1630 1630 401.796132796
1631 1631 270.64615863
1632 1632 197.49986562
1633 1633 207.821100171
1634 1634 329.844753564
1635 1635 571.064641013
1636 1636 240.193666342
1637 1637 287.40255643
1638 1638 230.61462289
1639 1639 250.32587203
1640 1640 398.090085481
1641 1641 255.266785845
1642 1642 558.156902229
1643 1643 0.00783232534517
1644 1644 0.00481190842956
1645 1645 69.401362438
1646 1646 0.00808226092243
1647 1647 0.00629082676543
1648 1648 0.00489435372578
1649 1649 155.567373529
1650 1650 0.00496838055133
1651 1651 183.5714099
1652 1652 0.00349233474816
1653 1653 464.49880938
1654 1654 336.523029489
1655 1655 57.7814083581
1656 1656 73.0289183392
1657 1657 53.2650347813
1658 1658 0.00102638150148
1659 1659 0.000247519592641
1660 1660 0.00893506219882
1661 1661 493.209647991
1662 1662 546.034827158
1663 1663 420.10692889
1664 1664 481.919365342
1665 1665 253.136765596
1666 1666 614.73520424
1667 1667 620.953528141
1668 1668 8.81870714824
1669 1669 402.576447912
1670 1670 543.262240104
1671 1671 0.00868266206568
1672 1672 238.163995817
1673 1673 182.701162192
1674 1674 463.527480694
1675 1675 70.809342121
1676 1676 0.00719663526503
1677 1677 283.969801411
1678 1678 175.745117973
1679 1679 63.0845600352
1680 1680 0.0059514155891
1681 1681 610.899138175
1682 1682 111.296508087
1683 1683 466.36818054
1684 1684 0.00966721836028
1685 1685 61.6472383101
1686 1686 230.722179079
1687 1687 0.00054757365061
1688 1688 0.00269628875526
1689 1689 0.00855208271529
1690 1690 238.845528566
1691 1691 154.598837756
1692 1692 0.000754262967122
1693 1693 0.00146964177133
1694 1694 469.017703254
1695 1695 285.214611335
1696 1696 168.775052514
1697 1697 25.6239915789
1698 1698 349.972103964
1699 1699 587.937250879
1700 1700 391.236448098
1701 1701 485.474952648
1702 1702 267.236184036
1703 1703 400.119090593
1704 1704 0.00637129894237
1705 1705 531.786820528
1706 1706 4.89395019099
1707 1707 259.519839226
1708 1708 38.2916194813
1709 1709 588.858879646
1710 1710 235.891833585
1711 1711 552.849991591
1712 1712 607.831965803
1713 1713 184.852954283
1714 1714 523.182109271
1715 1715 0.00739616254277
1716 1716 342.862744791
1717 1717 0.00866750093019
1718 1718 10.5210107627
1719 1719 608.909429825
1720 1720 200.921027955
1721 1721 611.925798474
1722 1722 0.000478477842171
1723 1723 388.008787457
1724 1724 438.542496233
1725 1725 226.488889205
1726 1726 0.0028409185449
1727 1727 547.038449228
1728 1728 398.456578867
1729 1729 595.282855911
1730 1730 0.00916488200735
1731 1731 0.00178538404045
1732 1732 558.110030841
1733 1733 316.341322022
1734 1734 448.580448563
1735 1735 0.00172072359149
1736 1736 202.62152086
1737 1737 228.992280804
1738 1738 0.00665767232917
1739 1739 397.345912359
1740 1740 0.00603357628059
1741 1741 0.000443276984676
1742 1742 131.28832462
1743 1743 263.2551028
1744 1744 565.215190407
1745 1745 3.00540893
1746 1746 209.789834031
1747 1747 238.427908686
1748 1748 224.554218181
1749 1749 419.705951526
1750 1750 0.00153986723987
1751 1751 0.000290765297365
1752 1752 0.00402826342416
1753 1753 618.900793641
1754 1754 0.000177819928284
1755 1755 27.345154362
1756 1756 600.828878172
1757 1757 0.00736158073647
1758 1758 46.6861215714
1759 1759 317.089596748
1760 1760 50.066108098
1761 1761 237.748764644
1762 1762 446.987519184
1763 1763 77.1975654358
1764 1764 0.0018033239723
1765 1765 351.53947364
1766 1766 0.00211871299848
1767 1767 0.00955707977455
1768 1768 19.6049021944
1769 1769 127.878865734
1770 1770 0.00690185506131
1771 1771 73.0779332162
1772 1772 540.473389093
1773 1773 218.054067262
1774 1774 266.671456406
1775 1775 43.2221943509
1776 1776 0.00704328528361
1777 1777 0.00609887997685
1778 1778 354.180131774
1779 1779 66.552703469
1780 1780 525.964742222
1781 1781 199.000276822
1782 1782 275.907603673
1783 1783 433.052825804
1784 1784 53.3324635499
1785 1785 598.322658597
1786 1786 289.523187526
1787 1787 0.00462497823843
1788 1788 0.00882356808397
1789 1789 0.00193249737385
1790 1790 302.341191221
1791 1791 482.323620904
1792 1792 218.261146566
1793 1793 58.5811322583
1794 1794 49.8178889947
1795 1795 372.22361671
1796 1796 140.69140198
1797 1797 0.00303810491653
1798 1798 0.00177530079421
1799 1799 111.962628806
1800 1800 227.691785874
1801 1801 471.930300111
1802 1802 427.350327942
1803 1803 114.841415528
1804 1804 0.00173986798102
1805 1805 0.0055494337858
1806 1806 565.603739806
1807 1807 322.286534046
1808 1808 140.835614193
1809 1809 0.00255552213518
1810 1810 241.876561598
1811 1811 0.00106217764638
1812 1812 147.657724729
1813 1813 0.00677650785563
1814 1814 0.00182940759011
1815 1815 404.489900082
1816 1816 148.398984583
1817 1817 508.341014549
1818 1818 464.082839625
1819 1819 0.000257542042078
1820 1820 136.571978752
1821 1821 269.901846125
1822 1822 425.385082022
1823 1823 508.540410672
1824 1824 130.047731718
1825 1825 0.0016625890083
1826 1826 446.904177663
1827 1827 0.00249096094397
1828 1828 367.761582703
1829 1829 0.00619599278768
1830 1830 0.00867248505984
1831 1831 0.00302592322706
1832 1832 0.00334919636064
1833 1833 225.258570489
1834 1834 328.798677372
1835 1835 0.00303277081773
1836 1836 27.3823929185
1837 1837 618.73550914
1838 1838 220.394958878
1839 1839 0.00882653693582
1840 1840 484.554657751
1841 1841 387.81583603
1842 1842 94.8541183355
1843 1843 614.436937585
1844 1844 596.835484867
1845 1845 312.661397124
1846 1846 0.00846867066081
1847 1847 225.315445733
1848 1848 0.00303999325285
1849 1849 370.874321711
1850 1850 271.254720189
1851 1851 0.00526598624261
1852 1852 352.374042109
1853 1853 0.00213592109859
1854 1854 193.663954118
1855 1855 471.548951785
1856 1856 602.580766707
1857 1857 29.3173519186
1858 1858 0.00040380413069
1859 1859 105.314918663
1860 1860 191.018436802
1861 1861 21.7815108539
1862 1862 209.718276725
1863 1863 44.4834479776
1864 1864 311.988341401
1865 1865 0.00385217114286
1866 1866 7.95870502982
1867 1867 98.3022137156
1868 1868 113.113039413
1869 1869 119.300932766
1870 1870 221.275724626
1871 1871 277.301857607
1872 1872 409.072672348
1873 1873 323.736660569
1874 1874 110.876919031
1875 1875 0.00819442888317
1876 1876 400.399697153
1877 1877 0.000583401939056
1878 1878 0.00506502956246
1879 1879 298.124867795
1880 1880 613.929956778
1881 1881 551.59799863
1882 1882 613.283185411
1883 1883 603.80598112
1884 1884 27.111892411
1885 1885 266.990174294
1886 1886 167.638196423
1887 1887 384.591831636
1888 1888 357.6718884
1889 1889 343.570214693
1890 1890 124.792447831
1891 1891 0.0068341493261
1892 1892 21.0801065691
1893 1893 15.9662465613
1894 1894 0.00211363037045
1895 1895 0.00228056194043
1896 1896 0.00804217293191
1897 1897 0.00407691885502
1898 1898 154.750887026
1899 1899 230.495162893
1900 1900 0.00998140092131
1901 1901 404.903140788
1902 1902 562.545346723
1903 1903 0.00892462273763
1904 1904 609.346484501
1905 1905 594.857032741
1906 1906 194.775185089
1907 1907 0.00418724839308
1908 1908 528.985061529
1909 1909 563.278209948
1910 1910 332.274459248
1911 1911 459.437362473
1912 1912 102.234630702
1913 1913 38.4711919037
1914 1914 594.832166932
1915 1915 0.00402453542666
1916 1916 165.241555447
1917 1917 590.212243396
1918 1918 384.257547045
1919 1919 0.00599970437573
1920 1920 0.00417593925565
1921 1921 540.564960536
1922 1922 389.271646627
1923 1923 0.00293308657048
1924 1924 542.244972464
1925 1925 350.792173955
1926 1926 0.00529565470352
1927 1927 514.908007188
1928 1928 599.057566688
1929 1929 393.019897612
1930 1930 0.00849394601943
1931 1931 249.572480993
1932 1932 239.636142019
1933 1933 0.00338624144746
1934 1934 361.154815344
1935 1935 139.290869587
1936 1936 568.769153947
1937 1937 54.3176064068
1938 1938 273.811969067
1939 1939 124.675183483
1940 1940 0.00118553641372
1941 1941 91.2255480528
1942 1942 47.7675657712
1943 1943 491.732084356
1944 1944 156.747716695
1945 1945 73.3277319714
1946 1946 0.00484801653221
1947 1947 340.874590179
1948 1948 369.689409487
1949 1949 501.216717758
1950 1950 0.00999938807595
1951 1951 193.544911078
1952 1952 0.00643316203509
1953 1953 0.000452135096842
1954 1954 479.631682193
1955 1955 201.900587024
1956 1956 0.00273546620338
1957 1957 573.937050462
1958 1958 0.00653227756722
1959 1959 285.98994981
1960 1960 435.946265649
1961 1961 172.89360165
1962 1962 315.744734533
1963 1963 522.211193387
1964 1964 505.694699225
1965 1965 304.400806727
1966 1966 428.852611577
1967 1967 385.91962431
1968 1968 0.00393107656899
1969 1969 599.780560653
1970 1970 15.9204355115
1971 1971 598.927109264
1972 1972 371.424497205
1973 1973 0.00295536981214
1974 1974 520.97786213
1975 1975 396.729750277
1976 1976 0.00649408599379
1977 1977 505.08954699
1978 1978 285.950269811
1979 1979 330.25126564
1980 1980 540.292821554
1981 1981 92.337231944
1982 1982 0.00845650239821
1983 1983 0.00875734044331
1984 1984 121.633841823
1985 1985 209.68092079
1986 1986 0.00286745500981
1987 1987 73.1190478085
1988 1988 0.00805260461498
1989 1989 443.647782436
1990 1990 0.0065793537228
1991 1991 579.752420671
1992 1992 282.271623445
1993 1993 499.213615493
1994 1994 217.413219604
1995 1995 371.342917878
1996 1996 0.00766228613517
1997 1997 608.780200875
1998 1998 174.349011127
1999 1999 575.213431653
2000 2000 489.612591018
2001 2001 470.058620543
2002 2002 0.00494969155239
2003 2003 0.00321480570503
2004 2004 529.242168101
2005 2005 0.00328849538083
2006 2006 0.00589985536297
2007 2007 485.68235174
2008 2008 208.314707196
2009 2009 0.00193130100676
