1 1 2440.01412039
2 2 1.1598969213e-05
3 3 3317.54795702
4 4 3.09822027565e-06
5 5 1.92059490866e-05
6 6 8.60764879618e-08
7 7 8.96524238626e-05
8 8 6.00936264534e-05
9 9 3.35670954891e-05
10 10 3.96404017016e-05
11 11 3.23452251681e-05
12 12 5.28726223729e-05
13 13 8.20120839473e-06
14 14 7.17439615923e-06
15 15 3815.10221286
16 16 2819.71078009
17 17 2.75760583508e-05
18 18 1.1058624662e-05
19 19 1.55428553949e-05
20 20 5.78687095187e-05
21 21 6.36292945319e-05
22 22 5368.07685468
23 23 1.10325512989e-05
24 24 4.64779624721e-05
25 25 2.67103500732e-05
26 26 2.11036945419e-05
27 27 4226.57404007
28 28 8.10807056652e-05
29 29 9.09414840795e-06
30 30 6.07634134597e-05
31 31 4487.41351155
32 32 3327.63727215
33 33 3038.05137615
34 34 6.21201801849e-05
35 35 3.94370610516e-05
36 36 6.44947224757e-05
37 37 5.48219064693e-05
38 38 5.44868955591e-05
39 39 5.24845686622e-05
40 40 9.41520274846e-05
41 41 4.11603740798e-05
42 42 9.90290261103e-05
43 43 7.73404419804e-08
44 44 9.8149079982e-05
45 45 8.291625818e-05
46 46 4.58253572229e-05
47 47 4.38838916621e-05
48 48 1.85683806435e-05
49 49 5363.89433208
50 50 3502.83678624
51 51 4668.43865684
52 52 9.49425683971e-05
53 53 7.53222636883e-05
54 54 5333.28201998
55 55 5120.57238735
56 56 2749.19446732
57 57 2.18669620271e-05
58 58 1525.53102346
59 59 1.74054659957e-05
60 60 4.30265672427e-05
61 61 730.408600767
62 62 4.24573795949e-05
63 63 3.18219321823e-05
64 64 9.53744506574e-05
65 65 4.08960832917e-05
66 66 4.84699691219e-05
67 67 1.53535570131e-06
68 68 8.70781842913e-05
69 69 8.69736340434e-05
70 70 4.16567265914e-05
71 71 7.41300056499e-05
72 72 1.52797703168e-05
73 73 9.6412613886e-05
74 74 9.47301131316e-06
75 75 4.59537719805e-05
76 76 1.20362336652e-05
77 77 4.40756975278e-05
78 78 2660.21168351
79 79 9.82473730727e-05
80 80 1.99919028888e-05
81 81 9.48200017645e-05
82 82 4.03515459242e-05
83 83 1.59580334259e-05
84 84 7.76615890715e-05
85 85 417.303018249
86 86 4361.65211604
87 87 3.37629337697e-05
88 88 8.18299645246e-05
89 89 4.87676162608e-05
90 90 2.05254116729e-05
91 91 6.03075916783e-05
92 92 6.45510904671e-05
93 93 4746.19358677
94 94 9.0946710319e-06
95 95 5.15657427888e-05
96 96 1464.10405272
97 97 6.82823840917e-05
98 98 3.46952842847e-05
99 99 3.17002069932e-05
100 100 818.079497553
101 101 2.19977084099e-05
102 102 5.50821859233e-05
103 103 5023.76134305
104 104 4049.03812086
105 105 724.918094734
106 106 6.98576538436e-05
107 107 4398.92872554
108 108 2647.28087147
109 109 4.20134383584e-05
110 110 1.99328865055e-05
111 111 2.75086160592e-05
112 112 2.25233937957e-05
113 113 9.70903790202e-05
114 114 9.21038826075e-05
115 115 590.694874776
116 116 7.07508268429e-06
117 117 8.92997435591e-05
118 118 7.17048616272e-05
119 119 6.38341856743e-06
120 120 6.08971138259e-05
121 121 8.10818208839e-05
122 122 5389.00297996
123 123 6.34439344605e-05
124 124 6.68683715405e-05
125 125 6.12393727797e-06
126 126 7.59716726548e-05
127 127 6.9585812559e-05
128 128 2.64871394335e-05
129 129 1940.3691168
130 130 3.32118959534e-05
131 131 4.13635876226e-05
132 132 5.61584281013e-05
133 133 2.83484787049e-05
134 134 288.966123352
135 135 3793.25309789
136 136 5582.98112174
137 137 6.70896639433e-05
138 138 1.66720861353e-05
139 139 2810.65236889
140 140 2.69502582618e-05
141 141 4946.03747649
142 142 3751.63810659
143 143 6.79251099179e-05
144 144 2300.20142655
145 145 1927.84351674
146 146 1306.66206752
147 147 5.81633067612e-05
148 148 3.73993830065e-05
149 149 5.53440627931e-06
150 150 6.08607855536e-05
151 151 2.38382694232e-05
152 152 3741.82739624
153 153 1.21575290707e-05
154 154 3454.24425194
155 155 1.28687039617e-05
156 156 4038.00407573
157 157 2615.79636373
158 158 5.82528692806e-06
159 159 1298.96843881
160 160 9.36070998003e-05
161 161 5173.96441636
162 162 3.28936464456e-05
163 163 1736.2246535
164 164 2.62015797511e-05
165 165 3.17217980967e-05
166 166 3774.54807206
167 167 3.18969127165e-05
168 168 997.03266827
169 169 1.42365185512e-05
170 170 9.60896763005e-05
171 171 4.55466673835e-05
172 172 9.32344453638e-05
173 173 5.63400583873e-05
174 174 3936.05383078
175 175 6.88718837756e-05
176 176 7.53244372657e-05
177 177 8.57407234038e-05
178 178 1.83028888538e-05
179 179 3545.77380446
180 180 2338.10329711
181 181 1.74638326096e-05
182 182 4.58689919738e-05
183 183 3.28084257625e-05
184 184 3.39389220811e-05
185 185 3791.68062722
186 186 1903.83978123
187 187 2.86521336668e-05
188 188 4.88963544374e-05
189 189 5529.73228373
190 190 1.01747529422e-05
191 191 2028.7870114
192 192 9.84106937829e-05
193 193 3.57629809835e-05
194 194 4906.09937566
195 195 9.71355257236e-05
196 196 6.85116725029e-05
197 197 4.93470343835e-08
198 198 9.8649922809e-06
199 199 2.22669838712e-05
200 200 2.11903421374e-05
201 201 980.504782525
202 202 3.70644669722e-05
203 203 7.64028470667e-05
204 204 6.99808700285e-06
205 205 4872.58069505
206 206 5.3678473899e-05
207 207 687.684185967
208 208 9.81454965475e-06
209 209 6.31099141296e-05
210 210 2369.32858419
211 211 7.71628837819e-05
212 212 1476.01316464
213 213 3.79467494286e-05
214 214 7.76544143413e-05
215 215 7.26758193375e-05
216 216 3.24278366474e-06
217 217 317.488482795
218 218 3.71629469125e-05
219 219 1658.97417047
220 220 8.76852153967e-05
221 221 6.70004427656e-05
222 222 1.20095367577e-06
223 223 5.19588502835e-05
224 224 4.30422873872e-05
225 225 4.82045476364e-05
226 226 33.9930623898
227 227 3.08587481009e-05
228 228 5.19345456261e-05
229 229 4.73769275952e-05
230 230 7.08969374892e-05
231 231 8.24387711575e-05
232 232 8.43895239782e-06
233 233 7.8589021129e-05
234 234 9.64104077881e-05
235 235 8.65133022709e-05
236 236 1.89520208128e-06
237 237 4.01758400495e-05
238 238 3.45450478849e-05
239 239 16.9475679797
240 240 1488.04032228
241 241 2.15434589327e-05
242 242 1.11600194729e-05
243 243 6.57505501542e-05
244 244 9.11589207679e-05
245 245 9.41348752005e-05
246 246 4807.56546192
247 247 742.737170196
248 248 7.7612494158e-05
249 249 1215.45376367
250 250 4.96406690804e-05
251 251 2.48165078044e-05
252 252 9.05906289847e-05
253 253 6.15216922379e-05
254 254 3.45169867745e-05
255 255 3.18839174681e-05
256 256 1.61560164062e-05
257 257 2.03475364287e-05
258 258 7.59630186394e-05
259 259 2.98516468741e-05
260 260 6.19671735343e-05
261 261 3546.33442636
262 262 3.27699099875e-05
263 263 4.30267117145e-05
264 264 7.27513370214e-05
265 265 9.67279966944e-06
266 266 7.39502503223e-05
267 267 1068.40753766
268 268 9.9984773475e-05
269 269 3.51554593902e-05
270 270 3.10035817771e-05
271 271 4.0173683664e-05
272 272 9.86773502575e-05
273 273 8.59759156937e-05
274 274 3.94000278214e-05
275 275 1149.4039852
276 276 3194.88464245
277 277 3.01646944183e-06
278 278 8.8190066384e-05
279 279 3.82321727103e-05
280 280 4.91447432201e-05
281 281 6.85581803412e-05
282 282 7.71679445741e-05
283 283 2.64789007674e-05
284 284 2.46643079552e-05
285 285 9.02464341358e-05
286 286 9.55537138904e-05
287 287 2640.8556733
288 288 9.91835447457e-05
289 289 4.46411096909e-05
290 290 3.88240490103e-05
291 291 8.0632880869e-05
292 292 8.29355320898e-05
293 293 7.91083377854e-05
294 294 4109.15839298
295 295 2.43258679295e-06
296 296 2.1050568202e-05
297 297 7.24968973373e-05
298 298 2.38759380504e-05
299 299 1.94075169893e-05
300 300 9.14964288351e-05
301 301 3.55263241206e-05
302 302 9.04637059206e-05
303 303 1.44704806437e-05
304 304 2.82500859589e-05
305 305 1.67557260174e-05
306 306 2.84386908102e-05
307 307 7.09058639282e-05
308 308 3611.86603776
309 309 7.85865563254e-05
310 310 3141.41631127
311 311 2954.09129099
312 312 9.45394542544e-05
313 313 6.029405101e-05
314 314 5353.01109251
315 315 6.96735361331e-05
316 316 4118.01461458
317 317 4151.02127101
318 318 2416.07572175
319 319 7.0182255052e-05
320 320 9.24973049783e-06
321 321 9.6980856816e-06
322 322 5.95656281335e-05
323 323 2.26730046302e-05
324 324 5.04081509038e-05
325 325 1.80381882162e-06
326 326 1.50022489756e-05
327 327 9.58990323317e-07
328 328 1.81483206974e-05
329 329 8.08987566796e-05
330 330 5.68543103389e-05
331 331 4.7453607656e-05
332 332 5250.67591782
333 333 9.2940141444e-05
334 334 5.48584224615e-05
335 335 4549.63836517
336 336 6.0196784188e-05
337 337 9.17521496998e-05
338 338 9.76266128586e-05
339 339 1.03944156529e-05
340 340 2857.23350448
341 341 4095.60863428
342 342 7.21896546126e-05
343 343 7.14642116841e-05
344 344 3.66909830318e-05
345 345 327.566773154
346 346 2502.5872458
347 347 8.33263883111e-05
348 348 8.29956854212e-05
349 349 5.76016962556e-05
350 350 8.62924691426e-05
351 351 8.12304870637e-05
352 352 5.2327124962e-05
353 353 9.2595075049e-05
354 354 1086.15669534
355 355 4.19292492858e-05
356 356 7.82712422594e-05
357 357 2.53064489302e-05
358 358 300.345322696
359 359 5383.72242898
360 360 7.11565163444e-05
361 361 3652.38026272
362 362 6.16856568644e-05
363 363 1371.20566033
364 364 8.63291833953e-05
365 365 8.56629269426e-05
366 366 5585.8325424
367 367 9.36824083308e-05
368 368 2.41403246791e-05
369 369 1832.78373971
370 370 2.7992623484e-05
371 371 5.03522709931e-05
372 372 8.96174874546e-05
373 373 8.18915935997e-05
374 374 7.14151282198e-05
375 375 4352.18877016
376 376 8.11539342329e-05
377 377 6.97257095257e-06
378 378 2337.93889997
379 379 1.28614974471e-05
380 380 7.88117950941e-05
381 381 702.68345765
382 382 9.60775748242e-06
383 383 2.05114782519e-05
384 384 5060.03588045
385 385 6.18278770604e-05
386 386 8.7736196096e-05
387 387 5266.32232616
388 388 1852.77062726
389 389 5.80060679007e-05
390 390 1.98091372054e-05
391 391 8.62778150053e-05
392 392 273.806510385
393 393 9.26559240335e-05
394 394 4137.2094805
395 395 7.7051278724e-05
396 396 2.67029071179e-05
397 397 9.88427146671e-05
398 398 1.13137046093e-05
399 399 7.25763571354e-05
400 400 8.54301109124e-05
401 401 6.39100722028e-05
402 402 192.636999776
403 403 1828.23591857
404 404 2.19709892328e-05
405 405 5.13283861575e-05
406 406 4265.23572314
407 407 2.03277236501e-05
408 408 3917.35397173
409 409 7.11788373277e-05
410 410 1.65808131516e-05
411 411 2.55294024569e-05
412 412 653.598511194
413 413 5.47315058634e-05
414 414 4061.85991288
415 415 3.05926669161e-05
416 416 5.18643323443e-06
417 417 709.82342189
418 418 4.85278275293e-05
419 419 4885.29283487
420 420 1765.39742877
421 421 9.11620919902e-05
422 422 9.31097678316e-05
423 423 9.79776302524e-05
424 424 5.82612122106e-05
425 425 8.68314058164e-05
426 426 9.64291390952e-05
427 427 5609.17632829
428 428 3.04282332593e-05
429 429 7.72381731645e-05
430 430 2314.12045416
431 431 9.67313555965e-05
432 432 1775.12635404
433 433 9.14393309595e-05
434 434 8.64058331287e-05
435 435 8.05363945308e-05
436 436 3.26352641989e-05
437 437 5343.64144419
438 438 7.7177244679e-05
439 439 4824.15510649
440 440 4.2047544864e-05
441 441 2644.51807894
442 442 8.98020470777e-05
443 443 7.72315851563e-05
444 444 5.01755921946e-05
445 445 4392.32896431
446 446 4.45033029226e-05
447 447 6.47721840217e-05
448 448 4715.50596894
449 449 1573.75162944
450 450 1.40129391674e-05
451 451 1988.83660376
452 452 1342.8533851
453 453 9.72045288109e-05
454 454 4261.85313947
455 455 2.61380085061e-05
456 456 5415.23417481
457 457 5532.83686081
458 458 4261.94594517
459 459 7.14675821548e-05
460 460 1.39977234117e-05
461 461 5030.21835063
462 462 9.86981987883e-05
463 463 7.09232305596e-05
464 464 4466.90214889
465 465 3.26934476136e-05
466 466 7.29366095509e-05
467 467 1.89395832399e-05
468 468 6.52848532695e-05
469 469 5112.24491045
470 470 7.59787651353e-05
471 471 6.84905714371e-07
472 472 7.06240724665e-05
473 473 4450.5098001
474 474 3167.7944278
475 475 7.45917802476e-05
476 476 2981.86201054
477 477 8.37942873181e-05
478 478 6.5254376227e-05
479 479 4.53388497471e-05
480 480 1417.99178564
481 481 2126.73773716
482 482 5.65369166783e-05
483 483 7.31263007878e-05
484 484 7.33539093732e-05
485 485 5.6065709885e-05
486 486 5021.8999415
487 487 3.15480810232e-05
488 488 1.63990662517e-05
489 489 2.46706562052e-05
490 490 3548.43943748
491 491 5.45539146733e-05
492 492 3.06963286946e-05
493 493 8.73954985714e-05
494 494 7.13150706717e-05
495 495 2.05625662084e-05
496 496 2962.36312257
497 497 6.75590555388e-05
498 498 8.03192184052e-05
499 499 2895.67636896
500 500 7.34608172126e-05
501 501 1.97738642681e-05
502 502 4.36950466068e-05
503 503 5.00155363975e-05
504 504 4628.724206
505 505 3.40848739915e-05
506 506 8.30665013337e-05
507 507 4.41376934807e-05
508 508 8.05629215706e-05
509 509 8.54520134192e-05
510 510 1.08209883854e-05
511 511 8.64348494461e-06
512 512 2.16400443909e-05
513 513 3119.83424434
514 514 2187.44927314
515 515 7.73922365382e-05
516 516 3.08001585535e-05
517 517 5.24805019582e-05
518 518 6.89250405286e-05
519 519 9.36867792026e-07
520 520 1.36820177497e-05
521 521 6.42179641245e-05
522 522 2521.0670334
523 523 5.37393862211e-06
524 524 8.32792184197e-05
525 525 3.21206677041e-05
526 526 1.69829664676e-05
527 527 7.23802694557e-05
528 528 2830.54504504
529 529 6.57628227002e-05
530 530 2.25750482368e-06
531 531 4.22765980243e-05
532 532 4170.46716992
533 533 4.68068726247e-06
534 534 5.66264606838e-05
535 535 5.42028472462e-05
536 536 5067.5958941
537 537 1.94873431317e-05
538 538 1640.33259672
539 539 3715.05811639
540 540 1399.77632691
541 541 8.96910852728e-05
542 542 6.13455104046e-05
543 543 2.31695203234e-05
544 544 822.522044922
545 545 8.35538172964e-06
546 546 1618.87862953
547 547 5.26090260272e-05
548 548 4.34129321546e-05
549 549 7.61699816218e-05
550 550 6.59463042586e-06
551 551 8.90349752679e-05
552 552 8.699176068e-05
553 553 5.9988503222e-05
554 554 1.95068822322e-05
555 555 1.97978255871e-05
556 556 7.52323619498e-06
557 557 5.34924065193e-05
558 558 6.96255210426e-05
559 559 5.62324960103e-05
560 560 7.34427536615e-06
561 561 4.59262318921e-05
562 562 5.79608355859e-05
563 563 8.56329571011e-05
564 564 1.06307313724e-05
565 565 5.74574414356e-05
566 566 1.4542469221e-05
567 567 4.25209027425e-05
568 568 6.52242197396e-05
569 569 4.43335571236e-05
570 570 5.03112033434e-05
571 571 5.05480362494e-05
572 572 9.95447241121e-05
573 573 5.41258601298e-05
574 574 3580.5762696
575 575 2306.98127272
576 576 5.20988432198e-05
577 577 415.929159519
578 578 1.94732218796e-06
579 579 3270.73945659
580 580 5.62939423549e-05
581 581 5.67675743996e-05
582 582 7.74228707652e-05
583 583 6.57559513116e-05
584 584 2883.14082287
585 585 4164.00136712
586 586 3.83244546789e-05
587 587 2832.61436918
588 588 8.94728030526e-05
589 589 6.89601733142e-05
590 590 8.96518269101e-05
591 591 3364.45689417
592 592 5.7572556868e-06
593 593 4.73792620564e-05
594 594 1.18425725484e-05
595 595 4.56458481202e-05
596 596 5.51991051037e-05
597 597 5442.39118507
598 598 3.51712923102e-05
599 599 2.48668225314e-05
600 600 5.67435327311e-06
601 601 7.77019562826e-05
602 602 9.73551928029e-07
603 603 1924.46557818
604 604 1.87966671232e-05
605 605 36.7663394719
606 606 4.1234130213e-05
607 607 1.63125438522e-06
608 608 8.25408631958e-05
609 609 6.42428450382e-05
610 610 59.0200932475
611 611 8.79652984118e-05
612 612 1.01952490863e-05
613 613 5467.4131149
614 614 2476.57582014
615 615 3.8601421652e-05
616 616 9.65294209409e-05
617 617 2079.64156553
618 618 7.65122454453e-05
619 619 6.62436197527e-05
620 620 9.36191152267e-05
621 621 529.121271032
622 622 1922.33070597
623 623 7.67872681194e-05
624 624 2.86346725952e-05
625 625 9.84280631446e-06
626 626 2.15165951972e-05
627 627 1.12907939871e-05
628 628 4603.66666106
629 629 7.29882726047e-05
630 630 4.12659136943e-05
631 631 7.96664697278e-05
632 632 7.16527648583e-05
633 633 1.79275679562e-05
634 634 801.307170763
635 635 4677.75888041
636 636 8.21286194303e-06
637 637 5.91209572671e-05
638 638 2.63402669432e-05
639 639 8.29317750211e-06
640 640 6.05028620385e-05
641 641 3911.85179639
642 642 2.68524760065e-05
643 643 793.346542089
644 644 4.7992701124e-05
645 645 9.43403514101e-06
646 646 4551.50951626
647 647 2.56810401365e-05
648 648 3.34276710685e-05
649 649 1.42571173102e-05
650 650 9.60541770918e-05
651 651 3831.2765351
652 652 7.10788589337e-07
653 653 1.70035118486e-05
654 654 1215.0928583
655 655 3.41757443234e-06
656 656 6.37419487987e-05
657 657 2.28848871939e-05
658 658 3963.51679275
659 659 9.40630775796e-05
660 660 2.1889492093e-05
661 661 6.55509423673e-05
662 662 5.78666228627e-05
663 663 8.43573841377e-05
664 664 2779.51355374
665 665 8.46977622861e-06
666 666 6.8599989857e-05
667 667 9.279230802e-06
668 668 1500.16150944
669 669 1.07541415794e-05
670 670 6.69710680679e-05
671 671 5.16450958714e-05
672 672 9.4224895218e-05
673 673 2.32694358148e-05
674 674 3772.9402257
675 675 4825.44154572
676 676 5.26956094665e-05
677 677 5576.33661532
678 678 3.09038842333e-06
679 679 7.55679685739e-05
680 680 3920.29362314
681 681 2562.90160663
682 682 8.76951889233e-05
683 683 8.39110043053e-05
684 684 2686.62176902
685 685 2.83838943871e-05
686 686 5047.46517158
687 687 1.31163773589e-05
688 688 3.00510073117e-06
689 689 2.89365680626e-06
690 690 6.85123152084e-05
691 691 3837.77120333
692 692 2131.55487204
693 693 4.72967824199e-05
694 694 8.15303011437e-05
695 695 2.8056035657e-05
696 696 3.85006091388e-05
697 697 5.23988191459e-05
698 698 2411.634729
699 699 9.476985081e-05
700 700 4.79887297602e-05
701 701 6.75476750414e-05
702 702 5.69785877488e-05
703 703 5.40451891569e-05
704 704 4.70248726427e-05
705 705 5610.99700143
706 706 7.42156382119e-05
707 707 2057.39224164
708 708 6.96433933067e-07
709 709 5.354561574e-05
710 710 266.579938134
711 711 8.47425932364e-05
712 712 9.39302409413e-06
713 713 6.15171213877e-05
714 714 2.17040808781e-05
715 715 4.03406855142e-05
716 716 2.13052203409e-05
717 717 4.94350747569e-05
718 718 1.44615893378e-05
719 719 7.27309087048e-05
720 720 1335.03558925
721 721 1653.86462526
722 722 4.84447643719e-05
723 723 2040.38435696
724 724 2.1897984491e-05
725 725 4.74864937519e-05
726 726 8.30190410978e-05
727 727 3267.569042
728 728 631.296769484
729 729 2.89530923263e-05
730 730 3.4685836777e-05
731 731 1.57247383539e-05
732 732 3.21884071577e-05
733 733 8.56762234053e-05
734 734 5.29758974898e-05
735 735 4397.9697542
736 736 4380.70490593
737 737 7.65748534744e-05
738 738 8.61342319161e-05
739 739 7.76723540945e-05
740 740 3.16074832274e-05
741 741 5.34149509547e-05
742 742 4.65743731674e-05
743 743 6.74507943067e-05
744 744 4506.84768228
745 745 566.701145759
746 746 3.2308648666e-05
747 747 1.11762896225e-05
748 748 3559.16405913
749 749 7.8470625391e-05
750 750 3.97730262362e-05
751 751 1609.18095614
752 752 3.59289874238e-05
753 753 7.98773336336e-05
754 754 6.422323884e-05
755 755 5.39852963678e-05
756 756 9.82565697557e-05
757 757 9.64114449548e-05
758 758 8.82016226788e-05
759 759 1.12490050344e-05
760 760 4.10874889205e-06
761 761 346.806686469
762 762 2385.62088775
763 763 9.89779838408e-05
764 764 2.09339173868e-05
765 765 5.56805035454e-05
766 766 7.57688111761e-05
767 767 9.48429703712e-05
768 768 1.6669491715e-05
769 769 1.9309134326e-05
770 770 5.42570535181e-05
771 771 1.10812993939e-05
772 772 6.01584960735e-05
773 773 1.62454721924e-06
774 774 4.62414481221e-05
775 775 5.26072078055e-05
776 776 9.8288020595e-05
777 777 5.12055626416e-07
778 778 4.25796668328e-05
779 779 6.22516028089e-05
780 780 8.2372181681e-05
781 781 2.55032719281e-05
782 782 8.41554788226e-05
783 783 5.34966636798e-05
784 784 4.5872669662e-05
785 785 9.48711035578e-05
786 786 3.39182986354e-05
787 787 5411.17805418
788 788 2.7390423107e-05
789 789 8.28421797307e-05
790 790 4.04207102528e-05
791 791 3168.66248844
792 792 3.8047315238e-05
793 793 6.23335375655e-05
794 794 8.37720400839e-05
795 795 1.25989289945e-05
796 796 2.01430857991e-05
797 797 7.67108079633e-05
798 798 9.81683759688e-05
799 799 8.11948102152e-05
800 800 8.94528121152e-05
801 801 1472.64978183
802 802 4027.75702433
803 803 2.80562751962e-05
804 804 2726.30716731
805 805 4536.92168128
806 806 2968.9626245
807 807 6.69059755782e-05
808 808 4.06218699227e-05
809 809 2829.043921
810 810 8.69655572481e-05
811 811 8.54472778367e-05
812 812 8.06775617144e-05
813 813 9.94666445099e-05
814 814 2369.75352779
815 815 9.53349223528e-05
816 816 4914.07544968
817 817 9.20006285175e-05
818 818 5429.51621454
819 819 5.29558071732e-05
820 820 2762.25625019
821 821 1.05963530909e-05
822 822 2.46670096202e-05
823 823 9.94244157048e-05
824 824 4.62872402349e-05
825 825 8.62542810316e-05
826 826 9.85520812958e-05
827 827 9.9651577215e-05
828 828 4779.59747228
829 829 6.62481989947e-06
830 830 6.18889744413e-05
831 831 5565.71626675
832 832 9.96413922367e-05
833 833 3.46082378578e-06
834 834 2.84304068125e-05
835 835 7.42511903157e-05
836 836 3.81220785303e-05
837 837 3401.26056706
838 838 6.08263510394e-05
839 839 7.67382478679e-05
840 840 6.90765398846e-05
841 841 3.21659961114e-05
842 842 8.08659353404e-05
843 843 3.75795712553e-06
844 844 4.15267686399e-05
845 845 2.23556700824e-05
846 846 8.86855508836e-05
847 847 26.4126231345
848 848 6.39610497988e-05
849 849 9.66974261634e-05
850 850 1.70709182414e-06
851 851 12.0067649796
852 852 8.33185640864e-07
853 853 3.47065024599e-05
854 854 1.1749851881e-05
855 855 7.46118292982e-05
856 856 491.573935121
857 857 1829.30391702
858 858 4.0762511022e-05
859 859 7.06005271768e-05
860 860 3.07086790321e-05
861 861 3358.37992442
862 862 7.82123870633e-05
863 863 6.25255088518e-05
864 864 9.25617229926e-05
865 865 3913.81462987
866 866 5.69752135294e-05
867 867 7.13830524187e-05
868 868 4.69733351907e-05
869 869 5.12012501321e-06
870 870 5434.10037746
871 871 6.84600201692e-05
872 872 5350.04139996
873 873 5435.0499216
874 874 5622.13189883
875 875 2.57084199213e-07
876 876 2.71760538396e-05
877 877 5377.89267114
878 878 1.61792802583e-06
879 879 1.03625585879e-05
880 880 2.84373834005e-05
881 881 1.46023727405e-05
882 882 9.79474776908e-06
883 883 7.02171991091e-05
884 884 5311.79622296
885 885 1171.31559389
886 886 5423.89070785
887 887 3.34613671731e-05
888 888 4020.21394329
889 889 9.40303752189e-05
890 890 9.68504663686e-06
891 891 6.3785764967e-05
892 892 3370.03385316
893 893 8.86963688325e-05
894 894 5035.7140774
895 895 1.68538424548e-05
896 896 8.96986264623e-05
897 897 1.02209083621e-06
898 898 6.86048076853e-06
899 899 9.44134227234e-05
900 900 7.10352766365e-05
901 901 832.772600014
902 902 5295.61914923
903 903 2690.76481237
904 904 2932.17128712
905 905 6.56533383988e-05
906 906 1440.83888062
907 907 3.95905169042e-05
908 908 7.23287200384e-05
909 909 3.49519870327e-05
910 910 607.500984996
911 911 2.05612780556e-05
912 912 8.0877041417e-05
913 913 4.56754841137e-05
914 914 8.23281748109e-05
915 915 7.76433680593e-05
916 916 4.80006025579e-05
917 917 2805.71761895
918 918 1.68828223675e-05
919 919 7.82829983121e-05
920 920 6.06984448617e-05
921 921 6.63307774204e-05
922 922 1.84495436522e-05
923 923 3312.08671604
924 924 4701.86757594
925 925 9.64356678121e-05
926 926 2.38099956979e-05
927 927 4374.87210605
928 928 5.13399665455e-05
929 929 1880.14509934
930 930 2997.00121663
931 931 4.02114152576e-05
932 932 6.88027211739e-05
933 933 1.06178636278e-05
934 934 1045.21242716
935 935 2.24273286818e-05
936 936 1671.61289112
937 937 6.90251018864e-05
938 938 4.10029524432e-06
939 939 9.12769536678e-05
940 940 2132.10144314
941 941 4.27159433153e-06
942 942 3.52144869718e-05
943 943 1788.66437133
944 944 2.98319752433e-05
945 945 6.57161814443e-05
946 946 6.02327354569e-05
947 947 1480.8142794
948 948 4.49889607541e-05
949 949 9.95098035202e-05
950 950 5.01558670549e-05
951 951 1.08630530739e-05
952 952 5588.32274025
953 953 9.87933607746e-05
954 954 2698.86942378
955 955 474.295142629
956 956 9.79704599953e-05
957 957 5.9204672435e-05
958 958 7.32454954071e-05
959 959 5521.30404848
960 960 659.013800285
961 961 6.51984055133e-05
962 962 442.32458838
963 963 9.00064989742e-05
964 964 7.29380044189e-05
965 965 5.8168515638e-05
966 966 8.09169594811e-05
967 967 5.88501716239e-05
968 968 9.05173941216e-05
969 969 1.39466972554e-05
970 970 8.39116371091e-05
971 971 833.429914608
972 972 3.56772289333e-06
973 973 6.75625715292e-05
974 974 8.5878152519e-05
975 975 7.54524673371e-05
976 976 1793.4105811
977 977 6.75865697637e-05
978 978 7.16040105102e-05
979 979 1573.97383853
980 980 2729.17325428
981 981 4891.00366481
982 982 9.61039071377e-05
983 983 9.72017718487e-05
984 984 4.210283728e-05
985 985 3.35079263813e-05
986 986 2.34589586548e-05
987 987 3.20181628684e-05
988 988 9.30893323652e-05
989 989 4454.03864818
990 990 7.51653197652e-05
991 991 3.9232460759e-05
992 992 1.32751216269e-05
993 993 3722.78848399
994 994 233.981034358
995 995 9.03995738671e-05
996 996 6.01682886628e-05
997 997 3.99323892278e-05
998 998 2.77119137035e-05
999 999 1.42920645696e-05
1000 1000 9.90635999437e-05
1001 1001 9.85436327925e-05
1002 1002 4692.66341281
1003 1003 9.00251504156e-05
1004 1004 1.65764581974e-05
1005 1005 2631.61598494
1006 1006 6.80149896516e-05
1007 1007 4.09770747818e-05
1008 1008 7.38591410309e-05
1009 1009 3.20839877249e-05
1010 1010 3.81179672695e-05
1011 1011 8.34910874248e-05
1012 1012 121.11538183
1013 1013 2.40179006901e-05
1014 1014 9.51870456997e-05
1015 1015 8.47532163004e-05
1016 1016 6.07328078319e-05
1017 1017 3423.56837873
1018 1018 3.14066363671e-05
1019 1019 2.2214395308e-06
1020 1020 351.877120524
1021 1021 1.10378006035e-05
1022 1022 7.10402926167e-05
1023 1023 4.12540852454e-05
1024 1024 2.45187109716e-05
1025 1025 5481.27563868
1026 1026 3.47457685406e-05
1027 1027 350.399383896
1028 1028 1609.2948823
1029 1029 5.45952756307e-05
1030 1030 7.23560870944e-05
1031 1031 3.24554364866e-05
1032 1032 8.34495323131e-05
1033 1033 7.49759364925e-05
1034 1034 4638.36487359
1035 1035 4311.97245455
1036 1036 1.40107261647e-05
1037 1037 5380.79551189
1038 1038 5.32795662805e-05
1039 1039 9.74968668932e-05
1040 1040 4.61974974032e-05
1041 1041 7.86079741622e-06
1042 1042 3.66296657782e-06
1043 1043 852.941700477
1044 1044 1.28852064024e-05
1045 1045 5.85682216314e-05
1046 1046 5.04774150676e-06
1047 1047 5.28005858801e-05
1048 1048 1.26616880851e-06
1049 1049 6.37012155423e-05
1050 1050 8.35954002426e-05
1051 1051 4.29617264911e-05
1052 1052 154.108165887
1053 1053 5.93017945896e-05
1054 1054 7.35971840137e-05
1055 1055 2.69476237752e-05
1056 1056 4385.41152286
1057 1057 9.44243146771e-05
1058 1058 8.11243487794e-05
1059 1059 1.98925351641e-05
1060 1060 1.7259456925e-05
1061 1061 3.81402037183e-05
1062 1062 6.26008001789e-05
1063 1063 3.30001498848e-05
1064 1064 899.318564952
1065 1065 2.6651351741e-05
1066 1066 3.98251466943e-05
1067 1067 3.50462815514e-05
1068 1068 1.2870349534e-05
1069 1069 9.49058924286e-05
1070 1070 6.96107806427e-05
1071 1071 9.46935404177e-05
1072 1072 7.19716695865e-05
1073 1073 9.73729683999e-05
1074 1074 2653.58122061
1075 1075 3600.43988249
1076 1076 3.32674494715e-05
1077 1077 506.220733094
1078 1078 9.31249176608e-05
1079 1079 9.30122869478e-05
1080 1080 6.91908221047e-05
1081 1081 1113.57857603
1082 1082 2471.92860855
1083 1083 6.97083888841e-05
1084 1084 1.95448960997e-05
1085 1085 3.20850788689e-05
1086 1086 2.78416872643e-06
1087 1087 801.831489291
1088 1088 1.98621460824e-05
1089 1089 4.49353192425e-05
1090 1090 1.70172132386e-05
1091 1091 6.98750898033e-05
1092 1092 487.621166921
1093 1093 7.15834831021e-05
1094 1094 9.270518319e-06
1095 1095 5589.66163125
1096 1096 2.55676039122e-05
1097 1097 5265.13412243
1098 1098 1012.48931904
1099 1099 6.88201534129e-05
1100 1100 8.47762379439e-05
1101 1101 8.75896654395e-05
1102 1102 2253.59398012
1103 1103 2.27369879599e-06
1104 1104 9.92615459371e-05
1105 1105 9.45990538601e-05
1106 1106 5.100165669e-05
1107 1107 1191.67014488
1108 1108 1676.57635318
1109 1109 9.73923597269e-05
1110 1110 7.77485388828e-05
1111 1111 1.62196026634e-05
1112 1112 3846.74585972
1113 1113 8.10904566183e-05
1114 1114 6.90676690038e-05
1115 1115 484.773819317
1116 1116 735.900196632
1117 1117 3.81813655661e-05
1118 1118 7.19613909297e-05
1119 1119 4428.33638481
1120 1120 9.66210321463e-05
1121 1121 5.3453143602e-05
1122 1122 6.24258876772e-05
1123 1123 4.18162419956e-06
1124 1124 3.59769509872e-05
1125 1125 2781.45134791
1126 1126 8.04716901285e-05
1127 1127 5.88588091703e-05
1128 1128 2.09570289827e-05
1129 1129 1024.44268071
1130 1130 8.97414746131e-07
1131 1131 2.3973032389e-05
1132 1132 4189.79700069
1133 1133 995.818897979
1134 1134 4.64745391968e-05
1135 1135 1.66873814738e-05
1136 1136 6.03710869216e-05
1137 1137 9.25659001649e-05
1138 1138 4.51275526284e-05
1139 1139 5172.91866137
1140 1140 1.02495014639e-07
1141 1141 3642.47136995
1142 1142 4.80636187268e-06
1143 1143 2759.3351195
1144 1144 733.117093335
1145 1145 4.60669511101e-05
1146 1146 7.02213053842e-05
1147 1147 1035.01122953
1148 1148 9.21656624413e-05
1149 1149 6.62489318056e-06
1150 1150 1.39452635658e-05
1151 1151 224.854121093
1152 1152 8.0019454301e-06
1153 1153 8.10060522237e-05
1154 1154 9.09890991178e-05
1155 1155 7.25966002882e-05
1156 1156 3326.32262858
1157 1157 2.69801754874e-05
1158 1158 9.53544919445e-05
1159 1159 7.87275025478e-05
1160 1160 4754.53518375
1161 1161 8.46889969896e-05
1162 1162 4.46455106675e-05
1163 1163 6.41325516493e-06
1164 1164 6.83998625312e-05
1165 1165 4959.36679533
1166 1166 819.901276006
1167 1167 8.28254892051e-05
1168 1168 2.04543465054e-05
1169 1169 1.8194618424e-05
1170 1170 6.16968749852e-05
1171 1171 1070.12442455
1172 1172 2.95461898053e-05
1173 1173 1.75089111206e-05
1174 1174 3.32058889051e-05
1175 1175 5.69677700732e-06
1176 1176 3.25778361582e-05
1177 1177 4.75491433589e-05
1178 1178 5.47393026784e-05
1179 1179 8.07507109314e-06
1180 1180 2.8412589164e-05
1181 1181 5.67513711661e-05
1182 1182 4036.64355627
1183 1183 3842.24737884
1184 1184 7.35780116161e-05
1185 1185 3427.2724026
1186 1186 7.39912831411e-05
1187 1187 3.13159050834e-05
1188 1188 1.76853319429e-05
1189 1189 3165.31538682
1190 1190 3.89739680458e-05
1191 1191 3.86937768834e-05
1192 1192 1.08283437281e-06
1193 1193 2.0338013232e-05
1194 1194 4254.48213232
1195 1195 6.69787117464e-06
1196 1196 5.08482796816e-05
1197 1197 9.94275098169e-05
1198 1198 3.41089075294e-05
1199 1199 3.12830932385e-05
1200 1200 2546.17367673
1201 1201 3719.12541655
1202 1202 2.17084930293e-05
1203 1203 6.395756726e-05
1204 1204 4.10719882818e-05
1205 1205 2.55189409488e-05
1206 1206 3.98790507857e-05
1207 1207 9.45534610456e-05
1208 1208 6.015737953e-05
1209 1209 6.0340326161e-05
1210 1210 4.48413688548e-05
1211 1211 5.72542549928e-06
1212 1212 4104.22547468
1213 1213 9.66184750401e-05
1214 1214 4877.59266397
1215 1215 6.03302393934e-06
1216 1216 6.25731817589e-05
1217 1217 6.27239319513e-05
1218 1218 6.70778167989e-05
1219 1219 4.17890124802e-05
1220 1220 2.35020876633e-05
1221 1221 7.9870587569e-05
1222 1222 5.78681188709e-05
1223 1223 6.23630798353e-05
1224 1224 4424.20695337
1225 1225 5.17861306773e-05
1226 1226 4620.52371736
1227 1227 1.40311944988e-05
1228 1228 8.69669984508e-05
1229 1229 1997.78096711
1230 1230 1.89169618522e-05
1231 1231 3.66995328248e-05
1232 1232 8.92477494566e-05
1233 1233 1387.52376295
1234 1234 924.712681194
1235 1235 3.55994529795e-06
1236 1236 1852.23430733
1237 1237 6.30503831716e-05
1238 1238 3.49864246616e-05
1239 1239 5.26902349045e-05
1240 1240 8.91728276628e-05
1241 1241 2.91683954164e-05
1242 1242 4.35331168695e-05
1243 1243 4.53762606839e-05
1244 1244 7.67287002475e-05
1245 1245 3.87562772829e-06
1246 1246 2373.80390217
1247 1247 2.16950078405e-06
1248 1248 1330.60050418
1249 1249 6.52304039284e-05
1250 1250 3.09455651103e-05
1251 1251 966.071640317
1252 1252 547.619111365
1253 1253 9.36550736491e-05
1254 1254 300.284461415
1255 1255 6.60692608909e-05
1256 1256 4.09238971535e-05
1257 1257 5.42679610953e-05
1258 1258 7.74293191496e-05
1259 1259 7.2221979028e-05
1260 1260 3.55524114242e-05
1261 1261 3.31335591713e-05
1262 1262 8.9812803984e-05
1263 1263 1277.87463052
1264 1264 6.12652715818e-05
1265 1265 1414.5970432
1266 1266 3459.94851192
1267 1267 9.32855488368e-05
1268 1268 1.42394327161e-05
1269 1269 1.22346378716e-05
1270 1270 506.124404488
1271 1271 8.0254276972e-05
1272 1272 1.13528629209e-05
1273 1273 3.63794100531e-06
1274 1274 4.94887244538e-06
1275 1275 5.22739521736e-05
1276 1276 6.86445369408e-05
1277 1277 9.09240323831e-05
1278 1278 2.49870827368e-05
1279 1279 3849.35285728
1280 1280 4444.68858039
1281 1281 1.16179741574e-05
1282 1282 3.9023289947e-05
1283 1283 4.8354728103e-05
1284 1284 3816.23549972
1285 1285 9.22446845933e-05
1286 1286 1.93205057958e-06
1287 1287 4687.74148347
1288 1288 2.99509512301e-05
1289 1289 4.35904572979e-06
1290 1290 2.35532682468e-05
1291 1291 3.22222729101e-05
1292 1292 1.58062695856e-05
1293 1293 5.05435668591e-05
1294 1294 6.02280720753e-05
1295 1295 8.01682456368e-05
1296 1296 2763.97793956
1297 1297 2090.86134011
1298 1298 7.77573195716e-05
1299 1299 3.97147822577e-05
1300 1300 2.00534157061e-05
1301 1301 2.4450671777e-05
1302 1302 8.26322660055e-05
1303 1303 5135.21031702
1304 1304 8.84163242188e-05
1305 1305 9.68770751184e-05
1306 1306 8.01676673436e-06
1307 1307 1.16378427256e-05
1308 1308 5.1034936263e-05
1309 1309 7.19767587639e-05
1310 1310 1.87343102212e-05
1311 1311 6.15420661147e-05
1312 1312 3217.77125115
1313 1313 5331.13106957
1314 1314 1841.03217527
1315 1315 8.90747469317e-05
1316 1316 4739.18603167
1317 1317 5.69779820107e-05
1318 1318 4.81130203745e-05
1319 1319 4033.3535495
1320 1320 5.4390236127e-05
1321 1321 4444.275189
1322 1322 8.53255559394e-05
1323 1323 3777.44440504
1324 1324 4.46007694827e-05
1325 1325 2.80837766253e-05
1326 1326 5.17052919305e-05
1327 1327 5561.43378655
1328 1328 37.8877743032
1329 1329 9.80834401895e-05
1330 1330 4.99365247664e-05
1331 1331 9.29769458114e-05
1332 1332 6.42013256024e-05
1333 1333 7.78999489946e-05
1334 1334 6.91774072959e-05
1335 1335 4.97308735171e-05
1336 1336 1.87360379181e-06
1337 1337 656.277674915
1338 1338 7.19689139922e-05
1339 1339 3.32125922576e-06
1340 1340 4665.05245078
1341 1341 8.97647907601e-05
1342 1342 9.95377523625e-05
1343 1343 5.45924866867e-06
1344 1344 6.3602423438e-05
1345 1345 5280.69204131
1346 1346 3.06966904021e-05
1347 1347 8.76671335692e-05
1348 1348 3607.99108435
1349 1349 7.45281893223e-05
1350 1350 1.52819488499e-05
1351 1351 4.07898993635e-05
1352 1352 9.67698515182e-05
1353 1353 5.41676470416e-05
1354 1354 2518.76577083
1355 1355 6.13333907128e-06
1356 1356 3.16290512859e-06
1357 1357 325.029669548
1358 1358 2.48560145474e-05
1359 1359 5387.27952708
1360 1360 4150.32329579
1361 1361 4.97175249132e-05
1362 1362 4.97053672374e-06
1363 1363 5.07969183477e-05
1364 1364 4835.07213904
1365 1365 1.64091509119e-05
1366 1366 9.57334150246e-05
1367 1367 1.94737156471e-05
1368 1368 191.262743131
1369 1369 3.56431220533e-05
1370 1370 4.60160257949e-05
1371 1371 1313.43240541
1372 1372 6.68781712349e-05
1373 1373 7.40723670039e-05
1374 1374 2.52400090138e-05
1375 1375 1.09278707436e-05
1376 1376 3510.48075987
1377 1377 4.16246825201e-05
1378 1378 6.43452674515e-05
1379 1379 9.47283477886e-05
1380 1380 5.4555267162e-05
1381 1381 1.2180668943e-05
1382 1382 1.11435107113e-05
1383 1383 4.88342428751e-05
1384 1384 4.69490592728e-05
1385 1385 2.60049446687e-06
1386 1386 2516.06168293
1387 1387 119.16796737
1388 1388 2.46478446901e-05
1389 1389 5.94753952754e-05
1390 1390 6.18420451101e-05
1391 1391 5594.80349409
1392 1392 5.97208385922e-05
1393 1393 4.80667814886e-05
1394 1394 2976.93738785
1395 1395 3.67304535547e-05
1396 1396 2.52450591322e-05
1397 1397 5.65543491738e-05
1398 1398 7.76041959809e-05
1399 1399 9.93982327613e-05
1400 1400 6.40595281336e-05
1401 1401 9.1643874342e-05
1402 1402 1.76625158438e-05
1403 1403 3.50694736997e-06
1404 1404 3562.09226133
1405 1405 7.85253548992e-05
1406 1406 8.57111253585e-05
1407 1407 4863.05867176
1408 1408 7.83880667564e-05
1409 1409 3.71887222976e-05
1410 1410 5.84324806697e-05
1411 1411 4.202144615e-05
1412 1412 3.51088121826e-05
1413 1413 6.49889749597e-07
1414 1414 9.37153142276e-05
1415 1415 7.99469094786e-05
1416 1416 2920.56815777
1417 1417 9.82051185734e-05
1418 1418 5415.85232634
1419 1419 6.99376136163e-05
1420 1420 4492.23630238
1421 1421 6.20453126677e-05
1422 1422 4.50959852052e-06
1423 1423 5.4371049943e-05
1424 1424 6.32487667525e-05
1425 1425 7.52581418468e-05
1426 1426 4.81404725745e-05
1427 1427 3.91793534893e-06
1428 1428 5.55656620112e-05
1429 1429 1.59596657545e-05
1430 1430 5.72682862623e-05
1431 1431 4.96372105459e-05
1432 1432 1872.67937582
1433 1433 6.18551758212e-05
1434 1434 5.79304682463e-05
1435 1435 9.40712772751e-05
1436 1436 3.69074797699e-05
1437 1437 472.67586408
1438 1438 1.40418742722e-05
1439 1439 7.96525102509e-05
1440 1440 9.58607893063e-05
1441 1441 2.86839918654e-05
1442 1442 2650.81427909
1443 1443 1086.88969247
1444 1444 2.22433675928e-05
1445 1445 7.15850913368e-05
1446 1446 6.68148553747e-05
1447 1447 1.11220746761e-05
1448 1448 2429.55127726
1449 1449 9.48715828396e-05
1450 1450 8.52046913759e-05
1451 1451 2.78467129523e-05
1452 1452 8.18532322929e-05
1453 1453 1.86292957014e-05
1454 1454 4.51256672232e-05
1455 1455 5495.72529234
1456 1456 7.47802039021e-06
1457 1457 5.20775795899e-05
1458 1458 4.91251237626e-05
1459 1459 9.4936608509e-05
1460 1460 504.112481385
1461 1461 8.43643909296e-05
1462 1462 3.3191545987e-05
1463 1463 9.7338887406e-05
1464 1464 3.51121928772e-05
1465 1465 3328.33868458
1466 1466 1848.53882255
1467 1467 230.354569494
1468 1468 7.57347955776e-05
1469 1469 4.32310646235e-05
1470 1470 225.925922163
1471 1471 3.0967781607e-05
1472 1472 4.62461090262e-05
1473 1473 4948.22327947
1474 1474 5.22445110029e-05
1475 1475 7.08174101435e-05
1476 1476 4.65728527033e-05
1477 1477 1057.34595614
1478 1478 8.45608333274e-05
1479 1479 56.0096859297
1480 1480 2.98815066986e-06
1481 1481 1.86707306959e-05
1482 1482 1.20060284396e-05
1483 1483 9.03582959036e-05
1484 1484 612.088551017
1485 1485 4.38279623565e-05
1486 1486 3.47712896198e-05
1487 1487 9.29484725327e-05
1488 1488 555.792659919
1489 1489 2301.31639277
1490 1490 7.61698871368e-06
1491 1491 1.38965902309e-05
1492 1492 4.28102516828e-05
1493 1493 7.93585874522e-05
1494 1494 8.34914733256e-06
1495 1495 3.01784596731e-05
1496 1496 9.91361690988e-05
1497 1497 5.99067898602e-05
1498 1498 3292.6002913
1499 1499 6.56281972101e-05
1500 1500 6.91323263568e-05
1501 1501 3.67399781545e-05
1502 1502 3.53914852308e-05
1503 1503 6.80511968885e-05
1504 1504 7.36280761218e-05
1505 1505 2.8650146554e-05
1506 1506 4.51896752351e-05
1507 1507 9.4592577052e-05
1508 1508 6.2121929828e-05
1509 1509 6.52910952575e-06
1510 1510 2429.33603022
1511 1511 995.496617153
1512 1512 5005.99915677
1513 1513 4557.51269786
1514 1514 1265.66527824
1515 1515 6.08496967386e-05
1516 1516 2307.26347748
1517 1517 4.80141438209e-05
1518 1518 4.58809879214e-05
1519 1519 5.52498763353e-05
1520 1520 3.60199642953e-05
1521 1521 4459.08013414
1522 1522 7.2976113987e-05
1523 1523 9.59381255685e-07
1524 1524 4.83005911349e-06
1525 1525 5.42024925865e-05
1526 1526 1530.69854699
1527 1527 4.24625870161e-05
1528 1528 2.35636161342e-05
1529 1529 2.7949043177e-05
1530 1530 6.25884559917e-05
1531 1531 8.45271516438e-05
1532 1532 9.3271516976e-05
1533 1533 2.8410692232e-05
1534 1534 9.72098872965e-06
1535 1535 9.34551944253e-05
1536 1536 1553.69847751
1537 1537 1.26582133107e-05
1538 1538 2.83977103791e-05
1539 1539 2.8737297253e-05
1540 1540 2.99899739501e-05
1541 1541 5048.00799969
1542 1542 4.67605466625e-05
1543 1543 7.75259549443e-05
1544 1544 1.53525310359e-05
1545 1545 3.56058297749e-07
1546 1546 2.98247846286e-05
1547 1547 4010.10543606
1548 1548 1.35455888301e-05
1549 1549 6.34884603133e-05
1550 1550 7.57806845992e-05
1551 1551 5.32703050557e-05
1552 1552 5.61206464879e-05
1553 1553 4080.0301238
1554 1554 5.46293311146e-05
1555 1555 6.37372715465e-05
1556 1556 6.0086002379e-05
1557 1557 7.10545550981e-06
1558 1558 6.26449950238e-05
1559 1559 8.24722295505e-05
1560 1560 5.55964657849e-05
1561 1561 2004.89095579
1562 1562 8.82868043676e-05
1563 1563 6.5050076338e-05
1564 1564 3730.52090484
1565 1565 4535.63544487
1566 1566 1244.98430234
1567 1567 381.828343428
1568 1568 6.98235519405e-05
1569 1569 3.15199072566e-05
1570 1570 1430.37308678
1571 1571 2.67197742383e-05
1572 1572 4.51057154841e-05
1573 1573 888.629413967
1574 1574 4.66993753782e-05
1575 1575 6.13808220584e-05
1576 1576 1.70255095022e-05
1577 1577 486.806422127
1578 1578 4555.4958438
1579 1579 856.21530587
1580 1580 9.17335829695e-05
1581 1581 4395.15173657
1582 1582 2.8369262298e-05
1583 1583 7.49605744195e-05
1584 1584 2.15483724593e-05
1585 1585 3901.48260289
1586 1586 5.37994097833e-05
1587 1587 8.22651929271e-05
1588 1588 7.32872231115e-05
1589 1589 5.63786519602e-05
1590 1590 3.87735060656e-05
1591 1591 1910.8654399
1592 1592 8.51310056221e-05
1593 1593 6.25438658631e-05
1594 1594 4.68495034929e-05
1595 1595 4338.45907414
1596 1596 8.85435930462e-05
1597 1597 4.17033111781e-05
1598 1598 3.51632509749e-05
1599 1599 5138.52310772
1600 1600 9.55969350874e-05
1601 1601 1774.70046364
1602 1602 2.06081538974e-05
1603 1603 3.12448411987e-05
1604 1604 7.38664204267e-05
1605 1605 2.70285759293e-05
1606 1606 8.03141362969e-06
1607 1607 8.86290975443e-05
1608 1608 2.44435364497e-05
1609 1609 4558.13303425
1610 1610 3502.36560186
1611 1611 3.89193306195e-05
1612 1612 1491.11560304
1613 1613 1.53686365209e-05
1614 1614 2.98500779788e-05
1615 1615 4130.83593962
1616 1616 8.37682493719e-05
1617 1617 6.70559315518e-05
1618 1618 7.27439508327e-06
1619 1619 273.266987139
1620 1620 7.8104783822e-05
1621 1621 9.81275921908e-05
1622 1622 3265.1370236
1623 1623 1.72415980685e-05
1624 1624 1.78510542206e-05
1625 1625 5.87803202774e-05
1626 1626 7.39586412265e-05
1627 1627 9.29252374172e-06
1628 1628 4.9905521459e-05
1629 1629 2695.29740712
1630 1630 3.98350579452e-06
1631 1631 4.61768573689e-05
1632 1632 3.88532983706e-05
1633 1633 7.61001094439e-05
1634 1634 1.14876156645e-05
1635 1635 8.92836686918e-05
1636 1636 3.01973695335e-05
1637 1637 9.96398656769e-05
1638 1638 973.033723993
1639 1639 8.19956119071e-05
1640 1640 7.8043511492e-05
1641 1641 9.87311100249e-05
1642 1642 7.75798873409e-05
1643 1643 8.22790094264e-05
1644 1644 238.75660348
1645 1645 9.09457133154e-05
1646 1646 1077.87671115
1647 1647 8.18393064911e-05
1648 1648 9.59819900849e-05
1649 1649 8.8389812198e-05
1650 1650 7.07821492588e-05
1651 1651 9.61784442351e-05
1652 1652 2.95778821105e-05
1653 1653 2.25805271235e-05
1654 1654 6.19586505875e-05
1655 1655 9.10937242031e-05
1656 1656 9.35080256116e-06
1657 1657 5.76319693801e-05
1658 1658 2.41511764359e-05
1659 1659 1.7167252072e-05
1660 1660 8.99168344383e-05
1661 1661 873.586261799
1662 1662 5.71105297931e-05
1663 1663 4.28656492149e-05
1664 1664 4.93311456386e-05
1665 1665 4861.47846325
1666 1666 7.22358426979e-05
1667 1667 3666.09418181
1668 1668 3.43752783166e-05
1669 1669 1.45600004615e-05
1670 1670 2.81380788278e-06
1671 1671 7.63018458978e-05
1672 1672 6.10534802561e-05
1673 1673 7.04956215438e-05
1674 1674 8.59618822627e-05
1675 1675 9.80576697938e-05
1676 1676 1693.26657125
1677 1677 9.09818236517e-05
1678 1678 2.77205668191e-05
1679 1679 2647.97540006
1680 1680 3070.08342898
1681 1681 5.36549022686e-05
1682 1682 3.42176009195e-05
1683 1683 4572.39170948
1684 1684 4.94453771152e-05
1685 1685 6.33309734617e-05
1686 1686 2.5353179977e-05
1687 1687 7.72969660973e-05
1688 1688 7.29450052284e-05
1689 1689 7.28223442283e-05
1690 1690 61.6260347281
1691 1691 1457.87031566
1692 1692 1151.55444964
1693 1693 7.56174703695e-05
1694 1694 3.88699920234e-05
1695 1695 9.92990913235e-05
1696 1696 9.47111025307e-05
1697 1697 7.70541035817e-05
1698 1698 5.17768156508e-05
1699 1699 1.88217861074e-06
1700 1700 8.40502196188e-05
1701 1701 5.22082546915e-05
1702 1702 1041.30413488
1703 1703 1857.34658296
1704 1704 3.59141112812e-05
1705 1705 4.80357769511e-05
1706 1706 2075.14468037
1707 1707 9.28745032762e-05
1708 1708 440.667930975
1709 1709 6.57299263082e-05
1710 1710 1449.93318153
1711 1711 3095.15618922
1712 1712 9.08375783895e-06
1713 1713 5.6570582133e-05
1714 1714 4.12428572058e-05
1715 1715 1821.70506401
1716 1716 3.9489713464e-05
1717 1717 1.6955393494e-05
1718 1718 848.058152252
1719 1719 4.86679035435e-05
1720 1720 2735.57583451
1721 1721 4.24009042034e-05
1722 1722 7.65814489334e-06
1723 1723 931.3123474
1724 1724 2.79846996334e-05
1725 1725 5.01841842726e-05
1726 1726 4.43278013876e-05
1727 1727 2.4555044443e-05
1728 1728 7.10225825831e-05
1729 1729 3.12399745417e-05
1730 1730 4319.07872286
1731 1731 654.142626322
1732 1732 7.79892925478e-05
1733 1733 7.00475371988e-05
1734 1734 979.273811814
1735 1735 9.18089852072e-05
1736 1736 3454.48133521
1737 1737 2.77073650642e-06
1738 1738 1.17273224339e-05
1739 1739 8.70600023753e-05
1740 1740 544.747744244
1741 1741 2288.7568567
1742 1742 5.69075918206e-05
1743 1743 2.17777033845e-05
1744 1744 8.36451688085e-05
1745 1745 8.45905343353e-05
1746 1746 9.88058516279e-05
1747 1747 4.59220972498e-05
1748 1748 2.51972237331e-05
1749 1749 3785.59418919
1750 1750 7.70225609006e-05
1751 1751 3.9239152015e-05
1752 1752 6.16173657885e-05
1753 1753 4.5958471188e-05
1754 1754 1.75305850708e-05
1755 1755 1.01278670759e-05
1756 1756 1188.51219292
1757 1757 1.70287878844e-05
1758 1758 3.17429057353e-05
1759 1759 1.92935940302e-05
1760 1760 1.96509035265e-05
1761 1761 5.68472807863e-05
1762 1762 9.3368906692e-06
1763 1763 1.14204964726e-05
1764 1764 4688.35369852
1765 1765 2.29136659345e-05
1766 1766 9.57533718289e-05
1767 1767 4.80905947676e-05
1768 1768 3.91431390809e-05
1769 1769 2669.02923838
1770 1770 9.22681567269e-06
1771 1771 2065.86640041
1772 1772 2782.13278818
1773 1773 4.31103514186e-05
1774 1774 8.18182893034e-05
1775 1775 5.81176391209e-05
1776 1776 3.32133022442e-05
1777 1777 6.47877890901e-05
1778 1778 3.79638032643e-05
1779 1779 4.70590522664e-05
1780 1780 2.53447908632e-05
1781 1781 8.98976082502e-05
1782 1782 1.6100243072e-05
1783 1783 1.97329725115e-05
1784 1784 5.35135607293e-05
1785 1785 1.38010607801e-05
1786 1786 2.00099519477e-05
1787 1787 750.344180721
1788 1788 5.76638423972e-06
1789 1789 3.46202012634e-05
1790 1790 3.51554366435e-05
1791 1791 7.81976328175e-05
1792 1792 6.11499620448e-05
1793 1793 6.88777831843e-05
1794 1794 7.12058446184e-05
1795 1795 1.53484309069e-05
1796 1796 1648.46722939
1797 1797 5235.97233678
1798 1798 5.69209331749e-05
1799 1799 9.98841274093e-05
1800 1800 1.46159343727e-05
1801 1801 2.32914434038e-05
1802 1802 7.50606708081e-06
1803 1803 1.70352135438e-05
1804 1804 5342.68780676
1805 1805 7.84392302623e-05
1806 1806 4154.82667029
1807 1807 3048.71968371
1808 1808 8.45054103911e-06
1809 1809 5.75744013982e-05
1810 1810 8.1131111899e-05
1811 1811 2.68935737206e-05
1812 1812 177.915308266
1813 1813 1.79483314741e-05
1814 1814 5.66750518651e-05
1815 1815 9.08845114e-05
1816 1816 532.783136849
1817 1817 5.91029759225e-05
1818 1818 2997.41956711
1819 1819 6.67764110487e-05
1820 1820 1218.01174461
1821 1821 3.25326775901e-05
1822 1822 6.11340574964e-05
1823 1823 7.14244991839e-05
1824 1824 2.05320983765e-06
1825 1825 9.08764827112e-05
1826 1826 7.75403016374e-05
1827 1827 1.05321574425e-06
1828 1828 1.87420836773e-05
1829 1829 9.93768231071e-05
1830 1830 3.63732700608e-05
1831 1831 1.78814130089e-05
1832 1832 5.06224139586e-05
1833 1833 9.94087018149e-05
1834 1834 3338.21022857
1835 1835 9.3669344977e-05
1836 1836 5.90771731078e-05
1837 1837 5.92850892032e-05
1838 1838 1.94621212496e-05
1839 1839 2.51322560841e-05
1840 1840 8.77780766078e-05
1841 1841 2.57005404896e-05
1842 1842 4561.68361283
1843 1843 2995.85727362
1844 1844 9.35995472995e-05
1845 1845 723.863158042
1846 1846 9.35598489137e-05
1847 1847 3479.77954882
1848 1848 3777.86075989
1849 1849 1.33328155616e-05
1850 1850 1389.17324385
1851 1851 2.40156275166e-05
1852 1852 5.83084595057e-05
1853 1853 3674.02238626
1854 1854 5.1905516533e-05
1855 1855 5.03251716151e-05
1856 1856 7.18780335827e-05
1857 1857 9.32511549675e-05
1858 1858 8.35797370074e-05
1859 1859 7.8022383152e-06
1860 1860 7.41044899507e-05
1861 1861 5.69893374373e-05
1862 1862 4265.72515433
1863 1863 2.23511653281e-05
1864 1864 2.47767963587e-05
1865 1865 6.95751162037e-05
1866 1866 7.79561788275e-05
1867 1867 6.95990619314e-05
1868 1868 8.90661708685e-05
1869 1869 8.98616346689e-06
1870 1870 3908.93483787
1871 1871 3.06145657945e-05
1872 1872 6.40301331702e-05
1873 1873 8.35967283516e-05
1874 1874 2.40997290925e-05
1875 1875 9.68592564699e-05
1876 1876 4032.15447291
1877 1877 1.91650837517e-05
1878 1878 5.26754650651e-05
1879 1879 8.44917526337e-06
1880 1880 7.83916308666e-06
1881 1881 1.19196082561e-05
1882 1882 3.89397154459e-05
1883 1883 5.39244779326e-06
1884 1884 4.87281547242e-05
1885 1885 5.83297718026e-05
1886 1886 6.73968182315e-05
1887 1887 4.02509312459e-05
1888 1888 6.42597476444e-05
1889 1889 3348.79653885
1890 1890 5121.57038931
1891 1891 5199.52160125
1892 1892 3259.82375423
1893 1893 7.24683886975e-05
1894 1894 2.85297492053e-06
1895 1895 2737.60915792
1896 1896 2.40951247199e-05
1897 1897 3634.75383422
1898 1898 1.52679880288e-05
1899 1899 5.02436436952e-05
1900 1900 198.447607362
1901 1901 1.96681185054e-05
1902 1902 6.84240213448e-05
1903 1903 1.22475571786e-05
1904 1904 6.80092079199e-06
1905 1905 4.65602716433e-05
1906 1906 4.06024023678e-05
1907 1907 7.00651879835e-05
1908 1908 3.54720948851e-05
1909 1909 9.122246923e-05
1910 1910 3747.5093855
1911 1911 5585.54762596
1912 1912 4026.38111815
1913 1913 2.32150862983e-05
1914 1914 6.40759313624e-06
1915 1915 8.07142143212e-05
1916 1916 5.8250564921e-05
1917 1917 4.89669951305e-05
1918 1918 4276.80786978
1919 1919 4831.20246237
1920 1920 625.279885979
1921 1921 8.57323540048e-05
1922 1922 1.98912290661e-05
1923 1923 9.56557770517e-05
1924 1924 2032.06011968
1925 1925 8.22305475975e-05
1926 1926 2.82935108642e-06
1927 1927 3.68788804224e-05
1928 1928 8.76581797924e-05
1929 1929 7.49784871679e-05
1930 1930 1.39324118302e-07
1931 1931 9.60143725721e-05
1932 1932 2509.25292082
1933 1933 6.67304077238e-05
1934 1934 3308.93538226
1935 1935 6.09884691708e-05
1936 1936 5.45821925581e-05
1937 1937 4.61894002008e-05
1938 1938 6.31832727733e-05
1939 1939 4.80180419082e-05
1940 1940 2.02969547508e-05
1941 1941 3.09407243156e-05
1942 1942 8.63285666729e-05
1943 1943 160.290486791
1944 1944 6.50440602162e-05
1945 1945 9.18721902056e-05
1946 1946 1.31929791404e-05
1947 1947 6.00235280121e-05
1948 1948 6.46217509343e-05
1949 1949 6.26874874071e-05
1950 1950 8.82662975689e-05
1951 1951 8.51471965507e-05
1952 1952 7.09398445782e-05
1953 1953 8.7047300957e-05
1954 1954 1.61315152542e-05
1955 1955 1.47155921281e-05
1956 1956 2121.73519082
1957 1957 3.2133823422e-05
1958 1958 6.25634790887e-05
1959 1959 644.726769999
1960 1960 7.07475604867e-05
1961 1961 1.66523144095e-05
1962 1962 3003.26438669
1963 1963 2881.56233882
1964 1964 2.67196593109e-05
1965 1965 4.72656137635e-05
1966 1966 2.90361595889e-05
1967 1967 7.94078182334e-05
1968 1968 2248.21595989
1969 1969 8.61838007203e-05
1970 1970 322.482413961
1971 1971 1.34643111513e-05
1972 1972 5.77366772046e-05
1973 1973 2336.22981819
1974 1974 6.83744636543e-05
1975 1975 8.39870947506e-05
1976 1976 3.0345494196e-05
1977 1977 832.69821019
1978 1978 1567.53197805
1979 1979 4.21864205691e-05
1980 1980 9.98949249084e-05
1981 1981 7.65323157806e-05
1982 1982 4278.71446809
1983 1983 3.75524389705e-05
1984 1984 7.26178720269e-05
1985 1985 4.23588734595e-05
1986 1986 7.8660362704e-05
1987 1987 1192.46354981
1988 1988 6.45628717345e-05
1989 1989 861.000531952
1990 1990 86.6842423601
1991 1991 6.5051286921e-05
1992 1992 4.42009692239e-06
1993 1993 2.21684655108e-05
1994 1994 2.64510119379e-05
1995 1995 2.76304702546e-05
1996 1996 1.14283358284e-05
1997 1997 7.06811013404e-05
1998 1998 2935.98077316
1999 1999 5.76196240829e-05
2000 2000 7.07316254522e-06
2001 2001 1.90338278875e-05
2002 2002 2.95376202109e-05
2003 2003 4.73490141618e-05
2004 2004 4872.96734377
2005 2005 534.207282872
2006 2006 3.95359333796e-05
2007 2007 1.84386176345e-05
2008 2008 7.902439437e-05
2009 2009 2907.53459011
2010 2010 3.94364406534e-05
2011 2011 7.17293166994e-05
2012 2012 5334.89904616
2013 2013 1.3454431845e-05
2014 2014 4.00934525694e-05
2015 2015 3730.99414775
2016 2016 4.05472152955e-05
2017 2017 1637.8397969
2018 2018 2.93711166019e-05
2019 2019 4.57403809898e-05
2020 2020 4.2574285097e-05
2021 2021 3.51593579756e-05
2022 2022 4.00919488475e-05
2023 2023 1935.65503138
2024 2024 3.5421000072e-05
2025 2025 6.13307837821e-05
2026 2026 9.17679729182e-05
2027 2027 1.9329278697e-05
2028 2028 1279.93420525
2029 2029 2.1283004756e-06
2030 2030 3575.71568313
2031 2031 3046.12745395
2032 2032 6.76380694286e-05
2033 2033 2.81408654058e-05
2034 2034 6.4849710783e-05
2035 2035 2.69312573324e-05
2036 2036 1.83083872583e-06
2037 2037 6.73565634124e-05
2038 2038 7.1183064499e-05
2039 2039 3865.19603869
2040 2040 4.87310524048e-05
2041 2041 3.53431113217e-05
2042 2042 1.34200050338e-05
2043 2043 3.59397869461e-05
2044 2044 5.41470154771e-05
2045 2045 3326.94719364
2046 2046 427.986395577
2047 2047 5.63667368102e-05
2048 2048 4804.09398879
2049 2049 2.8585937864e-06
2050 2050 4.36196920151e-05
2051 2051 6.29870965297e-05
2052 2052 8.65569458357e-05
2053 2053 2712.46179146
2054 2054 7.73503069725e-05
2055 2055 1.39406638589e-05
2056 2056 34.2254403678
2057 2057 9.16116364883e-05
2058 2058 3.24811405387e-05
2059 2059 3470.3745619
2060 2060 3813.67972354
2061 2061 4.65221905094e-07
2062 2062 7.77909928432e-05
