1 1 113.143213462
2 2 545.180379967
3 3 364.584235128
4 4 193.861278899
5 5 42.7835691131
6 6 0.00129497992685
7 7 0.00722892425505
8 8 0.00974338284384
9 9 39.4236596952
10 10 147.829220165
11 11 504.441515325
12 12 333.564186133
13 13 588.060891573
14 14 575.823015261
15 15 219.46359976
16 16 421.026731713
17 17 0.00703695710243
18 18 439.50622358
19 19 308.828027892
20 20 0.0053353071361
21 21 608.865801763
22 22 498.984240121
23 23 166.347679263
24 24 535.641747319
25 25 5.18587406238
26 26 380.272881718
27 27 307.95019357
28 28 350.945036825
29 29 0.00272824762447
30 30 23.5030302771
31 31 176.305287718
32 32 0.00259459465472
33 33 0.000789357342799
34 34 0.00630067251888
35 35 624.096025064
36 36 494.953981364
37 37 357.493198679
38 38 119.087977275
39 39 606.427704318
40 40 267.268246456
41 41 193.505126545
42 42 545.079971963
43 43 420.1224331
44 44 0.00285284502286
45 45 0.00845944902997
46 46 0.00447814887309
47 47 97.4860334722
48 48 91.2339347023
49 49 573.880157868
50 50 0.00410379017477
51 51 179.802440502
52 52 0.393977881241
53 53 0.00604238830069
54 54 0.00374312147467
55 55 617.56285441
56 56 282.684919891
57 57 608.417714503
58 58 0.00988428735473
59 59 515.086660529
60 60 287.1195504
61 61 438.010506934
62 62 267.661302055
63 63 369.71820801
64 64 281.78991976
65 65 90.6791801666
66 66 203.05336849
67 67 51.4768829932
68 68 0.00293675180198
69 69 264.759473898
70 70 403.561760018
71 71 136.414747729
72 72 498.961103684
73 73 583.000151617
74 74 86.4980682517
75 75 480.271045247
76 76 227.032693605
77 77 0.00323858974669
78 78 0.00226042761996
79 79 0.00911802004157
80 80 475.6696599
81 81 400.203100086
82 82 28.4837984401
83 83 616.442651545
84 84 478.248861865
85 85 550.427453174
86 86 334.871732747
87 87 554.611170154
88 88 283.672212752
89 89 0.00788294246673
90 90 442.317942406
91 91 0.0053216991281
92 92 146.762706018
93 93 556.084755003
94 94 157.043866507
95 95 86.7289094262
96 96 275.788044968
97 97 439.355573085
98 98 96.7021633973
99 99 206.065860218
100 100 590.489067394
101 101 57.4616671313
102 102 95.9978901422
103 103 0.0096773031577
104 104 576.835704661
105 105 428.811265273
106 106 483.021811637
107 107 473.52271766
108 108 0.0056907642173
109 109 73.2009317404
110 110 101.347577427
111 111 164.462118585
112 112 294.174566134
113 113 0.00156768248378
114 114 0.00590103740408
115 115 600.599789537
116 116 159.555424108
117 117 249.13531876
118 118 139.120531068
119 119 416.816449053
120 120 0.00837822808372
121 121 332.58982829
122 122 81.0608003703
123 123 212.814734266
124 124 503.438891803
125 125 100.868698395
126 126 30.3317342527
127 127 0.00749586917418
128 128 110.180117223
129 129 0.00986386919465
130 130 501.562240404
131 131 194.573345351
132 132 0.00660055406809
133 133 418.294720585
134 134 183.087791827
135 135 0.00843457985338
136 136 0.00127253927462
137 137 399.88201594
138 138 194.641347095
139 139 452.338506998
140 140 342.39761627
141 141 63.1203317005
142 142 313.765151554
143 143 218.002991841
144 144 241.549898437
145 145 229.420881001
146 146 0.00506837882582
147 147 245.818485436
148 148 332.911899568
149 149 0.0095838859063
150 150 0.0055822441529
151 151 0.00111973995401
152 152 524.100346748
153 153 224.611452418
154 154 305.985802988
155 155 305.835263911
156 156 435.23933365
157 157 569.97202772
158 158 616.231548827
159 159 258.475855406
160 160 278.249728827
161 161 0.00436508334942
162 162 192.156226796
163 163 618.604417462
164 164 0.000769496060332
165 165 569.655560359
166 166 0.00947168102391
167 167 48.9325439554
168 168 211.685890491
169 169 235.644665989
170 170 0.00810688942319
171 171 205.866241782
172 172 51.412686448
173 173 457.225073999
174 174 473.32080658
175 175 307.533604128
176 176 371.240106203
177 177 402.317834645
178 178 287.586028273
179 179 363.79844972
180 180 166.636574068
181 181 357.261383254
182 182 14.4305464846
183 183 623.977331282
184 184 44.314341592
185 185 264.292711957
186 186 562.044757
187 187 16.0627212387
188 188 332.364313638
189 189 0.00866416235092
190 190 550.963543495
191 191 0.00539402319068
192 192 154.871781289
193 193 0.00202095721968
194 194 100.300581547
195 195 298.845530603
196 196 317.08101692
197 197 515.183724514
198 198 562.984723586
199 199 297.11059169
200 200 39.8102758068
201 201 290.712026107
202 202 214.939361604
203 203 12.3694476671
204 204 561.696554904
205 205 0.00900356624915
206 206 0.000321105031354
207 207 455.305123449
208 208 530.336908551
209 209 615.915245416
210 210 122.939973702
211 211 90.8551799155
212 212 391.63024129
213 213 588.137324096
214 214 0.00137786868191
215 215 64.6972915283
216 216 0.00909130274043
217 217 533.781139428
218 218 593.042578955
219 219 508.035657976
220 220 490.413779337
221 221 313.34683297
222 222 457.719990879
223 223 0.00110886233243
224 224 0.00829395976502
225 225 0.00599033537276
226 226 188.253437324
227 227 0.000353506002423
228 228 0.0071309188793
229 229 200.106730816
230 230 266.358588942
231 231 119.586653817
232 232 361.767794802
233 233 445.000140908
234 234 435.993413191
235 235 201.907810945
236 236 550.845496238
237 237 14.7225297251
238 238 0.000446422387775
239 239 517.926759328
240 240 0.00171732122069
241 241 368.411384164
242 242 195.496477276
243 243 305.328693495
244 244 0.0078093716211
245 245 0.00964654730734
246 246 442.485677726
247 247 516.244236859
248 248 573.19774373
249 249 543.190608969
250 250 546.664701481
251 251 368.787860585
252 252 282.19447636
253 253 0.00939637071854
254 254 542.889939042
255 255 75.844965965
256 256 544.345182241
257 257 0.000259229636327
258 258 0.0032396881044
259 259 0.00913436112657
260 260 96.4715272617
261 261 330.952365901
262 262 456.387081114
263 263 0.00712229954387
264 264 194.896138077
265 265 523.928610851
266 266 579.32511743
267 267 365.843581214
268 268 572.379859427
269 269 0.000191441791098
270 270 312.91213193
271 271 427.517566082
272 272 525.605336866
273 273 306.021903875
274 274 520.611055475
275 275 135.426379458
276 276 268.214831526
277 277 212.576976858
278 278 366.838962957
279 279 0.00508549096432
280 280 298.453800362
281 281 165.1390689
282 282 403.830133837
283 283 3.8735208735e-05
284 284 501.062994494
285 285 462.089652955
286 286 9.13517109844
287 287 281.665462739
288 288 361.673677187
289 289 544.369389515
290 290 397.294627893
291 291 97.0364662772
292 292 0.00235903341266
293 293 196.526456903
294 294 0.00182729248799
295 295 100.162115738
296 296 0.00833748196785
297 297 64.8431574329
298 298 6.9913357756
299 299 0.0046007101048
300 300 466.239934412
301 301 267.839151393
302 302 142.084194069
303 303 309.148393812
304 304 115.662916363
305 305 177.483131125
306 306 288.376880722
307 307 9.79686083945
308 308 44.3101639147
309 309 257.331567269
310 310 0.00319155822519
311 311 400.758690577
312 312 533.759017522
313 313 611.851833486
314 314 0.0044220392393
315 315 211.709753316
316 316 0.00566458428307
317 317 564.08365284
318 318 562.562691788
319 319 81.5163233811
320 320 376.031520349
321 321 0.00989142448748
322 322 0.0088177419153
323 323 510.074460055
324 324 145.192379
325 325 137.77625878
326 326 377.079753504
327 327 553.226243103
328 328 0.00617140571322
329 329 51.7939984615
330 330 507.93137398
331 331 92.0323890351
332 332 184.459722304
333 333 0.000194194788699
334 334 0.00273821122451
335 335 0.00149887015041
336 336 409.017345336
337 337 92.0319868543
338 338 406.25689558
339 339 195.746297165
340 340 588.881459078
341 341 380.339934639
342 342 0.000605745628571
343 343 537.49886027
344 344 247.486226211
345 345 523.237241686
346 346 0.0085302238491
347 347 0.00539519443443
348 348 0.00671876725974
349 349 0.00501833193712
350 350 523.705485733
351 351 0.00963746011196
352 352 34.3264384103
353 353 573.969681036
354 354 436.16648681
355 355 441.953276721
356 356 5.31465951497e-05
357 357 312.865413506
358 358 342.606116654
359 359 157.183808022
360 360 418.649589716
361 361 0.00968351077949
362 362 472.935912945
363 363 7.75691658931e-05
364 364 385.579102962
365 365 33.5022145393
366 366 35.3379171709
367 367 76.2386722555
368 368 0.0087612748688
369 369 588.963653536
370 370 554.904681471
371 371 214.340958643
372 372 585.930502785
373 373 0.00269753961385
374 374 0.00567429538917
375 375 222.795030711
376 376 0.00537619042464
377 377 0.00239617745047
378 378 529.86375319
379 379 213.312496048
380 380 498.114288475
381 381 210.241561595
382 382 234.368124328
383 383 501.924951478
384 384 0.00367895122289
385 385 114.103050716
386 386 0.00841815779846
387 387 48.038224666
388 388 37.0486972053
389 389 319.013923784
390 390 381.550199998
391 391 348.990167459
392 392 599.904505707
393 393 434.245186439
394 394 100.943166354
395 395 0.002247573806
396 396 340.783977279
397 397 603.32572381
398 398 17.1297136585
399 399 165.848690701
400 400 47.2498593129
401 401 224.486548698
402 402 430.291312414
403 403 362.002718618
404 404 565.49650911
405 405 542.631493521
406 406 96.2356286917
407 407 571.703467841
408 408 174.335396981
409 409 120.075154683
410 410 0.00494553873776
411 411 278.901610884
412 412 410.386066053
413 413 58.0176793749
414 414 92.9154645657
415 415 358.497543586
416 416 609.00555001
417 417 469.377098243
418 418 158.54308568
419 419 614.567791504
420 420 0.00106209883087
421 421 421.588585489
422 422 132.054649476
423 423 293.669018185
424 424 158.44515758
425 425 327.638808852
426 426 342.165124839
427 427 61.7042573274
428 428 277.308256571
429 429 548.264783036
430 430 517.393613415
431 431 0.00799578832274
432 432 356.33754073
433 433 473.838339514
434 434 564.714495278
435 435 187.840141209
436 436 51.751479496
437 437 401.134426966
438 438 535.060386197
439 439 604.830618507
440 440 0.00604153531811
441 441 198.586765647
442 442 116.743395736
443 443 0.00680081897131
444 444 0.00858900410502
445 445 492.295624539
446 446 568.108175259
447 447 545.738056712
448 448 126.629150511
449 449 26.9193599908
450 450 341.081787604
451 451 421.76960822
452 452 61.1257252438
453 453 444.377154528
454 454 253.606705175
455 455 13.4839706002
456 456 39.6302216642
457 457 446.705659261
458 458 349.141927378
459 459 41.537667069
460 460 392.140981314
461 461 244.099324005
462 462 83.9102657316
463 463 551.525385263
464 464 508.435245639
465 465 0.00494529919125
466 466 431.348383751
467 467 587.188816062
468 468 383.541810604
469 469 0.00540119835737
470 470 0.00235007045503
471 471 0.00124686221424
472 472 259.686007623
473 473 0.00649510022293
474 474 366.739946523
475 475 388.971786822
476 476 191.503175413
477 477 607.395996076
478 478 368.425623972
479 479 462.736196874
480 480 0.00983741236319
481 481 48.1777927944
482 482 411.583459286
483 483 0.00769717712013
484 484 460.10044216
485 485 254.229218641
486 486 533.078962076
487 487 102.950924125
488 488 199.250975179
489 489 0.00932351203698
490 490 449.750934719
491 491 328.189487359
492 492 615.27767267
493 493 0.0091860646563
494 494 218.174111954
495 495 408.042906686
496 496 233.028724804
497 497 32.7400743523
498 498 606.03959175
499 499 56.9290320275
500 500 590.442205364
501 501 105.084910207
502 502 0.00539592774915
503 503 371.771531328
504 504 50.058932763
505 505 186.419205658
506 506 161.706640614
507 507 0.0083942358772
508 508 548.357660463
509 509 145.634280839
510 510 488.497302719
511 511 0.00561762069267
512 512 127.928806152
513 513 316.87975702
514 514 531.698755005
515 515 595.433923348
516 516 308.56944335
517 517 597.150816772
518 518 313.777766127
519 519 417.668195269
520 520 0.00598654182826
521 521 453.528201026
522 522 512.343234115
523 523 35.6385609393
524 524 351.348938221
525 525 269.887997942
526 526 0.00189156047864
527 527 446.622749288
528 528 13.2162938555
529 529 280.819089579
530 530 311.809327272
531 531 0.00887971103508
532 532 36.6217899454
533 533 72.5271976429
534 534 222.869888004
535 535 33.9952513196
536 536 0.00914441676981
537 537 0.00425234670708
538 538 0.00249435414295
539 539 618.011883722
540 540 0.00851211832435
541 541 322.947641459
542 542 294.34106694
543 543 507.057923499
544 544 214.774388091
545 545 252.939175022
546 546 503.39859003
547 547 570.931984863
548 548 22.4231612784
549 549 196.471770335
550 550 59.8881645351
551 551 364.029943275
552 552 176.4214888
553 553 0.00996443814718
554 554 482.489352774
555 555 354.553662865
556 556 616.838163649
557 557 360.285448545
558 558 79.3459872235
559 559 245.487127647
560 560 544.982954793
561 561 82.8381854819
562 562 210.209904622
563 563 590.95713537
564 564 459.084189885
565 565 13.0723481494
566 566 354.041890106
567 567 66.7750304734
568 568 204.052131751
569 569 164.355046355
570 570 0.000933284851453
571 571 0.00315949050032
572 572 82.3827400406
573 573 39.2697577212
574 574 591.990215879
575 575 300.139180583
576 576 424.216857494
577 577 146.184435627
578 578 593.746136087
579 579 130.978123673
580 580 330.379632797
581 581 0.00590927613036
582 582 0.00176727665117
583 583 359.136849034
584 584 263.513490616
585 585 190.744409669
586 586 92.923236856
587 587 206.139679573
588 588 0.000863387080058
589 589 0.00677693025294
590 590 581.694675416
591 591 281.881281742
592 592 100.723785513
593 593 102.056771606
594 594 470.709851609
595 595 373.983315507
596 596 41.6283644128
597 597 555.208923756
598 598 274.05787921
599 599 153.341448789
600 600 305.170321016
601 601 0.000491165936552
602 602 124.824790149
603 603 144.640265045
604 604 421.703214287
605 605 0.00408421498072
606 606 52.5570562441
607 607 0.00871648435484
608 608 94.1128954806
609 609 176.378804868
610 610 0.00634411393891
611 611 219.277070749
612 612 445.148329842
613 613 153.956824795
614 614 382.215700193
615 615 0.00329720224115
616 616 403.829749223
617 617 624.70562735
618 618 331.571930313
619 619 455.556007249
620 620 0.0063677894386
621 621 0.00710655875067
622 622 219.289189813
623 623 0.0067866305097
624 624 601.155009768
625 625 282.517795214
626 626 124.441276407
627 627 617.73527662
628 628 325.818592714
629 629 607.039231157
630 630 462.765369252
631 631 59.3879194739
632 632 257.712170917
633 633 0.00664441123744
634 634 0.00621321046502
635 635 162.785175419
636 636 283.070885576
637 637 339.804803472
638 638 0.00674047287074
639 639 127.039905395
640 640 329.04863546
641 641 74.8251071466
642 642 75.3310216012
643 643 0.0092802422223
644 644 0.00402485666129
645 645 326.283942559
646 646 0.000726310743121
647 647 539.896810148
648 648 0.00451502102827
649 649 257.445497014
650 650 0.00671584600075
651 651 207.862962455
652 652 562.081263517
653 653 236.938311467
654 654 83.6537220574
655 655 269.741575964
656 656 240.221096765
657 657 0.00166782453954
658 658 419.826598002
659 659 53.177338397
660 660 0.00551401417342
661 661 431.063553749
662 662 0.00742811251811
663 663 437.170340934
664 664 211.334384682
665 665 359.576443615
666 666 123.295318437
667 667 529.373628282
668 668 249.357171928
669 669 0.00162119188771
670 670 0.00188983855462
671 671 525.691340269
672 672 554.997674945
673 673 342.133279526
674 674 0.00281859610948
675 675 8.62471808355
676 676 215.584239469
677 677 37.008952924
678 678 226.500212862
679 679 174.987110926
680 680 545.481514244
681 681 0.00810708116889
682 682 0.00913482735427
683 683 553.420475041
684 684 0.00569180569677
685 685 189.394608994
686 686 595.916897812
687 687 32.6752667398
688 688 340.535304997
689 689 0.00983458401678
690 690 241.150210942
691 691 326.103667933
692 692 84.2864835138
693 693 158.899960684
694 694 0.00915847558434
695 695 53.1946365222
696 696 108.365865971
697 697 312.460606488
698 698 201.664998349
699 699 416.476869142
700 700 188.028320461
701 701 490.630195329
702 702 0.00720832000118
703 703 360.824958963
704 704 43.9772896106
705 705 603.266119161
706 706 15.1590433026
707 707 206.263656162
708 708 579.72734516
709 709 271.79812699
710 710 391.906456347
711 711 89.9947465904
712 712 99.8577736615
713 713 146.864450819
714 714 149.642103873
715 715 302.290236573
716 716 19.3567404364
717 717 612.140218126
718 718 3.49351704652
719 719 431.213972411
720 720 622.745845847
721 721 0.00137116269859
722 722 163.519306538
723 723 224.981640387
724 724 192.065540702
725 725 229.621340401
726 726 489.999360821
727 727 0.000440311268974
728 728 446.728148606
729 729 409.606805139
730 730 374.620051603
731 731 20.48485524
732 732 10.0073363064
733 733 430.659372612
734 734 68.1360852408
735 735 438.203713002
736 736 323.764052897
737 737 230.08493629
738 738 330.589649993
739 739 119.302310547
740 740 0.00247620646727
741 741 363.347605562
742 742 547.889405828
743 743 0.00338942706555
744 744 494.308047212
745 745 330.330291729
746 746 279.728942961
747 747 0.00865080054586
748 748 246.37878905
749 749 11.9275047018
750 750 270.28044194
751 751 60.2863030676
752 752 452.776094059
753 753 35.3363477984
754 754 0.00651689647126
755 755 313.884373206
756 756 66.3758019501
757 757 365.075744873
758 758 0.00256969393506
759 759 476.332425051
760 760 421.622742891
761 761 0.00394752549023
762 762 485.790156704
763 763 316.766995498
764 764 5.63840768913
765 765 0.0016968309817
766 766 390.641622331
767 767 602.334455119
768 768 195.203724418
769 769 92.034421898
770 770 313.820958134
771 771 0.00504249232215
772 772 260.071546371
773 773 179.44129784
774 774 191.0603766
775 775 0.00148238597671
776 776 298.47841804
777 777 530.675161703
778 778 161.922197992
779 779 430.333232988
780 780 144.831961032
781 781 337.076467667
782 782 461.542944382
783 783 0.0020487580089
784 784 0.00433897719725
785 785 582.267605992
786 786 136.282207823
787 787 55.6029766922
788 788 200.393757192
789 789 471.071300399
790 790 283.447508005
791 791 0.00429494477869
792 792 506.797256646
793 793 408.581973582
794 794 207.731572256
795 795 222.259309079
796 796 0.00771196281855
797 797 261.463381012
798 798 624.311398218
799 799 315.046708741
800 800 357.618814571
801 801 387.809593827
802 802 380.849758771
803 803 583.062401242
804 804 368.187580591
805 805 46.0555969675
806 806 0.00883602199897
807 807 470.698079843
808 808 0.00931202380822
809 809 0.00572439360413
810 810 130.634463084
811 811 0.00689106172615
812 812 52.8301344256
813 813 0.00292669646717
814 814 0.00966776146252
815 815 490.966472526
816 816 521.422447609
817 817 324.640187941
818 818 293.999209597
819 819 0.000732480781439
820 820 585.51304385
821 821 299.716241209
822 822 0.00425081575059
823 823 301.165508811
824 824 316.012154122
825 825 123.970203728
826 826 503.307136298
827 827 260.409386847
828 828 360.430830884
829 829 496.99615464
830 830 460.410295738
831 831 243.123389991
832 832 234.94007817
833 833 308.549247895
834 834 89.3989652286
835 835 345.775812563
836 836 605.927894537
837 837 158.251530968
838 838 333.109446667
839 839 43.0228667451
840 840 0.00662890171546
841 841 91.7985773405
842 842 34.3489173501
843 843 586.3319705
844 844 343.621931815
845 845 68.0774496053
846 846 0.00407277379295
847 847 383.103093054
848 848 414.370719052
849 849 0.00352120306519
850 850 267.957546474
851 851 488.833510977
852 852 296.194030247
853 853 457.468034468
854 854 273.417882374
855 855 450.634650316
856 856 552.920901661
857 857 0.00582330471815
858 858 0.00604287094983
859 859 281.761890701
860 860 371.114673223
861 861 134.767499706
862 862 242.580635073
863 863 207.42899294
864 864 403.097049695
865 865 356.89532352
866 866 269.496409523
867 867 437.315620166
868 868 0.0081523291239
869 869 586.587678538
870 870 156.992828505
871 871 0.00864181794354
872 872 42.5279862582
873 873 289.346432943
874 874 230.320287683
875 875 605.328250208
876 876 533.55027815
877 877 497.443413008
878 878 0.00287941481661
879 879 381.336264304
880 880 362.201809583
881 881 0.00219846886699
882 882 578.02302578
883 883 256.991868313
884 884 0.00212977902961
885 885 68.8488920761
886 886 0.0053422708507
887 887 146.358161433
888 888 248.804682102
889 889 104.932330287
890 890 0.00857305755895
891 891 0.00377895468989
892 892 353.833729766
893 893 40.4400681285
894 894 0.00903658314661
895 895 243.09029835
896 896 398.884402305
897 897 331.902275155
898 898 344.487508175
899 899 307.934158684
900 900 530.194043726
901 901 0.00479912102414
902 902 520.314592052
903 903 578.236864154
904 904 76.574399601
905 905 491.410649977
906 906 109.459929232
907 907 570.80842085
908 908 0.00658119009923
909 909 505.334809769
910 910 169.886819452
911 911 383.865581584
912 912 21.405677605
913 913 404.432020958
914 914 161.635034868
915 915 0.0065227105367
916 916 0.00867911219992
917 917 397.992746285
918 918 449.716227286
919 919 87.0383034067
920 920 165.179976532
921 921 349.44849531
922 922 79.2037575209
923 923 196.077341537
924 924 0.000468996185614
925 925 339.859441319
926 926 41.3164674098
927 927 30.9448606788
928 928 230.20841675
929 929 261.794177296
930 930 305.578445167
931 931 229.111655124
932 932 194.826582154
933 933 443.596079475
934 934 433.340906799
935 935 437.806144851
936 936 519.507040603
937 937 25.6917313732
938 938 233.054391698
939 939 180.181554133
940 940 201.219804638
941 941 597.206738685
942 942 440.719687577
943 943 0.00530459472832
944 944 131.270769835
945 945 184.685558367
946 946 0.00748196931559
947 947 0.0047393963051
948 948 0.000714694269523
949 949 0.00856074432595
950 950 63.7040505386
951 951 0.00255107287165
952 952 179.579158598
953 953 5.76067549249
954 954 0.00866207006285
955 955 308.552216131
956 956 0.00100601972524
957 957 463.339579512
958 958 55.0410931909
959 959 521.413669222
960 960 143.596544498
961 961 245.955917968
962 962 0.00105620777073
963 963 0.00807869197813
964 964 0.00589794202273
965 965 333.636002717
966 966 107.034264919
967 967 0.000608350537987
968 968 500.895620369
969 969 0.00880918336292
970 970 551.993653337
971 971 530.000000034
972 972 30.2554193388
973 973 0.00406854582277
974 974 616.078754201
975 975 209.337173926
976 976 163.851013566
977 977 566.240487947
978 978 307.289163139
979 979 587.69763041
980 980 4.25874448392
981 981 41.0695856409
982 982 196.341161188
983 983 333.521692642
984 984 58.8093118468
985 985 168.269433376
986 986 348.320241023
987 987 0.00820080949301
988 988 335.583611304
989 989 0.00458934872653
990 990 563.44369186
991 991 526.071439246
992 992 571.742657094
993 993 0.00661187019761
994 994 0.00942009493765
995 995 210.943168388
996 996 574.47323687
997 997 99.6426438542
998 998 19.3214614652
999 999 553.709599764
1000 1000 200.046345698
1001 1001 0.00765307682301
1002 1002 237.063181092
1003 1003 392.387695679
1004 1004 376.629503842
1005 1005 561.051437056
1006 1006 125.971013214
1007 1007 270.747947403
1008 1008 389.735879248
1009 1009 154.779237561
1010 1010 22.8954483691
1011 1011 0.00161571039691
1012 1012 350.527536204
1013 1013 369.827721045
1014 1014 0.00352200636277
1015 1015 437.468085533
1016 1016 0.00463137828899
1017 1017 0.00314049544656
1018 1018 21.5869903518
1019 1019 547.28996733
1020 1020 527.481997861
1021 1021 531.265262151
1022 1022 384.32324658
1023 1023 408.367162997
1024 1024 622.785265627
1025 1025 0.00338511330261
1026 1026 0.00600807976463
1027 1027 345.383771205
1028 1028 376.139657166
1029 1029 0.00958850233026
1030 1030 473.253401273
1031 1031 552.149616712
1032 1032 72.3473278473
1033 1033 366.1068049
1034 1034 349.756639154
1035 1035 176.559524158
1036 1036 534.115854643
1037 1037 416.497595522
1038 1038 282.71225224
1039 1039 135.817950639
1040 1040 0.841611423556
1041 1041 0.00561746392294
1042 1042 29.0975551975
1043 1043 0.00260929502861
1044 1044 594.662387486
1045 1045 0.00568334703997
1046 1046 466.335931579
1047 1047 471.035634714
1048 1048 271.049278507
1049 1049 59.6830334212
1050 1050 222.012420853
1051 1051 569.543841874
1052 1052 330.25967326
1053 1053 595.137232848
1054 1054 228.838402263
1055 1055 179.910799941
1056 1056 358.013826149
1057 1057 566.429547059
1058 1058 0.00112239653383
1059 1059 366.727415393
1060 1060 0.00305202135817
1061 1061 0.00770550415822
1062 1062 541.577151957
1063 1063 0.00250230164542
1064 1064 466.999411563
1065 1065 0.00940810969752
1066 1066 0.00244889897414
1067 1067 0.00818930049395
1068 1068 183.752666477
1069 1069 0.00840734395732
1070 1070 37.4662394146
1071 1071 159.541637339
1072 1072 0.00674720571417
1073 1073 9.6298244254
1074 1074 0.0057961614388
1075 1075 331.038925178
1076 1076 120.508414346
1077 1077 389.838544685
1078 1078 562.73309907
1079 1079 46.0960886151
1080 1080 147.285074383
1081 1081 593.179925051
1082 1082 0.005623969273
1083 1083 0.00182002324209
1084 1084 0.00179823678961
1085 1085 0.00406278722981
1086 1086 0.00211025959402
1087 1087 6.67764653694e-05
1088 1088 0.00208012978744
1089 1089 0.0065300815013
1090 1090 0.00137457991643
1091 1091 201.235383402
1092 1092 60.5700696207
1093 1093 223.53712113
1094 1094 291.128839334
1095 1095 194.781612596
1096 1096 79.512175803
1097 1097 110.126328612
1098 1098 0.00542941523138
1099 1099 591.861412817
1100 1100 405.259382738
1101 1101 94.7063732598
1102 1102 0.00808072248027
1103 1103 512.345739289
1104 1104 524.216177064
1105 1105 0.00237827785523
1106 1106 8.18060583935
1107 1107 338.761507173
1108 1108 152.610767571
1109 1109 33.4484507433
1110 1110 221.647127438
1111 1111 0.0047484889933
1112 1112 552.908536066
1113 1113 205.306939689
1114 1114 0.00309324691713
1115 1115 372.9152896
1116 1116 0.00202757745008
1117 1117 117.66716874
1118 1118 332.595835371
1119 1119 284.853107946
1120 1120 0.00630611883687
1121 1121 0.00809035451343
1122 1122 625.651325738
1123 1123 82.9050484181
1124 1124 0.00887140183506
1125 1125 0.00879000535601
1126 1126 0.00824148789579
1127 1127 0.00816957582931
1128 1128 39.2933159676
1129 1129 531.3639487
1130 1130 265.380259388
1131 1131 512.278600274
1132 1132 0.00263543093824
1133 1133 0.00411642215962
1134 1134 398.097732166
1135 1135 26.6218848501
1136 1136 172.599817916
1137 1137 0.00280736793242
1138 1138 201.536393782
1139 1139 418.984620514
1140 1140 301.437056658
1141 1141 323.231222964
1142 1142 130.211308866
1143 1143 553.848921084
1144 1144 0.00350471455371
1145 1145 314.343868815
1146 1146 0.00132545006587
1147 1147 162.178233039
1148 1148 259.38880776
1149 1149 209.792994859
1150 1150 485.21683545
1151 1151 135.583438792
1152 1152 0.0035940501903
1153 1153 318.011620567
1154 1154 0.00197744229635
1155 1155 0.00182333642034
1156 1156 224.934428556
1157 1157 255.401778513
1158 1158 0.00256878349661
1159 1159 204.100833322
1160 1160 53.3015133996
1161 1161 0.000529822217331
1162 1162 211.38637921
1163 1163 0.00103138996074
1164 1164 528.436223077
1165 1165 577.969138946
1166 1166 0.0044961226944
1167 1167 375.544990699
1168 1168 193.36050393
1169 1169 306.948008392
1170 1170 0.00669576913196
1171 1171 0.00846869213343
1172 1172 454.441189897
1173 1173 147.80346539
1174 1174 405.943327392
1175 1175 549.118557479
1176 1176 474.378734836
1177 1177 269.352115194
1178 1178 36.3372240575
1179 1179 373.066199785
1180 1180 124.65980813
1181 1181 460.100663964
1182 1182 95.3836885336
1183 1183 524.553289523
1184 1184 108.837457674
1185 1185 0.00420723623079
1186 1186 0.00961419362166
1187 1187 470.197977486
1188 1188 0.00826419133476
1189 1189 0.00769862209727
1190 1190 0.00768551875347
1191 1191 0.00285815669784
1192 1192 474.137911407
1193 1193 0.00755873213325
1194 1194 176.681728925
1195 1195 451.132764121
1196 1196 236.294269054
1197 1197 302.198427084
1198 1198 562.395989124
1199 1199 375.813767661
1200 1200 608.704844274
1201 1201 470.906283354
1202 1202 426.394939501
1203 1203 331.902211536
1204 1204 478.326238948
1205 1205 117.876214813
1206 1206 466.334204434
1207 1207 56.8170109884
1208 1208 159.031071668
1209 1209 40.8415625093
1210 1210 22.8470150692
1211 1211 132.885950955
1212 1212 490.34345959
1213 1213 0.00430339021473
1214 1214 89.3273124998
1215 1215 376.770469484
1216 1216 436.439049801
1217 1217 0.00496837417753
1218 1218 559.987096361
1219 1219 496.672523664
1220 1220 394.822438839
1221 1221 354.873762943
1222 1222 486.982814052
1223 1223 0.00250365556451
1224 1224 568.83813295
1225 1225 0.00289744160026
1226 1226 0.0072133638964
1227 1227 59.2387526359
1228 1228 240.529200653
1229 1229 74.0218796738
1230 1230 472.433406399
1231 1231 0.000324654581222
1232 1232 0.00897962339676
1233 1233 227.422201224
1234 1234 189.363685169
1235 1235 221.388208758
1236 1236 164.030721935
1237 1237 380.56158096
1238 1238 83.7944075576
1239 1239 328.684889153
1240 1240 376.610271364
1241 1241 491.379044841
1242 1242 593.765954095
1243 1243 177.195085042
1244 1244 160.975697351
1245 1245 0.00468624582839
1246 1246 340.485985854
1247 1247 0.00653104936238
1248 1248 548.543843485
1249 1249 0.000385568645692
1250 1250 330.217467882
1251 1251 133.000876759
1252 1252 523.489808652
1253 1253 0.00454913363618
1254 1254 423.360778606
1255 1255 175.535495292
1256 1256 0.00637165888558
1257 1257 0.00909498268593
1258 1258 582.753855254
1259 1259 0.00671791352785
1260 1260 499.300526267
1261 1261 0.00121800317171
1262 1262 612.269266293
1263 1263 0.00658334593193
1264 1264 486.940502165
1265 1265 0.00581304717513
1266 1266 249.438358023
1267 1267 0.00561223535368
1268 1268 430.818150655
1269 1269 104.466895693
1270 1270 127.558084425
1271 1271 282.764798509
1272 1272 435.228264962
1273 1273 0.00324112293641
1274 1274 64.4762950485
1275 1275 94.1551131945
1276 1276 613.693295638
1277 1277 144.944175056
1278 1278 71.3482913602
1279 1279 0.00394970016879
1280 1280 601.90478596
1281 1281 426.437946027
1282 1282 275.423455425
1283 1283 228.034387901
1284 1284 385.175093797
1285 1285 363.54984764
1286 1286 546.036117152
1287 1287 276.407307916
1288 1288 454.93636746
1289 1289 538.651702308
1290 1290 0.00795480126491
1291 1291 211.858458115
1292 1292 541.997841689
1293 1293 149.262946995
1294 1294 443.265394645
1295 1295 376.931061528
1296 1296 139.445155015
1297 1297 102.078251044
1298 1298 399.90212227
1299 1299 0.00528776015415
1300 1300 0.00509095344215
1301 1301 562.977786693
1302 1302 443.484540125
1303 1303 555.508365275
1304 1304 212.046237319
1305 1305 435.766885345
1306 1306 287.261643185
1307 1307 470.10269873
1308 1308 569.446497399
1309 1309 565.532803657
1310 1310 496.269682105
1311 1311 86.7979480939
1312 1312 0.00545336452852
1313 1313 418.768466601
1314 1314 161.247989748
1315 1315 127.369315767
1316 1316 0.00304185271141
1317 1317 504.13945092
1318 1318 70.2679099444
1319 1319 307.888485279
1320 1320 134.08407335
1321 1321 0.00212988965169
1322 1322 0.00213619411798
1323 1323 0.00359535246956
1324 1324 396.946479008
1325 1325 578.593609024
1326 1326 380.39630099
1327 1327 0.00247356279037
1328 1328 253.642619896
1329 1329 73.3957688839
1330 1330 0.00201994116095
1331 1331 0.00121157424861
1332 1332 0.00302566187939
1333 1333 144.231728592
1334 1334 0.00713525701007
1335 1335 520.038600623
1336 1336 104.979048456
1337 1337 394.299572505
1338 1338 93.6021182768
1339 1339 531.833667333
1340 1340 0.000534975328864
1341 1341 496.277965721
1342 1342 153.267374566
1343 1343 176.00388324
1344 1344 175.477786951
1345 1345 572.279592805
1346 1346 494.964280224
1347 1347 0.00361675167472
1348 1348 0.0096496458622
1349 1349 0.00276988441435
1350 1350 293.068785366
1351 1351 617.641832755
1352 1352 326.564612099
1353 1353 0.00282546875132
1354 1354 103.054729316
1355 1355 0.00794949494286
1356 1356 103.491171573
1357 1357 462.967506123
1358 1358 0.00667904171432
1359 1359 135.199572957
1360 1360 0.00373927104667
1361 1361 379.961046613
1362 1362 312.597779333
1363 1363 589.611788628
1364 1364 0.00510004364198
1365 1365 307.731445021
1366 1366 57.1971502023
1367 1367 127.169596842
1368 1368 346.60144351
1369 1369 428.146970926
1370 1370 44.7161701501
1371 1371 275.889433053
1372 1372 443.199802833
1373 1373 623.247535744
1374 1374 623.023698998
1375 1375 357.442735999
1376 1376 61.9091021547
1377 1377 9.25160475544
1378 1378 0.00373716902652
1379 1379 0.00821098153761
1380 1380 0.00684596701494
1381 1381 403.15360528
1382 1382 0.00400913403443
1383 1383 434.861860511
1384 1384 267.054062748
1385 1385 451.107981732
1386 1386 602.874063404
1387 1387 602.984478707
1388 1388 268.936819363
1389 1389 0.00620085175065
1390 1390 109.362271516
1391 1391 0.0034710544853
1392 1392 443.016446023
1393 1393 30.6574662768
1394 1394 0.00183300742265
1395 1395 134.377889221
1396 1396 0.00866102582689
1397 1397 48.2685744196
1398 1398 578.70135095
1399 1399 332.702700488
1400 1400 0.00808029419446
1401 1401 449.781973576
1402 1402 366.481194492
1403 1403 543.603200201
1404 1404 0.00537902892697
1405 1405 209.716715216
1406 1406 610.995618492
1407 1407 613.033371049
1408 1408 56.4443081472
1409 1409 96.2434833047
1410 1410 20.9002203964
1411 1411 0.00289496282668
1412 1412 0.00499743257643
1413 1413 21.7098966996
1414 1414 0.00107895507109
1415 1415 444.465671556
1416 1416 600.195328579
1417 1417 606.797244424
1418 1418 476.773808886
1419 1419 503.013674518
1420 1420 327.930346576
1421 1421 188.827698336
1422 1422 0.00285467485697
1423 1423 0.000481163092742
1424 1424 31.7470642126
1425 1425 0.000552165249965
1426 1426 583.0029962
1427 1427 196.822062022
1428 1428 304.488454873
1429 1429 239.00312753
1430 1430 194.564953908
1431 1431 0.00900068153481
1432 1432 335.21368708
1433 1433 295.723810924
1434 1434 607.64704575
1435 1435 77.8815365359
1436 1436 496.317912697
1437 1437 161.267211169
1438 1438 0.00343587583781
1439 1439 0.00102706845273
1440 1440 358.878552646
1441 1441 117.61302567
1442 1442 173.125282898
1443 1443 357.317982678
1444 1444 176.06083678
1445 1445 0.00653129572462
1446 1446 335.240436746
1447 1447 0.00811508650195
1448 1448 574.017036298
1449 1449 348.307872146
1450 1450 198.938258314
1451 1451 340.35224941
1452 1452 213.615328622
1453 1453 223.728977152
1454 1454 0.00689578729103
1455 1455 181.602640872
1456 1456 96.2183681738
1457 1457 217.410589491
1458 1458 124.953583406
1459 1459 593.839237833
1460 1460 136.247857569
1461 1461 360.617879578
1462 1462 516.015895015
1463 1463 511.837450681
1464 1464 18.191318842
1465 1465 200.900411297
1466 1466 386.150754145
1467 1467 427.452105494
1468 1468 129.92639593
1469 1469 157.855745329
1470 1470 390.907733205
1471 1471 255.398715522
1472 1472 85.6697519705
1473 1473 492.734379044
1474 1474 38.6516372792
1475 1475 174.910074396
1476 1476 104.633361329
1477 1477 509.145481406
1478 1478 493.853837986
1479 1479 0.00252194468584
1480 1480 0.00417225844869
1481 1481 44.8328940463
1482 1482 0.004782143736
1483 1483 0.00989832414088
1484 1484 587.252906015
1485 1485 618.536175485
1486 1486 427.699073197
1487 1487 16.9188609576
1488 1488 458.205506053
1489 1489 391.14558502
1490 1490 166.657513047
1491 1491 0.00390898856524
1492 1492 139.103213874
1493 1493 174.495859564
1494 1494 196.444906069
1495 1495 48.8279668768
1496 1496 33.6548624457
1497 1497 525.655618789
1498 1498 57.816985243
1499 1499 222.342050546
1500 1500 288.776608564
1501 1501 0.00789783406903
1502 1502 440.247056861
1503 1503 181.261941845
1504 1504 582.174653991
1505 1505 357.337496127
1506 1506 132.046712209
1507 1507 189.585550878
1508 1508 262.650489311
1509 1509 0.00584472625282
1510 1510 284.905522993
1511 1511 0.00740162807348
1512 1512 374.827618195
1513 1513 382.662464059
1514 1514 87.5394236731
1515 1515 90.1265411155
1516 1516 549.618698183
1517 1517 338.720892068
1518 1518 403.743211312
1519 1519 353.300618211
1520 1520 402.635381733
1521 1521 580.26327899
1522 1522 200.598198605
1523 1523 0.00905634054928
1524 1524 85.867652208
1525 1525 540.447505993
1526 1526 330.604941908
1527 1527 0.00106285095085
1528 1528 131.992368905
1529 1529 0.00784122032078
1530 1530 397.074953362
1531 1531 32.2168844209
1532 1532 253.276218162
1533 1533 601.773533411
1534 1534 40.1745618112
1535 1535 323.020423623
1536 1536 0.00480278467586
1537 1537 0.00894784537843
1538 1538 508.771072011
1539 1539 0.00272260583154
1540 1540 410.748926131
1541 1541 132.375812735
1542 1542 16.5306764187
1543 1543 250.182468522
1544 1544 263.131281158
1545 1545 167.595107269
1546 1546 0.00513754015309
1547 1547 44.8998035158
1548 1548 561.518264352
1549 1549 174.861437763
1550 1550 0.00878589601975
1551 1551 280.588876657
1552 1552 114.535938486
1553 1553 206.315743299
1554 1554 44.1209618592
1555 1555 397.321636797
1556 1556 277.240094459
1557 1557 97.9352122722
1558 1558 584.010327543
1559 1559 432.991758547
1560 1560 0.00796469504935
1561 1561 462.519931262
1562 1562 387.416657127
1563 1563 311.808424993
1564 1564 504.219272669
1565 1565 0.00921019909326
1566 1566 85.060945201
1567 1567 231.96446805
1568 1568 0.0090680007896
1569 1569 508.432126567
1570 1570 0.00222440156663
1571 1571 0.00756379038999
1572 1572 523.855805129
1573 1573 273.344620037
1574 1574 332.489434446
1575 1575 472.17675529
1576 1576 284.165857003
1577 1577 617.110915509
1578 1578 300.908433863
1579 1579 125.387234416
1580 1580 415.396216663
1581 1581 236.39918061
1582 1582 44.4796152454
1583 1583 541.180249044
1584 1584 598.125814661
1585 1585 0.00314241211002
1586 1586 496.8649667
1587 1587 544.333124405
1588 1588 257.562308582
1589 1589 622.585871459
1590 1590 60.2594829173
1591 1591 42.8433203013
1592 1592 539.868651195
1593 1593 34.2414427013
1594 1594 500.309773498
1595 1595 28.4878236824
1596 1596 0.00301672478138
1597 1597 104.302554106
1598 1598 40.4419898582
1599 1599 0.00586956753095
1600 1600 179.237236726
1601 1601 54.8347016344
1602 1602 498.375002762
1603 1603 281.102203167
1604 1604 447.356035122
1605 1605 157.333101134
1606 1606 0.00419128992454
1607 1607 0.0093290981857
1608 1608 189.881320989
1609 1609 536.272163333
1610 1610 416.845749379
1611 1611 493.805409114
1612 1612 171.995022728
1613 1613 0.00367934643713
1614 1614 0.000664656802429
1615 1615 538.467077397
1616 1616 0.00511663647404
1617 1617 0.00384977073249
1618 1618 617.280046208
1619 1619 147.51135528
1620 1620 0.00484132960035
1621 1621 413.225273107
1622 1622 258.682302604
1623 1623 460.468196174
1624 1624 0.00384873279665
1625 1625 132.2111474
1626 1626 0.00553506037607
1627 1627 0.00942316859253
1628 1628 0.00951824127684
1629 1629 0.00847019731018
1630 1630 18.7669728185
1631 1631 544.991515415
1632 1632 313.586253922
1633 1633 0.00762056133512
1634 1634 98.869709455
1635 1635 326.798173473
1636 1636 80.5543042512
1637 1637 0.00360257139128
1638 1638 0.00192732610582
1639 1639 293.130477699
1640 1640 0.00237042047288
1641 1641 0.00439050570502
1642 1642 0.00948340794066
1643 1643 183.237007425
1644 1644 207.412252421
1645 1645 351.789703314
1646 1646 250.914674547
1647 1647 398.564424099
1648 1648 50.5069818703
1649 1649 479.020008859
1650 1650 528.402299341
1651 1651 0.00308356125833
1652 1652 551.224086687
1653 1653 274.392803462
1654 1654 55.9427154822
1655 1655 0.00773760865901
1656 1656 0.000184964874143
1657 1657 0.00525567550887
1658 1658 557.019818612
1659 1659 0.00037311797761
1660 1660 46.696709838
1661 1661 0.00890037962774
1662 1662 245.652179488
1663 1663 0.00407043955594
1664 1664 274.94058924
1665 1665 0.00967584833943
1666 1666 427.771359622
1667 1667 0.0096261334362
1668 1668 360.720342033
1669 1669 0.00633386576484
1670 1670 161.067677199
1671 1671 214.391210788
1672 1672 543.522179716
1673 1673 0.00597260806651
1674 1674 267.437160124
1675 1675 0.000301213376448
1676 1676 211.090551976
1677 1677 395.352675481
1678 1678 0.00706607185555
1679 1679 0.00556304786204
1680 1680 361.332675026
1681 1681 311.114185047
1682 1682 496.155103751
1683 1683 0.00371386381283
1684 1684 447.174119729
1685 1685 467.062263615
1686 1686 0.00184364041695
1687 1687 439.535367432
1688 1688 194.607835437
1689 1689 193.007822769
1690 1690 0.00933345784738
1691 1691 581.687674518
1692 1692 471.04157893
1693 1693 319.972055137
1694 1694 236.910860282
1695 1695 0.00233622819198
1696 1696 321.068737341
1697 1697 33.70961455
1698 1698 485.517636677
1699 1699 113.199393937
1700 1700 429.138952459
1701 1701 381.659414444
1702 1702 92.7620485751
1703 1703 516.065884228
1704 1704 426.944216518
1705 1705 346.747201598
1706 1706 0.00501124776617
1707 1707 0.00786704654732
1708 1708 505.607236665
1709 1709 482.177372772
1710 1710 160.446862939
1711 1711 378.181552883
1712 1712 0.00560321136163
1713 1713 614.983905087
1714 1714 209.168171272
1715 1715 391.338718143
1716 1716 0.00074649658091
1717 1717 221.655943634
1718 1718 54.6828948289
1719 1719 467.06273343
1720 1720 218.287933268
1721 1721 343.110466324
1722 1722 221.449962083
1723 1723 618.399911425
1724 1724 550.365824554
1725 1725 401.54333569
1726 1726 406.677139132
1727 1727 81.4850028667
1728 1728 297.529581823
1729 1729 0.00315665348339
1730 1730 0.0093005032492
1731 1731 0.00530130177281
1732 1732 372.696755561
1733 1733 0.00798542969661
1734 1734 0.00373955820761
1735 1735 0.00538143630528
1736 1736 408.080489821
1737 1737 479.164451701
1738 1738 172.572952738
1739 1739 78.4185337685
1740 1740 0.00534763162197
1741 1741 0.00137337335704
1742 1742 195.545315437
1743 1743 60.6603480909
1744 1744 548.320109866
1745 1745 454.545286115
1746 1746 0.00628769470117
1747 1747 513.143800778
1748 1748 0.0062932267264
1749 1749 27.1792262129
1750 1750 336.341105215
1751 1751 370.561011557
1752 1752 510.597696608
1753 1753 470.13026211
1754 1754 425.38193563
1755 1755 181.640838207
1756 1756 96.3512709466
1757 1757 554.264546742
1758 1758 0.00151946681563
1759 1759 0.007039252733
1760 1760 0.0061972102773
1761 1761 226.637639277
1762 1762 98.1475753771
1763 1763 44.3849429748
1764 1764 301.071345216
1765 1765 0.00925767149582
1766 1766 540.777966185
1767 1767 184.83342282
1768 1768 99.6116742073
1769 1769 0.00605880397441
1770 1770 539.767968192
1771 1771 269.2466323
1772 1772 0.00971493784281
1773 1773 515.140587496
1774 1774 198.545518233
1775 1775 0.00620074903664
1776 1776 114.729350731
1777 1777 0.00675286921672
1778 1778 118.429989733
1779 1779 125.703637426
1780 1780 571.730954336
1781 1781 359.521903498
1782 1782 372.7114178
1783 1783 97.4542343405
1784 1784 318.887393321
1785 1785 511.306759076
1786 1786 503.115491304
1787 1787 338.422365333
1788 1788 210.50829978
1789 1789 242.026657919
1790 1790 211.285542845
1791 1791 0.00546182965551
1792 1792 0.008927300179
1793 1793 283.614318367
1794 1794 0.00567856727277
1795 1795 60.3127763906
1796 1796 309.113503303
1797 1797 404.723256254
1798 1798 0.00564614355336
1799 1799 184.893940349
1800 1800 0.00473002777472
1801 1801 187.724282529
1802 1802 0.00933632148013
1803 1803 24.446852227
1804 1804 90.7958919032
1805 1805 466.825046176
1806 1806 77.2423043334
1807 1807 405.029877968
1808 1808 0.00502513215701
1809 1809 0.00345982147658
1810 1810 65.6270607199
1811 1811 0.00139244131581
1812 1812 189.036872119
1813 1813 0.00250333866556
1814 1814 366.714086782
1815 1815 500.743266172
1816 1816 314.265511349
1817 1817 406.165134601
1818 1818 126.770938563
1819 1819 623.112501707
1820 1820 402.853071425
1821 1821 186.469510933
1822 1822 247.763749739
1823 1823 356.740232944
1824 1824 564.139729046
1825 1825 420.419007362
1826 1826 281.618454046
1827 1827 195.97526113
1828 1828 522.502677143
1829 1829 0.00278755864469
1830 1830 218.066962207
1831 1831 514.94549952
1832 1832 287.585664696
1833 1833 614.330336678
1834 1834 24.2474498527
1835 1835 0.00284481140926
1836 1836 0.0053364379445
1837 1837 576.80157148
1838 1838 320.14299634
1839 1839 0.00448226309285
1840 1840 0.00625548960639
1841 1841 483.550515318
1842 1842 0.00254139486923
1843 1843 221.079241539
1844 1844 448.740727168
1845 1845 148.343291774
1846 1846 33.0437477983
1847 1847 571.865669707
1848 1848 547.791134401
1849 1849 120.757467392
1850 1850 577.383504599
1851 1851 256.429775621
1852 1852 25.996669988
1853 1853 21.2927735962
1854 1854 105.802841476
1855 1855 0.00879876635534
1856 1856 139.314343637
1857 1857 424.73393211
1858 1858 392.341041893
1859 1859 615.034794596
1860 1860 353.658033878
1861 1861 102.680278614
1862 1862 269.90526658
1863 1863 611.685731782
1864 1864 270.02752324
1865 1865 460.12506847
1866 1866 299.77667459
1867 1867 0.00483642836526
1868 1868 50.5185394246
1869 1869 447.870547484
1870 1870 152.819542975
1871 1871 97.5220080577
1872 1872 310.498471766
1873 1873 424.273161125
1874 1874 281.849017158
1875 1875 0.00638391737486
1876 1876 67.9436018634
1877 1877 295.258883571
1878 1878 420.649219481
1879 1879 107.855186734
1880 1880 334.191327526
1881 1881 459.855330831
1882 1882 228.404450128
1883 1883 520.711297256
1884 1884 497.268893145
1885 1885 412.019781871
1886 1886 0.00866124964255
1887 1887 0.00599032105648
1888 1888 541.547638175
1889 1889 588.850751338
1890 1890 594.887127827
1891 1891 75.5911977163
1892 1892 152.973154571
1893 1893 575.341563676
1894 1894 0.0020850093706
1895 1895 0.00906704047189
1896 1896 321.070626372
1897 1897 0.00864288322509
1898 1898 511.448425401
1899 1899 48.7149773064
1900 1900 0.0045345173408
1901 1901 380.017900741
1902 1902 532.234285425
1903 1903 560.032060307
1904 1904 206.864185707
1905 1905 355.279381436
1906 1906 0.00444474148255
1907 1907 252.992322221
1908 1908 281.831573155
1909 1909 0.000784474881012
1910 1910 451.822620076
1911 1911 0.00512931538111
1912 1912 326.681916693
1913 1913 289.785792049
1914 1914 370.033608295
1915 1915 542.706648025
1916 1916 325.294985915
1917 1917 555.68605663
1918 1918 562.279737502
1919 1919 375.103193803
1920 1920 0.00321660596869
1921 1921 0.00662945342032
1922 1922 590.206170136
1923 1923 0.00992357571889
1924 1924 384.37909286
1925 1925 0.00132841915301
1926 1926 0.00332945871291
1927 1927 617.786268626
1928 1928 131.829183192
1929 1929 0.00355438840407
1930 1930 0.00924200399585
1931 1931 436.62805728
1932 1932 522.072162762
1933 1933 0.00679462514205
1934 1934 406.647723411
1935 1935 463.098167733
1936 1936 0.00669796396902
1937 1937 0.00546182537097
1938 1938 224.457716868
1939 1939 602.734234608
1940 1940 360.318030151
1941 1941 277.17551455
1942 1942 229.698547928
1943 1943 277.492402339
1944 1944 0.00283916618854
1945 1945 63.2007420299
1946 1946 0.00619256609826
1947 1947 209.923876125
1948 1948 205.585759283
1949 1949 450.071844354
1950 1950 0.00619579564453
1951 1951 75.0796138449
1952 1952 186.492608076
1953 1953 423.051809201
1954 1954 233.721243764
1955 1955 173.429079999
1956 1956 384.70267008
1957 1957 0.0093742601315
1958 1958 477.121510185
1959 1959 589.196740188
1960 1960 539.845979167
1961 1961 337.252401256
1962 1962 409.500593938
1963 1963 0.00783429916162
1964 1964 0.00827704296435
1965 1965 542.592989361
1966 1966 0.00192590310653
1967 1967 361.479404379
1968 1968 498.503124994
1969 1969 0.000538517744837
1970 1970 86.8117359179
1971 1971 0.00678007255073
1972 1972 209.128551613
1973 1973 421.923201906
1974 1974 539.723180029
1975 1975 619.673718827
1976 1976 432.2812019
1977 1977 17.2541078091
1978 1978 245.196566387
1979 1979 539.936771131
1980 1980 325.222162489
1981 1981 123.418820107
1982 1982 484.294137903
1983 1983 216.683390892
1984 1984 0.00740796335399
1985 1985 442.130225321
1986 1986 0.00863254193322
1987 1987 533.239720723
1988 1988 0.00215502024138
1989 1989 0.009736235682
1990 1990 72.4206341935
1991 1991 519.91646135
1992 1992 581.172506145
1993 1993 171.351832148
1994 1994 203.516460831
1995 1995 167.345567874
1996 1996 258.51658318
1997 1997 211.32900711
1998 1998 0.0010939099638
1999 1999 624.437780507
2000 2000 54.6152637592
2001 2001 328.176970835
2002 2002 48.4509273921
2003 2003 537.06544099
2004 2004 262.281382573
2005 2005 489.661274724
2006 2006 198.677359946
2007 2007 347.147080055
2008 2008 273.264648598
2009 2009 0.00546086198402
2010 2010 103.3919688
2011 2011 446.075340637
2012 2012 519.105303557
2013 2013 525.109218741
2014 2014 0.00373714629707
2015 2015 0.00240194764432
2016 2016 0.00182293416582
2017 2017 366.462938435
2018 2018 106.953548419
2019 2019 234.195067989
2020 2020 490.816333896
2021 2021 0.00727317000345
2022 2022 519.248637565
2023 2023 0.00103948608969
2024 2024 0.00859873718852
2025 2025 0.00969714895909
2026 2026 611.651926694
2027 2027 0.00565137539754
2028 2028 57.2851635052
2029 2029 174.78462542
2030 2030 306.525641889
2031 2031 562.005807794
2032 2032 520.338675306
2033 2033 0.00196165514232
2034 2034 231.76210189
2035 2035 7.03284161372
2036 2036 0.000336036378921
2037 2037 411.476790054
2038 2038 0.00949972769314
2039 2039 486.514344658
2040 2040 0.00757113974503
2041 2041 436.731015741
2042 2042 0.00534860615925
2043 2043 0.00300180951339
2044 2044 173.950108976
2045 2045 111.228498402
2046 2046 0.00314355242834
2047 2047 0.0075221422348
2048 2048 565.294829654
2049 2049 511.950938789
2050 2050 0.00998768320659
2051 2051 0.00215217898946
2052 2052 0.00675730467002
2053 2053 606.276244718
2054 2054 212.090070653
2055 2055 618.698111016
2056 2056 289.810583305
2057 2057 318.48896001
2058 2058 86.9846088319
2059 2059 46.2830585328
2060 2060 265.674080145
2061 2061 430.569125197
2062 2062 0.00714823337696
2063 2063 209.431851013
2064 2064 434.112826925
2065 2065 356.467331855
2066 2066 527.679118451
2067 2067 321.967060965
2068 2068 0.00536777923683
2069 2069 243.45411731
2070 2070 0.00851869181143
2071 2071 0.0054997308153
2072 2072 452.197537338
2073 2073 564.609054074
2074 2074 0.00387979719889
2075 2075 485.91681134
2076 2076 0.00760776942313
2077 2077 318.11644562
2078 2078 0.00530786813365
2079 2079 300.649077443
2080 2080 583.152235573
2081 2081 0.00547645884152
2082 2082 0.00324511052037
2083 2083 328.191651988
2084 2084 138.818184974
2085 2085 403.426610043
2086 2086 0.00226244525067
2087 2087 44.0232011924
2088 2088 140.280282931
2089 2089 387.765223502
2090 2090 390.079432998
2091 2091 62.2047529265
2092 2092 0.00636759459056
2093 2093 0.000786182528111
2094 2094 578.265180561
2095 2095 603.531176523
2096 2096 14.9610492867
2097 2097 189.339811053
2098 2098 233.947348539
2099 2099 0.00289645410407
2100 2100 528.244302
2101 2101 449.002757775
2102 2102 0.00371912862066
2103 2103 449.549527996
2104 2104 104.762216522
2105 2105 323.527522615
2106 2106 477.51529383
2107 2107 63.4539138044
2108 2108 0.00235667593973
2109 2109 0.00457800835184
2110 2110 620.00834911
2111 2111 0.000716065458244
2112 2112 490.705423111
2113 2113 540.777893262
2114 2114 497.318981672
2115 2115 355.140904752
2116 2116 240.220236465
2117 2117 519.127297385
2118 2118 0.00209604690897
2119 2119 24.6307513385
2120 2120 258.023605129
2121 2121 515.442997903
2122 2122 0.00287584920799
2123 2123 583.643184797
2124 2124 0.00560777117216
2125 2125 485.158774585
2126 2126 214.168788314
2127 2127 0.00855193562955
2128 2128 402.948587876
2129 2129 624.333626068
2130 2130 112.232300536
2131 2131 99.4785621307
2132 2132 236.840635008
2133 2133 0.0020168840923
2134 2134 419.029024046
2135 2135 0.00117786831635
2136 2136 0.00940118675819
