1 1 3933.39497004
2 2 8.84601206968e-05
3 3 728.725315246
4 4 4.78620352779e-05
5 5 8.82305912345e-05
6 6 2.23243560803e-05
7 7 4.60297971309e-05
8 8 9.74556895105e-05
9 9 8.15642071237e-05
10 10 5.90878666765e-05
11 11 3.70004720577e-05
12 12 7.36698375894e-05
13 13 4.86341371153e-05
14 14 3.17171920272e-05
15 15 5.81965755894e-05
16 16 1519.63122819
17 17 1.66017901641e-05
18 18 1358.17903612
19 19 1.82064130284e-05
20 20 2.14333701318e-05
21 21 9.4877286537e-05
22 22 5476.33914748
23 23 4.72161757542e-05
24 24 5.10358862528e-05
25 25 9.51531819015e-05
26 26 4.64577484921e-05
27 27 3090.08640883
28 28 7.73477151491e-05
29 29 4.64152025627e-05
30 30 2085.31821799
31 31 9.68603977079e-06
32 32 7.10102009799e-06
33 33 7.26239643307e-05
34 34 3584.59070144
35 35 1996.52325158
36 36 3.94837319408e-05
37 37 8.28156716898e-05
38 38 3.08214695561e-06
39 39 3721.31382369
40 40 5506.02413563
41 41 4.07593695199e-05
42 42 8.70428343376e-05
43 43 2.81486615726e-05
44 44 8.88881591095e-05
45 45 5.46163829589e-05
46 46 9.08068155135e-05
47 47 133.315183328
48 48 8.953459322e-05
49 49 7.99168698497e-05
50 50 1426.41547575
51 51 5.14842870607e-05
52 52 7.05577979957e-05
53 53 2695.69714238
54 54 2.66982736751e-05
55 55 4344.7700468
56 56 2409.97279923
57 57 7.61963801235e-05
58 58 6.57087926094e-06
59 59 6.51286947826e-07
60 60 9.24683286037e-05
61 61 5.38220285882e-05
62 62 6.649898568e-05
63 63 5.88184169622e-05
64 64 23.942779056
65 65 6.59201047797e-05
66 66 4.781857746e-05
67 67 2.93633951166e-05
68 68 6.81866926749e-05
69 69 9.58233540638e-05
70 70 170.667677499
71 71 5.03874119943e-05
72 72 5.16700949176e-05
73 73 1962.55117626
74 74 3.058924938e-05
75 75 5.56545136951e-05
76 76 8.83549644315e-05
77 77 7.49401643746e-05
78 78 5.53305718016e-07
79 79 4299.23448727
80 80 6.27700841338e-05
81 81 8.34292138264e-05
82 82 9.5247458366e-05
83 83 2.28939065694e-05
84 84 265.268169353
85 85 8.79106821898e-05
86 86 1.87803693944e-05
87 87 7.02474791394e-05
88 88 3863.18850587
89 89 1017.5639572
90 90 2325.30844388
91 91 4168.19432493
92 92 6.06293595408e-05
93 93 3.51058171345e-07
94 94 9.06508332316e-06
95 95 3.99238069766e-05
96 96 3.46158756304e-05
97 97 3.08499218526e-05
98 98 3.02091138102e-05
99 99 2.19577347072e-05
100 100 5.0284742879e-05
101 101 5.74778936375e-05
102 102 2.16557262911e-05
103 103 4891.44126245
104 104 4430.14022951
105 105 3735.47886994
106 106 8.7327443008e-05
107 107 3.87486911341e-05
108 108 5.19064451548e-05
109 109 7.34046546013e-06
110 110 5.89596702969e-05
111 111 9.94358486518e-05
112 112 2978.46691243
113 113 1.8713255054e-06
114 114 5504.67537523
115 115 2648.2716812
116 116 2.34643797193e-05
117 117 2.43031595873e-05
118 118 7.68563507713e-05
119 119 9.55840281687e-05
120 120 7.85299272154e-05
121 121 1.02938023766e-05
122 122 1.72487320476e-05
123 123 9.25510516078e-05
124 124 541.389047504
125 125 7.39151706549e-05
126 126 5481.03031361
127 127 9.89909265864e-05
128 128 2550.5848842
129 129 9.61021999888e-05
130 130 7.78862858464e-05
131 131 6.59083521932e-05
132 132 9.80329926191e-05
133 133 2662.67730543
134 134 5548.17914182
135 135 4.07749467614e-05
136 136 5.54533147697e-05
137 137 717.062770984
138 138 7.91131845509e-05
139 139 9.05628852821e-05
140 140 5.03537927833e-05
141 141 2589.47853908
142 142 5.31220580984e-05
143 143 3694.53047871
144 144 1978.74636652
145 145 6.03889661743e-05
146 146 4.99915102141e-05
147 147 8.08725187706e-05
148 148 7.94325677408e-05
149 149 5.64739772296e-05
150 150 6.67973376848e-05
151 151 3.28811317546e-05
152 152 5407.88229399
153 153 3264.82612947
154 154 2.08536391888e-05
155 155 7.20385757278e-05
156 156 4840.74605539
157 157 593.774189516
158 158 1.05141966719e-05
159 159 4422.2273278
160 160 5473.99161407
161 161 3.87969785151e-05
162 162 8.41786908264e-05
163 163 3.74555887883e-05
164 164 1804.61318842
165 165 8.02712229676e-05
166 166 8.1951863913e-05
167 167 6.63224194117e-05
168 168 5319.9603375
169 169 6.82902215634e-07
170 170 8.59428335024e-05
171 171 8.46026093906e-05
172 172 8.10307895523e-05
173 173 5121.91391376
174 174 1.91987885436e-08
175 175 5158.31346518
176 176 5.10408219569e-05
177 177 7.85000959171e-05
178 178 3.31109484417e-05
179 179 2036.61133114
180 180 9.87431634637e-05
181 181 9.48774431065e-05
182 182 1.3938559525e-05
183 183 2793.42780936
184 184 8.31808758688e-05
185 185 6.41857713726e-05
186 186 2.89703106242e-05
187 187 5.61203154252e-05
188 188 3175.20156553
189 189 5.02269618127e-05
190 190 1.09967509041e-05
191 191 1754.01489412
192 192 5.7498499632e-05
193 193 9.13736275413e-05
194 194 7.0979295105e-05
195 195 9.75933215874e-05
196 196 4550.33377128
197 197 7.58156891035e-05
198 198 422.79748449
199 199 6.80767779927e-05
200 200 1749.77263736
201 201 8.73121022505e-05
202 202 6.6830916083e-05
203 203 8.74899419619e-05
204 204 3406.1888584
205 205 7.47245871063e-05
206 206 8.91283658725e-05
207 207 7.40862720985e-05
208 208 7.51177674037e-05
209 209 5.64154445707e-05
210 210 8.04434022986e-06
211 211 1890.77640353
212 212 9.72111871961e-05
213 213 7.86164793247e-05
214 214 1.51450072414e-05
215 215 2553.88787936
216 216 6.78268207237e-05
217 217 2.52361381056e-05
218 218 3.05055735861e-06
219 219 5138.9468176
220 220 6.60566733668e-05
221 221 8.88702416776e-05
222 222 5.08424777744e-05
223 223 4863.37509636
224 224 1780.52875084
225 225 3657.27377745
226 226 2.90276387443e-05
227 227 9.92336239137e-05
228 228 8.20589305443e-06
229 229 3801.49967797
230 230 6.78369195005e-05
231 231 6.92345351557e-06
232 232 9.25283702452e-05
233 233 1.5967253974e-05
234 234 8.8837412765e-06
235 235 1.64431170751e-05
236 236 6.48444775925e-05
237 237 9.69730763034e-05
238 238 4.05387169039e-05
239 239 9.72026099582e-05
240 240 7.58381371345e-05
241 241 3926.62490358
242 242 3384.49675396
243 243 3.5469055913e-05
244 244 1178.60068244
245 245 1.61079980634e-05
246 246 6.92813643223e-05
247 247 7.07229969976e-05
248 248 224.756581857
249 249 2.52379276398e-05
250 250 401.821842278
251 251 2326.65475521
252 252 5.46061146432e-05
253 253 2.44073807724e-05
254 254 2.37250464655e-06
255 255 9.69945783478e-06
256 256 5563.97866027
257 257 9.46286813324e-05
258 258 6.09275531675e-05
259 259 2578.69930973
260 260 2741.74096762
261 261 3.75990590873e-05
262 262 630.431817203
263 263 4.20321614282e-05
264 264 4869.02084646
265 265 9.0738309762e-05
266 266 8.74134363543e-05
267 267 5.80835713481e-05
268 268 9.42590496916e-05
269 269 7.13326232268e-05
270 270 5.59381885803e-05
271 271 3956.52838017
272 272 212.598231252
273 273 5.36616225885e-05
274 274 3.05202030671e-05
275 275 4654.87079389
276 276 3186.67111013
277 277 4.20094264276e-05
278 278 9.62725109338e-05
279 279 3677.60403851
280 280 8.8957323401e-05
281 281 4674.55886761
282 282 1.36333505639e-05
283 283 6.19968177148e-05
284 284 4100.12325427
285 285 6.09192280962e-05
286 286 3.45263159844e-06
287 287 5.11443350797e-05
288 288 2219.06295365
289 289 6.00733760745e-05
290 290 3.12533246725e-05
291 291 3.55659220356e-05
292 292 9.56131995058e-05
293 293 5.78922331094e-05
294 294 8.9312411426e-05
295 295 3.79760131068e-05
296 296 3312.80277773
297 297 8.98628537219e-05
298 298 4985.32117385
299 299 5.4155443744e-05
300 300 6.56441327907e-05
301 301 3.88893688794e-05
302 302 9.97095442562e-05
303 303 8.18969244327e-05
304 304 5547.13680565
305 305 7.74358539249e-05
306 306 6.02734983208e-05
307 307 5.85279868197e-05
308 308 5.87951693435e-05
309 309 4.39372804586e-05
310 310 2208.29885782
311 311 4114.12674391
312 312 8.63853566451e-05
313 313 4.68799614723e-05
314 314 5.30467145004e-05
315 315 1.24440976915e-05
316 316 5.49497323182e-05
317 317 7.52196359861e-05
318 318 4.67223034901e-05
319 319 9.64227731672e-05
320 320 9.90031339519e-05
321 321 1.54679384157e-05
322 322 6.14416923269e-05
323 323 3916.11804886
324 324 4.50715240151e-05
325 325 569.539583477
326 326 764.552613973
327 327 3480.60232002
328 328 3775.84655372
329 329 5.69781724103e-05
330 330 3.46326497853e-05
331 331 2.42247551547e-05
332 332 1937.53905008
333 333 1631.98406152
334 334 108.493756093
335 335 4.23429511696e-05
336 336 701.998784073
337 337 3.98111740542e-05
338 338 6.76119230236e-05
339 339 8.68916869479e-05
340 340 8.28651420834e-05
341 341 2.35505584091e-06
342 342 4485.97644711
343 343 771.896930587
344 344 2.45388294802e-05
345 345 4.12397418592e-05
346 346 6.85151964075e-05
347 347 2367.09128237
348 348 1.89811907758e-05
349 349 2.75648453397e-05
350 350 1954.40700092
351 351 5.26483444815e-05
352 352 3.74131620561e-05
353 353 3.18657576594e-05
354 354 1060.21107419
355 355 5.72488762466e-05
356 356 2.53296308318e-05
357 357 4.73231745121e-05
358 358 2.60628731783e-05
359 359 8.7153267508e-05
360 360 1.44024531699e-05
361 361 2.31566366172e-05
362 362 113.14067302
363 363 5.6277279633e-05
364 364 6.5899722662e-07
365 365 53.3499856891
366 366 4631.48036735
367 367 985.942521981
368 368 6.99716623831e-06
369 369 91.7684662953
370 370 2382.6684282
371 371 1.47564392036e-05
372 372 7.86085123671e-05
373 373 1226.92554575
374 374 4.15621511605e-05
375 375 5361.40524872
376 376 4.20180251845e-05
377 377 4601.23336335
378 378 3.24681197707e-05
379 379 1812.32787392
380 380 4344.29900442
381 381 9.58930883289e-05
382 382 7.17767150008e-05
383 383 8.91890401499e-05
384 384 2.1826841204e-05
385 385 9.85892717951e-05
386 386 3.99925788738e-05
387 387 3.08332697803e-05
388 388 5340.71004162
389 389 3.2380764883e-06
390 390 1.80245178893e-05
391 391 1547.33677333
392 392 250.333123538
393 393 8.94772373728e-05
394 394 6.62798334549e-05
395 395 1.98921035426e-05
396 396 9.22771493482e-06
397 397 6.83480641385e-05
398 398 2.47517708201e-05
399 399 8.46673337615e-05
400 400 3.70895507225e-05
401 401 1.30266615281e-05
402 402 7.29939258274e-05
403 403 6.428486923e-05
404 404 3.86534207435e-05
405 405 2863.16459971
406 406 2.07760559741e-05
407 407 2.72101103518e-05
408 408 929.075735323
409 409 1.29774480728e-06
410 410 5501.16409264
411 411 2.98796678443e-06
412 412 2790.5499119
413 413 3.82728704528e-05
414 414 742.236246146
415 415 3.52972924532e-05
416 416 6.08616932528e-05
417 417 6.94609184157e-05
418 418 6.08933638768e-05
419 419 1818.11990925
420 420 2057.85939476
421 421 6.93826617497e-05
422 422 8.71324222636e-05
423 423 3414.2855228
424 424 2.742285741e-05
425 425 3550.35926419
426 426 8.37956650018e-06
427 427 7.28974247902e-05
428 428 1777.2544762
429 429 7.71686252054e-05
430 430 3.69581815153e-05
431 431 7.6242450928e-05
432 432 7.08982335378e-05
433 433 7.41566224951e-06
434 434 3.07903190778e-05
435 435 1065.08158188
436 436 6.76610400997e-05
437 437 4.1184480707e-05
438 438 7.33673485109e-05
439 439 1.62578644008e-05
440 440 2.79275171851e-05
441 441 1.89931438735e-05
442 442 1.09503629293e-05
443 443 8.97013776405e-05
444 444 3.85401326451e-05
445 445 7.84039276995e-05
446 446 5.41957059003e-05
447 447 9.7703256358e-07
448 448 1.78939876981e-05
449 449 2.52754953445e-05
450 450 5557.43377429
451 451 6.84518965238e-05
452 452 6.41501110839e-05
453 453 87.0059681652
454 454 2.38536378098e-05
455 455 5617.60020746
456 456 3.99187274207e-05
457 457 6.76054252829e-05
458 458 2.96273736124e-05
459 459 3284.25125032
460 460 493.923186067
461 461 6.52974018849e-05
462 462 1.91615547845e-05
463 463 2.80994804437e-05
464 464 8.68480541493e-05
465 465 2.68192444579e-06
466 466 801.390830557
467 467 3398.15414467
468 468 1.86813924039e-05
469 469 4.08641024635e-05
470 470 9.81049780183e-05
471 471 3332.0062496
472 472 9.81464787395e-05
473 473 3.9877821148e-05
474 474 1.06817431051e-05
475 475 5317.42103094
476 476 3.44065997558e-05
477 477 4.11817596016e-05
478 478 4.44025674314e-05
479 479 9.20563777607e-05
480 480 2288.79730404
481 481 4.3782375951e-05
482 482 1151.38201215
483 483 5.99737719089e-06
484 484 313.325917484
485 485 5.80008993683e-05
486 486 2679.71454506
487 487 2126.25425179
488 488 2.16012830976e-05
489 489 4.16000938631e-05
490 490 1.55194127543e-05
491 491 8.34464121604e-05
492 492 6.66262012642e-05
493 493 6.44285107702e-05
494 494 8.53639717137e-05
495 495 4.32343214862e-05
496 496 2.41053402098e-06
497 497 1.27627582198e-05
498 498 2.21849305412e-05
499 499 2.81608957311e-05
500 500 1018.88761107
501 501 5424.27462189
502 502 6.30607878291e-07
503 503 7.77583546627e-05
504 504 5.30374923324e-05
505 505 1.55146187117e-05
506 506 5.66421219874e-05
507 507 2.21481507054e-05
508 508 7.81184437513e-06
509 509 5.07075167887e-05
510 510 4.62921501353e-07
511 511 3.73660565507e-05
512 512 990.297638027
513 513 2.70427077947e-06
514 514 2.02435660495e-06
515 515 7.02052793302e-05
516 516 124.723976197
517 517 5.68268419571e-05
518 518 4153.24026678
519 519 2244.55253273
520 520 8.89772214717e-06
521 521 7.44504500938e-05
522 522 2.65857250679e-05
523 523 1.54360440968e-05
524 524 9.77002226547e-05
525 525 5.46124434286e-06
526 526 1.19668465001e-05
527 527 5.84547441416e-05
528 528 1.10468189435e-05
529 529 6.8335496453e-06
530 530 9.34999477238e-06
531 531 5.77316204355e-05
532 532 2600.02715101
533 533 8.62685221e-05
534 534 1484.44081194
535 535 1.0862870499e-05
536 536 5.00672582543e-05
537 537 4375.41540473
538 538 9.59492378658e-05
539 539 9.38844616815e-05
540 540 1.91331056386e-05
541 541 3.02533359805e-05
542 542 3714.51198782
543 543 5.37391124117e-05
544 544 2.57889134303e-05
545 545 9.58163806704e-05
546 546 6.16488509439e-05
547 547 2655.77276832
548 548 3.70189820132e-05
549 549 1.83771639923e-05
550 550 851.905100478
551 551 6.75400024097e-05
552 552 2.24746229358e-05
553 553 1728.42575635
554 554 7.42176858791e-05
555 555 1753.31546714
556 556 4.65765457573e-05
557 557 9.93705122514e-05
558 558 8.71778324427e-06
559 559 7.55583716305e-05
560 560 1.94462270726e-05
561 561 7.93549332419e-05
562 562 5.12527658138e-05
563 563 5.71432666064e-05
564 564 2673.82872395
565 565 3499.99944196
566 566 3737.12817773
567 567 5461.205031
568 568 9.99476660539e-05
569 569 5.7525083586e-05
570 570 377.250104647
571 571 8.41413096966e-05
572 572 6.87117994618e-05
573 573 8.83490591225e-06
574 574 3.57185893017e-05
575 575 7.55272831636e-05
576 576 2.93984859742e-05
577 577 9.23997113525e-05
578 578 6.63670021487e-05
579 579 9.85314427454e-05
580 580 2707.41963505
581 581 4.23125034702e-06
582 582 5.43827911636e-05
583 583 9.36837138148e-05
584 584 9.6480766421e-05
585 585 838.191372702
586 586 1.32672841267e-05
587 587 741.206881006
588 588 4.27728797743e-05
589 589 3.94832685972e-05
590 590 8.49061892496e-05
591 591 5.80173702457e-05
592 592 9.09300535485e-05
593 593 7.06968987896e-07
594 594 8.07023211322e-05
595 595 923.201011026
596 596 5.34814997231e-05
597 597 5.91800470206e-05
598 598 2.12043298331e-05
599 599 1294.81028337
600 600 8.88487273956e-06
601 601 2.37151957227e-05
602 602 6.37699816327e-05
603 603 7.23153411818e-07
604 604 3.35981622096e-05
605 605 1024.09183666
606 606 7.17814631653e-05
607 607 2126.69577961
608 608 5309.83428195
609 609 3.66282353838e-05
610 610 6.59668891758e-05
611 611 8.91106074182e-05
612 612 9.61833614065e-05
613 613 4.24297794283e-06
614 614 8.7785549091e-05
615 615 1.19727005029e-05
616 616 2806.94147494
617 617 1512.75818605
618 618 9.83806657159e-05
619 619 3.60411108155e-05
620 620 3049.14352287
621 621 2.61759731428e-05
622 622 2.77729912503e-05
623 623 3790.22145704
624 624 3.95844877177e-05
625 625 4763.93894236
626 626 6.54668011016e-05
627 627 7.91078664424e-05
628 628 4367.1908798
629 629 1.16804789145e-06
630 630 7.96752462533e-06
631 631 4369.66474563
632 632 5.2795797916e-05
633 633 9.72287740293e-05
634 634 2.04868255747e-05
635 635 4.67855944672e-05
636 636 1116.57889588
637 637 3021.45493527
638 638 8.1824975238e-05
639 639 4.0409180347e-05
640 640 3.54204475029e-05
641 641 2.86662102874e-05
642 642 3686.91006454
643 643 8.22100414409e-05
644 644 7.79603233219e-05
645 645 4.87850676132e-05
646 646 3617.91368934
647 647 6.88266460768e-05
648 648 7.25991084596e-05
649 649 1.58288674068e-05
650 650 1.47968712088e-05
651 651 1.29275192982e-05
652 652 4015.33054655
653 653 6.44477217607e-05
654 654 4751.17459426
655 655 4.10854801775e-05
656 656 5528.02732792
657 657 5.33885088823e-05
658 658 4.26335836953e-05
659 659 5487.74373084
660 660 6.92589784475e-05
661 661 1953.71369037
662 662 9.27863175241e-05
663 663 3701.24506709
664 664 3.1176666681e-05
665 665 2.02118542534e-05
666 666 7.6714249949e-05
667 667 1.23854197242e-05
668 668 7.237061208e-05
669 669 8.68200993377e-05
670 670 4.79196079938e-05
671 671 7.71142194575e-05
672 672 1.07487786809e-05
673 673 6.10250280529e-05
674 674 1.55336468446e-05
675 675 9.31246787596e-05
676 676 773.40398403
677 677 5.58963819735e-05
678 678 4.28018613199e-06
679 679 8.80070588139e-05
680 680 9.57262186926e-05
681 681 7.24664699166e-05
682 682 4686.90397011
683 683 1.8393893588e-05
684 684 1563.71659917
685 685 5.99774905883e-05
686 686 2265.38215118
687 687 2.93494302533e-05
688 688 3964.19941641
689 689 1.77341605303e-05
690 690 7.20837582612e-05
691 691 5.39989880677e-05
692 692 5.60663585659e-05
693 693 5.92881471221e-05
694 694 2.50713864921e-07
695 695 3232.20049441
696 696 1050.0130583
697 697 760.801583977
698 698 2.32257727855e-05
699 699 693.011573427
700 700 3.21071285655e-05
701 701 1.54324877311e-06
702 702 4.0215425499e-05
703 703 7.94298451258e-05
704 704 6.52024980191e-05
705 705 3.86085453525e-05
706 706 2.41402161665e-05
707 707 6.07817022225e-05
708 708 4.15753763878e-05
709 709 4.81918827145e-05
710 710 6.39032946619e-05
711 711 3803.52754691
712 712 3.4528410432e-05
713 713 4.2755105528e-05
714 714 2.53070878149e-05
715 715 7.43663377005e-05
716 716 8.61759770348e-05
717 717 9.35247530962e-05
718 718 1.0769051716e-05
719 719 4.29206214002e-05
720 720 2.77751983734e-05
721 721 5.83396520659e-05
722 722 4.46145934569e-05
723 723 1582.43492582
724 724 4894.39836072
725 725 2.17154096819e-05
726 726 7.50823093007e-05
727 727 8.36839024904e-05
728 728 7.96385561442e-06
729 729 6.1898063783e-05
730 730 4.56695294416e-05
731 731 4.56022599246e-05
732 732 2527.61945038
733 733 5.01548257622e-05
734 734 1.89581658973e-05
735 735 3.90375554308e-05
736 736 1.18755752509e-05
737 737 5.22163964321e-05
738 738 4985.07562826
739 739 2.9423134426e-06
740 740 1.1130012094e-05
741 741 6.33437546239e-05
742 742 5.89780837812e-05
743 743 2.65748380347e-05
744 744 6.30036331803e-05
745 745 9.5630563492e-05
746 746 8.61815123029e-05
747 747 7.91331624588e-05
748 748 4019.74231388
749 749 4082.75820542
750 750 3.3070305174e-05
751 751 9.89001727124e-05
752 752 3.98756078671e-05
753 753 7.20439785442e-05
754 754 5.42918536539e-05
755 755 7.24969942836e-05
756 756 641.076284153
757 757 5.29913391066e-05
758 758 7.30858803376e-06
759 759 4951.93372394
760 760 6.06047542902e-05
761 761 1859.49679054
762 762 7.62181125496e-05
763 763 4.63615321998e-05
764 764 2987.49645393
765 765 9.35755419823e-05
766 766 8.33063132167e-07
767 767 4775.68484282
768 768 6.65450249952e-05
769 769 3137.25786402
770 770 1501.45250608
771 771 3579.176287
772 772 1.65467727764e-05
773 773 7.39346313705e-05
774 774 6.99761998966e-05
775 775 3.33226166248e-05
776 776 3890.39917617
777 777 3.34865812089e-05
778 778 9.38341303179e-05
779 779 5471.37751127
780 780 9.07889029177e-05
781 781 4.07953321916e-06
782 782 1205.14241864
783 783 2447.54452054
784 784 4995.18417411
785 785 1.67581971046e-05
786 786 3.80717981944e-05
787 787 9.78247873521
788 788 3.9173668169e-05
789 789 3745.94951104
790 790 6.70318678841e-05
791 791 5.27026659308e-05
792 792 1.25274139298e-05
793 793 5.73084572589e-05
794 794 2.49134127343e-05
795 795 6.6067547182e-05
796 796 6.09749587165e-05
797 797 9.52714221259e-05
798 798 1.26482856594e-05
799 799 5.97914464168e-05
800 800 8.22919890003e-05
801 801 2.15191131985e-05
802 802 5.70454579837e-05
803 803 9.55521667801e-05
804 804 4.72343182755e-05
805 805 983.866763749
806 806 624.514644189
807 807 1.19044957322e-05
808 808 2996.51385102
809 809 8.98463478592e-05
810 810 3.52857299017e-05
811 811 8.9343413385e-05
812 812 5.36798381773e-05
813 813 1.37599118564e-06
814 814 6.58285083697e-05
815 815 5.16118791016e-05
816 816 3.04137300911e-05
817 817 7.83137582595e-05
818 818 7.10086107564e-05
819 819 6.06283419577e-05
820 820 6.92024854077e-05
821 821 6.94760575435e-05
822 822 3.19991880672e-05
823 823 1.87324831671e-05
824 824 4.81693845405e-05
825 825 9.43736721572e-05
826 826 6.68898777512e-05
827 827 7.86604494448e-06
828 828 3.35947201717e-05
829 829 7.96986516461e-05
830 830 7.30813122833e-05
831 831 2499.16311024
832 832 2333.85054847
833 833 2545.77642377
834 834 1.84352517209e-05
835 835 1.56646848522e-05
836 836 9.25342496829e-05
837 837 7.63074096307e-05
838 838 4.43826132311e-05
839 839 790.613471264
840 840 4.2772819871e-06
841 841 7.92977385079e-05
842 842 4857.44170415
843 843 5467.03580748
844 844 3.09978294567e-05
845 845 9.99283016246e-05
846 846 7.8415262283e-05
847 847 2279.29043443
848 848 2002.62970468
849 849 5.59729986777e-05
850 850 2.38553694025e-05
851 851 4007.44312727
852 852 2.26197931546e-05
853 853 9.11427834737e-05
854 854 3.80147632452e-05
855 855 8.46878362244e-05
856 856 9.79690924746e-05
857 857 2.7267791285e-05
858 858 1.31239273845e-05
859 859 597.009803501
860 860 2990.99693768
861 861 1437.72363318
862 862 8.53266207161e-05
863 863 3.96046960832e-05
864 864 1843.65176594
865 865 9.43276191715e-05
866 866 2.66061434627e-05
867 867 3.81344351414e-05
868 868 4964.37191691
869 869 3.75400659105e-05
870 870 1.50338617541e-05
871 871 6.88465500314e-05
872 872 3106.12495075
873 873 2230.66763925
874 874 4832.43070843
875 875 9.19992436779e-05
876 876 3141.60300506
877 877 9.16603424642e-05
878 878 6.40793965451e-05
879 879 1.89678873429e-06
880 880 4.84623129777e-05
881 881 1.37049647694e-05
882 882 4453.73385086
883 883 8.01999664363e-05
884 884 2.706798257e-06
885 885 4.78809862503e-05
886 886 5.24294120745e-05
887 887 4.9460816341e-05
888 888 6.25180870448e-07
889 889 3.40088671684e-05
890 890 1889.26768006
891 891 4.10297271593e-05
892 892 4037.88137491
893 893 4907.67192245
894 894 2.00229612904e-05
895 895 3785.38039946
896 896 4.14034151267e-06
897 897 5.42956178532e-05
898 898 2017.02457004
899 899 8.66377738493e-05
900 900 6.734642383e-05
901 901 1.20886674614e-05
902 902 1854.55004913
903 903 1209.55602982
904 904 2.638940215e-05
905 905 9.74837564135e-05
906 906 1.35906529095e-05
907 907 3.38601782729e-05
908 908 4.15329859678e-06
909 909 2799.63100352
910 910 2.10013066211e-05
911 911 2.57051143331e-07
912 912 4.97117838991e-05
913 913 3045.0879736
914 914 1770.28121506
915 915 4604.53258018
916 916 3.53903382255e-05
917 917 3.9501397552e-05
918 918 5.70212667953e-05
919 919 4.25693390556e-07
920 920 8.22424963884e-05
921 921 9.063166273e-05
922 922 4916.81159771
923 923 9.96464216828e-05
924 924 3946.82155441
925 925 8.79048336152e-05
926 926 3449.30008703
927 927 4.43921888207e-05
928 928 7.58453224705e-05
929 929 9.00088230184e-06
930 930 2.18619981278e-05
931 931 9.03630037104e-05
932 932 3805.945599
933 933 5.19231941887e-05
934 934 6.62090360449e-05
935 935 5.38987624135e-05
936 936 5.76290208901e-05
937 937 9.07169109133e-05
938 938 5.95165262157e-05
939 939 9.27630449825e-06
940 940 1540.267552
941 941 2.47861489162e-05
942 942 8.51740388044e-05
943 943 4318.77798016
944 944 3945.23570499
945 945 2554.2456066
946 946 1.71189008007e-05
947 947 599.587804097
948 948 4.20574507167e-05
949 949 5121.75627341
950 950 8.93444050653e-05
951 951 2.84487080766e-05
952 952 1623.60953704
953 953 6.62339533638e-05
954 954 7.0012809596e-05
955 955 4506.67915437
956 956 1.34775556781e-05
957 957 7.98120535168e-05
958 958 3.51365658095e-05
959 959 3450.10967808
960 960 5.33082335656e-05
961 961 8.05579017235e-05
962 962 1.66926589033e-06
963 963 5.03715508819e-05
964 964 3.40823253299e-06
965 965 1175.01149548
966 966 9.87920524906e-05
967 967 4.19750055025e-05
968 968 3.48107958125e-05
969 969 8.45335557918e-05
970 970 7.5726223343e-05
971 971 3.74684989357e-05
972 972 5.52517260043e-05
973 973 1.17538356409e-05
974 974 8.11676722875e-05
975 975 9.16179496727e-06
976 976 5.92990541522e-07
977 977 7.71083169298e-05
978 978 2199.3934544
979 979 6.85243326628e-05
980 980 7.71867302497e-06
981 981 9.46040920801e-05
982 982 1365.81693582
983 983 4.53633391957e-05
984 984 5281.16755043
985 985 2.00034244411e-05
986 986 1809.34864472
987 987 3.7354146003e-05
988 988 7.45489122188e-05
989 989 7.16523893103e-05
990 990 8.68501031536e-05
991 991 3.51345030943e-05
992 992 9.04675382557e-05
993 993 598.156914849
994 994 1664.60052884
995 995 5.81924984295e-05
996 996 4.37086373618e-05
997 997 5084.09863084
998 998 3.39144735893e-05
999 999 5.7090370265e-06
1000 1000 4057.14118607
1001 1001 9.51260961168e-07
1002 1002 8.01474553515e-05
1003 1003 1006.73499476
1004 1004 5.50207090121e-06
1005 1005 4885.67653605
1006 1006 6.46894457553e-05
1007 1007 1.33350426654e-05
1008 1008 2.53609702601e-05
1009 1009 3.66919109286e-06
1010 1010 1.82218720763e-05
1011 1011 8.74213260767e-05
1012 1012 2.98658479894e-05
1013 1013 3694.98692723
1014 1014 4975.02852579
1015 1015 1.70509018745e-05
1016 1016 8.30813463314e-05
1017 1017 3.74141729967e-05
1018 1018 4.57257810217e-05
1019 1019 2180.8744916
1020 1020 6.12357628676e-06
1021 1021 4.88127856374e-05
1022 1022 6.36238606196e-06
1023 1023 4065.61617113
1024 1024 9.34442607744e-05
1025 1025 496.100697993
1026 1026 2.75437079697e-05
1027 1027 2692.9781483
1028 1028 5.9635462932e-05
1029 1029 8.67752071266e-05
1030 1030 4438.27291073
1031 1031 5.17859240062e-05
1032 1032 4191.68875479
1033 1033 5003.20157017
1034 1034 7.12242424942e-05
1035 1035 4.57644743924e-05
1036 1036 4403.96012958
1037 1037 648.844942545
1038 1038 9.85543117252e-05
1039 1039 4400.86230158
1040 1040 7.08127959414e-05
1041 1041 9.20054425294e-05
1042 1042 2.65865010158e-05
1043 1043 8.36658249956e-05
1044 1044 1561.00024947
1045 1045 3.78836055646e-05
1046 1046 6.91811361515e-05
1047 1047 565.942943531
1048 1048 9.1194898477e-05
1049 1049 1.14400634245e-05
1050 1050 2.43183414357e-06
1051 1051 1.23950487333e-05
1052 1052 9.64189670783e-05
1053 1053 2717.96470954
1054 1054 6.88296369655e-05
1055 1055 8.68396566718e-05
1056 1056 2.18987661925e-05
1057 1057 5.63608141181e-06
1058 1058 3.50304668035e-05
1059 1059 3.632486502e-05
1060 1060 2167.72965954
1061 1061 3482.57311195
1062 1062 3.5993106281e-05
1063 1063 1.71054463649e-05
1064 1064 291.828470425
1065 1065 3840.47541186
1066 1066 8.723506457e-05
1067 1067 3.87150255407e-05
1068 1068 1044.82680849
1069 1069 8.71260606088e-05
1070 1070 9.39186111886e-05
1071 1071 9.36276990882e-05
1072 1072 2.18250435007e-06
1073 1073 2901.9457071
1074 1074 5178.34781699
1075 1075 2.88488834721e-05
1076 1076 7.86076890721e-05
1077 1077 4.26460764131e-05
1078 1078 869.856155903
1079 1079 933.369741471
1080 1080 4496.05633563
1081 1081 2605.34500779
1082 1082 1.74155320667e-05
1083 1083 551.491124744
1084 1084 6.35188480755e-06
1085 1085 2.55049397952e-05
1086 1086 2557.81236391
1087 1087 3.0563330011e-05
1088 1088 5.51625792928e-05
1089 1089 9.98350737652e-05
1090 1090 123.107395046
1091 1091 4.86386825553e-05
1092 1092 8.03405442164e-05
1093 1093 363.575048778
1094 1094 1072.93539459
1095 1095 5.66874008746e-05
1096 1096 2.26114471986e-05
1097 1097 1177.40409489
1098 1098 7.92439428216e-05
1099 1099 6.05587832192e-05
1100 1100 4.64482029483e-05
1101 1101 8.32873469871e-05
1102 1102 5.92536498454e-05
1103 1103 4083.55859971
1104 1104 8.45067739407e-05
1105 1105 7.37084112873e-05
1106 1106 9.42691680917e-05
1107 1107 5275.94313377
1108 1108 3.80715784572e-05
1109 1109 5504.72722593
1110 1110 2.7773868515e-05
1111 1111 3019.74404286
1112 1112 2510.76756237
1113 1113 7.29078865288e-05
1114 1114 4.2121624623e-05
1115 1115 2.32430457235e-05
1116 1116 9.18125189644e-05
1117 1117 1.90040010186e-05
1118 1118 1568.64175401
1119 1119 1.91344277062e-05
1120 1120 4917.84085705
1121 1121 423.130396758
1122 1122 1.83262984866e-05
1123 1123 8.79493832707e-05
1124 1124 2.22074828746e-05
1125 1125 4.89850654528e-05
1126 1126 5.30340060248e-05
1127 1127 8.67154722602e-05
1128 1128 8.56934953795e-05
1129 1129 7.30183117133e-05
1130 1130 6.99947078062e-05
1131 1131 5.40325911444e-05
1132 1132 5395.2839646
1133 1133 8.01412168026e-05
1134 1134 4321.00851682
1135 1135 1.22211549529e-05
1136 1136 4.48440566159e-05
1137 1137 7.56595664037e-05
1138 1138 9.41792939629e-05
1139 1139 6.99594652545e-05
1140 1140 5.10616569087e-05
1141 1141 1516.3215862
1142 1142 6.50079083636e-05
1143 1143 5.88632895373e-06
1144 1144 1971.1238408
1145 1145 5364.55637368
1146 1146 1.760301021e-05
1147 1147 1.41817195223e-05
1148 1148 8.22368398002e-05
1149 1149 891.935541031
1150 1150 5.78620374958e-06
1151 1151 3.21515613194e-05
1152 1152 6.08400437073e-05
1153 1153 4.66855563051e-05
1154 1154 9.4215540687e-05
1155 1155 3.67574686105e-05
1156 1156 3043.94075165
1157 1157 4.21096823215e-05
1158 1158 1.61823946115e-05
1159 1159 3.35336447595e-05
1160 1160 2.74758507127e-05
1161 1161 4328.29279664
1162 1162 6.09912211249e-05
1163 1163 3742.68654229
1164 1164 3.30031370379e-05
1165 1165 3755.84763497
1166 1166 2263.64728283
1167 1167 2397.8568535
1168 1168 1.32159195828e-05
1169 1169 9.61748795283e-06
1170 1170 5.80545951934e-06
1171 1171 4.62543242208e-05
1172 1172 2051.16953098
1173 1173 2.9958647137e-05
1174 1174 3.03849831555e-05
1175 1175 1.97797921585e-05
1176 1176 3097.18721033
1177 1177 7.01579011836e-05
1178 1178 3.99465922038e-05
1179 1179 8.62673004445e-05
1180 1180 313.951925161
1181 1181 4.54138403445e-05
1182 1182 4.67842201644e-05
1183 1183 2.80590714913e-06
1184 1184 9.07861985755e-05
1185 1185 3.11475899918e-05
1186 1186 765.781866922
1187 1187 7.56807193119e-05
1188 1188 952.540905566
1189 1189 1.26820692008e-05
1190 1190 2.87360366608e-06
1191 1191 1.31086113086e-05
1192 1192 4.68400612984e-05
1193 1193 4.71549493813e-05
1194 1194 4111.57083471
1195 1195 2.45805813476e-05
1196 1196 9.22880679585e-05
1197 1197 7.3707165013e-06
1198 1198 6.86874083207e-05
1199 1199 3.73558869653e-05
1200 1200 1681.81603377
1201 1201 2675.26819287
1202 1202 7.63223611755e-05
1203 1203 3.75527427599e-05
1204 1204 7.70817782568e-05
1205 1205 6.77496568231e-05
1206 1206 2.20772777255e-06
1207 1207 2.44907276718e-05
1208 1208 1.99086382639e-05
1209 1209 1.77813316408e-05
1210 1210 5040.73484881
1211 1211 1.86114272658e-07
1212 1212 3.01977813355e-06
1213 1213 4.35756722188e-05
1214 1214 9.38595463659e-05
1215 1215 3.98741130978e-05
1216 1216 7.11981494213e-05
1217 1217 2.74653862162e-05
1218 1218 5.53114600268e-05
1219 1219 3.35316900904e-06
1220 1220 3228.86903351
1221 1221 6.96299134748e-05
1222 1222 1.15263062147e-05
1223 1223 6.02149876136e-06
1224 1224 1.35609148423e-05
1225 1225 6.09209554668e-05
1226 1226 4.90974658268e-05
1227 1227 5189.92980655
1228 1228 8.73866045609e-05
1229 1229 9.86909302188e-05
1230 1230 8.92970050386e-05
1231 1231 8.77563164942e-05
1232 1232 9.56514029245e-06
1233 1233 3798.93635875
1234 1234 4268.01980998
1235 1235 6.32253013683e-05
1236 1236 1.15090632185e-05
1237 1237 5.98307542102e-05
1238 1238 3.77830008949e-05
1239 1239 8.43090546715e-05
1240 1240 3.63549571357e-05
1241 1241 8.54628594602e-05
1242 1242 2.44679264463e-05
1243 1243 5.08082701208e-05
1244 1244 3.97414922842e-05
1245 1245 6.54594827846e-07
1246 1246 9.78305052837e-05
1247 1247 2.84935379098e-06
1248 1248 6.29570699185e-05
1249 1249 8.87679514787e-05
1250 1250 8.14482867007e-05
1251 1251 6.81895283024e-05
1252 1252 3540.43224107
1253 1253 7.63156724746e-05
1254 1254 7.82905687808e-05
1255 1255 7.84343739141e-05
1256 1256 8.39731112671e-05
1257 1257 3695.14911275
1258 1258 4.80352679477e-05
1259 1259 9.22035328282e-05
1260 1260 2.03397565307e-05
1261 1261 150.446720657
1262 1262 7.24906869004e-06
1263 1263 2360.57773
1264 1264 5.00599877926e-05
1265 1265 2.8501211578e-06
1266 1266 8.52365027151e-05
1267 1267 5.41069070042e-05
1268 1268 4038.08635074
1269 1269 3.90792144292e-05
1270 1270 3.14186218265e-05
1271 1271 7.95228088634e-05
1272 1272 2193.64178174
1273 1273 2.57432875166e-05
1274 1274 2017.55350749
1275 1275 8.7887073099e-05
1276 1276 7.02680725329e-05
1277 1277 9.76604109128e-05
1278 1278 3.53863232067e-05
1279 1279 2.57250004439e-05
1280 1280 4.40390497351e-05
1281 1281 557.077433918
1282 1282 4.72856032581e-05
1283 1283 5.52510452469e-05
1284 1284 9.92427278599e-05
1285 1285 1.13060079559e-05
1286 1286 2.29233648968e-05
1287 1287 4.76854118075e-05
1288 1288 6.61585072029e-05
1289 1289 4.59501056786e-05
1290 1290 4862.07999433
1291 1291 9.1584893667e-05
1292 1292 2254.91942886
1293 1293 1.48642890528e-07
1294 1294 1.22804268277e-05
1295 1295 1.325702572e-05
1296 1296 3.38520294819e-05
1297 1297 9.74064586485e-05
1298 1298 4.89854788812e-05
1299 1299 1.92057367137e-05
1300 1300 5.47592447498e-05
1301 1301 3.90334017336e-05
1302 1302 9.40346524186e-06
1303 1303 4.53664388083e-05
1304 1304 5029.71383984
1305 1305 2321.54361628
1306 1306 3.66346612916e-05
1307 1307 6.07293500418e-05
1308 1308 6.27092201574e-05
1309 1309 4503.43977852
1310 1310 1.37155316556e-05
1311 1311 7.85487098679e-06
1312 1312 1.41936327652e-06
1313 1313 5.60548485699e-05
1314 1314 3.19447619201e-05
1315 1315 1176.08958423
1316 1316 9.93517705528e-05
1317 1317 4.91353950743e-05
1318 1318 4.11425869458e-05
1319 1319 4.82435569747e-05
1320 1320 4.49641409838e-05
1321 1321 1.74737006417e-06
1322 1322 4828.32002899
1323 1323 4.31079248315e-05
1324 1324 1771.74275229
1325 1325 6.57196435768e-05
1326 1326 9.28284141213e-06
1327 1327 6.80256716287e-05
1328 1328 1.34190325701e-05
1329 1329 4.98503632241e-05
1330 1330 3290.04195362
1331 1331 5614.85399812
1332 1332 4.7824978443e-05
1333 1333 3064.0707389
1334 1334 421.721822093
1335 1335 3560.52605827
1336 1336 4.31107348434e-05
1337 1337 9.39364290197e-05
1338 1338 1882.85420502
1339 1339 6.40428434609e-05
1340 1340 8.75401059334e-05
1341 1341 1390.96000761
1342 1342 2.76072190975e-05
1343 1343 6.9902478471e-05
1344 1344 9.63037267249e-05
1345 1345 9.01946310137e-05
1346 1346 2.00835955146e-05
1347 1347 9.52941390468e-05
1348 1348 9.58279057024e-05
1349 1349 1.49209230722e-05
1350 1350 8.20075803244e-05
1351 1351 8.96269757553e-05
1352 1352 6.6999662561e-05
1353 1353 972.895089897
1354 1354 4775.36106891
1355 1355 3.57770307352e-05
1356 1356 2.38181220754e-05
1357 1357 3193.73804987
1358 1358 9.70840892455e-05
1359 1359 6.60011102688e-05
1360 1360 725.990956274
1361 1361 5.56005656385e-05
1362 1362 5.83307031255e-06
1363 1363 2565.36313113
1364 1364 5378.00158097
1365 1365 8.20450736335e-06
1366 1366 4829.5297163
1367 1367 5.9582994082e-05
1368 1368 8.70706655378e-05
1369 1369 8.05220046144e-05
1370 1370 427.651779341
1371 1371 3.47253852426e-05
1372 1372 8.48318721538e-05
1373 1373 3.89064726929e-05
1374 1374 5.06842714476e-05
1375 1375 3.46829044662e-05
1376 1376 4959.95520127
1377 1377 7.38999527015e-05
1378 1378 1.27908292497e-05
1379 1379 2412.99975189
1380 1380 6.28941457434e-05
1381 1381 4.86136680634e-05
1382 1382 2.11590868849e-05
1383 1383 5.578648343e-05
1384 1384 4.93453841532e-05
1385 1385 4575.77503348
1386 1386 4.09869686181e-05
1387 1387 4.91575090749e-05
1388 1388 3443.06036583
1389 1389 2.84222871038e-05
1390 1390 6.45676324471e-05
1391 1391 1.02440300552e-05
1392 1392 4436.86782258
1393 1393 7.41486404514e-05
1394 1394 8.94280634457e-05
1395 1395 6.46039524048e-05
1396 1396 5.22684246014e-05
1397 1397 6.24679768315e-05
1398 1398 8.38899502737e-05
1399 1399 7.66200378895e-05
1400 1400 9.69694668922e-06
1401 1401 2191.18127529
1402 1402 1165.72473081
1403 1403 3944.55167367
1404 1404 1.75960755857e-05
1405 1405 2411.14760459
1406 1406 5.22752950667e-05
1407 1407 8.1972839013e-05
1408 1408 4.25341485819e-05
1409 1409 9.54310124888e-05
1410 1410 2.88475843266e-05
1411 1411 8.03759561244e-05
1412 1412 1.87304557465e-05
1413 1413 3094.47255201
1414 1414 8.73918162331e-05
1415 1415 8.93139018667e-05
1416 1416 4.90359027596e-05
1417 1417 2.51483707252e-05
1418 1418 6.72416591978e-06
1419 1419 5.29349567399e-06
1420 1420 1.06259117253e-05
1421 1421 2.0979795086e-05
1422 1422 2071.8306295
1423 1423 6.39750943219e-05
1424 1424 2.96720757464e-05
1425 1425 3.99329029029e-05
1426 1426 7.31264772205e-05
1427 1427 7.07714348657e-05
1428 1428 3319.64021071
1429 1429 6.40513737867e-05
1430 1430 790.342649291
1431 1431 2.24129949186e-05
1432 1432 4904.30195448
1433 1433 5.50279123804e-05
1434 1434 5324.5743542
1435 1435 3.57709274355e-05
1436 1436 2.26795347329e-06
1437 1437 8.44263364922e-05
1438 1438 4.18675763715e-05
1439 1439 5.877083702e-05
1440 1440 9.86623663498e-06
1441 1441 5.25035850647e-05
1442 1442 2.47536621761e-05
1443 1443 7.18916492381e-05
1444 1444 3.70076297174e-05
1445 1445 8.34130752136e-05
1446 1446 5481.73452889
1447 1447 5.4148926468e-05
1448 1448 6.61587189648e-05
1449 1449 6.36008709599e-05
1450 1450 1.33457121539e-06
1451 1451 5.89718057199e-05
1452 1452 6.75003572758e-05
1453 1453 3.78846411302e-05
1454 1454 5085.02328271
1455 1455 7.18645598815e-05
1456 1456 2.43033211181e-05
1457 1457 7.11060285972e-05
1458 1458 4997.27585105
1459 1459 290.205779529
1460 1460 4.97856681269e-05
1461 1461 7.95681419089e-05
1462 1462 9.14403369233e-06
1463 1463 3223.06858484
1464 1464 2734.51731259
1465 1465 4.53537401274e-05
1466 1466 7.66484299839e-05
1467 1467 6.63034335215e-05
1468 1468 7.26129930675e-05
1469 1469 4856.38559586
1470 1470 1.44040488659e-05
1471 1471 9.53621619379e-05
1472 1472 5.93132258371e-05
1473 1473 1.41815176673e-05
1474 1474 9.2595740389e-05
1475 1475 9.46634869005e-05
1476 1476 2.90738670055e-07
1477 1477 6.27739954668e-05
1478 1478 4.55989957531e-05
1479 1479 4637.26236834
1480 1480 2161.53700581
1481 1481 4.09814744609e-05
1482 1482 3.0242453855e-05
1483 1483 4.95253368269e-05
1484 1484 1066.80437113
1485 1485 1.57373135861e-05
1486 1486 3226.8450367
1487 1487 4468.96598338
1488 1488 2533.59928539
1489 1489 9.14859921128e-05
1490 1490 4890.80587371
1491 1491 45.2451651884
1492 1492 5441.1318764
1493 1493 9.14548125908e-05
1494 1494 9.60441517094e-05
1495 1495 8.59253275504e-05
1496 1496 8.27317440509e-05
1497 1497 2042.97978975
1498 1498 7.12288072782e-05
1499 1499 8.41826217819e-05
1500 1500 3.92318796496e-05
1501 1501 5.84401897637e-06
1502 1502 1.8218236163e-05
1503 1503 8.43737142155e-05
1504 1504 1169.4939986
1505 1505 6.31614060818e-05
1506 1506 4.87949212447e-05
1507 1507 3.70657227878e-05
1508 1508 6.80278661868e-05
1509 1509 5.62032385367e-05
1510 1510 1.80852109777e-05
1511 1511 4.99217699041e-05
1512 1512 9.29529166291e-06
1513 1513 8.22559863542e-06
1514 1514 2.0710912196e-05
1515 1515 4.48667585253e-05
1516 1516 3997.54188743
1517 1517 6.17151482412e-06
1518 1518 6.65683437041e-05
1519 1519 5.84296295732e-05
1520 1520 4011.34496076
1521 1521 1168.40677341
1522 1522 8.2333155016e-05
1523 1523 9.71771155391e-05
1524 1524 6.87729270106e-05
1525 1525 1642.70575921
1526 1526 2.93315013654e-05
1527 1527 5.06269701594e-05
1528 1528 1.07785207006e-05
1529 1529 6.29806062481e-05
1530 1530 5510.41041801
1531 1531 764.920252793
1532 1532 3.44647412537e-05
1533 1533 2332.18090537
1534 1534 9.26387369397e-05
1535 1535 6.84322036333e-05
1536 1536 4259.16774938
1537 1537 80.7395227765
1538 1538 4.10141901725e-05
1539 1539 4115.99267489
1540 1540 5.02770404534e-05
1541 1541 7.72835019114e-05
1542 1542 4.69790681074e-05
1543 1543 3885.4863614
1544 1544 1101.29983214
1545 1545 4669.44118017
1546 1546 6.11116074633e-05
1547 1547 6.80697043535e-05
1548 1548 476.517652943
1549 1549 1398.51768038
1550 1550 7.1371438732e-05
1551 1551 3.77470231566e-06
1552 1552 7.76187576017e-05
1553 1553 1.48271396387e-05
1554 1554 1.104579063e-05
1555 1555 6.9490041114e-05
1556 1556 1.06020492687e-05
1557 1557 2581.20335345
1558 1558 7.95940414613e-05
1559 1559 3.2931843049e-05
1560 1560 1.80211828805e-05
1561 1561 5310.49079328
1562 1562 4.30872536032e-05
1563 1563 2.56147136876e-05
1564 1564 9.69972661326e-05
1565 1565 4302.59543477
1566 1566 942.920548311
1567 1567 7.49560994917e-05
1568 1568 9.30144944231e-05
1569 1569 4208.35654207
1570 1570 3.81122190756e-06
1571 1571 5.30674191608e-05
1572 1572 2.94869503174e-05
1573 1573 1058.66405613
1574 1574 3041.2234725
1575 1575 3.75852939019e-05
1576 1576 1352.41383511
1577 1577 4066.013548
1578 1578 8.59181123601e-05
1579 1579 2514.49682105
1580 1580 1928.80165399
1581 1581 1.18228453759e-05
1582 1582 3.34476239399e-05
1583 1583 9.04004032255e-05
1584 1584 4.78494258845e-06
1585 1585 4100.92704576
1586 1586 8.35886621901e-05
1587 1587 252.633960104
1588 1588 1.55579732668e-05
1589 1589 1.02573707753e-05
1590 1590 5.29121125378e-05
1591 1591 1.59403504928e-05
1592 1592 3.68978113861e-07
1593 1593 7.39051381265e-05
1594 1594 6.7525069336e-05
1595 1595 5.91355967768e-05
1596 1596 9.97034561643e-05
1597 1597 4.00871574828e-05
1598 1598 2379.60897026
1599 1599 3.43626628703e-05
1600 1600 1689.76477051
1601 1601 3.75180829132e-05
1602 1602 8.69508222523e-05
1603 1603 4827.78231772
1604 1604 6.60876324594e-05
1605 1605 8.9230669339e-05
1606 1606 914.27535653
1607 1607 9.76454070953e-05
1608 1608 5.56190594459e-06
1609 1609 1.68836977719e-05
1610 1610 2.27171604689e-05
1611 1611 9.55229557471e-05
1612 1612 5.2086076422e-05
1613 1613 4209.563073
1614 1614 2.23412089572e-05
1615 1615 5.61933651834e-05
1616 1616 1.65725361836e-05
1617 1617 1.15785876584e-05
1618 1618 4.64233075832e-05
1619 1619 4.00623367824e-05
1620 1620 6.08868405662e-05
1621 1621 7.58088650854e-06
1622 1622 1.44064993165e-05
1623 1623 1155.048235
1624 1624 8.76677226155e-05
1625 1625 4643.86998849
1626 1626 5.76722763061e-05
1627 1627 1.00027228431e-05
1628 1628 6.63687980788e-05
1629 1629 9.47027985715e-05
1630 1630 9.05026043655e-06
1631 1631 2128.45741529
1632 1632 9.14397180676e-05
1633 1633 1673.78107385
1634 1634 1.68324062486e-05
1635 1635 967.348445229
1636 1636 3356.16456845
1637 1637 5.16536934405e-05
1638 1638 8.34796902487e-05
1639 1639 995.757381921
1640 1640 2.04779000539e-05
1641 1641 8.85211198402e-05
1642 1642 1.72992964638e-06
1643 1643 4638.28354226
1644 1644 7.44558786704e-05
1645 1645 4.67510917201e-05
1646 1646 1.69448253382e-05
1647 1647 4940.17547601
1648 1648 1.49372443656e-05
1649 1649 1362.17863874
1650 1650 108.054162041
1651 1651 6.28243704459e-05
1652 1652 3983.76700178
1653 1653 2369.0915415
1654 1654 7.16649826548e-05
1655 1655 8.60285555328e-05
1656 1656 2507.22621631
1657 1657 1619.20379758
1658 1658 2.84665137941e-05
1659 1659 3849.22942492
1660 1660 4902.75243853
1661 1661 7.45971900238e-05
1662 1662 5.88571236756e-05
1663 1663 2940.44193491
1664 1664 1.80306733037e-05
1665 1665 2.94344328811e-06
1666 1666 7.04707430733e-05
1667 1667 5.75583039187e-05
1668 1668 8.4704840092e-06
1669 1669 5298.9383047
1670 1670 9.26716874925e-05
1671 1671 8.6245092434e-05
1672 1672 6.19986232306e-05
1673 1673 7.07599517331e-05
1674 1674 4241.02566947
1675 1675 3877.84342759
1676 1676 2722.52504005
1677 1677 3.12986603576e-06
1678 1678 2.49721982212e-05
1679 1679 6.90575083091e-05
1680 1680 5.32724666046e-05
1681 1681 2.01219137597e-05
1682 1682 7.88576784038e-05
1683 1683 3.01210049022e-05
1684 1684 1.442064482e-05
1685 1685 3165.74732329
1686 1686 9.31135020133e-05
1687 1687 6.11095543459e-05
1688 1688 5.14963311896e-05
1689 1689 8.76431057384e-05
1690 1690 8.43215339415e-05
1691 1691 8.79460237173e-05
1692 1692 1.89425059611e-05
1693 1693 1.229199023e-05
1694 1694 5.59243611347e-05
1695 1695 7.38262697862e-05
1696 1696 1.62182036229e-05
1697 1697 4.31166121526e-05
1698 1698 1.37934132796e-05
1699 1699 4069.92241823
1700 1700 2.91936873029e-05
1701 1701 3.345063076e-05
1702 1702 6.06879554859e-05
1703 1703 1.76937847814e-05
1704 1704 1978.48852254
1705 1705 5.29246805259e-05
1706 1706 9.66200079636e-06
1707 1707 7.45296466691e-05
1708 1708 2.74693436308e-05
1709 1709 9.5079193589e-05
1710 1710 1.57891945461e-05
1711 1711 6.67573741232e-05
1712 1712 944.792562666
1713 1713 8.15994490086e-05
1714 1714 1.01693697755e-05
1715 1715 7.9912146621e-05
1716 1716 7.60406147317e-05
1717 1717 99.1090297981
1718 1718 3291.30195992
1719 1719 2689.1545527
1720 1720 5.1304081487e-05
1721 1721 4.00663527422e-05
1722 1722 1.96059428823e-05
1723 1723 4835.27395324
1724 1724 3972.94775234
1725 1725 7.12689435138e-05
1726 1726 5097.2872361
1727 1727 6.16455586142e-05
1728 1728 6.90919978063e-05
1729 1729 2370.1842586
1730 1730 8.59383531019e-05
1731 1731 5.94164161046e-05
1732 1732 2.80757659337e-06
1733 1733 2.73383213331e-06
1734 1734 4.06313510314e-06
1735 1735 2.12168517544e-05
1736 1736 3.62998441232e-05
1737 1737 1.97447473844e-05
1738 1738 5.21943529948e-05
1739 1739 2337.38681598
1740 1740 3.42814971752e-05
1741 1741 7.58658938493e-05
1742 1742 2.26223400173e-06
1743 1743 3826.93579198
1744 1744 6.19300059038e-05
1745 1745 5.69190478737e-05
1746 1746 3563.84947209
1747 1747 6.68727814484e-05
1748 1748 2.5091712256e-05
1749 1749 8.36733931392e-05
1750 1750 1.80838464733e-05
1751 1751 8.92372106815e-05
1752 1752 4.50837385614e-05
1753 1753 3.24471537092e-05
1754 1754 7.31166219715e-05
1755 1755 1.79608382779e-05
1756 1756 8.37426340252e-05
1757 1757 5576.93612532
1758 1758 2.2024488893e-05
1759 1759 5.52286501448e-06
1760 1760 4003.01825054
1761 1761 3458.92160547
1762 1762 9.39164720844e-05
1763 1763 2143.86255033
1764 1764 3.48450199283e-05
1765 1765 5260.59364746
1766 1766 9.58946489984e-05
1767 1767 5295.56602183
1768 1768 6.05840376805e-05
1769 1769 3115.94871607
1770 1770 7.5453855857e-05
1771 1771 6.34719987798e-05
1772 1772 9.62633842096e-05
1773 1773 5.63878727086e-05
1774 1774 8.50073139277e-05
1775 1775 7.27473610397e-05
1776 1776 2.98973637847e-05
1777 1777 5310.68907085
1778 1778 6.14583592752e-05
1779 1779 6.09488817287e-05
1780 1780 6.80341813981e-05
1781 1781 6.52136100367e-05
1782 1782 1.7884089332e-05
1783 1783 533.373601052
1784 1784 9.85018011302e-05
1785 1785 6.72542606554e-06
1786 1786 7.30584344538e-05
1787 1787 9.53869821091e-05
1788 1788 4191.43399331
1789 1789 1756.40987046
1790 1790 4.41526992925e-05
1791 1791 4.17116971201e-05
1792 1792 2.1694210477e-05
1793 1793 2309.2310698
1794 1794 1.09221884368e-05
1795 1795 3439.02324444
1796 1796 6.28019177696e-05
1797 1797 1.44334199595e-05
1798 1798 3031.1320225
1799 1799 9.08769779311e-05
1800 1800 2.61972713444e-08
1801 1801 1.42376823581e-05
1802 1802 2736.21152313
1803 1803 5.19214600928e-05
1804 1804 3.84102181671e-05
1805 1805 6.45304158304e-05
1806 1806 8.90335859834e-05
1807 1807 72.2664447746
1808 1808 3.37352233179e-05
1809 1809 7.97941627143e-05
1810 1810 6.53564825099e-05
1811 1811 4029.1659867
1812 1812 2.9137831797e-05
1813 1813 4923.32793584
1814 1814 3038.81009836
1815 1815 8.52726286959e-05
1816 1816 3838.304899
1817 1817 7.02628294613e-05
1818 1818 2.17053576393e-05
1819 1819 6.25380067622e-05
1820 1820 1.7406584518e-05
1821 1821 7.12645672549e-05
1822 1822 6.46889438366e-05
1823 1823 5534.72043247
1824 1824 9.30253570988e-05
1825 1825 5.23150891751e-05
1826 1826 964.136620565
1827 1827 1.12727075389e-05
1828 1828 2.2553793959e-05
1829 1829 6.21386352058e-05
1830 1830 1.20310348564e-05
1831 1831 51.610704957
1832 1832 2.85828581294e-06
1833 1833 1667.76732724
1834 1834 2.17005476209e-05
1835 1835 2.12519196826e-05
1836 1836 1456.52280827
1837 1837 9.58095630291e-05
1838 1838 7.38315790157e-06
1839 1839 9.01957852357e-05
1840 1840 9.29952077666e-05
1841 1841 4484.10960886
1842 1842 1.17934516445e-05
1843 1843 5282.86978286
1844 1844 1.90225839388e-05
1845 1845 493.933404762
1846 1846 9.31230964381e-05
1847 1847 4.33166647591e-05
1848 1848 6.43065492039e-05
1849 1849 3404.59236045
1850 1850 2.48010570608e-05
1851 1851 9.53590606445e-05
1852 1852 8.53953675927e-05
1853 1853 9.27258150542e-05
1854 1854 3477.86505996
1855 1855 2.60075921681e-05
1856 1856 437.310721288
1857 1857 3417.47532468
1858 1858 5.98292176768e-05
1859 1859 6.08589156638e-05
1860 1860 6.47181333312e-05
1861 1861 5.92001653994e-05
1862 1862 2.89287559276e-05
1863 1863 4.99100926728e-05
1864 1864 4.59745063238e-05
1865 1865 7.44273316569e-05
1866 1866 7.76350799053e-05
1867 1867 4518.90501256
1868 1868 2.41017911063e-05
1869 1869 2100.94376073
1870 1870 4.25635626455e-05
1871 1871 7.33106097083e-05
1872 1872 1448.15667188
1873 1873 4.78607498929e-05
1874 1874 4.77671347269e-05
1875 1875 2445.30563523
1876 1876 5.45021421234e-06
1877 1877 7.2540157825e-05
1878 1878 1.80477671143e-05
1879 1879 2.09761180718e-05
1880 1880 1604.00790646
1881 1881 2.17074179967e-05
1882 1882 5.26070909709e-05
1883 1883 7.90491563127e-05
1884 1884 519.209920045
1885 1885 7.15831247936e-05
1886 1886 9.96252228719e-05
1887 1887 9.67862867394e-05
1888 1888 9.23081769495e-05
1889 1889 7.94115437896e-05
1890 1890 4.43588677714e-05
1891 1891 8.9730534855e-05
1892 1892 4.82712059538e-05
1893 1893 315.492154607
1894 1894 3.7818177913e-05
1895 1895 3.70524199791e-06
1896 1896 4.03209293829e-05
1897 1897 5024.54818307
1898 1898 6.64305484106e-05
1899 1899 8.26302833658e-05
1900 1900 628.183851839
1901 1901 7.52607631317e-05
1902 1902 8.17859363279e-05
1903 1903 2.91439021422e-05
1904 1904 9.52715844947e-05
1905 1905 8.33021745567e-05
1906 1906 5151.1580609
1907 1907 4983.93684029
1908 1908 5.50808823376e-05
1909 1909 4.46378776118e-05
1910 1910 8.69213753892
1911 1911 702.470455289
1912 1912 1.53959742015e-05
1913 1913 7.45348247718e-05
1914 1914 1.1065312712e-07
1915 1915 8.11289273404e-05
1916 1916 6.45771126554e-05
1917 1917 5.08589891957e-05
1918 1918 9.67817726665e-05
1919 1919 6.99768566802e-05
1920 1920 4213.59101101
1921 1921 2.31904774968e-05
1922 1922 3105.25862295
1923 1923 4.80762042287e-05
1924 1924 1.78977798537e-05
1925 1925 2.85077837632e-05
1926 1926 8.15072678767e-05
1927 1927 1.29340304263e-05
1928 1928 1.47615782736e-05
1929 1929 9.24711689116e-05
1930 1930 1.57451481565e-05
1931 1931 2.7393927756e-05
1932 1932 1.18512015922e-05
1933 1933 9.51351112665e-05
1934 1934 803.043811497
1935 1935 6.6745470562e-05
1936 1936 8.94392966748e-06
1937 1937 3802.06269344
1938 1938 3.72614822957e-05
1939 1939 1.73388426486e-05
1940 1940 5.82186108595e-05
1941 1941 875.176719326
1942 1942 1306.7043741
1943 1943 8.25397484033e-05
1944 1944 1690.40515319
1945 1945 1.74360874868e-05
1946 1946 8.27407762021e-05
1947 1947 9.21716334458e-05
1948 1948 6.43402126336e-05
1949 1949 6.52345920878e-05
1950 1950 4793.24378698
1951 1951 9.56599241357e-05
1952 1952 5.5694837288e-05
1953 1953 3.43532495123e-05
1954 1954 7.61929252705e-05
1955 1955 7.19885466736e-05
1956 1956 7.00493194596e-05
1957 1957 7.79224682858e-05
1958 1958 1.80450513894e-05
1959 1959 6.04540605526e-05
1960 1960 1488.75360682
1961 1961 1.08025812733e-05
1962 1962 9.54129211357e-06
1963 1963 4.14094001879e-05
1964 1964 2766.12877092
1965 1965 4626.45239864
1966 1966 3.45942818483e-05
1967 1967 2211.32479622
1968 1968 7.62683872838e-05
1969 1969 8.35892470191e-05
1970 1970 8.68634664023e-05
1971 1971 3.25030116081e-05
1972 1972 8.59621611058e-05
1973 1973 3.73820700789e-05
1974 1974 3.49289977166e-05
1975 1975 9.02177256288e-05
1976 1976 5.56088848828e-05
1977 1977 2.20199581372e-05
1978 1978 4.47568395573e-05
1979 1979 9.36015027134e-05
1980 1980 3.49986599093e-05
1981 1981 2751.87847503
1982 1982 8.36365365535e-05
1983 1983 1757.47811139
1984 1984 6.12807323067e-05
1985 1985 3850.13675807
1986 1986 1570.9104727
1987 1987 4.68405697775e-05
1988 1988 5051.23138187
1989 1989 9.41410688242e-05
1990 1990 2.79452299001e-05
1991 1991 8.89886552302e-07
1992 1992 7.57228080777e-06
1993 1993 3999.55805649
1994 1994 5.63095579056e-05
1995 1995 9.65612843979e-05
