1 1 5012.32735498
2 2 9.25143969139e-05
3 3 5.62482096043e-05
4 4 6.62527542703e-05
5 5 1.51269382834e-05
6 6 1.23633734768e-05
7 7 7.99669542919e-05
8 8 967.96036754
9 9 427.664959832
10 10 7.49009185171e-05
11 11 2.2172376802e-05
12 12 9.14602376767e-05
13 13 3702.81848792
14 14 4218.96932559
15 15 8.25816357044e-05
16 16 2.14868990566e-05
17 17 3622.69193865
18 18 2.83009498627e-05
19 19 1.17468749361e-05
20 20 7.19722301041e-05
21 21 5.15631814276e-05
22 22 305.799560604
23 23 1856.546379
24 24 6.78526379391e-05
25 25 2.90765399399e-05
26 26 7.87587472841e-05
27 27 1.63435106641e-05
28 28 7.16971591331e-05
29 29 295.841973851
30 30 9.02561893005e-05
31 31 5.13597934871e-05
32 32 1.84319194645e-05
33 33 6.29733404922e-05
34 34 2840.92179051
35 35 1.53036840875e-05
36 36 2.86214049761e-05
37 37 5.40032680869e-05
38 38 1446.16958341
39 39 9.01840220456e-05
40 40 3475.22414394
41 41 973.690643032
42 42 4649.12755823
43 43 4581.4619717
44 44 2.70255120346e-05
45 45 5.63001617837e-05
46 46 7.85203604946e-05
47 47 4735.41588576
48 48 2.62402815561e-05
49 49 9.63341626112e-05
50 50 6.81591914693e-05
51 51 4.07884137354e-05
52 52 3.55781042926e-05
53 53 9.13703623788e-05
54 54 2.02895612336e-05
55 55 4155.64619518
56 56 4.36053533327e-05
57 57 1.24283660474e-05
58 58 3.47864078139e-05
59 59 4169.49868943
60 60 5.36807352843e-05
61 61 66.7373362106
62 62 8.35861230813e-05
63 63 1.6938410806e-05
64 64 148.158017107
65 65 6.47855613391e-05
66 66 4.57427189699e-05
67 67 7.65800388108e-05
68 68 8.92928299633e-05
69 69 3.11022047232e-05
70 70 5.62115957829e-05
71 71 4.89876544001e-06
72 72 5.35746345167e-05
73 73 4.09564876056e-05
74 74 1.39353217804e-05
75 75 2867.31362849
76 76 8.00461706213e-05
77 77 1165.80783686
78 78 8.48946407188e-05
79 79 1136.92727164
80 80 9.77586243209e-05
81 81 1.46080130521e-05
82 82 9.31048643672e-05
83 83 2411.91510128
84 84 7.41985025137e-05
85 85 7.62442194019e-05
86 86 1.3686571639e-05
87 87 1232.89121193
88 88 6.28197749031e-05
89 89 4.72422969311e-05
90 90 264.775247217
91 91 4.64575377218e-05
92 92 5.07848183615e-05
93 93 2.93315921706e-05
94 94 5.02439507599e-05
95 95 7.14912465509e-05
96 96 3.18277218557e-05
97 97 3.92746242853e-05
98 98 2.96952810336e-05
99 99 4.18982767137e-05
100 100 4271.75159572
101 101 6.7896752642e-05
102 102 4.13905651111e-05
103 103 5.22388274104e-06
104 104 1251.89247777
105 105 8.63528852789e-05
106 106 4.6808737624e-06
107 107 3.13663816802e-05
108 108 2794.76072447
109 109 5.43958535342e-05
110 110 7.53888970798e-05
111 111 9.20828358765e-05
112 112 1437.42829938
113 113 5.95442651776e-05
114 114 9.36082258547e-05
115 115 1679.62233099
116 116 5.0067811696e-05
117 117 7.38408402544e-06
118 118 8.82806253826e-05
119 119 1.45136598966e-05
120 120 2.53490123717e-05
121 121 3.53827106613e-05
122 122 3.96411139752e-05
123 123 317.901645894
124 124 1751.22047451
125 125 7.83013084229e-05
126 126 2972.92064427
127 127 3547.57038489
128 128 2145.01519401
129 129 7.49218685984e-05
130 130 8.2854416542e-05
131 131 6.03182654223e-05
132 132 2675.05142308
133 133 7.16577821639e-05
134 134 6.29565235949e-05
135 135 1.49803976836e-05
136 136 1.1169745275e-05
137 137 5.71968799908e-05
138 138 6.71648667104e-05
139 139 5.01610007097e-05
140 140 1897.83539835
141 141 8.73787843773e-05
142 142 5.63395168677e-05
143 143 9.27486064629e-05
144 144 5366.0509339
145 145 8.38619260534e-05
146 146 5495.94031554
147 147 9.17333075427e-05
148 148 6.50199230351e-05
149 149 1.36978717847e-05
150 150 7.94720525757e-05
151 151 4153.68390755
152 152 3744.89181419
153 153 2662.94323863
154 154 9.49019784107e-05
155 155 2.56100660907e-05
156 156 4.0836035545e-05
157 157 915.660282481
158 158 8.00998877063e-05
159 159 8.93288221309e-05
160 160 3.14996136374e-05
161 161 8.42771700434e-05
162 162 1.06025527554e-05
163 163 5.17371093281e-05
164 164 9.22400370743e-05
165 165 9.11250304239e-05
166 166 9.77384188763e-05
167 167 238.10810787
168 168 4.87374109608e-05
169 169 2.04488742298e-06
170 170 2.6821248239e-05
171 171 224.55302805
172 172 1.92018443905e-05
173 173 2.02094187528e-05
174 174 3.57100871063e-05
175 175 8.83656618548e-05
176 176 3.76770676842e-05
177 177 5.05718898469e-05
178 178 6.76935911671e-05
179 179 1.44510042248e-07
180 180 2.40408961477e-06
181 181 7.18247008629e-05
182 182 4.57283596468e-05
183 183 3666.98810851
184 184 3.20915334828e-05
185 185 1.88310751182e-05
186 186 7.28564717351e-05
187 187 3676.02416879
188 188 8.85773689668e-06
189 189 8.79082395245e-05
190 190 9.80901161618e-05
191 191 8.95574870634e-05
192 192 7.04258370582e-05
193 193 1.46568632087e-05
194 194 8.36496247404e-06
195 195 1.01416971417e-05
196 196 1.09680296086e-06
197 197 3.03238832346e-05
198 198 7.9683735996e-05
199 199 2.71140060034e-06
200 200 6.02077773807e-05
201 201 6.80433780799e-05
202 202 8.95588951077e-05
203 203 3.62926210662e-05
204 204 2.94057786292e-05
205 205 5.3202412909e-06
206 206 3.21862545175e-05
207 207 227.938808377
208 208 7.22136031603e-05
209 209 1.96057800189e-05
210 210 5.94399551213e-05
211 211 277.336046465
212 212 8.25708642961e-05
213 213 9.57702069592e-05
214 214 3676.04130797
215 215 8.70257410124e-05
216 216 4.52991519146e-05
217 217 9.72300385983e-05
218 218 3338.01955533
219 219 5264.86264352
220 220 5.48301549872e-05
221 221 3806.42885204
222 222 4.00631039067e-05
223 223 2.38892074572e-06
224 224 6.85171349413e-05
225 225 6.81367546242e-05
226 226 5.87319305062e-05
227 227 4.74095453999e-05
228 228 2.65822771183e-05
229 229 4.7215639421e-05
230 230 149.24373134
231 231 6.59105704676e-05
232 232 9.73727446235e-05
233 233 4393.02456872
234 234 7.45415282021e-05
235 235 4.84141646342e-05
236 236 7.45670555478e-05
237 237 2.18418772553e-05
238 238 3.31785120332e-05
239 239 2.73251892948e-05
240 240 9.94793930294e-05
241 241 3.24124772184e-05
242 242 7.9648744969e-05
243 243 4.84141417398e-05
244 244 2.83636271025e-05
245 245 2.39928514823e-05
246 246 7.29245585779e-05
247 247 1.02320705737e-05
248 248 6.47540370938e-05
249 249 8.63091804714e-05
250 250 1.91317427975e-05
251 251 4.70244189056e-06
252 252 925.387488282
253 253 2.48144152247e-05
254 254 4281.2155969
255 255 7.14984394631e-05
256 256 1.04697371018e-05
257 257 2.43609981678e-05
258 258 5611.39694467
259 259 4.15589118808e-05
260 260 2.59554056063e-05
261 261 1.18112057743e-05
262 262 8.8674783854e-05
263 263 4.41134053197e-05
264 264 1.48895219238e-05
265 265 8.18038994868e-05
266 266 9.67138195497e-05
267 267 1753.4817015
268 268 4.68624772763e-06
269 269 9.0412015954e-05
270 270 2896.59605378
271 271 4695.77132181
272 272 3.80976561553e-05
273 273 5.02684187002e-05
274 274 4.26441947243e-05
275 275 5.6613467323e-05
276 276 5.64101159915e-05
277 277 3594.86637354
278 278 5.3491474754e-05
279 279 3233.39368034
280 280 6.34594240245e-05
281 281 4004.92002108
282 282 5.04106622565e-05
283 283 9.92469109975e-05
284 284 8.83224595398e-05
285 285 713.151855839
286 286 5.01982507584e-05
287 287 2018.48104898
288 288 6.6405038102e-06
289 289 2676.84439022
290 290 2.11100494228e-05
291 291 7.88374186514e-05
292 292 3.17650952699e-05
293 293 2.50589655345e-05
294 294 3.23301223756e-05
295 295 6.96600548517e-05
296 296 1.82130146359e-05
297 297 6.91390468046e-05
298 298 9.90487460815e-05
299 299 210.45493068
300 300 7.45670992642e-05
301 301 4.42235974298e-05
302 302 4.55154457529e-05
303 303 2492.24175579
304 304 1208.61813129
305 305 7.79268411474e-05
306 306 3.00174096048e-06
307 307 2.5332178865e-05
308 308 9.36716352611e-05
309 309 3.29544354513e-05
310 310 1913.32137411
311 311 9.37981625531e-05
312 312 2.97610239308e-05
313 313 9.99721496708e-05
314 314 3279.37282248
315 315 5263.74422147
316 316 3.42722024218e-06
317 317 4584.34431077
318 318 2.48185160935e-05
319 319 6.6754946009e-05
320 320 4.80463092159e-05
321 321 4.48114329523e-05
322 322 1040.82103627
323 323 1.24315262634e-05
324 324 1596.56489928
325 325 8.04110017167e-05
326 326 4314.11180479
327 327 4066.81624869
328 328 5.11393369947e-05
329 329 3.0819491946e-05
330 330 4.57993036263e-05
331 331 601.561402298
332 332 4977.84808782
333 333 1.68631307664e-05
334 334 4.66921439536e-06
335 335 2317.52839004
336 336 2209.59061066
337 337 1.46562675153e-05
338 338 1908.65869525
339 339 4.52880670012e-05
340 340 6.37071211372e-05
341 341 3.46974608762e-05
342 342 2.60972614205e-05
343 343 3796.58865062
344 344 4.23185088044e-05
345 345 5408.9652087
346 346 7.41290759779e-05
347 347 4274.05556188
348 348 7.54636837449e-05
349 349 1.59170254939e-06
350 350 4.53448035977e-05
351 351 4.46707512622e-05
352 352 1299.72849472
353 353 6.60812187733e-05
354 354 3.00353927676e-05
355 355 1.91967567246e-05
356 356 3.06983648306e-05
357 357 6.19674434296e-05
358 358 4402.59391846
359 359 4.14946738872e-05
360 360 9.67671218979e-05
361 361 7.76619686782e-05
362 362 4.53885582721e-05
363 363 6.16034277957e-05
364 364 6.58347250901e-05
365 365 1.26224223922e-06
366 366 3.2494549599e-05
367 367 1.01742425802e-05
368 368 6.69180109477e-05
369 369 3.771457544e-06
370 370 2682.72478767
371 371 2895.79895545
372 372 2033.51248328
373 373 2.91124969995e-06
374 374 2.73068911008e-05
375 375 8.56555924993e-05
376 376 8.29106635847e-05
377 377 9.1570558838e-05
378 378 6.02395192081e-05
379 379 7.21413264795e-05
380 380 9.45537355309e-05
381 381 7.69703170995e-06
382 382 694.032391037
383 383 8.51957624521e-05
384 384 3.87458010231e-05
385 385 8.4918131288e-05
386 386 9.26771135625e-06
387 387 2.21862077545e-05
388 388 4.87493731294e-05
389 389 2.94357532299e-05
390 390 1306.97900865
391 391 6.07266786165e-05
392 392 5.98675325628e-05
393 393 4.65660006016e-05
394 394 1158.19352343
395 395 2965.05609805
396 396 5.56778709923e-06
397 397 8.88699446172e-05
398 398 6.68805821071e-05
399 399 7.37277185096e-05
400 400 1.26044625916e-06
401 401 1.9618524475e-05
402 402 1619.65298304
403 403 2036.26984487
404 404 9.31265607335e-05
405 405 5025.40301139
406 406 1.3651520694e-05
407 407 2.44872877255e-05
408 408 4655.30677511
409 409 4060.43748112
410 410 2859.62464105
411 411 8.45704657661e-05
412 412 4723.24032712
413 413 2692.56689587
414 414 3926.04807162
415 415 5.76077941893e-06
416 416 4290.91498885
417 417 1.76293967791e-05
418 418 3.16362966921e-05
419 419 3.9229460826e-05
420 420 4.38655588515e-05
421 421 4275.26049614
422 422 8.38063514513e-05
423 423 4.90638320718e-06
424 424 9.58073759335e-05
425 425 7.15040931032e-05
426 426 7.58579550172e-05
427 427 6.72510568305e-05
428 428 2.82004942255e-05
429 429 9.94098812836e-05
430 430 2735.74916811
431 431 1.68096887571e-05
432 432 2.60443285509e-05
433 433 9.49602026671e-05
434 434 2.18719699071e-06
435 435 3.59521179353e-05
436 436 4303.87734106
437 437 8.05004292122e-05
438 438 5.88283216177e-05
439 439 5.56451255003e-05
440 440 7.76867832927e-05
441 441 3643.21257267
442 442 7.17200994605e-05
443 443 7.29332130951e-05
444 444 4.36712932044e-06
445 445 6.96297690861e-05
446 446 4797.02521754
447 447 1.7309378554e-06
448 448 5.86298410134e-05
449 449 8.23497729762e-07
450 450 5.66026997795e-05
451 451 1388.80627
452 452 1.97567661233e-05
453 453 3.89382877512e-05
454 454 2225.09156722
455 455 4.04916894579e-05
456 456 7.788531941e-05
457 457 4434.99212628
458 458 9.35031187481e-05
459 459 2.27094285045e-05
460 460 1099.60881352
461 461 2.95492422225e-05
462 462 1088.6274146
463 463 264.333169306
464 464 5.44991473412e-05
465 465 1818.37736451
466 466 2.77280016268e-05
467 467 7.39734770644e-05
468 468 2.50368242666e-05
469 469 1064.92571647
470 470 9.43724666664e-05
471 471 5.41441960896e-05
472 472 7.36972252437e-05
473 473 1.0193413328e-05
474 474 7.88970494697e-05
475 475 5077.43098677
476 476 3958.43003576
477 477 9.1870612383e-05
478 478 8.77397057754e-05
479 479 4.24642650238e-05
480 480 8.46425142786e-05
481 481 8.36622515668e-05
482 482 6.57661666783e-06
483 483 3962.04718971
484 484 9.43483800751e-05
485 485 3290.2163524
486 486 9.08381359669e-05
487 487 5.67100535881e-05
488 488 2618.0063528
489 489 2546.61932254
490 490 6.54790166627e-05
491 491 9.83426798374e-06
492 492 4.33458035052e-05
493 493 4984.64441205
494 494 7.73004202992e-05
495 495 3.12157091364e-05
496 496 8.43094723312e-05
497 497 7.4982365046e-05
498 498 1.92329908083e-05
499 499 2201.92981862
500 500 9.89664098038e-05
501 501 8.51850583035e-05
502 502 9.29479824989e-06
503 503 7.05504519089e-05
504 504 6.55247507779e-05
505 505 9.77724793357e-05
506 506 790.516959607
507 507 1022.88097988
508 508 7.34448046869e-05
509 509 6.06018029154e-06
510 510 4489.55526457
511 511 5.92327214066e-05
512 512 5498.52707338
513 513 3.63996912686e-05
514 514 4.34135907498e-05
515 515 1.0688176229e-06
516 516 6.25093935844e-05
517 517 9.08438129586e-05
518 518 2.9308527512e-06
519 519 6.71121293369e-06
520 520 5.59421038149e-05
521 521 1.63735010643e-05
522 522 6.4370519989e-06
523 523 4.69511207811e-05
524 524 2.72525485189e-05
525 525 8.66156300954e-05
526 526 3.37603588544e-05
527 527 5619.46617829
528 528 3177.39430988
529 529 6.11741425832e-05
530 530 5.54112903736e-05
531 531 992.13892065
532 532 3.08419635796e-05
533 533 4312.76253424
534 534 9.72609104058e-05
535 535 2.73485191021e-05
536 536 7.05005748497e-05
537 537 3.85459475129e-05
538 538 9.6278623476e-06
539 539 3.58967430937e-06
540 540 5451.4078753
541 541 4008.30790757
542 542 7.84916424461e-05
543 543 5.0652527116e-05
544 544 9.53053922273e-05
545 545 1257.44329213
546 546 2.49179931897e-05
547 547 1.01115685813e-05
548 548 4.12596588766e-05
549 549 7.98789029693e-05
550 550 6.79621596952e-05
551 551 2.48063944387e-05
552 552 8.30956938154e-05
553 553 7.08018402488e-05
554 554 5202.54332259
555 555 1.68522400451e-05
556 556 2.05067586966e-06
557 557 3.77937395523e-05
558 558 6.01688752618e-05
559 559 1.6000435941e-05
560 560 3.54051415652e-05
561 561 3.60325544873e-05
562 562 110.001499398
563 563 3.99214172045e-05
564 564 4.65611085388e-05
565 565 5.72186166806e-05
566 566 5.59857256885e-05
567 567 332.845978746
568 568 7.03038101888e-05
569 569 8.84389906292e-05
570 570 8.05331291307e-05
571 571 3.17262579897e-05
572 572 1.35588709058e-05
573 573 4.17965863238e-05
574 574 4.01840610279e-05
575 575 5.926724423e-05
576 576 1.86979809205e-05
577 577 6.23392704877e-05
578 578 2.67550251323e-05
579 579 1.23039478298e-05
580 580 8.56732227235e-05
581 581 2.6481058137e-05
582 582 1.18447882999e-05
583 583 3.9751651787e-05
584 584 1.58055589948e-05
585 585 6.95413062391e-05
586 586 5104.46837663
587 587 4.07088325766e-05
588 588 1.23409617793e-05
589 589 2.7447435441e-05
590 590 971.727190279
591 591 9.22898810695e-05
592 592 6.519258676e-05
593 593 3.87844991653e-05
594 594 4.68215767876e-06
595 595 8.45379350283e-05
596 596 3.66283155737e-05
597 597 6.50645111438e-05
598 598 1116.19046092
599 599 1.05795444927e-05
600 600 3918.33131268
601 601 4.64464162297e-05
602 602 5.46076656784e-05
603 603 5.32961985925e-05
604 604 4411.68859324
605 605 5560.59503186
606 606 5.61974339605e-05
607 607 8.42341012524e-05
608 608 7.9000247819e-05
609 609 6.56408004551e-05
610 610 3.70420398923e-05
611 611 424.365121336
612 612 5600.63421843
613 613 1.94783937698e-05
614 614 4092.15497705
615 615 5.91635562834e-05
616 616 2.05349392856e-05
617 617 5.86985731724e-05
618 618 7.68645028431e-05
619 619 8.92015250193e-05
620 620 6.72369293916e-05
621 621 7.31982206453e-05
622 622 8.71150520281e-05
623 623 5.93995373219e-06
624 624 7.2036000272e-05
625 625 1.96512495633e-05
626 626 1641.43446669
627 627 4.17855296422e-05
628 628 8.488615949e-06
629 629 1.42422403186e-05
630 630 5.15669963302e-05
631 631 4738.30507813
632 632 9.03861404635e-05
633 633 8.75308405823e-05
634 634 2194.16758934
635 635 2553.61004851
636 636 4659.44013258
637 637 4.11365375098e-05
638 638 1.59679413428e-05
639 639 9.56596338542e-05
640 640 832.465224843
641 641 5.09722461492e-05
642 642 5486.33964783
643 643 913.285709547
644 644 5609.16064719
645 645 5.08552108826e-05
646 646 2.07949006079e-05
647 647 3.17444233092e-05
648 648 5284.58357758
649 649 1634.1611955
650 650 9.44457147767e-05
651 651 1.14534753019e-06
652 652 1.57040272172e-05
653 653 4.23659980155e-05
654 654 826.030629091
655 655 6.69428515362e-05
656 656 5.61272990467e-05
657 657 288.300948548
658 658 6.80498520993e-05
659 659 7.99700903097e-05
660 660 4.64686475742e-05
661 661 2.0424650019e-05
662 662 5.43123172738e-05
663 663 1737.89229905
664 664 7.66480973776e-05
665 665 6.99928860936e-05
666 666 1844.1137741
667 667 7.38621054808e-05
668 668 1.74610777512e-05
669 669 3.98844927914e-05
670 670 2.56977370152e-05
671 671 2.45674895564e-05
672 672 5.45339821669e-05
673 673 2.25424519812e-05
674 674 6.89180516794e-06
675 675 2253.84718753
676 676 7.27190699751e-05
677 677 2.02137461249e-05
678 678 8.80168520018e-06
679 679 2.8625467847e-05
680 680 7.40765330872e-05
681 681 5.83730916485e-06
682 682 8.3784432701e-06
683 683 6.87866743466e-05
684 684 2.72295162993e-05
685 685 6.5490066047e-05
686 686 9.94913212589e-05
687 687 1.91045306859e-05
688 688 2.42060015055e-05
689 689 432.567675093
690 690 1137.57909667
691 691 6.86269839889e-06
692 692 9.90055068619e-05
693 693 2.67133430144e-05
694 694 1977.6468001
695 695 4.24227975054e-06
696 696 1.87634507986e-07
697 697 8.64618157759e-05
698 698 7.85353317048e-05
699 699 4166.61755186
700 700 2.47496428168e-05
701 701 749.426302003
702 702 2.95914660982e-05
703 703 996.223926192
704 704 3313.75849173
705 705 1500.78037545
706 706 8.02768014241e-06
707 707 7.4637976834e-06
708 708 4.87767446698e-05
709 709 7.75583128763e-05
710 710 8.19850979361e-05
711 711 1.69695957073e-05
712 712 4.5977316674e-05
713 713 5.08514153184e-05
714 714 3.54956359449e-05
715 715 7.19619062826e-05
716 716 9.07440483795e-05
717 717 3.57336268018e-05
718 718 2.71038587674e-05
719 719 6.79366814157e-05
720 720 8.32846979568e-06
721 721 6.31843809557e-05
722 722 5.88919554974e-05
723 723 6.7176223602e-05
724 724 6.36831744315e-05
725 725 2.13569934974e-05
726 726 4.44252670187e-05
727 727 3.74910888143e-07
728 728 4.76615891125e-05
729 729 1.06355201139e-05
730 730 6.7198947106e-06
731 731 2.91401053327e-05
732 732 4.34107429795e-06
733 733 3654.39525706
734 734 5394.25129108
735 735 867.924487965
736 736 1.25308548462e-05
737 737 4405.05626335
738 738 5.46416491722e-05
739 739 7.15605008659e-05
740 740 3.31831774689e-05
741 741 5.60837671571e-05
742 742 555.563179863
743 743 3651.66404782
744 744 8.00903982306e-05
745 745 2065.20444362
746 746 6.60078168968e-05
747 747 2.51863845124e-05
748 748 1.52156744574e-06
749 749 4.82152556725e-05
750 750 6.43418180679e-05
751 751 8.01911776921e-05
752 752 8.54692123395e-05
753 753 1374.25593388
754 754 9.52325929864e-05
755 755 8.92445878563e-05
756 756 2096.6125676
757 757 6.96651312377e-05
758 758 3.52546172541e-05
759 759 9.95767053632e-05
760 760 2.52089594488e-07
761 761 8.19130029184e-05
762 762 1.76053436573e-05
763 763 7.70996031758e-07
764 764 5.31703847766e-05
765 765 7.6821000442e-05
766 766 3.79130490878e-05
767 767 1.648642254e-05
768 768 7.84455066348e-06
769 769 3.87210038412e-05
770 770 1.5081013691e-05
771 771 1.41308713311e-05
772 772 9.41806761183e-05
773 773 9.94593851392e-05
774 774 4400.14600949
775 775 4.79422717523e-05
776 776 9.95398360597e-05
777 777 5.34555921337e-05
778 778 987.256157259
779 779 5114.0165442
780 780 2.92545165406e-05
781 781 4.12069335878e-05
782 782 3756.67397005
783 783 894.998858575
784 784 4407.35840521
785 785 1.61728000442e-05
786 786 6.51724574435e-05
787 787 3093.26278991
788 788 2.05183850077e-05
789 789 5265.36333088
790 790 5.55653423295e-05
791 791 3.68348683784e-05
792 792 9.7299116611e-06
793 793 2.52538410378e-05
794 794 4.14793445328e-05
795 795 1.7638836408e-05
796 796 3595.32079383
797 797 2157.99067053
798 798 9.99449578028e-06
799 799 1.45404281328e-05
800 800 6.63035940757e-05
801 801 5.76405651742e-05
802 802 1.17827901707e-05
803 803 2109.83749165
804 804 6.03495983221e-05
805 805 8.14916780077e-05
806 806 1.06933008024e-05
807 807 7.45913154318e-05
808 808 5.30405622683e-05
809 809 6.1375715899e-05
810 810 5528.22930593
811 811 5.11249255909e-05
812 812 937.196512872
813 813 8.15173814561e-05
814 814 9.64205303516e-05
815 815 7.83488295238e-05
816 816 8.58539587009e-05
817 817 2184.03906354
818 818 6.48282401246e-05
819 819 2.09816292184e-05
820 820 8.70302652263e-05
821 821 4.09637364662e-05
822 822 1.9317960589e-05
823 823 3.11875705357e-05
824 824 3.53837226889e-05
825 825 2.12062687397e-05
826 826 5.29937874308e-05
827 827 9.91670634241e-05
828 828 5505.73847704
829 829 7.59008881865e-05
830 830 2.14052376723e-05
831 831 2.82078731246e-05
832 832 7.14659875476e-05
833 833 9.02792230653e-05
834 834 9.79835344435e-05
835 835 6.92174098349e-05
836 836 1006.61200101
837 837 9.26605294256e-05
838 838 9.33198155234e-05
839 839 7.36142017462e-05
840 840 4.15839686979e-05
841 841 5415.52080106
842 842 3.0358661151e-05
843 843 1526.91168465
844 844 5026.08353256
845 845 2.42187552034e-05
846 846 1.48640374065e-05
847 847 8.98656095726e-05
848 848 2.20503764138e-05
849 849 8.78204392346e-05
850 850 7.23807426797e-05
851 851 6.05540214475e-05
852 852 2.90935177579e-05
853 853 6.9041025257e-05
854 854 7.47342647954e-05
855 855 9.57488410959e-05
856 856 3732.08288903
857 857 6.94651883142e-05
858 858 9.73601943564e-05
859 859 515.542359949
860 860 7.96672258624e-06
861 861 9.3141835956e-05
862 862 6.93149012921e-05
863 863 3053.27146458
864 864 2872.95043377
865 865 4.9252265243e-05
866 866 3683.13161206
867 867 6.26542949196e-05
868 868 3.8295039958e-05
869 869 7.78122940333e-05
870 870 8.14724901193e-05
871 871 7.31706305896e-05
872 872 9.34897396929e-05
873 873 584.590773337
874 874 2.19810777603e-06
875 875 5.63554276294e-05
876 876 6.35550590991e-05
877 877 6.68159073934e-05
878 878 5.80002443935e-05
879 879 6.04336528759e-05
880 880 5.13271364631e-05
881 881 3.19612052583e-05
882 882 2.55099699644e-05
883 883 4.76422562848e-05
884 884 1612.92759296
885 885 9.52092974405e-05
886 886 8.59197340928e-05
887 887 3.73335930987e-05
888 888 2224.85907594
889 889 8.51058613281e-06
890 890 2.5912064664e-05
891 891 4.38184240381e-05
892 892 4776.07414848
893 893 3102.92818882
894 894 4.93437333655e-05
895 895 9.90028346766e-05
896 896 3.38187884058e-05
897 897 4.72034543386e-05
898 898 1383.8197609
899 899 2.24357731893e-05
900 900 1.38771345797e-05
901 901 4.40517242427e-05
902 902 6.34001034524e-05
903 903 4.84355283768e-05
904 904 9.85917216475e-05
905 905 9.6257734942e-05
906 906 2.80073701288e-05
907 907 3616.12410476
908 908 1.49875932989e-05
909 909 5116.33538361
910 910 7.0724341155e-05
911 911 7.71622100213e-05
912 912 1.91871829232e-05
913 913 8.39896225634e-05
914 914 1.18504697361e-05
915 915 3651.9131657
916 916 1601.66700019
917 917 5088.31970167
918 918 2474.97706427
919 919 4.66478892207e-05
920 920 7.79604224183e-05
921 921 9.5746142267e-05
922 922 9.33639019444e-05
923 923 8.03300902772e-05
924 924 8.47253552168e-05
925 925 7.97130653951e-05
926 926 6.66302879353e-05
927 927 6.29407786629e-05
928 928 3952.24928717
929 929 9.98214033561e-06
930 930 2.36201550459e-05
931 931 4.77304349437e-05
932 932 6.1407598884e-06
933 933 5.03080486806e-05
934 934 5.16524928455e-05
935 935 223.563002499
936 936 9.5293199544e-05
937 937 1.04844145152e-05
938 938 1886.12813074
939 939 6.26633019878e-05
940 940 7.97651100732e-05
941 941 3340.03570863
942 942 5561.08250107
943 943 4.42044744669e-05
944 944 3644.28591456
945 945 132.427525252
946 946 4.77527062618e-05
947 947 5.73527227316e-05
948 948 7.27893248033e-05
949 949 2786.39471109
950 950 6.04894191105e-05
951 951 5.40634614752e-06
952 952 2.73107987288e-05
953 953 5.59688066036e-05
954 954 8.84476618547e-05
955 955 4.32639306173e-05
956 956 1.51930716027e-05
957 957 1544.70030035
958 958 9.63343676267e-05
959 959 9.08480368036e-05
960 960 5.32149364218e-05
961 961 7.43058667451e-05
962 962 3.24988495131e-05
963 963 3.77210882988e-05
964 964 6.16132488335e-05
965 965 7.33059517505e-05
966 966 7.12499487947e-05
967 967 9.7358718818e-05
968 968 5286.35743711
969 969 9.50626388329e-05
970 970 2.44389230746e-05
971 971 9.57104996076e-05
972 972 2.47518437244e-05
973 973 7.2784011029e-05
974 974 9.12390534255e-05
975 975 3.03879699142e-05
976 976 4413.78486266
977 977 1.53333202244e-05
978 978 4.1291343913e-05
979 979 4743.61006466
980 980 2.50348781367e-06
981 981 2.71639548804e-05
982 982 3.20644389052e-05
983 983 5410.3821354
984 984 2.29099448845e-05
985 985 4943.23774605
986 986 4.64781296796e-06
987 987 3.026909523e-05
988 988 2.11351665284e-05
989 989 6.57962362506e-05
990 990 6.02426095693e-07
991 991 4.13502931705e-05
992 992 7.62538315086e-05
993 993 1.71958568133e-05
994 994 5.30920556329e-05
995 995 4.79986674804e-05
996 996 4125.39385923
997 997 4003.41164057
998 998 9.58810120315e-05
999 999 1.0923390625e-05
1000 1000 2017.27687734
1001 1001 3.6585143934e-06
1002 1002 3276.22529698
1003 1003 7.17246382277e-05
1004 1004 7.12585816918e-06
1005 1005 508.720653357
1006 1006 8.25746034347e-05
1007 1007 1037.51810787
1008 1008 8.79400278627e-05
1009 1009 3.12508455559e-05
1010 1010 1.33567707235e-05
1011 1011 4.51137321058e-05
1012 1012 6.15714913936e-05
1013 1013 7.64796421222e-05
1014 1014 5.17188465342e-05
1015 1015 4.18885195873e-05
1016 1016 6.7060008331e-05
1017 1017 7.71328766988e-05
1018 1018 1040.92938601
1019 1019 3.42259136817e-05
1020 1020 7.23582539209e-05
1021 1021 2523.8503097
1022 1022 1.7939308227e-05
1023 1023 6.96642144555e-05
1024 1024 1.75419703634e-05
1025 1025 1.01781537855e-05
1026 1026 3.10672432134e-05
1027 1027 6.81536686961e-06
1028 1028 2.06038182843e-05
1029 1029 1.49100581373e-05
1030 1030 4.67268597233e-05
1031 1031 9.87327678071e-05
1032 1032 16.9346491166
1033 1033 4.01253809999e-05
1034 1034 9.68887961297e-06
1035 1035 3389.91965148
1036 1036 9.92840370778e-05
1037 1037 7.52842701412e-05
1038 1038 1957.83368168
1039 1039 5.6864225375e-05
1040 1040 7.39294038412e-05
1041 1041 5.94610245928e-05
1042 1042 1.21988484061e-05
1043 1043 3918.45557442
1044 1044 4.44612822868e-05
1045 1045 5.85348276651e-05
1046 1046 5.39226161783e-05
1047 1047 5159.87743004
1048 1048 1.63991116851e-05
1049 1049 3.36675865133e-05
1050 1050 4.80455793768e-05
1051 1051 7.45745580956e-05
1052 1052 2.82209607178e-05
1053 1053 9.81535460372e-05
1054 1054 4.38705969892e-05
1055 1055 3672.39200165
1056 1056 5274.1348393
1057 1057 5.76094057534e-05
1058 1058 8.45428871255e-05
1059 1059 1561.60235152
1060 1060 1.74492331078e-05
1061 1061 6.5713993213e-05
1062 1062 2374.79501585
1063 1063 4.69112382351e-05
1064 1064 9.1076621232e-05
1065 1065 5.22740212348e-05
1066 1066 5.52250315229e-05
1067 1067 3871.29480072
1068 1068 7.17432308258e-05
1069 1069 3699.09924172
1070 1070 1.31031782371e-05
1071 1071 7.62248843014e-05
1072 1072 3.40148431038e-05
1073 1073 4813.0174987
1074 1074 1.17488414431e-05
1075 1075 5.98152358359e-06
1076 1076 1.11608399417e-05
1077 1077 3938.05299798
1078 1078 5576.95190942
1079 1079 3731.65113194
1080 1080 2933.54302301
1081 1081 3.11099725062e-05
1082 1082 6.35540794974e-05
1083 1083 1.08983253328e-06
1084 1084 6.65963791444e-05
1085 1085 8.91886434415e-05
1086 1086 4.95364403789e-05
1087 1087 2150.44357749
1088 1088 5519.52159484
1089 1089 6.76565248221e-05
1090 1090 8.04058057151e-05
1091 1091 7.62242919022e-05
1092 1092 7.10176806584e-05
1093 1093 3610.85979084
1094 1094 9.51910059483e-05
1095 1095 2045.40298843
1096 1096 8.76526512319e-05
1097 1097 146.865599098
1098 1098 8.41039066188e-05
1099 1099 7.62541263234e-05
1100 1100 1380.11027631
1101 1101 9.54845094459e-05
1102 1102 1.91909860093e-05
1103 1103 1.8749606847e-05
1104 1104 8.18070301524e-05
1105 1105 4669.72468924
1106 1106 1684.73435183
1107 1107 4.51399201924e-05
1108 1108 3.70918484557e-05
1109 1109 8.99557175119e-05
1110 1110 7.99032027622e-05
1111 1111 7.05232354883e-05
1112 1112 6.1115019975e-05
1113 1113 4091.91020565
1114 1114 6.02739736971e-05
1115 1115 4.35439599765e-05
1116 1116 3.15117114352e-05
1117 1117 7.65317904519e-05
1118 1118 1.59469526139e-05
1119 1119 1.70527136033e-05
1120 1120 2.47283627502e-05
1121 1121 2126.22104612
1122 1122 7.7372738454e-05
1123 1123 7.44225832808e-05
1124 1124 7.94960266891e-05
1125 1125 7.53985767427e-05
1126 1126 2.45457317829e-05
1127 1127 5050.41210871
1128 1128 2.03999637484e-05
1129 1129 2675.15390477
1130 1130 8.41676279827e-05
1131 1131 2727.56494704
1132 1132 2630.44672311
1133 1133 2340.20866922
1134 1134 4598.26230986
1135 1135 2.29318629523e-05
1136 1136 6.23913404677e-05
1137 1137 3.7125345672e-05
1138 1138 7.52195677649e-05
1139 1139 8.81999929467e-05
1140 1140 3.17510394327e-05
1141 1141 2.86307484377e-05
1142 1142 2344.50109608
1143 1143 5.26083895682e-05
1144 1144 8.98412545648e-05
1145 1145 4.91175930199e-05
1146 1146 3968.49307605
1147 1147 7.69118050444e-05
1148 1148 2.06225500944e-05
1149 1149 2352.8712401
1150 1150 4.78771179854e-05
1151 1151 7.32969865307e-05
1152 1152 5174.02571699
1153 1153 7.63979413994e-05
1154 1154 9.03700037348e-05
1155 1155 8.674971806e-05
1156 1156 5.81156024201e-05
1157 1157 8.40954313442e-05
1158 1158 6.54844647779e-05
1159 1159 782.356297083
1160 1160 6.11297424152e-05
1161 1161 4.62643710969e-05
1162 1162 1.67533497445e-05
1163 1163 4.25914445791e-05
1164 1164 2022.27448992
1165 1165 9.6378710806e-05
1166 1166 619.911694169
1167 1167 1.21902322253e-05
1168 1168 2.18821439282e-05
1169 1169 5.27452906298e-05
1170 1170 3.48053183783e-05
1171 1171 7.96334857597e-05
1172 1172 8.84659456472e-06
1173 1173 1.39462634419e-05
1174 1174 5.83207649671e-05
1175 1175 7.40919063141e-05
1176 1176 2.33724503232e-05
1177 1177 3.53099268581e-05
1178 1178 5.14832304401e-05
1179 1179 1058.8148027
1180 1180 8.35594904268e-06
1181 1181 1.49847945238e-05
1182 1182 4748.017419
1183 1183 2567.62020506
1184 1184 8.07181688951e-06
1185 1185 3.42437022829e-05
1186 1186 9.91356808276e-05
1187 1187 2.1066398392e-05
1188 1188 4172.68478991
1189 1189 9.42636855063e-05
1190 1190 3.28712153008e-05
1191 1191 6.22878088646e-05
1192 1192 815.450260249
1193 1193 3.12878799923e-05
1194 1194 2.7007504158e-05
1195 1195 4.03068516303e-06
1196 1196 609.93335018
1197 1197 1829.2897225
1198 1198 3.13174195145e-05
1199 1199 7.62973829909e-05
1200 1200 7.81422299305e-05
1201 1201 5.34259456447e-05
1202 1202 3.32336445274e-05
1203 1203 2906.83018346
1204 1204 5291.56304181
1205 1205 2076.38250789
1206 1206 2.60966106252e-05
1207 1207 5.49821187344e-05
1208 1208 4.94817241456e-05
1209 1209 1.20600911546e-05
1210 1210 577.617953453
1211 1211 3.45063834682e-05
1212 1212 8.98169706578e-05
1213 1213 9.53035976062e-06
1214 1214 4.44196354965e-05
1215 1215 3.02755766693e-05
1216 1216 4475.54560777
1217 1217 6.64361392874e-05
1218 1218 6.28237271495e-05
1219 1219 4190.16700936
1220 1220 4.32790722166e-05
1221 1221 2612.90203069
1222 1222 3299.64371547
1223 1223 3.67623633919e-05
1224 1224 9.29592132851e-05
1225 1225 5.19722167436e-05
1226 1226 7.68266518664e-05
1227 1227 1.91226065443e-05
1228 1228 3.90907895116e-05
1229 1229 3.12180418393e-05
1230 1230 4.80742385609e-05
1231 1231 6.77572599276e-05
1232 1232 2204.93799974
1233 1233 648.637930416
1234 1234 1.19665037227e-06
1235 1235 8.56474532949e-05
1236 1236 3.01818653498e-05
1237 1237 5.34598872486e-05
1238 1238 4.17244419091e-05
1239 1239 1.51088433833e-05
1240 1240 6.0572876903e-05
1241 1241 4.40658501993e-05
1242 1242 3352.14047844
1243 1243 6.00857730361e-05
1244 1244 9.30701833112e-05
1245 1245 4555.17757289
1246 1246 3.05418499695e-06
1247 1247 4.63244995175e-05
1248 1248 2.13572669793e-05
1249 1249 4.13075723127e-05
1250 1250 8.30719312802e-05
1251 1251 3.91469813373e-05
1252 1252 4.97097196057e-05
1253 1253 1.0821343232e-05
1254 1254 2.69867646053e-05
1255 1255 1565.71517687
1256 1256 1.56042465279e-05
1257 1257 4592.17494386
1258 1258 3125.8631286
1259 1259 4.34478112561e-05
1260 1260 1897.65368375
1261 1261 3.7444760566e-05
1262 1262 3.84542086623e-05
1263 1263 4419.15746195
1264 1264 7.96297432545e-06
1265 1265 4.54314041846e-05
1266 1266 9.57809187931e-06
1267 1267 2.53136509419e-05
1268 1268 9.58480959186e-05
1269 1269 7.78240172892e-05
1270 1270 7.73763701932e-05
1271 1271 8.32111883418e-05
1272 1272 9.7272109667e-05
1273 1273 7.17143202398e-05
1274 1274 4.11077754777e-05
1275 1275 9.26392440632e-05
1276 1276 5.66685037859e-05
1277 1277 3246.02652509
1278 1278 2.38977005416e-05
1279 1279 1.88772138658e-05
1280 1280 3.2254148366e-05
1281 1281 6.93395735561e-05
1282 1282 9.27296188072e-05
1283 1283 1333.56560775
1284 1284 5.86241991477e-05
1285 1285 5.37011805858e-05
1286 1286 1.76599957646e-05
1287 1287 3.42096967627e-05
1288 1288 3106.943125
1289 1289 7.39879530088e-05
1290 1290 2.14305514099e-05
1291 1291 8.1532673735e-05
1292 1292 7.70044822038e-05
1293 1293 4750.43540922
1294 1294 1.18677295285e-05
1295 1295 3601.14876307
1296 1296 5.61538013009e-05
1297 1297 3.52846574777e-05
1298 1298 4.54211908428e-05
1299 1299 6.02307235892e-05
1300 1300 5.25985809681e-05
1301 1301 1.15379088512e-05
1302 1302 1.36708887942e-05
1303 1303 4013.70056633
1304 1304 2130.16047444
1305 1305 3087.93193602
1306 1306 4644.80748289
1307 1307 2.89735042072e-05
1308 1308 7.19324197291e-06
1309 1309 3.51423726254e-05
1310 1310 4.33115731568e-05
1311 1311 6.09988083527e-05
1312 1312 5.42657193367e-05
1313 1313 6.66837283137e-05
1314 1314 2.60592732956e-05
1315 1315 1.13030827627e-05
1316 1316 5.05759604253e-06
1317 1317 4656.88129942
1318 1318 1.90823712495e-05
1319 1319 7.2902827096e-05
1320 1320 3.43611207743e-05
1321 1321 3043.61250613
1322 1322 6.45162074588e-05
1323 1323 292.9137929
1324 1324 2.68744864099e-05
1325 1325 5.2290973126e-05
1326 1326 3434.32118374
1327 1327 2391.98778075
1328 1328 2.53590910083e-05
1329 1329 4.25884614261e-05
1330 1330 2417.50326116
1331 1331 7.72063339942e-05
1332 1332 1.6584064363e-05
1333 1333 9.72476381772e-05
1334 1334 5.86001514846e-05
1335 1335 1428.25336483
1336 1336 1979.94749531
1337 1337 5.01890740391e-05
1338 1338 6.52229851338e-05
1339 1339 3235.08179124
1340 1340 1839.8916736
1341 1341 2.62889910679e-05
1342 1342 3502.03746765
1343 1343 1.58272211681e-06
1344 1344 9.03152845751e-05
1345 1345 1.5619178866e-05
1346 1346 1810.93579634
1347 1347 2.11546681085e-05
1348 1348 1.85034358841e-05
1349 1349 7.29251585585e-05
1350 1350 8.45394214169e-05
1351 1351 3184.55550081
1352 1352 4.35208231643e-05
1353 1353 4.70906355577e-05
1354 1354 5.39281889756e-05
1355 1355 5.9832159466e-05
1356 1356 8.09633318594e-05
1357 1357 814.298621894
1358 1358 1.31045234223e-05
1359 1359 8.16499044845e-05
1360 1360 2.66579235298e-05
1361 1361 1714.23954786
1362 1362 2670.51207323
1363 1363 6.22923119646e-06
1364 1364 8.13454063116e-05
1365 1365 8.63612643764e-05
1366 1366 1.28191952659e-05
1367 1367 1.96923310291e-05
1368 1368 3014.95763989
1369 1369 6.21331242666e-05
1370 1370 3.54747550672e-05
1371 1371 9.1380396866e-05
1372 1372 1.71072002774e-05
1373 1373 3.9695355669e-05
1374 1374 2577.0959076
1375 1375 3.01950715035e-05
1376 1376 9.85174978566e-05
1377 1377 3.62521613538e-07
1378 1378 4523.21693243
1379 1379 2.47204670143e-05
1380 1380 6.87259113355e-05
1381 1381 8.84180966818e-05
1382 1382 5.65959006242e-05
1383 1383 1.01941717923e-05
1384 1384 7.89260767378e-05
1385 1385 2.80070073481e-05
1386 1386 8.77590903944e-05
1387 1387 3332.9591202
1388 1388 7.6811679959e-05
1389 1389 8.90257303048e-05
1390 1390 1.24682386693e-05
1391 1391 8.04865373874e-05
1392 1392 3599.72687978
1393 1393 1.85855590351e-05
1394 1394 1836.25598201
1395 1395 8.3481915824e-05
1396 1396 7.56424926968e-05
1397 1397 8.31740658078e-05
1398 1398 1509.96542366
1399 1399 4.87083282029e-06
1400 1400 4.50215730875e-05
1401 1401 4868.08020093
1402 1402 1.36956711537e-05
1403 1403 6.48337279137e-05
1404 1404 8.14811312821e-05
1405 1405 4.01525513439e-05
1406 1406 3075.25646984
1407 1407 7.61852377015e-05
1408 1408 5.61254027372e-05
1409 1409 2279.69723817
1410 1410 1.47253800155e-05
1411 1411 8.25689206162e-05
1412 1412 4.59060446817e-05
1413 1413 1.19012981486e-05
1414 1414 4.87242115648e-05
1415 1415 156.023913884
1416 1416 9.06210369374e-06
1417 1417 8.83735394934e-05
1418 1418 4.9010001163e-05
1419 1419 4.11770779024e-05
1420 1420 1.21050380259e-05
1421 1421 160.410472359
1422 1422 3.4208006313e-06
1423 1423 2.60795558043e-05
1424 1424 7.24903843336e-05
1425 1425 9.5540170876e-05
1426 1426 5.39719054939e-05
1427 1427 6.20729965459e-05
1428 1428 4.50722097389e-05
1429 1429 2.32603555968e-05
1430 1430 3930.40828607
1431 1431 6.2683468446e-05
1432 1432 3752.9617784
1433 1433 2962.1171493
1434 1434 3708.26394889
1435 1435 1056.96405255
1436 1436 9.41861014046e-05
1437 1437 1.44961150928e-05
1438 1438 3.22881248989e-05
1439 1439 1.79270024896e-05
1440 1440 4707.47271764
1441 1441 2.4642438468e-06
1442 1442 4.01155904773e-05
1443 1443 1.99150232911e-05
1444 1444 5.9663686744e-05
1445 1445 6.27807936116e-05
1446 1446 2.36365844055e-05
1447 1447 2.50070377124e-05
1448 1448 4134.24190402
1449 1449 4.97592443137e-05
1450 1450 9.9409124839e-05
1451 1451 1.25506623854e-05
1452 1452 6.28550440519e-05
1453 1453 7.82629678109e-05
1454 1454 6.73440079074e-06
1455 1455 8.52815367178e-05
1456 1456 4.94530965242e-05
1457 1457 7.97390422104e-05
1458 1458 6.47299517047e-05
1459 1459 4.67661959113e-05
1460 1460 8.02804348518e-05
1461 1461 5.27020037188e-05
1462 1462 3.96835059646e-06
1463 1463 4.09492198573e-05
1464 1464 3.20608047752e-05
1465 1465 7.29598853183e-05
1466 1466 2301.00625627
1467 1467 5.96151757779e-05
1468 1468 9.65042653631e-05
1469 1469 7.08580060119e-05
1470 1470 9.86322222614e-05
1471 1471 4.83020293286e-05
1472 1472 4.01419998334e-05
1473 1473 1446.78701664
1474 1474 7.71707749623e-05
1475 1475 8.06073676209e-05
1476 1476 3066.44391362
1477 1477 4.42815003225e-05
1478 1478 6.22734695456e-05
1479 1479 4.22745843045e-05
1480 1480 5248.26371955
1481 1481 8.90077009559e-05
1482 1482 9.807761816e-05
1483 1483 8.75341838808e-05
1484 1484 3.10147801744e-05
1485 1485 5.08517652194e-05
1486 1486 5.80131040585e-06
1487 1487 7.36437664115e-05
1488 1488 1.82531166789e-05
1489 1489 4264.00114859
1490 1490 7.72968992914e-05
1491 1491 7.7730493219e-05
1492 1492 4522.70044599
1493 1493 5.54218290241e-05
1494 1494 2788.73720374
1495 1495 1.90675204863e-05
1496 1496 8.10926424895e-05
1497 1497 3.4290575148e-05
1498 1498 3.94653774297e-05
1499 1499 3.25989193034e-05
1500 1500 1874.94974986
1501 1501 5392.2990827
1502 1502 3.26467208657e-05
1503 1503 7.71615546666e-06
1504 1504 7.73762683772e-05
1505 1505 6.68449644449e-05
1506 1506 2567.67929533
1507 1507 1369.0768448
1508 1508 7.82947652715e-05
1509 1509 8.80197491173e-05
1510 1510 5.01368870499e-05
1511 1511 3843.34486124
1512 1512 7.64939175899e-05
1513 1513 4.14415929904e-05
1514 1514 5.60311230464e-05
1515 1515 5.50594655948e-05
1516 1516 3.33102231771e-05
1517 1517 291.998098802
1518 1518 4.54559790393e-05
1519 1519 798.312630598
1520 1520 1.80989581334e-05
1521 1521 134.921770784
1522 1522 6.5918234561e-05
1523 1523 1321.72241738
1524 1524 8.40688927774e-05
1525 1525 3.42327338284e-05
1526 1526 2.46174253033e-05
1527 1527 2.25263980214e-05
1528 1528 8.02656803291e-05
1529 1529 3383.32091429
1530 1530 1.3934602435e-05
1531 1531 8.07850467527e-05
1532 1532 5.45034032252e-05
1533 1533 3820.58363514
1534 1534 5.75040818653e-05
1535 1535 8.26777220523e-05
1536 1536 6.22769885875e-05
1537 1537 9.45236005316e-05
1538 1538 3.58966543954e-05
1539 1539 2765.5832445
1540 1540 1.77253755676e-05
1541 1541 6.52602753209e-05
1542 1542 8.20452901471e-05
1543 1543 1.52227498606e-05
1544 1544 18.7012088662
1545 1545 2.63335212302e-05
1546 1546 8.34852855549e-05
1547 1547 5.67861458277e-05
1548 1548 1.28217000921e-06
1549 1549 1024.55387202
1550 1550 4828.27983153
1551 1551 908.210922522
1552 1552 8.11182956279e-06
1553 1553 3.50505342306e-05
1554 1554 5.16577557769e-06
1555 1555 4191.3251588
1556 1556 4.73888374069e-05
1557 1557 6.87268094776e-05
1558 1558 1.15395218117e-05
1559 1559 5441.25646836
1560 1560 1.80052454697e-05
1561 1561 8.83701269936e-05
1562 1562 1.50548927851e-05
1563 1563 2672.2347942
1564 1564 8.01574259354e-05
1565 1565 5472.23184456
1566 1566 8.78128750079e-05
1567 1567 61.284761137
1568 1568 58.1194098465
1569 1569 8.40872238167e-05
1570 1570 5.43416745266e-05
1571 1571 9.93318668782e-05
1572 1572 8.26969576113e-05
1573 1573 6.62485669689e-05
1574 1574 1.66611602465e-06
1575 1575 5.10808538391e-05
1576 1576 5.22857227725e-05
1577 1577 861.463804486
1578 1578 6.75894798469e-05
1579 1579 824.195843621
1580 1580 5.80557407798e-05
1581 1581 3.54690858639e-05
1582 1582 6.24602289401e-05
1583 1583 3.0620563899e-05
1584 1584 2331.06718141
1585 1585 6.37889632571e-05
1586 1586 8.15769470678e-05
1587 1587 1348.69452903
1588 1588 1.2144560148e-05
1589 1589 2.59719193092e-05
1590 1590 3429.07099444
1591 1591 4.6895203569e-06
1592 1592 3042.30292317
1593 1593 5345.29866258
1594 1594 2.7461117416e-05
1595 1595 5.53246169512e-05
1596 1596 1579.27629884
1597 1597 3.19999715363e-05
1598 1598 5009.04369629
1599 1599 2.14315239753e-05
1600 1600 9.09881388587e-05
1601 1601 2.88333285913e-05
1602 1602 6.84850695296e-05
1603 1603 9.61536327775e-05
1604 1604 915.020070029
1605 1605 964.984414947
1606 1606 3.92286872056e-05
1607 1607 656.691626857
1608 1608 2.49886548024e-05
1609 1609 1816.25386792
1610 1610 3.20383457236e-05
1611 1611 9.53402391606e-05
1612 1612 8.39372376315e-05
1613 1613 281.944968643
1614 1614 5.97185877142e-05
1615 1615 7.55017547446e-05
1616 1616 4850.34599055
1617 1617 592.795006061
1618 1618 2.97154203706e-05
1619 1619 5.51918530106e-05
1620 1620 8.25377534241e-05
1621 1621 2.0826133494e-05
1622 1622 3926.78710473
1623 1623 2433.91678698
1624 1624 5.50684741915e-05
1625 1625 3.32400772052e-05
1626 1626 8.32369092432e-05
1627 1627 6.25513336981e-06
1628 1628 8.2374098189e-06
1629 1629 9.39168076405e-05
1630 1630 5.19963202642e-05
1631 1631 1.50903363778e-05
1632 1632 294.801981762
1633 1633 7.18510288891e-05
1634 1634 4.88686142957e-05
1635 1635 6.87426217813e-05
1636 1636 4.87898213865e-05
1637 1637 8.88221607435e-05
1638 1638 1430.59665792
1639 1639 5.54909788771e-05
1640 1640 6.86778276179e-05
1641 1641 2.65657075866e-05
1642 1642 9.43053710924e-05
1643 1643 6.24634204344e-06
1644 1644 5063.73124897
1645 1645 3.91632858632e-05
1646 1646 4.26160109857e-05
1647 1647 4338.05581983
1648 1648 2.0472800258e-05
1649 1649 865.540222731
1650 1650 1.84482388967e-05
1651 1651 4.97313056746e-05
1652 1652 1719.2629498
1653 1653 6.22156756562e-05
1654 1654 4.78120907668e-05
1655 1655 7.13303213672e-06
1656 1656 1.7318301457e-05
1657 1657 1733.16357447
1658 1658 3.75721960044e-05
1659 1659 1882.08595649
1660 1660 2.19996820018e-05
1661 1661 3.21684539509e-06
1662 1662 9.60094576982e-06
1663 1663 2.29569365121e-05
1664 1664 2506.3430631
1665 1665 8.32201918076e-05
1666 1666 2356.12637004
1667 1667 3280.3449412
1668 1668 1008.68550797
1669 1669 3.29465592217e-05
1670 1670 6.23772154286e-05
1671 1671 2195.10573464
1672 1672 1.74259236972e-05
1673 1673 6.32932699082e-05
1674 1674 4.68381128065e-05
1675 1675 3.25818480265e-07
1676 1676 9.30490780729e-05
1677 1677 6.10110062352e-05
1678 1678 3661.48142353
1679 1679 4.52764573507e-05
1680 1680 5.39860332763e-05
1681 1681 3.25665516295e-05
1682 1682 3671.60745372
1683 1683 8.1480122049e-05
1684 1684 3.34921095576e-05
1685 1685 2.46588314359e-05
1686 1686 4.10546346203e-05
1687 1687 3.58667952704e-05
1688 1688 6.9459639262e-05
1689 1689 2.49877555001e-05
1690 1690 5.13820998648e-05
1691 1691 2.52290116821e-05
1692 1692 9.64632132205e-05
1693 1693 3.0365739717e-05
1694 1694 4652.15100212
1695 1695 8.13588556691e-05
1696 1696 3.22027736939e-05
1697 1697 4.76446069383e-05
1698 1698 9.78894880542e-05
1699 1699 6.52303171052e-05
1700 1700 1.23854717713e-05
1701 1701 3.50106870305e-06
1702 1702 4.11470268964e-05
1703 1703 7.74543394625e-06
1704 1704 3.32742269415e-05
1705 1705 2.34204559479e-05
1706 1706 7.16432886345e-05
1707 1707 2.77897393739e-05
1708 1708 5.7035888541e-05
1709 1709 2.00264159197e-06
1710 1710 5307.74669422
1711 1711 6.86103424124e-05
1712 1712 6.79134552758e-05
1713 1713 8.14035907692e-05
1714 1714 4880.24707686
1715 1715 2.76652043491e-06
1716 1716 8.28399833045e-05
1717 1717 7.01231543327e-05
1718 1718 6.6645151931e-05
1719 1719 3.06828963804e-05
1720 1720 2.01375844952e-05
1721 1721 3.00674410693e-05
1722 1722 7.0089237396e-05
1723 1723 7.75020655916e-05
1724 1724 3593.19014193
1725 1725 5.67332765835e-05
1726 1726 6.24233426981e-05
1727 1727 5.71928003855e-05
1728 1728 1.30092418692e-05
1729 1729 9.72502266674e-05
1730 1730 2360.86515191
1731 1731 7.84032680535e-05
1732 1732 4.42801805642e-05
1733 1733 3.77941113708e-05
1734 1734 1519.0515828
1735 1735 7.2825672628e-05
1736 1736 6.37709660651e-05
1737 1737 4.15896087187e-05
1738 1738 3156.31588999
1739 1739 5.94419807353e-05
1740 1740 7.40855722232e-05
1741 1741 6.45056427445e-05
1742 1742 4.97278829984e-05
1743 1743 1.09454785311e-05
1744 1744 7.32889594405e-05
1745 1745 2183.44550711
1746 1746 793.323627863
1747 1747 8.7333476042e-05
1748 1748 5382.21611793
1749 1749 2123.38520006
1750 1750 1249.02821428
1751 1751 1430.07030076
1752 1752 4.98790422739e-05
1753 1753 9.7803152693e-05
1754 1754 1527.56262455
1755 1755 225.486953557
1756 1756 7.37598531764e-05
1757 1757 9.10139675393e-05
1758 1758 2.8398814745e-05
1759 1759 1524.1806572
1760 1760 2.86115229983e-05
1761 1761 6.66675494156e-06
1762 1762 5.84267396302e-05
1763 1763 6.28766939059e-06
1764 1764 8.03537226729e-05
1765 1765 5.18825383005e-05
1766 1766 7.21127899985e-05
1767 1767 7.20431318169e-05
1768 1768 6.51387268054e-05
1769 1769 6.47172972119e-05
1770 1770 4562.67472119
1771 1771 5.79589291089e-05
1772 1772 6.97531425239e-05
1773 1773 4888.89727016
1774 1774 5.5387337573e-05
1775 1775 6.20662190835e-05
1776 1776 6.40193451537e-05
1777 1777 6.01440874829e-05
1778 1778 5.28014804695e-05
1779 1779 5.42567839111e-05
1780 1780 1011.82310436
1781 1781 7.67412146016e-05
1782 1782 1.87212423986e-05
1783 1783 8.28932802011e-05
1784 1784 276.328223948
1785 1785 7.68101353486e-05
1786 1786 5.13663759093e-05
1787 1787 3497.69577858
1788 1788 6.64713226908e-05
1789 1789 7.28265997649e-05
1790 1790 1.98075152401e-06
1791 1791 2156.21530734
1792 1792 7.60961028008e-05
1793 1793 5.00978565851e-05
1794 1794 4937.5346453
1795 1795 9.9259414669e-05
1796 1796 8.41010774308e-05
1797 1797 9.22646692627e-05
1798 1798 7.09183591243e-05
1799 1799 4.04256276808e-07
1800 1800 2.04472418368e-05
1801 1801 4.05559677919e-06
1802 1802 7.84194082936e-05
1803 1803 4.84526526551e-05
1804 1804 1.51135483097e-05
1805 1805 4.23783834392e-05
1806 1806 5.09862633061e-05
1807 1807 7.9774456654e-05
1808 1808 4.01007662103e-05
1809 1809 2.67622064894e-05
1810 1810 9.0678218227e-05
1811 1811 1.03276497551e-05
1812 1812 3.99544649596e-05
1813 1813 1.84164904626e-05
1814 1814 9.25767603445e-05
1815 1815 3537.64161851
1816 1816 3999.21532777
1817 1817 4923.36639346
1818 1818 6.02694645314e-05
1819 1819 2039.38718247
1820 1820 2.97268648937e-05
1821 1821 2.49716482787e-05
1822 1822 4.51304354631e-05
1823 1823 4.27071118432e-05
1824 1824 2089.45495585
1825 1825 9.55972844209e-05
1826 1826 7.13541474168e-06
1827 1827 5.04808496826e-05
1828 1828 5.26890638412e-05
1829 1829 828.56261184
1830 1830 2792.39655075
1831 1831 9.90094816412e-06
1832 1832 8.54447056247e-05
1833 1833 8.21109102323e-05
1834 1834 6.95762815387e-05
1835 1835 8.09355377162e-05
1836 1836 4.40144973155e-05
1837 1837 4129.23274301
1838 1838 8.6287514138e-05
1839 1839 2089.02657004
1840 1840 4.37004319555e-05
1841 1841 1.66713606217e-05
1842 1842 9.64686336131e-05
1843 1843 2.22981752292e-05
1844 1844 2105.36443513
1845 1845 8.42460323291e-05
1846 1846 6.00511377826e-05
1847 1847 2.0645908689e-05
1848 1848 7.88776572771e-05
1849 1849 2.6915342414e-05
1850 1850 2889.85272777
1851 1851 1.06978368406e-05
1852 1852 7.23150193397e-05
1853 1853 1.68910272992e-05
1854 1854 2722.66833243
1855 1855 6.89639093075e-05
1856 1856 2307.61255606
1857 1857 3.97835219284e-05
1858 1858 1.18773638015e-05
1859 1859 4.10122799942e-05
1860 1860 8.63670208186e-05
1861 1861 7.85367436805e-05
1862 1862 4.25218503902e-05
1863 1863 8.72482745042e-05
1864 1864 5349.32569677
1865 1865 8.51647251381e-05
1866 1866 6.22316002501e-05
1867 1867 4236.38998172
1868 1868 2.37347351017e-05
1869 1869 7.58492799633e-05
1870 1870 1957.1810173
1871 1871 2549.85005336
1872 1872 1.44158998992e-05
1873 1873 2204.07688469
1874 1874 1881.58514957
1875 1875 5.07029548209e-05
1876 1876 9.87098936824e-05
1877 1877 7.00357566964e-05
1878 1878 6.00648386653e-05
1879 1879 9.24684685311e-05
1880 1880 4.60504144862e-05
1881 1881 8.9689366418e-05
1882 1882 1.160468252e-05
1883 1883 8.1267696711e-05
1884 1884 2.2698771352e-05
1885 1885 772.835344978
1886 1886 7.53715259227e-05
1887 1887 1.20755028185e-06
1888 1888 8.80433646089e-05
1889 1889 9.61386919029e-05
1890 1890 1345.16347189
1891 1891 7.87504040217e-05
1892 1892 2.3579168523e-05
1893 1893 5.01399272286e-05
1894 1894 8.07495624564e-05
1895 1895 5.13874911387e-05
1896 1896 3.66421533551e-05
1897 1897 3431.31341068
1898 1898 9.59665451906e-05
1899 1899 6.49775101187e-05
1900 1900 2127.41003097
1901 1901 7.25042688428e-05
1902 1902 3.82788813784e-05
1903 1903 8.12275464008e-05
1904 1904 3385.23376354
1905 1905 3757.2010439
1906 1906 3660.91413943
1907 1907 1.18241062728e-05
1908 1908 6.82410890242e-05
1909 1909 1587.12184544
1910 1910 3978.52583548
1911 1911 7.51201310274e-05
1912 1912 8.71716743215e-05
1913 1913 2.10906118945e-05
1914 1914 4231.47769728
1915 1915 5211.1840862
1916 1916 4.03057455722e-05
1917 1917 2003.39689175
1918 1918 1623.31991016
1919 1919 1.49132241466e-05
1920 1920 9.12841596576e-05
1921 1921 5.08230040524e-05
1922 1922 3.86059263502e-05
1923 1923 395.875647677
1924 1924 4822.72694446
1925 1925 5.14764513455e-05
1926 1926 5382.96949928
1927 1927 2799.29638319
1928 1928 5506.38094217
1929 1929 7.47063172824e-05
1930 1930 3.25707638805e-05
1931 1931 2.97956664902e-05
1932 1932 3.78887005295e-05
1933 1933 3756.44780711
1934 1934 7.85313296184e-05
1935 1935 1.45758622771e-05
1936 1936 1.94744476123e-05
1937 1937 1.64095873732e-05
1938 1938 4716.83634159
1939 1939 6.33223906204e-05
1940 1940 7.50463493902e-05
1941 1941 1757.0358341
1942 1942 7.22669866568e-05
1943 1943 4.51880659521e-06
1944 1944 2996.80952143
1945 1945 8.80611499359e-05
1946 1946 5.86005519294e-05
1947 1947 7.56879635464e-05
1948 1948 1113.03859845
1949 1949 1371.36768442
1950 1950 4.81863462576e-05
1951 1951 8.95164760683e-05
1952 1952 5.38485876849e-05
1953 1953 6.63276471502e-07
1954 1954 2965.55776869
1955 1955 7.04809088164e-05
1956 1956 6.40990707283e-05
1957 1957 8.53937295014e-05
1958 1958 4.38790593138e-05
1959 1959 5.57376345123e-05
1960 1960 4300.30522011
1961 1961 7.87429639399e-05
1962 1962 2492.04313777
1963 1963 1.23036197811e-05
1964 1964 9.12042278304e-05
1965 1965 5.56923309155e-05
1966 1966 2327.09471099
1967 1967 211.612710669
1968 1968 6.19785511109e-05
1969 1969 4697.04563403
1970 1970 4.9335373436e-05
1971 1971 1.83647059924e-05
1972 1972 2.5724009946e-05
1973 1973 3.59795948021e-05
1974 1974 4.54150448596e-05
1975 1975 5.89740312472e-05
1976 1976 8.69454676349e-05
1977 1977 9.20498727951e-05
1978 1978 1.53314405026e-05
1979 1979 6.33403556923e-05
1980 1980 5.94566569102e-06
1981 1981 2.65904951536e-05
1982 1982 2.41287802102e-05
1983 1983 3.5553081651e-05
1984 1984 2.21942578493e-05
1985 1985 1.93134516207e-05
1986 1986 9.16942027539e-05
1987 1987 1.72277525314e-05
1988 1988 771.826946256
1989 1989 6.49387840167e-05
1990 1990 8.30784724193e-06
1991 1991 8.20346326511e-05
1992 1992 253.024766374
1993 1993 3.30897858543e-05
1994 1994 4.44729614537e-05
1995 1995 3916.40245285
1996 1996 2.73288293457e-05
1997 1997 1.52120317396e-05
1998 1998 4.44701321326e-05
1999 1999 3.3784551106e-05
2000 2000 7.71938157585e-05
2001 2001 3517.55527149
2002 2002 42.7276510536
2003 2003 7.88151088768e-05
2004 2004 4.07016608482e-05
2005 2005 2972.74510459
2006 2006 4.36882077444e-05
2007 2007 3857.51017656
2008 2008 2.91022649632e-05
2009 2009 3.64440832544e-05
2010 2010 5.62122400331e-05
2011 2011 9.70496418112e-05
2012 2012 6.22468270791e-05
2013 2013 4414.98993835
2014 2014 2209.95244218
2015 2015 3.99964924474e-05
2016 2016 3.02014343561e-05
2017 2017 3.64975253668e-05
2018 2018 6.00751128244e-05
2019 2019 4.07324357538e-05
2020 2020 8.96302605341e-05
2021 2021 6.88820054323e-05
2022 2022 2.03268290597e-05
2023 2023 4578.18990296
2024 2024 429.182710256
2025 2025 7.14384426384e-05
2026 2026 4.92604507137e-05
2027 2027 9.66499843082e-05
2028 2028 7.3147570396e-05
2029 2029 3.36192098264e-05
2030 2030 3654.72528611
2031 2031 4.19460993177e-05
2032 2032 5448.42172148
2033 2033 2.71471481166e-05
2034 2034 2544.03226953
2035 2035 2605.48783831
2036 2036 5.27919690882e-06
2037 2037 3.72557808208e-05
2038 2038 5.03437237224e-05
2039 2039 7.792789005e-06
2040 2040 8.40006201508e-05
2041 2041 5.30198293208e-05
2042 2042 3352.69171946
2043 2043 6.54144130214e-06
2044 2044 4.38710520491e-05
2045 2045 388.558592657
2046 2046 4.22348768327e-05
2047 2047 6.46545941875e-05
2048 2048 9.06141730646e-05
2049 2049 6.04804377418e-05
2050 2050 4.01833042523e-05
2051 2051 2.69253308001e-05
2052 2052 4.82908019915e-05
2053 2053 1.991863397e-05
2054 2054 2382.1127738
2055 2055 7.34099559896e-05
2056 2056 1899.36973278
2057 2057 5.1638059436e-05
2058 2058 9.62688575211e-05
2059 2059 6.20417512805e-05
2060 2060 5.18009416365e-05
2061 2061 5.50166092532e-05
2062 2062 8.5055952612e-05
2063 2063 4.44208638174e-05
2064 2064 8.83071681796e-05
2065 2065 3638.62940088
2066 2066 2288.3369994
2067 2067 3445.25427299
2068 2068 3.49506944752e-05
2069 2069 4868.9316938
2070 2070 4.16477388797e-05
2071 2071 4.47759766532e-06
2072 2072 4.81913949583e-06
2073 2073 4.79700974575e-05
2074 2074 5.74400611668e-05
2075 2075 1045.6655862
2076 2076 3734.80660449
2077 2077 1672.56993744
2078 2078 7.03933687788e-05
2079 2079 3.26872582796e-05
2080 2080 3.87936709609e-05
2081 2081 4.95771847092e-06
2082 2082 2.05909533481e-05
2083 2083 2.93182969984e-05
2084 2084 7.31010818962e-05
2085 2085 8.66454379833e-05
2086 2086 6.21130120865e-05
2087 2087 6.48630922046e-05
2088 2088 3088.94075278
2089 2089 5.74761260554e-05
2090 2090 6.82981417569e-05
2091 2091 316.385392996
2092 2092 8.01509254702e-06
2093 2093 5322.43562536
2094 2094 2.34837677181e-05
2095 2095 8.88009967567e-05
2096 2096 4.29936930548e-05
2097 2097 1.58884106067e-05
2098 2098 398.949439884
2099 2099 2.40559290646e-05
2100 2100 8.29124012939e-05
2101 2101 1.07737393688e-05
2102 2102 8.27579877725e-05
2103 2103 5.95298657929e-05
2104 2104 944.630546398
2105 2105 2644.52058403
2106 2106 3.52443345711e-05
2107 2107 961.080329782
2108 2108 2.38997742753e-05
2109 2109 5.50385573637e-05
2110 2110 4.75817169478e-05
2111 2111 6.25804028933e-05
2112 2112 9.9034025077e-05
2113 2113 2.14003769462e-05
2114 2114 2514.61221693
2115 2115 4.97448636044e-06
2116 2116 7.81191699437e-05
2117 2117 6.97606743725e-05
2118 2118 8.93744201935e-05
2119 2119 4007.94954015
2120 2120 3.60002877429e-05
2121 2121 6.84772762555e-05
2122 2122 9.49529842354e-05
2123 2123 4.0667481605e-05
2124 2124 4.78048034438e-05
2125 2125 5096.98634135
2126 2126 6.78648650081e-05
2127 2127 1.52178523073e-05
2128 2128 2.03437543719e-05
2129 2129 2.60909659501e-05
2130 2130 4163.39319086
2131 2131 3.73798311915e-05
2132 2132 6.48455699882e-05
2133 2133 33.7689555489
2134 2134 2.25057543144e-05
2135 2135 3.42973764702e-05
2136 2136 4632.3951112
