1 1 4002.47204825
2 2 6.73977200173e-05
3 3 5.70842840767e-05
4 4 5213.86311364
5 5 1.65392711601e-05
6 6 2.22526045944e-06
7 7 3.40543027849e-05
8 8 6.34560207193e-05
9 9 1.72150028887e-05
10 10 6.20423817568e-05
11 11 1.28444600213e-05
12 12 8.63540347006e-05
13 13 3.21129943751e-05
14 14 3857.27616723
15 15 2126.49468695
16 16 8.62602626641e-05
17 17 5.99212232805e-05
18 18 4539.74729481
19 19 8.45215909886e-05
20 20 3222.51068473
21 21 5198.25099283
22 22 7.80836019823e-07
23 23 5.9497100327e-05
24 24 7.77537278647e-05
25 25 3.40515323295e-07
26 26 2833.11350596
27 27 5.48991458671e-05
28 28 8.92495710285e-05
29 29 8.7521586786e-05
30 30 1.83336038599e-05
31 31 1.40757874305e-05
32 32 1.8785374497e-05
33 33 1.35884672511e-05
34 34 2385.24855828
35 35 3.89488554635e-05
36 36 2.76293938136e-05
37 37 2.80346497998e-05
38 38 9.8461718272e-05
39 39 5.07136317407e-05
40 40 6.77821159946e-05
41 41 4.72044195348e-05
42 42 4.06301793377e-05
43 43 7.15394743019e-05
44 44 3.32299046198e-06
45 45 2244.5652529
46 46 5.63109031554e-06
47 47 1.28507650248e-05
48 48 2.47058079143e-05
49 49 4278.24116593
50 50 2081.78246905
51 51 9.83778211893e-05
52 52 5425.65056511
53 53 1.70427872722e-06
54 54 1.85295702649e-05
55 55 2348.87955237
56 56 2.35087626796e-05
57 57 6.256820578e-05
58 58 2.41856457004e-05
59 59 3.46104888397e-05
60 60 1.58504276702e-05
61 61 4556.66794909
62 62 2.91935569607e-05
63 63 1.65704045659e-05
64 64 1.28074820358e-05
65 65 9.33758572312e-05
66 66 897.034108709
67 67 1545.08668738
68 68 2.17753615282e-05
69 69 1654.15897513
70 70 8.38626407261e-05
71 71 4567.06832702
72 72 6.05848140442e-05
73 73 3893.95074814
74 74 3504.47013439
75 75 2.94102877622e-06
76 76 2.1176623642e-05
77 77 4.33875751846e-05
78 78 7.76801712169e-05
79 79 3.04868126742e-05
80 80 1.19320000658e-05
81 81 6.45124282968e-05
82 82 2.86975630615e-05
83 83 8.23632319338e-05
84 84 7.49958867003e-05
85 85 2.51810543526e-05
86 86 607.39302242
87 87 9.09916990472e-05
88 88 7.83810744977e-05
89 89 2.53637667699e-05
90 90 4335.22119695
91 91 6.56248049351e-06
92 92 4991.35472233
93 93 3536.99295865
94 94 1.4506189649e-05
95 95 7.5743806965e-05
96 96 8.32038908212e-05
97 97 2.43810563303e-05
98 98 6.37613059884e-05
99 99 2039.40232514
100 100 4.29338398651e-05
101 101 6.45096262862e-05
102 102 5.7874000114e-05
103 103 1154.21427906
104 104 9.26349866612e-05
105 105 6.388074799e-05
106 106 7.24261999991e-05
107 107 2.48592706411e-05
108 108 8.26483243251e-05
109 109 4607.87133453
110 110 1.71509328897e-05
111 111 3.48001054173e-05
112 112 596.981109118
113 113 5.09113253722e-05
114 114 7.22441080255e-05
115 115 3.48519076331e-05
116 116 363.607094925
117 117 9.71445184446e-05
118 118 7.9113021951e-05
119 119 6.89871070339e-05
120 120 5.03131252381e-05
121 121 856.546110176
122 122 1231.5242915
123 123 3.45087782333e-05
124 124 891.831146312
125 125 2.59075723486e-05
126 126 2.95574157946e-05
127 127 1270.83641672
128 128 4.56798701552e-05
129 129 8.32697944064e-07
130 130 6.35490128737e-05
131 131 6.78905085729e-05
132 132 8.60605058381e-05
133 133 8.55203542792e-05
134 134 9.29225446688e-05
135 135 4320.88485646
136 136 9.27890137016e-05
137 137 981.624251111
138 138 3.5642291032e-05
139 139 2.0585117751e-05
140 140 3469.82804083
141 141 1.2391024689e-05
142 142 8.0219653331e-05
143 143 4940.91236234
144 144 7.8324623552e-05
145 145 3135.49392261
146 146 1.18207255502e-06
147 147 2.24653640084e-05
148 148 5.31565674069e-06
149 149 3.56822515818e-05
150 150 5.50284956074e-05
151 151 3.65277138376e-05
152 152 8.66659101154e-05
153 153 7.78055386557e-05
154 154 2.7953945071e-05
155 155 4.17410383156e-05
156 156 4.60889392826e-06
157 157 8.99330131378e-05
158 158 4.55001024444e-05
159 159 3.59216368655e-05
160 160 4128.10316605
161 161 1.71069944028e-05
162 162 1.29960822869e-05
163 163 3.83937715712e-06
164 164 5.55935450799e-05
165 165 1525.82715192
166 166 3.68827431144e-05
167 167 7.6657605991e-05
168 168 7.81877339718e-05
169 169 2.53319190999e-05
170 170 4.18690963597e-05
171 171 1.23395934313e-05
172 172 982.798446767
173 173 3.26685110626e-05
174 174 3147.53240634
175 175 2.62498783175e-05
176 176 1.75143979074e-05
177 177 8.54458053253e-05
178 178 4.89496553314e-05
179 179 8.61648278433e-05
180 180 6.77734807782e-05
181 181 2.744447096e-06
182 182 2.49207469201e-05
183 183 8.45070530073e-05
184 184 9.95474924531e-05
185 185 9.91389402323e-05
186 186 9.48372210808e-05
187 187 7.77629258641e-05
188 188 5.18560735266e-05
189 189 5.66913675444e-05
190 190 1.57502771224e-05
191 191 2.8609327175e-05
192 192 5.44160103607e-05
193 193 4450.78434399
194 194 3.34774175179e-05
195 195 100.182232566
196 196 6.75486754592e-05
197 197 4.01187163003e-05
198 198 3.39232021926e-05
199 199 4.09500227613e-05
200 200 9.50654051473e-05
201 201 2.35218765109e-05
202 202 4512.40679429
203 203 2.55135998928e-05
204 204 2.32761898498e-05
205 205 4.31603396563e-05
206 206 8.24528904167e-05
207 207 10.9757889369
208 208 9.38062265646e-05
209 209 3.04268857288e-05
210 210 1942.17421723
211 211 4292.31820705
212 212 2.30973264023e-05
213 213 2196.50474884
214 214 1.080101914e-05
215 215 7.25393090563e-05
216 216 2.29014969309e-05
217 217 6.07174478087e-05
218 218 1351.93021945
219 219 7.43522166473e-05
220 220 5176.01250672
221 221 9.67942359287e-06
222 222 5.8389223713e-05
223 223 8.29164223577e-05
224 224 5396.35735656
225 225 6.39898792783e-05
226 226 2777.69801581
227 227 6.34750761534e-05
228 228 5383.72050731
229 229 9.80740277489e-05
230 230 7.97640100717e-05
231 231 5.5243883224e-07
232 232 1.1075640922e-05
233 233 3653.41680982
234 234 3.0670473791e-06
235 235 5058.27093013
236 236 4.41372584217e-06
237 237 4.53504164844e-05
238 238 1.10984145027e-05
239 239 1.92886475792e-05
240 240 2.29861493291e-06
241 241 5.71527985123e-05
242 242 9.72646068896e-05
243 243 1644.02013596
244 244 1.94381959088e-06
245 245 6.66976159056e-05
246 246 1.03910735671e-05
247 247 1207.23470106
248 248 937.467230687
249 249 1.58162329452e-05
250 250 6.69779517011e-05
251 251 3.37672826266e-05
252 252 5.94679496619e-05
253 253 6.76480339548e-05
254 254 1.37157039976e-06
255 255 1.21801649067e-05
256 256 5.76071118253e-06
257 257 5.78867325386e-05
258 258 8.79827024086e-05
259 259 2536.37303826
260 260 2641.60583743
261 261 8.45686098176e-06
262 262 1.11206992253e-06
263 263 4.67634473844e-05
264 264 2384.97036564
265 265 3033.97280387
266 266 4.24956803368e-05
267 267 359.512529282
268 268 6.42599629942e-05
269 269 9.74261908801e-05
270 270 3.26848287471e-05
271 271 4954.60585345
272 272 2700.35725632
273 273 1876.35305732
274 274 1.41535029095e-05
275 275 2802.16605891
276 276 1022.53682467
277 277 7.60406925224e-05
278 278 5.33661856552e-05
279 279 1.52359549303e-05
280 280 4.18265950719e-05
281 281 8.78956082011e-05
282 282 8.39124111714e-05
283 283 4301.71363394
284 284 1.89934302812e-05
285 285 7.80276989436e-05
286 286 73.3715257324
287 287 3243.22407038
288 288 2.94275022405e-05
289 289 3.93838143997e-05
290 290 8.26788286023e-05
291 291 4.18890797527e-05
292 292 5.25944317166e-05
293 293 7.69623035899e-05
294 294 1.43031593569e-05
295 295 1.1259428361e-06
296 296 3.80065084972e-05
297 297 2.89862263636e-05
298 298 5.96295567527e-05
299 299 6.5701115006e-05
300 300 2.45942765858e-05
301 301 8.16284531868e-05
302 302 2229.38175225
303 303 2.43313859413e-05
304 304 8.51307279402e-05
305 305 5.51975934834e-05
306 306 3.42303239783e-05
307 307 6.10482205139e-05
308 308 8.36343195566e-05
309 309 1.11608574628e-05
310 310 5.40594343664e-05
311 311 7.92858563597e-05
312 312 1.71626466842e-05
313 313 7.27953529979e-05
314 314 1021.96662808
315 315 957.374448899
316 316 7.38281996502e-05
317 317 5.96627940038e-05
318 318 8.57524386066e-05
319 319 1084.88778316
320 320 7.2079439277e-05
321 321 4094.09686628
322 322 3.7740507921e-05
323 323 8.67107060962e-05
324 324 8.89210491241e-05
325 325 330.479464663
326 326 4.83492163829e-05
327 327 4.1225921376e-05
328 328 5.67209377021e-05
329 329 4366.12221976
330 330 1.37182279845e-05
331 331 3.02242300297e-06
332 332 1.70548347008e-05
333 333 4590.36680755
334 334 3.07479039274e-05
335 335 9.89833656419e-06
336 336 2781.82677707
337 337 1.73978878326e-05
338 338 2315.2113673
339 339 7.53217052994e-05
340 340 9.8519328779e-05
341 341 1.00275413044e-06
342 342 7.22341205496e-05
343 343 8.93826272014e-05
344 344 9.27289273879e-05
345 345 5.59529493579e-05
346 346 6.56690743018e-05
347 347 4477.94103578
348 348 2111.87396348
349 349 3768.08975943
350 350 9.31651046457e-05
351 351 3486.34808704
352 352 3264.01430185
353 353 3.418828628e-05
354 354 6.29282659618e-05
355 355 4569.1260677
356 356 5.10948647453e-05
357 357 7.09376880478e-05
358 358 6.2650077579e-06
359 359 2452.24512323
360 360 277.940247023
361 361 5.58439236778e-05
362 362 5192.89432222
363 363 2259.51074803
364 364 6.93026919985e-05
365 365 4.94967498198e-05
366 366 7.12482748656e-05
367 367 6.27789421485e-05
368 368 1.26041442645e-06
369 369 1.68158616562e-05
370 370 6.23990008952e-05
371 371 7.94624182886e-05
372 372 4010.74183944
373 373 794.109509108
374 374 2344.58893455
375 375 5.70318711891e-06
376 376 4.80302186853e-06
377 377 3.76453571294e-05
378 378 4856.258825
379 379 6.96142234849e-05
380 380 9.16348393875e-05
381 381 3.22375112376e-05
382 382 1122.46882934
383 383 9.41582140415e-05
384 384 8.54035106468e-05
385 385 7.47288042685e-05
386 386 5.30656556813e-05
387 387 7.50178099749e-05
388 388 6.99081961773e-05
389 389 8.22819468356e-05
390 390 8.3666598556e-05
391 391 3740.7611571
392 392 3318.8417495
393 393 3732.9595118
394 394 8.67364280415e-05
395 395 9.2110508037e-05
396 396 4758.05266309
397 397 5.94958649008e-05
398 398 2141.90990896
399 399 6.3531880962e-06
400 400 6.2504745373e-05
401 401 1.0429124396e-06
402 402 8.70941642433e-06
403 403 2.87985592044e-05
404 404 3083.11976399
405 405 1.51107912855e-05
406 406 2758.15741929
407 407 2.35069448257e-05
408 408 204.674752409
409 409 4.10998533472e-05
410 410 4.39351843468e-05
411 411 4.47535991126e-05
412 412 4.89482243482e-05
413 413 9.53414843e-05
414 414 3.41630635271e-05
415 415 8.04688035652e-06
416 416 8.49146801958e-05
417 417 6.07771332581e-05
418 418 9.39463372828e-05
419 419 3.7166662839e-05
420 420 2.0737540183e-05
421 421 1.20044052304e-05
422 422 3.87969422713e-05
423 423 4183.85697021
424 424 9.07791931862e-05
425 425 2940.23925414
426 426 2.80113780727e-05
427 427 9.22451780911e-05
428 428 2.66396403057e-05
429 429 7.05308414181e-05
430 430 1576.98031695
431 431 3577.93453611
432 432 2.51976192515e-05
433 433 4057.95029815
434 434 2.64937821023e-05
435 435 6.377330043e-05
436 436 6.84971451043e-05
437 437 1186.72982073
438 438 9.94079658806e-05
439 439 8.72460459053e-05
440 440 4.57157990291e-06
441 441 3993.10517134
442 442 624.626322395
443 443 4.6064349774e-05
444 444 9.59334888772e-05
445 445 7.81802710746e-05
446 446 8.56519714554e-05
447 447 4.10954341952e-05
448 448 2.03090471098e-05
449 449 9.12172006119e-05
450 450 377.403836339
451 451 5.55371277072e-05
452 452 6.79357066266e-05
453 453 6.8347612978e-06
454 454 7.76002208055e-05
455 455 380.598810828
456 456 1.75982783197e-05
457 457 4.20299310274e-06
458 458 3.70567363943e-05
459 459 6.63401939087e-05
460 460 6.24033064846e-06
461 461 2.57925806078e-05
462 462 8.52936290235e-05
463 463 1.4391999849e-05
464 464 4.23468699768e-05
465 465 4.8902496505e-05
466 466 3273.12389491
467 467 8.18286283385e-05
468 468 4718.26293258
469 469 3410.05927291
470 470 3616.60308713
471 471 5222.20127549
472 472 1.70900789757e-06
473 473 2.42204690488e-05
474 474 2.96816436348e-05
475 475 7.89018331562e-05
476 476 6.77831641958e-05
477 477 7.72624071416e-05
478 478 3.47669826121e-05
479 479 9.33805405452e-06
480 480 1264.26553603
481 481 1.61487658747e-05
482 482 7.00663216871e-05
483 483 2.67621477628e-05
484 484 3.31057487643e-05
485 485 502.629423824
486 486 1.22881100899e-05
487 487 3.47666619777e-05
488 488 3.65898620669e-05
489 489 9.13433380249e-05
490 490 7.73003789641e-05
491 491 1421.28109076
492 492 9.14799198303e-06
493 493 3.60315221497e-05
494 494 1.94995930721e-05
495 495 7.8476359217e-05
496 496 7.39124131235e-05
497 497 5.95528333466e-05
498 498 2413.28726075
499 499 6.7048462152e-05
500 500 3.11026981607e-05
501 501 5.98617231021e-05
502 502 4.08412372804e-05
503 503 1074.65382163
504 504 4.9299824012e-06
505 505 2.66725213347e-05
506 506 1.3055101755e-05
507 507 9.87035999969e-06
508 508 741.34990177
509 509 6.14924910107e-05
510 510 1.40424631174e-05
511 511 8.84532203802e-05
512 512 6.40624678904e-05
513 513 2346.33277142
514 514 855.676798808
515 515 6.22616525727e-05
516 516 8.5244578331e-05
517 517 9.80626154412e-05
518 518 4773.25841366
519 519 1.11039141264e-05
520 520 6.40234926769e-05
521 521 5.59961733731e-05
522 522 4.35491161864e-06
523 523 5.85507297957e-05
524 524 5412.3234089
525 525 1.65257638987e-05
526 526 7.01975031167e-05
527 527 5.28199122035e-05
528 528 4049.13370215
529 529 3807.81027043
530 530 3.9858535854e-05
531 531 1923.52694674
532 532 5.7879441893e-05
533 533 5.08310231746e-05
534 534 9.71170619289e-05
535 535 3.09434679976e-06
536 536 5307.07951794
537 537 9.52150681644e-05
538 538 6.16743382096e-05
539 539 125.782355325
540 540 3.76552195789e-05
541 541 7.76042124142e-05
542 542 5377.8182386
543 543 915.282398413
544 544 5.92251837621e-05
545 545 4.81395748328e-05
546 546 5.10893108368e-05
547 547 3.15762774125e-05
548 548 5.23888210177e-05
549 549 9.4368642803e-05
550 550 6.6743442581e-05
551 551 4.77263434421e-05
552 552 2.43055139076e-05
553 553 1.288631353e-05
554 554 4.26479919941e-05
555 555 1.34900014142e-05
556 556 5.05748092021e-05
557 557 3.99337056786e-05
558 558 5.35796596762e-06
559 559 3.10696530352e-05
560 560 8.82058110354e-05
561 561 1.26608555892e-05
562 562 2712.47312812
563 563 8.80957495598e-05
564 564 3313.09454483
565 565 4.76085260417e-05
566 566 1471.83673537
567 567 4.2376676673e-06
568 568 5.49376584795e-05
569 569 2.24107200727e-05
570 570 1273.18813514
571 571 8.52526916262e-05
572 572 72.2377514184
573 573 9.1938582483e-05
574 574 5.40206461424e-05
575 575 7.07092083652e-05
576 576 3598.54922013
577 577 4.8997621787e-05
578 578 3.99296779504e-05
579 579 7.72537941123e-05
580 580 4.83187768024e-05
581 581 6.26634408742e-05
582 582 9.46582671897e-05
583 583 2961.51811113
584 584 1.78720649761e-05
585 585 3.35333479609e-05
586 586 4200.9586305
587 587 2890.46795335
588 588 7.02848944462e-06
589 589 4773.6425289
590 590 1289.03726118
591 591 8.53240840858e-05
592 592 8.88465660972e-05
593 593 3.63331532159e-06
594 594 9.04367999362e-05
595 595 8.07728979758e-05
596 596 1181.09806577
597 597 1.08696742323e-05
598 598 9.1879912142e-05
599 599 4.22338967973e-05
600 600 3.22761115533e-05
601 601 8.02251515415e-05
602 602 2.44794852712e-05
603 603 8.03015667603e-06
604 604 9.04399856785e-05
605 605 6.88353845554e-05
606 606 3.83096394587e-05
607 607 8.92174807573e-05
608 608 4.48704951793e-05
609 609 8.82045028896e-05
610 610 3.62492394013e-05
611 611 1.85756371046e-05
612 612 4749.11362946
613 613 2.21600096434e-05
614 614 6.57216286126e-05
615 615 8.49425591953e-05
616 616 7.1348752533e-05
617 617 5.69328129603e-05
618 618 9.87735314789e-05
619 619 2.93765099316e-05
620 620 5.6966158946e-06
621 621 4625.81463421
622 622 6.52542531464e-05
623 623 5.88992752553e-05
624 624 93.171088297
625 625 6.42211482147e-05
626 626 3.98530308272e-05
627 627 7.06118504089e-05
628 628 4859.87113792
629 629 2045.09825617
630 630 408.182121833
631 631 9.4113705022e-06
632 632 8.22348473847e-05
633 633 8.82248059272e-05
634 634 9.41324240175e-05
635 635 4861.02315023
636 636 7.38352536051e-05
637 637 1.49620305365e-05
638 638 4.75878765095e-06
639 639 7.66411768762e-05
640 640 7.77673261383e-05
641 641 2815.82296035
642 642 1.81948429999e-05
643 643 4.15089996e-06
644 644 5608.90740801
645 645 1.6788854572e-05
646 646 2105.05720745
647 647 2.2664526643e-05
648 648 1580.71836565
649 649 7.1210323343e-05
650 650 2.13584629471e-05
651 651 5.26225494476e-06
652 652 4382.72335625
653 653 3.21739883329e-05
654 654 4.84299355029e-05
655 655 9.67812996046e-05
656 656 7.87794903011e-05
657 657 2.47609494138e-05
658 658 982.921071147
659 659 4.54328890216e-05
660 660 3440.85440373
661 661 3.43939943678e-05
662 662 7.68665849989e-06
663 663 4603.70842974
664 664 4.52410612587e-05
665 665 8.96642413757e-05
666 666 8.88120283091e-05
667 667 4018.31044568
668 668 9.67170428363e-05
669 669 7.5767206654e-05
670 670 7.54719176148e-05
671 671 6.8636674331e-05
672 672 6.26621572283e-05
673 673 8.96089945131e-05
674 674 6.06196874583e-05
675 675 4827.93673992
676 676 3.22632775617e-05
677 677 2.06460014462e-05
678 678 4.40565837052e-05
679 679 1.3871215364e-05
680 680 1.16086231211e-05
681 681 3784.66001246
682 682 2488.28102884
683 683 7.62034475919e-05
684 684 9.30644801688e-06
685 685 1633.89093718
686 686 9.24038533535e-05
687 687 4.85370139485e-05
688 688 3.85205319556e-05
689 689 5458.15550294
690 690 2.76833874309e-06
691 691 5.06602927912e-05
692 692 2.24818702893e-05
693 693 9.47171510164e-06
694 694 3.88588837437e-05
695 695 8.61982923282e-05
696 696 4.55724706058e-05
697 697 477.257237742
698 698 2.27586054386e-05
699 699 6.00656751351e-05
700 700 4741.59376703
701 701 260.620501405
702 702 529.989949568
703 703 1537.41753355
704 704 8.04323149076e-05
705 705 9.15682384615e-05
706 706 9.98476887484e-05
707 707 5.9039804273e-05
708 708 1.80657740795e-05
709 709 4.30545082129e-05
710 710 1763.35664783
711 711 9.09292281272e-05
712 712 2.1579968387e-05
713 713 6.13585274604e-05
714 714 4.61740247286e-06
715 715 3.31786369871e-05
716 716 5.9404309345e-05
717 717 1.37100977604e-05
718 718 8.95736112472e-05
719 719 3.89624443981e-05
720 720 1.34255870466e-06
721 721 4189.76007023
722 722 4.29843632941e-05
723 723 9.05332742831e-05
724 724 7.76937263959e-07
725 725 9.16269924316e-05
726 726 187.001342199
727 727 2184.15288354
728 728 6.40525895686e-06
729 729 4.12327796484e-05
730 730 8.55730264467e-06
731 731 6.13542080423e-05
732 732 3.58157560298e-06
733 733 9.48338590534e-05
734 734 1.63760977773e-05
735 735 1175.31190449
736 736 1.49512652679e-05
737 737 2579.83838881
738 738 2.09296959397e-05
739 739 7.42677234314e-05
740 740 2.3934831737e-06
741 741 7.6255461112e-07
742 742 1.24650285581e-05
743 743 9.54535656994e-05
744 744 1010.29816538
745 745 1.87570828304e-05
746 746 8.71119131368e-05
747 747 3.55482537104e-06
748 748 4052.68229355
749 749 1.73959017863e-05
750 750 7.96314633288e-06
751 751 3.75390456797e-06
752 752 9.79716443624e-05
753 753 5.66327084287e-05
754 754 1.3269064212e-05
755 755 8.1247033585e-05
756 756 6.95805808791e-05
757 757 2.70255274722e-05
758 758 6.22758324847e-05
759 759 5.60278735591e-05
760 760 1235.59324793
761 761 4809.02048251
762 762 1080.23581899
763 763 3.081210216e-05
764 764 5.75421839377e-05
765 765 4817.20569443
766 766 8.85173478361e-05
767 767 1.69869253034e-05
768 768 5.23292788516e-05
769 769 6.87069504595e-05
770 770 2.52534812694e-05
771 771 1.28498776671e-05
772 772 3.86798358407e-05
773 773 4.69045151157e-05
774 774 7.75753010385e-05
775 775 8.29558425634e-05
776 776 7.99695802079e-05
777 777 5.73323045877e-05
778 778 7.45370433179e-05
779 779 5372.0695748
780 780 472.248034468
781 781 1.23579070874e-05
782 782 5.72476621431e-05
783 783 3712.53915403
784 784 3.86618438073e-05
785 785 2.2397758464e-05
786 786 4297.81443329
787 787 9.12255194838e-05
788 788 992.367659502
789 789 8.2712621869e-05
790 790 1.87525852734e-05
791 791 1105.25835652
792 792 3.74952226748e-06
793 793 969.946910438
794 794 666.112798175
795 795 3.80788258809e-05
796 796 792.110060722
797 797 3.23075589838e-05
798 798 4.99726969575e-05
799 799 7.91629954627e-06
800 800 9.9087301398e-05
801 801 3517.20802918
802 802 7.61278637873e-06
803 803 9.30805728043e-05
804 804 4423.28228826
805 805 1.5452198489e-05
806 806 5.96014479024e-05
807 807 8.87534841494e-05
808 808 6.71265007694e-05
809 809 9.44004821423e-05
810 810 9.15262731222e-05
811 811 7.61471187694e-05
812 812 653.605477482
813 813 2029.28945033
814 814 8.85948286012e-05
815 815 2.07761579424e-05
816 816 1.81242038836e-05
817 817 6.73694686114e-05
818 818 4.69276771672e-05
819 819 1123.09201022
820 820 4.95016957711e-05
821 821 6.99842652873e-05
822 822 5510.61221293
823 823 9.64422228028e-05
824 824 5.56035353455e-06
825 825 3.22931859957e-06
826 826 3.98639048251e-05
827 827 5.30393998058e-05
828 828 3.08164602329e-05
829 829 862.291779353
830 830 2.72076489073e-05
831 831 4889.18897829
832 832 237.699151485
833 833 4.46825082262e-05
834 834 8.74841330904e-05
835 835 2.22712548813e-05
836 836 9.36074199425e-05
837 837 2.30699090495e-05
838 838 9.76988967861e-05
839 839 3474.30440984
840 840 7.70976767133e-05
841 841 2.60733373239e-05
842 842 2.00903804651e-06
843 843 9.51966737696e-05
844 844 8.83270125185e-05
845 845 1.23590938467e-05
846 846 4.60409644952e-05
847 847 4946.77425735
848 848 8.62809027297e-05
849 849 6.94123502789e-05
850 850 2.0196913009e-05
851 851 2.23298444017e-05
852 852 6.11252660431e-05
853 853 3015.16350353
854 854 5.14952436545e-05
855 855 6.74115936728e-05
856 856 4.14485177332e-05
857 857 1067.02191668
858 858 8.1173834212e-05
859 859 8.55083871674e-06
860 860 6.12411876986e-05
861 861 1680.29144841
862 862 6.14172710968e-05
863 863 5.97730348896e-05
864 864 1.54459541302e-05
865 865 2176.65737573
866 866 2.45026989889e-05
867 867 2248.4761127
868 868 3353.93380424
869 869 6.23799554394e-05
870 870 3.44726980197e-05
871 871 6.31224875912e-05
872 872 2.78657290452e-06
873 873 2205.85485104
874 874 3.65617726837e-05
875 875 1.07325174943e-05
876 876 7.49715298747e-05
877 877 5.54325604175e-05
878 878 9.54603053127e-05
879 879 6.8795900093e-06
880 880 3.64009647656e-05
881 881 7.39232881341e-05
882 882 83.0869184353
883 883 9.28935337042e-06
884 884 2.91716432898e-05
885 885 6.68967182393e-05
886 886 2.57819180341e-05
887 887 4.70627709929e-05
888 888 5.76247498397e-05
889 889 4.26714619331e-05
890 890 5.45020882755e-05
891 891 7.76785954034e-05
892 892 3352.55062169
893 893 9.08366257512e-07
894 894 9.23483657109e-05
895 895 1.24456821847e-05
896 896 3.59473908139e-05
897 897 4149.20692459
898 898 7.31248363761e-05
899 899 7.23754713557e-05
900 900 5.70382018187e-06
901 901 9.00724601716e-05
902 902 7.19317111701e-05
903 903 1.23070284314e-05
904 904 1.02058677197e-05
905 905 7.875814792e-05
906 906 4835.2118881
907 907 6.48913155329e-05
908 908 2.77847947207e-05
909 909 3085.96843798
910 910 6.29602638972e-05
911 911 8.36255244582e-05
912 912 3.92216761423e-05
913 913 1.57152539522e-05
914 914 5.34070226108e-05
915 915 8.601107694e-05
916 916 5.02752301709e-05
917 917 8.89985792568e-05
918 918 4.87119382453e-06
919 919 4.80776173975e-05
920 920 1562.57703751
921 921 3.08523641645e-05
922 922 1.01840082726e-05
923 923 9.6997239627e-05
924 924 8.64359267516e-06
925 925 2.73385566843e-05
926 926 3.85088966541e-05
927 927 6.83585898026e-05
928 928 4002.81170956
929 929 6.10771152881e-05
930 930 4.69984447403e-05
931 931 4807.6998562
932 932 6.51121426622e-06
933 933 7.395804573e-05
934 934 4.48003756506e-05
935 935 8.94368479663e-05
936 936 7.7724543055e-05
937 937 8.59366005706e-05
938 938 7.45723502364e-07
939 939 9.73485762616e-05
940 940 1.31613607623e-05
941 941 4.74781143325e-05
942 942 9.86555003489e-05
943 943 2.77534602398e-05
944 944 138.733496328
945 945 1.55198401597e-05
946 946 7.829270436e-05
947 947 1862.84757968
948 948 9.09516768191e-05
949 949 4.50957801261e-05
950 950 1854.29465843
951 951 3467.35618921
952 952 2315.47275807
953 953 2260.00146038
954 954 2087.4356291
955 955 2731.99175754
956 956 1.8593846263e-05
957 957 3934.58889081
958 958 7.55855611222e-05
959 959 5245.25657654
960 960 3283.0032499
961 961 1.69770171098e-05
962 962 4.59481214282e-05
963 963 4.1157213304e-06
964 964 5194.99862944
965 965 9.09734198127e-07
966 966 9.15233701354e-05
967 967 4.52936269185e-06
968 968 6.28694385637e-05
969 969 9.2948794152e-05
970 970 2.69113864167e-05
971 971 9.20588464235e-05
972 972 8.04375956434e-05
973 973 1.62306798883e-05
974 974 1675.88706984
975 975 1.46476633075e-05
976 976 1479.95903778
977 977 9.55938268034e-07
978 978 5.57636106009e-05
979 979 5.85498184497e-05
980 980 1677.33736734
981 981 6.88493462228e-05
982 982 4.13240962303e-05
983 983 45.4816360019
984 984 1.04053591461e-06
985 985 3.78663285369e-05
986 986 8.12910635267e-05
987 987 4.47495399009e-05
988 988 898.612213721
989 989 186.136926514
990 990 7.5540538142e-05
991 991 5403.81495211
992 992 3742.42150145
993 993 4345.6957971
994 994 8.79634621276e-05
995 995 7.26683638501e-07
996 996 2.70573265691e-06
997 997 4.57679030984e-05
998 998 2.36985768701e-05
999 999 4.35090383556e-05
1000 1000 3131.47124891
1001 1001 3.80654400681e-06
1002 1002 2359.28233357
1003 1003 7.13486202832e-05
1004 1004 8.36747179802e-05
1005 1005 1515.42644583
1006 1006 6.64283749291e-06
1007 1007 3.95238745047e-05
1008 1008 6.32254266323e-05
1009 1009 6.43031997901e-05
1010 1010 4.4483748838e-05
1011 1011 3.53792880473e-05
1012 1012 7.55937399376e-05
1013 1013 2.8146950039e-05
1014 1014 8.56666131928e-05
1015 1015 5306.80748354
1016 1016 1.70729446371e-05
1017 1017 9.93979869635e-05
1018 1018 7.75374783017e-05
1019 1019 5.28521079579e-05
1020 1020 4.07901756401e-05
1021 1021 4.18870186008e-05
1022 1022 1094.11404524
1023 1023 7.43292114886e-06
1024 1024 2849.14415586
1025 1025 1270.70104677
1026 1026 4187.95970376
1027 1027 1.89564350085e-05
1028 1028 7.65715952942e-05
1029 1029 3.13075217185e-05
1030 1030 5.52534696054e-05
1031 1031 3.80806089407e-06
1032 1032 5.86855877112e-06
1033 1033 4082.02269217
1034 1034 7.48222172487e-05
1035 1035 5251.68299484
1036 1036 8.25513402713e-05
1037 1037 1.72448386063e-05
1038 1038 3.01029387609e-05
1039 1039 2.44014682386e-05
1040 1040 2169.19756154
1041 1041 6.19118112337e-05
1042 1042 9.43590300115e-05
1043 1043 9.15758247829e-05
1044 1044 8.03403039076e-05
1045 1045 2.62512038605e-05
1046 1046 7.39339506822e-05
1047 1047 4.79979128462e-05
1048 1048 3.82474238567e-05
1049 1049 1684.31701153
1050 1050 3.66118053013e-05
1051 1051 1.38529630814e-05
1052 1052 5561.54639774
1053 1053 3789.9722088
1054 1054 100.070655354
1055 1055 6.75080517329e-05
1056 1056 3.71660094619e-05
1057 1057 4.3000579649e-05
1058 1058 1.68991069023e-05
1059 1059 591.323517369
1060 1060 8.64459691721e-05
1061 1061 277.691279188
1062 1062 1287.30672148
1063 1063 9.00596929321e-06
1064 1064 5.95556408278e-05
1065 1065 8.69947729045e-06
1066 1066 9.01036605724e-05
1067 1067 1.11075780258e-05
1068 1068 5.40316094863e-05
1069 1069 1.42134021184e-07
1070 1070 3.58567445872e-05
1071 1071 3.7637102801e-05
1072 1072 1718.55256596
1073 1073 8.43262716477e-05
1074 1074 1.33953147715e-06
1075 1075 3781.93779801
1076 1076 407.554364498
1077 1077 9.03861674805e-06
1078 1078 5204.49254704
1079 1079 6.55519119568e-05
1080 1080 8.52894190494e-05
1081 1081 1197.7644373
1082 1082 6.30432363597e-05
1083 1083 4.99036743919e-06
1084 1084 3.02937156881e-05
1085 1085 7.27415925191e-05
1086 1086 9.30511614733e-06
1087 1087 9.05600576229e-05
1088 1088 5.48925608854e-05
1089 1089 9.37078384864e-06
1090 1090 584.852037903
1091 1091 6.05211532634e-05
1092 1092 4.45306321373e-05
1093 1093 6.24246310316e-06
1094 1094 5280.37569156
1095 1095 2.18092838465e-05
1096 1096 4.71290185804e-05
1097 1097 1793.83560881
1098 1098 9.58263369368e-05
1099 1099 9.76478975964e-05
1100 1100 8.70297618031e-05
1101 1101 2.59794248519e-05
1102 1102 1.91996973326e-05
1103 1103 3.15566844667e-05
1104 1104 9.40232059572e-05
1105 1105 8.30140898639e-05
1106 1106 6.15186095165e-05
1107 1107 7.36505127601e-05
1108 1108 5.08036848924e-05
1109 1109 3.90075942724e-05
1110 1110 8.76535921299e-05
1111 1111 6.33353730105e-05
1112 1112 7.1229078652e-05
1113 1113 5.35327829485e-05
1114 1114 2.78251231117e-05
1115 1115 6.09531477423e-05
1116 1116 2743.46794135
1117 1117 1.31148243667e-05
1118 1118 1621.28520682
1119 1119 8.71903372584e-05
1120 1120 4.8892172759e-05
1121 1121 2.31230172543e-06
1122 1122 4.68985485582e-05
1123 1123 6.78925886566e-05
1124 1124 2.23121456369e-05
1125 1125 9.68693634868e-05
1126 1126 7.41364115476e-05
1127 1127 3.37249971894e-05
1128 1128 3.75069685758e-05
1129 1129 7.23879422243e-05
1130 1130 2.30892767794e-05
1131 1131 8.34229294365e-06
1132 1132 7.33494085027e-05
1133 1133 9.8171664994e-05
1134 1134 4122.00000052
1135 1135 2571.44492327
1136 1136 7.80156268501e-05
1137 1137 4408.89653682
1138 1138 1458.07075313
1139 1139 2878.64025183
1140 1140 2331.82218565
1141 1141 5.79699242379e-05
1142 1142 1040.59198498
1143 1143 3174.57175146
1144 1144 4119.49024673
1145 1145 1.43927790641e-05
1146 1146 7.05719921699e-05
1147 1147 8.320148392e-05
1148 1148 6.02197312899e-05
1149 1149 3.84209636689e-05
1150 1150 4.14843194106e-05
1151 1151 8.73063611816e-05
1152 1152 4.1820254724e-05
1153 1153 5.09695793721e-05
1154 1154 2330.38642764
1155 1155 6.86539919298e-05
1156 1156 7.23688955446e-05
1157 1157 6.00946969603e-05
1158 1158 8.93522303453e-05
1159 1159 2.52686649984e-05
1160 1160 9.99951266107e-05
1161 1161 2.63655370045e-05
1162 1162 7.26325199032e-05
1163 1163 3.93323543897e-05
1164 1164 5.27197553174e-05
1165 1165 6.4672898618e-05
1166 1166 5384.77676378
1167 1167 7.12963881484e-05
1168 1168 9.46387128239e-05
1169 1169 2.60334588404e-05
1170 1170 2.65516866942e-08
1171 1171 1035.96958024
1172 1172 1.81822459855e-05
1173 1173 8.61242613778e-06
1174 1174 2.77418343721e-05
1175 1175 9.64711873164e-05
1176 1176 5.10107596236e-05
1177 1177 1.09651880897e-05
1178 1178 680.664551074
1179 1179 9.02767517463e-06
1180 1180 5.07784244766e-05
1181 1181 4.17484571216e-05
1182 1182 7.10802005479e-05
1183 1183 4.38483822355e-05
1184 1184 3.5704643812e-05
1185 1185 2.3496245343e-05
1186 1186 505.886476014
1187 1187 436.254712945
1188 1188 7.10150184619e-05
1189 1189 5.32376038206e-05
1190 1190 3486.18439468
1191 1191 8.09435661851e-05
1192 1192 8.74585771512e-05
1193 1193 7.54035896901e-05
1194 1194 1041.16247136
1195 1195 8.92258411117e-05
1196 1196 5013.60263884
1197 1197 3195.20784962
1198 1198 7.77353931554e-06
1199 1199 1.48277031223e-05
1200 1200 413.001086984
1201 1201 3.96621760135e-05
1202 1202 1458.26842172
1203 1203 2.0930073092e-05
1204 1204 2.46924181053e-05
1205 1205 1.94918016647e-05
1206 1206 463.087408817
1207 1207 5.97678581135e-05
1208 1208 3.39728857739e-05
1209 1209 5.046710565e-05
1210 1210 5.05524555593e-05
1211 1211 7.57196652699e-05
1212 1212 3.40467828144e-05
1213 1213 7.46056580732e-05
1214 1214 6.96008411036e-05
1215 1215 5.90629695608e-05
1216 1216 4.52170991761e-05
1217 1217 4499.40941322
1218 1218 1.18056837993e-05
1219 1219 4.1062122431e-05
1220 1220 6.8865463432e-05
1221 1221 7.91947237812e-05
1222 1222 3.20634272132e-05
1223 1223 6.2448585476e-05
1224 1224 7.17942301221e-05
1225 1225 5.38703248629e-05
1226 1226 4.58554318476e-05
1227 1227 68.8672331348
1228 1228 2.82330863418e-05
1229 1229 2743.20623766
1230 1230 7.99389333047e-05
1231 1231 3.27885408727e-05
1232 1232 1.78966864971e-05
1233 1233 3086.55739265
1234 1234 9.86034422711e-06
1235 1235 5.5362670967e-05
1236 1236 1.96494585231e-06
1237 1237 5.73159305623e-05
1238 1238 5.36909254427e-06
1239 1239 3833.32808743
1240 1240 592.687671957
1241 1241 6.30956464074e-05
1242 1242 4108.66194369
1243 1243 1.29968006238e-05
1244 1244 2.32010046592e-05
1245 1245 2898.47414406
1246 1246 2.80027604379e-05
1247 1247 3413.57766938
1248 1248 8.43958283233e-05
1249 1249 7.44986731987e-05
1250 1250 4.58125134492e-05
1251 1251 6.7557944806e-05
1252 1252 6.78122951384e-06
1253 1253 9.13180791264e-05
1254 1254 6.31207231029e-05
1255 1255 7.8741833264e-05
1256 1256 9.88046540077e-05
1257 1257 4756.4166541
1258 1258 2.8845262466e-05
1259 1259 2.09770909594e-05
1260 1260 2436.80038749
1261 1261 2.48937547193e-05
1262 1262 4.28022429595e-05
1263 1263 820.52972992
1264 1264 7.67620983812e-05
1265 1265 6.96232184258e-07
1266 1266 4414.55610368
1267 1267 4935.73348568
1268 1268 762.115957199
1269 1269 8.84645214893e-05
1270 1270 4.27584208355e-05
1271 1271 1.56524900133e-05
1272 1272 2.81091642793e-05
1273 1273 6.20395260733e-05
1274 1274 1769.68173343
1275 1275 4.68899525347e-05
1276 1276 5.28473771483e-05
1277 1277 2.84678726271e-05
1278 1278 4.98955122237e-05
1279 1279 4.98593024462e-05
1280 1280 1.85163855262e-05
1281 1281 9.8479985555e-05
1282 1282 4563.46651402
1283 1283 7.28429826502e-05
1284 1284 1.49753408586e-05
1285 1285 7.94488926774e-05
1286 1286 6.12940594415e-05
1287 1287 2825.62355657
1288 1288 1.98576488427e-05
1289 1289 2884.0927793
1290 1290 1218.15797455
1291 1291 3.17186554048e-05
1292 1292 3.99984679513e-05
1293 1293 2.6176435059e-06
1294 1294 4.84871337167e-05
1295 1295 2635.74028127
1296 1296 3.69578968626e-05
1297 1297 5.58298046852e-05
1298 1298 3895.26437207
1299 1299 1.23923053796e-05
1300 1300 5498.24526761
1301 1301 3.21766885583e-06
1302 1302 2.71364791899e-05
1303 1303 1.84022142466e-05
1304 1304 1.90851121762e-05
1305 1305 2.8090233023e-05
1306 1306 2004.97307882
1307 1307 5268.53638713
1308 1308 982.81732871
1309 1309 5.47165619771e-05
1310 1310 9.62415292462e-05
1311 1311 1.48519766812e-06
1312 1312 1940.36284632
1313 1313 66.9414922339
1314 1314 7.74494276191e-05
1315 1315 28.1100711999
1316 1316 5.28285053428e-05
1317 1317 6.58771550793e-05
1318 1318 2.78510026456e-05
1319 1319 7.90340504628e-05
1320 1320 3.27740872044e-05
1321 1321 4758.52451392
1322 1322 5.91854062449e-05
1323 1323 5.19361876499e-05
1324 1324 2.79979185274e-06
1325 1325 3.23563495114e-05
1326 1326 5.90278165249e-05
1327 1327 3.25091387825e-05
1328 1328 8.57857540363e-05
1329 1329 5312.17013758
1330 1330 9.90327493797e-05
1331 1331 2.12479972141e-06
1332 1332 658.256117293
1333 1333 3783.89634548
1334 1334 7.6340941278e-05
1335 1335 2.43322072415e-05
1336 1336 5.52343252625e-06
1337 1337 2.0418266639e-05
1338 1338 4440.78130483
1339 1339 7.12205158921e-05
1340 1340 4.91193047361e-05
1341 1341 2.81661016314e-05
1342 1342 109.802255496
1343 1343 27.1696483271
1344 1344 5131.71059538
1345 1345 4845.55603852
1346 1346 6.79801197873e-06
1347 1347 4.92010818727e-05
1348 1348 7.22942364726e-05
1349 1349 5.43227003619e-07
1350 1350 1.69526327414e-05
1351 1351 7.67359737572e-05
1352 1352 8.93254966055e-05
1353 1353 2.60182067478e-05
1354 1354 4902.64279278
1355 1355 1671.64887661
1356 1356 9.3732424906e-05
1357 1357 3.12553727505e-05
1358 1358 2.45584132434e-05
1359 1359 7.83017605079e-05
1360 1360 6.2079696432e-05
1361 1361 1341.21129893
1362 1362 7.35823492536e-06
1363 1363 8.94208651092e-06
1364 1364 8.78596542498e-05
1365 1365 7.32238891019e-05
1366 1366 5.44508241999e-05
1367 1367 1.73438055624e-05
1368 1368 1649.63815823
1369 1369 1.91247651045e-05
1370 1370 3.1199340761e-05
1371 1371 8.79866550248e-05
1372 1372 9.55671827522e-06
1373 1373 1502.29938872
1374 1374 5.470783096e-05
1375 1375 9.84732373606e-06
1376 1376 3718.62718331
1377 1377 7.86403698101e-05
1378 1378 8.27393742959e-05
1379 1379 4995.90416151
1380 1380 8.45183823318e-05
1381 1381 6.53759304986e-05
1382 1382 5.84183189679e-06
1383 1383 9.59669780021e-05
1384 1384 3160.78091673
1385 1385 3.56279178426e-05
1386 1386 8.10355151928e-05
1387 1387 481.551255409
1388 1388 1.28376919515e-05
1389 1389 3.52438022963e-05
1390 1390 9.77526907693e-05
1391 1391 1.81300003947e-05
1392 1392 4596.17040751
1393 1393 2.00676709367e-05
1394 1394 4.367686801e-05
1395 1395 2.25378456572e-05
1396 1396 9.40609614195e-06
1397 1397 6.63076132195e-05
1398 1398 5615.98344825
1399 1399 1021.61262756
1400 1400 192.488389837
1401 1401 3911.44414962
1402 1402 2.15346137786e-05
1403 1403 1.29482101865e-05
1404 1404 1.6627901032e-05
1405 1405 5.20958213458e-05
1406 1406 1.13636269825e-05
1407 1407 2577.30900168
1408 1408 7.30521852625e-05
1409 1409 1317.18179077
1410 1410 1.28231425281e-06
1411 1411 5278.69131837
1412 1412 3902.78999584
1413 1413 7.28104049772e-05
1414 1414 7.81651847771e-05
1415 1415 7.68069112576e-05
1416 1416 998.234575764
1417 1417 1.86548755033e-05
1418 1418 3806.20829067
1419 1419 5.42450976909e-05
1420 1420 8.91513511472e-05
1421 1421 3.08741965446e-05
1422 1422 6.73513734227e-05
1423 1423 4.86357792975e-07
1424 1424 2877.90540395
1425 1425 8.57256929516e-05
1426 1426 4.33554785104e-05
1427 1427 4.43492127769e-05
1428 1428 5.43184853833e-05
1429 1429 1573.50351678
1430 1430 2.15010680635e-05
1431 1431 2190.13520328
1432 1432 1474.27851666
1433 1433 9.23591894882e-05
1434 1434 2687.26890837
1435 1435 8.99431040955e-05
1436 1436 9.62390695826e-05
1437 1437 7.22844807378e-05
1438 1438 7.70367954893e-05
1439 1439 4.92678950069e-07
1440 1440 7.42760963535e-05
1441 1441 5.54760586815e-05
1442 1442 8.26424591268e-06
1443 1443 5353.95431881
1444 1444 7.41854686983e-05
1445 1445 9.24416017331e-05
1446 1446 7.69634418554e-05
1447 1447 3.16323825519e-05
1448 1448 185.568636671
1449 1449 6.72778148401e-05
1450 1450 1.44589296123e-05
1451 1451 6.39040732536e-05
1452 1452 8.30726421469e-05
1453 1453 4.81447116296e-05
1454 1454 4.33779473831e-05
1455 1455 3.79156737849e-05
1456 1456 2948.21826971
1457 1457 9.65885193617e-05
1458 1458 5.4494419889e-05
1459 1459 9.87888630216e-05
1460 1460 5.65297922199e-05
1461 1461 3.17108030634e-05
1462 1462 3.98281927398e-05
1463 1463 4.64443580856e-05
1464 1464 9.84369237578e-05
1465 1465 3316.0923463
1466 1466 4.31628953544e-05
1467 1467 9.55597132766e-05
1468 1468 5051.42239581
1469 1469 5.95818631415e-05
1470 1470 7.97851313484e-06
1471 1471 2.81949570702e-05
1472 1472 1.68057026371e-05
1473 1473 1054.32632432
1474 1474 640.061879727
1475 1475 7.89420182671e-05
1476 1476 4.44249950199e-05
1477 1477 275.242629519
1478 1478 2.4087636766e-05
1479 1479 6.84641960504e-05
1480 1480 9.21081580459e-05
1481 1481 2560.68030116
1482 1482 4072.22316844
1483 1483 5.28604778534e-05
1484 1484 2.18875649757e-05
1485 1485 7.80566394191e-05
1486 1486 7.8176633296e-05
1487 1487 6.68220157535e-05
1488 1488 2.36725565773e-05
1489 1489 5.04520055518e-05
1490 1490 1.21948562541e-05
1491 1491 1913.35055987
1492 1492 419.015384303
1493 1493 3.8371624919e-05
1494 1494 9.15090549155e-05
1495 1495 5.79149760924e-05
1496 1496 2176.31685662
1497 1497 3.17326355401e-05
1498 1498 6.25698442688e-05
1499 1499 8.4493734557e-05
1500 1500 5403.55868805
1501 1501 9.00877608127e-05
1502 1502 5.49630789346e-05
1503 1503 809.396728654
1504 1504 3387.48244153
1505 1505 5134.5352605
1506 1506 5511.50855526
1507 1507 1.21856068147e-05
1508 1508 8.95231836074e-05
1509 1509 5.25749918909e-05
1510 1510 4577.95055845
1511 1511 6.53590860293e-05
1512 1512 1.70833399552e-05
1513 1513 9.49267512359e-05
1514 1514 1683.69231361
1515 1515 2397.09718577
1516 1516 5.45765060849e-05
1517 1517 8.16084935972e-05
1518 1518 3.29322240249e-05
1519 1519 2093.16498197
1520 1520 1.53529507033e-05
1521 1521 9.71252724533e-06
1522 1522 5286.04459251
1523 1523 1.77452436963e-05
1524 1524 4.19392908414e-05
1525 1525 6.31504178663e-06
1526 1526 5.55432738247e-05
1527 1527 498.843614779
1528 1528 8.76716982841e-05
1529 1529 4.31151470996e-05
1530 1530 7.53901697319e-05
1531 1531 4728.77141683
1532 1532 3736.62793393
1533 1533 9.99404182918e-06
1534 1534 148.214544442
1535 1535 9.60071850136e-05
1536 1536 3180.93346368
1537 1537 2886.67266777
1538 1538 5.41092871008e-05
1539 1539 2.25056958025e-05
1540 1540 2.59474526579e-05
1541 1541 5125.92528467
1542 1542 6.46920567141e-05
1543 1543 1.89693399977e-05
1544 1544 3.10056005551e-05
1545 1545 3.77177957532e-06
1546 1546 3020.69316044
1547 1547 2.69701294935e-05
1548 1548 9.53151693178e-07
1549 1549 9.61950724679e-05
1550 1550 4872.39110683
1551 1551 3007.89789276
1552 1552 1.28445321701e-05
1553 1553 1.07022981267e-05
1554 1554 3299.25280449
1555 1555 2477.09992363
1556 1556 8.13679280512e-05
1557 1557 1440.51623188
1558 1558 3.94905250975e-06
1559 1559 8.91629657678e-05
1560 1560 2107.49907333
1561 1561 414.62286535
1562 1562 9.81272423756e-05
1563 1563 7.09168205429e-05
1564 1564 6.66651440327e-05
1565 1565 3.14831715575e-05
1566 1566 1.73072702921e-05
1567 1567 1.22650435665e-06
1568 1568 4.45588334682e-05
1569 1569 6.88638428318e-05
1570 1570 8.98634432817e-05
1571 1571 4.72531322005e-05
1572 1572 3.90581514346e-05
1573 1573 9.28695351304e-05
1574 1574 8.97466985531e-06
1575 1575 9.36385256225e-05
1576 1576 9.17610238808e-05
1577 1577 8.93814610042e-06
1578 1578 3916.70727322
1579 1579 1658.0070198
1580 1580 1.02476658345e-05
1581 1581 5.91666095517e-07
1582 1582 4.62016006282e-05
1583 1583 2.69680169137e-05
1584 1584 9.08816246492e-05
1585 1585 6.62461874385e-05
1586 1586 3416.186687
1587 1587 4.1601698994e-05
1588 1588 6.21693944253e-06
1589 1589 8.61797780412e-06
1590 1590 2.66480411715e-05
1591 1591 4574.47567862
1592 1592 1.0172249744e-05
1593 1593 9.09316467067e-05
1594 1594 2.53017066757e-05
1595 1595 1.88695072591e-05
1596 1596 8.4251065733e-05
1597 1597 5.95773956784e-05
1598 1598 5.11096022482e-05
1599 1599 4.74576811198e-06
1600 1600 3380.18042521
1601 1601 3.32550844854e-05
1602 1602 4.57256176746e-05
1603 1603 4655.6037719
1604 1604 2022.41691015
1605 1605 8.04713052109e-05
1606 1606 5.20630920538e-05
1607 1607 2.13126259005e-05
1608 1608 672.723351291
1609 1609 637.130639804
1610 1610 9.94555004312e-05
1611 1611 928.521704369
1612 1612 3389.3263568
1613 1613 2192.32805156
1614 1614 7.78924229703e-05
1615 1615 1.24976584716e-05
1616 1616 3.01525218332e-05
1617 1617 5.78195879721e-05
1618 1618 3.86680630198e-05
1619 1619 7.44429421646e-05
1620 1620 8.42258065481e-05
1621 1621 8.54173397667e-05
1622 1622 2781.53685438
1623 1623 4.75564294489e-05
1624 1624 4.66654671969e-05
1625 1625 9.6231788674e-05
1626 1626 8.16802326706e-05
1627 1627 2400.65601679
1628 1628 6.64749791021e-05
1629 1629 4996.16683367
1630 1630 7.71607871375e-05
1631 1631 6.50307355469e-05
1632 1632 8.20986192569e-06
1633 1633 1.7992713876e-05
1634 1634 2.81189573302e-05
1635 1635 7.2282294868e-05
1636 1636 5.86634750664e-05
1637 1637 3.73910583086e-05
1638 1638 6.04405382698e-05
1639 1639 5.25575483785e-05
1640 1640 6.16591016263e-05
1641 1641 6.19224203899e-05
1642 1642 7.96276206257e-05
1643 1643 2087.1234982
1644 1644 3942.26881631
1645 1645 9.07810294846e-05
1646 1646 6.03813503541e-06
1647 1647 7.21745571196e-05
1648 1648 8.03381256428e-05
1649 1649 5.78461093364e-05
1650 1650 9.89609754349e-05
1651 1651 6.90666506654e-05
1652 1652 7.7749535501e-05
1653 1653 959.008003299
1654 1654 3295.00186205
1655 1655 5.58566970466e-05
1656 1656 1891.49747695
1657 1657 6.58838002657e-05
1658 1658 3470.33417689
1659 1659 6.12738885628e-05
1660 1660 2.64006050269e-05
1661 1661 959.459972619
1662 1662 3726.09794473
1663 1663 3644.78561513
1664 1664 4.23161755712e-05
1665 1665 2958.30550846
1666 1666 2.94026448381e-05
1667 1667 6.19169853167e-05
1668 1668 8.93849192778e-05
1669 1669 8.62858895474e-05
1670 1670 1914.16895877
1671 1671 9.02161504764e-05
1672 1672 2.27478023355e-05
1673 1673 6.5774730777e-05
1674 1674 2925.21450139
1675 1675 8.0100613862e-05
1676 1676 8.77332206447e-05
1677 1677 4.80611201883e-05
1678 1678 2270.09209859
1679 1679 6.00885204441e-05
1680 1680 3845.56428825
1681 1681 3.66641227932e-05
1682 1682 5.09950942473e-05
1683 1683 5.28936822142e-05
1684 1684 5235.29873204
1685 1685 1.58536000997e-05
1686 1686 3860.76211178
1687 1687 4.42478718348e-05
1688 1688 3.33332834002e-05
1689 1689 578.265650681
1690 1690 4.72591870328e-05
1691 1691 5.04579572673e-05
1692 1692 9.07431834009e-05
1693 1693 7.28619168441e-05
1694 1694 3.03095870492e-05
1695 1695 1663.18119043
1696 1696 4.08829680803e-05
1697 1697 9.46938674202e-05
1698 1698 5.29295170641e-05
1699 1699 4.9619227267e-05
1700 1700 8.32457205398e-05
1701 1701 2640.51140839
1702 1702 3.28256167012e-06
1703 1703 2103.55033822
1704 1704 1.87782029954e-05
1705 1705 1933.86841362
1706 1706 3.26058446182e-05
1707 1707 8.90769614182e-06
1708 1708 7.76460434662e-05
1709 1709 2979.7567239
1710 1710 4344.10760237
1711 1711 7.98290424701e-05
1712 1712 7.64155274686e-05
1713 1713 2083.30120276
1714 1714 6.43242726852e-05
1715 1715 869.041440304
1716 1716 2373.8441393
1717 1717 1.94402289581e-05
1718 1718 5435.59708201
1719 1719 8.38577975337e-05
1720 1720 4.39824274349e-05
1721 1721 4.24410105065e-05
1722 1722 4464.79953177
1723 1723 9.04388355987e-05
1724 1724 3.0095686259e-05
1725 1725 7.66272605672e-05
1726 1726 8.24626852361e-06
1727 1727 7.98288173813e-05
1728 1728 1295.27964601
1729 1729 1.36372504523e-05
1730 1730 3966.65324836
1731 1731 5.00622737646e-05
1732 1732 768.17615503
1733 1733 8.70681215344e-05
1734 1734 4430.192528
1735 1735 874.189937222
1736 1736 3541.87227468
1737 1737 1.10023765768e-06
1738 1738 2837.13073751
1739 1739 8.69548396325e-05
1740 1740 7.64904700479e-05
1741 1741 8.3185706673e-05
1742 1742 5.36731308682e-05
1743 1743 9.81204990042e-05
1744 1744 6.568171117e-05
1745 1745 1.81830233607e-05
1746 1746 1.01541045896e-05
1747 1747 3.44813178424e-05
1748 1748 1.05434620151e-05
1749 1749 2634.96698356
1750 1750 3189.73157494
1751 1751 1.0687858341e-05
1752 1752 3998.46316806
1753 1753 6.86159273969e-05
1754 1754 4.6122582673e-05
1755 1755 1954.88044701
1756 1756 6.78211598871e-05
1757 1757 6.02734503495e-07
1758 1758 7.37302771275e-05
1759 1759 2004.87964338
1760 1760 4.76778119139e-05
1761 1761 3.65026006839e-05
1762 1762 1.04262507528e-05
1763 1763 9.57673982454e-05
1764 1764 4.11823156193e-05
1765 1765 1.08427949073e-05
1766 1766 1.64928535949e-05
1767 1767 2313.75235442
1768 1768 6.25373204146e-06
1769 1769 9.11758013762e-05
1770 1770 3.39916511388e-05
1771 1771 1.90772914945e-06
1772 1772 9.62168457756e-05
1773 1773 255.962956819
1774 1774 3.50645558613e-05
1775 1775 3.05123754519e-05
1776 1776 6.68406719897e-05
1777 1777 6.1660872687e-05
1778 1778 4799.53309662
1779 1779 9.99149493441e-05
1780 1780 9.978218768e-05
1781 1781 7.49383201525e-05
1782 1782 9.78836271926e-05
1783 1783 8.97581023836e-05
1784 1784 7.44159381727e-05
1785 1785 4.84494112918e-05
1786 1786 7.82460098331e-05
1787 1787 1.47367847961e-06
1788 1788 6.94905302335e-06
1789 1789 8.7618723946e-05
1790 1790 6.2134739836e-05
1791 1791 4071.23416829
1792 1792 4.43410814162e-05
1793 1793 4.18425649553e-05
1794 1794 9.71950700095e-05
1795 1795 7.17051852652e-05
1796 1796 6.25798862717e-05
1797 1797 1.85944535072e-05
1798 1798 1.9826199994e-05
1799 1799 4.15524995408e-06
1800 1800 2.59956137019e-05
1801 1801 8.67330436345e-06
1802 1802 5.83364940038e-06
1803 1803 2.39369228348e-05
1804 1804 3871.21863523
1805 1805 8.74078317987e-05
1806 1806 9.62121722582e-05
1807 1807 6.01420078422e-05
1808 1808 3656.31827955
1809 1809 7.9246696624e-05
1810 1810 1641.11039636
1811 1811 3.31929268376e-05
1812 1812 6.26288647581e-05
1813 1813 6.10869844304e-05
1814 1814 9.7584552127e-05
1815 1815 8.3468883274e-05
1816 1816 3.89214963608e-05
1817 1817 8.7524254674e-05
1818 1818 5.87300503411e-06
1819 1819 1.3887656034e-05
1820 1820 6.70228284148e-05
1821 1821 6.77252520329e-05
1822 1822 8.64538379728e-05
1823 1823 5.57487597692e-05
1824 1824 3.90088768225e-06
1825 1825 1.03102479497e-05
1826 1826 5.16545910691e-05
1827 1827 1.42548096515e-05
1828 1828 5.12421661173e-06
1829 1829 1.26745167697e-05
1830 1830 467.83560424
1831 1831 4.28068238096e-05
1832 1832 5.36948748204e-05
1833 1833 2.53758531065e-05
1834 1834 6.79833711165e-05
1835 1835 9.80318483022e-05
1836 1836 4.69786496501e-05
1837 1837 9.63097899902e-05
1838 1838 5.01573551126e-05
1839 1839 5317.67704788
1840 1840 2990.20615153
1841 1841 4931.99307819
1842 1842 759.996879315
1843 1843 1684.14146794
1844 1844 5.35954288111e-05
1845 1845 1029.68595854
1846 1846 3543.89876477
1847 1847 154.705186744
1848 1848 7.8270624404e-06
1849 1849 3.80233352159e-05
1850 1850 7.51708097379e-05
1851 1851 4.27443303062e-05
1852 1852 9.65543199308e-05
1853 1853 6.82612758033e-05
1854 1854 3998.56838216
1855 1855 2248.22004732
1856 1856 2232.83426794
1857 1857 1.53711575626e-05
1858 1858 6.12841859655e-05
1859 1859 4585.27413884
1860 1860 2.08861161333e-05
1861 1861 3571.91768295
1862 1862 8.8328815132e-06
1863 1863 3646.08111459
1864 1864 8.99880452737e-05
1865 1865 8.18640000309e-05
1866 1866 5.591805683e-05
1867 1867 2.86554888455e-06
1868 1868 7.07339538413e-05
1869 1869 6.31601501715e-05
1870 1870 7.07209417086e-05
1871 1871 9.39323161436e-05
1872 1872 9.44373992141e-05
1873 1873 8.40078667967e-05
1874 1874 5.81825264254e-05
1875 1875 3.32732322267e-05
1876 1876 5.4799919518e-06
1877 1877 3559.60085713
1878 1878 2839.61867779
1879 1879 5.8918095025e-05
1880 1880 4.11078671655e-05
1881 1881 8.68703578193e-05
1882 1882 2.71317450064e-05
1883 1883 8.81481496976e-05
1884 1884 2.45968901259e-06
1885 1885 1887.98649692
1886 1886 1.68190368746e-05
1887 1887 4.82286614115e-05
1888 1888 2.36539130653e-05
1889 1889 4.69666648363e-05
1890 1890 6.44732980254e-05
1891 1891 4658.15259123
1892 1892 7.7552056451e-05
1893 1893 8.60366202958e-05
1894 1894 5.74159783278e-05
1895 1895 6.88704553958e-05
1896 1896 4.55293920656e-05
1897 1897 3.20979180602e-05
1898 1898 7.14698238075e-05
1899 1899 4194.10570477
1900 1900 6.55693284129e-06
1901 1901 3.61255888224e-05
1902 1902 6.87761620555e-05
1903 1903 8.18488910122e-05
1904 1904 3812.34991249
1905 1905 9.11955992031e-05
1906 1906 5.69159701574e-05
1907 1907 1.18383235344e-05
1908 1908 1193.6716201
1909 1909 6.60312349324e-05
1910 1910 6.70767049692e-05
1911 1911 6.47876247042e-05
1912 1912 7.35163799699e-05
1913 1913 7.86781837712e-05
1914 1914 3879.33307552
1915 1915 9.93781514953e-05
1916 1916 4.8833229991e-05
1917 1917 136.408577071
1918 1918 4.37469454499e-05
1919 1919 4.6612948545e-05
1920 1920 2.09962456091e-06
1921 1921 8.80190568137e-05
1922 1922 4.92324708957e-05
1923 1923 1.29295556911e-05
1924 1924 4.28552487665e-05
1925 1925 8.33776380119e-05
1926 1926 3.15213896428e-05
1927 1927 7.31014493718e-05
1928 1928 1.6200317754
1929 1929 8.11099639384e-05
1930 1930 1610.39089682
1931 1931 8.74056714421e-05
1932 1932 1.08100929018e-05
1933 1933 4.01375734934e-05
1934 1934 5.01383163691e-05
1935 1935 2.77400940481e-05
1936 1936 5161.77371028
1937 1937 2.71826138104e-05
1938 1938 3.18222858933e-05
1939 1939 2773.14705052
1940 1940 9.25095369565e-05
1941 1941 5.31467919588e-05
1942 1942 4.62997995148e-05
1943 1943 945.721196451
1944 1944 6.64678147376e-05
1945 1945 8.67073580233e-05
1946 1946 7.22170816784e-05
1947 1947 7.59130340284e-05
1948 1948 3.80509247426e-06
1949 1949 6.18013916551e-05
1950 1950 2.14203588617e-05
1951 1951 925.193983659
1952 1952 4.99410951075e-05
1953 1953 8.15645668298e-05
1954 1954 9.53837053924e-05
1955 1955 3574.03468534
1956 1956 1.16120132593e-05
1957 1957 5.73953670882e-05
1958 1958 1.72040888766e-05
1959 1959 2.68196551803e-05
1960 1960 5.08372075505e-05
1961 1961 1.22316057966e-06
1962 1962 6.07446812678e-05
1963 1963 3306.44557895
1964 1964 5.23967897242e-05
1965 1965 9.28012932907e-05
1966 1966 2978.11836003
1967 1967 1013.6880043
1968 1968 2.48812949478e-05
1969 1969 2.61003945766e-05
1970 1970 4.01972463674e-05
1971 1971 3.80576161045e-05
1972 1972 288.614810613
1973 1973 644.628370785
1974 1974 8.25565466507e-05
1975 1975 5.32044536255e-05
1976 1976 2.99442184121e-05
1977 1977 1.42237963367e-05
1978 1978 1.47246620854e-05
1979 1979 8.71563305446e-05
1980 1980 8.15781985135e-05
1981 1981 8.1179815365e-06
1982 1982 8.87816276824e-05
1983 1983 1693.93153831
1984 1984 2.15033593907e-05
1985 1985 9.01176945994e-05
1986 1986 3.37209961028e-05
1987 1987 4.74569894624e-05
1988 1988 5.46923935817e-05
1989 1989 7.1406402242e-05
1990 1990 1009.56304699
1991 1991 4.98031414383e-05
1992 1992 3.41679264973e-05
1993 1993 9.95404017519e-05
1994 1994 2.34956147141e-05
1995 1995 8.70852581335e-05
1996 1996 6.45085104032e-05
1997 1997 6.96515888106e-05
1998 1998 8.81331108685e-05
1999 1999 8.96504065045e-05
2000 2000 6.88905263721e-05
2001 2001 1421.72999826
2002 2002 2.07775212425e-06
2003 2003 1730.56110333
2004 2004 1.51157333788e-05
2005 2005 7.05153538762e-05
2006 2006 4988.32624125
2007 2007 5.6791933014e-05
2008 2008 2.53262162289e-05
2009 2009 8.48195461964e-05
2010 2010 7.89929302455e-05
