1 1 1
2 1 -1
1 2 1
3 2 -1
1 3 1
4 3 -1
1 4 1
5 4 -1
1 5 1
28 5 -1
1 6 1
55 6 -1
2 7 1
3 7 -1
2 8 1
4 8 -1
2 9 1
5 9 -1
2 10 1
6 10 -1
2 11 1
29 11 -1
2 12 1
56 12 -1
3 13 1
4 13 -1
3 14 1
5 14 -1
3 15 1
6 15 -1
3 16 1
7 16 -1
3 17 1
30 17 -1
3 18 1
57 18 -1
4 19 1
5 19 -1
4 20 1
6 20 -1
4 21 1
7 21 -1
4 22 1
8 22 -1
4 23 1
31 23 -1
4 24 1
58 24 -1
5 25 1
6 25 -1
5 26 1
7 26 -1
5 27 1
8 27 -1
5 28 1
9 28 -1
5 29 1
32 29 -1
5 30 1
59 30 -1
6 31 1
7 31 -1
6 32 1
8 32 -1
6 33 1
9 33 -1
6 34 1
10 34 -1
6 35 1
33 35 -1
6 36 1
60 36 -1
7 37 1
8 37 -1
7 38 1
9 38 -1
7 39 1
10 39 -1
7 40 1
11 40 -1
7 41 1
34 41 -1
7 42 1
61 42 -1
8 43 1
9 43 -1
8 44 1
10 44 -1
8 45 1
11 45 -1
8 46 1
12 46 -1
8 47 1
35 47 -1
8 48 1
62 48 -1
9 49 1
10 49 -1
9 50 1
11 50 -1
9 51 1
12 51 -1
9 52 1
13 52 -1
9 53 1
36 53 -1
9 54 1
63 54 -1
10 55 1
11 55 -1
10 56 1
12 56 -1
10 57 1
13 57 -1
10 58 1
14 58 -1
10 59 1
37 59 -1
10 60 1
64 60 -1
11 61 1
12 61 -1
11 62 1
13 62 -1
11 63 1
14 63 -1
11 64 1
15 64 -1
11 65 1
38 65 -1
11 66 1
65 66 -1
12 67 1
13 67 -1
12 68 1
14 68 -1
12 69 1
15 69 -1
12 70 1
16 70 -1
12 71 1
39 71 -1
12 72 1
66 72 -1
13 73 1
14 73 -1
13 74 1
15 74 -1
13 75 1
16 75 -1
13 76 1
17 76 -1
13 77 1
40 77 -1
13 78 1
67 78 -1
14 79 1
15 79 -1
14 80 1
16 80 -1
14 81 1
17 81 -1
14 82 1
18 82 -1
14 83 1
41 83 -1
14 84 1
68 84 -1
15 85 1
16 85 -1
15 86 1
17 86 -1
15 87 1
18 87 -1
15 88 1
19 88 -1
15 89 1
42 89 -1
15 90 1
69 90 -1
16 91 1
17 91 -1
16 92 1
18 92 -1
16 93 1
19 93 -1
16 94 1
20 94 -1
16 95 1
43 95 -1
16 96 1
70 96 -1
17 97 1
18 97 -1
17 98 1
19 98 -1
17 99 1
20 99 -1
17 100 1
21 100 -1
17 101 1
44 101 -1
17 102 1
71 102 -1
18 103 1
19 103 -1
18 104 1
20 104 -1
18 105 1
21 105 -1
18 106 1
22 106 -1
18 107 1
45 107 -1
18 108 1
72 108 -1
19 109 1
20 109 -1
19 110 1
21 110 -1
19 111 1
22 111 -1
19 112 1
23 112 -1
19 113 1
46 113 -1
19 114 1
73 114 -1
20 115 1
21 115 -1
20 116 1
22 116 -1
20 117 1
23 117 -1
20 118 1
24 118 -1
20 119 1
47 119 -1
20 120 1
74 120 -1
21 121 1
22 121 -1
21 122 1
23 122 -1
21 123 1
24 123 -1
21 124 1
25 124 -1
21 125 1
48 125 -1
21 126 1
75 126 -1
22 127 1
23 127 -1
22 128 1
24 128 -1
22 129 1
25 129 -1
22 130 1
26 130 -1
22 131 1
49 131 -1
22 132 1
76 132 -1
23 133 1
24 133 -1
23 134 1
25 134 -1
23 135 1
26 135 -1
23 136 1
27 136 -1
23 137 1
50 137 -1
23 138 1
77 138 -1
24 139 1
25 139 -1
24 140 1
26 140 -1
24 141 1
27 141 -1
24 142 1
135 142 -1
24 143 1
51 143 -1
24 144 1
78 144 -1
25 145 1
26 145 -1
25 146 1
27 146 -1
25 147 1
135 147 -1
25 148 1
135 148 -1
1 149 1
2 149 -1
25 150 1
52 150 -1
25 151 1
79 151 -1
26 152 1
27 152 -1
26 153 1
135 153 -1
26 154 1
135 154 -1
1 155 1
2 155 -1
26 156 1
135 156 -1
1 157 1
3 157 -1
26 158 1
53 158 -1
26 159 1
80 159 -1
27 160 1
135 160 -1
27 161 1
135 161 -1
1 162 1
2 162 -1
27 163 1
135 163 -1
1 164 1
3 164 -1
27 165 1
135 165 -1
1 166 1
4 166 -1
27 167 1
54 167 -1
27 168 1
81 168 -1
28 169 1
29 169 -1
28 170 1
30 170 -1
28 171 1
31 171 -1
28 172 1
32 172 -1
28 173 1
55 173 -1
28 174 1
82 174 -1
29 175 1
30 175 -1
29 176 1
31 176 -1
29 177 1
32 177 -1
29 178 1
33 178 -1
29 179 1
56 179 -1
29 180 1
83 180 -1
30 181 1
31 181 -1
30 182 1
32 182 -1
30 183 1
33 183 -1
30 184 1
34 184 -1
30 185 1
57 185 -1
30 186 1
84 186 -1
31 187 1
32 187 -1
31 188 1
33 188 -1
31 189 1
34 189 -1
31 190 1
35 190 -1
31 191 1
58 191 -1
31 192 1
85 192 -1
32 193 1
33 193 -1
32 194 1
34 194 -1
32 195 1
35 195 -1
32 196 1
36 196 -1
32 197 1
59 197 -1
32 198 1
86 198 -1
33 199 1
34 199 -1
33 200 1
35 200 -1
33 201 1
36 201 -1
33 202 1
37 202 -1
33 203 1
60 203 -1
33 204 1
87 204 -1
34 205 1
35 205 -1
34 206 1
36 206 -1
34 207 1
37 207 -1
34 208 1
38 208 -1
34 209 1
61 209 -1
34 210 1
88 210 -1
35 211 1
36 211 -1
35 212 1
37 212 -1
35 213 1
38 213 -1
35 214 1
39 214 -1
35 215 1
62 215 -1
35 216 1
89 216 -1
36 217 1
37 217 -1
36 218 1
38 218 -1
36 219 1
39 219 -1
36 220 1
40 220 -1
36 221 1
63 221 -1
36 222 1
90 222 -1
37 223 1
38 223 -1
37 224 1
39 224 -1
37 225 1
40 225 -1
37 226 1
41 226 -1
37 227 1
64 227 -1
37 228 1
91 228 -1
38 229 1
39 229 -1
38 230 1
40 230 -1
38 231 1
41 231 -1
38 232 1
42 232 -1
38 233 1
65 233 -1
38 234 1
92 234 -1
39 235 1
40 235 -1
39 236 1
41 236 -1
39 237 1
42 237 -1
39 238 1
43 238 -1
39 239 1
66 239 -1
39 240 1
93 240 -1
40 241 1
41 241 -1
40 242 1
42 242 -1
40 243 1
43 243 -1
40 244 1
44 244 -1
40 245 1
67 245 -1
40 246 1
94 246 -1
41 247 1
42 247 -1
41 248 1
43 248 -1
41 249 1
44 249 -1
41 250 1
45 250 -1
41 251 1
68 251 -1
41 252 1
95 252 -1
42 253 1
43 253 -1
42 254 1
44 254 -1
42 255 1
45 255 -1
42 256 1
46 256 -1
42 257 1
69 257 -1
42 258 1
96 258 -1
43 259 1
44 259 -1
43 260 1
45 260 -1
43 261 1
46 261 -1
43 262 1
47 262 -1
43 263 1
70 263 -1
43 264 1
97 264 -1
44 265 1
45 265 -1
44 266 1
46 266 -1
44 267 1
47 267 -1
44 268 1
48 268 -1
44 269 1
71 269 -1
44 270 1
98 270 -1
45 271 1
46 271 -1
45 272 1
47 272 -1
45 273 1
48 273 -1
45 274 1
49 274 -1
45 275 1
72 275 -1
45 276 1
99 276 -1
46 277 1
47 277 -1
46 278 1
48 278 -1
46 279 1
49 279 -1
46 280 1
50 280 -1
46 281 1
73 281 -1
46 282 1
100 282 -1
47 283 1
48 283 -1
47 284 1
49 284 -1
47 285 1
50 285 -1
47 286 1
51 286 -1
47 287 1
74 287 -1
47 288 1
101 288 -1
48 289 1
49 289 -1
48 290 1
50 290 -1
48 291 1
51 291 -1
48 292 1
52 292 -1
48 293 1
75 293 -1
48 294 1
102 294 -1
49 295 1
50 295 -1
49 296 1
51 296 -1
49 297 1
52 297 -1
49 298 1
53 298 -1
49 299 1
76 299 -1
49 300 1
103 300 -1
50 301 1
51 301 -1
50 302 1
52 302 -1
50 303 1
53 303 -1
50 304 1
54 304 -1
50 305 1
77 305 -1
50 306 1
104 306 -1
51 307 1
52 307 -1
51 308 1
53 308 -1
51 309 1
54 309 -1
51 310 1
135 310 -1
1 311 1
28 311 -1
51 312 1
78 312 -1
51 313 1
105 313 -1
52 314 1
53 314 -1
52 315 1
54 315 -1
52 316 1
135 316 -1
1 317 1
28 317 -1
52 318 1
135 318 -1
1 319 1
29 319 -1
52 320 1
79 320 -1
52 321 1
106 321 -1
53 322 1
54 322 -1
53 323 1
135 323 -1
1 324 1
28 324 -1
53 325 1
135 325 -1
1 326 1
29 326 -1
53 327 1
135 327 -1
1 328 1
30 328 -1
53 329 1
80 329 -1
53 330 1
107 330 -1
54 331 1
135 331 -1
1 332 1
28 332 -1
54 333 1
135 333 -1
1 334 1
29 334 -1
54 335 1
135 335 -1
1 336 1
30 336 -1
54 337 1
135 337 -1
1 338 1
31 338 -1
54 339 1
81 339 -1
54 340 1
108 340 -1
55 341 1
56 341 -1
55 342 1
57 342 -1
55 343 1
58 343 -1
55 344 1
59 344 -1
55 345 1
82 345 -1
55 346 1
109 346 -1
56 347 1
57 347 -1
56 348 1
58 348 -1
56 349 1
59 349 -1
56 350 1
60 350 -1
56 351 1
83 351 -1
56 352 1
110 352 -1
57 353 1
58 353 -1
57 354 1
59 354 -1
57 355 1
60 355 -1
57 356 1
61 356 -1
57 357 1
84 357 -1
57 358 1
111 358 -1
58 359 1
59 359 -1
58 360 1
60 360 -1
58 361 1
61 361 -1
58 362 1
62 362 -1
58 363 1
85 363 -1
58 364 1
112 364 -1
59 365 1
60 365 -1
59 366 1
61 366 -1
59 367 1
62 367 -1
59 368 1
63 368 -1
59 369 1
86 369 -1
59 370 1
113 370 -1
60 371 1
61 371 -1
60 372 1
62 372 -1
60 373 1
63 373 -1
60 374 1
64 374 -1
60 375 1
87 375 -1
60 376 1
114 376 -1
61 377 1
62 377 -1
61 378 1
63 378 -1
61 379 1
64 379 -1
61 380 1
65 380 -1
61 381 1
88 381 -1
61 382 1
115 382 -1
62 383 1
63 383 -1
62 384 1
64 384 -1
62 385 1
65 385 -1
62 386 1
66 386 -1
62 387 1
89 387 -1
62 388 1
116 388 -1
63 389 1
64 389 -1
63 390 1
65 390 -1
63 391 1
66 391 -1
63 392 1
67 392 -1
63 393 1
90 393 -1
63 394 1
117 394 -1
64 395 1
65 395 -1
64 396 1
66 396 -1
64 397 1
67 397 -1
64 398 1
68 398 -1
64 399 1
91 399 -1
64 400 1
118 400 -1
65 401 1
66 401 -1
65 402 1
67 402 -1
65 403 1
68 403 -1
65 404 1
69 404 -1
65 405 1
92 405 -1
65 406 1
119 406 -1
66 407 1
67 407 -1
66 408 1
68 408 -1
66 409 1
69 409 -1
66 410 1
70 410 -1
66 411 1
93 411 -1
66 412 1
120 412 -1
67 413 1
68 413 -1
67 414 1
69 414 -1
67 415 1
70 415 -1
67 416 1
71 416 -1
67 417 1
94 417 -1
67 418 1
121 418 -1
68 419 1
69 419 -1
68 420 1
70 420 -1
68 421 1
71 421 -1
68 422 1
72 422 -1
68 423 1
95 423 -1
68 424 1
122 424 -1
69 425 1
70 425 -1
69 426 1
71 426 -1
69 427 1
72 427 -1
69 428 1
73 428 -1
69 429 1
96 429 -1
69 430 1
123 430 -1
70 431 1
71 431 -1
70 432 1
72 432 -1
70 433 1
73 433 -1
70 434 1
74 434 -1
70 435 1
97 435 -1
70 436 1
124 436 -1
71 437 1
72 437 -1
71 438 1
73 438 -1
71 439 1
74 439 -1
71 440 1
75 440 -1
71 441 1
98 441 -1
71 442 1
125 442 -1
72 443 1
73 443 -1
72 444 1
74 444 -1
72 445 1
75 445 -1
72 446 1
76 446 -1
72 447 1
99 447 -1
72 448 1
126 448 -1
73 449 1
74 449 -1
73 450 1
75 450 -1
73 451 1
76 451 -1
73 452 1
77 452 -1
73 453 1
100 453 -1
73 454 1
127 454 -1
74 455 1
75 455 -1
74 456 1
76 456 -1
74 457 1
77 457 -1
74 458 1
78 458 -1
74 459 1
101 459 -1
74 460 1
128 460 -1
75 461 1
76 461 -1
75 462 1
77 462 -1
75 463 1
78 463 -1
75 464 1
79 464 -1
75 465 1
102 465 -1
75 466 1
129 466 -1
76 467 1
77 467 -1
76 468 1
78 468 -1
76 469 1
79 469 -1
76 470 1
80 470 -1
76 471 1
103 471 -1
76 472 1
130 472 -1
77 473 1
78 473 -1
77 474 1
79 474 -1
77 475 1
80 475 -1
77 476 1
81 476 -1
77 477 1
104 477 -1
77 478 1
131 478 -1
78 479 1
79 479 -1
78 480 1
80 480 -1
78 481 1
81 481 -1
78 482 1
135 482 -1
1 483 1
55 483 -1
78 484 1
105 484 -1
78 485 1
132 485 -1
79 486 1
80 486 -1
79 487 1
81 487 -1
79 488 1
135 488 -1
1 489 1
55 489 -1
79 490 1
135 490 -1
1 491 1
56 491 -1
79 492 1
106 492 -1
79 493 1
133 493 -1
80 494 1
81 494 -1
80 495 1
135 495 -1
1 496 1
55 496 -1
80 497 1
135 497 -1
1 498 1
56 498 -1
80 499 1
135 499 -1
1 500 1
57 500 -1
80 501 1
107 501 -1
80 502 1
134 502 -1
81 503 1
135 503 -1
1 504 1
55 504 -1
81 505 1
135 505 -1
1 506 1
56 506 -1
81 507 1
135 507 -1
1 508 1
57 508 -1
81 509 1
135 509 -1
1 510 1
58 510 -1
81 511 1
108 511 -1
81 512 1
135 512 -1
82 513 1
83 513 -1
82 514 1
84 514 -1
82 515 1
85 515 -1
82 516 1
86 516 -1
82 517 1
109 517 -1
82 518 1
1 518 -1
83 519 1
84 519 -1
83 520 1
85 520 -1
83 521 1
86 521 -1
83 522 1
87 522 -1
83 523 1
110 523 -1
83 524 1
2 524 -1
84 525 1
85 525 -1
84 526 1
86 526 -1
84 527 1
87 527 -1
84 528 1
88 528 -1
84 529 1
111 529 -1
84 530 1
3 530 -1
85 531 1
86 531 -1
85 532 1
87 532 -1
85 533 1
88 533 -1
85 534 1
89 534 -1
85 535 1
112 535 -1
85 536 1
4 536 -1
86 537 1
87 537 -1
86 538 1
88 538 -1
86 539 1
89 539 -1
86 540 1
90 540 -1
86 541 1
113 541 -1
86 542 1
5 542 -1
87 543 1
88 543 -1
87 544 1
89 544 -1
87 545 1
90 545 -1
87 546 1
91 546 -1
87 547 1
114 547 -1
87 548 1
6 548 -1
88 549 1
89 549 -1
88 550 1
90 550 -1
88 551 1
91 551 -1
88 552 1
92 552 -1
88 553 1
115 553 -1
88 554 1
7 554 -1
89 555 1
90 555 -1
89 556 1
91 556 -1
89 557 1
92 557 -1
89 558 1
93 558 -1
89 559 1
116 559 -1
89 560 1
8 560 -1
90 561 1
91 561 -1
90 562 1
92 562 -1
90 563 1
93 563 -1
90 564 1
94 564 -1
90 565 1
117 565 -1
90 566 1
9 566 -1
91 567 1
92 567 -1
91 568 1
93 568 -1
91 569 1
94 569 -1
91 570 1
95 570 -1
91 571 1
118 571 -1
91 572 1
10 572 -1
92 573 1
93 573 -1
92 574 1
94 574 -1
92 575 1
95 575 -1
92 576 1
96 576 -1
92 577 1
119 577 -1
92 578 1
11 578 -1
93 579 1
94 579 -1
93 580 1
95 580 -1
93 581 1
96 581 -1
93 582 1
97 582 -1
93 583 1
120 583 -1
93 584 1
12 584 -1
94 585 1
95 585 -1
94 586 1
96 586 -1
94 587 1
97 587 -1
94 588 1
98 588 -1
94 589 1
121 589 -1
94 590 1
13 590 -1
95 591 1
96 591 -1
95 592 1
97 592 -1
95 593 1
98 593 -1
95 594 1
99 594 -1
95 595 1
122 595 -1
95 596 1
14 596 -1
96 597 1
97 597 -1
96 598 1
98 598 -1
96 599 1
99 599 -1
96 600 1
100 600 -1
96 601 1
123 601 -1
96 602 1
15 602 -1
97 603 1
98 603 -1
97 604 1
99 604 -1
97 605 1
100 605 -1
97 606 1
101 606 -1
97 607 1
124 607 -1
97 608 1
16 608 -1
98 609 1
99 609 -1
98 610 1
100 610 -1
98 611 1
101 611 -1
98 612 1
102 612 -1
98 613 1
125 613 -1
98 614 1
17 614 -1
99 615 1
100 615 -1
99 616 1
101 616 -1
99 617 1
102 617 -1
99 618 1
103 618 -1
99 619 1
126 619 -1
99 620 1
18 620 -1
100 621 1
101 621 -1
100 622 1
102 622 -1
100 623 1
103 623 -1
100 624 1
104 624 -1
100 625 1
127 625 -1
100 626 1
19 626 -1
101 627 1
102 627 -1
101 628 1
103 628 -1
101 629 1
104 629 -1
101 630 1
105 630 -1
101 631 1
128 631 -1
101 632 1
20 632 -1
102 633 1
103 633 -1
102 634 1
104 634 -1
102 635 1
105 635 -1
102 636 1
106 636 -1
102 637 1
129 637 -1
102 638 1
21 638 -1
103 639 1
104 639 -1
103 640 1
105 640 -1
103 641 1
106 641 -1
103 642 1
107 642 -1
103 643 1
130 643 -1
103 644 1
22 644 -1
104 645 1
105 645 -1
104 646 1
106 646 -1
104 647 1
107 647 -1
104 648 1
108 648 -1
104 649 1
131 649 -1
104 650 1
23 650 -1
105 651 1
106 651 -1
105 652 1
107 652 -1
105 653 1
108 653 -1
105 654 1
135 654 -1
1 655 1
82 655 -1
105 656 1
132 656 -1
105 657 1
24 657 -1
106 658 1
107 658 -1
106 659 1
108 659 -1
106 660 1
135 660 -1
1 661 1
82 661 -1
106 662 1
135 662 -1
1 663 1
83 663 -1
106 664 1
133 664 -1
106 665 1
25 665 -1
107 666 1
108 666 -1
107 667 1
135 667 -1
1 668 1
82 668 -1
107 669 1
135 669 -1
1 670 1
83 670 -1
107 671 1
135 671 -1
1 672 1
84 672 -1
107 673 1
134 673 -1
107 674 1
26 674 -1
108 675 1
135 675 -1
1 676 1
82 676 -1
108 677 1
135 677 -1
1 678 1
83 678 -1
108 679 1
135 679 -1
1 680 1
84 680 -1
108 681 1
135 681 -1
1 682 1
85 682 -1
108 683 1
135 683 -1
108 684 1
27 684 -1
109 685 1
110 685 -1
109 686 1
111 686 -1
109 687 1
112 687 -1
109 688 1
113 688 -1
109 689 1
1 689 -1
109 690 1
28 690 -1
110 691 1
111 691 -1
110 692 1
112 692 -1
110 693 1
113 693 -1
110 694 1
114 694 -1
110 695 1
2 695 -1
110 696 1
29 696 -1
111 697 1
112 697 -1
111 698 1
113 698 -1
111 699 1
114 699 -1
111 700 1
115 700 -1
111 701 1
3 701 -1
111 702 1
30 702 -1
112 703 1
113 703 -1
112 704 1
114 704 -1
112 705 1
115 705 -1
112 706 1
116 706 -1
112 707 1
4 707 -1
112 708 1
31 708 -1
113 709 1
114 709 -1
113 710 1
115 710 -1
113 711 1
116 711 -1
113 712 1
117 712 -1
113 713 1
5 713 -1
113 714 1
32 714 -1
114 715 1
115 715 -1
114 716 1
116 716 -1
114 717 1
117 717 -1
114 718 1
118 718 -1
114 719 1
6 719 -1
114 720 1
33 720 -1
115 721 1
116 721 -1
115 722 1
117 722 -1
115 723 1
118 723 -1
115 724 1
119 724 -1
115 725 1
7 725 -1
115 726 1
34 726 -1
116 727 1
117 727 -1
116 728 1
118 728 -1
116 729 1
119 729 -1
116 730 1
120 730 -1
116 731 1
8 731 -1
116 732 1
35 732 -1
117 733 1
118 733 -1
117 734 1
119 734 -1
117 735 1
120 735 -1
117 736 1
121 736 -1
117 737 1
9 737 -1
117 738 1
36 738 -1
118 739 1
119 739 -1
118 740 1
120 740 -1
118 741 1
121 741 -1
118 742 1
122 742 -1
118 743 1
10 743 -1
118 744 1
37 744 -1
119 745 1
120 745 -1
119 746 1
121 746 -1
119 747 1
122 747 -1
119 748 1
123 748 -1
119 749 1
11 749 -1
119 750 1
38 750 -1
120 751 1
121 751 -1
120 752 1
122 752 -1
120 753 1
123 753 -1
120 754 1
124 754 -1
120 755 1
12 755 -1
120 756 1
39 756 -1
121 757 1
122 757 -1
121 758 1
123 758 -1
121 759 1
124 759 -1
121 760 1
125 760 -1
121 761 1
13 761 -1
121 762 1
40 762 -1
122 763 1
123 763 -1
122 764 1
124 764 -1
122 765 1
125 765 -1
122 766 1
126 766 -1
122 767 1
14 767 -1
122 768 1
41 768 -1
123 769 1
124 769 -1
123 770 1
125 770 -1
123 771 1
126 771 -1
123 772 1
127 772 -1
123 773 1
15 773 -1
123 774 1
42 774 -1
124 775 1
125 775 -1
124 776 1
126 776 -1
124 777 1
127 777 -1
124 778 1
128 778 -1
124 779 1
16 779 -1
124 780 1
43 780 -1
125 781 1
126 781 -1
125 782 1
127 782 -1
125 783 1
128 783 -1
125 784 1
129 784 -1
125 785 1
17 785 -1
125 786 1
44 786 -1
126 787 1
127 787 -1
126 788 1
128 788 -1
126 789 1
129 789 -1
126 790 1
130 790 -1
126 791 1
18 791 -1
126 792 1
45 792 -1
127 793 1
128 793 -1
127 794 1
129 794 -1
127 795 1
130 795 -1
127 796 1
131 796 -1
127 797 1
19 797 -1
127 798 1
46 798 -1
128 799 1
129 799 -1
128 800 1
130 800 -1
128 801 1
131 801 -1
128 802 1
132 802 -1
128 803 1
20 803 -1
128 804 1
47 804 -1
129 805 1
130 805 -1
129 806 1
131 806 -1
129 807 1
132 807 -1
129 808 1
133 808 -1
129 809 1
21 809 -1
129 810 1
48 810 -1
130 811 1
131 811 -1
130 812 1
132 812 -1
130 813 1
133 813 -1
130 814 1
134 814 -1
130 815 1
22 815 -1
130 816 1
49 816 -1
131 817 1
132 817 -1
131 818 1
133 818 -1
131 819 1
134 819 -1
131 820 1
135 820 -1
131 821 1
23 821 -1
131 822 1
50 822 -1
132 823 1
133 823 -1
132 824 1
134 824 -1
132 825 1
135 825 -1
132 826 1
135 826 -1
1 827 1
109 827 -1
132 828 1
24 828 -1
132 829 1
51 829 -1
133 830 1
134 830 -1
133 831 1
135 831 -1
133 832 1
135 832 -1
1 833 1
109 833 -1
133 834 1
135 834 -1
1 835 1
110 835 -1
133 836 1
25 836 -1
133 837 1
52 837 -1
134 838 1
135 838 -1
134 839 1
135 839 -1
1 840 1
109 840 -1
134 841 1
135 841 -1
1 842 1
110 842 -1
134 843 1
135 843 -1
1 844 1
111 844 -1
134 845 1
26 845 -1
134 846 1
53 846 -1
1 847 1
109 847 -1
1 848 1
110 848 -1
1 849 1
111 849 -1
1 850 1
112 850 -1
135 851 1
27 851 -1
135 852 1
54 852 -1
22 853 1
70 853 -1
130 854 1
58 854 -1
122 855 1
34 855 -1
54 856 1
121 856 -1
99 857 1
126 857 -1
81 858 1
68 858 -1
29 859 1
20 859 -1
25 860 1
57 860 -1
92 861 1
46 861 -1
87 862 1
56 862 -1
26 863 1
118 863 -1
80 864 1
51 864 -1
88 865 1
46 865 -1
37 866 1
3 866 -1
1 867 1
28 867 -1
28 868 1
55 868 -1
55 869 1
82 869 -1
82 870 1
109 870 -1
109 871 1
2 871 -1
2 872 1
29 872 -1
29 873 1
56 873 -1
56 874 1
83 874 -1
83 875 1
110 875 -1
110 876 1
3 876 -1
3 877 1
30 877 -1
30 878 1
57 878 -1
57 879 1
84 879 -1
84 880 1
111 880 -1
111 881 1
4 881 -1
4 882 1
31 882 -1
31 883 1
58 883 -1
58 884 1
85 884 -1
85 885 1
112 885 -1
112 886 1
5 886 -1
5 887 1
32 887 -1
32 888 1
59 888 -1
59 889 1
86 889 -1
86 890 1
113 890 -1
113 891 1
6 891 -1
6 892 1
33 892 -1
33 893 1
60 893 -1
60 894 1
87 894 -1
87 895 1
114 895 -1
114 896 1
7 896 -1
7 897 1
34 897 -1
34 898 1
61 898 -1
61 899 1
88 899 -1
88 900 1
115 900 -1
115 901 1
8 901 -1
8 902 1
35 902 -1
35 903 1
62 903 -1
62 904 1
89 904 -1
89 905 1
116 905 -1
116 906 1
9 906 -1
9 907 1
36 907 -1
36 908 1
63 908 -1
63 909 1
90 909 -1
90 910 1
117 910 -1
117 911 1
10 911 -1
10 912 1
37 912 -1
37 913 1
64 913 -1
64 914 1
91 914 -1
91 915 1
118 915 -1
118 916 1
11 916 -1
11 917 1
38 917 -1
38 918 1
65 918 -1
65 919 1
92 919 -1
92 920 1
119 920 -1
119 921 1
12 921 -1
12 922 1
39 922 -1
39 923 1
66 923 -1
66 924 1
93 924 -1
93 925 1
120 925 -1
120 926 1
13 926 -1
13 927 1
40 927 -1
40 928 1
67 928 -1
67 929 1
94 929 -1
94 930 1
121 930 -1
121 931 1
14 931 -1
14 932 1
41 932 -1
41 933 1
68 933 -1
68 934 1
95 934 -1
95 935 1
122 935 -1
122 936 1
15 936 -1
15 937 1
42 937 -1
42 938 1
69 938 -1
69 939 1
96 939 -1
96 940 1
123 940 -1
123 941 1
16 941 -1
16 942 1
43 942 -1
43 943 1
70 943 -1
70 944 1
97 944 -1
97 945 1
124 945 -1
124 946 1
17 946 -1
17 947 1
44 947 -1
44 948 1
71 948 -1
71 949 1
98 949 -1
98 950 1
125 950 -1
125 951 1
18 951 -1
18 952 1
45 952 -1
45 953 1
72 953 -1
72 954 1
99 954 -1
99 955 1
126 955 -1
126 956 1
19 956 -1
19 957 1
46 957 -1
46 958 1
73 958 -1
73 959 1
100 959 -1
100 960 1
127 960 -1
127 961 1
20 961 -1
20 962 1
47 962 -1
47 963 1
74 963 -1
74 964 1
101 964 -1
101 965 1
128 965 -1
128 966 1
21 966 -1
21 967 1
48 967 -1
48 968 1
75 968 -1
75 969 1
102 969 -1
102 970 1
129 970 -1
129 971 1
22 971 -1
22 972 1
49 972 -1
49 973 1
76 973 -1
76 974 1
103 974 -1
103 975 1
130 975 -1
130 976 1
23 976 -1
23 977 1
50 977 -1
50 978 1
77 978 -1
77 979 1
104 979 -1
104 980 1
131 980 -1
131 981 1
24 981 -1
24 982 1
51 982 -1
51 983 1
78 983 -1
78 984 1
105 984 -1
105 985 1
132 985 -1
132 986 1
25 986 -1
25 987 1
52 987 -1
52 988 1
79 988 -1
79 989 1
106 989 -1
106 990 1
133 990 -1
133 991 1
26 991 -1
26 992 1
53 992 -1
53 993 1
80 993 -1
80 994 1
107 994 -1
107 995 1
134 995 -1
134 996 1
27 996 -1
27 997 1
54 997 -1
54 998 1
81 998 -1
81 999 1
108 999 -1
108 1000 1
135 1000 -1
