1 1 1
2 1 -1
1 2 1
26 2 -1
1 3 1
51 3 -1
1 4 1
76 4 -1
1 5 1
101 5 -1
2 6 1
3 6 -1
2 7 1
27 7 -1
2 8 1
52 8 -1
2 9 1
77 9 -1
2 10 1
102 10 -1
3 11 1
4 11 -1
3 12 1
28 12 -1
3 13 1
53 13 -1
3 14 1
78 14 -1
3 15 1
103 15 -1
4 16 1
5 16 -1
4 17 1
29 17 -1
4 18 1
54 18 -1
4 19 1
79 19 -1
4 20 1
104 20 -1
5 21 1
6 21 -1
5 22 1
30 22 -1
5 23 1
55 23 -1
5 24 1
80 24 -1
5 25 1
105 25 -1
6 26 1
7 26 -1
6 27 1
31 27 -1
6 28 1
56 28 -1
6 29 1
81 29 -1
6 30 1
106 30 -1
7 31 1
8 31 -1
7 32 1
32 32 -1
7 33 1
57 33 -1
7 34 1
82 34 -1
7 35 1
107 35 -1
8 36 1
9 36 -1
8 37 1
33 37 -1
8 38 1
58 38 -1
8 39 1
83 39 -1
8 40 1
108 40 -1
9 41 1
10 41 -1
9 42 1
34 42 -1
9 43 1
59 43 -1
9 44 1
84 44 -1
9 45 1
109 45 -1
10 46 1
11 46 -1
10 47 1
35 47 -1
10 48 1
60 48 -1
10 49 1
85 49 -1
10 50 1
110 50 -1
11 51 1
12 51 -1
11 52 1
36 52 -1
11 53 1
61 53 -1
11 54 1
86 54 -1
11 55 1
111 55 -1
12 56 1
13 56 -1
12 57 1
37 57 -1
12 58 1
62 58 -1
12 59 1
87 59 -1
12 60 1
112 60 -1
13 61 1
14 61 -1
13 62 1
38 62 -1
13 63 1
63 63 -1
13 64 1
88 64 -1
13 65 1
113 65 -1
14 66 1
15 66 -1
14 67 1
39 67 -1
14 68 1
64 68 -1
14 69 1
89 69 -1
14 70 1
114 70 -1
15 71 1
16 71 -1
15 72 1
40 72 -1
15 73 1
65 73 -1
15 74 1
90 74 -1
15 75 1
115 75 -1
16 76 1
17 76 -1
16 77 1
41 77 -1
16 78 1
66 78 -1
16 79 1
91 79 -1
16 80 1
116 80 -1
17 81 1
18 81 -1
17 82 1
42 82 -1
17 83 1
67 83 -1
17 84 1
92 84 -1
17 85 1
117 85 -1
18 86 1
19 86 -1
18 87 1
43 87 -1
18 88 1
68 88 -1
18 89 1
93 89 -1
18 90 1
118 90 -1
19 91 1
20 91 -1
19 92 1
44 92 -1
19 93 1
69 93 -1
19 94 1
94 94 -1
19 95 1
119 95 -1
20 96 1
21 96 -1
20 97 1
45 97 -1
20 98 1
70 98 -1
20 99 1
95 99 -1
20 100 1
120 100 -1
21 101 1
22 101 -1
21 102 1
46 102 -1
21 103 1
71 103 -1
21 104 1
96 104 -1
21 105 1
121 105 -1
22 106 1
23 106 -1
22 107 1
47 107 -1
22 108 1
72 108 -1
22 109 1
97 109 -1
22 110 1
122 110 -1
23 111 1
24 111 -1
23 112 1
48 112 -1
23 113 1
73 113 -1
23 114 1
98 114 -1
23 115 1
123 115 -1
24 116 1
25 116 -1
24 117 1
49 117 -1
24 118 1
74 118 -1
24 119 1
99 119 -1
24 120 1
124 120 -1
25 121 1
150 121 -1
25 122 1
50 122 -1
25 123 1
75 123 -1
25 124 1
100 124 -1
25 125 1
125 125 -1
26 126 1
27 126 -1
26 127 1
51 127 -1
26 128 1
76 128 -1
26 129 1
101 129 -1
26 130 1
126 130 -1
27 131 1
28 131 -1
27 132 1
52 132 -1
27 133 1
77 133 -1
27 134 1
102 134 -1
27 135 1
127 135 -1
28 136 1
29 136 -1
28 137 1
53 137 -1
28 138 1
78 138 -1
28 139 1
103 139 -1
28 140 1
128 140 -1
29 141 1
30 141 -1
29 142 1
54 142 -1
29 143 1
79 143 -1
29 144 1
104 144 -1
29 145 1
129 145 -1
30 146 1
31 146 -1
30 147 1
55 147 -1
30 148 1
80 148 -1
30 149 1
105 149 -1
30 150 1
130 150 -1
31 151 1
32 151 -1
31 152 1
56 152 -1
31 153 1
81 153 -1
31 154 1
106 154 -1
31 155 1
131 155 -1
32 156 1
33 156 -1
32 157 1
57 157 -1
32 158 1
82 158 -1
32 159 1
107 159 -1
32 160 1
132 160 -1
33 161 1
34 161 -1
33 162 1
58 162 -1
33 163 1
83 163 -1
33 164 1
108 164 -1
33 165 1
133 165 -1
34 166 1
35 166 -1
34 167 1
59 167 -1
34 168 1
84 168 -1
34 169 1
109 169 -1
34 170 1
134 170 -1
35 171 1
36 171 -1
35 172 1
60 172 -1
35 173 1
85 173 -1
35 174 1
110 174 -1
35 175 1
135 175 -1
36 176 1
37 176 -1
36 177 1
61 177 -1
36 178 1
86 178 -1
36 179 1
111 179 -1
36 180 1
136 180 -1
37 181 1
38 181 -1
37 182 1
62 182 -1
37 183 1
87 183 -1
37 184 1
112 184 -1
37 185 1
137 185 -1
38 186 1
39 186 -1
38 187 1
63 187 -1
38 188 1
88 188 -1
38 189 1
113 189 -1
38 190 1
138 190 -1
39 191 1
40 191 -1
39 192 1
64 192 -1
39 193 1
89 193 -1
39 194 1
114 194 -1
39 195 1
139 195 -1
40 196 1
41 196 -1
40 197 1
65 197 -1
40 198 1
90 198 -1
40 199 1
115 199 -1
40 200 1
140 200 -1
41 201 1
42 201 -1
41 202 1
66 202 -1
41 203 1
91 203 -1
41 204 1
116 204 -1
41 205 1
141 205 -1
42 206 1
43 206 -1
42 207 1
67 207 -1
42 208 1
92 208 -1
42 209 1
117 209 -1
42 210 1
142 210 -1
43 211 1
44 211 -1
43 212 1
68 212 -1
43 213 1
93 213 -1
43 214 1
118 214 -1
43 215 1
143 215 -1
44 216 1
45 216 -1
44 217 1
69 217 -1
44 218 1
94 218 -1
44 219 1
119 219 -1
44 220 1
144 220 -1
45 221 1
46 221 -1
45 222 1
70 222 -1
45 223 1
95 223 -1
45 224 1
120 224 -1
45 225 1
145 225 -1
46 226 1
47 226 -1
46 227 1
71 227 -1
46 228 1
96 228 -1
46 229 1
121 229 -1
46 230 1
146 230 -1
47 231 1
48 231 -1
47 232 1
72 232 -1
47 233 1
97 233 -1
47 234 1
122 234 -1
47 235 1
147 235 -1
48 236 1
49 236 -1
48 237 1
73 237 -1
48 238 1
98 238 -1
48 239 1
123 239 -1
48 240 1
148 240 -1
49 241 1
50 241 -1
49 242 1
74 242 -1
49 243 1
99 243 -1
49 244 1
124 244 -1
49 245 1
149 245 -1
50 246 1
150 246 -1
1 247 1
26 247 -1
50 248 1
75 248 -1
50 249 1
100 249 -1
50 250 1
125 250 -1
50 251 1
150 251 -1
51 252 1
52 252 -1
51 253 1
76 253 -1
51 254 1
101 254 -1
51 255 1
126 255 -1
51 256 1
1 256 -1
52 257 1
53 257 -1
52 258 1
77 258 -1
52 259 1
102 259 -1
52 260 1
127 260 -1
52 261 1
2 261 -1
53 262 1
54 262 -1
53 263 1
78 263 -1
53 264 1
103 264 -1
53 265 1
128 265 -1
53 266 1
3 266 -1
54 267 1
55 267 -1
54 268 1
79 268 -1
54 269 1
104 269 -1
54 270 1
129 270 -1
54 271 1
4 271 -1
55 272 1
56 272 -1
55 273 1
80 273 -1
55 274 1
105 274 -1
55 275 1
130 275 -1
55 276 1
5 276 -1
56 277 1
57 277 -1
56 278 1
81 278 -1
56 279 1
106 279 -1
56 280 1
131 280 -1
56 281 1
6 281 -1
57 282 1
58 282 -1
57 283 1
82 283 -1
57 284 1
107 284 -1
57 285 1
132 285 -1
57 286 1
7 286 -1
58 287 1
59 287 -1
58 288 1
83 288 -1
58 289 1
108 289 -1
58 290 1
133 290 -1
58 291 1
8 291 -1
59 292 1
60 292 -1
59 293 1
84 293 -1
59 294 1
109 294 -1
59 295 1
134 295 -1
59 296 1
9 296 -1
60 297 1
61 297 -1
60 298 1
85 298 -1
60 299 1
110 299 -1
60 300 1
135 300 -1
60 301 1
10 301 -1
61 302 1
62 302 -1
61 303 1
86 303 -1
61 304 1
111 304 -1
61 305 1
136 305 -1
61 306 1
11 306 -1
62 307 1
63 307 -1
62 308 1
87 308 -1
62 309 1
112 309 -1
62 310 1
137 310 -1
62 311 1
12 311 -1
63 312 1
64 312 -1
63 313 1
88 313 -1
63 314 1
113 314 -1
63 315 1
138 315 -1
63 316 1
13 316 -1
64 317 1
65 317 -1
64 318 1
89 318 -1
64 319 1
114 319 -1
64 320 1
139 320 -1
64 321 1
14 321 -1
65 322 1
66 322 -1
65 323 1
90 323 -1
65 324 1
115 324 -1
65 325 1
140 325 -1
65 326 1
15 326 -1
66 327 1
67 327 -1
66 328 1
91 328 -1
66 329 1
116 329 -1
66 330 1
141 330 -1
66 331 1
16 331 -1
67 332 1
68 332 -1
67 333 1
92 333 -1
67 334 1
117 334 -1
67 335 1
142 335 -1
67 336 1
17 336 -1
68 337 1
69 337 -1
68 338 1
93 338 -1
68 339 1
118 339 -1
68 340 1
143 340 -1
68 341 1
18 341 -1
69 342 1
70 342 -1
69 343 1
94 343 -1
69 344 1
119 344 -1
69 345 1
144 345 -1
69 346 1
19 346 -1
70 347 1
71 347 -1
70 348 1
95 348 -1
70 349 1
120 349 -1
70 350 1
145 350 -1
70 351 1
20 351 -1
71 352 1
72 352 -1
71 353 1
96 353 -1
71 354 1
121 354 -1
71 355 1
146 355 -1
71 356 1
21 356 -1
72 357 1
73 357 -1
72 358 1
97 358 -1
72 359 1
122 359 -1
72 360 1
147 360 -1
72 361 1
22 361 -1
73 362 1
74 362 -1
73 363 1
98 363 -1
73 364 1
123 364 -1
73 365 1
148 365 -1
73 366 1
23 366 -1
74 367 1
75 367 -1
74 368 1
99 368 -1
74 369 1
124 369 -1
74 370 1
149 370 -1
74 371 1
24 371 -1
75 372 1
150 372 -1
1 373 1
51 373 -1
75 374 1
100 374 -1
75 375 1
125 375 -1
75 376 1
150 376 -1
75 377 1
25 377 -1
76 378 1
77 378 -1
76 379 1
101 379 -1
76 380 1
126 380 -1
76 381 1
1 381 -1
76 382 1
26 382 -1
77 383 1
78 383 -1
77 384 1
102 384 -1
77 385 1
127 385 -1
77 386 1
2 386 -1
77 387 1
27 387 -1
78 388 1
79 388 -1
78 389 1
103 389 -1
78 390 1
128 390 -1
78 391 1
3 391 -1
78 392 1
28 392 -1
79 393 1
80 393 -1
79 394 1
104 394 -1
79 395 1
129 395 -1
79 396 1
4 396 -1
79 397 1
29 397 -1
80 398 1
81 398 -1
80 399 1
105 399 -1
80 400 1
130 400 -1
80 401 1
5 401 -1
80 402 1
30 402 -1
81 403 1
82 403 -1
81 404 1
106 404 -1
81 405 1
131 405 -1
81 406 1
6 406 -1
81 407 1
31 407 -1
82 408 1
83 408 -1
82 409 1
107 409 -1
82 410 1
132 410 -1
82 411 1
7 411 -1
82 412 1
32 412 -1
83 413 1
84 413 -1
83 414 1
108 414 -1
83 415 1
133 415 -1
83 416 1
8 416 -1
83 417 1
33 417 -1
84 418 1
85 418 -1
84 419 1
109 419 -1
84 420 1
134 420 -1
84 421 1
9 421 -1
84 422 1
34 422 -1
85 423 1
86 423 -1
85 424 1
110 424 -1
85 425 1
135 425 -1
85 426 1
10 426 -1
85 427 1
35 427 -1
86 428 1
87 428 -1
86 429 1
111 429 -1
86 430 1
136 430 -1
86 431 1
11 431 -1
86 432 1
36 432 -1
87 433 1
88 433 -1
87 434 1
112 434 -1
87 435 1
137 435 -1
87 436 1
12 436 -1
87 437 1
37 437 -1
88 438 1
89 438 -1
88 439 1
113 439 -1
88 440 1
138 440 -1
88 441 1
13 441 -1
88 442 1
38 442 -1
89 443 1
90 443 -1
89 444 1
114 444 -1
89 445 1
139 445 -1
89 446 1
14 446 -1
89 447 1
39 447 -1
90 448 1
91 448 -1
90 449 1
115 449 -1
90 450 1
140 450 -1
90 451 1
15 451 -1
90 452 1
40 452 -1
91 453 1
92 453 -1
91 454 1
116 454 -1
91 455 1
141 455 -1
91 456 1
16 456 -1
91 457 1
41 457 -1
92 458 1
93 458 -1
92 459 1
117 459 -1
92 460 1
142 460 -1
92 461 1
17 461 -1
92 462 1
42 462 -1
93 463 1
94 463 -1
93 464 1
118 464 -1
93 465 1
143 465 -1
93 466 1
18 466 -1
93 467 1
43 467 -1
94 468 1
95 468 -1
94 469 1
119 469 -1
94 470 1
144 470 -1
94 471 1
19 471 -1
94 472 1
44 472 -1
95 473 1
96 473 -1
95 474 1
120 474 -1
95 475 1
145 475 -1
95 476 1
20 476 -1
95 477 1
45 477 -1
96 478 1
97 478 -1
96 479 1
121 479 -1
96 480 1
146 480 -1
96 481 1
21 481 -1
96 482 1
46 482 -1
97 483 1
98 483 -1
97 484 1
122 484 -1
97 485 1
147 485 -1
97 486 1
22 486 -1
97 487 1
47 487 -1
98 488 1
99 488 -1
98 489 1
123 489 -1
98 490 1
148 490 -1
98 491 1
23 491 -1
98 492 1
48 492 -1
99 493 1
100 493 -1
99 494 1
124 494 -1
99 495 1
149 495 -1
99 496 1
24 496 -1
99 497 1
49 497 -1
100 498 1
150 498 -1
1 499 1
76 499 -1
100 500 1
125 500 -1
100 501 1
150 501 -1
100 502 1
25 502 -1
100 503 1
50 503 -1
101 504 1
102 504 -1
101 505 1
126 505 -1
101 506 1
1 506 -1
101 507 1
26 507 -1
101 508 1
51 508 -1
102 509 1
103 509 -1
102 510 1
127 510 -1
102 511 1
2 511 -1
102 512 1
27 512 -1
102 513 1
52 513 -1
103 514 1
104 514 -1
103 515 1
128 515 -1
103 516 1
3 516 -1
103 517 1
28 517 -1
103 518 1
53 518 -1
104 519 1
105 519 -1
104 520 1
129 520 -1
104 521 1
4 521 -1
104 522 1
29 522 -1
104 523 1
54 523 -1
105 524 1
106 524 -1
105 525 1
130 525 -1
105 526 1
5 526 -1
105 527 1
30 527 -1
105 528 1
55 528 -1
106 529 1
107 529 -1
106 530 1
131 530 -1
106 531 1
6 531 -1
106 532 1
31 532 -1
106 533 1
56 533 -1
107 534 1
108 534 -1
107 535 1
132 535 -1
107 536 1
7 536 -1
107 537 1
32 537 -1
107 538 1
57 538 -1
108 539 1
109 539 -1
108 540 1
133 540 -1
108 541 1
8 541 -1
108 542 1
33 542 -1
108 543 1
58 543 -1
109 544 1
110 544 -1
109 545 1
134 545 -1
109 546 1
9 546 -1
109 547 1
34 547 -1
109 548 1
59 548 -1
110 549 1
111 549 -1
110 550 1
135 550 -1
110 551 1
10 551 -1
110 552 1
35 552 -1
110 553 1
60 553 -1
111 554 1
112 554 -1
111 555 1
136 555 -1
111 556 1
11 556 -1
111 557 1
36 557 -1
111 558 1
61 558 -1
112 559 1
113 559 -1
112 560 1
137 560 -1
112 561 1
12 561 -1
112 562 1
37 562 -1
112 563 1
62 563 -1
113 564 1
114 564 -1
113 565 1
138 565 -1
113 566 1
13 566 -1
113 567 1
38 567 -1
113 568 1
63 568 -1
114 569 1
115 569 -1
114 570 1
139 570 -1
114 571 1
14 571 -1
114 572 1
39 572 -1
114 573 1
64 573 -1
115 574 1
116 574 -1
115 575 1
140 575 -1
115 576 1
15 576 -1
115 577 1
40 577 -1
115 578 1
65 578 -1
116 579 1
117 579 -1
116 580 1
141 580 -1
116 581 1
16 581 -1
116 582 1
41 582 -1
116 583 1
66 583 -1
117 584 1
118 584 -1
117 585 1
142 585 -1
117 586 1
17 586 -1
117 587 1
42 587 -1
117 588 1
67 588 -1
118 589 1
119 589 -1
118 590 1
143 590 -1
118 591 1
18 591 -1
118 592 1
43 592 -1
118 593 1
68 593 -1
119 594 1
120 594 -1
119 595 1
144 595 -1
119 596 1
19 596 -1
119 597 1
44 597 -1
119 598 1
69 598 -1
120 599 1
121 599 -1
120 600 1
145 600 -1
120 601 1
20 601 -1
120 602 1
45 602 -1
120 603 1
70 603 -1
121 604 1
122 604 -1
121 605 1
146 605 -1
121 606 1
21 606 -1
121 607 1
46 607 -1
121 608 1
71 608 -1
122 609 1
123 609 -1
122 610 1
147 610 -1
122 611 1
22 611 -1
122 612 1
47 612 -1
122 613 1
72 613 -1
123 614 1
124 614 -1
123 615 1
148 615 -1
123 616 1
23 616 -1
123 617 1
48 617 -1
123 618 1
73 618 -1
124 619 1
125 619 -1
124 620 1
149 620 -1
124 621 1
24 621 -1
124 622 1
49 622 -1
124 623 1
74 623 -1
125 624 1
150 624 -1
1 625 1
101 625 -1
125 626 1
150 626 -1
125 627 1
25 627 -1
125 628 1
50 628 -1
125 629 1
75 629 -1
126 630 1
127 630 -1
126 631 1
1 631 -1
126 632 1
26 632 -1
126 633 1
51 633 -1
126 634 1
76 634 -1
127 635 1
128 635 -1
127 636 1
2 636 -1
127 637 1
27 637 -1
127 638 1
52 638 -1
127 639 1
77 639 -1
128 640 1
129 640 -1
128 641 1
3 641 -1
128 642 1
28 642 -1
128 643 1
53 643 -1
128 644 1
78 644 -1
129 645 1
130 645 -1
129 646 1
4 646 -1
129 647 1
29 647 -1
129 648 1
54 648 -1
129 649 1
79 649 -1
130 650 1
131 650 -1
130 651 1
5 651 -1
130 652 1
30 652 -1
130 653 1
55 653 -1
130 654 1
80 654 -1
131 655 1
132 655 -1
131 656 1
6 656 -1
131 657 1
31 657 -1
131 658 1
56 658 -1
131 659 1
81 659 -1
132 660 1
133 660 -1
132 661 1
7 661 -1
132 662 1
32 662 -1
132 663 1
57 663 -1
132 664 1
82 664 -1
133 665 1
134 665 -1
133 666 1
8 666 -1
133 667 1
33 667 -1
133 668 1
58 668 -1
133 669 1
83 669 -1
134 670 1
135 670 -1
134 671 1
9 671 -1
134 672 1
34 672 -1
134 673 1
59 673 -1
134 674 1
84 674 -1
135 675 1
136 675 -1
135 676 1
10 676 -1
135 677 1
35 677 -1
135 678 1
60 678 -1
135 679 1
85 679 -1
136 680 1
137 680 -1
136 681 1
11 681 -1
136 682 1
36 682 -1
136 683 1
61 683 -1
136 684 1
86 684 -1
137 685 1
138 685 -1
137 686 1
12 686 -1
137 687 1
37 687 -1
137 688 1
62 688 -1
137 689 1
87 689 -1
138 690 1
139 690 -1
138 691 1
13 691 -1
138 692 1
38 692 -1
138 693 1
63 693 -1
138 694 1
88 694 -1
139 695 1
140 695 -1
139 696 1
14 696 -1
139 697 1
39 697 -1
139 698 1
64 698 -1
139 699 1
89 699 -1
140 700 1
141 700 -1
140 701 1
15 701 -1
140 702 1
40 702 -1
140 703 1
65 703 -1
140 704 1
90 704 -1
141 705 1
142 705 -1
141 706 1
16 706 -1
141 707 1
41 707 -1
141 708 1
66 708 -1
141 709 1
91 709 -1
142 710 1
143 710 -1
142 711 1
17 711 -1
142 712 1
42 712 -1
142 713 1
67 713 -1
142 714 1
92 714 -1
143 715 1
144 715 -1
143 716 1
18 716 -1
143 717 1
43 717 -1
143 718 1
68 718 -1
143 719 1
93 719 -1
144 720 1
145 720 -1
144 721 1
19 721 -1
144 722 1
44 722 -1
144 723 1
69 723 -1
144 724 1
94 724 -1
145 725 1
146 725 -1
145 726 1
20 726 -1
145 727 1
45 727 -1
145 728 1
70 728 -1
145 729 1
95 729 -1
146 730 1
147 730 -1
146 731 1
21 731 -1
146 732 1
46 732 -1
146 733 1
71 733 -1
146 734 1
96 734 -1
147 735 1
148 735 -1
147 736 1
22 736 -1
147 737 1
47 737 -1
147 738 1
72 738 -1
147 739 1
97 739 -1
148 740 1
149 740 -1
148 741 1
23 741 -1
148 742 1
48 742 -1
148 743 1
73 743 -1
148 744 1
98 744 -1
149 745 1
150 745 -1
149 746 1
24 746 -1
149 747 1
49 747 -1
149 748 1
74 748 -1
149 749 1
99 749 -1
1 750 1
126 750 -1
150 751 1
25 751 -1
150 752 1
50 752 -1
150 753 1
75 753 -1
150 754 1
100 754 -1
1 755 1
151 755 -1
155 756 1
150 756 -1
151 757 1
152 757 -1
152 758 1
153 758 -1
153 759 1
154 759 -1
154 760 1
155 760 -1
154 761 1
7 761 -1
154 762 1
108 762 -1
153 763 1
49 763 -1
152 764 1
125 764 -1
151 765 1
122 765 -1
151 766 1
56 766 -1
154 767 1
21 767 -1
153 768 1
48 768 -1
153 769 1
100 769 -1
153 770 1
74 770 -1
151 771 1
95 771 -1
152 772 1
74 772 -1
152 773 1
5 773 -1
153 774 1
108 774 -1
153 775 1
97 775 -1
152 776 1
59 776 -1
154 777 1
18 777 -1
152 778 1
75 778 -1
152 779 1
121 779 -1
152 780 1
127 780 -1
154 781 1
143 781 -1
153 782 1
9 782 -1
153 783 1
84 783 -1
152 784 1
75 784 -1
154 785 1
62 785 -1
152 786 1
61 786 -1
152 787 1
19 787 -1
154 788 1
114 788 -1
153 789 1
15 789 -1
151 790 1
59 790 -1
152 791 1
79 791 -1
153 792 1
132 792 -1
154 793 1
65 793 -1
151 794 1
98 794 -1
151 795 1
91 795 -1
152 796 1
133 796 -1
151 797 1
100 797 -1
153 798 1
92 798 -1
152 799 1
2 799 -1
154 800 1
93 800 -1
152 801 1
123 801 -1
154 802 1
77 802 -1
153 803 1
22 803 -1
153 804 1
104 804 -1
151 805 1
111 805 -1
151 806 1
57 806 -1
152 807 1
38 807 -1
151 808 1
83 808 -1
153 809 1
9 809 -1
152 810 1
7 810 -1
151 811 1
55 811 -1
151 812 1
64 812 -1
151 813 1
28 813 -1
154 814 1
20 814 -1
154 815 1
48 815 -1
154 816 1
52 816 -1
151 817 1
55 817 -1
154 818 1
13 818 -1
152 819 1
110 819 -1
152 820 1
22 820 -1
152 821 1
95 821 -1
154 822 1
20 822 -1
152 823 1
10 823 -1
153 824 1
66 824 -1
152 825 1
122 825 -1
152 826 1
45 826 -1
151 827 1
78 827 -1
151 828 1
103 828 -1
153 829 1
83 829 -1
151 830 1
64 830 -1
152 831 1
22 831 -1
152 832 1
17 832 -1
152 833 1
42 833 -1
152 834 1
22 834 -1
153 835 1
113 835 -1
153 836 1
109 836 -1
152 837 1
32 837 -1
153 838 1
131 838 -1
152 839 1
3 839 -1
151 840 1
59 840 -1
153 841 1
58 841 -1
152 842 1
130 842 -1
153 843 1
49 843 -1
153 844 1
108 844 -1
153 845 1
95 845 -1
154 846 1
24 846 -1
152 847 1
138 847 -1
154 848 1
25 848 -1
153 849 1
90 849 -1
151 850 1
82 850 -1
154 851 1
128 851 -1
1 852 1
26 852 -1
26 853 1
51 853 -1
51 854 1
76 854 -1
76 855 1
101 855 -1
101 856 1
126 856 -1
126 857 1
2 857 -1
2 858 1
27 858 -1
27 859 1
52 859 -1
52 860 1
77 860 -1
77 861 1
102 861 -1
102 862 1
127 862 -1
127 863 1
3 863 -1
3 864 1
28 864 -1
28 865 1
53 865 -1
53 866 1
78 866 -1
78 867 1
103 867 -1
103 868 1
128 868 -1
128 869 1
4 869 -1
4 870 1
29 870 -1
29 871 1
54 871 -1
54 872 1
79 872 -1
79 873 1
104 873 -1
104 874 1
129 874 -1
129 875 1
5 875 -1
5 876 1
30 876 -1
30 877 1
55 877 -1
55 878 1
80 878 -1
80 879 1
105 879 -1
105 880 1
130 880 -1
130 881 1
6 881 -1
6 882 1
31 882 -1
31 883 1
56 883 -1
56 884 1
81 884 -1
81 885 1
106 885 -1
106 886 1
131 886 -1
131 887 1
7 887 -1
7 888 1
32 888 -1
32 889 1
57 889 -1
57 890 1
82 890 -1
82 891 1
107 891 -1
107 892 1
132 892 -1
132 893 1
8 893 -1
8 894 1
33 894 -1
33 895 1
58 895 -1
58 896 1
83 896 -1
83 897 1
108 897 -1
108 898 1
133 898 -1
133 899 1
9 899 -1
9 900 1
34 900 -1
34 901 1
59 901 -1
59 902 1
84 902 -1
84 903 1
109 903 -1
109 904 1
134 904 -1
134 905 1
10 905 -1
10 906 1
35 906 -1
35 907 1
60 907 -1
60 908 1
85 908 -1
85 909 1
110 909 -1
110 910 1
135 910 -1
135 911 1
11 911 -1
11 912 1
36 912 -1
36 913 1
61 913 -1
61 914 1
86 914 -1
86 915 1
111 915 -1
111 916 1
136 916 -1
136 917 1
12 917 -1
12 918 1
37 918 -1
37 919 1
62 919 -1
62 920 1
87 920 -1
87 921 1
112 921 -1
112 922 1
137 922 -1
137 923 1
13 923 -1
13 924 1
38 924 -1
38 925 1
63 925 -1
63 926 1
88 926 -1
88 927 1
113 927 -1
113 928 1
138 928 -1
138 929 1
14 929 -1
14 930 1
39 930 -1
39 931 1
64 931 -1
64 932 1
89 932 -1
89 933 1
114 933 -1
114 934 1
139 934 -1
139 935 1
15 935 -1
15 936 1
40 936 -1
40 937 1
65 937 -1
65 938 1
90 938 -1
90 939 1
115 939 -1
115 940 1
140 940 -1
140 941 1
16 941 -1
16 942 1
41 942 -1
41 943 1
66 943 -1
66 944 1
91 944 -1
91 945 1
116 945 -1
116 946 1
141 946 -1
141 947 1
17 947 -1
17 948 1
42 948 -1
42 949 1
67 949 -1
67 950 1
92 950 -1
92 951 1
117 951 -1
117 952 1
142 952 -1
142 953 1
18 953 -1
18 954 1
43 954 -1
43 955 1
68 955 -1
68 956 1
93 956 -1
93 957 1
118 957 -1
118 958 1
143 958 -1
143 959 1
19 959 -1
19 960 1
44 960 -1
44 961 1
69 961 -1
69 962 1
94 962 -1
94 963 1
119 963 -1
119 964 1
144 964 -1
144 965 1
20 965 -1
20 966 1
45 966 -1
45 967 1
70 967 -1
70 968 1
95 968 -1
95 969 1
120 969 -1
120 970 1
145 970 -1
145 971 1
21 971 -1
21 972 1
46 972 -1
46 973 1
71 973 -1
71 974 1
96 974 -1
96 975 1
121 975 -1
121 976 1
146 976 -1
146 977 1
22 977 -1
22 978 1
47 978 -1
47 979 1
72 979 -1
72 980 1
97 980 -1
97 981 1
122 981 -1
122 982 1
147 982 -1
147 983 1
23 983 -1
23 984 1
48 984 -1
48 985 1
73 985 -1
73 986 1
98 986 -1
98 987 1
123 987 -1
123 988 1
148 988 -1
148 989 1
24 989 -1
24 990 1
49 990 -1
49 991 1
74 991 -1
74 992 1
99 992 -1
99 993 1
124 993 -1
124 994 1
149 994 -1
149 995 1
25 995 -1
25 996 1
50 996 -1
50 997 1
75 997 -1
75 998 1
100 998 -1
100 999 1
125 999 -1
125 1000 1
150 1000 -1
