1 1 1
2 1 -1
1 2 1
30 2 -1
1 3 1
59 3 -1
1 4 1
88 4 -1
1 5 1
117 5 -1
2 6 1
3 6 -1
2 7 1
31 7 -1
2 8 1
60 8 -1
2 9 1
89 9 -1
2 10 1
118 10 -1
3 11 1
4 11 -1
3 12 1
32 12 -1
3 13 1
61 13 -1
3 14 1
90 14 -1
3 15 1
119 15 -1
4 16 1
5 16 -1
4 17 1
33 17 -1
4 18 1
62 18 -1
4 19 1
91 19 -1
4 20 1
120 20 -1
5 21 1
6 21 -1
5 22 1
34 22 -1
5 23 1
63 23 -1
5 24 1
92 24 -1
5 25 1
121 25 -1
6 26 1
7 26 -1
6 27 1
35 27 -1
6 28 1
64 28 -1
6 29 1
93 29 -1
6 30 1
122 30 -1
7 31 1
8 31 -1
7 32 1
36 32 -1
7 33 1
65 33 -1
7 34 1
94 34 -1
7 35 1
123 35 -1
8 36 1
9 36 -1
8 37 1
37 37 -1
8 38 1
66 38 -1
8 39 1
95 39 -1
8 40 1
124 40 -1
9 41 1
10 41 -1
9 42 1
38 42 -1
9 43 1
67 43 -1
9 44 1
96 44 -1
9 45 1
125 45 -1
10 46 1
11 46 -1
10 47 1
39 47 -1
10 48 1
68 48 -1
10 49 1
97 49 -1
10 50 1
126 50 -1
11 51 1
12 51 -1
11 52 1
40 52 -1
11 53 1
69 53 -1
11 54 1
98 54 -1
11 55 1
127 55 -1
12 56 1
13 56 -1
12 57 1
41 57 -1
12 58 1
70 58 -1
12 59 1
99 59 -1
12 60 1
128 60 -1
13 61 1
14 61 -1
13 62 1
42 62 -1
13 63 1
71 63 -1
13 64 1
100 64 -1
13 65 1
129 65 -1
14 66 1
15 66 -1
14 67 1
43 67 -1
14 68 1
72 68 -1
14 69 1
101 69 -1
14 70 1
130 70 -1
15 71 1
16 71 -1
15 72 1
44 72 -1
15 73 1
73 73 -1
15 74 1
102 74 -1
15 75 1
131 75 -1
16 76 1
17 76 -1
16 77 1
45 77 -1
16 78 1
74 78 -1
16 79 1
103 79 -1
16 80 1
132 80 -1
17 81 1
18 81 -1
17 82 1
46 82 -1
17 83 1
75 83 -1
17 84 1
104 84 -1
17 85 1
133 85 -1
18 86 1
19 86 -1
18 87 1
47 87 -1
18 88 1
76 88 -1
18 89 1
105 89 -1
18 90 1
134 90 -1
19 91 1
20 91 -1
19 92 1
48 92 -1
19 93 1
77 93 -1
19 94 1
106 94 -1
19 95 1
135 95 -1
20 96 1
21 96 -1
20 97 1
49 97 -1
20 98 1
78 98 -1
20 99 1
107 99 -1
20 100 1
136 100 -1
21 101 1
22 101 -1
21 102 1
50 102 -1
21 103 1
79 103 -1
21 104 1
108 104 -1
21 105 1
137 105 -1
22 106 1
23 106 -1
22 107 1
51 107 -1
22 108 1
80 108 -1
22 109 1
109 109 -1
22 110 1
138 110 -1
23 111 1
24 111 -1
23 112 1
52 112 -1
23 113 1
81 113 -1
23 114 1
110 114 -1
23 115 1
139 115 -1
24 116 1
25 116 -1
24 117 1
53 117 -1
24 118 1
82 118 -1
24 119 1
111 119 -1
24 120 1
140 120 -1
25 121 1
26 121 -1
25 122 1
54 122 -1
25 123 1
83 123 -1
25 124 1
112 124 -1
25 125 1
141 125 -1
26 126 1
27 126 -1
26 127 1
55 127 -1
26 128 1
84 128 -1
26 129 1
113 129 -1
26 130 1
142 130 -1
27 131 1
28 131 -1
27 132 1
56 132 -1
27 133 1
85 133 -1
27 134 1
114 134 -1
27 135 1
143 135 -1
28 136 1
29 136 -1
28 137 1
57 137 -1
28 138 1
86 138 -1
28 139 1
115 139 -1
28 140 1
144 140 -1
29 141 1
145 141 -1
29 142 1
58 142 -1
29 143 1
87 143 -1
29 144 1
116 144 -1
29 145 1
145 145 -1
30 146 1
31 146 -1
30 147 1
59 147 -1
30 148 1
88 148 -1
30 149 1
117 149 -1
30 150 1
1 150 -1
31 151 1
32 151 -1
31 152 1
60 152 -1
31 153 1
89 153 -1
31 154 1
118 154 -1
31 155 1
2 155 -1
32 156 1
33 156 -1
32 157 1
61 157 -1
32 158 1
90 158 -1
32 159 1
119 159 -1
32 160 1
3 160 -1
33 161 1
34 161 -1
33 162 1
62 162 -1
33 163 1
91 163 -1
33 164 1
120 164 -1
33 165 1
4 165 -1
34 166 1
35 166 -1
34 167 1
63 167 -1
34 168 1
92 168 -1
34 169 1
121 169 -1
34 170 1
5 170 -1
35 171 1
36 171 -1
35 172 1
64 172 -1
35 173 1
93 173 -1
35 174 1
122 174 -1
35 175 1
6 175 -1
36 176 1
37 176 -1
36 177 1
65 177 -1
36 178 1
94 178 -1
36 179 1
123 179 -1
36 180 1
7 180 -1
37 181 1
38 181 -1
37 182 1
66 182 -1
37 183 1
95 183 -1
37 184 1
124 184 -1
37 185 1
8 185 -1
38 186 1
39 186 -1
38 187 1
67 187 -1
38 188 1
96 188 -1
38 189 1
125 189 -1
38 190 1
9 190 -1
39 191 1
40 191 -1
39 192 1
68 192 -1
39 193 1
97 193 -1
39 194 1
126 194 -1
39 195 1
10 195 -1
40 196 1
41 196 -1
40 197 1
69 197 -1
40 198 1
98 198 -1
40 199 1
127 199 -1
40 200 1
11 200 -1
41 201 1
42 201 -1
41 202 1
70 202 -1
41 203 1
99 203 -1
41 204 1
128 204 -1
41 205 1
12 205 -1
42 206 1
43 206 -1
42 207 1
71 207 -1
42 208 1
100 208 -1
42 209 1
129 209 -1
42 210 1
13 210 -1
43 211 1
44 211 -1
43 212 1
72 212 -1
43 213 1
101 213 -1
43 214 1
130 214 -1
43 215 1
14 215 -1
44 216 1
45 216 -1
44 217 1
73 217 -1
44 218 1
102 218 -1
44 219 1
131 219 -1
44 220 1
15 220 -1
45 221 1
46 221 -1
45 222 1
74 222 -1
45 223 1
103 223 -1
45 224 1
132 224 -1
45 225 1
16 225 -1
46 226 1
47 226 -1
46 227 1
75 227 -1
46 228 1
104 228 -1
46 229 1
133 229 -1
46 230 1
17 230 -1
47 231 1
48 231 -1
47 232 1
76 232 -1
47 233 1
105 233 -1
47 234 1
134 234 -1
47 235 1
18 235 -1
48 236 1
49 236 -1
48 237 1
77 237 -1
48 238 1
106 238 -1
48 239 1
135 239 -1
48 240 1
19 240 -1
49 241 1
50 241 -1
49 242 1
78 242 -1
49 243 1
107 243 -1
49 244 1
136 244 -1
49 245 1
20 245 -1
50 246 1
51 246 -1
50 247 1
79 247 -1
50 248 1
108 248 -1
50 249 1
137 249 -1
50 250 1
21 250 -1
51 251 1
52 251 -1
51 252 1
80 252 -1
51 253 1
109 253 -1
51 254 1
138 254 -1
51 255 1
22 255 -1
52 256 1
53 256 -1
52 257 1
81 257 -1
52 258 1
110 258 -1
52 259 1
139 259 -1
52 260 1
23 260 -1
53 261 1
54 261 -1
53 262 1
82 262 -1
53 263 1
111 263 -1
53 264 1
140 264 -1
53 265 1
24 265 -1
54 266 1
55 266 -1
54 267 1
83 267 -1
54 268 1
112 268 -1
54 269 1
141 269 -1
54 270 1
25 270 -1
55 271 1
56 271 -1
55 272 1
84 272 -1
55 273 1
113 273 -1
55 274 1
142 274 -1
55 275 1
26 275 -1
56 276 1
57 276 -1
56 277 1
85 277 -1
56 278 1
114 278 -1
56 279 1
143 279 -1
56 280 1
27 280 -1
57 281 1
58 281 -1
57 282 1
86 282 -1
57 283 1
115 283 -1
57 284 1
144 284 -1
57 285 1
28 285 -1
58 286 1
145 286 -1
1 287 1
30 287 -1
58 288 1
87 288 -1
58 289 1
116 289 -1
58 290 1
145 290 -1
58 291 1
29 291 -1
59 292 1
60 292 -1
59 293 1
88 293 -1
59 294 1
117 294 -1
59 295 1
1 295 -1
59 296 1
30 296 -1
60 297 1
61 297 -1
60 298 1
89 298 -1
60 299 1
118 299 -1
60 300 1
2 300 -1
60 301 1
31 301 -1
61 302 1
62 302 -1
61 303 1
90 303 -1
61 304 1
119 304 -1
61 305 1
3 305 -1
61 306 1
32 306 -1
62 307 1
63 307 -1
62 308 1
91 308 -1
62 309 1
120 309 -1
62 310 1
4 310 -1
62 311 1
33 311 -1
63 312 1
64 312 -1
63 313 1
92 313 -1
63 314 1
121 314 -1
63 315 1
5 315 -1
63 316 1
34 316 -1
64 317 1
65 317 -1
64 318 1
93 318 -1
64 319 1
122 319 -1
64 320 1
6 320 -1
64 321 1
35 321 -1
65 322 1
66 322 -1
65 323 1
94 323 -1
65 324 1
123 324 -1
65 325 1
7 325 -1
65 326 1
36 326 -1
66 327 1
67 327 -1
66 328 1
95 328 -1
66 329 1
124 329 -1
66 330 1
8 330 -1
66 331 1
37 331 -1
67 332 1
68 332 -1
67 333 1
96 333 -1
67 334 1
125 334 -1
67 335 1
9 335 -1
67 336 1
38 336 -1
68 337 1
69 337 -1
68 338 1
97 338 -1
68 339 1
126 339 -1
68 340 1
10 340 -1
68 341 1
39 341 -1
69 342 1
70 342 -1
69 343 1
98 343 -1
69 344 1
127 344 -1
69 345 1
11 345 -1
69 346 1
40 346 -1
70 347 1
71 347 -1
70 348 1
99 348 -1
70 349 1
128 349 -1
70 350 1
12 350 -1
70 351 1
41 351 -1
71 352 1
72 352 -1
71 353 1
100 353 -1
71 354 1
129 354 -1
71 355 1
13 355 -1
71 356 1
42 356 -1
72 357 1
73 357 -1
72 358 1
101 358 -1
72 359 1
130 359 -1
72 360 1
14 360 -1
72 361 1
43 361 -1
73 362 1
74 362 -1
73 363 1
102 363 -1
73 364 1
131 364 -1
73 365 1
15 365 -1
73 366 1
44 366 -1
74 367 1
75 367 -1
74 368 1
103 368 -1
74 369 1
132 369 -1
74 370 1
16 370 -1
74 371 1
45 371 -1
75 372 1
76 372 -1
75 373 1
104 373 -1
75 374 1
133 374 -1
75 375 1
17 375 -1
75 376 1
46 376 -1
76 377 1
77 377 -1
76 378 1
105 378 -1
76 379 1
134 379 -1
76 380 1
18 380 -1
76 381 1
47 381 -1
77 382 1
78 382 -1
77 383 1
106 383 -1
77 384 1
135 384 -1
77 385 1
19 385 -1
77 386 1
48 386 -1
78 387 1
79 387 -1
78 388 1
107 388 -1
78 389 1
136 389 -1
78 390 1
20 390 -1
78 391 1
49 391 -1
79 392 1
80 392 -1
79 393 1
108 393 -1
79 394 1
137 394 -1
79 395 1
21 395 -1
79 396 1
50 396 -1
80 397 1
81 397 -1
80 398 1
109 398 -1
80 399 1
138 399 -1
80 400 1
22 400 -1
80 401 1
51 401 -1
81 402 1
82 402 -1
81 403 1
110 403 -1
81 404 1
139 404 -1
81 405 1
23 405 -1
81 406 1
52 406 -1
82 407 1
83 407 -1
82 408 1
111 408 -1
82 409 1
140 409 -1
82 410 1
24 410 -1
82 411 1
53 411 -1
83 412 1
84 412 -1
83 413 1
112 413 -1
83 414 1
141 414 -1
83 415 1
25 415 -1
83 416 1
54 416 -1
84 417 1
85 417 -1
84 418 1
113 418 -1
84 419 1
142 419 -1
84 420 1
26 420 -1
84 421 1
55 421 -1
85 422 1
86 422 -1
85 423 1
114 423 -1
85 424 1
143 424 -1
85 425 1
27 425 -1
85 426 1
56 426 -1
86 427 1
87 427 -1
86 428 1
115 428 -1
86 429 1
144 429 -1
86 430 1
28 430 -1
86 431 1
57 431 -1
87 432 1
145 432 -1
1 433 1
59 433 -1
87 434 1
116 434 -1
87 435 1
145 435 -1
87 436 1
29 436 -1
87 437 1
58 437 -1
88 438 1
89 438 -1
88 439 1
117 439 -1
88 440 1
1 440 -1
88 441 1
30 441 -1
88 442 1
59 442 -1
89 443 1
90 443 -1
89 444 1
118 444 -1
89 445 1
2 445 -1
89 446 1
31 446 -1
89 447 1
60 447 -1
90 448 1
91 448 -1
90 449 1
119 449 -1
90 450 1
3 450 -1
90 451 1
32 451 -1
90 452 1
61 452 -1
91 453 1
92 453 -1
91 454 1
120 454 -1
91 455 1
4 455 -1
91 456 1
33 456 -1
91 457 1
62 457 -1
92 458 1
93 458 -1
92 459 1
121 459 -1
92 460 1
5 460 -1
92 461 1
34 461 -1
92 462 1
63 462 -1
93 463 1
94 463 -1
93 464 1
122 464 -1
93 465 1
6 465 -1
93 466 1
35 466 -1
93 467 1
64 467 -1
94 468 1
95 468 -1
94 469 1
123 469 -1
94 470 1
7 470 -1
94 471 1
36 471 -1
94 472 1
65 472 -1
95 473 1
96 473 -1
95 474 1
124 474 -1
95 475 1
8 475 -1
95 476 1
37 476 -1
95 477 1
66 477 -1
96 478 1
97 478 -1
96 479 1
125 479 -1
96 480 1
9 480 -1
96 481 1
38 481 -1
96 482 1
67 482 -1
97 483 1
98 483 -1
97 484 1
126 484 -1
97 485 1
10 485 -1
97 486 1
39 486 -1
97 487 1
68 487 -1
98 488 1
99 488 -1
98 489 1
127 489 -1
98 490 1
11 490 -1
98 491 1
40 491 -1
98 492 1
69 492 -1
99 493 1
100 493 -1
99 494 1
128 494 -1
99 495 1
12 495 -1
99 496 1
41 496 -1
99 497 1
70 497 -1
100 498 1
101 498 -1
100 499 1
129 499 -1
100 500 1
13 500 -1
100 501 1
42 501 -1
100 502 1
71 502 -1
101 503 1
102 503 -1
101 504 1
130 504 -1
101 505 1
14 505 -1
101 506 1
43 506 -1
101 507 1
72 507 -1
102 508 1
103 508 -1
102 509 1
131 509 -1
102 510 1
15 510 -1
102 511 1
44 511 -1
102 512 1
73 512 -1
103 513 1
104 513 -1
103 514 1
132 514 -1
103 515 1
16 515 -1
103 516 1
45 516 -1
103 517 1
74 517 -1
104 518 1
105 518 -1
104 519 1
133 519 -1
104 520 1
17 520 -1
104 521 1
46 521 -1
104 522 1
75 522 -1
105 523 1
106 523 -1
105 524 1
134 524 -1
105 525 1
18 525 -1
105 526 1
47 526 -1
105 527 1
76 527 -1
106 528 1
107 528 -1
106 529 1
135 529 -1
106 530 1
19 530 -1
106 531 1
48 531 -1
106 532 1
77 532 -1
107 533 1
108 533 -1
107 534 1
136 534 -1
107 535 1
20 535 -1
107 536 1
49 536 -1
107 537 1
78 537 -1
108 538 1
109 538 -1
108 539 1
137 539 -1
108 540 1
21 540 -1
108 541 1
50 541 -1
108 542 1
79 542 -1
109 543 1
110 543 -1
109 544 1
138 544 -1
109 545 1
22 545 -1
109 546 1
51 546 -1
109 547 1
80 547 -1
110 548 1
111 548 -1
110 549 1
139 549 -1
110 550 1
23 550 -1
110 551 1
52 551 -1
110 552 1
81 552 -1
111 553 1
112 553 -1
111 554 1
140 554 -1
111 555 1
24 555 -1
111 556 1
53 556 -1
111 557 1
82 557 -1
112 558 1
113 558 -1
112 559 1
141 559 -1
112 560 1
25 560 -1
112 561 1
54 561 -1
112 562 1
83 562 -1
113 563 1
114 563 -1
113 564 1
142 564 -1
113 565 1
26 565 -1
113 566 1
55 566 -1
113 567 1
84 567 -1
114 568 1
115 568 -1
114 569 1
143 569 -1
114 570 1
27 570 -1
114 571 1
56 571 -1
114 572 1
85 572 -1
115 573 1
116 573 -1
115 574 1
144 574 -1
115 575 1
28 575 -1
115 576 1
57 576 -1
115 577 1
86 577 -1
116 578 1
145 578 -1
1 579 1
88 579 -1
116 580 1
145 580 -1
116 581 1
29 581 -1
116 582 1
58 582 -1
116 583 1
87 583 -1
117 584 1
118 584 -1
117 585 1
1 585 -1
117 586 1
30 586 -1
117 587 1
59 587 -1
117 588 1
88 588 -1
118 589 1
119 589 -1
118 590 1
2 590 -1
118 591 1
31 591 -1
118 592 1
60 592 -1
118 593 1
89 593 -1
119 594 1
120 594 -1
119 595 1
3 595 -1
119 596 1
32 596 -1
119 597 1
61 597 -1
119 598 1
90 598 -1
120 599 1
121 599 -1
120 600 1
4 600 -1
120 601 1
33 601 -1
120 602 1
62 602 -1
120 603 1
91 603 -1
121 604 1
122 604 -1
121 605 1
5 605 -1
121 606 1
34 606 -1
121 607 1
63 607 -1
121 608 1
92 608 -1
122 609 1
123 609 -1
122 610 1
6 610 -1
122 611 1
35 611 -1
122 612 1
64 612 -1
122 613 1
93 613 -1
123 614 1
124 614 -1
123 615 1
7 615 -1
123 616 1
36 616 -1
123 617 1
65 617 -1
123 618 1
94 618 -1
124 619 1
125 619 -1
124 620 1
8 620 -1
124 621 1
37 621 -1
124 622 1
66 622 -1
124 623 1
95 623 -1
125 624 1
126 624 -1
125 625 1
9 625 -1
125 626 1
38 626 -1
125 627 1
67 627 -1
125 628 1
96 628 -1
126 629 1
127 629 -1
126 630 1
10 630 -1
126 631 1
39 631 -1
126 632 1
68 632 -1
126 633 1
97 633 -1
127 634 1
128 634 -1
127 635 1
11 635 -1
127 636 1
40 636 -1
127 637 1
69 637 -1
127 638 1
98 638 -1
128 639 1
129 639 -1
128 640 1
12 640 -1
128 641 1
41 641 -1
128 642 1
70 642 -1
128 643 1
99 643 -1
129 644 1
130 644 -1
129 645 1
13 645 -1
129 646 1
42 646 -1
129 647 1
71 647 -1
129 648 1
100 648 -1
130 649 1
131 649 -1
130 650 1
14 650 -1
130 651 1
43 651 -1
130 652 1
72 652 -1
130 653 1
101 653 -1
131 654 1
132 654 -1
131 655 1
15 655 -1
131 656 1
44 656 -1
131 657 1
73 657 -1
131 658 1
102 658 -1
132 659 1
133 659 -1
132 660 1
16 660 -1
132 661 1
45 661 -1
132 662 1
74 662 -1
132 663 1
103 663 -1
133 664 1
134 664 -1
133 665 1
17 665 -1
133 666 1
46 666 -1
133 667 1
75 667 -1
133 668 1
104 668 -1
134 669 1
135 669 -1
134 670 1
18 670 -1
134 671 1
47 671 -1
134 672 1
76 672 -1
134 673 1
105 673 -1
135 674 1
136 674 -1
135 675 1
19 675 -1
135 676 1
48 676 -1
135 677 1
77 677 -1
135 678 1
106 678 -1
136 679 1
137 679 -1
136 680 1
20 680 -1
136 681 1
49 681 -1
136 682 1
78 682 -1
136 683 1
107 683 -1
137 684 1
138 684 -1
137 685 1
21 685 -1
137 686 1
50 686 -1
137 687 1
79 687 -1
137 688 1
108 688 -1
138 689 1
139 689 -1
138 690 1
22 690 -1
138 691 1
51 691 -1
138 692 1
80 692 -1
138 693 1
109 693 -1
139 694 1
140 694 -1
139 695 1
23 695 -1
139 696 1
52 696 -1
139 697 1
81 697 -1
139 698 1
110 698 -1
140 699 1
141 699 -1
140 700 1
24 700 -1
140 701 1
53 701 -1
140 702 1
82 702 -1
140 703 1
111 703 -1
141 704 1
142 704 -1
141 705 1
25 705 -1
141 706 1
54 706 -1
141 707 1
83 707 -1
141 708 1
112 708 -1
142 709 1
143 709 -1
142 710 1
26 710 -1
142 711 1
55 711 -1
142 712 1
84 712 -1
142 713 1
113 713 -1
143 714 1
144 714 -1
143 715 1
27 715 -1
143 716 1
56 716 -1
143 717 1
85 717 -1
143 718 1
114 718 -1
144 719 1
145 719 -1
144 720 1
28 720 -1
144 721 1
57 721 -1
144 722 1
86 722 -1
144 723 1
115 723 -1
1 724 1
117 724 -1
145 725 1
29 725 -1
145 726 1
58 726 -1
145 727 1
87 727 -1
145 728 1
116 728 -1
131 729 1
143 729 -1
92 730 1
136 730 -1
93 731 1
5 731 -1
34 732 1
141 732 -1
67 733 1
24 733 -1
75 734 1
39 734 -1
129 735 1
130 735 -1
66 736 1
36 736 -1
18 737 1
107 737 -1
87 738 1
85 738 -1
111 739 1
85 739 -1
89 740 1
97 740 -1
121 741 1
50 741 -1
131 742 1
133 742 -1
139 743 1
60 743 -1
20 744 1
68 744 -1
35 745 1
132 745 -1
143 746 1
136 746 -1
53 747 1
133 747 -1
98 748 1
85 748 -1
127 749 1
33 749 -1
143 750 1
17 750 -1
129 751 1
71 751 -1
4 752 1
133 752 -1
94 753 1
124 753 -1
12 754 1
138 754 -1
132 755 1
77 755 -1
51 756 1
31 756 -1
37 757 1
132 757 -1
85 758 1
112 758 -1
88 759 1
86 759 -1
121 760 1
36 760 -1
136 761 1
20 761 -1
28 762 1
101 762 -1
2 763 1
101 763 -1
20 764 1
121 764 -1
56 765 1
19 765 -1
11 766 1
15 766 -1
115 767 1
125 767 -1
32 768 1
113 768 -1
20 769 1
30 769 -1
1 770 1
122 770 -1
133 771 1
105 771 -1
118 772 1
116 772 -1
49 773 1
139 773 -1
126 774 1
2 774 -1
130 775 1
127 775 -1
71 776 1
67 776 -1
118 777 1
102 777 -1
40 778 1
2 778 -1
63 779 1
51 779 -1
21 780 1
72 780 -1
82 781 1
77 781 -1
20 782 1
81 782 -1
106 783 1
67 783 -1
98 784 1
22 784 -1
76 785 1
111 785 -1
107 786 1
139 786 -1
133 787 1
25 787 -1
35 788 1
98 788 -1
41 789 1
18 789 -1
102 790 1
82 790 -1
59 791 1
86 791 -1
22 792 1
17 792 -1
14 793 1
116 793 -1
103 794 1
111 794 -1
16 795 1
82 795 -1
109 796 1
9 796 -1
78 797 1
113 797 -1
60 798 1
116 798 -1
37 799 1
59 799 -1
138 800 1
34 800 -1
113 801 1
112 801 -1
97 802 1
56 802 -1
17 803 1
61 803 -1
139 804 1
23 804 -1
44 805 1
122 805 -1
41 806 1
143 806 -1
127 807 1
130 807 -1
130 808 1
30 808 -1
105 809 1
133 809 -1
138 810 1
69 810 -1
120 811 1
106 811 -1
47 812 1
20 812 -1
42 813 1
74 813 -1
31 814 1
60 814 -1
81 815 1
142 815 -1
121 816 1
120 816 -1
138 817 1
95 817 -1
85 818 1
72 818 -1
127 819 1
22 819 -1
80 820 1
10 820 -1
71 821 1
133 821 -1
76 822 1
126 822 -1
132 823 1
16 823 -1
3 824 1
63 824 -1
23 825 1
25 825 -1
113 826 1
63 826 -1
85 827 1
140 827 -1
26 828 1
14 828 -1
99 829 1
56 829 -1
58 830 1
83 830 -1
72 831 1
87 831 -1
71 832 1
137 832 -1
14 833 1
2 833 -1
110 834 1
132 834 -1
19 835 1
53 835 -1
34 836 1
65 836 -1
56 837 1
86 837 -1
24 838 1
31 838 -1
132 839 1
106 839 -1
139 840 1
57 840 -1
55 841 1
118 841 -1
33 842 1
73 842 -1
102 843 1
122 843 -1
91 844 1
51 844 -1
50 845 1
46 845 -1
49 846 1
40 846 -1
10 847 1
125 847 -1
125 848 1
7 848 -1
13 849 1
42 849 -1
99 850 1
6 850 -1
63 851 1
82 851 -1
67 852 1
89 852 -1
5 853 1
81 853 -1
7 854 1
6 854 -1
100 855 1
72 855 -1
51 856 1
14 856 -1
1 857 1
30 857 -1
30 858 1
59 858 -1
59 859 1
88 859 -1
88 860 1
117 860 -1
117 861 1
2 861 -1
2 862 1
31 862 -1
31 863 1
60 863 -1
60 864 1
89 864 -1
89 865 1
118 865 -1
118 866 1
3 866 -1
3 867 1
32 867 -1
32 868 1
61 868 -1
61 869 1
90 869 -1
90 870 1
119 870 -1
119 871 1
4 871 -1
4 872 1
33 872 -1
33 873 1
62 873 -1
62 874 1
91 874 -1
91 875 1
120 875 -1
120 876 1
5 876 -1
5 877 1
34 877 -1
34 878 1
63 878 -1
63 879 1
92 879 -1
92 880 1
121 880 -1
121 881 1
6 881 -1
6 882 1
35 882 -1
35 883 1
64 883 -1
64 884 1
93 884 -1
93 885 1
122 885 -1
122 886 1
7 886 -1
7 887 1
36 887 -1
36 888 1
65 888 -1
65 889 1
94 889 -1
94 890 1
123 890 -1
123 891 1
8 891 -1
8 892 1
37 892 -1
37 893 1
66 893 -1
66 894 1
95 894 -1
95 895 1
124 895 -1
124 896 1
9 896 -1
9 897 1
38 897 -1
38 898 1
67 898 -1
67 899 1
96 899 -1
96 900 1
125 900 -1
125 901 1
10 901 -1
10 902 1
39 902 -1
39 903 1
68 903 -1
68 904 1
97 904 -1
97 905 1
126 905 -1
126 906 1
11 906 -1
11 907 1
40 907 -1
40 908 1
69 908 -1
69 909 1
98 909 -1
98 910 1
127 910 -1
127 911 1
12 911 -1
12 912 1
41 912 -1
41 913 1
70 913 -1
70 914 1
99 914 -1
99 915 1
128 915 -1
128 916 1
13 916 -1
13 917 1
42 917 -1
42 918 1
71 918 -1
71 919 1
100 919 -1
100 920 1
129 920 -1
129 921 1
14 921 -1
14 922 1
43 922 -1
43 923 1
72 923 -1
72 924 1
101 924 -1
101 925 1
130 925 -1
130 926 1
15 926 -1
15 927 1
44 927 -1
44 928 1
73 928 -1
73 929 1
102 929 -1
102 930 1
131 930 -1
131 931 1
16 931 -1
16 932 1
45 932 -1
45 933 1
74 933 -1
74 934 1
103 934 -1
103 935 1
132 935 -1
132 936 1
17 936 -1
17 937 1
46 937 -1
46 938 1
75 938 -1
75 939 1
104 939 -1
104 940 1
133 940 -1
133 941 1
18 941 -1
18 942 1
47 942 -1
47 943 1
76 943 -1
76 944 1
105 944 -1
105 945 1
134 945 -1
134 946 1
19 946 -1
19 947 1
48 947 -1
48 948 1
77 948 -1
77 949 1
106 949 -1
106 950 1
135 950 -1
135 951 1
20 951 -1
20 952 1
49 952 -1
49 953 1
78 953 -1
78 954 1
107 954 -1
107 955 1
136 955 -1
136 956 1
21 956 -1
21 957 1
50 957 -1
50 958 1
79 958 -1
79 959 1
108 959 -1
108 960 1
137 960 -1
137 961 1
22 961 -1
22 962 1
51 962 -1
51 963 1
80 963 -1
80 964 1
109 964 -1
109 965 1
138 965 -1
138 966 1
23 966 -1
23 967 1
52 967 -1
52 968 1
81 968 -1
81 969 1
110 969 -1
110 970 1
139 970 -1
139 971 1
24 971 -1
24 972 1
53 972 -1
53 973 1
82 973 -1
82 974 1
111 974 -1
111 975 1
140 975 -1
140 976 1
25 976 -1
25 977 1
54 977 -1
54 978 1
83 978 -1
83 979 1
112 979 -1
112 980 1
141 980 -1
141 981 1
26 981 -1
26 982 1
55 982 -1
55 983 1
84 983 -1
84 984 1
113 984 -1
113 985 1
142 985 -1
142 986 1
27 986 -1
27 987 1
56 987 -1
56 988 1
85 988 -1
85 989 1
114 989 -1
114 990 1
143 990 -1
143 991 1
28 991 -1
28 992 1
57 992 -1
57 993 1
86 993 -1
86 994 1
115 994 -1
115 995 1
144 995 -1
144 996 1
29 996 -1
29 997 1
58 997 -1
58 998 1
87 998 -1
87 999 1
116 999 -1
116 1000 1
145 1000 -1
