1 1 1
2 1 -1
1 2 1
3 2 -1
1 3 1
4 3 -1
1 4 1
5 4 -1
1 5 1
28 5 -1
1 6 1
55 6 -1
1 7 1
82 7 -1
1 8 1
109 8 -1
1 9 1
136 9 -1
2 10 1
3 10 -1
2 11 1
4 11 -1
2 12 1
5 12 -1
2 13 1
6 13 -1
2 14 1
29 14 -1
2 15 1
56 15 -1
2 16 1
83 16 -1
2 17 1
110 17 -1
2 18 1
137 18 -1
3 19 1
4 19 -1
3 20 1
5 20 -1
3 21 1
6 21 -1
3 22 1
7 22 -1
3 23 1
30 23 -1
3 24 1
57 24 -1
3 25 1
84 25 -1
3 26 1
111 26 -1
3 27 1
138 27 -1
4 28 1
5 28 -1
4 29 1
6 29 -1
4 30 1
7 30 -1
4 31 1
8 31 -1
4 32 1
31 32 -1
4 33 1
58 33 -1
4 34 1
85 34 -1
4 35 1
112 35 -1
4 36 1
139 36 -1
5 37 1
6 37 -1
5 38 1
7 38 -1
5 39 1
8 39 -1
5 40 1
9 40 -1
5 41 1
32 41 -1
5 42 1
59 42 -1
5 43 1
86 43 -1
5 44 1
113 44 -1
5 45 1
140 45 -1
6 46 1
7 46 -1
6 47 1
8 47 -1
6 48 1
9 48 -1
6 49 1
10 49 -1
6 50 1
33 50 -1
6 51 1
60 51 -1
6 52 1
87 52 -1
6 53 1
114 53 -1
6 54 1
141 54 -1
7 55 1
8 55 -1
7 56 1
9 56 -1
7 57 1
10 57 -1
7 58 1
11 58 -1
7 59 1
34 59 -1
7 60 1
61 60 -1
7 61 1
88 61 -1
7 62 1
115 62 -1
7 63 1
142 63 -1
8 64 1
9 64 -1
8 65 1
10 65 -1
8 66 1
11 66 -1
8 67 1
12 67 -1
8 68 1
35 68 -1
8 69 1
62 69 -1
8 70 1
89 70 -1
8 71 1
116 71 -1
8 72 1
143 72 -1
9 73 1
10 73 -1
9 74 1
11 74 -1
9 75 1
12 75 -1
9 76 1
13 76 -1
9 77 1
36 77 -1
9 78 1
63 78 -1
9 79 1
90 79 -1
9 80 1
117 80 -1
9 81 1
144 81 -1
10 82 1
11 82 -1
10 83 1
12 83 -1
10 84 1
13 84 -1
10 85 1
14 85 -1
10 86 1
37 86 -1
10 87 1
64 87 -1
10 88 1
91 88 -1
10 89 1
118 89 -1
10 90 1
145 90 -1
11 91 1
12 91 -1
11 92 1
13 92 -1
11 93 1
14 93 -1
11 94 1
15 94 -1
11 95 1
38 95 -1
11 96 1
65 96 -1
11 97 1
92 97 -1
11 98 1
119 98 -1
11 99 1
146 99 -1
12 100 1
13 100 -1
12 101 1
14 101 -1
12 102 1
15 102 -1
12 103 1
16 103 -1
12 104 1
39 104 -1
12 105 1
66 105 -1
12 106 1
93 106 -1
12 107 1
120 107 -1
12 108 1
147 108 -1
13 109 1
14 109 -1
13 110 1
15 110 -1
13 111 1
16 111 -1
13 112 1
17 112 -1
13 113 1
40 113 -1
13 114 1
67 114 -1
13 115 1
94 115 -1
13 116 1
121 116 -1
13 117 1
148 117 -1
14 118 1
15 118 -1
14 119 1
16 119 -1
14 120 1
17 120 -1
14 121 1
18 121 -1
14 122 1
41 122 -1
14 123 1
68 123 -1
14 124 1
95 124 -1
14 125 1
122 125 -1
14 126 1
149 126 -1
15 127 1
16 127 -1
15 128 1
17 128 -1
15 129 1
18 129 -1
15 130 1
19 130 -1
15 131 1
42 131 -1
15 132 1
69 132 -1
15 133 1
96 133 -1
15 134 1
123 134 -1
15 135 1
150 135 -1
16 136 1
17 136 -1
16 137 1
18 137 -1
16 138 1
19 138 -1
16 139 1
20 139 -1
16 140 1
43 140 -1
16 141 1
70 141 -1
16 142 1
97 142 -1
16 143 1
124 143 -1
16 144 1
151 144 -1
17 145 1
18 145 -1
17 146 1
19 146 -1
17 147 1
20 147 -1
17 148 1
21 148 -1
17 149 1
44 149 -1
17 150 1
71 150 -1
17 151 1
98 151 -1
17 152 1
125 152 -1
17 153 1
152 153 -1
18 154 1
19 154 -1
18 155 1
20 155 -1
18 156 1
21 156 -1
18 157 1
22 157 -1
18 158 1
45 158 -1
18 159 1
72 159 -1
18 160 1
99 160 -1
18 161 1
126 161 -1
18 162 1
153 162 -1
19 163 1
20 163 -1
19 164 1
21 164 -1
19 165 1
22 165 -1
19 166 1
23 166 -1
19 167 1
46 167 -1
19 168 1
73 168 -1
19 169 1
100 169 -1
19 170 1
127 170 -1
19 171 1
154 171 -1
20 172 1
21 172 -1
20 173 1
22 173 -1
20 174 1
23 174 -1
20 175 1
24 175 -1
20 176 1
47 176 -1
20 177 1
74 177 -1
20 178 1
101 178 -1
20 179 1
128 179 -1
20 180 1
155 180 -1
21 181 1
22 181 -1
21 182 1
23 182 -1
21 183 1
24 183 -1
21 184 1
25 184 -1
21 185 1
48 185 -1
21 186 1
75 186 -1
21 187 1
102 187 -1
21 188 1
129 188 -1
21 189 1
156 189 -1
22 190 1
23 190 -1
22 191 1
24 191 -1
22 192 1
25 192 -1
22 193 1
26 193 -1
22 194 1
49 194 -1
22 195 1
76 195 -1
22 196 1
103 196 -1
22 197 1
130 197 -1
22 198 1
157 198 -1
23 199 1
24 199 -1
23 200 1
25 200 -1
23 201 1
26 201 -1
23 202 1
27 202 -1
23 203 1
50 203 -1
23 204 1
77 204 -1
23 205 1
104 205 -1
23 206 1
131 206 -1
23 207 1
158 207 -1
24 208 1
25 208 -1
24 209 1
26 209 -1
24 210 1
27 210 -1
24 211 1
189 211 -1
24 212 1
51 212 -1
24 213 1
78 213 -1
24 214 1
105 214 -1
24 215 1
132 215 -1
24 216 1
159 216 -1
25 217 1
26 217 -1
25 218 1
27 218 -1
25 219 1
189 219 -1
25 220 1
189 220 -1
1 221 1
2 221 -1
25 222 1
52 222 -1
25 223 1
79 223 -1
25 224 1
106 224 -1
25 225 1
133 225 -1
25 226 1
160 226 -1
26 227 1
27 227 -1
26 228 1
189 228 -1
26 229 1
189 229 -1
1 230 1
2 230 -1
26 231 1
189 231 -1
1 232 1
3 232 -1
26 233 1
53 233 -1
26 234 1
80 234 -1
26 235 1
107 235 -1
26 236 1
134 236 -1
26 237 1
161 237 -1
27 238 1
189 238 -1
27 239 1
189 239 -1
1 240 1
2 240 -1
27 241 1
189 241 -1
1 242 1
3 242 -1
27 243 1
189 243 -1
1 244 1
4 244 -1
27 245 1
54 245 -1
27 246 1
81 246 -1
27 247 1
108 247 -1
27 248 1
135 248 -1
27 249 1
162 249 -1
28 250 1
29 250 -1
28 251 1
30 251 -1
28 252 1
31 252 -1
28 253 1
32 253 -1
28 254 1
55 254 -1
28 255 1
82 255 -1
28 256 1
109 256 -1
28 257 1
136 257 -1
28 258 1
163 258 -1
29 259 1
30 259 -1
29 260 1
31 260 -1
29 261 1
32 261 -1
29 262 1
33 262 -1
29 263 1
56 263 -1
29 264 1
83 264 -1
29 265 1
110 265 -1
29 266 1
137 266 -1
29 267 1
164 267 -1
30 268 1
31 268 -1
30 269 1
32 269 -1
30 270 1
33 270 -1
30 271 1
34 271 -1
30 272 1
57 272 -1
30 273 1
84 273 -1
30 274 1
111 274 -1
30 275 1
138 275 -1
30 276 1
165 276 -1
31 277 1
32 277 -1
31 278 1
33 278 -1
31 279 1
34 279 -1
31 280 1
35 280 -1
31 281 1
58 281 -1
31 282 1
85 282 -1
31 283 1
112 283 -1
31 284 1
139 284 -1
31 285 1
166 285 -1
32 286 1
33 286 -1
32 287 1
34 287 -1
32 288 1
35 288 -1
32 289 1
36 289 -1
32 290 1
59 290 -1
32 291 1
86 291 -1
32 292 1
113 292 -1
32 293 1
140 293 -1
32 294 1
167 294 -1
33 295 1
34 295 -1
33 296 1
35 296 -1
33 297 1
36 297 -1
33 298 1
37 298 -1
33 299 1
60 299 -1
33 300 1
87 300 -1
33 301 1
114 301 -1
33 302 1
141 302 -1
33 303 1
168 303 -1
34 304 1
35 304 -1
34 305 1
36 305 -1
34 306 1
37 306 -1
34 307 1
38 307 -1
34 308 1
61 308 -1
34 309 1
88 309 -1
34 310 1
115 310 -1
34 311 1
142 311 -1
34 312 1
169 312 -1
35 313 1
36 313 -1
35 314 1
37 314 -1
35 315 1
38 315 -1
35 316 1
39 316 -1
35 317 1
62 317 -1
35 318 1
89 318 -1
35 319 1
116 319 -1
35 320 1
143 320 -1
35 321 1
170 321 -1
36 322 1
37 322 -1
36 323 1
38 323 -1
36 324 1
39 324 -1
36 325 1
40 325 -1
36 326 1
63 326 -1
36 327 1
90 327 -1
36 328 1
117 328 -1
36 329 1
144 329 -1
36 330 1
171 330 -1
37 331 1
38 331 -1
37 332 1
39 332 -1
37 333 1
40 333 -1
37 334 1
41 334 -1
37 335 1
64 335 -1
37 336 1
91 336 -1
37 337 1
118 337 -1
37 338 1
145 338 -1
37 339 1
172 339 -1
38 340 1
39 340 -1
38 341 1
40 341 -1
38 342 1
41 342 -1
38 343 1
42 343 -1
38 344 1
65 344 -1
38 345 1
92 345 -1
38 346 1
119 346 -1
38 347 1
146 347 -1
38 348 1
173 348 -1
39 349 1
40 349 -1
39 350 1
41 350 -1
39 351 1
42 351 -1
39 352 1
43 352 -1
39 353 1
66 353 -1
39 354 1
93 354 -1
39 355 1
120 355 -1
39 356 1
147 356 -1
39 357 1
174 357 -1
40 358 1
41 358 -1
40 359 1
42 359 -1
40 360 1
43 360 -1
40 361 1
44 361 -1
40 362 1
67 362 -1
40 363 1
94 363 -1
40 364 1
121 364 -1
40 365 1
148 365 -1
40 366 1
175 366 -1
41 367 1
42 367 -1
41 368 1
43 368 -1
41 369 1
44 369 -1
41 370 1
45 370 -1
41 371 1
68 371 -1
41 372 1
95 372 -1
41 373 1
122 373 -1
41 374 1
149 374 -1
41 375 1
176 375 -1
42 376 1
43 376 -1
42 377 1
44 377 -1
42 378 1
45 378 -1
42 379 1
46 379 -1
42 380 1
69 380 -1
42 381 1
96 381 -1
42 382 1
123 382 -1
42 383 1
150 383 -1
42 384 1
177 384 -1
43 385 1
44 385 -1
43 386 1
45 386 -1
43 387 1
46 387 -1
43 388 1
47 388 -1
43 389 1
70 389 -1
43 390 1
97 390 -1
43 391 1
124 391 -1
43 392 1
151 392 -1
43 393 1
178 393 -1
44 394 1
45 394 -1
44 395 1
46 395 -1
44 396 1
47 396 -1
44 397 1
48 397 -1
44 398 1
71 398 -1
44 399 1
98 399 -1
44 400 1
125 400 -1
44 401 1
152 401 -1
44 402 1
179 402 -1
45 403 1
46 403 -1
45 404 1
47 404 -1
45 405 1
48 405 -1
45 406 1
49 406 -1
45 407 1
72 407 -1
45 408 1
99 408 -1
45 409 1
126 409 -1
45 410 1
153 410 -1
45 411 1
180 411 -1
46 412 1
47 412 -1
46 413 1
48 413 -1
46 414 1
49 414 -1
46 415 1
50 415 -1
46 416 1
73 416 -1
46 417 1
100 417 -1
46 418 1
127 418 -1
46 419 1
154 419 -1
46 420 1
181 420 -1
47 421 1
48 421 -1
47 422 1
49 422 -1
47 423 1
50 423 -1
47 424 1
51 424 -1
47 425 1
74 425 -1
47 426 1
101 426 -1
47 427 1
128 427 -1
47 428 1
155 428 -1
47 429 1
182 429 -1
48 430 1
49 430 -1
48 431 1
50 431 -1
48 432 1
51 432 -1
48 433 1
52 433 -1
48 434 1
75 434 -1
48 435 1
102 435 -1
48 436 1
129 436 -1
48 437 1
156 437 -1
48 438 1
183 438 -1
49 439 1
50 439 -1
49 440 1
51 440 -1
49 441 1
52 441 -1
49 442 1
53 442 -1
49 443 1
76 443 -1
49 444 1
103 444 -1
49 445 1
130 445 -1
49 446 1
157 446 -1
49 447 1
184 447 -1
50 448 1
51 448 -1
50 449 1
52 449 -1
50 450 1
53 450 -1
50 451 1
54 451 -1
50 452 1
77 452 -1
50 453 1
104 453 -1
50 454 1
131 454 -1
50 455 1
158 455 -1
50 456 1
185 456 -1
51 457 1
52 457 -1
51 458 1
53 458 -1
51 459 1
54 459 -1
51 460 1
189 460 -1
1 461 1
28 461 -1
51 462 1
78 462 -1
51 463 1
105 463 -1
51 464 1
132 464 -1
51 465 1
159 465 -1
51 466 1
186 466 -1
52 467 1
53 467 -1
52 468 1
54 468 -1
52 469 1
189 469 -1
1 470 1
28 470 -1
52 471 1
189 471 -1
1 472 1
29 472 -1
52 473 1
79 473 -1
52 474 1
106 474 -1
52 475 1
133 475 -1
52 476 1
160 476 -1
52 477 1
187 477 -1
53 478 1
54 478 -1
53 479 1
189 479 -1
1 480 1
28 480 -1
53 481 1
189 481 -1
1 482 1
29 482 -1
53 483 1
189 483 -1
1 484 1
30 484 -1
53 485 1
80 485 -1
53 486 1
107 486 -1
53 487 1
134 487 -1
53 488 1
161 488 -1
53 489 1
188 489 -1
54 490 1
189 490 -1
1 491 1
28 491 -1
54 492 1
189 492 -1
1 493 1
29 493 -1
54 494 1
189 494 -1
1 495 1
30 495 -1
54 496 1
189 496 -1
1 497 1
31 497 -1
54 498 1
81 498 -1
54 499 1
108 499 -1
54 500 1
135 500 -1
54 501 1
162 501 -1
54 502 1
189 502 -1
55 503 1
56 503 -1
55 504 1
57 504 -1
55 505 1
58 505 -1
55 506 1
59 506 -1
55 507 1
82 507 -1
55 508 1
109 508 -1
55 509 1
136 509 -1
55 510 1
163 510 -1
55 511 1
1 511 -1
56 512 1
57 512 -1
56 513 1
58 513 -1
56 514 1
59 514 -1
56 515 1
60 515 -1
56 516 1
83 516 -1
56 517 1
110 517 -1
56 518 1
137 518 -1
56 519 1
164 519 -1
56 520 1
2 520 -1
57 521 1
58 521 -1
57 522 1
59 522 -1
57 523 1
60 523 -1
57 524 1
61 524 -1
57 525 1
84 525 -1
57 526 1
111 526 -1
57 527 1
138 527 -1
57 528 1
165 528 -1
57 529 1
3 529 -1
58 530 1
59 530 -1
58 531 1
60 531 -1
58 532 1
61 532 -1
58 533 1
62 533 -1
58 534 1
85 534 -1
58 535 1
112 535 -1
58 536 1
139 536 -1
58 537 1
166 537 -1
58 538 1
4 538 -1
59 539 1
60 539 -1
59 540 1
61 540 -1
59 541 1
62 541 -1
59 542 1
63 542 -1
59 543 1
86 543 -1
59 544 1
113 544 -1
59 545 1
140 545 -1
59 546 1
167 546 -1
59 547 1
5 547 -1
60 548 1
61 548 -1
60 549 1
62 549 -1
60 550 1
63 550 -1
60 551 1
64 551 -1
60 552 1
87 552 -1
60 553 1
114 553 -1
60 554 1
141 554 -1
60 555 1
168 555 -1
60 556 1
6 556 -1
61 557 1
62 557 -1
61 558 1
63 558 -1
61 559 1
64 559 -1
61 560 1
65 560 -1
61 561 1
88 561 -1
61 562 1
115 562 -1
61 563 1
142 563 -1
61 564 1
169 564 -1
61 565 1
7 565 -1
62 566 1
63 566 -1
62 567 1
64 567 -1
62 568 1
65 568 -1
62 569 1
66 569 -1
62 570 1
89 570 -1
62 571 1
116 571 -1
62 572 1
143 572 -1
62 573 1
170 573 -1
62 574 1
8 574 -1
63 575 1
64 575 -1
63 576 1
65 576 -1
63 577 1
66 577 -1
63 578 1
67 578 -1
63 579 1
90 579 -1
63 580 1
117 580 -1
63 581 1
144 581 -1
63 582 1
171 582 -1
63 583 1
9 583 -1
64 584 1
65 584 -1
64 585 1
66 585 -1
64 586 1
67 586 -1
64 587 1
68 587 -1
64 588 1
91 588 -1
64 589 1
118 589 -1
64 590 1
145 590 -1
64 591 1
172 591 -1
64 592 1
10 592 -1
65 593 1
66 593 -1
65 594 1
67 594 -1
65 595 1
68 595 -1
65 596 1
69 596 -1
65 597 1
92 597 -1
65 598 1
119 598 -1
65 599 1
146 599 -1
65 600 1
173 600 -1
65 601 1
11 601 -1
66 602 1
67 602 -1
66 603 1
68 603 -1
66 604 1
69 604 -1
66 605 1
70 605 -1
66 606 1
93 606 -1
66 607 1
120 607 -1
66 608 1
147 608 -1
66 609 1
174 609 -1
66 610 1
12 610 -1
67 611 1
68 611 -1
67 612 1
69 612 -1
67 613 1
70 613 -1
67 614 1
71 614 -1
67 615 1
94 615 -1
67 616 1
121 616 -1
67 617 1
148 617 -1
67 618 1
175 618 -1
67 619 1
13 619 -1
68 620 1
69 620 -1
68 621 1
70 621 -1
68 622 1
71 622 -1
68 623 1
72 623 -1
68 624 1
95 624 -1
68 625 1
122 625 -1
68 626 1
149 626 -1
68 627 1
176 627 -1
68 628 1
14 628 -1
69 629 1
70 629 -1
69 630 1
71 630 -1
69 631 1
72 631 -1
69 632 1
73 632 -1
69 633 1
96 633 -1
69 634 1
123 634 -1
69 635 1
150 635 -1
69 636 1
177 636 -1
69 637 1
15 637 -1
70 638 1
71 638 -1
70 639 1
72 639 -1
70 640 1
73 640 -1
70 641 1
74 641 -1
70 642 1
97 642 -1
70 643 1
124 643 -1
70 644 1
151 644 -1
70 645 1
178 645 -1
70 646 1
16 646 -1
71 647 1
72 647 -1
71 648 1
73 648 -1
71 649 1
74 649 -1
71 650 1
75 650 -1
71 651 1
98 651 -1
71 652 1
125 652 -1
71 653 1
152 653 -1
71 654 1
179 654 -1
71 655 1
17 655 -1
72 656 1
73 656 -1
72 657 1
74 657 -1
72 658 1
75 658 -1
72 659 1
76 659 -1
72 660 1
99 660 -1
72 661 1
126 661 -1
72 662 1
153 662 -1
72 663 1
180 663 -1
72 664 1
18 664 -1
73 665 1
74 665 -1
73 666 1
75 666 -1
73 667 1
76 667 -1
73 668 1
77 668 -1
73 669 1
100 669 -1
73 670 1
127 670 -1
73 671 1
154 671 -1
73 672 1
181 672 -1
73 673 1
19 673 -1
74 674 1
75 674 -1
74 675 1
76 675 -1
74 676 1
77 676 -1
74 677 1
78 677 -1
74 678 1
101 678 -1
74 679 1
128 679 -1
74 680 1
155 680 -1
74 681 1
182 681 -1
74 682 1
20 682 -1
75 683 1
76 683 -1
75 684 1
77 684 -1
75 685 1
78 685 -1
75 686 1
79 686 -1
75 687 1
102 687 -1
75 688 1
129 688 -1
75 689 1
156 689 -1
75 690 1
183 690 -1
75 691 1
21 691 -1
76 692 1
77 692 -1
76 693 1
78 693 -1
76 694 1
79 694 -1
76 695 1
80 695 -1
76 696 1
103 696 -1
76 697 1
130 697 -1
76 698 1
157 698 -1
76 699 1
184 699 -1
76 700 1
22 700 -1
77 701 1
78 701 -1
77 702 1
79 702 -1
77 703 1
80 703 -1
77 704 1
81 704 -1
77 705 1
104 705 -1
77 706 1
131 706 -1
77 707 1
158 707 -1
77 708 1
185 708 -1
77 709 1
23 709 -1
78 710 1
79 710 -1
78 711 1
80 711 -1
78 712 1
81 712 -1
78 713 1
189 713 -1
1 714 1
55 714 -1
78 715 1
105 715 -1
78 716 1
132 716 -1
78 717 1
159 717 -1
78 718 1
186 718 -1
78 719 1
24 719 -1
79 720 1
80 720 -1
79 721 1
81 721 -1
79 722 1
189 722 -1
1 723 1
55 723 -1
79 724 1
189 724 -1
1 725 1
56 725 -1
79 726 1
106 726 -1
79 727 1
133 727 -1
79 728 1
160 728 -1
79 729 1
187 729 -1
79 730 1
25 730 -1
80 731 1
81 731 -1
80 732 1
189 732 -1
1 733 1
55 733 -1
80 734 1
189 734 -1
1 735 1
56 735 -1
80 736 1
189 736 -1
1 737 1
57 737 -1
80 738 1
107 738 -1
80 739 1
134 739 -1
80 740 1
161 740 -1
80 741 1
188 741 -1
80 742 1
26 742 -1
81 743 1
189 743 -1
1 744 1
55 744 -1
81 745 1
189 745 -1
1 746 1
56 746 -1
81 747 1
189 747 -1
1 748 1
57 748 -1
81 749 1
189 749 -1
1 750 1
58 750 -1
81 751 1
108 751 -1
81 752 1
135 752 -1
81 753 1
162 753 -1
81 754 1
189 754 -1
81 755 1
27 755 -1
82 756 1
83 756 -1
82 757 1
84 757 -1
82 758 1
85 758 -1
82 759 1
86 759 -1
82 760 1
109 760 -1
82 761 1
136 761 -1
82 762 1
163 762 -1
82 763 1
1 763 -1
82 764 1
28 764 -1
83 765 1
84 765 -1
83 766 1
85 766 -1
83 767 1
86 767 -1
83 768 1
87 768 -1
83 769 1
110 769 -1
83 770 1
137 770 -1
83 771 1
164 771 -1
83 772 1
2 772 -1
83 773 1
29 773 -1
84 774 1
85 774 -1
84 775 1
86 775 -1
84 776 1
87 776 -1
84 777 1
88 777 -1
84 778 1
111 778 -1
84 779 1
138 779 -1
84 780 1
165 780 -1
84 781 1
3 781 -1
84 782 1
30 782 -1
85 783 1
86 783 -1
85 784 1
87 784 -1
85 785 1
88 785 -1
85 786 1
89 786 -1
85 787 1
112 787 -1
85 788 1
139 788 -1
85 789 1
166 789 -1
85 790 1
4 790 -1
85 791 1
31 791 -1
86 792 1
87 792 -1
86 793 1
88 793 -1
86 794 1
89 794 -1
86 795 1
90 795 -1
86 796 1
113 796 -1
86 797 1
140 797 -1
86 798 1
167 798 -1
86 799 1
5 799 -1
86 800 1
32 800 -1
87 801 1
88 801 -1
87 802 1
89 802 -1
87 803 1
90 803 -1
87 804 1
91 804 -1
87 805 1
114 805 -1
87 806 1
141 806 -1
87 807 1
168 807 -1
87 808 1
6 808 -1
87 809 1
33 809 -1
88 810 1
89 810 -1
88 811 1
90 811 -1
88 812 1
91 812 -1
88 813 1
92 813 -1
88 814 1
115 814 -1
88 815 1
142 815 -1
88 816 1
169 816 -1
88 817 1
7 817 -1
88 818 1
34 818 -1
89 819 1
90 819 -1
89 820 1
91 820 -1
89 821 1
92 821 -1
89 822 1
93 822 -1
89 823 1
116 823 -1
89 824 1
143 824 -1
89 825 1
170 825 -1
89 826 1
8 826 -1
89 827 1
35 827 -1
90 828 1
91 828 -1
90 829 1
92 829 -1
90 830 1
93 830 -1
90 831 1
94 831 -1
90 832 1
117 832 -1
90 833 1
144 833 -1
90 834 1
171 834 -1
90 835 1
9 835 -1
90 836 1
36 836 -1
91 837 1
92 837 -1
91 838 1
93 838 -1
91 839 1
94 839 -1
91 840 1
95 840 -1
91 841 1
118 841 -1
91 842 1
145 842 -1
91 843 1
172 843 -1
91 844 1
10 844 -1
91 845 1
37 845 -1
92 846 1
93 846 -1
92 847 1
94 847 -1
92 848 1
95 848 -1
92 849 1
96 849 -1
92 850 1
119 850 -1
92 851 1
146 851 -1
92 852 1
173 852 -1
92 853 1
11 853 -1
92 854 1
38 854 -1
93 855 1
94 855 -1
93 856 1
95 856 -1
93 857 1
96 857 -1
93 858 1
97 858 -1
93 859 1
120 859 -1
93 860 1
147 860 -1
93 861 1
174 861 -1
93 862 1
12 862 -1
93 863 1
39 863 -1
94 864 1
95 864 -1
94 865 1
96 865 -1
94 866 1
97 866 -1
94 867 1
98 867 -1
94 868 1
121 868 -1
94 869 1
148 869 -1
94 870 1
175 870 -1
94 871 1
13 871 -1
94 872 1
40 872 -1
95 873 1
96 873 -1
95 874 1
97 874 -1
95 875 1
98 875 -1
95 876 1
99 876 -1
95 877 1
122 877 -1
95 878 1
149 878 -1
95 879 1
176 879 -1
95 880 1
14 880 -1
95 881 1
41 881 -1
96 882 1
97 882 -1
96 883 1
98 883 -1
96 884 1
99 884 -1
96 885 1
100 885 -1
96 886 1
123 886 -1
96 887 1
150 887 -1
96 888 1
177 888 -1
96 889 1
15 889 -1
96 890 1
42 890 -1
97 891 1
98 891 -1
97 892 1
99 892 -1
97 893 1
100 893 -1
97 894 1
101 894 -1
97 895 1
124 895 -1
97 896 1
151 896 -1
97 897 1
178 897 -1
97 898 1
16 898 -1
97 899 1
43 899 -1
98 900 1
99 900 -1
98 901 1
100 901 -1
98 902 1
101 902 -1
98 903 1
102 903 -1
98 904 1
125 904 -1
98 905 1
152 905 -1
98 906 1
179 906 -1
98 907 1
17 907 -1
98 908 1
44 908 -1
99 909 1
100 909 -1
99 910 1
101 910 -1
99 911 1
102 911 -1
99 912 1
103 912 -1
99 913 1
126 913 -1
99 914 1
153 914 -1
99 915 1
180 915 -1
99 916 1
18 916 -1
99 917 1
45 917 -1
100 918 1
101 918 -1
100 919 1
102 919 -1
100 920 1
103 920 -1
100 921 1
104 921 -1
100 922 1
127 922 -1
100 923 1
154 923 -1
100 924 1
181 924 -1
100 925 1
19 925 -1
100 926 1
46 926 -1
101 927 1
102 927 -1
101 928 1
103 928 -1
101 929 1
104 929 -1
101 930 1
105 930 -1
101 931 1
128 931 -1
101 932 1
155 932 -1
101 933 1
182 933 -1
101 934 1
20 934 -1
101 935 1
47 935 -1
102 936 1
103 936 -1
102 937 1
104 937 -1
102 938 1
105 938 -1
102 939 1
106 939 -1
102 940 1
129 940 -1
102 941 1
156 941 -1
102 942 1
183 942 -1
102 943 1
21 943 -1
102 944 1
48 944 -1
103 945 1
104 945 -1
103 946 1
105 946 -1
103 947 1
106 947 -1
103 948 1
107 948 -1
103 949 1
130 949 -1
103 950 1
157 950 -1
103 951 1
184 951 -1
103 952 1
22 952 -1
103 953 1
49 953 -1
104 954 1
105 954 -1
104 955 1
106 955 -1
104 956 1
107 956 -1
104 957 1
108 957 -1
104 958 1
131 958 -1
104 959 1
158 959 -1
104 960 1
185 960 -1
104 961 1
23 961 -1
104 962 1
50 962 -1
105 963 1
106 963 -1
105 964 1
107 964 -1
105 965 1
108 965 -1
105 966 1
189 966 -1
1 967 1
82 967 -1
105 968 1
132 968 -1
105 969 1
159 969 -1
105 970 1
186 970 -1
105 971 1
24 971 -1
105 972 1
51 972 -1
106 973 1
107 973 -1
106 974 1
108 974 -1
106 975 1
189 975 -1
1 976 1
82 976 -1
106 977 1
189 977 -1
1 978 1
83 978 -1
106 979 1
133 979 -1
106 980 1
160 980 -1
106 981 1
187 981 -1
106 982 1
25 982 -1
106 983 1
52 983 -1
107 984 1
108 984 -1
107 985 1
189 985 -1
1 986 1
82 986 -1
107 987 1
189 987 -1
1 988 1
83 988 -1
107 989 1
189 989 -1
1 990 1
84 990 -1
107 991 1
134 991 -1
107 992 1
161 992 -1
107 993 1
188 993 -1
107 994 1
26 994 -1
107 995 1
53 995 -1
108 996 1
189 996 -1
1 997 1
82 997 -1
108 998 1
189 998 -1
1 999 1
83 999 -1
108 1000 1
189 1000 -1
1 1001 1
84 1001 -1
108 1002 1
189 1002 -1
1 1003 1
85 1003 -1
108 1004 1
135 1004 -1
108 1005 1
162 1005 -1
108 1006 1
189 1006 -1
108 1007 1
27 1007 -1
108 1008 1
54 1008 -1
109 1009 1
110 1009 -1
109 1010 1
111 1010 -1
109 1011 1
112 1011 -1
109 1012 1
113 1012 -1
109 1013 1
136 1013 -1
109 1014 1
163 1014 -1
109 1015 1
1 1015 -1
109 1016 1
28 1016 -1
109 1017 1
55 1017 -1
110 1018 1
111 1018 -1
110 1019 1
112 1019 -1
110 1020 1
113 1020 -1
110 1021 1
114 1021 -1
110 1022 1
137 1022 -1
110 1023 1
164 1023 -1
110 1024 1
2 1024 -1
110 1025 1
29 1025 -1
110 1026 1
56 1026 -1
111 1027 1
112 1027 -1
111 1028 1
113 1028 -1
111 1029 1
114 1029 -1
111 1030 1
115 1030 -1
111 1031 1
138 1031 -1
111 1032 1
165 1032 -1
111 1033 1
3 1033 -1
111 1034 1
30 1034 -1
111 1035 1
57 1035 -1
112 1036 1
113 1036 -1
112 1037 1
114 1037 -1
112 1038 1
115 1038 -1
112 1039 1
116 1039 -1
112 1040 1
139 1040 -1
112 1041 1
166 1041 -1
112 1042 1
4 1042 -1
112 1043 1
31 1043 -1
112 1044 1
58 1044 -1
113 1045 1
114 1045 -1
113 1046 1
115 1046 -1
113 1047 1
116 1047 -1
113 1048 1
117 1048 -1
113 1049 1
140 1049 -1
113 1050 1
167 1050 -1
113 1051 1
5 1051 -1
113 1052 1
32 1052 -1
113 1053 1
59 1053 -1
114 1054 1
115 1054 -1
114 1055 1
116 1055 -1
114 1056 1
117 1056 -1
114 1057 1
118 1057 -1
114 1058 1
141 1058 -1
114 1059 1
168 1059 -1
114 1060 1
6 1060 -1
114 1061 1
33 1061 -1
114 1062 1
60 1062 -1
115 1063 1
116 1063 -1
115 1064 1
117 1064 -1
115 1065 1
118 1065 -1
115 1066 1
119 1066 -1
115 1067 1
142 1067 -1
115 1068 1
169 1068 -1
115 1069 1
7 1069 -1
115 1070 1
34 1070 -1
115 1071 1
61 1071 -1
116 1072 1
117 1072 -1
116 1073 1
118 1073 -1
116 1074 1
119 1074 -1
116 1075 1
120 1075 -1
116 1076 1
143 1076 -1
116 1077 1
170 1077 -1
116 1078 1
8 1078 -1
116 1079 1
35 1079 -1
116 1080 1
62 1080 -1
117 1081 1
118 1081 -1
117 1082 1
119 1082 -1
117 1083 1
120 1083 -1
117 1084 1
121 1084 -1
117 1085 1
144 1085 -1
117 1086 1
171 1086 -1
117 1087 1
9 1087 -1
117 1088 1
36 1088 -1
117 1089 1
63 1089 -1
118 1090 1
119 1090 -1
118 1091 1
120 1091 -1
118 1092 1
121 1092 -1
118 1093 1
122 1093 -1
118 1094 1
145 1094 -1
118 1095 1
172 1095 -1
118 1096 1
10 1096 -1
118 1097 1
37 1097 -1
118 1098 1
64 1098 -1
119 1099 1
120 1099 -1
119 1100 1
121 1100 -1
119 1101 1
122 1101 -1
119 1102 1
123 1102 -1
119 1103 1
146 1103 -1
119 1104 1
173 1104 -1
119 1105 1
11 1105 -1
119 1106 1
38 1106 -1
119 1107 1
65 1107 -1
120 1108 1
121 1108 -1
120 1109 1
122 1109 -1
120 1110 1
123 1110 -1
120 1111 1
124 1111 -1
120 1112 1
147 1112 -1
120 1113 1
174 1113 -1
120 1114 1
12 1114 -1
120 1115 1
39 1115 -1
120 1116 1
66 1116 -1
121 1117 1
122 1117 -1
121 1118 1
123 1118 -1
121 1119 1
124 1119 -1
121 1120 1
125 1120 -1
121 1121 1
148 1121 -1
121 1122 1
175 1122 -1
121 1123 1
13 1123 -1
121 1124 1
40 1124 -1
121 1125 1
67 1125 -1
122 1126 1
123 1126 -1
122 1127 1
124 1127 -1
122 1128 1
125 1128 -1
122 1129 1
126 1129 -1
122 1130 1
149 1130 -1
122 1131 1
176 1131 -1
122 1132 1
14 1132 -1
122 1133 1
41 1133 -1
122 1134 1
68 1134 -1
123 1135 1
124 1135 -1
123 1136 1
125 1136 -1
123 1137 1
126 1137 -1
123 1138 1
127 1138 -1
123 1139 1
150 1139 -1
123 1140 1
177 1140 -1
123 1141 1
15 1141 -1
123 1142 1
42 1142 -1
123 1143 1
69 1143 -1
124 1144 1
125 1144 -1
124 1145 1
126 1145 -1
124 1146 1
127 1146 -1
124 1147 1
128 1147 -1
124 1148 1
151 1148 -1
124 1149 1
178 1149 -1
124 1150 1
16 1150 -1
124 1151 1
43 1151 -1
124 1152 1
70 1152 -1
125 1153 1
126 1153 -1
125 1154 1
127 1154 -1
125 1155 1
128 1155 -1
125 1156 1
129 1156 -1
125 1157 1
152 1157 -1
125 1158 1
179 1158 -1
125 1159 1
17 1159 -1
125 1160 1
44 1160 -1
125 1161 1
71 1161 -1
126 1162 1
127 1162 -1
126 1163 1
128 1163 -1
126 1164 1
129 1164 -1
126 1165 1
130 1165 -1
126 1166 1
153 1166 -1
126 1167 1
180 1167 -1
126 1168 1
18 1168 -1
126 1169 1
45 1169 -1
126 1170 1
72 1170 -1
127 1171 1
128 1171 -1
127 1172 1
129 1172 -1
127 1173 1
130 1173 -1
127 1174 1
131 1174 -1
127 1175 1
154 1175 -1
127 1176 1
181 1176 -1
127 1177 1
19 1177 -1
127 1178 1
46 1178 -1
127 1179 1
73 1179 -1
128 1180 1
129 1180 -1
128 1181 1
130 1181 -1
128 1182 1
131 1182 -1
128 1183 1
132 1183 -1
128 1184 1
155 1184 -1
128 1185 1
182 1185 -1
128 1186 1
20 1186 -1
128 1187 1
47 1187 -1
128 1188 1
74 1188 -1
129 1189 1
130 1189 -1
129 1190 1
131 1190 -1
129 1191 1
132 1191 -1
129 1192 1
133 1192 -1
129 1193 1
156 1193 -1
129 1194 1
183 1194 -1
129 1195 1
21 1195 -1
129 1196 1
48 1196 -1
129 1197 1
75 1197 -1
130 1198 1
131 1198 -1
130 1199 1
132 1199 -1
130 1200 1
133 1200 -1
130 1201 1
134 1201 -1
130 1202 1
157 1202 -1
130 1203 1
184 1203 -1
130 1204 1
22 1204 -1
130 1205 1
49 1205 -1
130 1206 1
76 1206 -1
131 1207 1
132 1207 -1
131 1208 1
133 1208 -1
131 1209 1
134 1209 -1
131 1210 1
135 1210 -1
131 1211 1
158 1211 -1
131 1212 1
185 1212 -1
131 1213 1
23 1213 -1
131 1214 1
50 1214 -1
131 1215 1
77 1215 -1
132 1216 1
133 1216 -1
132 1217 1
134 1217 -1
132 1218 1
135 1218 -1
132 1219 1
189 1219 -1
1 1220 1
109 1220 -1
132 1221 1
159 1221 -1
132 1222 1
186 1222 -1
132 1223 1
24 1223 -1
132 1224 1
51 1224 -1
132 1225 1
78 1225 -1
133 1226 1
134 1226 -1
133 1227 1
135 1227 -1
133 1228 1
189 1228 -1
1 1229 1
109 1229 -1
133 1230 1
189 1230 -1
1 1231 1
110 1231 -1
133 1232 1
160 1232 -1
133 1233 1
187 1233 -1
133 1234 1
25 1234 -1
133 1235 1
52 1235 -1
133 1236 1
79 1236 -1
134 1237 1
135 1237 -1
134 1238 1
189 1238 -1
1 1239 1
109 1239 -1
134 1240 1
189 1240 -1
1 1241 1
110 1241 -1
134 1242 1
189 1242 -1
1 1243 1
111 1243 -1
134 1244 1
161 1244 -1
134 1245 1
188 1245 -1
134 1246 1
26 1246 -1
134 1247 1
53 1247 -1
134 1248 1
80 1248 -1
135 1249 1
189 1249 -1
1 1250 1
109 1250 -1
135 1251 1
189 1251 -1
1 1252 1
110 1252 -1
135 1253 1
189 1253 -1
1 1254 1
111 1254 -1
135 1255 1
189 1255 -1
1 1256 1
112 1256 -1
135 1257 1
162 1257 -1
135 1258 1
189 1258 -1
135 1259 1
27 1259 -1
135 1260 1
54 1260 -1
135 1261 1
81 1261 -1
136 1262 1
137 1262 -1
136 1263 1
138 1263 -1
136 1264 1
139 1264 -1
136 1265 1
140 1265 -1
136 1266 1
163 1266 -1
136 1267 1
1 1267 -1
136 1268 1
28 1268 -1
136 1269 1
55 1269 -1
136 1270 1
82 1270 -1
137 1271 1
138 1271 -1
137 1272 1
139 1272 -1
137 1273 1
140 1273 -1
137 1274 1
141 1274 -1
137 1275 1
164 1275 -1
137 1276 1
2 1276 -1
137 1277 1
29 1277 -1
137 1278 1
56 1278 -1
137 1279 1
83 1279 -1
138 1280 1
139 1280 -1
138 1281 1
140 1281 -1
138 1282 1
141 1282 -1
138 1283 1
142 1283 -1
138 1284 1
165 1284 -1
138 1285 1
3 1285 -1
138 1286 1
30 1286 -1
138 1287 1
57 1287 -1
138 1288 1
84 1288 -1
139 1289 1
140 1289 -1
139 1290 1
141 1290 -1
139 1291 1
142 1291 -1
139 1292 1
143 1292 -1
139 1293 1
166 1293 -1
139 1294 1
4 1294 -1
139 1295 1
31 1295 -1
139 1296 1
58 1296 -1
139 1297 1
85 1297 -1
140 1298 1
141 1298 -1
140 1299 1
142 1299 -1
140 1300 1
143 1300 -1
140 1301 1
144 1301 -1
140 1302 1
167 1302 -1
140 1303 1
5 1303 -1
140 1304 1
32 1304 -1
140 1305 1
59 1305 -1
140 1306 1
86 1306 -1
141 1307 1
142 1307 -1
141 1308 1
143 1308 -1
141 1309 1
144 1309 -1
141 1310 1
145 1310 -1
141 1311 1
168 1311 -1
141 1312 1
6 1312 -1
141 1313 1
33 1313 -1
141 1314 1
60 1314 -1
141 1315 1
87 1315 -1
142 1316 1
143 1316 -1
142 1317 1
144 1317 -1
142 1318 1
145 1318 -1
142 1319 1
146 1319 -1
142 1320 1
169 1320 -1
142 1321 1
7 1321 -1
142 1322 1
34 1322 -1
142 1323 1
61 1323 -1
142 1324 1
88 1324 -1
143 1325 1
144 1325 -1
143 1326 1
145 1326 -1
143 1327 1
146 1327 -1
143 1328 1
147 1328 -1
143 1329 1
170 1329 -1
143 1330 1
8 1330 -1
143 1331 1
35 1331 -1
143 1332 1
62 1332 -1
143 1333 1
89 1333 -1
144 1334 1
145 1334 -1
144 1335 1
146 1335 -1
144 1336 1
147 1336 -1
144 1337 1
148 1337 -1
144 1338 1
171 1338 -1
144 1339 1
9 1339 -1
144 1340 1
36 1340 -1
144 1341 1
63 1341 -1
144 1342 1
90 1342 -1
145 1343 1
146 1343 -1
145 1344 1
147 1344 -1
145 1345 1
148 1345 -1
145 1346 1
149 1346 -1
145 1347 1
172 1347 -1
145 1348 1
10 1348 -1
145 1349 1
37 1349 -1
145 1350 1
64 1350 -1
145 1351 1
91 1351 -1
146 1352 1
147 1352 -1
146 1353 1
148 1353 -1
146 1354 1
149 1354 -1
146 1355 1
150 1355 -1
146 1356 1
173 1356 -1
146 1357 1
11 1357 -1
146 1358 1
38 1358 -1
146 1359 1
65 1359 -1
146 1360 1
92 1360 -1
147 1361 1
148 1361 -1
147 1362 1
149 1362 -1
147 1363 1
150 1363 -1
147 1364 1
151 1364 -1
147 1365 1
174 1365 -1
147 1366 1
12 1366 -1
147 1367 1
39 1367 -1
147 1368 1
66 1368 -1
147 1369 1
93 1369 -1
148 1370 1
149 1370 -1
148 1371 1
150 1371 -1
148 1372 1
151 1372 -1
148 1373 1
152 1373 -1
148 1374 1
175 1374 -1
148 1375 1
13 1375 -1
148 1376 1
40 1376 -1
148 1377 1
67 1377 -1
148 1378 1
94 1378 -1
149 1379 1
150 1379 -1
149 1380 1
151 1380 -1
149 1381 1
152 1381 -1
149 1382 1
153 1382 -1
149 1383 1
176 1383 -1
149 1384 1
14 1384 -1
149 1385 1
41 1385 -1
149 1386 1
68 1386 -1
149 1387 1
95 1387 -1
150 1388 1
151 1388 -1
150 1389 1
152 1389 -1
150 1390 1
153 1390 -1
150 1391 1
154 1391 -1
150 1392 1
177 1392 -1
150 1393 1
15 1393 -1
150 1394 1
42 1394 -1
150 1395 1
69 1395 -1
150 1396 1
96 1396 -1
151 1397 1
152 1397 -1
151 1398 1
153 1398 -1
151 1399 1
154 1399 -1
151 1400 1
155 1400 -1
151 1401 1
178 1401 -1
151 1402 1
16 1402 -1
151 1403 1
43 1403 -1
151 1404 1
70 1404 -1
151 1405 1
97 1405 -1
152 1406 1
153 1406 -1
152 1407 1
154 1407 -1
152 1408 1
155 1408 -1
152 1409 1
156 1409 -1
152 1410 1
179 1410 -1
152 1411 1
17 1411 -1
152 1412 1
44 1412 -1
152 1413 1
71 1413 -1
152 1414 1
98 1414 -1
153 1415 1
154 1415 -1
153 1416 1
155 1416 -1
153 1417 1
156 1417 -1
153 1418 1
157 1418 -1
153 1419 1
180 1419 -1
153 1420 1
18 1420 -1
153 1421 1
45 1421 -1
153 1422 1
72 1422 -1
153 1423 1
99 1423 -1
154 1424 1
155 1424 -1
154 1425 1
156 1425 -1
154 1426 1
157 1426 -1
154 1427 1
158 1427 -1
154 1428 1
181 1428 -1
154 1429 1
19 1429 -1
154 1430 1
46 1430 -1
154 1431 1
73 1431 -1
154 1432 1
100 1432 -1
155 1433 1
156 1433 -1
155 1434 1
157 1434 -1
155 1435 1
158 1435 -1
155 1436 1
159 1436 -1
155 1437 1
182 1437 -1
155 1438 1
20 1438 -1
155 1439 1
47 1439 -1
155 1440 1
74 1440 -1
155 1441 1
101 1441 -1
156 1442 1
157 1442 -1
156 1443 1
158 1443 -1
156 1444 1
159 1444 -1
156 1445 1
160 1445 -1
156 1446 1
183 1446 -1
156 1447 1
21 1447 -1
156 1448 1
48 1448 -1
156 1449 1
75 1449 -1
156 1450 1
102 1450 -1
157 1451 1
158 1451 -1
157 1452 1
159 1452 -1
157 1453 1
160 1453 -1
157 1454 1
161 1454 -1
157 1455 1
184 1455 -1
157 1456 1
22 1456 -1
157 1457 1
49 1457 -1
157 1458 1
76 1458 -1
157 1459 1
103 1459 -1
158 1460 1
159 1460 -1
158 1461 1
160 1461 -1
158 1462 1
161 1462 -1
158 1463 1
162 1463 -1
158 1464 1
185 1464 -1
158 1465 1
23 1465 -1
158 1466 1
50 1466 -1
158 1467 1
77 1467 -1
158 1468 1
104 1468 -1
159 1469 1
160 1469 -1
159 1470 1
161 1470 -1
159 1471 1
162 1471 -1
159 1472 1
189 1472 -1
1 1473 1
136 1473 -1
159 1474 1
186 1474 -1
159 1475 1
24 1475 -1
159 1476 1
51 1476 -1
159 1477 1
78 1477 -1
159 1478 1
105 1478 -1
160 1479 1
161 1479 -1
160 1480 1
162 1480 -1
160 1481 1
189 1481 -1
1 1482 1
136 1482 -1
160 1483 1
189 1483 -1
1 1484 1
137 1484 -1
160 1485 1
187 1485 -1
160 1486 1
25 1486 -1
160 1487 1
52 1487 -1
160 1488 1
79 1488 -1
160 1489 1
106 1489 -1
161 1490 1
162 1490 -1
161 1491 1
189 1491 -1
1 1492 1
136 1492 -1
161 1493 1
189 1493 -1
1 1494 1
137 1494 -1
161 1495 1
189 1495 -1
1 1496 1
138 1496 -1
161 1497 1
188 1497 -1
161 1498 1
26 1498 -1
161 1499 1
53 1499 -1
161 1500 1
80 1500 -1
161 1501 1
107 1501 -1
162 1502 1
189 1502 -1
1 1503 1
136 1503 -1
162 1504 1
189 1504 -1
1 1505 1
137 1505 -1
162 1506 1
189 1506 -1
1 1507 1
138 1507 -1
162 1508 1
189 1508 -1
1 1509 1
139 1509 -1
162 1510 1
189 1510 -1
162 1511 1
27 1511 -1
162 1512 1
54 1512 -1
162 1513 1
81 1513 -1
162 1514 1
108 1514 -1
163 1515 1
164 1515 -1
163 1516 1
165 1516 -1
163 1517 1
166 1517 -1
163 1518 1
167 1518 -1
163 1519 1
1 1519 -1
163 1520 1
28 1520 -1
163 1521 1
55 1521 -1
163 1522 1
82 1522 -1
163 1523 1
109 1523 -1
164 1524 1
165 1524 -1
164 1525 1
166 1525 -1
164 1526 1
167 1526 -1
164 1527 1
168 1527 -1
164 1528 1
2 1528 -1
164 1529 1
29 1529 -1
164 1530 1
56 1530 -1
164 1531 1
83 1531 -1
164 1532 1
110 1532 -1
165 1533 1
166 1533 -1
165 1534 1
167 1534 -1
165 1535 1
168 1535 -1
165 1536 1
169 1536 -1
165 1537 1
3 1537 -1
165 1538 1
30 1538 -1
165 1539 1
57 1539 -1
165 1540 1
84 1540 -1
165 1541 1
111 1541 -1
166 1542 1
167 1542 -1
166 1543 1
168 1543 -1
166 1544 1
169 1544 -1
166 1545 1
170 1545 -1
166 1546 1
4 1546 -1
166 1547 1
31 1547 -1
166 1548 1
58 1548 -1
166 1549 1
85 1549 -1
166 1550 1
112 1550 -1
167 1551 1
168 1551 -1
167 1552 1
169 1552 -1
167 1553 1
170 1553 -1
167 1554 1
171 1554 -1
167 1555 1
5 1555 -1
167 1556 1
32 1556 -1
167 1557 1
59 1557 -1
167 1558 1
86 1558 -1
167 1559 1
113 1559 -1
168 1560 1
169 1560 -1
168 1561 1
170 1561 -1
168 1562 1
171 1562 -1
168 1563 1
172 1563 -1
168 1564 1
6 1564 -1
168 1565 1
33 1565 -1
168 1566 1
60 1566 -1
168 1567 1
87 1567 -1
168 1568 1
114 1568 -1
169 1569 1
170 1569 -1
169 1570 1
171 1570 -1
169 1571 1
172 1571 -1
169 1572 1
173 1572 -1
169 1573 1
7 1573 -1
169 1574 1
34 1574 -1
169 1575 1
61 1575 -1
169 1576 1
88 1576 -1
169 1577 1
115 1577 -1
170 1578 1
171 1578 -1
170 1579 1
172 1579 -1
170 1580 1
173 1580 -1
170 1581 1
174 1581 -1
170 1582 1
8 1582 -1
170 1583 1
35 1583 -1
170 1584 1
62 1584 -1
170 1585 1
89 1585 -1
170 1586 1
116 1586 -1
171 1587 1
172 1587 -1
171 1588 1
173 1588 -1
171 1589 1
174 1589 -1
171 1590 1
175 1590 -1
171 1591 1
9 1591 -1
171 1592 1
36 1592 -1
171 1593 1
63 1593 -1
171 1594 1
90 1594 -1
171 1595 1
117 1595 -1
172 1596 1
173 1596 -1
172 1597 1
174 1597 -1
172 1598 1
175 1598 -1
172 1599 1
176 1599 -1
172 1600 1
10 1600 -1
172 1601 1
37 1601 -1
172 1602 1
64 1602 -1
172 1603 1
91 1603 -1
172 1604 1
118 1604 -1
173 1605 1
174 1605 -1
173 1606 1
175 1606 -1
173 1607 1
176 1607 -1
173 1608 1
177 1608 -1
173 1609 1
11 1609 -1
173 1610 1
38 1610 -1
173 1611 1
65 1611 -1
173 1612 1
92 1612 -1
173 1613 1
119 1613 -1
174 1614 1
175 1614 -1
174 1615 1
176 1615 -1
174 1616 1
177 1616 -1
174 1617 1
178 1617 -1
174 1618 1
12 1618 -1
174 1619 1
39 1619 -1
174 1620 1
66 1620 -1
174 1621 1
93 1621 -1
174 1622 1
120 1622 -1
175 1623 1
176 1623 -1
175 1624 1
177 1624 -1
175 1625 1
178 1625 -1
175 1626 1
179 1626 -1
175 1627 1
13 1627 -1
175 1628 1
40 1628 -1
175 1629 1
67 1629 -1
175 1630 1
94 1630 -1
175 1631 1
121 1631 -1
176 1632 1
177 1632 -1
176 1633 1
178 1633 -1
176 1634 1
179 1634 -1
176 1635 1
180 1635 -1
176 1636 1
14 1636 -1
176 1637 1
41 1637 -1
176 1638 1
68 1638 -1
176 1639 1
95 1639 -1
176 1640 1
122 1640 -1
177 1641 1
178 1641 -1
177 1642 1
179 1642 -1
177 1643 1
180 1643 -1
177 1644 1
181 1644 -1
177 1645 1
15 1645 -1
177 1646 1
42 1646 -1
177 1647 1
69 1647 -1
177 1648 1
96 1648 -1
177 1649 1
123 1649 -1
178 1650 1
179 1650 -1
178 1651 1
180 1651 -1
178 1652 1
181 1652 -1
178 1653 1
182 1653 -1
178 1654 1
16 1654 -1
178 1655 1
43 1655 -1
178 1656 1
70 1656 -1
178 1657 1
97 1657 -1
178 1658 1
124 1658 -1
179 1659 1
180 1659 -1
179 1660 1
181 1660 -1
179 1661 1
182 1661 -1
179 1662 1
183 1662 -1
179 1663 1
17 1663 -1
179 1664 1
44 1664 -1
179 1665 1
71 1665 -1
179 1666 1
98 1666 -1
179 1667 1
125 1667 -1
180 1668 1
181 1668 -1
180 1669 1
182 1669 -1
180 1670 1
183 1670 -1
180 1671 1
184 1671 -1
180 1672 1
18 1672 -1
180 1673 1
45 1673 -1
180 1674 1
72 1674 -1
180 1675 1
99 1675 -1
180 1676 1
126 1676 -1
181 1677 1
182 1677 -1
181 1678 1
183 1678 -1
181 1679 1
184 1679 -1
181 1680 1
185 1680 -1
181 1681 1
19 1681 -1
181 1682 1
46 1682 -1
181 1683 1
73 1683 -1
181 1684 1
100 1684 -1
181 1685 1
127 1685 -1
182 1686 1
183 1686 -1
182 1687 1
184 1687 -1
182 1688 1
185 1688 -1
182 1689 1
186 1689 -1
182 1690 1
20 1690 -1
182 1691 1
47 1691 -1
182 1692 1
74 1692 -1
182 1693 1
101 1693 -1
182 1694 1
128 1694 -1
183 1695 1
184 1695 -1
183 1696 1
185 1696 -1
183 1697 1
186 1697 -1
183 1698 1
187 1698 -1
183 1699 1
21 1699 -1
183 1700 1
48 1700 -1
183 1701 1
75 1701 -1
183 1702 1
102 1702 -1
183 1703 1
129 1703 -1
184 1704 1
185 1704 -1
184 1705 1
186 1705 -1
184 1706 1
187 1706 -1
184 1707 1
188 1707 -1
184 1708 1
22 1708 -1
184 1709 1
49 1709 -1
184 1710 1
76 1710 -1
184 1711 1
103 1711 -1
184 1712 1
130 1712 -1
185 1713 1
186 1713 -1
185 1714 1
187 1714 -1
185 1715 1
188 1715 -1
185 1716 1
189 1716 -1
185 1717 1
23 1717 -1
185 1718 1
50 1718 -1
185 1719 1
77 1719 -1
185 1720 1
104 1720 -1
185 1721 1
131 1721 -1
186 1722 1
187 1722 -1
186 1723 1
188 1723 -1
186 1724 1
189 1724 -1
186 1725 1
189 1725 -1
1 1726 1
163 1726 -1
186 1727 1
24 1727 -1
186 1728 1
51 1728 -1
186 1729 1
78 1729 -1
186 1730 1
105 1730 -1
186 1731 1
132 1731 -1
187 1732 1
188 1732 -1
187 1733 1
189 1733 -1
187 1734 1
189 1734 -1
1 1735 1
163 1735 -1
187 1736 1
189 1736 -1
1 1737 1
164 1737 -1
187 1738 1
25 1738 -1
187 1739 1
52 1739 -1
187 1740 1
79 1740 -1
187 1741 1
106 1741 -1
187 1742 1
133 1742 -1
188 1743 1
189 1743 -1
188 1744 1
189 1744 -1
1 1745 1
163 1745 -1
188 1746 1
189 1746 -1
1 1747 1
164 1747 -1
188 1748 1
189 1748 -1
1 1749 1
165 1749 -1
188 1750 1
26 1750 -1
188 1751 1
53 1751 -1
188 1752 1
80 1752 -1
188 1753 1
107 1753 -1
188 1754 1
134 1754 -1
1 1755 1
163 1755 -1
1 1756 1
164 1756 -1
1 1757 1
165 1757 -1
1 1758 1
166 1758 -1
189 1759 1
27 1759 -1
189 1760 1
54 1760 -1
189 1761 1
81 1761 -1
189 1762 1
108 1762 -1
189 1763 1
135 1763 -1
1 1764 1
190 1764 -1
192 1765 1
189 1765 -1
190 1766 1
191 1766 -1
191 1767 1
192 1767 -1
191 1768 1
79 1768 -1
191 1769 1
131 1769 -1
191 1770 1
149 1770 -1
191 1771 1
28 1771 -1
190 1772 1
136 1772 -1
190 1773 1
14 1773 -1
190 1774 1
49 1774 -1
190 1775 1
171 1775 -1
190 1776 1
44 1776 -1
190 1777 1
173 1777 -1
191 1778 1
55 1778 -1
191 1779 1
28 1779 -1
190 1780 1
164 1780 -1
190 1781 1
78 1781 -1
191 1782 1
46 1782 -1
191 1783 1
73 1783 -1
191 1784 1
80 1784 -1
191 1785 1
93 1785 -1
191 1786 1
51 1786 -1
190 1787 1
185 1787 -1
190 1788 1
80 1788 -1
191 1789 1
170 1789 -1
190 1790 1
62 1790 -1
190 1791 1
20 1791 -1
191 1792 1
43 1792 -1
191 1793 1
41 1793 -1
191 1794 1
31 1794 -1
191 1795 1
129 1795 -1
190 1796 1
183 1796 -1
190 1797 1
143 1797 -1
191 1798 1
61 1798 -1
190 1799 1
92 1799 -1
190 1800 1
120 1800 -1
191 1801 1
132 1801 -1
190 1802 1
33 1802 -1
190 1803 1
12 1803 -1
191 1804 1
179 1804 -1
191 1805 1
186 1805 -1
190 1806 1
159 1806 -1
190 1807 1
142 1807 -1
191 1808 1
92 1808 -1
191 1809 1
72 1809 -1
191 1810 1
60 1810 -1
190 1811 1
136 1811 -1
190 1812 1
109 1812 -1
1 1813 1
28 1813 -1
28 1814 1
55 1814 -1
55 1815 1
82 1815 -1
82 1816 1
109 1816 -1
109 1817 1
136 1817 -1
136 1818 1
163 1818 -1
163 1819 1
2 1819 -1
2 1820 1
29 1820 -1
29 1821 1
56 1821 -1
56 1822 1
83 1822 -1
83 1823 1
110 1823 -1
110 1824 1
137 1824 -1
137 1825 1
164 1825 -1
164 1826 1
3 1826 -1
3 1827 1
30 1827 -1
30 1828 1
57 1828 -1
57 1829 1
84 1829 -1
84 1830 1
111 1830 -1
111 1831 1
138 1831 -1
138 1832 1
165 1832 -1
165 1833 1
4 1833 -1
4 1834 1
31 1834 -1
31 1835 1
58 1835 -1
58 1836 1
85 1836 -1
85 1837 1
112 1837 -1
112 1838 1
139 1838 -1
139 1839 1
166 1839 -1
166 1840 1
5 1840 -1
5 1841 1
32 1841 -1
32 1842 1
59 1842 -1
59 1843 1
86 1843 -1
86 1844 1
113 1844 -1
113 1845 1
140 1845 -1
140 1846 1
167 1846 -1
167 1847 1
6 1847 -1
6 1848 1
33 1848 -1
33 1849 1
60 1849 -1
60 1850 1
87 1850 -1
87 1851 1
114 1851 -1
114 1852 1
141 1852 -1
141 1853 1
168 1853 -1
168 1854 1
7 1854 -1
7 1855 1
34 1855 -1
34 1856 1
61 1856 -1
61 1857 1
88 1857 -1
88 1858 1
115 1858 -1
115 1859 1
142 1859 -1
142 1860 1
169 1860 -1
169 1861 1
8 1861 -1
8 1862 1
35 1862 -1
35 1863 1
62 1863 -1
62 1864 1
89 1864 -1
89 1865 1
116 1865 -1
116 1866 1
143 1866 -1
143 1867 1
170 1867 -1
170 1868 1
9 1868 -1
9 1869 1
36 1869 -1
36 1870 1
63 1870 -1
63 1871 1
90 1871 -1
90 1872 1
117 1872 -1
117 1873 1
144 1873 -1
144 1874 1
171 1874 -1
171 1875 1
10 1875 -1
10 1876 1
37 1876 -1
37 1877 1
64 1877 -1
64 1878 1
91 1878 -1
91 1879 1
118 1879 -1
118 1880 1
145 1880 -1
145 1881 1
172 1881 -1
172 1882 1
11 1882 -1
11 1883 1
38 1883 -1
38 1884 1
65 1884 -1
65 1885 1
92 1885 -1
92 1886 1
119 1886 -1
119 1887 1
146 1887 -1
146 1888 1
173 1888 -1
173 1889 1
12 1889 -1
12 1890 1
39 1890 -1
39 1891 1
66 1891 -1
66 1892 1
93 1892 -1
93 1893 1
120 1893 -1
120 1894 1
147 1894 -1
147 1895 1
174 1895 -1
174 1896 1
13 1896 -1
13 1897 1
40 1897 -1
40 1898 1
67 1898 -1
67 1899 1
94 1899 -1
94 1900 1
121 1900 -1
121 1901 1
148 1901 -1
148 1902 1
175 1902 -1
175 1903 1
14 1903 -1
14 1904 1
41 1904 -1
41 1905 1
68 1905 -1
68 1906 1
95 1906 -1
95 1907 1
122 1907 -1
122 1908 1
149 1908 -1
149 1909 1
176 1909 -1
176 1910 1
15 1910 -1
15 1911 1
42 1911 -1
42 1912 1
69 1912 -1
69 1913 1
96 1913 -1
96 1914 1
123 1914 -1
123 1915 1
150 1915 -1
150 1916 1
177 1916 -1
177 1917 1
16 1917 -1
16 1918 1
43 1918 -1
43 1919 1
70 1919 -1
70 1920 1
97 1920 -1
97 1921 1
124 1921 -1
124 1922 1
151 1922 -1
151 1923 1
178 1923 -1
178 1924 1
17 1924 -1
17 1925 1
44 1925 -1
44 1926 1
71 1926 -1
71 1927 1
98 1927 -1
98 1928 1
125 1928 -1
125 1929 1
152 1929 -1
152 1930 1
179 1930 -1
179 1931 1
18 1931 -1
18 1932 1
45 1932 -1
45 1933 1
72 1933 -1
72 1934 1
99 1934 -1
99 1935 1
126 1935 -1
126 1936 1
153 1936 -1
153 1937 1
180 1937 -1
180 1938 1
19 1938 -1
19 1939 1
46 1939 -1
46 1940 1
73 1940 -1
73 1941 1
100 1941 -1
100 1942 1
127 1942 -1
127 1943 1
154 1943 -1
154 1944 1
181 1944 -1
181 1945 1
20 1945 -1
20 1946 1
47 1946 -1
47 1947 1
74 1947 -1
74 1948 1
101 1948 -1
101 1949 1
128 1949 -1
128 1950 1
155 1950 -1
155 1951 1
182 1951 -1
182 1952 1
21 1952 -1
21 1953 1
48 1953 -1
48 1954 1
75 1954 -1
75 1955 1
102 1955 -1
102 1956 1
129 1956 -1
129 1957 1
156 1957 -1
156 1958 1
183 1958 -1
183 1959 1
22 1959 -1
22 1960 1
49 1960 -1
49 1961 1
76 1961 -1
76 1962 1
103 1962 -1
103 1963 1
130 1963 -1
130 1964 1
157 1964 -1
157 1965 1
184 1965 -1
184 1966 1
23 1966 -1
23 1967 1
50 1967 -1
50 1968 1
77 1968 -1
77 1969 1
104 1969 -1
104 1970 1
131 1970 -1
131 1971 1
158 1971 -1
158 1972 1
185 1972 -1
185 1973 1
24 1973 -1
24 1974 1
51 1974 -1
51 1975 1
78 1975 -1
78 1976 1
105 1976 -1
105 1977 1
132 1977 -1
132 1978 1
159 1978 -1
159 1979 1
186 1979 -1
186 1980 1
25 1980 -1
25 1981 1
52 1981 -1
52 1982 1
79 1982 -1
79 1983 1
106 1983 -1
106 1984 1
133 1984 -1
133 1985 1
160 1985 -1
160 1986 1
187 1986 -1
187 1987 1
26 1987 -1
26 1988 1
53 1988 -1
53 1989 1
80 1989 -1
80 1990 1
107 1990 -1
107 1991 1
134 1991 -1
134 1992 1
161 1992 -1
161 1993 1
188 1993 -1
188 1994 1
27 1994 -1
27 1995 1
54 1995 -1
54 1996 1
81 1996 -1
81 1997 1
108 1997 -1
108 1998 1
135 1998 -1
135 1999 1
162 1999 -1
162 2000 1
189 2000 -1
