1 1 1
2 1 -1
1 2 1
3 2 -1
1 3 1
4 3 -1
1 4 1
5 4 -1
1 5 1
6 5 -1
1 6 1
7 6 -1
1 7 1
8 7 -1
1 8 1
30 8 -1
1 9 1
59 9 -1
1 10 1
88 10 -1
1 11 1
117 11 -1
2 12 1
3 12 -1
2 13 1
4 13 -1
2 14 1
5 14 -1
2 15 1
6 15 -1
2 16 1
7 16 -1
2 17 1
8 17 -1
2 18 1
9 18 -1
2 19 1
31 19 -1
2 20 1
60 20 -1
2 21 1
89 21 -1
2 22 1
118 22 -1
3 23 1
4 23 -1
3 24 1
5 24 -1
3 25 1
6 25 -1
3 26 1
7 26 -1
3 27 1
8 27 -1
3 28 1
9 28 -1
3 29 1
10 29 -1
3 30 1
32 30 -1
3 31 1
61 31 -1
3 32 1
90 32 -1
3 33 1
119 33 -1
4 34 1
5 34 -1
4 35 1
6 35 -1
4 36 1
7 36 -1
4 37 1
8 37 -1
4 38 1
9 38 -1
4 39 1
10 39 -1
4 40 1
11 40 -1
4 41 1
33 41 -1
4 42 1
62 42 -1
4 43 1
91 43 -1
4 44 1
120 44 -1
5 45 1
6 45 -1
5 46 1
7 46 -1
5 47 1
8 47 -1
5 48 1
9 48 -1
5 49 1
10 49 -1
5 50 1
11 50 -1
5 51 1
12 51 -1
5 52 1
34 52 -1
5 53 1
63 53 -1
5 54 1
92 54 -1
5 55 1
121 55 -1
6 56 1
7 56 -1
6 57 1
8 57 -1
6 58 1
9 58 -1
6 59 1
10 59 -1
6 60 1
11 60 -1
6 61 1
12 61 -1
6 62 1
13 62 -1
6 63 1
35 63 -1
6 64 1
64 64 -1
6 65 1
93 65 -1
6 66 1
122 66 -1
7 67 1
8 67 -1
7 68 1
9 68 -1
7 69 1
10 69 -1
7 70 1
11 70 -1
7 71 1
12 71 -1
7 72 1
13 72 -1
7 73 1
14 73 -1
7 74 1
36 74 -1
7 75 1
65 75 -1
7 76 1
94 76 -1
7 77 1
123 77 -1
8 78 1
9 78 -1
8 79 1
10 79 -1
8 80 1
11 80 -1
8 81 1
12 81 -1
8 82 1
13 82 -1
8 83 1
14 83 -1
8 84 1
15 84 -1
8 85 1
37 85 -1
8 86 1
66 86 -1
8 87 1
95 87 -1
8 88 1
124 88 -1
9 89 1
10 89 -1
9 90 1
11 90 -1
9 91 1
12 91 -1
9 92 1
13 92 -1
9 93 1
14 93 -1
9 94 1
15 94 -1
9 95 1
16 95 -1
9 96 1
38 96 -1
9 97 1
67 97 -1
9 98 1
96 98 -1
9 99 1
125 99 -1
10 100 1
11 100 -1
10 101 1
12 101 -1
10 102 1
13 102 -1
10 103 1
14 103 -1
10 104 1
15 104 -1
10 105 1
16 105 -1
10 106 1
17 106 -1
10 107 1
39 107 -1
10 108 1
68 108 -1
10 109 1
97 109 -1
10 110 1
126 110 -1
11 111 1
12 111 -1
11 112 1
13 112 -1
11 113 1
14 113 -1
11 114 1
15 114 -1
11 115 1
16 115 -1
11 116 1
17 116 -1
11 117 1
18 117 -1
11 118 1
40 118 -1
11 119 1
69 119 -1
11 120 1
98 120 -1
11 121 1
127 121 -1
12 122 1
13 122 -1
12 123 1
14 123 -1
12 124 1
15 124 -1
12 125 1
16 125 -1
12 126 1
17 126 -1
12 127 1
18 127 -1
12 128 1
19 128 -1
12 129 1
41 129 -1
12 130 1
70 130 -1
12 131 1
99 131 -1
12 132 1
128 132 -1
13 133 1
14 133 -1
13 134 1
15 134 -1
13 135 1
16 135 -1
13 136 1
17 136 -1
13 137 1
18 137 -1
13 138 1
19 138 -1
13 139 1
20 139 -1
13 140 1
42 140 -1
13 141 1
71 141 -1
13 142 1
100 142 -1
13 143 1
129 143 -1
14 144 1
15 144 -1
14 145 1
16 145 -1
14 146 1
17 146 -1
14 147 1
18 147 -1
14 148 1
19 148 -1
14 149 1
20 149 -1
14 150 1
21 150 -1
14 151 1
43 151 -1
14 152 1
72 152 -1
14 153 1
101 153 -1
14 154 1
130 154 -1
15 155 1
16 155 -1
15 156 1
17 156 -1
15 157 1
18 157 -1
15 158 1
19 158 -1
15 159 1
20 159 -1
15 160 1
21 160 -1
15 161 1
22 161 -1
15 162 1
44 162 -1
15 163 1
73 163 -1
15 164 1
102 164 -1
15 165 1
131 165 -1
16 166 1
17 166 -1
16 167 1
18 167 -1
16 168 1
19 168 -1
16 169 1
20 169 -1
16 170 1
21 170 -1
16 171 1
22 171 -1
16 172 1
23 172 -1
16 173 1
45 173 -1
16 174 1
74 174 -1
16 175 1
103 175 -1
16 176 1
132 176 -1
17 177 1
18 177 -1
17 178 1
19 178 -1
17 179 1
20 179 -1
17 180 1
21 180 -1
17 181 1
22 181 -1
17 182 1
23 182 -1
17 183 1
24 183 -1
17 184 1
46 184 -1
17 185 1
75 185 -1
17 186 1
104 186 -1
17 187 1
133 187 -1
18 188 1
19 188 -1
18 189 1
20 189 -1
18 190 1
21 190 -1
18 191 1
22 191 -1
18 192 1
23 192 -1
18 193 1
24 193 -1
18 194 1
25 194 -1
18 195 1
47 195 -1
18 196 1
76 196 -1
18 197 1
105 197 -1
18 198 1
134 198 -1
19 199 1
20 199 -1
19 200 1
21 200 -1
19 201 1
22 201 -1
19 202 1
23 202 -1
19 203 1
24 203 -1
19 204 1
25 204 -1
19 205 1
26 205 -1
19 206 1
48 206 -1
19 207 1
77 207 -1
19 208 1
106 208 -1
19 209 1
135 209 -1
20 210 1
21 210 -1
20 211 1
22 211 -1
20 212 1
23 212 -1
20 213 1
24 213 -1
20 214 1
25 214 -1
20 215 1
26 215 -1
20 216 1
27 216 -1
20 217 1
49 217 -1
20 218 1
78 218 -1
20 219 1
107 219 -1
20 220 1
136 220 -1
21 221 1
22 221 -1
21 222 1
23 222 -1
21 223 1
24 223 -1
21 224 1
25 224 -1
21 225 1
26 225 -1
21 226 1
27 226 -1
21 227 1
28 227 -1
21 228 1
50 228 -1
21 229 1
79 229 -1
21 230 1
108 230 -1
21 231 1
137 231 -1
22 232 1
23 232 -1
22 233 1
24 233 -1
22 234 1
25 234 -1
22 235 1
26 235 -1
22 236 1
27 236 -1
22 237 1
28 237 -1
22 238 1
29 238 -1
22 239 1
51 239 -1
22 240 1
80 240 -1
22 241 1
109 241 -1
22 242 1
138 242 -1
23 243 1
24 243 -1
23 244 1
25 244 -1
23 245 1
26 245 -1
23 246 1
27 246 -1
23 247 1
28 247 -1
23 248 1
29 248 -1
23 249 1
145 249 -1
23 250 1
52 250 -1
23 251 1
81 251 -1
23 252 1
110 252 -1
23 253 1
139 253 -1
24 254 1
25 254 -1
24 255 1
26 255 -1
24 256 1
27 256 -1
24 257 1
28 257 -1
24 258 1
29 258 -1
24 259 1
145 259 -1
24 260 1
145 260 -1
1 261 1
2 261 -1
24 262 1
53 262 -1
24 263 1
82 263 -1
24 264 1
111 264 -1
24 265 1
140 265 -1
25 266 1
26 266 -1
25 267 1
27 267 -1
25 268 1
28 268 -1
25 269 1
29 269 -1
25 270 1
145 270 -1
25 271 1
145 271 -1
1 272 1
2 272 -1
25 273 1
145 273 -1
1 274 1
3 274 -1
25 275 1
54 275 -1
25 276 1
83 276 -1
25 277 1
112 277 -1
25 278 1
141 278 -1
26 279 1
27 279 -1
26 280 1
28 280 -1
26 281 1
29 281 -1
26 282 1
145 282 -1
26 283 1
145 283 -1
1 284 1
2 284 -1
26 285 1
145 285 -1
1 286 1
3 286 -1
26 287 1
145 287 -1
1 288 1
4 288 -1
26 289 1
55 289 -1
26 290 1
84 290 -1
26 291 1
113 291 -1
26 292 1
142 292 -1
27 293 1
28 293 -1
27 294 1
29 294 -1
27 295 1
145 295 -1
27 296 1
145 296 -1
1 297 1
2 297 -1
27 298 1
145 298 -1
1 299 1
3 299 -1
27 300 1
145 300 -1
1 301 1
4 301 -1
27 302 1
145 302 -1
1 303 1
5 303 -1
27 304 1
56 304 -1
27 305 1
85 305 -1
27 306 1
114 306 -1
27 307 1
143 307 -1
28 308 1
29 308 -1
28 309 1
145 309 -1
28 310 1
145 310 -1
1 311 1
2 311 -1
28 312 1
145 312 -1
1 313 1
3 313 -1
28 314 1
145 314 -1
1 315 1
4 315 -1
28 316 1
145 316 -1
1 317 1
5 317 -1
28 318 1
145 318 -1
1 319 1
6 319 -1
28 320 1
57 320 -1
28 321 1
86 321 -1
28 322 1
115 322 -1
28 323 1
144 323 -1
29 324 1
145 324 -1
29 325 1
145 325 -1
1 326 1
2 326 -1
29 327 1
145 327 -1
1 328 1
3 328 -1
29 329 1
145 329 -1
1 330 1
4 330 -1
29 331 1
145 331 -1
1 332 1
5 332 -1
29 333 1
145 333 -1
1 334 1
6 334 -1
29 335 1
145 335 -1
1 336 1
7 336 -1
29 337 1
58 337 -1
29 338 1
87 338 -1
29 339 1
116 339 -1
29 340 1
145 340 -1
30 341 1
31 341 -1
30 342 1
32 342 -1
30 343 1
33 343 -1
30 344 1
34 344 -1
30 345 1
35 345 -1
30 346 1
36 346 -1
30 347 1
37 347 -1
30 348 1
59 348 -1
30 349 1
88 349 -1
30 350 1
117 350 -1
30 351 1
1 351 -1
31 352 1
32 352 -1
31 353 1
33 353 -1
31 354 1
34 354 -1
31 355 1
35 355 -1
31 356 1
36 356 -1
31 357 1
37 357 -1
31 358 1
38 358 -1
31 359 1
60 359 -1
31 360 1
89 360 -1
31 361 1
118 361 -1
31 362 1
2 362 -1
32 363 1
33 363 -1
32 364 1
34 364 -1
32 365 1
35 365 -1
32 366 1
36 366 -1
32 367 1
37 367 -1
32 368 1
38 368 -1
32 369 1
39 369 -1
32 370 1
61 370 -1
32 371 1
90 371 -1
32 372 1
119 372 -1
32 373 1
3 373 -1
33 374 1
34 374 -1
33 375 1
35 375 -1
33 376 1
36 376 -1
33 377 1
37 377 -1
33 378 1
38 378 -1
33 379 1
39 379 -1
33 380 1
40 380 -1
33 381 1
62 381 -1
33 382 1
91 382 -1
33 383 1
120 383 -1
33 384 1
4 384 -1
34 385 1
35 385 -1
34 386 1
36 386 -1
34 387 1
37 387 -1
34 388 1
38 388 -1
34 389 1
39 389 -1
34 390 1
40 390 -1
34 391 1
41 391 -1
34 392 1
63 392 -1
34 393 1
92 393 -1
34 394 1
121 394 -1
34 395 1
5 395 -1
35 396 1
36 396 -1
35 397 1
37 397 -1
35 398 1
38 398 -1
35 399 1
39 399 -1
35 400 1
40 400 -1
35 401 1
41 401 -1
35 402 1
42 402 -1
35 403 1
64 403 -1
35 404 1
93 404 -1
35 405 1
122 405 -1
35 406 1
6 406 -1
36 407 1
37 407 -1
36 408 1
38 408 -1
36 409 1
39 409 -1
36 410 1
40 410 -1
36 411 1
41 411 -1
36 412 1
42 412 -1
36 413 1
43 413 -1
36 414 1
65 414 -1
36 415 1
94 415 -1
36 416 1
123 416 -1
36 417 1
7 417 -1
37 418 1
38 418 -1
37 419 1
39 419 -1
37 420 1
40 420 -1
37 421 1
41 421 -1
37 422 1
42 422 -1
37 423 1
43 423 -1
37 424 1
44 424 -1
37 425 1
66 425 -1
37 426 1
95 426 -1
37 427 1
124 427 -1
37 428 1
8 428 -1
38 429 1
39 429 -1
38 430 1
40 430 -1
38 431 1
41 431 -1
38 432 1
42 432 -1
38 433 1
43 433 -1
38 434 1
44 434 -1
38 435 1
45 435 -1
38 436 1
67 436 -1
38 437 1
96 437 -1
38 438 1
125 438 -1
38 439 1
9 439 -1
39 440 1
40 440 -1
39 441 1
41 441 -1
39 442 1
42 442 -1
39 443 1
43 443 -1
39 444 1
44 444 -1
39 445 1
45 445 -1
39 446 1
46 446 -1
39 447 1
68 447 -1
39 448 1
97 448 -1
39 449 1
126 449 -1
39 450 1
10 450 -1
40 451 1
41 451 -1
40 452 1
42 452 -1
40 453 1
43 453 -1
40 454 1
44 454 -1
40 455 1
45 455 -1
40 456 1
46 456 -1
40 457 1
47 457 -1
40 458 1
69 458 -1
40 459 1
98 459 -1
40 460 1
127 460 -1
40 461 1
11 461 -1
41 462 1
42 462 -1
41 463 1
43 463 -1
41 464 1
44 464 -1
41 465 1
45 465 -1
41 466 1
46 466 -1
41 467 1
47 467 -1
41 468 1
48 468 -1
41 469 1
70 469 -1
41 470 1
99 470 -1
41 471 1
128 471 -1
41 472 1
12 472 -1
42 473 1
43 473 -1
42 474 1
44 474 -1
42 475 1
45 475 -1
42 476 1
46 476 -1
42 477 1
47 477 -1
42 478 1
48 478 -1
42 479 1
49 479 -1
42 480 1
71 480 -1
42 481 1
100 481 -1
42 482 1
129 482 -1
42 483 1
13 483 -1
43 484 1
44 484 -1
43 485 1
45 485 -1
43 486 1
46 486 -1
43 487 1
47 487 -1
43 488 1
48 488 -1
43 489 1
49 489 -1
43 490 1
50 490 -1
43 491 1
72 491 -1
43 492 1
101 492 -1
43 493 1
130 493 -1
43 494 1
14 494 -1
44 495 1
45 495 -1
44 496 1
46 496 -1
44 497 1
47 497 -1
44 498 1
48 498 -1
44 499 1
49 499 -1
44 500 1
50 500 -1
44 501 1
51 501 -1
44 502 1
73 502 -1
44 503 1
102 503 -1
44 504 1
131 504 -1
44 505 1
15 505 -1
45 506 1
46 506 -1
45 507 1
47 507 -1
45 508 1
48 508 -1
45 509 1
49 509 -1
45 510 1
50 510 -1
45 511 1
51 511 -1
45 512 1
52 512 -1
45 513 1
74 513 -1
45 514 1
103 514 -1
45 515 1
132 515 -1
45 516 1
16 516 -1
46 517 1
47 517 -1
46 518 1
48 518 -1
46 519 1
49 519 -1
46 520 1
50 520 -1
46 521 1
51 521 -1
46 522 1
52 522 -1
46 523 1
53 523 -1
46 524 1
75 524 -1
46 525 1
104 525 -1
46 526 1
133 526 -1
46 527 1
17 527 -1
47 528 1
48 528 -1
47 529 1
49 529 -1
47 530 1
50 530 -1
47 531 1
51 531 -1
47 532 1
52 532 -1
47 533 1
53 533 -1
47 534 1
54 534 -1
47 535 1
76 535 -1
47 536 1
105 536 -1
47 537 1
134 537 -1
47 538 1
18 538 -1
48 539 1
49 539 -1
48 540 1
50 540 -1
48 541 1
51 541 -1
48 542 1
52 542 -1
48 543 1
53 543 -1
48 544 1
54 544 -1
48 545 1
55 545 -1
48 546 1
77 546 -1
48 547 1
106 547 -1
48 548 1
135 548 -1
48 549 1
19 549 -1
49 550 1
50 550 -1
49 551 1
51 551 -1
49 552 1
52 552 -1
49 553 1
53 553 -1
49 554 1
54 554 -1
49 555 1
55 555 -1
49 556 1
56 556 -1
49 557 1
78 557 -1
49 558 1
107 558 -1
49 559 1
136 559 -1
49 560 1
20 560 -1
50 561 1
51 561 -1
50 562 1
52 562 -1
50 563 1
53 563 -1
50 564 1
54 564 -1
50 565 1
55 565 -1
50 566 1
56 566 -1
50 567 1
57 567 -1
50 568 1
79 568 -1
50 569 1
108 569 -1
50 570 1
137 570 -1
50 571 1
21 571 -1
51 572 1
52 572 -1
51 573 1
53 573 -1
51 574 1
54 574 -1
51 575 1
55 575 -1
51 576 1
56 576 -1
51 577 1
57 577 -1
51 578 1
58 578 -1
51 579 1
80 579 -1
51 580 1
109 580 -1
51 581 1
138 581 -1
51 582 1
22 582 -1
52 583 1
53 583 -1
52 584 1
54 584 -1
52 585 1
55 585 -1
52 586 1
56 586 -1
52 587 1
57 587 -1
52 588 1
58 588 -1
52 589 1
145 589 -1
1 590 1
30 590 -1
52 591 1
81 591 -1
52 592 1
110 592 -1
52 593 1
139 593 -1
52 594 1
23 594 -1
53 595 1
54 595 -1
53 596 1
55 596 -1
53 597 1
56 597 -1
53 598 1
57 598 -1
53 599 1
58 599 -1
53 600 1
145 600 -1
1 601 1
30 601 -1
53 602 1
145 602 -1
1 603 1
31 603 -1
53 604 1
82 604 -1
53 605 1
111 605 -1
53 606 1
140 606 -1
53 607 1
24 607 -1
54 608 1
55 608 -1
54 609 1
56 609 -1
54 610 1
57 610 -1
54 611 1
58 611 -1
54 612 1
145 612 -1
1 613 1
30 613 -1
54 614 1
145 614 -1
1 615 1
31 615 -1
54 616 1
145 616 -1
1 617 1
32 617 -1
54 618 1
83 618 -1
54 619 1
112 619 -1
54 620 1
141 620 -1
54 621 1
25 621 -1
55 622 1
56 622 -1
55 623 1
57 623 -1
55 624 1
58 624 -1
55 625 1
145 625 -1
1 626 1
30 626 -1
55 627 1
145 627 -1
1 628 1
31 628 -1
55 629 1
145 629 -1
1 630 1
32 630 -1
55 631 1
145 631 -1
1 632 1
33 632 -1
55 633 1
84 633 -1
55 634 1
113 634 -1
55 635 1
142 635 -1
55 636 1
26 636 -1
56 637 1
57 637 -1
56 638 1
58 638 -1
56 639 1
145 639 -1
1 640 1
30 640 -1
56 641 1
145 641 -1
1 642 1
31 642 -1
56 643 1
145 643 -1
1 644 1
32 644 -1
56 645 1
145 645 -1
1 646 1
33 646 -1
56 647 1
145 647 -1
1 648 1
34 648 -1
56 649 1
85 649 -1
56 650 1
114 650 -1
56 651 1
143 651 -1
56 652 1
27 652 -1
57 653 1
58 653 -1
57 654 1
145 654 -1
1 655 1
30 655 -1
57 656 1
145 656 -1
1 657 1
31 657 -1
57 658 1
145 658 -1
1 659 1
32 659 -1
57 660 1
145 660 -1
1 661 1
33 661 -1
57 662 1
145 662 -1
1 663 1
34 663 -1
57 664 1
145 664 -1
1 665 1
35 665 -1
57 666 1
86 666 -1
57 667 1
115 667 -1
57 668 1
144 668 -1
57 669 1
28 669 -1
58 670 1
145 670 -1
1 671 1
30 671 -1
58 672 1
145 672 -1
1 673 1
31 673 -1
58 674 1
145 674 -1
1 675 1
32 675 -1
58 676 1
145 676 -1
1 677 1
33 677 -1
58 678 1
145 678 -1
1 679 1
34 679 -1
58 680 1
145 680 -1
1 681 1
35 681 -1
58 682 1
145 682 -1
1 683 1
36 683 -1
58 684 1
87 684 -1
58 685 1
116 685 -1
58 686 1
145 686 -1
58 687 1
29 687 -1
59 688 1
60 688 -1
59 689 1
61 689 -1
59 690 1
62 690 -1
59 691 1
63 691 -1
59 692 1
64 692 -1
59 693 1
65 693 -1
59 694 1
66 694 -1
59 695 1
88 695 -1
59 696 1
117 696 -1
59 697 1
1 697 -1
59 698 1
30 698 -1
60 699 1
61 699 -1
60 700 1
62 700 -1
60 701 1
63 701 -1
60 702 1
64 702 -1
60 703 1
65 703 -1
60 704 1
66 704 -1
60 705 1
67 705 -1
60 706 1
89 706 -1
60 707 1
118 707 -1
60 708 1
2 708 -1
60 709 1
31 709 -1
61 710 1
62 710 -1
61 711 1
63 711 -1
61 712 1
64 712 -1
61 713 1
65 713 -1
61 714 1
66 714 -1
61 715 1
67 715 -1
61 716 1
68 716 -1
61 717 1
90 717 -1
61 718 1
119 718 -1
61 719 1
3 719 -1
61 720 1
32 720 -1
62 721 1
63 721 -1
62 722 1
64 722 -1
62 723 1
65 723 -1
62 724 1
66 724 -1
62 725 1
67 725 -1
62 726 1
68 726 -1
62 727 1
69 727 -1
62 728 1
91 728 -1
62 729 1
120 729 -1
62 730 1
4 730 -1
62 731 1
33 731 -1
63 732 1
64 732 -1
63 733 1
65 733 -1
63 734 1
66 734 -1
63 735 1
67 735 -1
63 736 1
68 736 -1
63 737 1
69 737 -1
63 738 1
70 738 -1
63 739 1
92 739 -1
63 740 1
121 740 -1
63 741 1
5 741 -1
63 742 1
34 742 -1
64 743 1
65 743 -1
64 744 1
66 744 -1
64 745 1
67 745 -1
64 746 1
68 746 -1
64 747 1
69 747 -1
64 748 1
70 748 -1
64 749 1
71 749 -1
64 750 1
93 750 -1
64 751 1
122 751 -1
64 752 1
6 752 -1
64 753 1
35 753 -1
65 754 1
66 754 -1
65 755 1
67 755 -1
65 756 1
68 756 -1
65 757 1
69 757 -1
65 758 1
70 758 -1
65 759 1
71 759 -1
65 760 1
72 760 -1
65 761 1
94 761 -1
65 762 1
123 762 -1
65 763 1
7 763 -1
65 764 1
36 764 -1
66 765 1
67 765 -1
66 766 1
68 766 -1
66 767 1
69 767 -1
66 768 1
70 768 -1
66 769 1
71 769 -1
66 770 1
72 770 -1
66 771 1
73 771 -1
66 772 1
95 772 -1
66 773 1
124 773 -1
66 774 1
8 774 -1
66 775 1
37 775 -1
67 776 1
68 776 -1
67 777 1
69 777 -1
67 778 1
70 778 -1
67 779 1
71 779 -1
67 780 1
72 780 -1
67 781 1
73 781 -1
67 782 1
74 782 -1
67 783 1
96 783 -1
67 784 1
125 784 -1
67 785 1
9 785 -1
67 786 1
38 786 -1
68 787 1
69 787 -1
68 788 1
70 788 -1
68 789 1
71 789 -1
68 790 1
72 790 -1
68 791 1
73 791 -1
68 792 1
74 792 -1
68 793 1
75 793 -1
68 794 1
97 794 -1
68 795 1
126 795 -1
68 796 1
10 796 -1
68 797 1
39 797 -1
69 798 1
70 798 -1
69 799 1
71 799 -1
69 800 1
72 800 -1
69 801 1
73 801 -1
69 802 1
74 802 -1
69 803 1
75 803 -1
69 804 1
76 804 -1
69 805 1
98 805 -1
69 806 1
127 806 -1
69 807 1
11 807 -1
69 808 1
40 808 -1
70 809 1
71 809 -1
70 810 1
72 810 -1
70 811 1
73 811 -1
70 812 1
74 812 -1
70 813 1
75 813 -1
70 814 1
76 814 -1
70 815 1
77 815 -1
70 816 1
99 816 -1
70 817 1
128 817 -1
70 818 1
12 818 -1
70 819 1
41 819 -1
71 820 1
72 820 -1
71 821 1
73 821 -1
71 822 1
74 822 -1
71 823 1
75 823 -1
71 824 1
76 824 -1
71 825 1
77 825 -1
71 826 1
78 826 -1
71 827 1
100 827 -1
71 828 1
129 828 -1
71 829 1
13 829 -1
71 830 1
42 830 -1
72 831 1
73 831 -1
72 832 1
74 832 -1
72 833 1
75 833 -1
72 834 1
76 834 -1
72 835 1
77 835 -1
72 836 1
78 836 -1
72 837 1
79 837 -1
72 838 1
101 838 -1
72 839 1
130 839 -1
72 840 1
14 840 -1
72 841 1
43 841 -1
73 842 1
74 842 -1
73 843 1
75 843 -1
73 844 1
76 844 -1
73 845 1
77 845 -1
73 846 1
78 846 -1
73 847 1
79 847 -1
73 848 1
80 848 -1
73 849 1
102 849 -1
73 850 1
131 850 -1
73 851 1
15 851 -1
73 852 1
44 852 -1
74 853 1
75 853 -1
74 854 1
76 854 -1
74 855 1
77 855 -1
74 856 1
78 856 -1
74 857 1
79 857 -1
74 858 1
80 858 -1
74 859 1
81 859 -1
74 860 1
103 860 -1
74 861 1
132 861 -1
74 862 1
16 862 -1
74 863 1
45 863 -1
75 864 1
76 864 -1
75 865 1
77 865 -1
75 866 1
78 866 -1
75 867 1
79 867 -1
75 868 1
80 868 -1
75 869 1
81 869 -1
75 870 1
82 870 -1
75 871 1
104 871 -1
75 872 1
133 872 -1
75 873 1
17 873 -1
75 874 1
46 874 -1
76 875 1
77 875 -1
76 876 1
78 876 -1
76 877 1
79 877 -1
76 878 1
80 878 -1
76 879 1
81 879 -1
76 880 1
82 880 -1
76 881 1
83 881 -1
76 882 1
105 882 -1
76 883 1
134 883 -1
76 884 1
18 884 -1
76 885 1
47 885 -1
77 886 1
78 886 -1
77 887 1
79 887 -1
77 888 1
80 888 -1
77 889 1
81 889 -1
77 890 1
82 890 -1
77 891 1
83 891 -1
77 892 1
84 892 -1
77 893 1
106 893 -1
77 894 1
135 894 -1
77 895 1
19 895 -1
77 896 1
48 896 -1
78 897 1
79 897 -1
78 898 1
80 898 -1
78 899 1
81 899 -1
78 900 1
82 900 -1
78 901 1
83 901 -1
78 902 1
84 902 -1
78 903 1
85 903 -1
78 904 1
107 904 -1
78 905 1
136 905 -1
78 906 1
20 906 -1
78 907 1
49 907 -1
79 908 1
80 908 -1
79 909 1
81 909 -1
79 910 1
82 910 -1
79 911 1
83 911 -1
79 912 1
84 912 -1
79 913 1
85 913 -1
79 914 1
86 914 -1
79 915 1
108 915 -1
79 916 1
137 916 -1
79 917 1
21 917 -1
79 918 1
50 918 -1
80 919 1
81 919 -1
80 920 1
82 920 -1
80 921 1
83 921 -1
80 922 1
84 922 -1
80 923 1
85 923 -1
80 924 1
86 924 -1
80 925 1
87 925 -1
80 926 1
109 926 -1
80 927 1
138 927 -1
80 928 1
22 928 -1
80 929 1
51 929 -1
81 930 1
82 930 -1
81 931 1
83 931 -1
81 932 1
84 932 -1
81 933 1
85 933 -1
81 934 1
86 934 -1
81 935 1
87 935 -1
81 936 1
145 936 -1
1 937 1
59 937 -1
81 938 1
110 938 -1
81 939 1
139 939 -1
81 940 1
23 940 -1
81 941 1
52 941 -1
82 942 1
83 942 -1
82 943 1
84 943 -1
82 944 1
85 944 -1
82 945 1
86 945 -1
82 946 1
87 946 -1
82 947 1
145 947 -1
1 948 1
59 948 -1
82 949 1
145 949 -1
1 950 1
60 950 -1
82 951 1
111 951 -1
82 952 1
140 952 -1
82 953 1
24 953 -1
82 954 1
53 954 -1
83 955 1
84 955 -1
83 956 1
85 956 -1
83 957 1
86 957 -1
83 958 1
87 958 -1
83 959 1
145 959 -1
1 960 1
59 960 -1
83 961 1
145 961 -1
1 962 1
60 962 -1
83 963 1
145 963 -1
1 964 1
61 964 -1
83 965 1
112 965 -1
83 966 1
141 966 -1
83 967 1
25 967 -1
83 968 1
54 968 -1
84 969 1
85 969 -1
84 970 1
86 970 -1
84 971 1
87 971 -1
84 972 1
145 972 -1
1 973 1
59 973 -1
84 974 1
145 974 -1
1 975 1
60 975 -1
84 976 1
145 976 -1
1 977 1
61 977 -1
84 978 1
145 978 -1
1 979 1
62 979 -1
84 980 1
113 980 -1
84 981 1
142 981 -1
84 982 1
26 982 -1
84 983 1
55 983 -1
85 984 1
86 984 -1
85 985 1
87 985 -1
85 986 1
145 986 -1
1 987 1
59 987 -1
85 988 1
145 988 -1
1 989 1
60 989 -1
85 990 1
145 990 -1
1 991 1
61 991 -1
85 992 1
145 992 -1
1 993 1
62 993 -1
85 994 1
145 994 -1
1 995 1
63 995 -1
85 996 1
114 996 -1
85 997 1
143 997 -1
85 998 1
27 998 -1
85 999 1
56 999 -1
86 1000 1
87 1000 -1
86 1001 1
145 1001 -1
1 1002 1
59 1002 -1
86 1003 1
145 1003 -1
1 1004 1
60 1004 -1
86 1005 1
145 1005 -1
1 1006 1
61 1006 -1
86 1007 1
145 1007 -1
1 1008 1
62 1008 -1
86 1009 1
145 1009 -1
1 1010 1
63 1010 -1
86 1011 1
145 1011 -1
1 1012 1
64 1012 -1
86 1013 1
115 1013 -1
86 1014 1
144 1014 -1
86 1015 1
28 1015 -1
86 1016 1
57 1016 -1
87 1017 1
145 1017 -1
1 1018 1
59 1018 -1
87 1019 1
145 1019 -1
1 1020 1
60 1020 -1
87 1021 1
145 1021 -1
1 1022 1
61 1022 -1
87 1023 1
145 1023 -1
1 1024 1
62 1024 -1
87 1025 1
145 1025 -1
1 1026 1
63 1026 -1
87 1027 1
145 1027 -1
1 1028 1
64 1028 -1
87 1029 1
145 1029 -1
1 1030 1
65 1030 -1
87 1031 1
116 1031 -1
87 1032 1
145 1032 -1
87 1033 1
29 1033 -1
87 1034 1
58 1034 -1
88 1035 1
89 1035 -1
88 1036 1
90 1036 -1
88 1037 1
91 1037 -1
88 1038 1
92 1038 -1
88 1039 1
93 1039 -1
88 1040 1
94 1040 -1
88 1041 1
95 1041 -1
88 1042 1
117 1042 -1
88 1043 1
1 1043 -1
88 1044 1
30 1044 -1
88 1045 1
59 1045 -1
89 1046 1
90 1046 -1
89 1047 1
91 1047 -1
89 1048 1
92 1048 -1
89 1049 1
93 1049 -1
89 1050 1
94 1050 -1
89 1051 1
95 1051 -1
89 1052 1
96 1052 -1
89 1053 1
118 1053 -1
89 1054 1
2 1054 -1
89 1055 1
31 1055 -1
89 1056 1
60 1056 -1
90 1057 1
91 1057 -1
90 1058 1
92 1058 -1
90 1059 1
93 1059 -1
90 1060 1
94 1060 -1
90 1061 1
95 1061 -1
90 1062 1
96 1062 -1
90 1063 1
97 1063 -1
90 1064 1
119 1064 -1
90 1065 1
3 1065 -1
90 1066 1
32 1066 -1
90 1067 1
61 1067 -1
91 1068 1
92 1068 -1
91 1069 1
93 1069 -1
91 1070 1
94 1070 -1
91 1071 1
95 1071 -1
91 1072 1
96 1072 -1
91 1073 1
97 1073 -1
91 1074 1
98 1074 -1
91 1075 1
120 1075 -1
91 1076 1
4 1076 -1
91 1077 1
33 1077 -1
91 1078 1
62 1078 -1
92 1079 1
93 1079 -1
92 1080 1
94 1080 -1
92 1081 1
95 1081 -1
92 1082 1
96 1082 -1
92 1083 1
97 1083 -1
92 1084 1
98 1084 -1
92 1085 1
99 1085 -1
92 1086 1
121 1086 -1
92 1087 1
5 1087 -1
92 1088 1
34 1088 -1
92 1089 1
63 1089 -1
93 1090 1
94 1090 -1
93 1091 1
95 1091 -1
93 1092 1
96 1092 -1
93 1093 1
97 1093 -1
93 1094 1
98 1094 -1
93 1095 1
99 1095 -1
93 1096 1
100 1096 -1
93 1097 1
122 1097 -1
93 1098 1
6 1098 -1
93 1099 1
35 1099 -1
93 1100 1
64 1100 -1
94 1101 1
95 1101 -1
94 1102 1
96 1102 -1
94 1103 1
97 1103 -1
94 1104 1
98 1104 -1
94 1105 1
99 1105 -1
94 1106 1
100 1106 -1
94 1107 1
101 1107 -1
94 1108 1
123 1108 -1
94 1109 1
7 1109 -1
94 1110 1
36 1110 -1
94 1111 1
65 1111 -1
95 1112 1
96 1112 -1
95 1113 1
97 1113 -1
95 1114 1
98 1114 -1
95 1115 1
99 1115 -1
95 1116 1
100 1116 -1
95 1117 1
101 1117 -1
95 1118 1
102 1118 -1
95 1119 1
124 1119 -1
95 1120 1
8 1120 -1
95 1121 1
37 1121 -1
95 1122 1
66 1122 -1
96 1123 1
97 1123 -1
96 1124 1
98 1124 -1
96 1125 1
99 1125 -1
96 1126 1
100 1126 -1
96 1127 1
101 1127 -1
96 1128 1
102 1128 -1
96 1129 1
103 1129 -1
96 1130 1
125 1130 -1
96 1131 1
9 1131 -1
96 1132 1
38 1132 -1
96 1133 1
67 1133 -1
97 1134 1
98 1134 -1
97 1135 1
99 1135 -1
97 1136 1
100 1136 -1
97 1137 1
101 1137 -1
97 1138 1
102 1138 -1
97 1139 1
103 1139 -1
97 1140 1
104 1140 -1
97 1141 1
126 1141 -1
97 1142 1
10 1142 -1
97 1143 1
39 1143 -1
97 1144 1
68 1144 -1
98 1145 1
99 1145 -1
98 1146 1
100 1146 -1
98 1147 1
101 1147 -1
98 1148 1
102 1148 -1
98 1149 1
103 1149 -1
98 1150 1
104 1150 -1
98 1151 1
105 1151 -1
98 1152 1
127 1152 -1
98 1153 1
11 1153 -1
98 1154 1
40 1154 -1
98 1155 1
69 1155 -1
99 1156 1
100 1156 -1
99 1157 1
101 1157 -1
99 1158 1
102 1158 -1
99 1159 1
103 1159 -1
99 1160 1
104 1160 -1
99 1161 1
105 1161 -1
99 1162 1
106 1162 -1
99 1163 1
128 1163 -1
99 1164 1
12 1164 -1
99 1165 1
41 1165 -1
99 1166 1
70 1166 -1
100 1167 1
101 1167 -1
100 1168 1
102 1168 -1
100 1169 1
103 1169 -1
100 1170 1
104 1170 -1
100 1171 1
105 1171 -1
100 1172 1
106 1172 -1
100 1173 1
107 1173 -1
100 1174 1
129 1174 -1
100 1175 1
13 1175 -1
100 1176 1
42 1176 -1
100 1177 1
71 1177 -1
101 1178 1
102 1178 -1
101 1179 1
103 1179 -1
101 1180 1
104 1180 -1
101 1181 1
105 1181 -1
101 1182 1
106 1182 -1
101 1183 1
107 1183 -1
101 1184 1
108 1184 -1
101 1185 1
130 1185 -1
101 1186 1
14 1186 -1
101 1187 1
43 1187 -1
101 1188 1
72 1188 -1
102 1189 1
103 1189 -1
102 1190 1
104 1190 -1
102 1191 1
105 1191 -1
102 1192 1
106 1192 -1
102 1193 1
107 1193 -1
102 1194 1
108 1194 -1
102 1195 1
109 1195 -1
102 1196 1
131 1196 -1
102 1197 1
15 1197 -1
102 1198 1
44 1198 -1
102 1199 1
73 1199 -1
103 1200 1
104 1200 -1
103 1201 1
105 1201 -1
103 1202 1
106 1202 -1
103 1203 1
107 1203 -1
103 1204 1
108 1204 -1
103 1205 1
109 1205 -1
103 1206 1
110 1206 -1
103 1207 1
132 1207 -1
103 1208 1
16 1208 -1
103 1209 1
45 1209 -1
103 1210 1
74 1210 -1
104 1211 1
105 1211 -1
104 1212 1
106 1212 -1
104 1213 1
107 1213 -1
104 1214 1
108 1214 -1
104 1215 1
109 1215 -1
104 1216 1
110 1216 -1
104 1217 1
111 1217 -1
104 1218 1
133 1218 -1
104 1219 1
17 1219 -1
104 1220 1
46 1220 -1
104 1221 1
75 1221 -1
105 1222 1
106 1222 -1
105 1223 1
107 1223 -1
105 1224 1
108 1224 -1
105 1225 1
109 1225 -1
105 1226 1
110 1226 -1
105 1227 1
111 1227 -1
105 1228 1
112 1228 -1
105 1229 1
134 1229 -1
105 1230 1
18 1230 -1
105 1231 1
47 1231 -1
105 1232 1
76 1232 -1
106 1233 1
107 1233 -1
106 1234 1
108 1234 -1
106 1235 1
109 1235 -1
106 1236 1
110 1236 -1
106 1237 1
111 1237 -1
106 1238 1
112 1238 -1
106 1239 1
113 1239 -1
106 1240 1
135 1240 -1
106 1241 1
19 1241 -1
106 1242 1
48 1242 -1
106 1243 1
77 1243 -1
107 1244 1
108 1244 -1
107 1245 1
109 1245 -1
107 1246 1
110 1246 -1
107 1247 1
111 1247 -1
107 1248 1
112 1248 -1
107 1249 1
113 1249 -1
107 1250 1
114 1250 -1
107 1251 1
136 1251 -1
107 1252 1
20 1252 -1
107 1253 1
49 1253 -1
107 1254 1
78 1254 -1
108 1255 1
109 1255 -1
108 1256 1
110 1256 -1
108 1257 1
111 1257 -1
108 1258 1
112 1258 -1
108 1259 1
113 1259 -1
108 1260 1
114 1260 -1
108 1261 1
115 1261 -1
108 1262 1
137 1262 -1
108 1263 1
21 1263 -1
108 1264 1
50 1264 -1
108 1265 1
79 1265 -1
109 1266 1
110 1266 -1
109 1267 1
111 1267 -1
109 1268 1
112 1268 -1
109 1269 1
113 1269 -1
109 1270 1
114 1270 -1
109 1271 1
115 1271 -1
109 1272 1
116 1272 -1
109 1273 1
138 1273 -1
109 1274 1
22 1274 -1
109 1275 1
51 1275 -1
109 1276 1
80 1276 -1
110 1277 1
111 1277 -1
110 1278 1
112 1278 -1
110 1279 1
113 1279 -1
110 1280 1
114 1280 -1
110 1281 1
115 1281 -1
110 1282 1
116 1282 -1
110 1283 1
145 1283 -1
1 1284 1
88 1284 -1
110 1285 1
139 1285 -1
110 1286 1
23 1286 -1
110 1287 1
52 1287 -1
110 1288 1
81 1288 -1
111 1289 1
112 1289 -1
111 1290 1
113 1290 -1
111 1291 1
114 1291 -1
111 1292 1
115 1292 -1
111 1293 1
116 1293 -1
111 1294 1
145 1294 -1
1 1295 1
88 1295 -1
111 1296 1
145 1296 -1
1 1297 1
89 1297 -1
111 1298 1
140 1298 -1
111 1299 1
24 1299 -1
111 1300 1
53 1300 -1
111 1301 1
82 1301 -1
112 1302 1
113 1302 -1
112 1303 1
114 1303 -1
112 1304 1
115 1304 -1
112 1305 1
116 1305 -1
112 1306 1
145 1306 -1
1 1307 1
88 1307 -1
112 1308 1
145 1308 -1
1 1309 1
89 1309 -1
112 1310 1
145 1310 -1
1 1311 1
90 1311 -1
112 1312 1
141 1312 -1
112 1313 1
25 1313 -1
112 1314 1
54 1314 -1
112 1315 1
83 1315 -1
113 1316 1
114 1316 -1
113 1317 1
115 1317 -1
113 1318 1
116 1318 -1
113 1319 1
145 1319 -1
1 1320 1
88 1320 -1
113 1321 1
145 1321 -1
1 1322 1
89 1322 -1
113 1323 1
145 1323 -1
1 1324 1
90 1324 -1
113 1325 1
145 1325 -1
1 1326 1
91 1326 -1
113 1327 1
142 1327 -1
113 1328 1
26 1328 -1
113 1329 1
55 1329 -1
113 1330 1
84 1330 -1
114 1331 1
115 1331 -1
114 1332 1
116 1332 -1
114 1333 1
145 1333 -1
1 1334 1
88 1334 -1
114 1335 1
145 1335 -1
1 1336 1
89 1336 -1
114 1337 1
145 1337 -1
1 1338 1
90 1338 -1
114 1339 1
145 1339 -1
1 1340 1
91 1340 -1
114 1341 1
145 1341 -1
1 1342 1
92 1342 -1
114 1343 1
143 1343 -1
114 1344 1
27 1344 -1
114 1345 1
56 1345 -1
114 1346 1
85 1346 -1
115 1347 1
116 1347 -1
115 1348 1
145 1348 -1
1 1349 1
88 1349 -1
115 1350 1
145 1350 -1
1 1351 1
89 1351 -1
115 1352 1
145 1352 -1
1 1353 1
90 1353 -1
115 1354 1
145 1354 -1
1 1355 1
91 1355 -1
115 1356 1
145 1356 -1
1 1357 1
92 1357 -1
115 1358 1
145 1358 -1
1 1359 1
93 1359 -1
115 1360 1
144 1360 -1
115 1361 1
28 1361 -1
115 1362 1
57 1362 -1
115 1363 1
86 1363 -1
116 1364 1
145 1364 -1
1 1365 1
88 1365 -1
116 1366 1
145 1366 -1
1 1367 1
89 1367 -1
116 1368 1
145 1368 -1
1 1369 1
90 1369 -1
116 1370 1
145 1370 -1
1 1371 1
91 1371 -1
116 1372 1
145 1372 -1
1 1373 1
92 1373 -1
116 1374 1
145 1374 -1
1 1375 1
93 1375 -1
116 1376 1
145 1376 -1
1 1377 1
94 1377 -1
116 1378 1
145 1378 -1
116 1379 1
29 1379 -1
116 1380 1
58 1380 -1
116 1381 1
87 1381 -1
117 1382 1
118 1382 -1
117 1383 1
119 1383 -1
117 1384 1
120 1384 -1
117 1385 1
121 1385 -1
117 1386 1
122 1386 -1
117 1387 1
123 1387 -1
117 1388 1
124 1388 -1
117 1389 1
1 1389 -1
117 1390 1
30 1390 -1
117 1391 1
59 1391 -1
117 1392 1
88 1392 -1
118 1393 1
119 1393 -1
118 1394 1
120 1394 -1
118 1395 1
121 1395 -1
118 1396 1
122 1396 -1
118 1397 1
123 1397 -1
118 1398 1
124 1398 -1
118 1399 1
125 1399 -1
118 1400 1
2 1400 -1
118 1401 1
31 1401 -1
118 1402 1
60 1402 -1
118 1403 1
89 1403 -1
119 1404 1
120 1404 -1
119 1405 1
121 1405 -1
119 1406 1
122 1406 -1
119 1407 1
123 1407 -1
119 1408 1
124 1408 -1
119 1409 1
125 1409 -1
119 1410 1
126 1410 -1
119 1411 1
3 1411 -1
119 1412 1
32 1412 -1
119 1413 1
61 1413 -1
119 1414 1
90 1414 -1
120 1415 1
121 1415 -1
120 1416 1
122 1416 -1
120 1417 1
123 1417 -1
120 1418 1
124 1418 -1
120 1419 1
125 1419 -1
120 1420 1
126 1420 -1
120 1421 1
127 1421 -1
120 1422 1
4 1422 -1
120 1423 1
33 1423 -1
120 1424 1
62 1424 -1
120 1425 1
91 1425 -1
121 1426 1
122 1426 -1
121 1427 1
123 1427 -1
121 1428 1
124 1428 -1
121 1429 1
125 1429 -1
121 1430 1
126 1430 -1
121 1431 1
127 1431 -1
121 1432 1
128 1432 -1
121 1433 1
5 1433 -1
121 1434 1
34 1434 -1
121 1435 1
63 1435 -1
121 1436 1
92 1436 -1
122 1437 1
123 1437 -1
122 1438 1
124 1438 -1
122 1439 1
125 1439 -1
122 1440 1
126 1440 -1
122 1441 1
127 1441 -1
122 1442 1
128 1442 -1
122 1443 1
129 1443 -1
122 1444 1
6 1444 -1
122 1445 1
35 1445 -1
122 1446 1
64 1446 -1
122 1447 1
93 1447 -1
123 1448 1
124 1448 -1
123 1449 1
125 1449 -1
123 1450 1
126 1450 -1
123 1451 1
127 1451 -1
123 1452 1
128 1452 -1
123 1453 1
129 1453 -1
123 1454 1
130 1454 -1
123 1455 1
7 1455 -1
123 1456 1
36 1456 -1
123 1457 1
65 1457 -1
123 1458 1
94 1458 -1
124 1459 1
125 1459 -1
124 1460 1
126 1460 -1
124 1461 1
127 1461 -1
124 1462 1
128 1462 -1
124 1463 1
129 1463 -1
124 1464 1
130 1464 -1
124 1465 1
131 1465 -1
124 1466 1
8 1466 -1
124 1467 1
37 1467 -1
124 1468 1
66 1468 -1
124 1469 1
95 1469 -1
125 1470 1
126 1470 -1
125 1471 1
127 1471 -1
125 1472 1
128 1472 -1
125 1473 1
129 1473 -1
125 1474 1
130 1474 -1
125 1475 1
131 1475 -1
125 1476 1
132 1476 -1
125 1477 1
9 1477 -1
125 1478 1
38 1478 -1
125 1479 1
67 1479 -1
125 1480 1
96 1480 -1
126 1481 1
127 1481 -1
126 1482 1
128 1482 -1
126 1483 1
129 1483 -1
126 1484 1
130 1484 -1
126 1485 1
131 1485 -1
126 1486 1
132 1486 -1
126 1487 1
133 1487 -1
126 1488 1
10 1488 -1
126 1489 1
39 1489 -1
126 1490 1
68 1490 -1
126 1491 1
97 1491 -1
127 1492 1
128 1492 -1
127 1493 1
129 1493 -1
127 1494 1
130 1494 -1
127 1495 1
131 1495 -1
127 1496 1
132 1496 -1
127 1497 1
133 1497 -1
127 1498 1
134 1498 -1
127 1499 1
11 1499 -1
127 1500 1
40 1500 -1
127 1501 1
69 1501 -1
127 1502 1
98 1502 -1
128 1503 1
129 1503 -1
128 1504 1
130 1504 -1
128 1505 1
131 1505 -1
128 1506 1
132 1506 -1
128 1507 1
133 1507 -1
128 1508 1
134 1508 -1
128 1509 1
135 1509 -1
128 1510 1
12 1510 -1
128 1511 1
41 1511 -1
128 1512 1
70 1512 -1
128 1513 1
99 1513 -1
129 1514 1
130 1514 -1
129 1515 1
131 1515 -1
129 1516 1
132 1516 -1
129 1517 1
133 1517 -1
129 1518 1
134 1518 -1
129 1519 1
135 1519 -1
129 1520 1
136 1520 -1
129 1521 1
13 1521 -1
129 1522 1
42 1522 -1
129 1523 1
71 1523 -1
129 1524 1
100 1524 -1
130 1525 1
131 1525 -1
130 1526 1
132 1526 -1
130 1527 1
133 1527 -1
130 1528 1
134 1528 -1
130 1529 1
135 1529 -1
130 1530 1
136 1530 -1
130 1531 1
137 1531 -1
130 1532 1
14 1532 -1
130 1533 1
43 1533 -1
130 1534 1
72 1534 -1
130 1535 1
101 1535 -1
131 1536 1
132 1536 -1
131 1537 1
133 1537 -1
131 1538 1
134 1538 -1
131 1539 1
135 1539 -1
131 1540 1
136 1540 -1
131 1541 1
137 1541 -1
131 1542 1
138 1542 -1
131 1543 1
15 1543 -1
131 1544 1
44 1544 -1
131 1545 1
73 1545 -1
131 1546 1
102 1546 -1
132 1547 1
133 1547 -1
132 1548 1
134 1548 -1
132 1549 1
135 1549 -1
132 1550 1
136 1550 -1
132 1551 1
137 1551 -1
132 1552 1
138 1552 -1
132 1553 1
139 1553 -1
132 1554 1
16 1554 -1
132 1555 1
45 1555 -1
132 1556 1
74 1556 -1
132 1557 1
103 1557 -1
133 1558 1
134 1558 -1
133 1559 1
135 1559 -1
133 1560 1
136 1560 -1
133 1561 1
137 1561 -1
133 1562 1
138 1562 -1
133 1563 1
139 1563 -1
133 1564 1
140 1564 -1
133 1565 1
17 1565 -1
133 1566 1
46 1566 -1
133 1567 1
75 1567 -1
133 1568 1
104 1568 -1
134 1569 1
135 1569 -1
134 1570 1
136 1570 -1
134 1571 1
137 1571 -1
134 1572 1
138 1572 -1
134 1573 1
139 1573 -1
134 1574 1
140 1574 -1
134 1575 1
141 1575 -1
134 1576 1
18 1576 -1
134 1577 1
47 1577 -1
134 1578 1
76 1578 -1
134 1579 1
105 1579 -1
135 1580 1
136 1580 -1
135 1581 1
137 1581 -1
135 1582 1
138 1582 -1
135 1583 1
139 1583 -1
135 1584 1
140 1584 -1
135 1585 1
141 1585 -1
135 1586 1
142 1586 -1
135 1587 1
19 1587 -1
135 1588 1
48 1588 -1
135 1589 1
77 1589 -1
135 1590 1
106 1590 -1
136 1591 1
137 1591 -1
136 1592 1
138 1592 -1
136 1593 1
139 1593 -1
136 1594 1
140 1594 -1
136 1595 1
141 1595 -1
136 1596 1
142 1596 -1
136 1597 1
143 1597 -1
136 1598 1
20 1598 -1
136 1599 1
49 1599 -1
136 1600 1
78 1600 -1
136 1601 1
107 1601 -1
137 1602 1
138 1602 -1
137 1603 1
139 1603 -1
137 1604 1
140 1604 -1
137 1605 1
141 1605 -1
137 1606 1
142 1606 -1
137 1607 1
143 1607 -1
137 1608 1
144 1608 -1
137 1609 1
21 1609 -1
137 1610 1
50 1610 -1
137 1611 1
79 1611 -1
137 1612 1
108 1612 -1
138 1613 1
139 1613 -1
138 1614 1
140 1614 -1
138 1615 1
141 1615 -1
138 1616 1
142 1616 -1
138 1617 1
143 1617 -1
138 1618 1
144 1618 -1
138 1619 1
145 1619 -1
138 1620 1
22 1620 -1
138 1621 1
51 1621 -1
138 1622 1
80 1622 -1
138 1623 1
109 1623 -1
139 1624 1
140 1624 -1
139 1625 1
141 1625 -1
139 1626 1
142 1626 -1
139 1627 1
143 1627 -1
139 1628 1
144 1628 -1
139 1629 1
145 1629 -1
139 1630 1
145 1630 -1
1 1631 1
117 1631 -1
139 1632 1
23 1632 -1
139 1633 1
52 1633 -1
139 1634 1
81 1634 -1
139 1635 1
110 1635 -1
140 1636 1
141 1636 -1
140 1637 1
142 1637 -1
140 1638 1
143 1638 -1
140 1639 1
144 1639 -1
140 1640 1
145 1640 -1
140 1641 1
145 1641 -1
1 1642 1
117 1642 -1
140 1643 1
145 1643 -1
1 1644 1
118 1644 -1
140 1645 1
24 1645 -1
140 1646 1
53 1646 -1
140 1647 1
82 1647 -1
140 1648 1
111 1648 -1
141 1649 1
142 1649 -1
141 1650 1
143 1650 -1
141 1651 1
144 1651 -1
141 1652 1
145 1652 -1
141 1653 1
145 1653 -1
1 1654 1
117 1654 -1
141 1655 1
145 1655 -1
1 1656 1
118 1656 -1
141 1657 1
145 1657 -1
1 1658 1
119 1658 -1
141 1659 1
25 1659 -1
141 1660 1
54 1660 -1
141 1661 1
83 1661 -1
141 1662 1
112 1662 -1
142 1663 1
143 1663 -1
142 1664 1
144 1664 -1
142 1665 1
145 1665 -1
142 1666 1
145 1666 -1
1 1667 1
117 1667 -1
142 1668 1
145 1668 -1
1 1669 1
118 1669 -1
142 1670 1
145 1670 -1
1 1671 1
119 1671 -1
142 1672 1
145 1672 -1
1 1673 1
120 1673 -1
142 1674 1
26 1674 -1
142 1675 1
55 1675 -1
142 1676 1
84 1676 -1
142 1677 1
113 1677 -1
143 1678 1
144 1678 -1
143 1679 1
145 1679 -1
143 1680 1
145 1680 -1
1 1681 1
117 1681 -1
143 1682 1
145 1682 -1
1 1683 1
118 1683 -1
143 1684 1
145 1684 -1
1 1685 1
119 1685 -1
143 1686 1
145 1686 -1
1 1687 1
120 1687 -1
143 1688 1
145 1688 -1
1 1689 1
121 1689 -1
143 1690 1
27 1690 -1
143 1691 1
56 1691 -1
143 1692 1
85 1692 -1
143 1693 1
114 1693 -1
144 1694 1
145 1694 -1
144 1695 1
145 1695 -1
1 1696 1
117 1696 -1
144 1697 1
145 1697 -1
1 1698 1
118 1698 -1
144 1699 1
145 1699 -1
1 1700 1
119 1700 -1
144 1701 1
145 1701 -1
1 1702 1
120 1702 -1
144 1703 1
145 1703 -1
1 1704 1
121 1704 -1
144 1705 1
145 1705 -1
1 1706 1
122 1706 -1
144 1707 1
28 1707 -1
144 1708 1
57 1708 -1
144 1709 1
86 1709 -1
144 1710 1
115 1710 -1
1 1711 1
117 1711 -1
1 1712 1
118 1712 -1
1 1713 1
119 1713 -1
1 1714 1
120 1714 -1
1 1715 1
121 1715 -1
1 1716 1
122 1716 -1
1 1717 1
123 1717 -1
145 1718 1
29 1718 -1
145 1719 1
58 1719 -1
145 1720 1
87 1720 -1
145 1721 1
116 1721 -1
1 1722 1
146 1722 -1
146 1723 1
145 1723 -1
146 1724 1
20 1724 -1
146 1725 1
92 1725 -1
146 1726 1
13 1726 -1
146 1727 1
140 1727 -1
146 1728 1
55 1728 -1
146 1729 1
129 1729 -1
146 1730 1
100 1730 -1
146 1731 1
70 1731 -1
146 1732 1
76 1732 -1
146 1733 1
90 1733 -1
146 1734 1
22 1734 -1
146 1735 1
2 1735 -1
146 1736 1
93 1736 -1
146 1737 1
15 1737 -1
146 1738 1
131 1738 -1
146 1739 1
29 1739 -1
146 1740 1
89 1740 -1
146 1741 1
56 1741 -1
146 1742 1
38 1742 -1
146 1743 1
79 1743 -1
146 1744 1
17 1744 -1
146 1745 1
52 1745 -1
146 1746 1
38 1746 -1
146 1747 1
46 1747 -1
146 1748 1
85 1748 -1
146 1749 1
100 1749 -1
146 1750 1
113 1750 -1
146 1751 1
84 1751 -1
146 1752 1
49 1752 -1
146 1753 1
123 1753 -1
146 1754 1
74 1754 -1
146 1755 1
32 1755 -1
146 1756 1
60 1756 -1
146 1757 1
19 1757 -1
146 1758 1
131 1758 -1
146 1759 1
127 1759 -1
146 1760 1
101 1760 -1
146 1761 1
82 1761 -1
146 1762 1
38 1762 -1
146 1763 1
11 1763 -1
146 1764 1
124 1764 -1
146 1765 1
10 1765 -1
146 1766 1
89 1766 -1
146 1767 1
6 1767 -1
146 1768 1
56 1768 -1
146 1769 1
40 1769 -1
146 1770 1
123 1770 -1
146 1771 1
123 1771 -1
146 1772 1
76 1772 -1
146 1773 1
97 1773 -1
146 1774 1
95 1774 -1
146 1775 1
59 1775 -1
146 1776 1
52 1776 -1
146 1777 1
78 1777 -1
146 1778 1
72 1778 -1
146 1779 1
52 1779 -1
146 1780 1
110 1780 -1
146 1781 1
134 1781 -1
146 1782 1
92 1782 -1
146 1783 1
26 1783 -1
146 1784 1
59 1784 -1
146 1785 1
107 1785 -1
146 1786 1
23 1786 -1
146 1787 1
21 1787 -1
146 1788 1
109 1788 -1
146 1789 1
91 1789 -1
146 1790 1
131 1790 -1
146 1791 1
46 1791 -1
146 1792 1
15 1792 -1
146 1793 1
11 1793 -1
146 1794 1
86 1794 -1
146 1795 1
84 1795 -1
146 1796 1
71 1796 -1
146 1797 1
48 1797 -1
146 1798 1
96 1798 -1
146 1799 1
87 1799 -1
146 1800 1
116 1800 -1
146 1801 1
70 1801 -1
146 1802 1
58 1802 -1
146 1803 1
124 1803 -1
146 1804 1
105 1804 -1
146 1805 1
60 1805 -1
146 1806 1
125 1806 -1
146 1807 1
89 1807 -1
146 1808 1
103 1808 -1
146 1809 1
111 1809 -1
146 1810 1
136 1810 -1
146 1811 1
137 1811 -1
146 1812 1
8 1812 -1
146 1813 1
8 1813 -1
146 1814 1
45 1814 -1
146 1815 1
106 1815 -1
146 1816 1
115 1816 -1
146 1817 1
73 1817 -1
146 1818 1
60 1818 -1
146 1819 1
92 1819 -1
146 1820 1
120 1820 -1
146 1821 1
32 1821 -1
146 1822 1
79 1822 -1
146 1823 1
20 1823 -1
146 1824 1
119 1824 -1
146 1825 1
10 1825 -1
146 1826 1
111 1826 -1
146 1827 1
70 1827 -1
146 1828 1
38 1828 -1
146 1829 1
100 1829 -1
146 1830 1
139 1830 -1
146 1831 1
112 1831 -1
146 1832 1
56 1832 -1
146 1833 1
88 1833 -1
146 1834 1
115 1834 -1
146 1835 1
126 1835 -1
146 1836 1
43 1836 -1
146 1837 1
10 1837 -1
146 1838 1
107 1838 -1
146 1839 1
66 1839 -1
146 1840 1
121 1840 -1
146 1841 1
20 1841 -1
146 1842 1
12 1842 -1
146 1843 1
141 1843 -1
146 1844 1
103 1844 -1
146 1845 1
99 1845 -1
146 1846 1
123 1846 -1
146 1847 1
105 1847 -1
146 1848 1
55 1848 -1
146 1849 1
59 1849 -1
146 1850 1
139 1850 -1
146 1851 1
112 1851 -1
146 1852 1
16 1852 -1
146 1853 1
108 1853 -1
146 1854 1
12 1854 -1
146 1855 1
143 1855 -1
146 1856 1
138 1856 -1
1 1857 1
30 1857 -1
30 1858 1
59 1858 -1
59 1859 1
88 1859 -1
88 1860 1
117 1860 -1
117 1861 1
2 1861 -1
2 1862 1
31 1862 -1
31 1863 1
60 1863 -1
60 1864 1
89 1864 -1
89 1865 1
118 1865 -1
118 1866 1
3 1866 -1
3 1867 1
32 1867 -1
32 1868 1
61 1868 -1
61 1869 1
90 1869 -1
90 1870 1
119 1870 -1
119 1871 1
4 1871 -1
4 1872 1
33 1872 -1
33 1873 1
62 1873 -1
62 1874 1
91 1874 -1
91 1875 1
120 1875 -1
120 1876 1
5 1876 -1
5 1877 1
34 1877 -1
34 1878 1
63 1878 -1
63 1879 1
92 1879 -1
92 1880 1
121 1880 -1
121 1881 1
6 1881 -1
6 1882 1
35 1882 -1
35 1883 1
64 1883 -1
64 1884 1
93 1884 -1
93 1885 1
122 1885 -1
122 1886 1
7 1886 -1
7 1887 1
36 1887 -1
36 1888 1
65 1888 -1
65 1889 1
94 1889 -1
94 1890 1
123 1890 -1
123 1891 1
8 1891 -1
8 1892 1
37 1892 -1
37 1893 1
66 1893 -1
66 1894 1
95 1894 -1
95 1895 1
124 1895 -1
124 1896 1
9 1896 -1
9 1897 1
38 1897 -1
38 1898 1
67 1898 -1
67 1899 1
96 1899 -1
96 1900 1
125 1900 -1
125 1901 1
10 1901 -1
10 1902 1
39 1902 -1
39 1903 1
68 1903 -1
68 1904 1
97 1904 -1
97 1905 1
126 1905 -1
126 1906 1
11 1906 -1
11 1907 1
40 1907 -1
40 1908 1
69 1908 -1
69 1909 1
98 1909 -1
98 1910 1
127 1910 -1
127 1911 1
12 1911 -1
12 1912 1
41 1912 -1
41 1913 1
70 1913 -1
70 1914 1
99 1914 -1
99 1915 1
128 1915 -1
128 1916 1
13 1916 -1
13 1917 1
42 1917 -1
42 1918 1
71 1918 -1
71 1919 1
100 1919 -1
100 1920 1
129 1920 -1
129 1921 1
14 1921 -1
14 1922 1
43 1922 -1
43 1923 1
72 1923 -1
72 1924 1
101 1924 -1
101 1925 1
130 1925 -1
130 1926 1
15 1926 -1
15 1927 1
44 1927 -1
44 1928 1
73 1928 -1
73 1929 1
102 1929 -1
102 1930 1
131 1930 -1
131 1931 1
16 1931 -1
16 1932 1
45 1932 -1
45 1933 1
74 1933 -1
74 1934 1
103 1934 -1
103 1935 1
132 1935 -1
132 1936 1
17 1936 -1
17 1937 1
46 1937 -1
46 1938 1
75 1938 -1
75 1939 1
104 1939 -1
104 1940 1
133 1940 -1
133 1941 1
18 1941 -1
18 1942 1
47 1942 -1
47 1943 1
76 1943 -1
76 1944 1
105 1944 -1
105 1945 1
134 1945 -1
134 1946 1
19 1946 -1
19 1947 1
48 1947 -1
48 1948 1
77 1948 -1
77 1949 1
106 1949 -1
106 1950 1
135 1950 -1
135 1951 1
20 1951 -1
20 1952 1
49 1952 -1
49 1953 1
78 1953 -1
78 1954 1
107 1954 -1
107 1955 1
136 1955 -1
136 1956 1
21 1956 -1
21 1957 1
50 1957 -1
50 1958 1
79 1958 -1
79 1959 1
108 1959 -1
108 1960 1
137 1960 -1
137 1961 1
22 1961 -1
22 1962 1
51 1962 -1
51 1963 1
80 1963 -1
80 1964 1
109 1964 -1
109 1965 1
138 1965 -1
138 1966 1
23 1966 -1
23 1967 1
52 1967 -1
52 1968 1
81 1968 -1
81 1969 1
110 1969 -1
110 1970 1
139 1970 -1
139 1971 1
24 1971 -1
24 1972 1
53 1972 -1
53 1973 1
82 1973 -1
82 1974 1
111 1974 -1
111 1975 1
140 1975 -1
140 1976 1
25 1976 -1
25 1977 1
54 1977 -1
54 1978 1
83 1978 -1
83 1979 1
112 1979 -1
112 1980 1
141 1980 -1
141 1981 1
26 1981 -1
26 1982 1
55 1982 -1
55 1983 1
84 1983 -1
84 1984 1
113 1984 -1
113 1985 1
142 1985 -1
142 1986 1
27 1986 -1
27 1987 1
56 1987 -1
56 1988 1
85 1988 -1
85 1989 1
114 1989 -1
114 1990 1
143 1990 -1
143 1991 1
28 1991 -1
28 1992 1
57 1992 -1
57 1993 1
86 1993 -1
86 1994 1
115 1994 -1
115 1995 1
144 1995 -1
144 1996 1
29 1996 -1
29 1997 1
58 1997 -1
58 1998 1
87 1998 -1
87 1999 1
116 1999 -1
116 2000 1
145 2000 -1
