1 1 1
2 1 -1
1 2 1
3 2 -1
1 3 1
4 3 -1
1 4 1
5 4 -1
1 5 1
6 5 -1
1 6 1
7 6 -1
1 7 1
8 7 -1
1 8 1
9 8 -1
1 9 1
10 9 -1
1 10 1
18 10 -1
1 11 1
35 11 -1
1 12 1
52 12 -1
1 13 1
69 13 -1
2 14 1
3 14 -1
2 15 1
4 15 -1
2 16 1
5 16 -1
2 17 1
6 17 -1
2 18 1
7 18 -1
2 19 1
8 19 -1
2 20 1
9 20 -1
2 21 1
10 21 -1
2 22 1
11 22 -1
2 23 1
19 23 -1
2 24 1
36 24 -1
2 25 1
53 25 -1
2 26 1
70 26 -1
3 27 1
4 27 -1
3 28 1
5 28 -1
3 29 1
6 29 -1
3 30 1
7 30 -1
3 31 1
8 31 -1
3 32 1
9 32 -1
3 33 1
10 33 -1
3 34 1
11 34 -1
3 35 1
12 35 -1
3 36 1
20 36 -1
3 37 1
37 37 -1
3 38 1
54 38 -1
3 39 1
71 39 -1
4 40 1
5 40 -1
4 41 1
6 41 -1
4 42 1
7 42 -1
4 43 1
8 43 -1
4 44 1
9 44 -1
4 45 1
10 45 -1
4 46 1
11 46 -1
4 47 1
12 47 -1
4 48 1
13 48 -1
4 49 1
21 49 -1
4 50 1
38 50 -1
4 51 1
55 51 -1
4 52 1
72 52 -1
5 53 1
6 53 -1
5 54 1
7 54 -1
5 55 1
8 55 -1
5 56 1
9 56 -1
5 57 1
10 57 -1
5 58 1
11 58 -1
5 59 1
12 59 -1
5 60 1
13 60 -1
5 61 1
14 61 -1
5 62 1
22 62 -1
5 63 1
39 63 -1
5 64 1
56 64 -1
5 65 1
73 65 -1
6 66 1
7 66 -1
6 67 1
8 67 -1
6 68 1
9 68 -1
6 69 1
10 69 -1
6 70 1
11 70 -1
6 71 1
12 71 -1
6 72 1
13 72 -1
6 73 1
14 73 -1
6 74 1
15 74 -1
6 75 1
23 75 -1
6 76 1
40 76 -1
6 77 1
57 77 -1
6 78 1
74 78 -1
7 79 1
8 79 -1
7 80 1
9 80 -1
7 81 1
10 81 -1
7 82 1
11 82 -1
7 83 1
12 83 -1
7 84 1
13 84 -1
7 85 1
14 85 -1
7 86 1
15 86 -1
7 87 1
16 87 -1
7 88 1
24 88 -1
7 89 1
41 89 -1
7 90 1
58 90 -1
7 91 1
75 91 -1
8 92 1
9 92 -1
8 93 1
10 93 -1
8 94 1
11 94 -1
8 95 1
12 95 -1
8 96 1
13 96 -1
8 97 1
14 97 -1
8 98 1
15 98 -1
8 99 1
16 99 -1
8 100 1
17 100 -1
8 101 1
25 101 -1
8 102 1
42 102 -1
8 103 1
59 103 -1
8 104 1
76 104 -1
9 105 1
10 105 -1
9 106 1
11 106 -1
9 107 1
12 107 -1
9 108 1
13 108 -1
9 109 1
14 109 -1
9 110 1
15 110 -1
9 111 1
16 111 -1
9 112 1
17 112 -1
9 113 1
119 113 -1
9 114 1
26 114 -1
9 115 1
43 115 -1
9 116 1
60 116 -1
9 117 1
77 117 -1
10 118 1
11 118 -1
10 119 1
12 119 -1
10 120 1
13 120 -1
10 121 1
14 121 -1
10 122 1
15 122 -1
10 123 1
16 123 -1
10 124 1
17 124 -1
10 125 1
119 125 -1
10 126 1
119 126 -1
1 127 1
2 127 -1
10 128 1
27 128 -1
10 129 1
44 129 -1
10 130 1
61 130 -1
10 131 1
78 131 -1
11 132 1
12 132 -1
11 133 1
13 133 -1
11 134 1
14 134 -1
11 135 1
15 135 -1
11 136 1
16 136 -1
11 137 1
17 137 -1
11 138 1
119 138 -1
11 139 1
119 139 -1
1 140 1
2 140 -1
11 141 1
119 141 -1
1 142 1
3 142 -1
11 143 1
28 143 -1
11 144 1
45 144 -1
11 145 1
62 145 -1
11 146 1
79 146 -1
12 147 1
13 147 -1
12 148 1
14 148 -1
12 149 1
15 149 -1
12 150 1
16 150 -1
12 151 1
17 151 -1
12 152 1
119 152 -1
12 153 1
119 153 -1
1 154 1
2 154 -1
12 155 1
119 155 -1
1 156 1
3 156 -1
12 157 1
119 157 -1
1 158 1
4 158 -1
12 159 1
29 159 -1
12 160 1
46 160 -1
12 161 1
63 161 -1
12 162 1
80 162 -1
13 163 1
14 163 -1
13 164 1
15 164 -1
13 165 1
16 165 -1
13 166 1
17 166 -1
13 167 1
119 167 -1
13 168 1
119 168 -1
1 169 1
2 169 -1
13 170 1
119 170 -1
1 171 1
3 171 -1
13 172 1
119 172 -1
1 173 1
4 173 -1
13 174 1
119 174 -1
1 175 1
5 175 -1
13 176 1
30 176 -1
13 177 1
47 177 -1
13 178 1
64 178 -1
13 179 1
81 179 -1
14 180 1
15 180 -1
14 181 1
16 181 -1
14 182 1
17 182 -1
14 183 1
119 183 -1
14 184 1
119 184 -1
1 185 1
2 185 -1
14 186 1
119 186 -1
1 187 1
3 187 -1
14 188 1
119 188 -1
1 189 1
4 189 -1
14 190 1
119 190 -1
1 191 1
5 191 -1
14 192 1
119 192 -1
1 193 1
6 193 -1
14 194 1
31 194 -1
14 195 1
48 195 -1
14 196 1
65 196 -1
14 197 1
82 197 -1
15 198 1
16 198 -1
15 199 1
17 199 -1
15 200 1
119 200 -1
15 201 1
119 201 -1
1 202 1
2 202 -1
15 203 1
119 203 -1
1 204 1
3 204 -1
15 205 1
119 205 -1
1 206 1
4 206 -1
15 207 1
119 207 -1
1 208 1
5 208 -1
15 209 1
119 209 -1
1 210 1
6 210 -1
15 211 1
119 211 -1
1 212 1
7 212 -1
15 213 1
32 213 -1
15 214 1
49 214 -1
15 215 1
66 215 -1
15 216 1
83 216 -1
16 217 1
17 217 -1
16 218 1
119 218 -1
16 219 1
119 219 -1
1 220 1
2 220 -1
16 221 1
119 221 -1
1 222 1
3 222 -1
16 223 1
119 223 -1
1 224 1
4 224 -1
16 225 1
119 225 -1
1 226 1
5 226 -1
16 227 1
119 227 -1
1 228 1
6 228 -1
16 229 1
119 229 -1
1 230 1
7 230 -1
16 231 1
119 231 -1
1 232 1
8 232 -1
16 233 1
33 233 -1
16 234 1
50 234 -1
16 235 1
67 235 -1
16 236 1
84 236 -1
17 237 1
119 237 -1
17 238 1
119 238 -1
1 239 1
2 239 -1
17 240 1
119 240 -1
1 241 1
3 241 -1
17 242 1
119 242 -1
1 243 1
4 243 -1
17 244 1
119 244 -1
1 245 1
5 245 -1
17 246 1
119 246 -1
1 247 1
6 247 -1
17 248 1
119 248 -1
1 249 1
7 249 -1
17 250 1
119 250 -1
1 251 1
8 251 -1
17 252 1
119 252 -1
1 253 1
9 253 -1
17 254 1
34 254 -1
17 255 1
51 255 -1
17 256 1
68 256 -1
17 257 1
85 257 -1
18 258 1
19 258 -1
18 259 1
20 259 -1
18 260 1
21 260 -1
18 261 1
22 261 -1
18 262 1
23 262 -1
18 263 1
24 263 -1
18 264 1
25 264 -1
18 265 1
26 265 -1
18 266 1
27 266 -1
18 267 1
35 267 -1
18 268 1
52 268 -1
18 269 1
69 269 -1
18 270 1
86 270 -1
19 271 1
20 271 -1
19 272 1
21 272 -1
19 273 1
22 273 -1
19 274 1
23 274 -1
19 275 1
24 275 -1
19 276 1
25 276 -1
19 277 1
26 277 -1
19 278 1
27 278 -1
19 279 1
28 279 -1
19 280 1
36 280 -1
19 281 1
53 281 -1
19 282 1
70 282 -1
19 283 1
87 283 -1
20 284 1
21 284 -1
20 285 1
22 285 -1
20 286 1
23 286 -1
20 287 1
24 287 -1
20 288 1
25 288 -1
20 289 1
26 289 -1
20 290 1
27 290 -1
20 291 1
28 291 -1
20 292 1
29 292 -1
20 293 1
37 293 -1
20 294 1
54 294 -1
20 295 1
71 295 -1
20 296 1
88 296 -1
21 297 1
22 297 -1
21 298 1
23 298 -1
21 299 1
24 299 -1
21 300 1
25 300 -1
21 301 1
26 301 -1
21 302 1
27 302 -1
21 303 1
28 303 -1
21 304 1
29 304 -1
21 305 1
30 305 -1
21 306 1
38 306 -1
21 307 1
55 307 -1
21 308 1
72 308 -1
21 309 1
89 309 -1
22 310 1
23 310 -1
22 311 1
24 311 -1
22 312 1
25 312 -1
22 313 1
26 313 -1
22 314 1
27 314 -1
22 315 1
28 315 -1
22 316 1
29 316 -1
22 317 1
30 317 -1
22 318 1
31 318 -1
22 319 1
39 319 -1
22 320 1
56 320 -1
22 321 1
73 321 -1
22 322 1
90 322 -1
23 323 1
24 323 -1
23 324 1
25 324 -1
23 325 1
26 325 -1
23 326 1
27 326 -1
23 327 1
28 327 -1
23 328 1
29 328 -1
23 329 1
30 329 -1
23 330 1
31 330 -1
23 331 1
32 331 -1
23 332 1
40 332 -1
23 333 1
57 333 -1
23 334 1
74 334 -1
23 335 1
91 335 -1
24 336 1
25 336 -1
24 337 1
26 337 -1
24 338 1
27 338 -1
24 339 1
28 339 -1
24 340 1
29 340 -1
24 341 1
30 341 -1
24 342 1
31 342 -1
24 343 1
32 343 -1
24 344 1
33 344 -1
24 345 1
41 345 -1
24 346 1
58 346 -1
24 347 1
75 347 -1
24 348 1
92 348 -1
25 349 1
26 349 -1
25 350 1
27 350 -1
25 351 1
28 351 -1
25 352 1
29 352 -1
25 353 1
30 353 -1
25 354 1
31 354 -1
25 355 1
32 355 -1
25 356 1
33 356 -1
25 357 1
34 357 -1
25 358 1
42 358 -1
25 359 1
59 359 -1
25 360 1
76 360 -1
25 361 1
93 361 -1
26 362 1
27 362 -1
26 363 1
28 363 -1
26 364 1
29 364 -1
26 365 1
30 365 -1
26 366 1
31 366 -1
26 367 1
32 367 -1
26 368 1
33 368 -1
26 369 1
34 369 -1
26 370 1
119 370 -1
1 371 1
18 371 -1
26 372 1
43 372 -1
26 373 1
60 373 -1
26 374 1
77 374 -1
26 375 1
94 375 -1
27 376 1
28 376 -1
27 377 1
29 377 -1
27 378 1
30 378 -1
27 379 1
31 379 -1
27 380 1
32 380 -1
27 381 1
33 381 -1
27 382 1
34 382 -1
27 383 1
119 383 -1
1 384 1
18 384 -1
27 385 1
119 385 -1
1 386 1
19 386 -1
27 387 1
44 387 -1
27 388 1
61 388 -1
27 389 1
78 389 -1
27 390 1
95 390 -1
28 391 1
29 391 -1
28 392 1
30 392 -1
28 393 1
31 393 -1
28 394 1
32 394 -1
28 395 1
33 395 -1
28 396 1
34 396 -1
28 397 1
119 397 -1
1 398 1
18 398 -1
28 399 1
119 399 -1
1 400 1
19 400 -1
28 401 1
119 401 -1
1 402 1
20 402 -1
28 403 1
45 403 -1
28 404 1
62 404 -1
28 405 1
79 405 -1
28 406 1
96 406 -1
29 407 1
30 407 -1
29 408 1
31 408 -1
29 409 1
32 409 -1
29 410 1
33 410 -1
29 411 1
34 411 -1
29 412 1
119 412 -1
1 413 1
18 413 -1
29 414 1
119 414 -1
1 415 1
19 415 -1
29 416 1
119 416 -1
1 417 1
20 417 -1
29 418 1
119 418 -1
1 419 1
21 419 -1
29 420 1
46 420 -1
29 421 1
63 421 -1
29 422 1
80 422 -1
29 423 1
97 423 -1
30 424 1
31 424 -1
30 425 1
32 425 -1
30 426 1
33 426 -1
30 427 1
34 427 -1
30 428 1
119 428 -1
1 429 1
18 429 -1
30 430 1
119 430 -1
1 431 1
19 431 -1
30 432 1
119 432 -1
1 433 1
20 433 -1
30 434 1
119 434 -1
1 435 1
21 435 -1
30 436 1
119 436 -1
1 437 1
22 437 -1
30 438 1
47 438 -1
30 439 1
64 439 -1
30 440 1
81 440 -1
30 441 1
98 441 -1
31 442 1
32 442 -1
31 443 1
33 443 -1
31 444 1
34 444 -1
31 445 1
119 445 -1
1 446 1
18 446 -1
31 447 1
119 447 -1
1 448 1
19 448 -1
31 449 1
119 449 -1
1 450 1
20 450 -1
31 451 1
119 451 -1
1 452 1
21 452 -1
31 453 1
119 453 -1
1 454 1
22 454 -1
31 455 1
119 455 -1
1 456 1
23 456 -1
31 457 1
48 457 -1
31 458 1
65 458 -1
31 459 1
82 459 -1
31 460 1
99 460 -1
32 461 1
33 461 -1
32 462 1
34 462 -1
32 463 1
119 463 -1
1 464 1
18 464 -1
32 465 1
119 465 -1
1 466 1
19 466 -1
32 467 1
119 467 -1
1 468 1
20 468 -1
32 469 1
119 469 -1
1 470 1
21 470 -1
32 471 1
119 471 -1
1 472 1
22 472 -1
32 473 1
119 473 -1
1 474 1
23 474 -1
32 475 1
119 475 -1
1 476 1
24 476 -1
32 477 1
49 477 -1
32 478 1
66 478 -1
32 479 1
83 479 -1
32 480 1
100 480 -1
33 481 1
34 481 -1
33 482 1
119 482 -1
1 483 1
18 483 -1
33 484 1
119 484 -1
1 485 1
19 485 -1
33 486 1
119 486 -1
1 487 1
20 487 -1
33 488 1
119 488 -1
1 489 1
21 489 -1
33 490 1
119 490 -1
1 491 1
22 491 -1
33 492 1
119 492 -1
1 493 1
23 493 -1
33 494 1
119 494 -1
1 495 1
24 495 -1
33 496 1
119 496 -1
1 497 1
25 497 -1
33 498 1
50 498 -1
33 499 1
67 499 -1
33 500 1
84 500 -1
33 501 1
101 501 -1
34 502 1
119 502 -1
1 503 1
18 503 -1
34 504 1
119 504 -1
1 505 1
19 505 -1
34 506 1
119 506 -1
1 507 1
20 507 -1
34 508 1
119 508 -1
1 509 1
21 509 -1
34 510 1
119 510 -1
1 511 1
22 511 -1
34 512 1
119 512 -1
1 513 1
23 513 -1
34 514 1
119 514 -1
1 515 1
24 515 -1
34 516 1
119 516 -1
1 517 1
25 517 -1
34 518 1
119 518 -1
1 519 1
26 519 -1
34 520 1
51 520 -1
34 521 1
68 521 -1
34 522 1
85 522 -1
34 523 1
102 523 -1
35 524 1
36 524 -1
35 525 1
37 525 -1
35 526 1
38 526 -1
35 527 1
39 527 -1
35 528 1
40 528 -1
35 529 1
41 529 -1
35 530 1
42 530 -1
35 531 1
43 531 -1
35 532 1
44 532 -1
35 533 1
52 533 -1
35 534 1
69 534 -1
35 535 1
86 535 -1
35 536 1
103 536 -1
36 537 1
37 537 -1
36 538 1
38 538 -1
36 539 1
39 539 -1
36 540 1
40 540 -1
36 541 1
41 541 -1
36 542 1
42 542 -1
36 543 1
43 543 -1
36 544 1
44 544 -1
36 545 1
45 545 -1
36 546 1
53 546 -1
36 547 1
70 547 -1
36 548 1
87 548 -1
36 549 1
104 549 -1
37 550 1
38 550 -1
37 551 1
39 551 -1
37 552 1
40 552 -1
37 553 1
41 553 -1
37 554 1
42 554 -1
37 555 1
43 555 -1
37 556 1
44 556 -1
37 557 1
45 557 -1
37 558 1
46 558 -1
37 559 1
54 559 -1
37 560 1
71 560 -1
37 561 1
88 561 -1
37 562 1
105 562 -1
38 563 1
39 563 -1
38 564 1
40 564 -1
38 565 1
41 565 -1
38 566 1
42 566 -1
38 567 1
43 567 -1
38 568 1
44 568 -1
38 569 1
45 569 -1
38 570 1
46 570 -1
38 571 1
47 571 -1
38 572 1
55 572 -1
38 573 1
72 573 -1
38 574 1
89 574 -1
38 575 1
106 575 -1
39 576 1
40 576 -1
39 577 1
41 577 -1
39 578 1
42 578 -1
39 579 1
43 579 -1
39 580 1
44 580 -1
39 581 1
45 581 -1
39 582 1
46 582 -1
39 583 1
47 583 -1
39 584 1
48 584 -1
39 585 1
56 585 -1
39 586 1
73 586 -1
39 587 1
90 587 -1
39 588 1
107 588 -1
40 589 1
41 589 -1
40 590 1
42 590 -1
40 591 1
43 591 -1
40 592 1
44 592 -1
40 593 1
45 593 -1
40 594 1
46 594 -1
40 595 1
47 595 -1
40 596 1
48 596 -1
40 597 1
49 597 -1
40 598 1
57 598 -1
40 599 1
74 599 -1
40 600 1
91 600 -1
40 601 1
108 601 -1
41 602 1
42 602 -1
41 603 1
43 603 -1
41 604 1
44 604 -1
41 605 1
45 605 -1
41 606 1
46 606 -1
41 607 1
47 607 -1
41 608 1
48 608 -1
41 609 1
49 609 -1
41 610 1
50 610 -1
41 611 1
58 611 -1
41 612 1
75 612 -1
41 613 1
92 613 -1
41 614 1
109 614 -1
42 615 1
43 615 -1
42 616 1
44 616 -1
42 617 1
45 617 -1
42 618 1
46 618 -1
42 619 1
47 619 -1
42 620 1
48 620 -1
42 621 1
49 621 -1
42 622 1
50 622 -1
42 623 1
51 623 -1
42 624 1
59 624 -1
42 625 1
76 625 -1
42 626 1
93 626 -1
42 627 1
110 627 -1
43 628 1
44 628 -1
43 629 1
45 629 -1
43 630 1
46 630 -1
43 631 1
47 631 -1
43 632 1
48 632 -1
43 633 1
49 633 -1
43 634 1
50 634 -1
43 635 1
51 635 -1
43 636 1
119 636 -1
1 637 1
35 637 -1
43 638 1
60 638 -1
43 639 1
77 639 -1
43 640 1
94 640 -1
43 641 1
111 641 -1
44 642 1
45 642 -1
44 643 1
46 643 -1
44 644 1
47 644 -1
44 645 1
48 645 -1
44 646 1
49 646 -1
44 647 1
50 647 -1
44 648 1
51 648 -1
44 649 1
119 649 -1
1 650 1
35 650 -1
44 651 1
119 651 -1
1 652 1
36 652 -1
44 653 1
61 653 -1
44 654 1
78 654 -1
44 655 1
95 655 -1
44 656 1
112 656 -1
45 657 1
46 657 -1
45 658 1
47 658 -1
45 659 1
48 659 -1
45 660 1
49 660 -1
45 661 1
50 661 -1
45 662 1
51 662 -1
45 663 1
119 663 -1
1 664 1
35 664 -1
45 665 1
119 665 -1
1 666 1
36 666 -1
45 667 1
119 667 -1
1 668 1
37 668 -1
45 669 1
62 669 -1
45 670 1
79 670 -1
45 671 1
96 671 -1
45 672 1
113 672 -1
46 673 1
47 673 -1
46 674 1
48 674 -1
46 675 1
49 675 -1
46 676 1
50 676 -1
46 677 1
51 677 -1
46 678 1
119 678 -1
1 679 1
35 679 -1
46 680 1
119 680 -1
1 681 1
36 681 -1
46 682 1
119 682 -1
1 683 1
37 683 -1
46 684 1
119 684 -1
1 685 1
38 685 -1
46 686 1
63 686 -1
46 687 1
80 687 -1
46 688 1
97 688 -1
46 689 1
114 689 -1
47 690 1
48 690 -1
47 691 1
49 691 -1
47 692 1
50 692 -1
47 693 1
51 693 -1
47 694 1
119 694 -1
1 695 1
35 695 -1
47 696 1
119 696 -1
1 697 1
36 697 -1
47 698 1
119 698 -1
1 699 1
37 699 -1
47 700 1
119 700 -1
1 701 1
38 701 -1
47 702 1
119 702 -1
1 703 1
39 703 -1
47 704 1
64 704 -1
47 705 1
81 705 -1
47 706 1
98 706 -1
47 707 1
115 707 -1
48 708 1
49 708 -1
48 709 1
50 709 -1
48 710 1
51 710 -1
48 711 1
119 711 -1
1 712 1
35 712 -1
48 713 1
119 713 -1
1 714 1
36 714 -1
48 715 1
119 715 -1
1 716 1
37 716 -1
48 717 1
119 717 -1
1 718 1
38 718 -1
48 719 1
119 719 -1
1 720 1
39 720 -1
48 721 1
119 721 -1
1 722 1
40 722 -1
48 723 1
65 723 -1
48 724 1
82 724 -1
48 725 1
99 725 -1
48 726 1
116 726 -1
49 727 1
50 727 -1
49 728 1
51 728 -1
49 729 1
119 729 -1
1 730 1
35 730 -1
49 731 1
119 731 -1
1 732 1
36 732 -1
49 733 1
119 733 -1
1 734 1
37 734 -1
49 735 1
119 735 -1
1 736 1
38 736 -1
49 737 1
119 737 -1
1 738 1
39 738 -1
49 739 1
119 739 -1
1 740 1
40 740 -1
49 741 1
119 741 -1
1 742 1
41 742 -1
49 743 1
66 743 -1
49 744 1
83 744 -1
49 745 1
100 745 -1
49 746 1
117 746 -1
50 747 1
51 747 -1
50 748 1
119 748 -1
1 749 1
35 749 -1
50 750 1
119 750 -1
1 751 1
36 751 -1
50 752 1
119 752 -1
1 753 1
37 753 -1
50 754 1
119 754 -1
1 755 1
38 755 -1
50 756 1
119 756 -1
1 757 1
39 757 -1
50 758 1
119 758 -1
1 759 1
40 759 -1
50 760 1
119 760 -1
1 761 1
41 761 -1
50 762 1
119 762 -1
1 763 1
42 763 -1
50 764 1
67 764 -1
50 765 1
84 765 -1
50 766 1
101 766 -1
50 767 1
118 767 -1
51 768 1
119 768 -1
1 769 1
35 769 -1
51 770 1
119 770 -1
1 771 1
36 771 -1
51 772 1
119 772 -1
1 773 1
37 773 -1
51 774 1
119 774 -1
1 775 1
38 775 -1
51 776 1
119 776 -1
1 777 1
39 777 -1
51 778 1
119 778 -1
1 779 1
40 779 -1
51 780 1
119 780 -1
1 781 1
41 781 -1
51 782 1
119 782 -1
1 783 1
42 783 -1
51 784 1
119 784 -1
1 785 1
43 785 -1
51 786 1
68 786 -1
51 787 1
85 787 -1
51 788 1
102 788 -1
51 789 1
119 789 -1
52 790 1
53 790 -1
52 791 1
54 791 -1
52 792 1
55 792 -1
52 793 1
56 793 -1
52 794 1
57 794 -1
52 795 1
58 795 -1
52 796 1
59 796 -1
52 797 1
60 797 -1
52 798 1
61 798 -1
52 799 1
69 799 -1
52 800 1
86 800 -1
52 801 1
103 801 -1
52 802 1
1 802 -1
53 803 1
54 803 -1
53 804 1
55 804 -1
53 805 1
56 805 -1
53 806 1
57 806 -1
53 807 1
58 807 -1
53 808 1
59 808 -1
53 809 1
60 809 -1
53 810 1
61 810 -1
53 811 1
62 811 -1
53 812 1
70 812 -1
53 813 1
87 813 -1
53 814 1
104 814 -1
53 815 1
2 815 -1
54 816 1
55 816 -1
54 817 1
56 817 -1
54 818 1
57 818 -1
54 819 1
58 819 -1
54 820 1
59 820 -1
54 821 1
60 821 -1
54 822 1
61 822 -1
54 823 1
62 823 -1
54 824 1
63 824 -1
54 825 1
71 825 -1
54 826 1
88 826 -1
54 827 1
105 827 -1
54 828 1
3 828 -1
55 829 1
56 829 -1
55 830 1
57 830 -1
55 831 1
58 831 -1
55 832 1
59 832 -1
55 833 1
60 833 -1
55 834 1
61 834 -1
55 835 1
62 835 -1
55 836 1
63 836 -1
55 837 1
64 837 -1
55 838 1
72 838 -1
55 839 1
89 839 -1
55 840 1
106 840 -1
55 841 1
4 841 -1
56 842 1
57 842 -1
56 843 1
58 843 -1
56 844 1
59 844 -1
56 845 1
60 845 -1
56 846 1
61 846 -1
56 847 1
62 847 -1
56 848 1
63 848 -1
56 849 1
64 849 -1
56 850 1
65 850 -1
56 851 1
73 851 -1
56 852 1
90 852 -1
56 853 1
107 853 -1
56 854 1
5 854 -1
57 855 1
58 855 -1
57 856 1
59 856 -1
57 857 1
60 857 -1
57 858 1
61 858 -1
57 859 1
62 859 -1
57 860 1
63 860 -1
57 861 1
64 861 -1
57 862 1
65 862 -1
57 863 1
66 863 -1
57 864 1
74 864 -1
57 865 1
91 865 -1
57 866 1
108 866 -1
57 867 1
6 867 -1
58 868 1
59 868 -1
58 869 1
60 869 -1
58 870 1
61 870 -1
58 871 1
62 871 -1
58 872 1
63 872 -1
58 873 1
64 873 -1
58 874 1
65 874 -1
58 875 1
66 875 -1
58 876 1
67 876 -1
58 877 1
75 877 -1
58 878 1
92 878 -1
58 879 1
109 879 -1
58 880 1
7 880 -1
59 881 1
60 881 -1
59 882 1
61 882 -1
59 883 1
62 883 -1
59 884 1
63 884 -1
59 885 1
64 885 -1
59 886 1
65 886 -1
59 887 1
66 887 -1
59 888 1
67 888 -1
59 889 1
68 889 -1
59 890 1
76 890 -1
59 891 1
93 891 -1
59 892 1
110 892 -1
59 893 1
8 893 -1
60 894 1
61 894 -1
60 895 1
62 895 -1
60 896 1
63 896 -1
60 897 1
64 897 -1
60 898 1
65 898 -1
60 899 1
66 899 -1
60 900 1
67 900 -1
60 901 1
68 901 -1
60 902 1
119 902 -1
1 903 1
52 903 -1
60 904 1
77 904 -1
60 905 1
94 905 -1
60 906 1
111 906 -1
60 907 1
9 907 -1
61 908 1
62 908 -1
61 909 1
63 909 -1
61 910 1
64 910 -1
61 911 1
65 911 -1
61 912 1
66 912 -1
61 913 1
67 913 -1
61 914 1
68 914 -1
61 915 1
119 915 -1
1 916 1
52 916 -1
61 917 1
119 917 -1
1 918 1
53 918 -1
61 919 1
78 919 -1
61 920 1
95 920 -1
61 921 1
112 921 -1
61 922 1
10 922 -1
62 923 1
63 923 -1
62 924 1
64 924 -1
62 925 1
65 925 -1
62 926 1
66 926 -1
62 927 1
67 927 -1
62 928 1
68 928 -1
62 929 1
119 929 -1
1 930 1
52 930 -1
62 931 1
119 931 -1
1 932 1
53 932 -1
62 933 1
119 933 -1
1 934 1
54 934 -1
62 935 1
79 935 -1
62 936 1
96 936 -1
62 937 1
113 937 -1
62 938 1
11 938 -1
63 939 1
64 939 -1
63 940 1
65 940 -1
63 941 1
66 941 -1
63 942 1
67 942 -1
63 943 1
68 943 -1
63 944 1
119 944 -1
1 945 1
52 945 -1
63 946 1
119 946 -1
1 947 1
53 947 -1
63 948 1
119 948 -1
1 949 1
54 949 -1
63 950 1
119 950 -1
1 951 1
55 951 -1
63 952 1
80 952 -1
63 953 1
97 953 -1
63 954 1
114 954 -1
63 955 1
12 955 -1
64 956 1
65 956 -1
64 957 1
66 957 -1
64 958 1
67 958 -1
64 959 1
68 959 -1
64 960 1
119 960 -1
1 961 1
52 961 -1
64 962 1
119 962 -1
1 963 1
53 963 -1
64 964 1
119 964 -1
1 965 1
54 965 -1
64 966 1
119 966 -1
1 967 1
55 967 -1
64 968 1
119 968 -1
1 969 1
56 969 -1
64 970 1
81 970 -1
64 971 1
98 971 -1
64 972 1
115 972 -1
64 973 1
13 973 -1
65 974 1
66 974 -1
65 975 1
67 975 -1
65 976 1
68 976 -1
65 977 1
119 977 -1
1 978 1
52 978 -1
65 979 1
119 979 -1
1 980 1
53 980 -1
65 981 1
119 981 -1
1 982 1
54 982 -1
65 983 1
119 983 -1
1 984 1
55 984 -1
65 985 1
119 985 -1
1 986 1
56 986 -1
65 987 1
119 987 -1
1 988 1
57 988 -1
65 989 1
82 989 -1
65 990 1
99 990 -1
65 991 1
116 991 -1
65 992 1
14 992 -1
66 993 1
67 993 -1
66 994 1
68 994 -1
66 995 1
119 995 -1
1 996 1
52 996 -1
66 997 1
119 997 -1
1 998 1
53 998 -1
66 999 1
119 999 -1
1 1000 1
54 1000 -1
66 1001 1
119 1001 -1
1 1002 1
55 1002 -1
66 1003 1
119 1003 -1
1 1004 1
56 1004 -1
66 1005 1
119 1005 -1
1 1006 1
57 1006 -1
66 1007 1
119 1007 -1
1 1008 1
58 1008 -1
66 1009 1
83 1009 -1
66 1010 1
100 1010 -1
66 1011 1
117 1011 -1
66 1012 1
15 1012 -1
67 1013 1
68 1013 -1
67 1014 1
119 1014 -1
1 1015 1
52 1015 -1
67 1016 1
119 1016 -1
1 1017 1
53 1017 -1
67 1018 1
119 1018 -1
1 1019 1
54 1019 -1
67 1020 1
119 1020 -1
1 1021 1
55 1021 -1
67 1022 1
119 1022 -1
1 1023 1
56 1023 -1
67 1024 1
119 1024 -1
1 1025 1
57 1025 -1
67 1026 1
119 1026 -1
1 1027 1
58 1027 -1
67 1028 1
119 1028 -1
1 1029 1
59 1029 -1
67 1030 1
84 1030 -1
67 1031 1
101 1031 -1
67 1032 1
118 1032 -1
67 1033 1
16 1033 -1
68 1034 1
119 1034 -1
1 1035 1
52 1035 -1
68 1036 1
119 1036 -1
1 1037 1
53 1037 -1
68 1038 1
119 1038 -1
1 1039 1
54 1039 -1
68 1040 1
119 1040 -1
1 1041 1
55 1041 -1
68 1042 1
119 1042 -1
1 1043 1
56 1043 -1
68 1044 1
119 1044 -1
1 1045 1
57 1045 -1
68 1046 1
119 1046 -1
1 1047 1
58 1047 -1
68 1048 1
119 1048 -1
1 1049 1
59 1049 -1
68 1050 1
119 1050 -1
1 1051 1
60 1051 -1
68 1052 1
85 1052 -1
68 1053 1
102 1053 -1
68 1054 1
119 1054 -1
68 1055 1
17 1055 -1
69 1056 1
70 1056 -1
69 1057 1
71 1057 -1
69 1058 1
72 1058 -1
69 1059 1
73 1059 -1
69 1060 1
74 1060 -1
69 1061 1
75 1061 -1
69 1062 1
76 1062 -1
69 1063 1
77 1063 -1
69 1064 1
78 1064 -1
69 1065 1
86 1065 -1
69 1066 1
103 1066 -1
69 1067 1
1 1067 -1
69 1068 1
18 1068 -1
70 1069 1
71 1069 -1
70 1070 1
72 1070 -1
70 1071 1
73 1071 -1
70 1072 1
74 1072 -1
70 1073 1
75 1073 -1
70 1074 1
76 1074 -1
70 1075 1
77 1075 -1
70 1076 1
78 1076 -1
70 1077 1
79 1077 -1
70 1078 1
87 1078 -1
70 1079 1
104 1079 -1
70 1080 1
2 1080 -1
70 1081 1
19 1081 -1
71 1082 1
72 1082 -1
71 1083 1
73 1083 -1
71 1084 1
74 1084 -1
71 1085 1
75 1085 -1
71 1086 1
76 1086 -1
71 1087 1
77 1087 -1
71 1088 1
78 1088 -1
71 1089 1
79 1089 -1
71 1090 1
80 1090 -1
71 1091 1
88 1091 -1
71 1092 1
105 1092 -1
71 1093 1
3 1093 -1
71 1094 1
20 1094 -1
72 1095 1
73 1095 -1
72 1096 1
74 1096 -1
72 1097 1
75 1097 -1
72 1098 1
76 1098 -1
72 1099 1
77 1099 -1
72 1100 1
78 1100 -1
72 1101 1
79 1101 -1
72 1102 1
80 1102 -1
72 1103 1
81 1103 -1
72 1104 1
89 1104 -1
72 1105 1
106 1105 -1
72 1106 1
4 1106 -1
72 1107 1
21 1107 -1
73 1108 1
74 1108 -1
73 1109 1
75 1109 -1
73 1110 1
76 1110 -1
73 1111 1
77 1111 -1
73 1112 1
78 1112 -1
73 1113 1
79 1113 -1
73 1114 1
80 1114 -1
73 1115 1
81 1115 -1
73 1116 1
82 1116 -1
73 1117 1
90 1117 -1
73 1118 1
107 1118 -1
73 1119 1
5 1119 -1
73 1120 1
22 1120 -1
74 1121 1
75 1121 -1
74 1122 1
76 1122 -1
74 1123 1
77 1123 -1
74 1124 1
78 1124 -1
74 1125 1
79 1125 -1
74 1126 1
80 1126 -1
74 1127 1
81 1127 -1
74 1128 1
82 1128 -1
74 1129 1
83 1129 -1
74 1130 1
91 1130 -1
74 1131 1
108 1131 -1
74 1132 1
6 1132 -1
74 1133 1
23 1133 -1
75 1134 1
76 1134 -1
75 1135 1
77 1135 -1
75 1136 1
78 1136 -1
75 1137 1
79 1137 -1
75 1138 1
80 1138 -1
75 1139 1
81 1139 -1
75 1140 1
82 1140 -1
75 1141 1
83 1141 -1
75 1142 1
84 1142 -1
75 1143 1
92 1143 -1
75 1144 1
109 1144 -1
75 1145 1
7 1145 -1
75 1146 1
24 1146 -1
76 1147 1
77 1147 -1
76 1148 1
78 1148 -1
76 1149 1
79 1149 -1
76 1150 1
80 1150 -1
76 1151 1
81 1151 -1
76 1152 1
82 1152 -1
76 1153 1
83 1153 -1
76 1154 1
84 1154 -1
76 1155 1
85 1155 -1
76 1156 1
93 1156 -1
76 1157 1
110 1157 -1
76 1158 1
8 1158 -1
76 1159 1
25 1159 -1
77 1160 1
78 1160 -1
77 1161 1
79 1161 -1
77 1162 1
80 1162 -1
77 1163 1
81 1163 -1
77 1164 1
82 1164 -1
77 1165 1
83 1165 -1
77 1166 1
84 1166 -1
77 1167 1
85 1167 -1
77 1168 1
119 1168 -1
1 1169 1
69 1169 -1
77 1170 1
94 1170 -1
77 1171 1
111 1171 -1
77 1172 1
9 1172 -1
77 1173 1
26 1173 -1
78 1174 1
79 1174 -1
78 1175 1
80 1175 -1
78 1176 1
81 1176 -1
78 1177 1
82 1177 -1
78 1178 1
83 1178 -1
78 1179 1
84 1179 -1
78 1180 1
85 1180 -1
78 1181 1
119 1181 -1
1 1182 1
69 1182 -1
78 1183 1
119 1183 -1
1 1184 1
70 1184 -1
78 1185 1
95 1185 -1
78 1186 1
112 1186 -1
78 1187 1
10 1187 -1
78 1188 1
27 1188 -1
79 1189 1
80 1189 -1
79 1190 1
81 1190 -1
79 1191 1
82 1191 -1
79 1192 1
83 1192 -1
79 1193 1
84 1193 -1
79 1194 1
85 1194 -1
79 1195 1
119 1195 -1
1 1196 1
69 1196 -1
79 1197 1
119 1197 -1
1 1198 1
70 1198 -1
79 1199 1
119 1199 -1
1 1200 1
71 1200 -1
79 1201 1
96 1201 -1
79 1202 1
113 1202 -1
79 1203 1
11 1203 -1
79 1204 1
28 1204 -1
80 1205 1
81 1205 -1
80 1206 1
82 1206 -1
80 1207 1
83 1207 -1
80 1208 1
84 1208 -1
80 1209 1
85 1209 -1
80 1210 1
119 1210 -1
1 1211 1
69 1211 -1
80 1212 1
119 1212 -1
1 1213 1
70 1213 -1
80 1214 1
119 1214 -1
1 1215 1
71 1215 -1
80 1216 1
119 1216 -1
1 1217 1
72 1217 -1
80 1218 1
97 1218 -1
80 1219 1
114 1219 -1
80 1220 1
12 1220 -1
80 1221 1
29 1221 -1
81 1222 1
82 1222 -1
81 1223 1
83 1223 -1
81 1224 1
84 1224 -1
81 1225 1
85 1225 -1
81 1226 1
119 1226 -1
1 1227 1
69 1227 -1
81 1228 1
119 1228 -1
1 1229 1
70 1229 -1
81 1230 1
119 1230 -1
1 1231 1
71 1231 -1
81 1232 1
119 1232 -1
1 1233 1
72 1233 -1
81 1234 1
119 1234 -1
1 1235 1
73 1235 -1
81 1236 1
98 1236 -1
81 1237 1
115 1237 -1
81 1238 1
13 1238 -1
81 1239 1
30 1239 -1
82 1240 1
83 1240 -1
82 1241 1
84 1241 -1
82 1242 1
85 1242 -1
82 1243 1
119 1243 -1
1 1244 1
69 1244 -1
82 1245 1
119 1245 -1
1 1246 1
70 1246 -1
82 1247 1
119 1247 -1
1 1248 1
71 1248 -1
82 1249 1
119 1249 -1
1 1250 1
72 1250 -1
82 1251 1
119 1251 -1
1 1252 1
73 1252 -1
82 1253 1
119 1253 -1
1 1254 1
74 1254 -1
82 1255 1
99 1255 -1
82 1256 1
116 1256 -1
82 1257 1
14 1257 -1
82 1258 1
31 1258 -1
83 1259 1
84 1259 -1
83 1260 1
85 1260 -1
83 1261 1
119 1261 -1
1 1262 1
69 1262 -1
83 1263 1
119 1263 -1
1 1264 1
70 1264 -1
83 1265 1
119 1265 -1
1 1266 1
71 1266 -1
83 1267 1
119 1267 -1
1 1268 1
72 1268 -1
83 1269 1
119 1269 -1
1 1270 1
73 1270 -1
83 1271 1
119 1271 -1
1 1272 1
74 1272 -1
83 1273 1
119 1273 -1
1 1274 1
75 1274 -1
83 1275 1
100 1275 -1
83 1276 1
117 1276 -1
83 1277 1
15 1277 -1
83 1278 1
32 1278 -1
84 1279 1
85 1279 -1
84 1280 1
119 1280 -1
1 1281 1
69 1281 -1
84 1282 1
119 1282 -1
1 1283 1
70 1283 -1
84 1284 1
119 1284 -1
1 1285 1
71 1285 -1
84 1286 1
119 1286 -1
1 1287 1
72 1287 -1
84 1288 1
119 1288 -1
1 1289 1
73 1289 -1
84 1290 1
119 1290 -1
1 1291 1
74 1291 -1
84 1292 1
119 1292 -1
1 1293 1
75 1293 -1
84 1294 1
119 1294 -1
1 1295 1
76 1295 -1
84 1296 1
101 1296 -1
84 1297 1
118 1297 -1
84 1298 1
16 1298 -1
84 1299 1
33 1299 -1
85 1300 1
119 1300 -1
1 1301 1
69 1301 -1
85 1302 1
119 1302 -1
1 1303 1
70 1303 -1
85 1304 1
119 1304 -1
1 1305 1
71 1305 -1
85 1306 1
119 1306 -1
1 1307 1
72 1307 -1
85 1308 1
119 1308 -1
1 1309 1
73 1309 -1
85 1310 1
119 1310 -1
1 1311 1
74 1311 -1
85 1312 1
119 1312 -1
1 1313 1
75 1313 -1
85 1314 1
119 1314 -1
1 1315 1
76 1315 -1
85 1316 1
119 1316 -1
1 1317 1
77 1317 -1
85 1318 1
102 1318 -1
85 1319 1
119 1319 -1
85 1320 1
17 1320 -1
85 1321 1
34 1321 -1
86 1322 1
87 1322 -1
86 1323 1
88 1323 -1
86 1324 1
89 1324 -1
86 1325 1
90 1325 -1
86 1326 1
91 1326 -1
86 1327 1
92 1327 -1
86 1328 1
93 1328 -1
86 1329 1
94 1329 -1
86 1330 1
95 1330 -1
86 1331 1
103 1331 -1
86 1332 1
1 1332 -1
86 1333 1
18 1333 -1
86 1334 1
35 1334 -1
87 1335 1
88 1335 -1
87 1336 1
89 1336 -1
87 1337 1
90 1337 -1
87 1338 1
91 1338 -1
87 1339 1
92 1339 -1
87 1340 1
93 1340 -1
87 1341 1
94 1341 -1
87 1342 1
95 1342 -1
87 1343 1
96 1343 -1
87 1344 1
104 1344 -1
87 1345 1
2 1345 -1
87 1346 1
19 1346 -1
87 1347 1
36 1347 -1
88 1348 1
89 1348 -1
88 1349 1
90 1349 -1
88 1350 1
91 1350 -1
88 1351 1
92 1351 -1
88 1352 1
93 1352 -1
88 1353 1
94 1353 -1
88 1354 1
95 1354 -1
88 1355 1
96 1355 -1
88 1356 1
97 1356 -1
88 1357 1
105 1357 -1
88 1358 1
3 1358 -1
88 1359 1
20 1359 -1
88 1360 1
37 1360 -1
89 1361 1
90 1361 -1
89 1362 1
91 1362 -1
89 1363 1
92 1363 -1
89 1364 1
93 1364 -1
89 1365 1
94 1365 -1
89 1366 1
95 1366 -1
89 1367 1
96 1367 -1
89 1368 1
97 1368 -1
89 1369 1
98 1369 -1
89 1370 1
106 1370 -1
89 1371 1
4 1371 -1
89 1372 1
21 1372 -1
89 1373 1
38 1373 -1
90 1374 1
91 1374 -1
90 1375 1
92 1375 -1
90 1376 1
93 1376 -1
90 1377 1
94 1377 -1
90 1378 1
95 1378 -1
90 1379 1
96 1379 -1
90 1380 1
97 1380 -1
90 1381 1
98 1381 -1
90 1382 1
99 1382 -1
90 1383 1
107 1383 -1
90 1384 1
5 1384 -1
90 1385 1
22 1385 -1
90 1386 1
39 1386 -1
91 1387 1
92 1387 -1
91 1388 1
93 1388 -1
91 1389 1
94 1389 -1
91 1390 1
95 1390 -1
91 1391 1
96 1391 -1
91 1392 1
97 1392 -1
91 1393 1
98 1393 -1
91 1394 1
99 1394 -1
91 1395 1
100 1395 -1
91 1396 1
108 1396 -1
91 1397 1
6 1397 -1
91 1398 1
23 1398 -1
91 1399 1
40 1399 -1
92 1400 1
93 1400 -1
92 1401 1
94 1401 -1
92 1402 1
95 1402 -1
92 1403 1
96 1403 -1
92 1404 1
97 1404 -1
92 1405 1
98 1405 -1
92 1406 1
99 1406 -1
92 1407 1
100 1407 -1
92 1408 1
101 1408 -1
92 1409 1
109 1409 -1
92 1410 1
7 1410 -1
92 1411 1
24 1411 -1
92 1412 1
41 1412 -1
93 1413 1
94 1413 -1
93 1414 1
95 1414 -1
93 1415 1
96 1415 -1
93 1416 1
97 1416 -1
93 1417 1
98 1417 -1
93 1418 1
99 1418 -1
93 1419 1
100 1419 -1
93 1420 1
101 1420 -1
93 1421 1
102 1421 -1
93 1422 1
110 1422 -1
93 1423 1
8 1423 -1
93 1424 1
25 1424 -1
93 1425 1
42 1425 -1
94 1426 1
95 1426 -1
94 1427 1
96 1427 -1
94 1428 1
97 1428 -1
94 1429 1
98 1429 -1
94 1430 1
99 1430 -1
94 1431 1
100 1431 -1
94 1432 1
101 1432 -1
94 1433 1
102 1433 -1
94 1434 1
119 1434 -1
1 1435 1
86 1435 -1
94 1436 1
111 1436 -1
94 1437 1
9 1437 -1
94 1438 1
26 1438 -1
94 1439 1
43 1439 -1
95 1440 1
96 1440 -1
95 1441 1
97 1441 -1
95 1442 1
98 1442 -1
95 1443 1
99 1443 -1
95 1444 1
100 1444 -1
95 1445 1
101 1445 -1
95 1446 1
102 1446 -1
95 1447 1
119 1447 -1
1 1448 1
86 1448 -1
95 1449 1
119 1449 -1
1 1450 1
87 1450 -1
95 1451 1
112 1451 -1
95 1452 1
10 1452 -1
95 1453 1
27 1453 -1
95 1454 1
44 1454 -1
96 1455 1
97 1455 -1
96 1456 1
98 1456 -1
96 1457 1
99 1457 -1
96 1458 1
100 1458 -1
96 1459 1
101 1459 -1
96 1460 1
102 1460 -1
96 1461 1
119 1461 -1
1 1462 1
86 1462 -1
96 1463 1
119 1463 -1
1 1464 1
87 1464 -1
96 1465 1
119 1465 -1
1 1466 1
88 1466 -1
96 1467 1
113 1467 -1
96 1468 1
11 1468 -1
96 1469 1
28 1469 -1
96 1470 1
45 1470 -1
97 1471 1
98 1471 -1
97 1472 1
99 1472 -1
97 1473 1
100 1473 -1
97 1474 1
101 1474 -1
97 1475 1
102 1475 -1
97 1476 1
119 1476 -1
1 1477 1
86 1477 -1
97 1478 1
119 1478 -1
1 1479 1
87 1479 -1
97 1480 1
119 1480 -1
1 1481 1
88 1481 -1
97 1482 1
119 1482 -1
1 1483 1
89 1483 -1
97 1484 1
114 1484 -1
97 1485 1
12 1485 -1
97 1486 1
29 1486 -1
97 1487 1
46 1487 -1
98 1488 1
99 1488 -1
98 1489 1
100 1489 -1
98 1490 1
101 1490 -1
98 1491 1
102 1491 -1
98 1492 1
119 1492 -1
1 1493 1
86 1493 -1
98 1494 1
119 1494 -1
1 1495 1
87 1495 -1
98 1496 1
119 1496 -1
1 1497 1
88 1497 -1
98 1498 1
119 1498 -1
1 1499 1
89 1499 -1
98 1500 1
119 1500 -1
1 1501 1
90 1501 -1
98 1502 1
115 1502 -1
98 1503 1
13 1503 -1
98 1504 1
30 1504 -1
98 1505 1
47 1505 -1
99 1506 1
100 1506 -1
99 1507 1
101 1507 -1
99 1508 1
102 1508 -1
99 1509 1
119 1509 -1
1 1510 1
86 1510 -1
99 1511 1
119 1511 -1
1 1512 1
87 1512 -1
99 1513 1
119 1513 -1
1 1514 1
88 1514 -1
99 1515 1
119 1515 -1
1 1516 1
89 1516 -1
99 1517 1
119 1517 -1
1 1518 1
90 1518 -1
99 1519 1
119 1519 -1
1 1520 1
91 1520 -1
99 1521 1
116 1521 -1
99 1522 1
14 1522 -1
99 1523 1
31 1523 -1
99 1524 1
48 1524 -1
100 1525 1
101 1525 -1
100 1526 1
102 1526 -1
100 1527 1
119 1527 -1
1 1528 1
86 1528 -1
100 1529 1
119 1529 -1
1 1530 1
87 1530 -1
100 1531 1
119 1531 -1
1 1532 1
88 1532 -1
100 1533 1
119 1533 -1
1 1534 1
89 1534 -1
100 1535 1
119 1535 -1
1 1536 1
90 1536 -1
100 1537 1
119 1537 -1
1 1538 1
91 1538 -1
100 1539 1
119 1539 -1
1 1540 1
92 1540 -1
100 1541 1
117 1541 -1
100 1542 1
15 1542 -1
100 1543 1
32 1543 -1
100 1544 1
49 1544 -1
101 1545 1
102 1545 -1
101 1546 1
119 1546 -1
1 1547 1
86 1547 -1
101 1548 1
119 1548 -1
1 1549 1
87 1549 -1
101 1550 1
119 1550 -1
1 1551 1
88 1551 -1
101 1552 1
119 1552 -1
1 1553 1
89 1553 -1
101 1554 1
119 1554 -1
1 1555 1
90 1555 -1
101 1556 1
119 1556 -1
1 1557 1
91 1557 -1
101 1558 1
119 1558 -1
1 1559 1
92 1559 -1
101 1560 1
119 1560 -1
1 1561 1
93 1561 -1
101 1562 1
118 1562 -1
101 1563 1
16 1563 -1
101 1564 1
33 1564 -1
101 1565 1
50 1565 -1
102 1566 1
119 1566 -1
1 1567 1
86 1567 -1
102 1568 1
119 1568 -1
1 1569 1
87 1569 -1
102 1570 1
119 1570 -1
1 1571 1
88 1571 -1
102 1572 1
119 1572 -1
1 1573 1
89 1573 -1
102 1574 1
119 1574 -1
1 1575 1
90 1575 -1
102 1576 1
119 1576 -1
1 1577 1
91 1577 -1
102 1578 1
119 1578 -1
1 1579 1
92 1579 -1
102 1580 1
119 1580 -1
1 1581 1
93 1581 -1
102 1582 1
119 1582 -1
1 1583 1
94 1583 -1
102 1584 1
119 1584 -1
102 1585 1
17 1585 -1
102 1586 1
34 1586 -1
102 1587 1
51 1587 -1
103 1588 1
104 1588 -1
103 1589 1
105 1589 -1
103 1590 1
106 1590 -1
103 1591 1
107 1591 -1
103 1592 1
108 1592 -1
103 1593 1
109 1593 -1
103 1594 1
110 1594 -1
103 1595 1
111 1595 -1
103 1596 1
112 1596 -1
103 1597 1
1 1597 -1
103 1598 1
18 1598 -1
103 1599 1
35 1599 -1
103 1600 1
52 1600 -1
104 1601 1
105 1601 -1
104 1602 1
106 1602 -1
104 1603 1
107 1603 -1
104 1604 1
108 1604 -1
104 1605 1
109 1605 -1
104 1606 1
110 1606 -1
104 1607 1
111 1607 -1
104 1608 1
112 1608 -1
104 1609 1
113 1609 -1
104 1610 1
2 1610 -1
104 1611 1
19 1611 -1
104 1612 1
36 1612 -1
104 1613 1
53 1613 -1
105 1614 1
106 1614 -1
105 1615 1
107 1615 -1
105 1616 1
108 1616 -1
105 1617 1
109 1617 -1
105 1618 1
110 1618 -1
105 1619 1
111 1619 -1
105 1620 1
112 1620 -1
105 1621 1
113 1621 -1
105 1622 1
114 1622 -1
105 1623 1
3 1623 -1
105 1624 1
20 1624 -1
105 1625 1
37 1625 -1
105 1626 1
54 1626 -1
106 1627 1
107 1627 -1
106 1628 1
108 1628 -1
106 1629 1
109 1629 -1
106 1630 1
110 1630 -1
106 1631 1
111 1631 -1
106 1632 1
112 1632 -1
106 1633 1
113 1633 -1
106 1634 1
114 1634 -1
106 1635 1
115 1635 -1
106 1636 1
4 1636 -1
106 1637 1
21 1637 -1
106 1638 1
38 1638 -1
106 1639 1
55 1639 -1
107 1640 1
108 1640 -1
107 1641 1
109 1641 -1
107 1642 1
110 1642 -1
107 1643 1
111 1643 -1
107 1644 1
112 1644 -1
107 1645 1
113 1645 -1
107 1646 1
114 1646 -1
107 1647 1
115 1647 -1
107 1648 1
116 1648 -1
107 1649 1
5 1649 -1
107 1650 1
22 1650 -1
107 1651 1
39 1651 -1
107 1652 1
56 1652 -1
108 1653 1
109 1653 -1
108 1654 1
110 1654 -1
108 1655 1
111 1655 -1
108 1656 1
112 1656 -1
108 1657 1
113 1657 -1
108 1658 1
114 1658 -1
108 1659 1
115 1659 -1
108 1660 1
116 1660 -1
108 1661 1
117 1661 -1
108 1662 1
6 1662 -1
108 1663 1
23 1663 -1
108 1664 1
40 1664 -1
108 1665 1
57 1665 -1
109 1666 1
110 1666 -1
109 1667 1
111 1667 -1
109 1668 1
112 1668 -1
109 1669 1
113 1669 -1
109 1670 1
114 1670 -1
109 1671 1
115 1671 -1
109 1672 1
116 1672 -1
109 1673 1
117 1673 -1
109 1674 1
118 1674 -1
109 1675 1
7 1675 -1
109 1676 1
24 1676 -1
109 1677 1
41 1677 -1
109 1678 1
58 1678 -1
110 1679 1
111 1679 -1
110 1680 1
112 1680 -1
110 1681 1
113 1681 -1
110 1682 1
114 1682 -1
110 1683 1
115 1683 -1
110 1684 1
116 1684 -1
110 1685 1
117 1685 -1
110 1686 1
118 1686 -1
110 1687 1
119 1687 -1
110 1688 1
8 1688 -1
110 1689 1
25 1689 -1
110 1690 1
42 1690 -1
110 1691 1
59 1691 -1
111 1692 1
112 1692 -1
111 1693 1
113 1693 -1
111 1694 1
114 1694 -1
111 1695 1
115 1695 -1
111 1696 1
116 1696 -1
111 1697 1
117 1697 -1
111 1698 1
118 1698 -1
111 1699 1
119 1699 -1
111 1700 1
119 1700 -1
1 1701 1
103 1701 -1
111 1702 1
9 1702 -1
111 1703 1
26 1703 -1
111 1704 1
43 1704 -1
111 1705 1
60 1705 -1
112 1706 1
113 1706 -1
112 1707 1
114 1707 -1
112 1708 1
115 1708 -1
112 1709 1
116 1709 -1
112 1710 1
117 1710 -1
112 1711 1
118 1711 -1
112 1712 1
119 1712 -1
112 1713 1
119 1713 -1
1 1714 1
103 1714 -1
112 1715 1
119 1715 -1
1 1716 1
104 1716 -1
112 1717 1
10 1717 -1
112 1718 1
27 1718 -1
112 1719 1
44 1719 -1
112 1720 1
61 1720 -1
113 1721 1
114 1721 -1
113 1722 1
115 1722 -1
113 1723 1
116 1723 -1
113 1724 1
117 1724 -1
113 1725 1
118 1725 -1
113 1726 1
119 1726 -1
113 1727 1
119 1727 -1
1 1728 1
103 1728 -1
113 1729 1
119 1729 -1
1 1730 1
104 1730 -1
113 1731 1
119 1731 -1
1 1732 1
105 1732 -1
113 1733 1
11 1733 -1
113 1734 1
28 1734 -1
113 1735 1
45 1735 -1
113 1736 1
62 1736 -1
114 1737 1
115 1737 -1
114 1738 1
116 1738 -1
114 1739 1
117 1739 -1
114 1740 1
118 1740 -1
114 1741 1
119 1741 -1
114 1742 1
119 1742 -1
1 1743 1
103 1743 -1
114 1744 1
119 1744 -1
1 1745 1
104 1745 -1
114 1746 1
119 1746 -1
1 1747 1
105 1747 -1
114 1748 1
119 1748 -1
1 1749 1
106 1749 -1
114 1750 1
12 1750 -1
114 1751 1
29 1751 -1
114 1752 1
46 1752 -1
114 1753 1
63 1753 -1
115 1754 1
116 1754 -1
115 1755 1
117 1755 -1
115 1756 1
118 1756 -1
115 1757 1
119 1757 -1
115 1758 1
119 1758 -1
1 1759 1
103 1759 -1
115 1760 1
119 1760 -1
1 1761 1
104 1761 -1
115 1762 1
119 1762 -1
1 1763 1
105 1763 -1
115 1764 1
119 1764 -1
1 1765 1
106 1765 -1
115 1766 1
119 1766 -1
1 1767 1
107 1767 -1
115 1768 1
13 1768 -1
115 1769 1
30 1769 -1
115 1770 1
47 1770 -1
115 1771 1
64 1771 -1
116 1772 1
117 1772 -1
116 1773 1
118 1773 -1
116 1774 1
119 1774 -1
116 1775 1
119 1775 -1
1 1776 1
103 1776 -1
116 1777 1
119 1777 -1
1 1778 1
104 1778 -1
116 1779 1
119 1779 -1
1 1780 1
105 1780 -1
116 1781 1
119 1781 -1
1 1782 1
106 1782 -1
116 1783 1
119 1783 -1
1 1784 1
107 1784 -1
116 1785 1
119 1785 -1
1 1786 1
108 1786 -1
116 1787 1
14 1787 -1
116 1788 1
31 1788 -1
116 1789 1
48 1789 -1
116 1790 1
65 1790 -1
117 1791 1
118 1791 -1
117 1792 1
119 1792 -1
117 1793 1
119 1793 -1
1 1794 1
103 1794 -1
117 1795 1
119 1795 -1
1 1796 1
104 1796 -1
117 1797 1
119 1797 -1
1 1798 1
105 1798 -1
117 1799 1
119 1799 -1
1 1800 1
106 1800 -1
117 1801 1
119 1801 -1
1 1802 1
107 1802 -1
117 1803 1
119 1803 -1
1 1804 1
108 1804 -1
117 1805 1
119 1805 -1
1 1806 1
109 1806 -1
117 1807 1
15 1807 -1
117 1808 1
32 1808 -1
117 1809 1
49 1809 -1
117 1810 1
66 1810 -1
118 1811 1
119 1811 -1
118 1812 1
119 1812 -1
1 1813 1
103 1813 -1
118 1814 1
119 1814 -1
1 1815 1
104 1815 -1
118 1816 1
119 1816 -1
1 1817 1
105 1817 -1
118 1818 1
119 1818 -1
1 1819 1
106 1819 -1
118 1820 1
119 1820 -1
1 1821 1
107 1821 -1
118 1822 1
119 1822 -1
1 1823 1
108 1823 -1
118 1824 1
119 1824 -1
1 1825 1
109 1825 -1
118 1826 1
119 1826 -1
1 1827 1
110 1827 -1
118 1828 1
16 1828 -1
118 1829 1
33 1829 -1
118 1830 1
50 1830 -1
118 1831 1
67 1831 -1
1 1832 1
103 1832 -1
1 1833 1
104 1833 -1
1 1834 1
105 1834 -1
1 1835 1
106 1835 -1
1 1836 1
107 1836 -1
1 1837 1
108 1837 -1
1 1838 1
109 1838 -1
1 1839 1
110 1839 -1
1 1840 1
111 1840 -1
119 1841 1
17 1841 -1
119 1842 1
34 1842 -1
119 1843 1
51 1843 -1
119 1844 1
68 1844 -1
1 1845 1
120 1845 -1
123 1846 1
119 1846 -1
120 1847 1
121 1847 -1
121 1848 1
122 1848 -1
122 1849 1
123 1849 -1
122 1850 1
68 1850 -1
121 1851 1
50 1851 -1
122 1852 1
90 1852 -1
122 1853 1
88 1853 -1
120 1854 1
10 1854 -1
122 1855 1
116 1855 -1
122 1856 1
36 1856 -1
120 1857 1
43 1857 -1
122 1858 1
9 1858 -1
120 1859 1
101 1859 -1
122 1860 1
89 1860 -1
121 1861 1
35 1861 -1
120 1862 1
68 1862 -1
121 1863 1
32 1863 -1
121 1864 1
64 1864 -1
122 1865 1
22 1865 -1
122 1866 1
54 1866 -1
122 1867 1
28 1867 -1
121 1868 1
107 1868 -1
122 1869 1
52 1869 -1
122 1870 1
38 1870 -1
122 1871 1
71 1871 -1
122 1872 1
103 1872 -1
121 1873 1
38 1873 -1
120 1874 1
71 1874 -1
120 1875 1
117 1875 -1
122 1876 1
35 1876 -1
122 1877 1
99 1877 -1
121 1878 1
64 1878 -1
122 1879 1
100 1879 -1
120 1880 1
90 1880 -1
120 1881 1
99 1881 -1
120 1882 1
21 1882 -1
1 1883 1
18 1883 -1
18 1884 1
35 1884 -1
35 1885 1
52 1885 -1
52 1886 1
69 1886 -1
69 1887 1
86 1887 -1
86 1888 1
103 1888 -1
103 1889 1
2 1889 -1
2 1890 1
19 1890 -1
19 1891 1
36 1891 -1
36 1892 1
53 1892 -1
53 1893 1
70 1893 -1
70 1894 1
87 1894 -1
87 1895 1
104 1895 -1
104 1896 1
3 1896 -1
3 1897 1
20 1897 -1
20 1898 1
37 1898 -1
37 1899 1
54 1899 -1
54 1900 1
71 1900 -1
71 1901 1
88 1901 -1
88 1902 1
105 1902 -1
105 1903 1
4 1903 -1
4 1904 1
21 1904 -1
21 1905 1
38 1905 -1
38 1906 1
55 1906 -1
55 1907 1
72 1907 -1
72 1908 1
89 1908 -1
89 1909 1
106 1909 -1
106 1910 1
5 1910 -1
5 1911 1
22 1911 -1
22 1912 1
39 1912 -1
39 1913 1
56 1913 -1
56 1914 1
73 1914 -1
73 1915 1
90 1915 -1
90 1916 1
107 1916 -1
107 1917 1
6 1917 -1
6 1918 1
23 1918 -1
23 1919 1
40 1919 -1
40 1920 1
57 1920 -1
57 1921 1
74 1921 -1
74 1922 1
91 1922 -1
91 1923 1
108 1923 -1
108 1924 1
7 1924 -1
7 1925 1
24 1925 -1
24 1926 1
41 1926 -1
41 1927 1
58 1927 -1
58 1928 1
75 1928 -1
75 1929 1
92 1929 -1
92 1930 1
109 1930 -1
109 1931 1
8 1931 -1
8 1932 1
25 1932 -1
25 1933 1
42 1933 -1
42 1934 1
59 1934 -1
59 1935 1
76 1935 -1
76 1936 1
93 1936 -1
93 1937 1
110 1937 -1
110 1938 1
9 1938 -1
9 1939 1
26 1939 -1
26 1940 1
43 1940 -1
43 1941 1
60 1941 -1
60 1942 1
77 1942 -1
77 1943 1
94 1943 -1
94 1944 1
111 1944 -1
111 1945 1
10 1945 -1
10 1946 1
27 1946 -1
27 1947 1
44 1947 -1
44 1948 1
61 1948 -1
61 1949 1
78 1949 -1
78 1950 1
95 1950 -1
95 1951 1
112 1951 -1
112 1952 1
11 1952 -1
11 1953 1
28 1953 -1
28 1954 1
45 1954 -1
45 1955 1
62 1955 -1
62 1956 1
79 1956 -1
79 1957 1
96 1957 -1
96 1958 1
113 1958 -1
113 1959 1
12 1959 -1
12 1960 1
29 1960 -1
29 1961 1
46 1961 -1
46 1962 1
63 1962 -1
63 1963 1
80 1963 -1
80 1964 1
97 1964 -1
97 1965 1
114 1965 -1
114 1966 1
13 1966 -1
13 1967 1
30 1967 -1
30 1968 1
47 1968 -1
47 1969 1
64 1969 -1
64 1970 1
81 1970 -1
81 1971 1
98 1971 -1
98 1972 1
115 1972 -1
115 1973 1
14 1973 -1
14 1974 1
31 1974 -1
31 1975 1
48 1975 -1
48 1976 1
65 1976 -1
65 1977 1
82 1977 -1
82 1978 1
99 1978 -1
99 1979 1
116 1979 -1
116 1980 1
15 1980 -1
15 1981 1
32 1981 -1
32 1982 1
49 1982 -1
49 1983 1
66 1983 -1
66 1984 1
83 1984 -1
83 1985 1
100 1985 -1
100 1986 1
117 1986 -1
117 1987 1
16 1987 -1
16 1988 1
33 1988 -1
33 1989 1
50 1989 -1
50 1990 1
67 1990 -1
67 1991 1
84 1991 -1
84 1992 1
101 1992 -1
101 1993 1
118 1993 -1
118 1994 1
17 1994 -1
17 1995 1
34 1995 -1
34 1996 1
51 1996 -1
51 1997 1
68 1997 -1
68 1998 1
85 1998 -1
85 1999 1
102 1999 -1
102 2000 1
119 2000 -1
