1 1 0.00116990600307
2 2 300.661914399
3 3 297.558823684
4 4 367.353896158
5 5 531.269415875
6 6 0.00477730575685
7 7 106.898573042
8 8 206.970827635
9 9 210.91647495
10 10 552.859205353
11 11 104.099162467
12 12 408.1152233
13 13 0.00324479618437
14 14 575.250979856
15 15 0.00300787223729
16 16 184.560987716
17 17 0.00233922632348
18 18 0.0037870267587
19 19 542.163586621
20 20 560.992193817
21 21 332.891955848
22 22 385.19486456
23 23 0.000236305852124
24 24 101.299693895
25 25 266.468942406
26 26 0.00612136592998
27 27 407.309373854
28 28 409.110560014
29 29 0.00016189896073
30 30 348.48607672
31 31 0.00244009628626
32 32 0.00968296082569
33 33 593.17210226
34 34 0.00771617973248
35 35 0.00197653709656
36 36 453.450074325
37 37 307.355329065
38 38 39.4197555915
39 39 0.00168718843098
40 40 540.878856452
41 41 83.1331052753
42 42 135.928343354
43 43 0.00959191288501
44 44 365.882753797
45 45 388.959168711
46 46 41.445483068
47 47 0.00182436908432
48 48 50.7932879557
49 49 0.00663340182525
50 50 324.253724431
51 51 0.00921413759055
52 52 65.2355699537
53 53 58.3756654781
54 54 110.472667551
55 55 0.00995198020306
56 56 537.937068471
57 57 3.92698782695e-06
58 58 339.135104375
59 59 0.00490427020624
60 60 406.633582507
61 61 145.028171829
62 62 283.981137571
63 63 129.709957817
64 64 0.00284244757151
65 65 403.254747729
66 66 102.516945188
67 67 273.036986907
68 68 0.00248497239197
69 69 0.00072092031441
70 70 168.655040649
71 71 145.30677511
72 72 556.112236637
73 73 0.00264665068054
74 74 338.04139193
75 75 92.945946775
76 76 263.529168936
77 77 535.311761426
78 78 0.00297757139107
79 79 0.00258063785309
80 80 0.00827898568449
81 81 0.000517340548953
82 82 133.821617294
83 83 280.360611861
84 84 382.033744196
85 85 530.597721573
86 86 352.132154659
87 87 171.941137891
88 88 0.00913891115362
89 89 397.728315856
90 90 0.00526094494751
91 91 286.277294958
92 92 0.00485247544424
93 93 0.00137628715238
94 94 541.967398721
95 95 33.4159115563
96 96 71.3149110752
97 97 259.912752746
98 98 0.0086176417889
99 99 161.647502725
100 100 400.694857224
101 101 0.0040509568052
102 102 79.8405865717
103 103 88.6593476221
104 104 378.600352399
105 105 605.905936867
106 106 27.1631481799
107 107 322.132916144
108 108 444.290478217
109 109 361.979968361
110 110 622.814902961
111 111 429.31619051
112 112 0.00950021275558
113 113 595.763708987
114 114 366.529564789
115 115 394.884450144
116 116 464.37874931
117 117 88.4823932207
118 118 12.8490336627
119 119 0.00627860685352
120 120 25.6326509253
121 121 188.959562722
122 122 548.993063316
123 123 475.926882705
124 124 308.390143972
125 125 166.892224366
126 126 460.414445844
127 127 364.763080954
128 128 0.00271738895419
129 129 0.00138108077848
130 130 0.00971563527018
131 131 35.2269021542
132 132 57.2409532434
133 133 462.204668221
134 134 0.00808433241585
135 135 0.00349520609011
136 136 621.239447573
137 137 255.052475343
138 138 486.294414854
139 139 195.38051122
140 140 485.071166184
141 141 0.000335527056797
142 142 0.000497372886475
143 143 624.309336085
144 144 178.608137364
145 145 505.602419552
146 146 561.556526038
147 147 0.00372362791673
148 148 0.00930574645216
149 149 590.340468362
150 150 0.00987236242875
151 151 104.310877337
152 152 423.299080044
153 153 575.532677802
154 154 554.897466387
155 155 0.00159564487375
156 156 534.795792565
157 157 116.11074009
158 158 0.00182646112254
159 159 48.4442330645
160 160 148.475571466
161 161 0.00160648493157
162 162 0.00673075385359
163 163 108.720233842
164 164 171.449442299
165 165 282.885822895
166 166 146.188077375
167 167 0.00578994595381
168 168 15.6425651595
169 169 253.702357337
170 170 323.889539536
171 171 137.928975714
172 172 0.005975543578
173 173 617.787914277
174 174 0.00282115584082
175 175 0.00176344571024
176 176 90.6161458856
177 177 0.00339930437647
178 178 0.00557591153327
179 179 91.2271377236
180 180 612.661376122
181 181 147.675775663
182 182 459.812559206
183 183 85.7744203891
184 184 268.586612022
185 185 232.361557252
186 186 71.4156491619
187 187 252.987427209
188 188 428.907116126
189 189 220.703398544
190 190 447.329223097
191 191 0.00949445255536
192 192 406.147947135
193 193 0.00714691978349
194 194 262.534846526
195 195 0.00924997405564
196 196 480.877129885
197 197 53.2075519293
198 198 171.939702377
199 199 46.5172966344
200 200 0.000403039257264
201 201 124.739831974
202 202 166.730165934
203 203 335.941885573
204 204 219.199375106
205 205 84.6110063089
206 206 0.00711522185388
207 207 214.120403615
208 208 0.00573139802845
209 209 563.353992342
210 210 0.00523053296525
211 211 419.580034958
212 212 368.702092189
213 213 0.000391719642371
214 214 286.523851283
215 215 65.3038760554
216 216 103.35478209
217 217 468.474803387
218 218 0.00670738124957
219 219 357.092511342
220 220 0.00743327176068
221 221 52.2558603824
222 222 0.000178905135135
223 223 241.269081723
224 224 269.769871622
225 225 289.687014183
226 226 0.00845246915557
227 227 0.000385668927283
228 228 63.7590139618
229 229 538.615502258
230 230 489.738761463
231 231 357.954606251
232 232 0.00304639012819
233 233 57.6401314398
234 234 87.9557537326
235 235 331.328680568
236 236 580.563660814
237 237 0.00250051391192
238 238 538.475413104
239 239 0.00673254609682
240 240 39.2613649907
241 241 374.597486269
242 242 551.016857072
243 243 408.83879136
244 244 273.572968769
245 245 566.792472475
246 246 68.6446606645
247 247 584.77025457
248 248 0.00777215215099
249 249 232.929633734
250 250 86.3090956859
251 251 366.698666606
252 252 341.621484299
253 253 431.573612839
254 254 208.44386491
255 255 49.566089222
256 256 19.4059499594
257 257 285.896963653
258 258 428.320051379
259 259 0.00651263135981
260 260 348.779357892
261 261 0.00979288253815
262 262 0.610483159541
263 263 523.13748762
264 264 119.312403024
265 265 0.00219090349778
266 266 139.811360001
267 267 114.241064114
268 268 189.420582944
269 269 88.0086015184
270 270 17.1572876157
271 271 93.1485402426
272 272 0.00602147906815
273 273 211.485831954
274 274 119.511679534
275 275 0.00451230802324
276 276 269.006212517
277 277 24.2977202108
278 278 225.496887794
279 279 61.5286312977
280 280 0.00917410443981
281 281 0.00276800229417
282 282 220.804307497
283 283 20.3169811219
284 284 237.443321619
285 285 393.014817259
286 286 0.00426591648638
287 287 374.674390399
288 288 164.629692914
289 289 99.6206411843
290 290 193.869594954
291 291 385.666763757
292 292 431.461848742
293 293 216.638373977
294 294 0.00754723971402
295 295 136.573998489
296 296 585.175061732
297 297 0.00303639930997
298 298 157.34523302
299 299 354.156072873
300 300 379.711987635
301 301 544.796854784
302 302 505.415858517
303 303 0.00410812594149
304 304 77.5917182171
305 305 54.1533094147
306 306 311.416051661
307 307 0.00579926829635
308 308 544.858251933
309 309 531.900098956
310 310 0.00287578116153
311 311 182.089577266
312 312 0.00301360650166
313 313 334.432767176
314 314 530.861581474
315 315 589.678108894
316 316 167.443624731
317 317 616.492339371
318 318 144.489977874
319 319 303.595035089
320 320 260.475696891
321 321 513.895498282
322 322 0.00189024067329
323 323 171.327724248
324 324 506.422738041
325 325 0.00247429939429
326 326 0.00538700321858
327 327 76.3956789178
328 328 81.6204386445
329 329 322.883575245
330 330 0.00638922379613
331 331 0.00266174360473
332 332 519.194753854
333 333 130.283685484
334 334 115.999505993
335 335 0.00411077900935
336 336 0.00512106530902
337 337 50.8603736807
338 338 499.84527702
339 339 301.93195364
340 340 352.981870063
341 341 0.00926663362638
342 342 526.978245887
343 343 0.0065562962143
344 344 272.048195297
345 345 328.782477855
346 346 283.763857298
347 347 0.00786087180551
348 348 0.00248625472587
349 349 0.00200214033103
350 350 0.00322562552799
351 351 600.554020451
352 352 64.9600589321
353 353 134.093975554
354 354 0.00904598651819
355 355 255.346666079
356 356 232.216915274
357 357 546.381836002
358 358 0.00611881062472
359 359 0.00462133724973
360 360 384.78240791
361 361 35.0802355848
362 362 593.233438936
363 363 416.233546036
364 364 465.909348739
365 365 80.556964049
366 366 531.975760865
367 367 563.973156552
368 368 474.759884308
369 369 420.850522796
370 370 414.706711652
371 371 77.7787290753
372 372 0.00282910044142
373 373 602.487267345
374 374 206.32759701
375 375 90.3300067733
376 376 0.00908530934407
377 377 380.356592652
378 378 583.560229807
379 379 0.00338337395006
380 380 0.00224718982126
381 381 127.335537398
382 382 0.00905927279778
383 383 0.00957384075417
384 384 0.00918097160998
385 385 492.33811239
386 386 412.013749888
387 387 152.332305138
388 388 197.677930492
389 389 534.688971117
390 390 51.6926605747
391 391 557.652149413
392 392 406.790591111
393 393 582.013342004
394 394 0.00671573696385
395 395 0.00482695573502
396 396 409.070199477
397 397 115.374276086
398 398 0.00714419316093
399 399 263.428266323
400 400 15.1861489724
401 401 466.616680037
402 402 376.69039582
403 403 364.454945463
404 404 151.045950676
405 405 0.000829498661114
406 406 602.93131949
407 407 0.00741293927534
408 408 0.00741125713502
409 409 0.00136918304959
410 410 557.82948202
411 411 181.976417226
412 412 0.00856480370462
413 413 401.327168777
414 414 110.985836945
415 415 485.307606413
416 416 0.00361078374117
417 417 123.928753917
418 418 347.393125364
419 419 0.00541625609339
420 420 118.186089895
421 421 212.551725007
422 422 623.140617725
423 423 322.955204357
424 424 259.972872772
425 425 520.135016482
426 426 0.00528797372465
427 427 436.144397401
428 428 128.444716889
429 429 0.00455055694027
430 430 0.00904057082144
431 431 37.1651350411
432 432 117.40942891
433 433 58.6289664918
434 434 325.682078248
435 435 333.214100274
436 436 566.401900486
437 437 424.294139638
438 438 36.6682093448
439 439 0.00433771794425
440 440 7.88125576062
441 441 374.798271576
442 442 59.6152155798
443 443 0.00869533271888
444 444 94.5341849144
445 445 223.997470326
446 446 33.9939863011
447 447 514.261977775
448 448 192.949425047
449 449 56.1711082547
450 450 61.0576856884
451 451 463.082433256
452 452 562.126277225
453 453 293.080399789
454 454 508.054399363
455 455 350.427007628
456 456 282.373389872
457 457 0.00932523575603
458 458 0.00719268839947
459 459 287.32608593
460 460 0.0079283845109
461 461 83.07490564
462 462 496.907160541
463 463 114.79654644
464 464 498.842277998
465 465 430.542980767
466 466 0.00682388304404
467 467 558.038742994
468 468 0.0034467765087
469 469 0.00532608021623
470 470 98.0854985243
471 471 353.0525013
472 472 0.000986534759837
473 473 369.962446197
474 474 9.12258062349
475 475 0.00498092115898
476 476 168.454694516
477 477 358.370921092
478 478 0.00137769584252
479 479 0.00301076430951
480 480 457.440333731
481 481 481.559135391
482 482 131.096929209
483 483 335.57924715
484 484 0.00580735811051
485 485 132.719405983
486 486 0.00219058476009
487 487 55.1284637439
488 488 234.962423125
489 489 520.095925609
490 490 0.00662841586964
491 491 544.624642988
492 492 317.956105434
493 493 225.436403363
494 494 498.199115977
495 495 111.321430726
496 496 225.184981494
497 497 370.338646376
498 498 0.00182633777137
499 499 0.00673653524612
500 500 35.1672404688
501 501 410.026446571
502 502 233.627616089
503 503 5.01765415846e-05
504 504 205.650716489
505 505 0.00415926266521
506 506 543.492493831
507 507 468.826283569
508 508 387.642187456
509 509 149.517896586
510 510 559.319344657
511 511 587.969523321
512 512 250.227901856
513 513 197.131263349
514 514 22.6693192288
515 515 0.000864656414227
516 516 617.490256047
517 517 424.093757855
518 518 141.863770919
519 519 0.00325823404191
520 520 416.3693373
521 521 450.827508153
522 522 313.9651343
523 523 341.465385965
524 524 397.655488191
525 525 158.01358514
526 526 524.385342846
527 527 333.799057304
528 528 589.063996965
529 529 585.150040381
530 530 414.080061463
531 531 574.262031958
532 532 0.00501332693244
533 533 506.732184095
534 534 477.504346234
535 535 132.216688144
536 536 378.531673816
537 537 0.00509729158846
538 538 233.999587582
539 539 450.282353096
540 540 247.312065232
541 541 353.15499792
542 542 546.189185431
543 543 0.00221179208232
544 544 257.637619594
545 545 232.760619135
546 546 0.00362003226587
547 547 0.00884329256133
548 548 26.0445749416
549 549 497.498820942
550 550 75.8810627466
551 551 344.713856376
552 552 497.144694838
553 553 321.347774314
554 554 134.38538666
555 555 241.755611279
556 556 547.704752715
557 557 161.581973741
558 558 0.00553072654055
559 559 0.000126043434322
560 560 0.548272299815
561 561 0.0068701362244
562 562 458.499135329
563 563 535.822175087
564 564 593.560805141
565 565 265.575450922
566 566 104.141737834
567 567 327.495671219
568 568 323.788759088
569 569 258.769489242
570 570 358.102035344
571 571 469.609527901
572 572 572.955460445
573 573 88.4056859765
574 574 0.00438100256526
575 575 516.601140344
576 576 518.471102254
577 577 0.00135980075067
578 578 592.911702792
579 579 197.163895499
580 580 0.0038585409832
581 581 9.860084054
582 582 529.221899917
583 583 0.00617930876119
584 584 516.559111645
585 585 352.696174249
586 586 441.893062997
587 587 0.00190510133287
588 588 595.373372069
589 589 220.787838456
590 590 467.231024154
591 591 402.849497409
592 592 0.00821520202732
593 593 68.8825242914
594 594 0.00170032650759
595 595 564.555231438
596 596 397.746360053
597 597 42.7941705029
598 598 126.594112664
599 599 41.3567368788
600 600 307.117720231
601 601 558.691352892
602 602 358.31268079
603 603 437.548199907
604 604 274.602256075
605 605 96.190371986
606 606 75.7355332868
607 607 0.00898559747742
608 608 0.00148951268689
609 609 524.247278246
610 610 138.439205934
611 611 415.039272048
612 612 256.303007055
613 613 0.00451168731276
614 614 24.244320865
615 615 394.808615374
616 616 0.00232486393005
617 617 0.00126492716697
618 618 373.424333462
619 619 613.171520202
620 620 84.0671080598
621 621 139.140407126
622 622 315.244621677
623 623 178.852907569
624 624 388.474589343
625 625 559.401660042
626 626 316.398598336
627 627 169.758330426
628 628 498.8128832
629 629 281.041343045
630 630 315.631669486
631 631 340.667532331
632 632 521.30059538
633 633 131.617768034
634 634 41.8902641545
635 635 217.666134387
636 636 249.721757861
637 637 0.00341436756454
638 638 0.00788928350997
639 639 0.0065594873112
640 640 294.402870388
641 641 0.00679261433317
642 642 0.00740227032673
643 643 430.19253398
644 644 604.688502587
645 645 0.00139377444884
646 646 261.275543021
647 647 0.00172477643736
648 648 177.995706512
649 649 0.00874452408836
650 650 179.970992376
651 651 34.9162906834
652 652 0.000258912184118
653 653 469.085651609
654 654 0.000659629611003
655 655 188.245275684
656 656 0.0091974753373
657 657 171.459620862
658 658 35.3239621273
659 659 489.574518593
660 660 0.00956941551215
661 661 537.037974573
662 662 506.822031916
663 663 0.00561489701604
664 664 0.00208948749944
665 665 529.27218422
666 666 0.00377747134243
667 667 287.722137096
668 668 624.543533518
669 669 225.412721614
670 670 322.252447588
671 671 0.00630291674464
672 672 369.247589212
673 673 404.670591688
674 674 0.00028124393895
675 675 524.100891491
676 676 0.00401650231739
677 677 125.218663935
678 678 246.848087932
679 679 0.00583726920385
680 680 302.200286966
681 681 299.188074616
682 682 486.735217814
683 683 172.289734294
684 684 81.6799120023
685 685 351.238946584
686 686 0.00781205767576
687 687 162.233618156
688 688 0.00532504985843
689 689 139.930900018
690 690 363.917331677
691 691 594.609141527
692 692 38.8437542246
693 693 277.901182213
694 694 440.832019035
695 695 118.719960989
696 696 32.8231989866
697 697 0.00696700063257
698 698 237.385065003
699 699 0.0028616613668
700 700 227.953547796
701 701 0.000162669606036
702 702 345.540912954
703 703 608.33060991
704 704 129.544625368
705 705 73.4151719371
706 706 274.915724362
707 707 0.00662687317239
708 708 202.344663769
709 709 46.1755112009
710 710 335.137555617
711 711 420.150703966
712 712 486.116413355
713 713 481.655603008
714 714 509.080246357
715 715 505.253721717
716 716 0.00874893171938
717 717 534.325686366
718 718 96.6984144564
719 719 521.137127059
720 720 414.643431112
721 721 424.717337031
722 722 0.0068838833163
723 723 286.200070195
724 724 0.00855477169986
725 725 382.640943638
726 726 228.065191438
727 727 525.897246786
728 728 473.153391461
729 729 414.187536964
730 730 52.4724726549
731 731 462.413384797
732 732 0.00349577284251
733 733 351.998181107
734 734 255.477643115
735 735 256.505012742
736 736 521.471212189
737 737 514.129802288
738 738 283.967865059
739 739 615.010804379
740 740 546.943796932
741 741 542.887048723
742 742 419.116049225
743 743 508.660058504
744 744 71.3436339242
745 745 0.000166058027496
746 746 616.73470221
747 747 428.528008199
748 748 0.0078322649226
749 749 100.362083988
750 750 338.435772799
751 751 0.0098350720853
752 752 0.00280109069246
753 753 468.810890152
754 754 198.494981094
755 755 9.84280797972
756 756 0.00270745246528
757 757 86.8190758306
758 758 0.0067407141433
759 759 284.949825998
760 760 271.289576128
761 761 132.117266393
762 762 15.7427408758
763 763 81.7151450991
764 764 212.024504179
765 765 619.992699312
766 766 12.9997453128
767 767 0.00779608799609
768 768 505.937647648
769 769 87.3816925759
770 770 158.907970434
771 771 0.00735126646689
772 772 101.896032045
773 773 560.134705184
774 774 618.308235934
775 775 0.0028416368355
776 776 0.00375498563944
777 777 0.00273615820213
778 778 528.537751731
779 779 132.41475248
780 780 286.323928066
781 781 573.085966577
782 782 0.00330064603282
783 783 0.00267328589081
784 784 216.884899116
785 785 261.136225255
786 786 296.797339161
787 787 198.706354537
788 788 136.408997551
789 789 0.00458156476942
790 790 561.479893154
791 791 485.992051503
792 792 473.831287866
793 793 245.640402885
794 794 181.152503789
795 795 452.838027677
796 796 413.733061786
797 797 230.395609148
798 798 623.035660505
799 799 173.229480102
800 800 41.7201016255
801 801 0.00665360316931
802 802 49.6222087987
803 803 609.99701525
804 804 0.00767041210734
805 805 13.1005286695
806 806 324.179318299
807 807 608.815620937
808 808 303.417174485
809 809 433.470384016
810 810 586.64784349
811 811 315.084318992
812 812 600.731721975
813 813 582.604143577
814 814 45.9394795759
815 815 436.364705267
816 816 547.755238832
817 817 355.507145436
818 818 596.678627615
819 819 229.432113601
820 820 0.00210927783178
821 821 50.7014136443
822 822 413.784594515
823 823 0.00349982685625
824 824 402.78341769
825 825 499.909213133
826 826 545.958571234
827 827 0.00318334963648
828 828 0.000174829151466
829 829 0.00752165294452
830 830 0.0041514578119
831 831 0.00850273243734
832 832 355.703886206
833 833 464.613910853
834 834 0.0073204497832
835 835 602.93957454
836 836 0.00990210929836
837 837 7.03715431577
838 838 256.973249589
839 839 559.869991798
840 840 292.024649359
841 841 339.248306153
842 842 604.665880558
843 843 337.644405059
844 844 0.00342174517389
845 845 25.9507666495
846 846 54.6327686128
847 847 0.00038167483323
848 848 0.00835561538056
849 849 256.830240119
850 850 521.335973237
851 851 324.674928701
852 852 133.888188191
853 853 0.00872561919115
854 854 0.000752122464463
855 855 331.485609551
856 856 47.7773553716
857 857 269.981368038
858 858 578.960563502
859 859 0.00690782454698
860 860 526.381245355
861 861 0.00286389484855
862 862 184.139131343
863 863 73.5690148504
864 864 495.077647799
865 865 530.877004143
866 866 475.487348304
867 867 225.209941056
868 868 0.00838314217407
869 869 0.00202107723491
870 870 606.999503716
871 871 200.221554059
872 872 0.00869772088042
873 873 274.378922715
874 874 580.031932657
875 875 0.00239383655896
876 876 0.000202528154475
877 877 537.51781649
878 878 569.456965194
879 879 58.5704382966
880 880 437.274169778
881 881 79.3643849041
882 882 529.629973499
883 883 558.144493457
884 884 530.712519496
885 885 604.932460301
886 886 187.73537508
887 887 433.074266815
888 888 0.00443449403217
889 889 0.000741460544436
890 890 259.30574895
891 891 532.095125904
892 892 0.0023425208314
893 893 359.357813246
894 894 0.00221647347601
895 895 236.109563196
896 896 572.796564592
897 897 293.653774164
898 898 78.1869509574
899 899 480.270469384
900 900 403.332689679
901 901 0.000719261762777
902 902 126.397820158
903 903 234.502693664
904 904 463.832031463
905 905 356.148841627
906 906 501.390104721
907 907 581.339746201
908 908 0.00160886543883
909 909 217.500192074
910 910 282.961516347
911 911 330.007893095
912 912 323.142120943
913 913 4.77615164332
914 914 521.243875205
915 915 228.365877247
916 916 0.00250753764134
917 917 618.526185197
918 918 601.32765264
919 919 0.0056903582671
920 920 72.7740893236
921 921 0.000106254383347
922 922 0.0086663218183
923 923 399.55459755
924 924 398.79428695
925 925 410.763880457
926 926 190.584280942
927 927 174.423652887
928 928 574.180029917
929 929 300.561855812
930 930 260.240857266
931 931 85.6215154618
932 932 367.83741286
933 933 485.701645248
934 934 187.687160004
935 935 625.84519218
936 936 53.3551091476
937 937 130.826821921
938 938 0.00713555202076
939 939 262.586715248
940 940 54.6539043139
941 941 0.00362932181261
942 942 248.41861115
943 943 32.4686131758
944 944 244.113655636
945 945 123.374304661
946 946 221.395451547
947 947 1.77003519416
948 948 439.90820507
949 949 442.309036267
950 950 353.993731098
951 951 183.349285696
952 952 394.078468259
953 953 446.698622337
954 954 492.800523969
955 955 602.590643081
956 956 601.81563471
957 957 91.5277070046
958 958 43.3528129749
959 959 378.932228762
960 960 0.00887496733492
961 961 225.917084558
962 962 0.00133754922948
963 963 0.00610244254196
964 964 275.439516575
965 965 548.627567908
966 966 36.2931521507
967 967 47.2550829647
968 968 449.813420063
969 969 0.00459187485652
970 970 463.985543948
971 971 0.00788128339191
972 972 582.307751791
973 973 37.8223867666
974 974 168.480136992
975 975 382.308491021
976 976 0.000613282617592
977 977 0.00261589642439
978 978 250.667869109
979 979 305.574165814
980 980 448.516570871
981 981 423.907553238
982 982 0.00595941954307
983 983 625.702156884
984 984 0.00134453175324
985 985 359.042436355
986 986 0.00232055008088
987 987 569.46199903
988 988 252.674622613
989 989 275.035994618
990 990 197.246827301
991 991 128.976435755
992 992 0.00253917809096
993 993 281.726982383
994 994 390.922916196
995 995 367.568105327
996 996 79.1756525372
997 997 505.219123203
998 998 356.934308765
999 999 462.423354546
1000 1000 508.892114792
