1 1 2591.20052981
2 2 5.10524410661e-06
3 3 5.16923138938e-05
4 4 9.14560636098e-05
5 5 6.16174078484e-05
6 6 1.69684498637e-05
7 7 5.32046436734e-05
8 8 5426.79129184
9 9 7.11809465943e-05
10 10 9.76243172758e-05
11 11 1.00075541741e-05
12 12 3.43231590869e-05
13 13 4.75165268013e-05
14 14 2.42799313474e-05
15 15 6.62758089509e-05
16 16 1.41954153699e-05
17 17 4.65693693048e-05
18 18 6.39793656237e-05
19 19 3581.59455451
20 20 8.92170217215e-05
21 21 3.01858595698e-06
22 22 4.83765788312e-05
23 23 7.43271592296e-05
24 24 4.65503328723e-05
25 25 7.23731043252e-05
26 26 3161.68464366
27 27 4632.68110389
28 28 5.28629366325e-05
29 29 2.11292673407e-05
30 30 4.49498863956e-05
31 31 2.3743446895e-05
32 32 8.05203631508e-06
33 33 3.12924651161e-05
34 34 6.06048831266e-05
35 35 5.01186882378e-05
36 36 8.82989911821e-05
37 37 5.40146589841e-08
38 38 8.35882328597e-05
39 39 3.31092300071e-05
40 40 9.38996801663e-05
41 41 5552.22304116
42 42 9.84404696158e-05
43 43 9.44516441517e-06
44 44 1072.83865147
45 45 9.50225450601e-05
46 46 8.59892693948e-05
47 47 6.48630918726e-05
48 48 1.69426751898e-05
49 49 9.30213266945e-05
50 50 5.82160002181e-05
51 51 7.60264714443e-05
52 52 2.13206770522e-05
53 53 8.12766616201e-05
54 54 2.83755017326e-05
55 55 1.47762147942e-05
56 56 5.73071398808e-05
57 57 5.69008475423e-05
58 58 4362.57015029
59 59 6.07960653344e-06
60 60 3.5015766507e-05
61 61 7.27920448075e-05
62 62 5.31419817994e-05
63 63 8.52901238164e-05
64 64 4338.47777946
65 65 1.63455258143e-05
66 66 6.66047189292e-05
67 67 1561.78151601
68 68 9.26340582399e-05
69 69 7.57053433087e-05
70 70 5.96694533337e-05
71 71 9.00422413885e-05
72 72 9.49644356967e-05
73 73 3.00611406042e-05
74 74 5.38869974482e-05
75 75 3.44753807011e-05
76 76 7.11630260045e-05
77 77 4.53505319393e-05
78 78 4899.2690934
79 79 8.52023687666e-05
80 80 2.03389332081e-05
81 81 6.68848411258e-06
82 82 7.08040240991e-05
83 83 6.23990749734e-05
84 84 6.31568845686e-05
85 85 2.35247077981e-06
86 86 4860.89714312
87 87 5.62793492701e-05
88 88 5252.66194059
89 89 2.60328178057e-05
90 90 4.19693269788e-05
91 91 6.17712839064e-05
92 92 6.55278077077e-05
93 93 9.79218520828e-05
94 94 6.8719897265e-05
95 95 1810.18817011
96 96 3.15090562625e-05
97 97 4.5140900818e-05
98 98 2.12534971954e-05
99 99 5.35095184507e-05
100 100 6.86105922355e-05
101 101 8.85269406197e-05
102 102 8.05120635376e-05
103 103 3.60368337637e-05
104 104 5086.09341344
105 105 2.65313352966e-05
106 106 2436.02812701
107 107 7.62885064099e-06
108 108 7.61854061521e-05
109 109 1027.57566517
110 110 1.87982651491e-05
111 111 4907.22430775
112 112 2.08337399548e-06
113 113 7.82357883625e-05
114 114 4.95407392127e-05
115 115 3.00079064203e-05
116 116 7.84711429519e-05
117 117 4.47963273117e-05
118 118 4.94337331124e-05
119 119 2733.64741393
120 120 2.19602908935e-06
121 121 5.7671226483e-06
122 122 2383.65066019
123 123 2.73231247734e-05
124 124 3.7593895576e-05
125 125 5.50247602876e-05
126 126 4.98002949537e-06
127 127 1033.01491522
128 128 4.34577196285e-05
129 129 2910.28496575
130 130 6.83594610356e-05
131 131 1301.44170213
132 132 8.23705039561e-05
133 133 9.13230806231e-05
134 134 3.28221787318e-05
135 135 8.20178372375e-05
136 136 7.75871929008e-05
137 137 2.91958246133e-05
138 138 1.53502529025e-06
139 139 1.13354897634e-05
140 140 8.69731512482e-05
141 141 8.37764539862e-05
142 142 3.83869221251e-05
143 143 4843.0299992
144 144 2.94319708678e-05
145 145 3989.10877833
146 146 4.51636604015e-05
147 147 7.42883247576e-05
148 148 7.08822688548e-05
149 149 6.85744807398e-05
150 150 3257.89487897
151 151 2.00522641382e-05
152 152 4.16284490377e-05
153 153 1780.24848005
154 154 4.91473981076e-05
155 155 1982.6527668
156 156 4.27467330256e-05
157 157 5.97663215445e-05
158 158 7.07792453675e-05
159 159 6.8325389898e-05
160 160 7.45311069529e-05
161 161 1392.00945229
162 162 6.97058732093e-06
163 163 1.58266191609e-05
164 164 7.19315415733e-05
165 165 3704.90394288
166 166 8.57803342142e-05
167 167 4.19279164936e-05
168 168 3.73685383792e-05
169 169 6.42474606434e-05
170 170 6.68093409683e-05
171 171 4.4610878048e-05
172 172 4.78607745956e-05
173 173 9.93727294893e-05
174 174 3.69637791134e-05
175 175 4.73738554266e-05
176 176 4.73096396818e-05
177 177 1166.2663287
178 178 332.171136965
179 179 3.08144481919e-05
180 180 1781.02872043
181 181 4.15061126328e-05
182 182 3.79013590882e-05
183 183 8.20274926933e-05
184 184 4.28055067507e-05
185 185 8.65460324675e-05
186 186 3544.58882136
187 187 2451.60687831
188 188 5036.55352897
189 189 5.65780143481e-05
190 190 9.23193782802e-05
191 191 8.70143357223e-05
192 192 2.73204175648e-05
193 193 5602.78490178
194 194 8.20452598831e-05
195 195 5.45197632682e-05
196 196 1.08779423233e-05
197 197 6.47116058135e-05
198 198 6.23705094832e-05
199 199 3.48111385911e-05
200 200 7.43632867771e-05
201 201 2.88159669403e-05
202 202 2.22063648519e-05
203 203 7.53793573291e-05
204 204 1.98633224863e-05
205 205 4.79655107874e-05
206 206 3199.32520372
207 207 9.61763895813e-05
208 208 5.14928697386e-05
209 209 1767.90935938
210 210 4.22570228071e-05
211 211 7.62001950478e-05
212 212 125.254269575
213 213 979.002239478
214 214 5.6648307127e-05
215 215 6.89308675266e-05
216 216 8.50822030288e-05
217 217 3.75213545588e-05
218 218 6.29936598587e-05
219 219 2.92673124195e-05
220 220 1019.13341927
221 221 7.7912934626e-05
222 222 3472.40948599
223 223 3989.98016459
224 224 6.97210656728e-05
225 225 1.40475149292e-05
226 226 6.30075799543e-05
227 227 3.12592213283e-05
228 228 710.930597882
229 229 1.89531261397e-05
230 230 5.99954631278e-05
231 231 2.00348550153e-05
232 232 3.46927834192e-06
233 233 3771.73362274
234 234 1.12310386962e-05
235 235 2.04917027349e-07
236 236 4.51241130298e-05
237 237 1379.59708226
238 238 4.13635329895e-05
239 239 3612.19351347
240 240 4.39341085178e-05
241 241 2008.16060567
242 242 4.54550648582e-05
243 243 5.34143324644e-05
244 244 4.037876417e-05
245 245 1.43543276416e-05
246 246 2.5733144826e-05
247 247 1.55187977119e-05
248 248 2.81358141106e-05
249 249 6.21371672043e-05
250 250 7.33441247869e-05
251 251 5.80419343869e-05
252 252 2118.90340105
253 253 8.28736703227e-06
254 254 6.8118803924e-05
255 255 1.12632517975e-05
256 256 3.63130020976e-05
257 257 6.89761614922e-05
258 258 1602.22876748
259 259 5610.87036742
260 260 9.47680795541e-05
261 261 7.7762840841e-05
262 262 2863.34204391
263 263 4397.50960393
264 264 2056.94152136
265 265 1.87291607977e-05
266 266 1248.04661539
267 267 5.94640536589e-05
268 268 914.821129072
269 269 5.80652978396e-06
270 270 7.87148748221e-05
271 271 4.77045318436e-05
272 272 2.63102739286e-05
273 273 2398.92446717
274 274 2.36853368446e-05
275 275 8.91966277928e-05
276 276 8.05998883589e-05
277 277 6.4909049552e-05
278 278 2.99016233594e-05
279 279 3239.11089984
280 280 6.83800988462e-06
281 281 3.54264279834e-05
282 282 4.81223076352e-05
283 283 1.0407283047e-05
284 284 7.65289999768e-05
285 285 2.81017682515e-05
286 286 4770.93461598
287 287 6.61177253621e-06
288 288 7.00613812088e-05
289 289 6.05545468026e-05
290 290 4.61363172739e-05
291 291 9.65551189278e-05
292 292 3.08005889859e-05
293 293 4.92641523503e-07
294 294 827.967934977
295 295 3.81950672123e-05
296 296 149.813180656
297 297 1.62434538225e-05
298 298 3609.61382084
299 299 3.63666261484e-05
300 300 3.83475727675e-05
301 301 4.2535191796e-05
302 302 1.37122869358e-05
303 303 1.88403402509e-05
304 304 7.11044460236e-05
305 305 1438.7102132
306 306 7.27407762604e-06
307 307 1811.53877248
308 308 5.95519988891e-05
309 309 5.82282189543e-05
310 310 6.66911844362e-05
311 311 7.73672985034e-05
312 312 8.01258755112e-06
313 313 7.05752150779e-05
314 314 3.21079434182e-05
315 315 6.94119067727e-05
316 316 6.54398839458e-05
317 317 3.84884214575e-05
318 318 4554.05703706
319 319 4133.66294447
320 320 3875.54391772
321 321 4.55320490283e-05
322 322 7.72182519626e-05
323 323 8.78281803848e-05
324 324 8.0453331623e-05
325 325 7.54055397439e-05
326 326 5.94679293696e-05
327 327 4.11441632407e-05
328 328 1756.35953755
329 329 3.56829067485e-05
330 330 8.33225966238e-05
331 331 4.23890833888e-05
332 332 5454.2590637
333 333 8.71643753574e-05
334 334 4.9340351847e-05
335 335 9.21565302619e-06
336 336 9.29716601551e-05
337 337 4222.08212141
338 338 6.07786204562e-06
339 339 9.04886887573e-05
340 340 467.213200221
341 341 6.96657359815e-05
342 342 4.53670165749e-05
343 343 3861.11035048
344 344 2429.69054031
345 345 4026.73585584
346 346 6.85162615722e-05
347 347 5.04827428081e-05
348 348 3.08910522834e-05
349 349 3.61639325326e-05
350 350 9.19661672924e-05
351 351 3.24313187543e-05
352 352 3.13397161937e-05
353 353 1830.74327037
354 354 6.81424041394e-05
355 355 3233.08120419
356 356 3493.73934728
357 357 4.80494620957e-05
358 358 4.2887908324e-05
359 359 501.137024701
360 360 4.66223566165e-05
361 361 7.09530878698e-05
362 362 2.55847487511e-05
363 363 6.74896314626e-05
364 364 2430.74469483
365 365 5.83040232351e-06
366 366 4866.71021728
367 367 7.66110037444e-05
368 368 1285.20992731
369 369 4849.52914313
370 370 245.208823157
371 371 9.83387884898e-05
372 372 7.03384017723e-06
373 373 8.73639863377e-05
374 374 6.92202362455e-05
375 375 7.94833629135e-05
376 376 2852.88396235
377 377 2813.74821864
378 378 6.3570333935e-06
379 379 4812.53237568
380 380 5606.58920577
381 381 3.21927718115e-05
382 382 4.08890810103e-05
383 383 3.03665615252e-05
384 384 5352.81974124
385 385 6.82881965154e-05
386 386 5.77116855365e-06
387 387 4.04138023708e-05
388 388 6.43975961192e-06
389 389 5.14994077934e-05
390 390 5.29666996141e-05
391 391 8.13328963706e-05
392 392 6.0450032144e-05
393 393 6.32179643191e-05
394 394 9.64820354792e-05
395 395 6.87821923891e-05
396 396 5.52055921158e-05
397 397 3014.57196505
398 398 4.02609194154e-05
399 399 7.63966704173e-05
400 400 8.67986620372e-05
401 401 8.37807421979e-05
402 402 7.24622081574e-05
403 403 3467.71877171
404 404 3.40926028475e-05
405 405 1.96088692849e-05
406 406 3.57691508536e-05
407 407 4572.19674496
408 408 1.86025203022e-05
409 409 1.47184663033e-05
410 410 6.49269960595e-05
411 411 1.77037511003e-05
412 412 2562.70191443
413 413 296.006450176
414 414 6.56807784996e-05
415 415 3.10951204101e-05
416 416 3239.59741671
417 417 1450.84118179
418 418 8.44920811976e-05
419 419 4287.68773076
420 420 2.11687752267e-05
421 421 1.18480362452e-05
422 422 3.06350403503e-05
423 423 9.85053141657e-05
424 424 4637.72329846
425 425 2.20313537066e-05
426 426 6.33895798519e-05
427 427 7.70094520188e-05
428 428 5.00552776949e-06
429 429 8.84533784343e-05
430 430 7.77111141295e-05
431 431 7.31563514776e-05
432 432 2.07116540447e-05
433 433 5316.37502455
434 434 3.65740730915e-05
435 435 7.54783722245e-05
436 436 9.27642371731e-05
437 437 9.41226108373e-05
438 438 3.13624093049e-05
439 439 4041.60162925
440 440 6.25027968139e-06
441 441 2.33098993546e-05
442 442 2272.14683008
443 443 9.37550073766e-05
444 444 7.97812594245e-05
445 445 4394.31345717
446 446 3391.50493541
447 447 6.93702340434e-05
448 448 1120.86366716
449 449 2.94021157244e-05
450 450 4.28364428149e-05
451 451 4.46603158897e-05
452 452 1.07030977617e-05
453 453 4606.30512175
454 454 7.05701432499e-05
455 455 2.44334109813e-06
456 456 4.67721846376e-05
457 457 5.11528953348e-05
458 458 6.21300766474e-05
459 459 2.56324130114e-05
460 460 2684.67488586
461 461 9.24110048961e-05
462 462 3.93378549259e-05
463 463 3.32747090421e-05
464 464 3.96636716999e-06
465 465 476.289243821
466 466 8.42432393752e-05
467 467 2037.44229255
468 468 6.20725150125e-05
469 469 6.38421658622e-05
470 470 8.2744153499e-05
471 471 6.16042027399e-05
472 472 7.58718195708e-05
473 473 9.92974784637e-05
474 474 8.03683450896e-05
475 475 7.93848230274e-05
476 476 2.32941379883e-05
477 477 7.71777769492e-05
478 478 9.72171284718e-05
479 479 4.14974808739e-05
480 480 8.91163398823e-05
481 481 7.93147134904e-06
482 482 4533.2695262
483 483 9.45794677685e-05
484 484 900.324464802
485 485 2.96422405845e-06
486 486 463.491893229
487 487 8.94462419824e-05
488 488 4.84086789098e-05
489 489 4.14965922351e-05
490 490 9.13129715477e-05
491 491 3.43971204659e-06
492 492 2193.05794817
493 493 3.40093083417e-05
494 494 1.73793819959e-05
495 495 7.8896695292e-05
496 496 5.1098837252e-06
497 497 9.33948635094e-05
498 498 3.6714727428e-05
499 499 1268.84109699
500 500 6.82460567721e-05
501 501 3455.29726522
502 502 9.69090783558e-05
503 503 4.72271184002e-05
504 504 4.27988522429e-05
505 505 4.42826698554e-05
506 506 6.87335706421e-05
507 507 1998.43675767
508 508 4.30020525853e-05
509 509 7.49059287766e-05
510 510 4779.0198829
511 511 6.25961871023e-05
512 512 9.6622693454e-05
513 513 4108.49476444
514 514 4537.85652703
515 515 619.758655172
516 516 793.421111801
517 517 3.50945250358e-05
518 518 5.86992601351e-05
519 519 4.64272152273e-05
520 520 6.61754933939e-06
521 521 3933.03548341
522 522 4.09878159737e-06
523 523 5199.5884617
524 524 9.05017258633e-05
525 525 6.15712644279e-05
526 526 5141.81349906
527 527 6.4771252225e-05
528 528 5.81114213173e-07
529 529 6.38331952669e-05
530 530 5.70749826088e-05
531 531 1.91826847658e-05
532 532 3.83292517573e-05
533 533 4.03776522498e-05
534 534 7.88197495683e-05
535 535 2638.43738105
536 536 9.61437192277e-05
537 537 9.65119783095e-06
538 538 7.18000433696e-05
539 539 2.90645257041e-05
540 540 3606.00334664
541 541 3134.33023775
542 542 994.5660901
543 543 2154.38372526
544 544 3.27623739216e-06
545 545 1.23855760613e-05
546 546 8.48434999836e-05
547 547 3.94320067875e-05
548 548 3.8074905866e-05
549 549 5.70388138569e-05
550 550 4.28051695664e-05
551 551 3.94316759917e-05
552 552 6.79619841807e-05
553 553 8.01622524485e-05
554 554 3.60852219733e-06
555 555 6.84784352222e-05
556 556 9.45518208289e-05
557 557 5090.70328207
558 558 4.96565145398e-05
559 559 2.42627090258e-06
560 560 2760.16934451
561 561 8.39290433902e-05
562 562 5.45123384881e-05
563 563 4.5287288356e-05
564 564 3.58780708752e-05
565 565 6.82780720686e-05
566 566 3.64196226224e-05
567 567 5.54031064074e-05
568 568 6.90534268941e-05
569 569 7.59003004941e-05
570 570 8.71823847789e-05
571 571 7.07901520558e-05
572 572 145.289770072
573 573 6.076254095e-05
574 574 7.54918000729e-05
575 575 5.41291534473e-05
576 576 4172.10613118
577 577 3504.82251313
578 578 7.16421099906e-05
579 579 4.6037064373e-05
580 580 8.38479441765e-05
581 581 7.71078380175e-05
582 582 5.57635256872e-05
583 583 4478.90280419
584 584 7.41523017124e-05
585 585 1.76543956266e-05
586 586 5337.49983624
587 587 8.3149866414e-05
588 588 8.98446409071e-06
589 589 507.273832243
590 590 8.1174873418e-05
591 591 2640.56743352
592 592 3.24801632195e-06
593 593 5.98560607372e-05
594 594 4648.47871594
595 595 4.37280656476e-05
596 596 3046.62323277
597 597 9.85618947819e-05
598 598 2.09864478287e-05
599 599 2555.34916175
600 600 2.3594891536e-05
601 601 6.89125653689e-05
602 602 3.80549362824e-05
603 603 3.97460211506e-05
604 604 8.05522148364e-05
605 605 3.18871869433e-05
606 606 5.28320384626e-05
607 607 1134.79583265
608 608 8.33283333844e-06
609 609 2.39886911354e-05
610 610 7.39554381339e-05
611 611 9.90882217632e-05
612 612 3.27453091324e-05
613 613 3.38007951506e-06
614 614 2.91115418911e-05
615 615 4.13207493184e-05
616 616 5.87151478785e-05
617 617 9.27053188971e-05
618 618 9.49225539065e-05
619 619 2681.94687797
620 620 1.97499563033e-05
621 621 1.06214265492e-06
622 622 4.92012599503e-06
623 623 1.03977722026e-05
624 624 3757.69207223
625 625 5.78269740721e-05
626 626 9.3927165824e-05
627 627 8.24561375278e-05
628 628 2177.01163616
629 629 2.66227960021e-05
630 630 1.92054997044e-05
631 631 4.00626211874e-05
632 632 1627.56768332
633 633 2.90100067084e-05
634 634 2.30796916687e-05
635 635 2.64755489293e-05
636 636 2.39417136863e-05
637 637 8.67221995885e-05
638 638 3573.91837607
639 639 7.59046932528e-05
640 640 3.25308800008e-05
641 641 5.42980412586e-05
642 642 5.16159355186e-05
643 643 7.39561314147e-05
644 644 7.09003557739e-05
645 645 7.05188701024e-05
646 646 5.37483754029e-05
647 647 4.93242967821e-05
648 648 290.04244764
649 649 4.99735401681e-05
650 650 6.51668194146e-05
651 651 2.1458081916e-05
652 652 6.51127262815e-05
653 653 2.92324880908e-05
654 654 3150.46830948
655 655 4639.8342278
656 656 3.89030215719e-05
657 657 7.85705821921e-05
658 658 1.16256002761e-06
659 659 4163.51149449
660 660 2104.10579376
661 661 5.68764070483e-05
662 662 5.17213820888e-05
663 663 4.14415615221e-05
664 664 9.90953808083e-05
665 665 9.07617758052e-05
666 666 4.1791227862e-05
667 667 3.92216683899e-05
668 668 6.65104308896e-05
669 669 1239.26657459
670 670 4.94022487105e-05
671 671 2.85330401981e-05
672 672 2.52209331337e-05
673 673 6.92606770504e-05
674 674 3.56153633757e-05
675 675 6.78591286515e-05
676 676 8.09146013593e-05
677 677 6.30137231834e-05
678 678 5.32930904475e-05
679 679 1.87233963372e-05
680 680 4072.26797182
681 681 6.04773941189e-05
682 682 3164.10438037
683 683 2998.88753443
684 684 7.08535291783e-05
685 685 6.34145790785e-05
686 686 4194.97284018
687 687 8.24938070529e-05
688 688 2.32316351292e-05
689 689 1.92587974607e-05
690 690 3079.12748364
691 691 5.10399208622e-05
692 692 662.246184926
693 693 5.46769737285e-05
694 694 4.37086456432e-05
695 695 8.70739911933e-05
696 696 6.43091351832e-05
697 697 4086.46183768
698 698 7.76469589673e-05
699 699 2857.93044187
700 700 3866.47529652
701 701 4.87733163638e-05
702 702 3.18248817874e-05
703 703 5.00761039305e-06
704 704 2766.11763588
705 705 6.22087647208e-05
706 706 4020.00524962
707 707 5.30512852522e-06
708 708 2.11229464857e-05
709 709 9.01632313016e-05
710 710 6.643295229e-05
711 711 7.06131759748e-05
712 712 3.45641487007e-05
713 713 3.6448060025e-05
714 714 5.15249882231e-05
715 715 1.64452914342e-05
716 716 526.312867137
717 717 8.59570935166e-05
718 718 1549.87275213
719 719 3961.52448237
720 720 4287.17487459
721 721 5.59057848759e-05
722 722 5197.06008967
723 723 6.02520136703e-06
724 724 2.1845581594e-05
725 725 6.00555034438e-05
726 726 674.042332071
727 727 3598.63430178
728 728 400.980880501
729 729 6.00675704807e-05
730 730 4.10264650945e-05
731 731 5.70757417298e-05
732 732 2.54877624817e-05
733 733 7.50028296714e-05
734 734 5.34856841289e-05
735 735 4.57277180689e-05
736 736 3956.68920695
737 737 1.74527108651e-05
738 738 1855.92093206
739 739 4.96110177714e-05
740 740 1974.24485074
741 741 4844.2022882
742 742 8.22397681955e-05
743 743 6.22240180034e-05
744 744 3.5356204572e-05
745 745 5.24952193124e-05
746 746 9.61231013539e-05
747 747 3.37336076055e-05
748 748 6.5946110712e-05
749 749 4556.20122198
750 750 9.49997956251e-05
751 751 9.29885173486e-05
752 752 5.14834000336e-05
753 753 9.30448302014e-05
754 754 3.84068620985e-05
755 755 3513.55779279
756 756 1.48144284619e-05
757 757 4.60389389489e-06
758 758 2.65750127378e-05
759 759 2.05451420384e-05
760 760 9.34613664528e-05
761 761 2.83056702069e-05
762 762 850.11433075
763 763 5.45033016257e-05
764 764 8.20203742731e-05
765 765 4995.16350062
766 766 3.37182952503e-05
767 767 7.59999359495e-05
768 768 708.34888973
769 769 2.97366721409e-05
770 770 4.78813466107e-05
771 771 5087.84331176
772 772 1147.99455374
773 773 9.16287308933e-07
774 774 7.54472974752e-05
775 775 6.29943606179e-05
776 776 336.719466272
777 777 3.2224350708e-05
778 778 7.2120607044e-05
779 779 8.20160386391e-05
780 780 4.89385095859e-05
781 781 2.95049798678e-05
782 782 5.01505415807e-05
783 783 9.25970231234e-05
784 784 7.80422863433e-05
785 785 1816.81494964
786 786 4.20831507969e-05
787 787 1.37215006139e-05
788 788 4749.74392616
789 789 2.2004842436e-05
790 790 8.34438803919e-05
791 791 2672.14178879
792 792 4803.86059129
793 793 1007.62033789
794 794 6.72245672287e-05
795 795 2.61596020684e-06
796 796 4.54952395406e-05
797 797 1.56086615875e-06
798 798 7.88858462901e-06
799 799 2.2925325072e-05
800 800 4661.43443991
801 801 2.21175530279e-05
802 802 5.99970209101e-05
803 803 9.96347511909e-05
804 804 3.39844284664e-05
805 805 8.48013529596e-05
806 806 2986.69638146
807 807 6.58255892208e-05
808 808 2917.09975342
809 809 4023.33719714
810 810 1.15166981222e-05
811 811 4.81362033321e-05
812 812 9.94098799319e-05
813 813 336.729666667
814 814 9.39967638927e-05
815 815 2.00902167548e-05
816 816 9.0153444958e-05
817 817 8.18054764414e-05
818 818 3608.52284097
819 819 5.04945823686e-05
820 820 4063.30645702
821 821 9.15124076006e-05
822 822 3260.63231905
823 823 2.85708831092e-05
824 824 5.5422270357e-05
825 825 6.7972330465e-05
826 826 4.78624624173e-05
827 827 3.40915847762e-05
828 828 7.44427728345e-07
829 829 9.75823155861e-05
830 830 4.22780982445e-05
831 831 2.03190513706e-05
832 832 6.65269439396e-05
833 833 6.8205290154e-05
834 834 7.1036286905e-05
835 835 4847.9489817
836 836 1368.20894732
837 837 3.77882988687e-06
838 838 2.25805800943e-05
839 839 6.27289694663e-05
840 840 5.1170592081e-05
841 841 3.11721188875e-05
842 842 8.13604397728e-05
843 843 5.87703605661e-05
844 844 4.59018507554e-05
845 845 5.83056282171e-05
846 846 6.43579893492e-05
847 847 2.94318659506e-05
848 848 8.91255873694e-05
849 849 7.22346224266e-05
850 850 7.08362077207e-05
851 851 337.373877388
852 852 6.81531417932e-05
853 853 1.18719566673e-05
854 854 2377.51493894
855 855 1987.78598653
856 856 4934.76936246
857 857 1328.63354286
858 858 1421.26328585
859 859 3.1800385474e-05
860 860 1.25235722223e-05
861 861 1270.90001705
862 862 9.35144267273e-05
863 863 4724.7961812
864 864 7.06191211745e-05
865 865 1.48855600376e-05
866 866 6.71478854169e-05
867 867 9.53589860407e-05
868 868 2.09082788553e-05
869 869 6.88379300187e-05
870 870 9.68331766397e-05
871 871 3640.35030204
872 872 7.37397099396e-05
873 873 5213.70937875
874 874 9.24363369731e-05
875 875 3178.72245311
876 876 5.86027623984e-05
877 877 9.91442192874e-05
878 878 3295.91005181
879 879 2.43905380681e-05
880 880 2377.33663138
881 881 2.17298592627e-05
882 882 3151.09565965
883 883 6.82315449819e-05
884 884 1.70183663109e-05
885 885 2408.8821381
886 886 1984.27495552
887 887 1.57131735314e-05
888 888 8.83007850813e-05
889 889 5.49557166943e-05
890 890 6.76774486048e-06
891 891 1.94534403525e-05
892 892 9.24757278544e-05
893 893 2.98098180852e-05
894 894 8.20550924865e-05
895 895 9.83976711827e-05
896 896 7.31215575833e-05
897 897 6.87232128978e-05
898 898 8.1862485666e-05
899 899 4.97284471006e-05
900 900 4.3358062e-05
901 901 7.09176312331e-05
902 902 3554.91483176
903 903 9.54821804988e-05
904 904 7.80796595651e-05
905 905 2574.91305577
906 906 1.72518407501e-05
907 907 8.44294812497e-05
908 908 9.92327509804e-05
909 909 6.79259940877e-05
910 910 5.33996650527e-06
911 911 7.85602420447e-05
912 912 1.52151205455e-05
913 913 8.50910301659e-05
914 914 5265.98296988
915 915 5.49160379844e-05
916 916 9.94929287098e-05
917 917 5.90101848667e-05
918 918 9.99133715693e-05
919 919 6.07858052576e-05
920 920 3.39927948208e-05
921 921 2.98305795193e-06
922 922 3.94987793745e-05
923 923 8.83211956959e-05
924 924 8.97264892547e-06
925 925 3278.0524425
926 926 1.40737927746e-05
927 927 1.10512259901e-05
928 928 5.94836612763e-05
929 929 7.03352932096e-05
930 930 1353.18794829
931 931 2.86147419554e-05
932 932 8.48739690025e-05
933 933 5.65185429183e-05
934 934 4238.69208071
935 935 8.99495712207e-05
936 936 1.39656533887e-05
937 937 9.03230969177e-05
938 938 6.1897212044e-05
939 939 4.6294201099e-05
940 940 7.78551671186e-05
941 941 3.66363829634e-05
942 942 3861.5135063
943 943 7.41937752948e-05
944 944 1.98531843874e-05
945 945 9.78756878242e-05
946 946 5.32752392867e-05
947 947 6.01034668858e-05
948 948 6.45506055663e-06
949 949 9.91890538825e-05
950 950 3.30992579795e-05
951 951 2375.20939345
952 952 5039.12345888
953 953 8.35850629448e-05
954 954 5.07039195798e-05
955 955 4.52572456632e-05
956 956 4029.14852067
957 957 8.9061177262e-06
958 958 6.07392690353e-05
959 959 5.15131767118e-05
960 960 7.97515336977e-05
961 961 8.1475858079e-05
962 962 5.97081315943e-05
963 963 6.53252624514e-05
964 964 4437.1432778
965 965 3661.89217345
966 966 2157.74691299
967 967 1.51554802299e-05
968 968 6.71738582476e-05
969 969 3.20970786759e-06
970 970 5.48476313872e-05
971 971 5.89871297423e-05
972 972 4.56522328191e-05
973 973 4.1175340114e-05
974 974 6.36351725871e-05
975 975 1.11931976206e-05
976 976 7.45707180081e-05
977 977 9.67819132654e-05
978 978 3.04238550088e-05
979 979 7.70997665424e-05
980 980 4.01616906042e-05
981 981 8.4624126597e-05
982 982 1.02077620991e-05
983 983 3611.03975917
984 984 8.84250546014e-05
985 985 3.99167678991e-05
986 986 4.60976648431e-05
987 987 5.8294511626e-06
988 988 4.50451735997e-05
989 989 5.29574634333e-05
990 990 3496.77992264
991 991 5079.14923304
992 992 3.37983322675e-05
993 993 5.41286709761e-06
994 994 1752.22646115
995 995 5.60902611456e-05
996 996 3593.26159678
997 997 7.26137911165e-05
998 998 3867.10751816
999 999 9.6145082773e-05
1000 1000 2.42047813984e-05
