1 1 0.00191127999508
2 2 403.953200834
3 3 0.00495504211498
4 4 351.123096311
5 5 515.135817966
6 6 485.263407157
7 7 178.799267798
8 8 41.6736900793
9 9 192.122902716
10 10 559.240923166
11 11 0.00376238263879
12 12 524.191350325
13 13 0.00684269149799
14 14 449.973382906
15 15 608.311059453
16 16 582.846483683
17 17 0.000374240237241
18 18 0.00558517182169
19 19 304.551296614
20 20 0.00589150126283
21 21 594.786303598
22 22 527.603141863
23 23 336.803549388
24 24 583.095807606
25 25 305.881570317
26 26 170.190408383
27 27 0.00268293003181
28 28 339.681140545
29 29 316.330334876
30 30 346.400777019
31 31 0.00500330710361
32 32 0.00274293106823
33 33 0.00987644345633
34 34 225.614282443
35 35 362.642696805
36 36 0.00799497955941
37 37 482.570675293
38 38 0.00951374234399
39 39 382.514766749
40 40 0.0069632871834
41 41 195.251363715
42 42 80.1561976084
43 43 361.179892009
44 44 277.972842694
45 45 263.775237285
46 46 571.199837527
47 47 0.00341182038078
48 48 0.006929097097
49 49 400.317490659
50 50 0.00182057663273
51 51 386.955516378
52 52 0.00309367254454
53 53 610.195233409
54 54 0.00917835276979
55 55 318.244337851
56 56 305.891238653
57 57 116.572429905
58 58 193.252971009
59 59 499.583664818
60 60 448.246062577
61 61 420.131400552
62 62 49.182438419
63 63 0.00991846610863
64 64 163.604001183
65 65 552.497418553
66 66 0.00276779381823
67 67 0.00538448305943
68 68 151.616993978
69 69 492.801898494
70 70 571.920544847
71 71 421.443760166
72 72 576.206471179
73 73 95.6766976717
74 74 275.172216132
75 75 520.220356821
76 76 186.60380392
77 77 413.913834867
78 78 244.752724716
79 79 454.115615821
80 80 364.506614299
81 81 122.847423198
82 82 429.494159159
83 83 334.085293959
84 84 385.933704524
85 85 144.76031155
86 86 336.985661411
87 87 96.569250847
88 88 557.027767498
89 89 0.0031829262949
90 90 295.799495818
91 91 0.00671597315184
92 92 549.757611852
93 93 523.803770196
94 94 605.314816999
95 95 313.410841965
96 96 364.425185852
97 97 0.00902717639674
98 98 120.994122378
99 99 307.492129576
100 100 38.1757147559
101 101 425.535945931
102 102 113.936820499
103 103 216.270371874
104 104 285.711910995
105 105 47.0990911305
106 106 0.00803472187712
107 107 0.00784927650298
108 108 194.415848385
109 109 0.000158474975265
110 110 397.522380326
111 111 325.858570574
112 112 388.871784221
113 113 270.28662509
114 114 196.135213069
115 115 229.342135704
116 116 382.472053174
117 117 304.630327923
118 118 109.221901505
119 119 603.48906915
120 120 138.82415468
121 121 605.444780983
122 122 574.832017925
123 123 230.728192053
124 124 97.6841689711
125 125 191.525371544
126 126 519.487571687
127 127 525.990386438
128 128 222.257184698
129 129 622.654089921
130 130 282.153648601
131 131 229.177912995
132 132 385.569472007
133 133 0.00350456191822
134 134 0.0095157034272
135 135 418.39288671
136 136 256.235984456
137 137 217.339586506
138 138 399.577312234
139 139 437.749325807
140 140 69.0226481405
141 141 463.392419823
142 142 0.00450067234474
143 143 151.93726487
144 144 0.00631065064276
145 145 426.808460367
146 146 72.7816418885
147 147 0.000853823656174
148 148 233.407620064
149 149 487.008875725
150 150 0.00761963990624
151 151 0.00714601030553
152 152 0.00581795027635
153 153 0.00544550266841
154 154 0.000583054263291
155 155 624.605901918
156 156 0.00844551706932
157 157 510.389763824
158 158 621.04693218
159 159 97.0099040501
160 160 587.06427105
161 161 0.0091285359324
162 162 337.998496394
163 163 358.981869344
164 164 0.0094384221885
165 165 300.103571134
166 166 432.334293941
167 167 0.00496005903511
168 168 0.868195493023
169 169 192.181628167
170 170 0.00412988720028
171 171 213.840371263
172 172 0.00115186878431
173 173 490.701149245
174 174 0.00191552678871
175 175 0.00318645329567
176 176 399.883069366
177 177 125.238345678
178 178 0.00142829384902
179 179 0.00198502740176
180 180 279.042462515
181 181 241.505901768
182 182 0.00374880635931
183 183 323.661717349
184 184 0.00272432049924
185 185 493.08336689
186 186 86.5131692756
187 187 146.906225836
188 188 0.00168932169916
189 189 0.00110715804063
190 190 421.008018248
191 191 90.4320815231
192 192 22.7652338028
193 193 615.380064221
194 194 203.384021179
195 195 130.475480901
196 196 415.346471625
197 197 330.712824633
198 198 469.100243232
199 199 394.383405766
200 200 0.00131676719658
201 201 429.372290914
202 202 0.0021978213141
203 203 0.00949182392808
204 204 399.443669167
205 205 293.428354213
206 206 0.00709799719278
207 207 0.00639010353905
208 208 591.465472213
209 209 212.839297552
210 210 291.466220174
211 211 88.903494059
212 212 579.865554054
213 213 91.3798101008
214 214 0.00847042132021
215 215 478.851800492
216 216 28.6807179744
217 217 578.571094657
218 218 390.092707752
219 219 136.478353654
220 220 379.542098516
221 221 436.182870124
222 222 0.0091456721593
223 223 225.152614647
224 224 572.75664993
225 225 452.334176973
226 226 345.003394133
227 227 365.423204121
228 228 467.033484158
229 229 65.6419247532
230 230 296.11378678
231 231 608.334523813
232 232 35.3351694524
233 233 476.592009632
234 234 370.113953289
235 235 298.224726056
236 236 256.125721089
237 237 185.778246735
238 238 616.696827495
239 239 598.417374948
240 240 384.392094445
241 241 11.8051733959
242 242 33.5134258997
243 243 0.00875304212764
244 244 113.245755066
245 245 609.120043421
246 246 5.44701984479e-05
247 247 74.5440895095
248 248 0.00738266925643
249 249 315.988844266
250 250 0.00535094022721
251 251 89.1067967843
252 252 228.020593711
253 253 298.802286099
254 254 511.113176903
255 255 236.341601312
256 256 120.495356384
257 257 97.6760144213
258 258 457.962514615
259 259 4.76327840051e-05
260 260 105.712531504
261 261 305.330759487
262 262 84.8451154186
263 263 592.218690977
264 264 0.005424090355
265 265 152.089359537
266 266 246.832291092
267 267 380.189231936
268 268 484.270409524
269 269 553.93753301
270 270 0.00224213952942
271 271 588.483060185
272 272 74.6362130124
273 273 212.724957518
274 274 331.246423062
275 275 625.725630645
276 276 414.974690621
277 277 368.879758327
278 278 567.35164337
279 279 74.0634051515
280 280 570.282108205
281 281 0.00197664741647
282 282 19.9302287592
283 283 63.9884246534
284 284 0.00606542170179
285 285 0.000824146188493
286 286 508.816133168
287 287 343.811652064
288 288 567.137208229
289 289 23.4505517633
290 290 149.358940862
291 291 534.971888609
292 292 306.718936076
293 293 0.00313876706696
294 294 152.83749332
295 295 143.891165208
296 296 70.7519789111
297 297 215.65675371
298 298 342.35414724
299 299 593.3894738
300 300 338.606561173
301 301 538.627186238
302 302 478.689354682
303 303 319.204025651
304 304 0.00597034393583
305 305 67.6045578869
306 306 497.099123741
307 307 566.291084138
308 308 408.760266989
309 309 332.494914786
310 310 0.00571805064866
311 311 619.21097173
312 312 234.643962031
313 313 622.411088761
314 314 287.840741226
315 315 422.054174759
316 316 0.00778684972153
317 317 0.00233264723338
318 318 535.809691119
319 319 0.000992538396212
320 320 0.00686932892964
321 321 26.440495955
322 322 333.223804596
323 323 290.389097281
324 324 51.2194087041
325 325 541.568535548
326 326 349.576951588
327 327 247.51010477
328 328 298.54718718
329 329 0.00113218958417
330 330 555.482903475
331 331 0.00706343281323
332 332 0.000710887840536
333 333 204.750475004
334 334 562.484151578
335 335 0.00832352894953
336 336 0.00524614874285
337 337 539.494123318
338 338 0.00213937598938
339 339 302.047269269
340 340 521.385017783
341 341 187.435955977
342 342 0.00638615986409
343 343 132.549685572
344 344 622.225908832
345 345 289.633844271
346 346 0.00457659659757
347 347 66.3457186328
348 348 424.297566317
349 349 513.619683865
350 350 276.767753836
351 351 470.6058946
352 352 0.00186432849461
353 353 588.90315336
354 354 103.103489594
355 355 75.3859688176
356 356 128.923409023
357 357 332.246158893
358 358 260.164589154
359 359 0.00961229873021
360 360 0.00825380994276
361 361 537.707155928
362 362 595.226438495
363 363 0.00759666773817
364 364 47.3948750677
365 365 308.698241958
366 366 0.00237138468018
367 367 260.518371388
368 368 402.296410007
369 369 331.941633549
370 370 0.00391977341401
371 371 0.000480235423451
372 372 450.329767344
373 373 403.809961847
374 374 4.99386049118
375 375 105.771015067
376 376 622.393667352
377 377 621.851108096
378 378 123.91405822
379 379 178.865928555
380 380 203.791333343
381 381 0.0021199611241
382 382 437.356271568
383 383 351.483864072
384 384 320.763283985
385 385 0.00222156724418
386 386 241.162467052
387 387 0.000767232291894
388 388 0.00843497978798
389 389 343.068578744
390 390 390.108235422
391 391 68.4258431344
392 392 0.00935189060196
393 393 240.67610502
394 394 0.00787413708371
395 395 455.545419897
396 396 0.00438705525115
397 397 387.014376157
398 398 0.00859374746927
399 399 8.97018849599
400 400 187.406599838
401 401 4.07575041447
402 402 0.00361775359656
403 403 0.00671726182454
404 404 345.445973861
405 405 500.195688371
406 406 12.8294553857
407 407 46.6143511851
408 408 393.137872177
409 409 577.664812695
410 410 120.316875616
411 411 251.4874997
412 412 211.60810938
413 413 225.425215522
414 414 137.350194245
415 415 0.000359479594692
416 416 51.9007986411
417 417 83.1245318242
418 418 432.19152
419 419 0.00369083139873
420 420 0.00776283573773
421 421 0.00944604864882
422 422 388.454677336
423 423 0.00981514876777
424 424 197.371916698
425 425 459.335175209
426 426 81.2211015696
427 427 0.00411498593126
428 428 490.01895443
429 429 5.16981282312
430 430 603.615814127
431 431 534.019973629
432 432 0.000651171996021
433 433 13.9868814741
434 434 62.5656444603
435 435 250.371042881
436 436 100.562123075
437 437 99.1467629085
438 438 327.098764033
439 439 522.743739048
440 440 0.0029226000325
441 441 564.624320358
442 442 339.505184553
443 443 0.00762468000596
444 444 205.745956079
445 445 0.00457640717243
446 446 500.361405182
447 447 0.00546204244959
448 448 291.343230051
449 449 0.00282095572936
450 450 462.035021128
451 451 620.181457366
452 452 75.8853573837
453 453 218.949775533
454 454 432.537909564
455 455 420.55341245
456 456 317.232369487
457 457 248.850290908
458 458 23.5279443897
459 459 0.00711724456769
460 460 135.867918887
461 461 208.278283336
462 462 106.610176904
463 463 158.442615166
464 464 594.232610267
465 465 427.258686789
466 466 0.00213552308867
467 467 121.415608768
468 468 469.220709476
469 469 0.000855249495959
470 470 284.630428197
471 471 79.6697309328
472 472 254.583852188
473 473 385.059586416
474 474 599.744246943
475 475 190.418798481
476 476 0.00170603883549
477 477 264.35380065
478 478 134.564389498
479 479 222.22788657
480 480 6.39332118797
481 481 253.221705021
482 482 458.914701243
483 483 0.00605016841438
484 484 54.1360392683
485 485 42.7339358954
486 486 205.988675778
487 487 504.683851026
488 488 504.070612985
489 489 0.00549845612334
490 490 247.977859521
491 491 305.936156275
492 492 500.57507356
493 493 527.245098331
494 494 615.10828502
495 495 117.205438935
496 496 0.00736344242141
497 497 505.383945188
498 498 42.1425764374
499 499 592.051570957
500 500 317.365311876
501 501 0.00908406675362
502 502 67.3426192935
503 503 518.710277236
504 504 0.00690592011026
505 505 345.833287512
506 506 128.889577008
507 507 453.214691112
508 508 300.0134292
509 509 0.00526573857209
510 510 0.00490853902881
511 511 432.281385492
512 512 376.712147824
513 513 543.0704336
514 514 211.266394104
515 515 502.058076583
516 516 0.00720153285135
517 517 449.361031723
518 518 417.406630719
519 519 0.00586198125458
520 520 262.192016603
521 521 0.00546225303319
522 522 0.0075738236363
523 523 0.00434100547126
524 524 169.163136415
525 525 256.740678774
526 526 340.206775311
527 527 322.824937974
528 528 450.161443329
529 529 79.3183563289
530 530 0.00560874710224
531 531 55.062222791
532 532 252.126459688
533 533 0.00641743317942
534 534 105.179770597
535 535 0.00963863388908
536 536 0.000783658081734
537 537 0.00882036315903
538 538 19.5027206394
539 539 0.00496130545946
540 540 426.327950784
541 541 38.7213671161
542 542 1.280960416
543 543 315.658175403
544 544 437.994750295
545 545 0.00720734216041
546 546 299.681828973
547 547 564.093765151
548 548 526.322933317
549 549 602.494714158
550 550 36.4228251054
551 551 105.223098889
552 552 525.005067428
553 553 10.9399632255
554 554 308.640142933
555 555 483.218984296
556 556 425.574884393
557 557 178.006220376
558 558 428.263781392
559 559 0.00581465571308
560 560 340.391722372
561 561 477.412066946
562 562 209.195643919
563 563 113.705157748
564 564 600.721613635
565 565 5.89100296784
566 566 0.00929494280723
567 567 409.665932683
568 568 606.699855951
569 569 0.0061492842987
570 570 548.767232811
571 571 206.934718152
572 572 0.00257966318243
573 573 350.77589269
574 574 26.2852840777
575 575 152.901500115
576 576 500.692949097
577 577 274.293520646
578 578 404.668565634
579 579 578.595460789
580 580 372.606677748
581 581 485.240089496
582 582 0.00495947764121
583 583 288.289260389
584 584 216.842888272
585 585 0.00944280047477
586 586 5.99879577069e-05
587 587 0.00819058768574
588 588 0.00387011390314
589 589 273.693971255
590 590 290.541048502
591 591 9.66612580273e-05
592 592 258.373600873
593 593 136.448738273
594 594 0.0083277777731
595 595 228.215963034
596 596 427.791203431
597 597 456.447374011
598 598 85.8251639014
599 599 358.324225184
600 600 42.1116132778
601 601 148.879051517
602 602 0.00574800781212
603 603 0.00667010749778
604 604 0.00584069564168
605 605 238.370318686
606 606 331.69601191
607 607 221.966195704
608 608 568.492430979
609 609 0.00991173948465
610 610 0.0091892993084
611 611 212.753171592
612 612 0.00323036529748
613 613 153.306712078
614 614 554.906985001
615 615 55.7065988558
616 616 75.6077674641
617 617 198.7608078
618 618 0.00752826076507
619 619 181.698408224
620 620 586.362653153
621 621 238.222696238
622 622 246.557657639
623 623 0.00756542402175
624 624 0.000192299009307
625 625 131.090404462
626 626 555.96451075
627 627 460.989744556
628 628 0.00175657490593
629 629 572.768937843
630 630 0.000550412321127
631 631 495.92173314
632 632 0.00961081693493
633 633 424.669639489
634 634 307.461844237
635 635 513.052928958
636 636 0.0027397215931
637 637 261.134939871
638 638 0.0068732168447
639 639 603.983433917
640 640 0.000629372267044
641 641 601.248472871
642 642 0.00625400819744
643 643 0.00692652953811
644 644 229.133547698
645 645 216.984571085
646 646 100.842962341
647 647 56.8371369004
648 648 336.601259333
649 649 578.968190265
650 650 38.5174847553
651 651 579.428422161
652 652 382.41211914
653 653 134.715225706
654 654 169.224760236
655 655 376.534419125
656 656 535.754398556
657 657 554.209695414
658 658 0.00374518423846
659 659 303.995586279
660 660 8.79850769636
661 661 240.938613278
662 662 370.973704232
663 663 256.871600862
664 664 0.000739742773454
665 665 523.403632738
666 666 241.075134272
667 667 180.138613396
668 668 0.00884033749831
669 669 96.3757790809
670 670 615.942037972
671 671 0.000182368674446
672 672 249.903227674
673 673 271.199224831
674 674 477.031132917
675 675 93.9498402901
676 676 524.534733865
677 677 0.00166136364732
678 678 616.688311474
679 679 0.00201879202323
680 680 448.030693706
681 681 35.8055583982
682 682 0.00635159590811
683 683 456.130424454
684 684 0.000909641131985
685 685 98.0466144562
686 686 529.066344597
687 687 290.65349594
688 688 592.001241743
689 689 589.605426628
690 690 541.703516261
691 691 604.663431238
692 692 0.00432495454932
693 693 151.575527268
694 694 0.00461877311012
695 695 457.443196197
696 696 368.713396193
697 697 367.239511627
698 698 465.174476075
699 699 69.9893140961
700 700 422.623080427
701 701 175.778885951
702 702 0.00154535627059
703 703 96.406543398
704 704 454.673418413
705 705 0.00139733138624
706 706 177.509705067
707 707 403.941469879
708 708 20.7686502575
709 709 137.080166101
710 710 105.480845199
711 711 250.147178997
712 712 594.546378515
713 713 1.6205394801
714 714 267.431307147
715 715 0.00624679026416
716 716 312.043461656
717 717 267.67959592
718 718 103.023343075
719 719 0.00445830240535
720 720 78.9700374073
721 721 328.673393625
722 722 411.82222697
723 723 112.366490212
724 724 30.3744874274
725 725 247.277540804
726 726 120.220049646
727 727 218.008378455
728 728 0.00470931454244
729 729 333.849769018
730 730 617.822366222
731 731 478.291172015
732 732 73.8004289247
733 733 429.090779056
734 734 559.680693065
735 735 91.411793873
736 736 111.786473496
737 737 173.162542271
738 738 419.255570113
739 739 303.057656987
740 740 119.175130459
741 741 65.1499305581
742 742 205.076109769
743 743 600.11722434
744 744 345.621739366
745 745 0.00431663240015
746 746 189.924140347
747 747 311.563134858
748 748 383.042505886
749 749 168.210048547
750 750 0.00302522348927
751 751 0.00913022901895
752 752 0.00284261782275
753 753 279.71294271
754 754 20.1828421964
755 755 158.527590658
756 756 7.55778918386
757 757 412.80517859
758 758 134.406799328
759 759 78.5323611001
760 760 426.464184112
761 761 0.00341292969706
762 762 548.046534181
763 763 255.91089981
764 764 0.000131756835964
765 765 44.9446602347
766 766 367.082049187
767 767 544.673528403
768 768 449.640928202
769 769 9.30516925827e-06
770 770 189.940603296
771 771 203.616967687
772 772 253.534759756
773 773 617.774825181
774 774 354.714372893
775 775 0.00802576930025
776 776 0.00203220291451
777 777 350.072900639
778 778 389.129092672
779 779 0.00554715893187
780 780 0.00860736856464
781 781 180.11499019
782 782 526.725309505
783 783 291.198313548
784 784 506.612833218
785 785 134.892715446
786 786 602.184916212
787 787 231.007441137
788 788 606.532528701
789 789 72.1254571926
790 790 0.0075508618649
791 791 589.775634283
792 792 242.336785441
793 793 208.051561229
794 794 0.00297422336754
795 795 67.4822683782
796 796 143.95279917
797 797 505.338856402
798 798 0.00506734578639
799 799 0.00583474950585
800 800 228.638267729
801 801 137.699422173
802 802 109.906715109
803 803 375.143834804
804 804 0.00265172446054
805 805 354.040115888
806 806 0.00704247522096
807 807 0.0058753334072
808 808 114.652179256
809 809 512.567343303
810 810 399.638420045
811 811 368.079031289
812 812 316.178429338
813 813 331.214284406
814 814 183.211307082
815 815 410.197189446
816 816 254.659197739
817 817 0.00983633798233
818 818 620.241573247
819 819 474.477197497
820 820 425.684698917
821 821 441.034459875
822 822 412.719691089
823 823 485.237667067
824 824 0.000822642543116
825 825 540.18093883
826 826 398.941042525
827 827 242.56963656
828 828 254.976389915
829 829 0.00545165043542
830 830 0.00420171992949
831 831 11.1610830925
832 832 413.239865943
833 833 594.825013883
834 834 520.904852152
835 835 222.867011547
836 836 333.365103285
837 837 604.785466321
838 838 0.00938486801555
839 839 132.619056449
840 840 0.000327742390727
841 841 217.237536159
842 842 274.945234996
843 843 0.00682468745759
844 844 173.565870773
845 845 37.141146551
846 846 495.472190803
847 847 0.00203921846627
848 848 444.005076088
849 849 265.963993179
850 850 539.340089468
851 851 69.3987106257
852 852 308.268566931
853 853 69.7072538089
854 854 0.00326453466864
855 855 346.924926923
856 856 148.390646025
857 857 0.00275669444118
858 858 138.416137618
859 859 0.00329396730774
860 860 239.330862322
861 861 337.049777314
862 862 28.0572227415
863 863 0.00369059102052
864 864 490.760758815
865 865 147.890682935
866 866 292.189223522
867 867 346.425189477
868 868 29.6552665013
869 869 93.5518504766
870 870 235.491449322
871 871 326.56974635
872 872 103.856277391
873 873 238.237454164
874 874 196.320419473
875 875 0.00548432541202
876 876 212.942322856
877 877 0.00405571702687
878 878 0.00470672754233
879 879 497.966304199
880 880 94.282596728
881 881 239.826442424
882 882 195.988376767
883 883 625.730792337
884 884 23.798349019
885 885 0.00340688481848
886 886 149.015356234
887 887 117.792636367
888 888 567.317898343
889 889 592.503974576
890 890 135.114559563
891 891 82.2490668056
892 892 239.965653088
893 893 357.335048225
894 894 0.00503422501694
895 895 584.793401252
896 896 570.629096368
897 897 0.00615266442788
898 898 199.333865499
899 899 308.298180661
900 900 0.00346377435207
901 901 0.00639112399469
902 902 547.238624248
903 903 0.00985536774664
904 904 488.289170118
905 905 218.071901297
906 906 193.292383574
907 907 230.485073454
908 908 488.216009706
909 909 407.584598561
910 910 4.13306396821
911 911 58.8097254642
912 912 229.247929915
913 913 280.053418689
914 914 8.98976943081
915 915 436.037402543
916 916 0.00569826222943
917 917 276.180388192
918 918 580.510500681
919 919 346.691919441
920 920 0.006442757643
921 921 495.045589824
922 922 391.54196363
923 923 40.3379729407
924 924 0.00829779508851
925 925 190.696491551
926 926 411.469286966
927 927 467.662645389
928 928 0.00168285736992
929 929 0.00653533075961
930 930 319.443929633
931 931 126.248732176
932 932 278.62786982
933 933 240.24266086
934 934 338.068078998
935 935 330.49082047
936 936 371.020956786
937 937 0.00271684760165
938 938 204.297744357
939 939 0.0092831040919
940 940 441.960414558
941 941 0.0089399235248
942 942 0.00735320024532
943 943 131.611520046
944 944 387.946337377
945 945 290.817178148
946 946 200.576476409
947 947 165.110691161
948 948 206.886778723
949 949 429.887766128
950 950 0.00645661106759
951 951 0.00876388034974
952 952 519.870559258
953 953 154.520134429
954 954 0.00346714833052
955 955 364.801074681
956 956 178.94394035
957 957 605.966262954
958 958 512.939330851
959 959 13.0504793473
960 960 498.427493848
961 961 577.165580555
962 962 0.00895660428405
963 963 128.229583906
964 964 430.512890775
965 965 0.00519669611134
966 966 142.333128919
967 967 28.9536096066
968 968 37.5801683192
969 969 327.070066664
970 970 142.555849764
971 971 244.253396281
972 972 0.00645730330063
973 973 257.417649255
974 974 186.460413664
975 975 156.456361428
976 976 259.731987444
977 977 5.10364815254
978 978 78.6098143625
979 979 0.00472603298238
980 980 0.00236051157753
981 981 99.6423173094
982 982 0.0066096101748
983 983 506.308863416
984 984 581.493108295
985 985 552.026645766
986 986 590.532522997
987 987 228.227446579
988 988 0.00365017323695
989 989 0.00229097323268
990 990 186.571352604
991 991 512.413055219
992 992 457.922375675
993 993 516.723965936
994 994 590.612479826
995 995 92.2189172332
996 996 0.00610243760235
997 997 253.650169296
998 998 51.9434965866
999 999 306.24913412
1000 1000 40.6412911705
