1 1 0.00480518882367
2 2 264.744747847
3 3 109.530254547
4 4 0.00655689893113
5 5 0.00309328013319
6 6 291.288897109
7 7 380.907112507
8 8 451.650230386
9 9 316.4890371
10 10 0.0053930631106
11 11 242.156555499
12 12 0.00598932322012
13 13 167.844053234
14 14 4.01205135155
15 15 186.392527149
16 16 186.902098802
17 17 28.5125095521
18 18 485.462543188
19 19 0.00735136379043
20 20 0.00979819059016
21 21 29.2246493714
22 22 0.00299314777355
23 23 44.072703946
24 24 0.00136442786245
25 25 624.225859754
26 26 9.67066168417e-05
27 27 0.00900609296937
28 28 114.110825921
29 29 395.953729583
30 30 18.9461799249
31 31 450.329312515
32 32 0.00431487467753
33 33 275.406208054
34 34 0.00572631142563
35 35 275.995592981
36 36 290.095449683
37 37 404.575965573
38 38 96.2066454063
39 39 106.153148264
40 40 326.083289674
41 41 8.41702294345e-05
42 42 0.00711544770949
43 43 362.135343828
44 44 0.00227596126002
45 45 564.711161806
46 46 72.4222621468
47 47 603.290641695
48 48 478.531774719
49 49 4.35077758733
50 50 509.512913178
51 51 0.00503130155679
52 52 291.42660658
53 53 461.616422852
54 54 27.5194406173
55 55 348.193709022
56 56 124.01713791
57 57 421.350848503
58 58 330.184279293
59 59 519.212857845
60 60 299.917151013
61 61 594.931458687
62 62 0.00144603562814
63 63 0.00187965992007
64 64 264.428061493
65 65 1.61146594203
66 66 471.493193053
67 67 122.24795943
68 68 0.00179937137148
69 69 337.658113299
70 70 61.840549247
71 71 0.00638054383843
72 72 58.8107743008
73 73 197.634854191
74 74 130.83334577
75 75 494.671776429
76 76 283.287264286
77 77 226.509589043
78 78 302.002624115
79 79 425.361820607
80 80 271.018562323
81 81 49.3900303379
82 82 114.965112287
83 83 221.483315563
84 84 0.00865589048279
85 85 0.0089992851866
86 86 240.675565194
87 87 110.584023353
88 88 312.944032336
89 89 53.7159315398
90 90 251.212969269
91 91 510.05843528
92 92 0.00816008719721
93 93 0.00775026908674
94 94 384.3782948
95 95 256.790407553
96 96 549.797318035
97 97 420.965375179
98 98 0.00806307121089
99 99 291.100003076
100 100 355.777824112
101 101 269.839758352
102 102 159.659422323
103 103 370.311923581
104 104 615.62442184
105 105 0.00336061497359
106 106 580.017381287
107 107 393.619913926
108 108 212.929975807
109 109 0.0035522996049
110 110 0.00769451728062
111 111 194.730353838
112 112 0.000302858921262
113 113 0.00696510985592
114 114 287.984866352
115 115 462.228101431
116 116 312.187647009
117 117 601.916845086
118 118 565.364214448
119 119 25.1753085176
120 120 309.404472142
121 121 0.00952674733636
122 122 475.484602912
123 123 0.00793253055485
124 124 271.542729823
125 125 159.383030706
126 126 254.058295876
127 127 546.949719308
128 128 0.00809015258375
129 129 127.498780448
130 130 196.035544011
131 131 85.9929623058
132 132 561.912650638
133 133 180.69638894
134 134 495.477970076
135 135 156.786788502
136 136 125.218263727
137 137 227.914291877
138 138 342.000303482
139 139 0.00855002095047
140 140 0.00135009949838
141 141 304.470485359
142 142 0.00695512195926
143 143 344.6516085
144 144 275.958010179
145 145 0.00235250600127
146 146 87.2322348832
147 147 0.00868293370984
148 148 0.0087463743822
149 149 139.935267506
150 150 70.7509069554
151 151 91.5207478918
152 152 117.429935808
153 153 257.21163346
154 154 0.00560022758404
155 155 476.587162348
156 156 612.963837791
157 157 0.00389440594262
158 158 125.242970144
159 159 560.875247128
160 160 331.361694671
161 161 196.889791081
162 162 137.311945167
163 163 590.867583082
164 164 441.006977775
165 165 301.966760898
166 166 328.716838986
167 167 67.8729979666
168 168 365.549366155
169 169 0.00738703679861
170 170 316.775993966
171 171 0.00712611641305
172 172 598.151777275
173 173 173.626135117
174 174 0.00874972296581
175 175 464.911251406
176 176 0.00901533391636
177 177 204.15851827
178 178 407.142164783
179 179 562.033698585
180 180 590.941673792
181 181 334.874803021
182 182 0.000734666437754
183 183 0.00856092159297
184 184 0.00177469600702
185 185 65.9082088398
186 186 0.00713704581086
187 187 0.00578741148062
188 188 258.769342939
189 189 0.0028094136054
190 190 0.00966671887604
191 191 524.099455622
192 192 328.326408675
193 193 155.547163465
194 194 0.000958362724693
195 195 295.513936283
196 196 353.746580189
197 197 556.847325806
198 198 620.985390289
199 199 356.809038682
200 200 10.2643294503
201 201 191.009237447
202 202 0.0023339974007
203 203 212.601861496
204 204 359.25705813
205 205 416.142663403
206 206 36.3281184475
207 207 0.00594749695327
208 208 294.289501353
209 209 0.00699270368737
210 210 0.000770240407019
211 211 153.014663088
212 212 0.00625829415708
213 213 496.08419816
214 214 551.385121102
215 215 0.0066249099505
216 216 0.00195434574888
217 217 226.518070487
218 218 0.00396714967135
219 219 104.724408877
220 220 115.162544559
221 221 472.25986552
222 222 88.7420539775
223 223 383.119608354
224 224 256.290392629
225 225 561.102990865
226 226 0.00566174084018
227 227 0.00818350368365
228 228 348.735651803
229 229 605.787101693
230 230 87.0420171761
231 231 495.84141536
232 232 591.584383983
233 233 0.00346689690348
234 234 241.867421885
235 235 576.362276561
236 236 0.00056984179943
237 237 99.422654006
238 238 382.609716562
239 239 155.875907826
240 240 436.995642022
241 241 212.852385741
242 242 134.81750041
243 243 0.000977237621733
244 244 436.526969566
245 245 292.079873211
246 246 154.608619511
247 247 0.00944922043322
248 248 467.984551715
249 249 225.238763642
250 250 0.0044842833537
251 251 547.344802597
252 252 99.9918471644
253 253 354.869307386
254 254 342.995037988
255 255 0.0031151829167
256 256 562.87941117
257 257 494.175686159
258 258 576.068099415
259 259 241.563359559
260 260 243.812411593
261 261 0.00484961516888
262 262 512.866094943
263 263 11.5837472326
264 264 332.353808613
265 265 0.00386654741831
266 266 158.953143348
267 267 393.917794841
268 268 119.165018767
269 269 562.025666416
270 270 135.634143314
271 271 137.303999981
272 272 183.387570081
273 273 587.090592935
274 274 148.243484669
275 275 0.00246269645344
276 276 0.00369467383404
277 277 288.763276566
278 278 0.00386417054222
279 279 50.8767423955
280 280 0.00592392647139
281 281 383.320093543
282 282 619.493545444
283 283 420.781881289
284 284 98.9271919622
285 285 0.00223415667123
286 286 551.329967584
287 287 325.259865534
288 288 127.000260545
289 289 0.00706219907803
290 290 67.194382622
291 291 0.000745074661618
292 292 0.00849459400307
293 293 382.066461788
294 294 346.218205887
295 295 394.541965489
296 296 625.480677204
297 297 0.000722448786299
298 298 483.773211794
299 299 497.221660883
300 300 411.922629213
301 301 349.193738848
302 302 562.81645109
303 303 253.711754637
304 304 0.00121631611361
305 305 271.635255127
306 306 0.0008169940643
307 307 0.00943099679068
308 308 0.009465792508
309 309 319.012179784
310 310 15.6184209744
311 311 32.6144576185
312 312 0.00230947561171
313 313 14.6263075014
314 314 206.142427293
315 315 89.8035587163
316 316 0.00371907769247
317 317 585.242940742
318 318 144.653952335
319 319 2.65335961512
320 320 28.1472396018
321 321 112.899899908
322 322 451.215679803
323 323 354.189074352
324 324 259.910649222
325 325 87.0615073972
326 326 209.182277587
327 327 139.266049388
328 328 605.215104752
329 329 28.6015613685
330 330 455.429426766
331 331 517.910581203
332 332 0.00843624194902
333 333 0.00773174533653
334 334 0.00237844261584
335 335 108.181644573
336 336 541.393828019
337 337 608.185278903
338 338 135.248748149
339 339 394.034336933
340 340 272.498632721
341 341 0.00328654218691
342 342 156.562110547
343 343 0.00534107461324
344 344 69.7437037238
345 345 0.00953386597349
346 346 4.77051385266
347 347 0.00441505111243
348 348 8.85373940743
349 349 295.799014372
350 350 0.00578747128448
351 351 0.00184668553817
352 352 354.827767675
353 353 0.00818792367223
354 354 23.3087098632
355 355 445.542142166
356 356 574.352776557
357 357 72.3098594281
358 358 286.517566115
359 359 0.00326843592767
360 360 621.944716885
361 361 136.638375666
362 362 339.085582382
363 363 0.000228708773323
364 364 0.000355000946134
365 365 0.00744129093286
366 366 542.993654795
367 367 416.664408212
368 368 0.00191561069633
369 369 50.9271512022
370 370 0.00662537349964
371 371 347.89348477
372 372 540.500118862
373 373 0.00736930406789
374 374 131.452894183
375 375 478.008528332
376 376 227.630752887
377 377 513.887640522
378 378 0.00308344083098
379 379 85.5389808058
380 380 608.985753031
381 381 165.041017053
382 382 525.607246962
383 383 0.00289512560922
384 384 291.259172005
385 385 435.222269102
386 386 4.60565383351e-05
387 387 0.00140446517638
388 388 317.386600142
389 389 590.489849425
390 390 0.000265868530673
391 391 310.32603844
392 392 0.00544334063277
393 393 621.603286772
394 394 504.485611333
395 395 40.0842675982
396 396 360.452362285
397 397 0.00110327821807
398 398 0.00415112404777
399 399 333.191742199
400 400 235.171338597
401 401 297.762365947
402 402 0.000894840460624
403 403 0.000898263091427
404 404 433.829751224
405 405 597.095865132
406 406 592.17894871
407 407 396.099110175
408 408 0.00210736296509
409 409 0.00564396149825
410 410 166.965938694
411 411 0.00412577918372
412 412 459.590878271
413 413 0.00623616087994
414 414 284.149837099
415 415 364.666242945
416 416 425.458620974
417 417 431.698913964
418 418 195.74975075
419 419 493.207783824
420 420 547.921735644
421 421 263.159847746
422 422 64.4423451585
423 423 197.96275562
424 424 2.34794111856
425 425 0.00957269496472
426 426 597.794932339
427 427 97.3407522388
428 428 253.454170847
429 429 127.458265705
430 430 296.139064998
431 431 502.590240931
432 432 0.00289678253509
433 433 148.777873621
434 434 221.69656369
435 435 394.353498787
436 436 458.605145649
437 437 104.541849715
438 438 240.621195175
439 439 456.684435581
440 440 221.441640241
441 441 415.735384788
442 442 109.839677937
443 443 0.00517648414304
444 444 338.288427695
445 445 276.205743711
446 446 625.04318322
447 447 504.656501359
448 448 259.358045246
449 449 0.00567310837571
450 450 172.908346878
451 451 528.589992172
452 452 587.629468319
453 453 0.00407628192048
454 454 0.00735167845925
455 455 80.4390774707
456 456 0.0052336066916
457 457 0.00157095069269
458 458 421.316670592
459 459 503.710095254
460 460 81.9187881803
461 461 164.700959121
462 462 144.846984627
463 463 0.00809509659657
464 464 0.00429521243125
465 465 399.830728578
466 466 47.643410938
467 467 167.947306247
468 468 67.6161818776
469 469 287.609635446
470 470 285.560740771
471 471 85.2938963828
472 472 187.601039234
473 473 0.00498129225038
474 474 0.00586399925895
475 475 199.581502845
476 476 462.683174466
477 477 318.253870534
478 478 113.87775318
479 479 0.00429720991272
480 480 403.746327406
481 481 436.180041169
482 482 288.136085244
483 483 148.517775657
484 484 31.3671994113
485 485 240.310063002
486 486 86.8372497747
487 487 269.772336023
488 488 58.3703142753
489 489 0.00342820467942
490 490 0.00904634713663
491 491 195.213075542
492 492 0.00100176853658
493 493 615.778644704
494 494 457.107662854
495 495 285.220576758
496 496 0.00122569392773
497 497 84.5899591718
498 498 591.346193077
499 499 540.74945258
500 500 480.886131436
501 501 343.309714475
502 502 493.967647551
503 503 260.018335309
504 504 319.793871603
505 505 486.570743621
506 506 539.431935826
507 507 0.005830701694
508 508 53.3621147512
509 509 0.00779646026266
510 510 454.011922006
511 511 183.393797506
512 512 0.00320570713592
513 513 621.4865582
514 514 491.356221651
515 515 0.0071974469681
516 516 585.466317569
517 517 472.288887224
518 518 0.0013656916387
519 519 601.48841488
520 520 304.02436263
521 521 47.4647335936
522 522 454.548496823
523 523 0.0056222832977
524 524 0.00594994452389
525 525 12.1952804896
526 526 0.00478691125525
527 527 0.00120357948396
528 528 269.051209063
529 529 454.861929638
530 530 338.846905787
531 531 475.01975172
532 532 169.447497311
533 533 572.890519036
534 534 0.00102467738525
535 535 0.00637011642673
536 536 61.1049539349
537 537 210.508127258
538 538 0.00258623770391
539 539 0.00230117760036
540 540 301.597996484
541 541 387.602169341
542 542 594.678318494
543 543 622.979075412
544 544 0.00968513324173
545 545 214.830751508
546 546 0.0094213563573
547 547 382.704654805
548 548 400.448291518
549 549 0.00428502239172
550 550 530.601901031
551 551 268.720618784
552 552 541.367578047
553 553 0.00772090166639
554 554 464.390643821
555 555 0.00185143397666
556 556 41.8338569936
557 557 0.00535025193776
558 558 138.668459074
559 559 0.00234167890517
560 560 0.00400449074401
561 561 604.671641762
562 562 351.088998795
563 563 507.816514286
564 564 284.918781357
565 565 481.054025791
566 566 238.969200826
567 567 185.855851321
568 568 0.00852926734304
569 569 520.814475816
570 570 537.956430829
571 571 449.051619266
572 572 468.588831868
573 573 414.654946647
574 574 599.969494215
575 575 258.271551204
576 576 290.485712038
577 577 497.596348766
578 578 0.0074010109013
579 579 78.4699650745
580 580 0.00101159877509
581 581 0.00160409093228
582 582 215.55056259
583 583 428.44639857
584 584 0.00339360221225
585 585 59.2578203886
586 586 0.109341825197
587 587 6.68806834026
588 588 325.829140044
589 589 230.85752108
590 590 343.570698002
591 591 520.27003534
592 592 358.422883617
593 593 27.3416173331
594 594 555.676178948
595 595 216.124628724
596 596 298.756101455
597 597 533.159633705
598 598 617.736579731
599 599 0.00617732051745
600 600 17.892280586
601 601 168.891991328
602 602 0.00436534587281
603 603 131.756034136
604 604 0.00238398617443
605 605 219.364541465
606 606 19.4188309484
607 607 9.63418938064
608 608 423.197343168
609 609 0.000842997755297
610 610 492.089797306
611 611 0.000920699749464
612 612 456.416638451
613 613 338.093463531
614 614 0.00578459715509
615 615 128.126579102
616 616 421.522543997
617 617 0.00294717577207
618 618 0.00510686550508
619 619 474.345416245
620 620 15.1897447304
621 621 320.571470614
622 622 186.668330824
623 623 237.403692347
624 624 259.874792354
625 625 0.00895015309633
626 626 0.00865489634116
627 627 0.00383429940968
628 628 505.465378688
629 629 0.00219757474924
630 630 90.7253525769
631 631 463.832094249
632 632 523.637797651
633 633 353.402657619
634 634 304.00821956
635 635 168.791697019
636 636 449.352091905
637 637 126.015413692
638 638 14.8507682992
639 639 5.55041552813
640 640 0.00516189425576
641 641 558.903657738
642 642 575.400303926
643 643 357.865582821
644 644 0.00976189282051
645 645 89.2601597749
646 646 0.00134880210032
647 647 15.2760532413
648 648 99.4986232565
649 649 62.9450071393
650 650 82.0187430927
651 651 0.000130411918285
652 652 348.152873777
653 653 0.000607284167159
654 654 178.125563627
655 655 498.802690151
656 656 166.496705442
657 657 243.253300061
658 658 0.00573566053683
659 659 0.00112218782404
660 660 0.0035606493152
661 661 200.860996072
662 662 83.538400374
663 663 184.462061045
664 664 537.73015443
665 665 0.00458847772137
666 666 583.35331103
667 667 446.566095544
668 668 0.00876250952601
669 669 94.9760260072
670 670 59.5228949192
671 671 79.3619766563
672 672 226.413983658
673 673 500.222776497
674 674 223.481237668
675 675 385.353842462
676 676 50.8785994567
677 677 0.00325323807762
678 678 108.35276437
679 679 0.00205604032678
680 680 1.31679208336
681 681 295.521358585
682 682 351.22337305
683 683 0.00343567754831
684 684 0.00891046030933
685 685 365.163976749
686 686 350.408025565
687 687 0.00556453754929
688 688 0.00834840629251
689 689 0.00858825616704
690 690 150.381790257
691 691 0.000765443747111
692 692 0.00683915110617
693 693 244.16249041
694 694 0.00520513595507
695 695 345.623380895
696 696 72.2436020788
697 697 432.23864788
698 698 515.585342091
699 699 0.00815695544781
700 700 236.693231642
701 701 0.00915983345238
702 702 266.751470351
703 703 408.402378998
704 704 0.00237657916352
705 705 104.4283559
706 706 452.167232608
707 707 0.00409080671321
708 708 0.00907136774325
709 709 412.212099836
710 710 0.00981274146308
711 711 467.636610131
712 712 0.00628671803727
713 713 97.8077321265
714 714 157.302251661
715 715 524.243149647
716 716 495.514336832
717 717 502.827556632
718 718 525.960425993
719 719 110.010279014
720 720 550.889118814
721 721 153.725988544
722 722 357.233696812
723 723 616.546901945
724 724 99.6127029093
725 725 567.568209179
726 726 104.853107133
727 727 438.766963044
728 728 64.3199594582
729 729 354.582440548
730 730 199.744104754
731 731 386.587819019
732 732 117.124504179
733 733 0.00277101460899
734 734 314.572715516
735 735 165.421939646
736 736 0.00771680679112
737 737 620.579607661
738 738 287.966485231
739 739 0.00183999576913
740 740 215.444827763
741 741 0.00993646628099
742 742 123.032375555
743 743 202.118970557
744 744 0.00298934286549
745 745 211.672823962
746 746 95.9874516114
747 747 0.00559435740691
748 748 299.316079189
749 749 170.436847747
750 750 49.3633721301
751 751 378.858401706
752 752 0.00254846935827
753 753 0.00372736904607
754 754 244.537096336
755 755 131.807992651
756 756 0.00512856643521
757 757 178.093035606
758 758 623.430576362
759 759 620.501789379
760 760 4.53152826131e-05
761 761 279.969010751
762 762 556.564532792
763 763 0.00173166805094
764 764 328.685753878
765 765 116.582470013
766 766 296.335454279
767 767 548.191385865
768 768 162.26180561
769 769 500.412791368
770 770 0.00872269180738
771 771 273.434685616
772 772 0.00844352581378
773 773 497.433253774
774 774 205.640551237
775 775 244.475630308
776 776 380.372358945
777 777 387.25172254
778 778 128.06985372
779 779 255.198906357
780 780 92.2847828034
781 781 0.0064505480409
782 782 62.2388956228
783 783 265.774046026
784 784 0.00569830714889
785 785 443.611717979
786 786 548.995615221
787 787 0.00707782266768
788 788 227.916144864
789 789 619.373000746
790 790 0.00521143532216
791 791 495.435243059
792 792 338.603456232
793 793 0.00196286240064
794 794 0.00964978751222
795 795 269.047190088
796 796 0.00966410199648
797 797 153.840957146
798 798 94.5061014538
799 799 388.358962545
800 800 473.10549268
801 801 442.18874854
802 802 480.764607277
803 803 276.611884089
804 804 263.718908971
805 805 584.715980889
806 806 424.761208531
807 807 370.398130036
808 808 380.629163917
809 809 0.00751248752423
810 810 79.9003141678
811 811 52.2544683458
812 812 0.00107772736153
813 813 0.00828346194916
814 814 545.741216069
815 815 0.000442426460425
816 816 620.003375653
817 817 609.517822252
818 818 343.466925081
819 819 129.847002909
820 820 0.00897683726153
821 821 37.029371852
822 822 113.973659935
823 823 0.0052073569948
824 824 326.879385097
825 825 0.00139409271871
826 826 2.57142267756
827 827 32.4424320446
828 828 112.173234347
829 829 0.00361618598541
830 830 107.738351805
831 831 485.942315617
832 832 0.0027765385502
833 833 67.8450077456
834 834 298.627397254
835 835 248.594243768
836 836 388.0507545
837 837 209.799050225
838 838 167.12431769
839 839 463.774059498
840 840 318.596064717
841 841 297.114569117
842 842 526.595210871
843 843 39.5103321737
844 844 558.107230784
845 845 277.351043392
846 846 261.170013134
847 847 49.868105647
848 848 108.530615481
849 849 39.8856728958
850 850 0.000380327005767
851 851 106.904210322
852 852 598.146788142
853 853 328.130308818
854 854 466.306449358
855 855 0.000440113817352
856 856 504.631627476
857 857 352.252006674
858 858 0.0039604839384
859 859 0.00715330381146
860 860 545.972078168
861 861 8.814206435
862 862 121.717707864
863 863 79.1816830161
864 864 434.424376324
865 865 0.000186271722069
866 866 405.973021224
867 867 442.958623773
868 868 149.648878659
869 869 209.995509118
870 870 0.00320367329537
871 871 78.9441406378
872 872 11.6813883474
873 873 585.402031836
874 874 595.766632783
875 875 550.330622475
876 876 0.00842946809618
877 877 102.214754378
878 878 189.517963294
879 879 212.768247982
880 880 162.892897567
881 881 139.573043494
882 882 450.261064259
883 883 611.795613826
884 884 104.181272468
885 885 419.304481967
886 886 0.000170571099455
887 887 122.529427868
888 888 530.596203329
889 889 129.970583518
890 890 0.00401680050578
891 891 253.633534109
892 892 209.321884235
893 893 494.432790635
894 894 199.556509375
895 895 227.933767581
896 896 0.00283714736041
897 897 607.944522757
898 898 544.075491724
899 899 185.825231042
900 900 0.00928047251293
901 901 301.005899489
902 902 376.85359194
903 903 60.4599746155
904 904 308.922029434
905 905 442.107861078
906 906 69.3215359127
907 907 620.225151375
908 908 49.1990597878
909 909 124.610349261
910 910 160.647632162
911 911 0.00504761533559
912 912 198.378923139
913 913 413.479482906
914 914 162.227156085
915 915 313.523251928
916 916 489.838771913
917 917 563.032954686
918 918 462.488018839
919 919 0.00742440824194
920 920 265.166549435
921 921 94.1794844505
922 922 337.063645982
923 923 0.00990031587587
924 924 620.002439864
925 925 563.920996774
926 926 300.078715394
927 927 603.169857126
928 928 79.5397936953
929 929 420.664265298
930 930 295.635597131
931 931 0.00985653657534
932 932 0.00991939706866
933 933 528.40111487
934 934 366.484880722
935 935 0.611656299725
936 936 0.00523830068351
937 937 0.00637582458736
938 938 552.691690964
939 939 114.393052349
940 940 488.074289231
941 941 0.00946302599974
942 942 0.00231352530404
943 943 169.428741331
944 944 0.00225963594749
945 945 0.00717367842922
946 946 0.000464313043583
947 947 210.845213418
948 948 0.00232435846624
949 949 102.122477742
950 950 0.00657678507591
951 951 449.993637133
952 952 459.29822267
953 953 276.311191571
954 954 595.773465221
955 955 0.00558120423384
956 956 21.3722498418
957 957 99.2642494727
958 958 512.639256601
959 959 0.00349710516208
960 960 287.219185541
961 961 0.00996938909974
962 962 0.00795745080025
963 963 198.939081211
964 964 0.00869827705871
965 965 587.946610993
966 966 486.501316084
967 967 409.52181848
968 968 225.111224274
969 969 0.00231602275945
970 970 438.349192999
971 971 0.0076252152928
972 972 435.573099334
973 973 545.899660295
974 974 262.695885783
975 975 467.707990958
976 976 287.207267935
977 977 529.132668922
978 978 27.3422167172
979 979 338.682660133
980 980 0.00614367230357
981 981 316.394871717
982 982 0.00855247962034
983 983 91.5561670184
984 984 605.598092887
985 985 55.6773348019
986 986 30.1105732626
987 987 590.626780007
988 988 150.946775626
989 989 286.975157563
990 990 420.065475156
991 991 0.00304835729481
992 992 140.34892348
993 993 327.52139875
994 994 387.711727257
995 995 542.992962888
996 996 292.751895212
997 997 84.2298310436
998 998 501.606824604
999 999 149.990468898
1000 1000 198.092581038
