1 1 2729.39296258
2 2 8.73646541554e-05
3 3 1827.2930971
4 4 5.56612240249e-05
5 5 3.67119714213e-05
6 6 3266.21769988
7 7 6.65698113192e-05
8 8 3.35713124157e-06
9 9 6.94302675642e-05
10 10 4006.55366245
11 11 1342.21918338
12 12 4.83284990923e-05
13 13 6.08637098748e-05
14 14 8.5074410529e-05
15 15 5.70971395065e-05
16 16 7.7863003152e-05
17 17 1869.98485551
18 18 5.99937178657e-05
19 19 995.853519487
20 20 6.50058372669e-07
21 21 169.629701014
22 22 8.73170595705e-05
23 23 3.86062765076e-05
24 24 7.85913322369e-05
25 25 1.43280199751e-05
26 26 4250.27314808
27 27 9.45067461595e-05
28 28 5.56402631481e-05
29 29 544.311093107
30 30 2663.3327349
31 31 8.31655413509e-07
32 32 2239.67722669
33 33 9.63455124768e-05
34 34 4.05567482967e-05
35 35 3.75345823721e-05
36 36 4677.05380803
37 37 1345.57781726
38 38 3.17240986793e-05
39 39 7.58441347803e-06
40 40 5.61187178529e-05
41 41 5.47731430739e-05
42 42 5.06721198124e-06
43 43 5484.37639468
44 44 2.61092804889e-05
45 45 1095.00237353
46 46 1810.26348322
47 47 7.94062245252e-05
48 48 8.83978998434e-05
49 49 2.99040754826e-05
50 50 9.46424370733e-05
51 51 1831.42552561
52 52 1.5735485728e-05
53 53 3.17875749122e-05
54 54 1704.25061725
55 55 5.10812285749e-05
56 56 4.84065719063e-05
57 57 2.90267035213e-05
58 58 6.88824633261e-05
59 59 2.67638986284e-05
60 60 4.75627733199e-05
61 61 1.21560953118e-05
62 62 1.7468054003e-05
63 63 2.58079897385e-05
64 64 3487.72477796
65 65 6.19809139665e-05
66 66 9.58112428241e-05
67 67 8.04158770026e-05
68 68 3170.20577959
69 69 5380.53140909
70 70 5.42023745359e-06
71 71 9.30154302099e-05
72 72 5.51339311862e-05
73 73 5.78421446471e-05
74 74 5293.46904542
75 75 8.87627295116e-05
76 76 1000.2389029
77 77 5.71022636963e-05
78 78 5202.30344439
79 79 3.49755310341e-05
80 80 6.59090946082e-05
81 81 1.42005707876e-05
82 82 8.7203544273e-05
83 83 7.15155477491e-05
84 84 4768.46735877
85 85 7.03420512895e-05
86 86 9.5858499088e-05
87 87 7.16378047643e-05
88 88 2.55634060528e-05
89 89 7.55945815692e-05
90 90 7.27947772368e-05
91 91 6.10177457511e-05
92 92 7.510336988e-06
93 93 6.73800693896e-06
94 94 1.91554839887e-05
95 95 1.78333834249e-05
96 96 1.95923885722e-05
97 97 201.121206672
98 98 2.28661774293e-05
99 99 2.57934456519e-05
100 100 8.18945233038e-05
101 101 2.77725309007e-06
102 102 2.7850089632e-05
103 103 9.53662272379e-05
104 104 3.87826692976e-05
105 105 2142.69768384
106 106 9.60011030931e-07
107 107 955.963192914
108 108 2.15223682514e-05
109 109 9.9073678535e-05
110 110 8.10747550966e-05
111 111 5.82305465695e-05
112 112 3.83216956805e-05
113 113 7.30127641577e-05
114 114 1.76475958214e-05
115 115 1.77819685038e-05
116 116 2.42744886666e-06
117 117 2.55085337293e-05
118 118 5.53302082435e-05
119 119 7.60885500817e-05
120 120 8.58599308907e-05
121 121 3586.5489699
122 122 1187.15741581
123 123 2.25601037802e-05
124 124 6.76337537625e-05
125 125 8.31822510952e-05
126 126 3.03704243347e-05
127 127 7.80543042659e-05
128 128 4.83746805836e-05
129 129 4761.43295746
130 130 5.62738057965e-05
131 131 3.78503062662e-05
132 132 8.08333372542e-05
133 133 9.23461778455e-05
134 134 4.31119439197e-05
135 135 1132.078162
136 136 4.27014291135e-05
137 137 5537.71662898
138 138 8.76789700903e-05
139 139 8.68107088692e-05
140 140 1.14557081843e-05
141 141 9.46669152942e-05
142 142 7.07481041e-05
143 143 9.58274121164e-05
144 144 4062.71488808
145 145 2.12144826896e-05
146 146 1.02871125692e-05
147 147 3526.60058235
148 148 7.8223066356e-05
149 149 1920.67875739
150 150 9.91432761051e-05
151 151 4433.08923033
152 152 8.29171173784e-06
153 153 3.84115849361e-05
154 154 6.19570051594e-06
155 155 4.6103604101e-05
156 156 4.71894903178e-05
157 157 9.07051948088e-05
158 158 4.09473468334e-06
159 159 5.08236206645e-05
160 160 1197.09999503
161 161 7.52275040232e-05
162 162 3.06297219078e-06
163 163 9.90876031826e-05
164 164 6.23277943329e-05
165 165 3.76856445528e-05
166 166 3.70606454016e-05
167 167 7.11461536853e-05
168 168 7.68432270872e-05
169 169 3.82283930858e-05
170 170 8.74222194166e-05
171 171 4.4345114042e-05
172 172 6.59818512643e-05
173 173 879.958534423
174 174 1.19216888972e-05
175 175 1.35644335093e-05
176 176 4.98819163843e-05
177 177 3.41646550799e-06
178 178 6.79828846698e-05
179 179 7.435504451e-05
180 180 2.88493409919e-05
181 181 5417.79576384
182 182 1.53175600053e-05
183 183 8.17506134223e-05
184 184 5560.14931276
185 185 5.79011819318e-05
186 186 9.63891921581e-05
187 187 4195.02229535
188 188 8.96911683004e-05
189 189 4105.65616844
190 190 2341.34407037
191 191 1.02016939385e-05
192 192 9.69204689917e-05
193 193 76.1883927769
194 194 8.5513107472e-05
195 195 3082.6123283
196 196 3.51500649339e-05
197 197 4708.60506659
198 198 3894.42065973
199 199 3.33509278945e-06
200 200 8.34614207125e-05
201 201 1181.28864393
202 202 6.75988864881e-05
203 203 3.52561211693e-05
204 204 6.02439582167e-05
205 205 4347.92528221
206 206 8.79734732879e-06
207 207 4.56801846754e-05
208 208 4.86277291958e-06
209 209 1999.62976563
210 210 4.58018389464e-05
211 211 518.101985078
212 212 7.28618732932e-05
213 213 5.36615159292e-05
214 214 5054.32674886
215 215 3.34446192536e-05
216 216 2.02984648815e-05
217 217 9.72853947229e-05
218 218 7.05823977017e-05
219 219 5.30090056329e-06
220 220 5.26872877613e-05
221 221 160.981018393
222 222 5.98936480368e-05
223 223 7.77277016606e-05
224 224 314.264093919
225 225 1844.31503831
226 226 6.8467646045e-05
227 227 1.37286457072e-05
228 228 7.3824418124e-05
229 229 7.93397550446e-05
230 230 4.80328843207e-05
231 231 3.09563894302e-05
232 232 2.90476485966e-05
233 233 4094.52879149
234 234 8.37637517159e-05
235 235 3915.64651321
236 236 4436.29908356
237 237 2.90883786372e-05
238 238 1904.082804
239 239 6.35567022079e-05
240 240 2.47868213305e-05
241 241 3.71891812875e-05
242 242 1159.74656682
243 243 229.973443917
244 244 2.92878785283e-05
245 245 5.29763241671e-05
246 246 6.72129416593e-05
247 247 6.03457935982e-05
248 248 3.19897729199e-05
249 249 7.84665051781e-05
250 250 2.68107630658e-06
251 251 5.6723883885e-05
252 252 8.42299556063e-05
253 253 9.48028393524e-05
254 254 4301.87811992
255 255 2.79572750653e-05
256 256 6.30096632537e-05
257 257 3.61849074494e-05
258 258 9.09207055644e-05
259 259 2.68919357694e-05
260 260 1.74703898119e-05
261 261 2.11722011811e-05
262 262 9.57305510633e-05
263 263 1702.45150127
264 264 224.400495561
265 265 3.96227272177e-05
266 266 659.52163921
267 267 3.6800949758e-05
268 268 5.50680408311e-05
269 269 5.39290363407e-05
270 270 2.71171782328e-05
271 271 3.49199721364e-05
272 272 5446.7391809
273 273 7.68186137172e-05
274 274 1.35951254553e-05
275 275 6.21567522332e-05
276 276 5.25448637922e-05
277 277 9.01999507285e-05
278 278 3.94694889161e-05
279 279 2.31529632954e-05
280 280 2.2700229979e-06
281 281 6.99773850485e-05
282 282 4306.59148484
283 283 3.572167181e-05
284 284 5.47676712159e-06
285 285 3593.49553486
286 286 4.37451536799e-05
287 287 54.3932121168
288 288 1.55651293369e-05
289 289 5.88043058678e-05
290 290 5193.71535297
291 291 9.11327787643e-05
292 292 3.82636222303e-05
293 293 5488.10043603
294 294 5.00545482622e-05
295 295 9.53731322746e-05
296 296 2222.49850002
297 297 5.55726021971e-05
298 298 2.60350507855e-05
299 299 1.96780542791e-05
300 300 8.47725398722e-05
301 301 4.94918289599e-05
302 302 1356.45265967
303 303 1616.47983217
304 304 5468.34774107
305 305 2.74468620732e-05
306 306 4.44214647885e-06
307 307 577.162775077
308 308 8.00113821462e-05
309 309 2973.16343515
310 310 1108.55116424
311 311 8.28902963588e-05
312 312 7.56853361774e-05
313 313 5.961742616e-05
314 314 1587.86907473
315 315 5043.86305624
316 316 2.29517493843e-05
317 317 606.744345237
318 318 7.89542381696e-05
319 319 4840.24444737
320 320 4.70931487493e-05
321 321 4.93019283203e-05
322 322 3.8455567163e-06
323 323 4029.78326531
324 324 6.86127734243e-05
325 325 9.21065164743e-05
326 326 2.50641993729e-05
327 327 5.42028879192e-05
328 328 5.1781870853e-05
329 329 4.82287491965e-05
330 330 4.95145055292e-05
331 331 9.37515403461e-05
332 332 4.11348423681e-05
333 333 3.15587376951e-05
334 334 2.78709842999e-05
335 335 2621.46800808
336 336 1.13195762337e-05
337 337 146.00625555
338 338 5548.44989406
339 339 2013.15285934
340 340 7.24476694066e-07
341 341 2.60688644214e-05
342 342 7.11099702815e-05
343 343 9.7560083961e-05
344 344 7.4601134328e-05
345 345 9.65514258723e-05
346 346 3.80702114248e-07
347 347 8.12259534008e-05
348 348 7.86166562893e-05
349 349 8.22158099798e-05
350 350 7.98312095919e-05
351 351 2.41816972452e-05
352 352 7.91984931418e-05
353 353 2844.42231035
354 354 2752.73716266
355 355 5373.94020343
356 356 8.66580653886e-05
357 357 2740.54511015
358 358 8.43471665542e-05
359 359 7.82027087484e-05
360 360 2.72829091802e-05
361 361 3686.53561323
362 362 2865.94050076
363 363 9.81046660569e-05
364 364 3.17770964632e-05
365 365 9.81605862437e-05
366 366 1.42238028309e-05
367 367 363.747969642
368 368 9.62125605027e-05
369 369 7.00238455687e-05
370 370 6.73587670207e-05
371 371 5.57897549534e-05
372 372 7.49818095315e-05
373 373 5386.09727934
374 374 2.73980260287e-05
375 375 4.3574808339e-07
376 376 8.95904568978e-05
377 377 1286.83540977
378 378 5.29143624251e-05
379 379 2.31831545315e-05
380 380 2.25626048623e-05
381 381 6.27610853588e-05
382 382 1.55690214805e-05
383 383 6.28422930683e-05
384 384 2.19982167904e-05
385 385 747.129234831
386 386 9.92484287746e-05
387 387 6.31076249629e-05
388 388 9.59469195465e-05
389 389 1124.46038109
390 390 4209.29061704
391 391 7.61022706884e-05
392 392 6.65107920486e-05
393 393 6.53702782128e-05
394 394 3.62061903369e-05
395 395 7.98449071876e-05
396 396 1904.80480114
397 397 2.23684287556e-05
398 398 1169.78617707
399 399 6.01148335367e-05
400 400 1.71389168148e-05
401 401 4.39502694309e-06
402 402 1.99800596045e-05
403 403 6.26785572854e-05
404 404 234.397655654
405 405 7.11825746942e-05
406 406 3.07286669092e-05
407 407 1823.11579784
408 408 2.94354668576e-05
409 409 8.80838799541e-05
410 410 2.64151630916e-05
411 411 2543.43803502
412 412 1.79235534916e-06
413 413 5.71778411094e-08
414 414 1.58175692364e-06
415 415 3541.99501543
416 416 9.71595418853e-05
417 417 3.07992520742e-05
418 418 9.0415861088e-05
419 419 2086.66036958
420 420 6.95417917868e-05
421 421 3.87187063005e-05
422 422 2489.50330739
423 423 4.15659520807e-05
424 424 4.36295128046e-05
425 425 3.5322818384e-05
426 426 1.79840556365e-07
427 427 5.85497787271e-05
428 428 8.25079227685e-05
429 429 425.297951297
430 430 7.54259993531e-06
431 431 5.33704485067e-05
432 432 959.573375253
433 433 4.35213233724e-05
434 434 9.87781026348e-05
435 435 3.01472044357e-05
436 436 2.03499850796e-05
437 437 4908.99799613
438 438 8.7209359724e-05
439 439 2.54247500406e-05
440 440 9.78168841009e-06
441 441 1.84801623799e-05
442 442 1.42973127313e-05
443 443 6.74655815381e-05
444 444 5.95624297481e-05
445 445 6.05378993734e-05
446 446 7.75508457874e-05
447 447 3.55853463219e-05
448 448 1.71266029284e-05
449 449 9.31595858932e-05
450 450 3031.73881751
451 451 4.09375159992e-05
452 452 5.07617641685e-06
453 453 9.42914104605e-05
454 454 8.20650022798e-05
455 455 1.33601199882e-05
456 456 802.38203892
457 457 4643.53601791
458 458 1.42659590919e-05
459 459 2.97156853036e-05
460 460 2.96958296306e-06
461 461 2.86584164109e-05
462 462 9.74866782074e-05
463 463 4.61877706662e-05
464 464 8.19858262157e-05
465 465 4.94096168537e-05
466 466 3.6715631129e-05
467 467 6.53351017153e-05
468 468 4900.80123339
469 469 2724.54643203
470 470 3.82306941608e-05
471 471 2.72592258601e-05
472 472 8.13293096758e-05
473 473 2352.04705722
474 474 9.93162616181e-05
475 475 1.2548592635e-06
476 476 3413.71781869
477 477 3554.05080634
478 478 8.02436969435e-05
479 479 4697.9406903
480 480 4.27814675768e-05
481 481 3283.97374807
482 482 3.93859493109e-05
483 483 4.28702651782e-05
484 484 7.40919468051e-05
485 485 6.65456157991e-05
486 486 1636.41106683
487 487 5.58180260374e-05
488 488 8.57252434905e-05
489 489 2.46585934275e-06
490 490 4.32561311367e-05
491 491 3.92342334414e-05
492 492 4553.9531278
493 493 9.2070438883e-05
494 494 843.908546532
495 495 5.97737800801e-05
496 496 8.77060399779e-05
497 497 9.434351581e-05
498 498 5448.99693386
499 499 1.01944888201e-05
500 500 8.65248062953e-05
501 501 6.9429966819e-05
502 502 5.98867419021e-06
503 503 8.88773926205e-05
504 504 473.751672864
505 505 5.81485982237e-05
506 506 6.44345675438e-05
507 507 4.44972113725e-05
508 508 1331.35603471
509 509 3.95954180858e-05
510 510 4.00360260619e-05
511 511 2.54913621386e-05
512 512 1643.47418558
513 513 2731.18427641
514 514 7.95274520627e-05
515 515 9.31367076787e-05
516 516 5607.55721353
517 517 8.48438942949e-05
518 518 3915.88947967
519 519 6.20224776533e-05
520 520 1.34255136379e-05
521 521 9.45818839477e-05
522 522 4010.00668589
523 523 6.21760432512e-06
524 524 8.84801561134e-05
525 525 4145.53918253
526 526 3647.68060084
527 527 5.87533191692e-05
528 528 5.91193024219e-05
529 529 5.46557517057e-05
530 530 3653.17585464
531 531 4099.73876178
532 532 1.60594651725e-05
533 533 8.35756741757e-05
534 534 9.33527194876e-05
535 535 6.67432892732e-05
536 536 2752.86055773
537 537 4470.54758055
538 538 2.59095539365e-05
539 539 8.29851561688e-05
540 540 1.11004957565e-05
541 541 1.34774363797e-05
542 542 1.32514138343e-05
543 543 5.72139967856e-05
544 544 1.26387567278e-06
545 545 7.31087779028e-05
546 546 4.0953791384e-05
547 547 2661.40150832
548 548 3983.18418388
549 549 4.97498178797e-05
550 550 323.471787884
551 551 5.26040084661e-05
552 552 1.87201292153e-05
553 553 3.85967080289e-05
554 554 1.76474439802e-05
555 555 9.4591924995e-05
556 556 5.34560715551e-05
557 557 3366.49014123
558 558 9.06490155653e-05
559 559 4231.65120116
560 560 6.05545339341e-05
561 561 6.37516637541e-05
562 562 9.78568846685e-05
563 563 3183.99103526
564 564 1.25560991235e-05
565 565 4.19570652382e-05
566 566 2414.01963813
567 567 3.55487153668e-05
568 568 1.29711478706e-05
569 569 2.252856276e-05
570 570 8.88041362795e-05
571 571 2.01015880776e-05
572 572 8.67345716561e-05
573 573 4537.21171829
574 574 5.46364642601e-05
575 575 5.32652536949e-05
576 576 6.78798331803e-05
577 577 2.31676352552e-05
578 578 1.13686975863e-05
579 579 2640.3973798
580 580 9.76452590083e-05
581 581 1.39364642247e-05
582 582 1.50116284313e-05
583 583 1.88044386887e-05
584 584 1.37608895007e-05
585 585 7.69023457941e-05
586 586 5.98941571975e-05
587 587 7.78426678026e-05
588 588 9.07964693329e-05
589 589 4.88951157717e-06
590 590 9.90624447073e-05
591 591 6.13042678488e-05
592 592 7.4577372798e-05
593 593 3.61031361234e-05
594 594 155.414054263
595 595 7.829297835e-06
596 596 8.93504287728e-05
597 597 7.01243796977e-05
598 598 3021.79038657
599 599 1.77470128072e-05
600 600 5217.06545736
601 601 5.22017394242e-05
602 602 1.35841073035e-05
603 603 1.43297244371e-05
604 604 1316.35100128
605 605 2768.82150899
606 606 3917.77875551
607 607 7.26295021964e-05
608 608 8.40299547378e-07
609 609 2578.56223106
610 610 6.22700366549e-05
611 611 3548.21094954
612 612 2776.71973914
613 613 9.39591240157e-06
614 614 8.98704699995e-05
615 615 2.55418097313e-05
616 616 4.65147343429e-06
617 617 1.67958113014e-05
618 618 3.286272536e-05
619 619 2.49552035057e-05
620 620 5.58117794249e-05
621 621 4.9060717469e-05
622 622 9.02143036343e-05
623 623 2970.70274682
624 624 2827.03268692
625 625 8.52990667206e-05
626 626 5.96910269514e-05
627 627 4.16634426894e-05
628 628 6.18799204137e-05
629 629 3.23929732395e-05
630 630 8.68603141715e-05
631 631 1.9687472431e-05
632 632 6.81388818562e-06
633 633 7.10399704821e-05
634 634 9.3503258499e-05
635 635 2.75903649342e-05
636 636 7.89528406699e-05
637 637 8.06838320165e-05
638 638 5.18672372744e-05
639 639 5.18288094089e-05
640 640 1529.94769642
641 641 1671.55988115
642 642 2.64316731636e-05
643 643 6.63779189554e-05
644 644 7.76682215792e-05
645 645 7.49678877536e-05
646 646 2.69154994407e-05
647 647 5.70501135988e-05
648 648 8.63908779045e-05
649 649 7.88952043359e-05
650 650 4.74669321406e-05
651 651 585.538855032
652 652 1926.430655
653 653 2.18779960528e-05
654 654 1332.75685684
655 655 8.49442898848e-05
656 656 3.05191479632e-05
657 657 6.18032490271e-05
658 658 3.83908744119e-05
659 659 1.11390210767e-05
660 660 8.86583664459e-05
661 661 7.73207851667e-07
662 662 7.8811071515e-05
663 663 9.72342842997e-05
664 664 8.08930215826e-05
665 665 9.43936159215e-05
666 666 8.72076464628e-05
667 667 3.93392665534e-05
668 668 7.90735197578e-05
669 669 2.20538690329e-05
670 670 2.80391508283e-05
671 671 4.73331840699e-05
672 672 3.09439509557e-05
673 673 9.66615515748e-05
674 674 4.9471918849e-05
675 675 5.72319301915e-06
676 676 3.96658956985e-05
677 677 3.11786578956e-05
678 678 2.15522723137e-05
679 679 2430.92690868
680 680 1.6118996517e-05
681 681 2446.29941418
682 682 3.31992841797e-05
683 683 2.98861694121e-05
684 684 6.6246505184e-05
685 685 4303.51727835
686 686 8.31416871881e-05
687 687 1174.28609512
688 688 2529.11707624
689 689 3503.99909136
690 690 2.97460157313e-05
691 691 4.37030664987e-05
692 692 3.57704396479e-05
693 693 9.69023533039e-07
694 694 1.94166158438e-05
695 695 4.71017285644e-05
696 696 3.84261829172e-05
697 697 3.12307789768e-05
698 698 3.11610013042e-05
699 699 1.90836007601e-05
700 700 4.29126654889e-05
701 701 8.18484441395e-05
702 702 3.00253993381e-05
703 703 8.65456322764e-05
704 704 1141.37195632
705 705 4.60040165007e-05
706 706 9.03337294275e-05
707 707 2.59413749336e-05
708 708 5599.27180638
709 709 1024.89807215
710 710 1974.4693551
711 711 2.1375871541e-05
712 712 5.00136004217e-06
713 713 1.06933310597e-05
714 714 4.44876497803e-05
715 715 9.11173917435e-06
716 716 3654.53790817
717 717 3583.1153631
718 718 2.51354086077e-05
719 719 9.28358225151e-05
720 720 4.21813997122e-05
721 721 4075.05788105
722 722 2.08048455479e-05
723 723 4413.39621181
724 724 2465.5652541
725 725 7.81226928587e-05
726 726 7.67968952768e-05
727 727 5.22941302102e-05
728 728 4784.37627782
729 729 4.1290833341e-05
730 730 5.1748097338e-05
731 731 1.42879380882e-05
732 732 1.97118410195e-05
733 733 7.56861400907e-05
734 734 9.60105378758e-05
735 735 9.23809393658e-05
736 736 6.83566975607e-05
737 737 5.73051116812e-05
738 738 6.37220394522e-05
739 739 1.11961046017e-05
740 740 7.63376744606e-06
741 741 6.40842600489e-05
742 742 4.82647620212e-06
743 743 2572.92890657
744 744 862.667273291
745 745 5.80900335771e-05
746 746 1037.28679801
747 747 115.690389791
748 748 1669.76472517
749 749 1.43290523526e-05
750 750 7.39224950507e-05
751 751 6.52663602212e-05
752 752 9.39736840072e-05
753 753 9.8317966182e-05
754 754 4.4517389912e-05
755 755 6.0236480084e-05
756 756 2.51341872098e-05
757 757 3.40687767294e-05
758 758 6.32930623223e-05
759 759 1.40787976951e-06
760 760 9.90047833934e-05
761 761 2.02911081793e-05
762 762 4790.69684336
763 763 3695.11166607
764 764 9.52442949096e-05
765 765 3.45105480569e-05
766 766 9.02851936601e-05
767 767 8.30548533059e-05
768 768 6.01032249135e-05
769 769 2.40688988772e-05
770 770 5.27284910953e-05
771 771 7.6954711563e-05
772 772 6.02089200469e-05
773 773 1.22252528304e-05
774 774 4.037451387e-07
775 775 2.80421952837e-05
776 776 3919.89541551
777 777 8.73364032133e-06
778 778 8.13198144967e-05
779 779 2.80279487069e-05
780 780 653.223398314
781 781 2.05280701458e-05
782 782 3.83109545824e-05
783 783 4196.45492666
784 784 2.18554640073e-05
785 785 6.79933468551e-05
786 786 9.90165595465e-05
787 787 7.2174378301e-05
788 788 7.13603396056e-05
789 789 8.92805423625e-05
790 790 119.871662948
791 791 3999.11003386
792 792 4.21510659875e-05
793 793 2866.03215222
794 794 8.35941600996e-05
795 795 2.41541201414e-05
796 796 2.54437785789e-05
797 797 4040.0239814
798 798 3304.61563191
799 799 3.55007743323e-05
800 800 5.24621606927e-05
801 801 6.33149216184e-05
802 802 7.75720222776e-05
803 803 1.3156106786e-05
804 804 2.73203366226e-05
805 805 8.19816199024e-05
806 806 6.06056847729e-05
807 807 434.177944049
808 808 5.67679689356e-05
809 809 1.16247036762e-05
810 810 4.68522507679e-05
811 811 6.83174290033e-05
812 812 4.29993149184e-05
813 813 8.21533930409e-06
814 814 4.89970819044e-05
815 815 9.72848913451e-05
816 816 6.82428746843e-05
817 817 4.35145845598e-05
818 818 9.61321541414e-05
819 819 3150.98207938
820 820 1913.51668927
821 821 6.38938582075e-05
822 822 7.25601622469e-05
823 823 5.94959120506e-05
824 824 8.83994577001e-05
825 825 4.6026374471e-05
826 826 4867.1850101
827 827 1.66623358841e-05
828 828 3007.83127216
829 829 3.37491505182e-06
830 830 479.441821554
831 831 1.51144652944e-05
832 832 1.68081862904e-05
833 833 98.3666337242
834 834 8.64717957594e-05
835 835 5.60922616424e-05
836 836 5.66633896395e-05
837 837 7.610268873e-05
838 838 2.57620582201e-05
839 839 4.65960809637e-05
840 840 2.14905612459e-05
841 841 2840.06983263
842 842 1739.67216127
843 843 1.75294772698e-05
844 844 3397.1123549
845 845 9.54461663034e-06
846 846 8.89881311744e-05
847 847 2.8064624774e-05
848 848 1.14581465779e-05
849 849 2.87296700267e-05
850 850 1337.6543169
851 851 2950.3305506
852 852 4.90795087003e-07
853 853 7.05393770694e-05
854 854 9.35741449782e-05
855 855 2.3545826666e-05
856 856 8.75195381168e-06
857 857 4688.34124367
858 858 7.52478739272e-05
859 859 8.94871357041e-05
860 860 3.53637196391e-05
861 861 5.18736262891e-05
862 862 6.77035091434e-06
863 863 5.64278499787e-05
864 864 8.60292559912e-05
865 865 9.17591477286e-07
866 866 8.15802152906e-05
867 867 2.87651471525e-05
868 868 7.86750014691e-05
869 869 7.25550649758e-05
870 870 5.92096339613e-05
871 871 4.39041352858e-06
872 872 1.48201557594e-05
873 873 3911.43346716
874 874 3.41427578117e-05
875 875 7.05483643658e-05
876 876 7.07599339548e-05
877 877 6.35227495593e-05
878 878 9.75849313472e-05
879 879 1.91229261039e-05
880 880 1414.00012752
881 881 985.189942068
882 882 9.32491996639e-05
883 883 9.18688686271e-05
884 884 9.18710816044e-05
885 885 7.4835689579e-05
886 886 4074.21180324
887 887 8.75065791028e-05
888 888 3.294950176e-05
889 889 1.7709989711e-05
890 890 7.29726917084e-05
891 891 4.05744249548e-05
892 892 4939.03976119
893 893 4645.49769631
894 894 2.91420097087e-05
895 895 7.67696005009e-05
896 896 3941.48369428
897 897 3.12527734342e-05
898 898 7.64587357351e-05
899 899 1292.59848802
900 900 2100.24117117
901 901 2.48185304728e-05
902 902 4.93399035841e-05
903 903 4.65579508882e-06
904 904 3.50674224634e-05
905 905 3.94867469066e-05
906 906 1260.20532484
907 907 3.99934441164e-05
908 908 7.40839789472e-05
909 909 5.27599092561e-05
910 910 9.60637523197e-05
911 911 9.17062796234e-05
912 912 4.821880586e-05
913 913 9.36478527872e-05
914 914 4.43100597628e-05
915 915 8.73362747015e-05
916 916 5.85760792933e-05
917 917 7.70099485537e-05
918 918 1.58676961818e-05
919 919 3.64191436717e-05
920 920 2.46637860675e-05
921 921 7.18255380188e-05
922 922 5.44820589724e-05
923 923 8.90585215767e-05
924 924 3980.20673241
925 925 7.37752542229e-05
926 926 3.36217242734e-05
927 927 8.49681138311e-05
928 928 2.96357629987e-05
929 929 8.37600838095e-05
930 930 1110.89486413
931 931 2575.31972426
932 932 1273.7935861
933 933 2.51154190862e-05
934 934 1841.61520918
935 935 4.3432844936e-05
936 936 3487.05827792
937 937 2892.14171187
938 938 1.88998930141e-06
939 939 4946.69216375
940 940 5.61494948782e-05
941 941 2264.31011572
942 942 6.54571842029e-05
943 943 4.68417082526e-05
944 944 3.74400343567e-05
945 945 5005.44385509
946 946 9.31521148294e-05
947 947 3312.56841464
948 948 7.85584511056e-06
949 949 7.32178795032e-05
950 950 4911.60299338
951 951 3998.73679433
952 952 2.91460596017e-05
953 953 3.66891734031e-05
954 954 1.37003914101e-05
955 955 2045.6836722
956 956 3.2527210762e-05
957 957 8.38772462493e-07
958 958 8.07928898575e-05
959 959 2.50315702495e-05
960 960 7.34781267023e-05
961 961 9.58337127362e-05
962 962 8.09486766279e-05
963 963 1.99019289962e-06
964 964 4226.88465311
965 965 1485.06079228
966 966 1.42775781152e-05
967 967 9.05652443886e-05
968 968 1183.2413555
969 969 9.77150655598e-05
970 970 3350.52857058
971 971 1903.7913796
972 972 296.171309881
973 973 4.25929897671e-05
974 974 7.2791525512e-05
975 975 2.63719723742e-05
976 976 3.26383612943e-05
977 977 6.60140358469e-05
978 978 3603.58786213
979 979 5.19120297676e-05
980 980 7.98098542359e-05
981 981 2.86534120084e-05
982 982 5195.18679954
983 983 8.89766537062e-05
984 984 8.13746169824e-05
985 985 1.43996237846e-05
986 986 3.42553621351e-05
987 987 7.4536389861e-05
988 988 8.88574587539e-05
989 989 7.15098414181e-05
990 990 3995.32354396
991 991 8.92256630581e-05
992 992 9.64015819874e-05
993 993 9.94071355923e-05
994 994 3082.69343346
995 995 7.69527817904e-05
996 996 4256.26803164
997 997 2.64261201185e-05
998 998 3.03292167508e-05
999 999 4241.50571052
1000 1000 2.4851518018e-05
