1 1 1.39816668586e-05
2 2 9.00921587369e-05
3 3 5.45608300654e-05
4 4 2.71454631427e-05
5 5 8.73178789943e-05
6 6 5.6783686276e-05
7 7 3469.06852056
8 8 8.87310844533e-05
9 9 2.34733483909e-05
10 10 1.43556352607e-05
11 11 9.63133760434e-05
12 12 4074.55368784
13 13 9.82097083743e-05
14 14 2.93059506535e-05
15 15 5.66068710489e-05
16 16 4078.67980395
17 17 2943.48538488
18 18 3.47778997434e-05
19 19 3298.46018443
20 20 2.57040435392e-05
21 21 6.33628935419e-05
22 22 4.91033368093e-05
23 23 5.80734569518e-05
24 24 7.84802913036e-05
25 25 3.60045179975e-05
26 26 5504.62819812
27 27 8.91590553271e-05
28 28 5.87196614645e-05
29 29 3.46571732372e-06
30 30 233.61701349
31 31 6.31594461573e-05
32 32 3255.93770473
33 33 603.92592842
34 34 2.23974520846e-05
35 35 1.26424956766e-05
36 36 6.17150209866e-05
37 37 4.21153080546e-05
38 38 5394.8224062
39 39 1242.67055148
40 40 2.70780847278e-05
41 41 850.855424115
42 42 4539.50874482
43 43 6.08561799688e-05
44 44 1311.34219064
45 45 6.4893763291e-05
46 46 7.2468441835e-06
47 47 4.26846503532e-05
48 48 3.79301051574e-05
49 49 9.8546585004e-05
50 50 887.571193189
51 51 2.62390889444e-05
52 52 5.86953493789e-05
53 53 6.61420566126e-05
54 54 5.55791811501e-05
55 55 5.99547926237e-05
56 56 2486.56238022
57 57 2.64726771608e-05
58 58 2.49818512901e-05
59 59 1435.92922708
60 60 6.78982511967e-05
61 61 1.78203736995e-05
62 62 5.14945989959e-05
63 63 7.95112769092e-05
64 64 3842.42614979
65 65 5.28005243489e-05
66 66 4791.64879194
67 67 2757.99205753
68 68 2200.41913141
69 69 5.44680259355e-05
70 70 5.60412899523e-06
71 71 3.53523683489e-07
72 72 1.41983174371e-06
73 73 5.71486779596e-05
74 74 1112.96430689
75 75 1226.95652397
76 76 3.52830491783e-05
77 77 2807.96351011
78 78 3.09873096545e-05
79 79 5.70052838333e-06
80 80 21.7131627349
81 81 2.96850554618e-05
82 82 9.79698524918e-05
83 83 6.35225635982e-05
84 84 7.34453256416e-05
85 85 8.67057941692e-05
86 86 3.00556971123e-05
87 87 3.44431357241e-07
88 88 8.68598394362e-05
89 89 12.6034915711
90 90 5.0450473742e-05
91 91 2.22426065532e-06
92 92 8.03666426501e-05
93 93 1.03411440247e-05
94 94 6.31275394999e-05
95 95 3023.18209588
96 96 4880.41208259
97 97 6.5830811372e-05
98 98 2.70071243923e-05
99 99 7.35332479718e-05
100 100 4.15985107047e-05
101 101 4.6726553547e-06
102 102 1.8825325961e-05
103 103 703.474528111
104 104 9.19110610277e-06
105 105 9.25654604777e-05
106 106 2.44369843909e-05
107 107 1.90559393904e-05
108 108 9.14608559862e-05
109 109 9.92186484678e-06
110 110 1.97087732e-05
111 111 6.55579496692e-05
112 112 5.34299264886e-05
113 113 6.76780169935e-05
114 114 3.74474530349e-05
115 115 2199.94480514
116 116 708.41373696
117 117 6.57236486953e-05
118 118 4.34400335238e-05
119 119 6.67188337401e-05
120 120 8.00119768158e-05
121 121 3950.84296672
122 122 1.50257302817e-05
123 123 9.03054085335e-05
124 124 9.5448648718e-05
125 125 8.86421949748e-05
126 126 5.26841951556e-05
127 127 4.12400175916e-05
128 128 3741.90880328
129 129 2547.41308024
130 130 9.400591469e-05
131 131 5.25529371942e-05
132 132 7.4751971877e-05
133 133 1478.61277967
134 134 3.04681272307e-05
135 135 4.8577746422e-05
136 136 477.329513835
137 137 8.0297868746e-05
138 138 4596.12977654
139 139 1.95318508674e-05
140 140 4381.98089539
141 141 1.838319511e-05
142 142 1.87534822391e-05
143 143 2003.93677209
144 144 4.94232111046e-05
145 145 1.29839513918e-05
146 146 9.54951240992e-05
147 147 3.87308863936e-05
148 148 6.34674355864e-06
149 149 5.32636556767e-05
150 150 1.04154133217e-05
151 151 5.15238626977e-05
152 152 2.18127442682e-05
153 153 1.60818583855e-06
154 154 4.88103574108e-05
155 155 5617.26814029
156 156 6.06314637941e-05
157 157 5.88065677239e-05
158 158 2.97527585449e-05
159 159 9.93531338641e-06
160 160 3.19784886943e-05
161 161 5.85819139421e-05
162 162 2.63916689613e-05
163 163 2.75019598569e-05
164 164 361.773660458
165 165 1.53467005902e-06
166 166 1.13849466203e-05
167 167 8.11135249889e-05
168 168 2.43633611655e-05
169 169 5.04554872906e-05
170 170 7.94641562216e-05
171 171 4.10478256128e-05
172 172 4.96859600883e-07
173 173 2.99422149726e-05
174 174 4.44624955554e-05
175 175 4.346682388e-05
176 176 4.00803106499e-05
177 177 2767.94664294
178 178 2190.58232145
179 179 1.26417279209e-05
180 180 4.24863242449e-05
181 181 8.53268817537e-05
182 182 5.02817348836e-05
183 183 1672.83037825
184 184 2.1482683547e-05
185 185 2.50193559215e-05
186 186 5340.80874321
187 187 8.52852737312e-05
188 188 5.93721431995e-05
189 189 5565.56781006
190 190 8.19216828039e-05
191 191 9.25845575756e-05
192 192 2.94802120094e-05
193 193 5390.72432933
194 194 4.74175456519e-05
195 195 2449.59411555
196 196 4106.60477091
197 197 5.04498985027e-05
198 198 4632.64698507
199 199 4235.45038037
200 200 8.71177744183e-05
201 201 7.19634995091e-05
202 202 4.46018494291e-05
203 203 9.9259593629e-05
204 204 2.11492096099e-05
205 205 7.18944097133e-05
206 206 2.19475026872e-05
207 207 2.13213469354e-05
208 208 9.73653116461e-05
209 209 375.907356927
210 210 3.25265263352e-05
211 211 4.34850574717e-05
212 212 7.9591955317e-05
213 213 2805.95248661
214 214 4.64974501613e-05
215 215 7.8810377455e-05
216 216 3736.41441779
217 217 9.08881735759e-05
218 218 7.02580240333e-05
219 219 9.58822472779e-05
220 220 8.5892269778e-05
221 221 9.11765999557e-05
222 222 4.892478286e-05
223 223 2729.53528389
224 224 2.88869616216e-05
225 225 5.06338667358e-05
226 226 1.09674883776e-05
227 227 6.63671519051e-05
228 228 1.87068720377e-05
229 229 6.86839106007e-05
230 230 6.60700937801e-05
231 231 5.31150853956e-05
232 232 8.08960288255e-05
233 233 8.5294006926e-05
234 234 2.29389127308e-05
235 235 1.69436849507e-05
236 236 9.67145614184e-05
237 237 5.89667511718e-05
238 238 5469.31292468
239 239 3091.06429127
240 240 7.07583732808e-05
241 241 8.33762422291e-05
242 242 1.78542565818e-05
243 243 7.07543922711e-06
244 244 5.51164476635e-05
245 245 3.5879068493e-05
246 246 2701.91918751
247 247 6.04655890387e-06
248 248 8.06783714112e-05
249 249 8.18516164209e-05
250 250 9.19104388069e-05
251 251 8.88775779802e-05
252 252 9.74943026849e-05
253 253 5.87850655657e-05
254 254 5.96262261278e-05
255 255 6.62153514034e-05
256 256 283.804343596
257 257 4.37278337822e-05
258 258 3881.90251923
259 259 2.09426854144e-06
260 260 6.9173767495e-05
261 261 4415.00939808
262 262 8.8997221194e-05
263 263 8.96246818881e-05
264 264 371.67603954
265 265 2754.01926418
266 266 7.95095194256e-05
267 267 5.05435669313e-05
268 268 3.09112191736e-06
269 269 4781.73494664
270 270 205.677338595
271 271 4217.35299509
272 272 4.50277018008e-05
273 273 6.41686620121e-05
274 274 2.85915924049e-05
275 275 1160.86714052
276 276 7.06985093852e-05
277 277 1.12446102797e-05
278 278 4.34601909703e-05
279 279 7.27481422954e-05
280 280 7.52542353807e-05
281 281 2.88870189749e-05
282 282 6.1741745873e-05
283 283 4.03839102606e-05
284 284 2016.45604828
285 285 9.22827752351e-05
286 286 8.88073059106e-05
287 287 2.78597234499e-05
288 288 7.53423404976e-05
289 289 1813.85545886
290 290 2392.13118951
291 291 5.48144709199e-05
292 292 5.59436865605e-06
293 293 3990.5061151
294 294 7.70506952086e-05
295 295 8.31689919482e-05
296 296 5.23086485391e-05
297 297 2461.92380392
298 298 9.6261096347e-05
299 299 9.25763189914e-05
300 300 4.81403683888e-05
301 301 2796.12967421
302 302 1645.95190195
303 303 1141.0333302
304 304 61.9120684606
305 305 9.20440530801e-05
306 306 2.32159112961e-06
307 307 6.80370713503e-05
308 308 2.14561734648e-05
309 309 9.55613032478e-06
310 310 3.06517268348e-05
311 311 8.17746695621e-05
312 312 1394.96700807
313 313 7.22959281654e-05
314 314 2131.32342526
315 315 1387.30554118
316 316 9.59130818512e-05
317 317 1.61416372392e-06
318 318 2.16663062699e-05
319 319 2.31351139817e-05
320 320 8.35743115359e-05
321 321 4131.39604426
322 322 4.89806518037e-05
323 323 4.51533279599e-05
324 324 3.82598275846e-05
325 325 9.85421858802e-05
326 326 3.43973376315e-05
327 327 2.22816043798e-05
328 328 3.9455617905e-05
329 329 2.54368546682e-05
330 330 1935.74926359
331 331 5365.568571
332 332 4.01236570167e-07
333 333 2.47042204192e-05
334 334 3.93906439244e-05
335 335 6.66758110121e-05
336 336 8.03940563229e-05
337 337 4042.80899272
338 338 7.42934624238e-05
339 339 2.10564761421e-05
340 340 2.72464741909e-06
341 341 6.7882868905e-05
342 342 2715.10805396
343 343 8.93574942061e-05
344 344 7.06075148498e-05
345 345 5192.28414062
346 346 8.51086285365e-05
347 347 5251.07928404
348 348 780.417882623
349 349 2.0865686193e-05
350 350 4.77861616745e-05
351 351 1.20357595564e-06
352 352 4697.22737085
353 353 3.26805302351e-05
354 354 3.99557913579e-05
355 355 1398.66458922
356 356 2280.13526305
357 357 6.56579586681e-05
358 358 9.01574558793e-05
359 359 2958.92136532
360 360 4.11007110149e-06
361 361 3.49960989702e-05
362 362 2666.25096782
363 363 1.34991947358e-05
364 364 2463.64552386
365 365 8.29153444673e-06
366 366 3.60220582661e-05
367 367 4.60154195209e-05
368 368 4980.88610508
369 369 1489.23897642
370 370 843.173383609
371 371 995.758844193
372 372 4.51155779131e-05
373 373 8.23715877445e-05
374 374 6.66691732288e-05
375 375 5.2350125533e-05
376 376 3.48406124861e-05
377 377 4047.00352433
378 378 3.07743126886e-05
379 379 6.62338093573e-05
380 380 5.12837063176e-07
381 381 1571.52297734
382 382 3.29483118015e-05
383 383 4.9181148308e-06
384 384 5202.6719897
385 385 4834.43325786
386 386 4.47022686593e-05
387 387 6.84944991919e-05
388 388 4294.38963036
389 389 626.619173524
390 390 2.71077540677e-05
391 391 1.01789869952e-05
392 392 4.33682780949e-05
393 393 1.86399078614e-05
394 394 2.75433419109e-06
395 395 7.55134423148e-05
396 396 3.04270474637e-05
397 397 3.55576382334e-05
398 398 7.08909710499e-05
399 399 2298.73537244
400 400 8.58341835912e-05
401 401 5010.31157352
402 402 2.98268617217e-05
403 403 4.40963228611e-05
404 404 2.56618399094e-06
405 405 4.11156998892e-05
406 406 5562.9614316
407 407 298.702517546
408 408 5059.60549133
409 409 8.55191161572e-05
410 410 1495.06099285
411 411 2.84617432309e-06
412 412 7.5306769133e-05
413 413 8.15009701592e-05
414 414 7.31016037935e-05
415 415 5356.5454722
416 416 758.164480551
417 417 1685.10636155
418 418 1.22081750683e-05
419 419 9.17305521683e-05
420 420 1170.97969429
421 421 9.75152676308e-05
422 422 8.48873289924e-05
423 423 7.02788626003e-05
424 424 4.08370527863e-05
425 425 540.910875109
426 426 9.12201691472e-05
427 427 7.64129117631e-05
428 428 1.55573528885e-05
429 429 1.21209583181e-05
430 430 6.95940034821e-05
431 431 586.268262887
432 432 3.18979651332e-05
433 433 6.1135728916e-05
434 434 4.00763975794e-05
435 435 5043.96399784
436 436 3393.67499331
437 437 6.00744957783e-05
438 438 1192.29680717
439 439 9.95129583816e-05
440 440 5010.95883878
441 441 3.47492299928e-05
442 442 2.47663771967e-05
443 443 5.61052585658e-05
444 444 4.88509922388e-05
445 445 4.13701094374e-05
446 446 7.30045394016e-06
447 447 7.81412111875e-05
448 448 5192.77309038
449 449 9.58364511113e-05
450 450 5.16669950006e-05
451 451 8.37375206489e-05
452 452 4.50984632783e-05
453 453 1.53661735926e-05
454 454 3.75178249512e-05
455 455 4.3658236872e-05
456 456 2.20032167527e-05
457 457 8.6734532461e-05
458 458 6.78009933004e-05
459 459 2.50199402036e-05
460 460 4000.514239
461 461 8.33410579597e-05
462 462 1006.22196674
463 463 7.01262612684e-05
464 464 1.5139205653e-05
465 465 1638.71325056
466 466 7.13612273947e-05
467 467 3915.16818763
468 468 9.89739158564e-06
469 469 3030.11032218
470 470 2.97835955591e-05
471 471 4977.24373502
472 472 4.38050872206e-05
473 473 5.20367514149e-05
474 474 4.12580354362e-06
475 475 2.13181748094e-05
476 476 5.69208457149e-05
477 477 771.104178133
478 478 1.45591135267e-05
479 479 9.54354714886e-05
480 480 9.03895884783e-05
481 481 9.61837387791e-05
482 482 9.03168980363e-05
483 483 6.46677122635e-06
484 484 6.27654980401e-05
485 485 787.952829296
486 486 5.10798160107e-05
487 487 2301.97479597
488 488 4.99663881759e-05
489 489 1.54016241962e-06
490 490 5.05775202704e-05
491 491 5.21523014976e-05
492 492 2192.9280791
493 493 6.09316931354e-05
494 494 3156.16136551
495 495 2.4382805724e-05
496 496 7.92957467313e-05
497 497 1.59069024037e-05
498 498 4.39608684027e-05
499 499 1047.82807843
500 500 9.08284080176e-05
501 501 677.620795425
502 502 7.29881339893e-05
503 503 5.0426857712e-05
504 504 4015.77355336
505 505 5.74236005842e-05
506 506 4791.56388947
507 507 749.307904622
508 508 1.58277929511e-05
509 509 2302.36381211
510 510 140.806440193
511 511 4.94259543652e-05
512 512 1.77606531735e-05
513 513 2.01091109297e-05
514 514 9.03994527128e-05
515 515 7.15228668175e-05
516 516 461.894771951
517 517 1.68330471673e-05
518 518 268.108395493
519 519 4.63253958917e-05
520 520 9.94966267172e-05
521 521 2.52967403404e-05
522 522 5.17303621352e-05
523 523 5091.98253442
524 524 3.55445686806e-05
525 525 3.62377226777e-05
526 526 4918.77675409
527 527 2113.15585801
528 528 3.22909864335e-05
529 529 6.54627691368e-05
530 530 4.13056520456e-05
531 531 6.65937190028e-05
532 532 7.06927848069e-05
533 533 6.07469400369e-05
534 534 5091.06519775
535 535 4.93622044684e-05
536 536 4.04498281277e-05
537 537 8.52236826375e-05
538 538 955.745555978
539 539 6.92783107982e-05
540 540 30.7920917011
541 541 7.11418646325e-05
542 542 8.35476428777e-05
543 543 1313.98817553
544 544 4.52909750075e-05
545 545 8.8792461307e-05
546 546 3975.46141
547 547 1.03308271211e-05
548 548 3.31134009925e-05
549 549 6.44319129636e-05
550 550 5.52453757529e-06
551 551 7.50030166894e-05
552 552 2711.68521539
553 553 2946.42921774
554 554 1623.67290334
555 555 6.44710858275e-05
556 556 2.43556226343e-05
557 557 1.62740110177e-05
558 558 6.81604944743e-05
559 559 9.66043082284e-05
560 560 2263.53243646
561 561 8.63619846809e-05
562 562 2.6021369205e-05
563 563 2.5249838254e-05
564 564 3.3359728614e-05
565 565 2.74551585674e-05
566 566 5.08839543255e-05
567 567 8.0931067703e-05
568 568 2.68660916622e-05
569 569 1.59440208262e-05
570 570 1.58193631929e-05
571 571 3.27573118684e-05
572 572 5.04650661675e-05
573 573 9.67572857945e-05
574 574 5.39871043914e-05
575 575 9.82777349546e-06
576 576 5255.3429929
577 577 1.4311633639e-06
578 578 764.603493775
579 579 3470.92100689
580 580 2.37677748519e-06
581 581 7.64249598265e-05
582 582 4.01351445061e-05
583 583 519.263671042
584 584 1.63446581037e-05
585 585 1.35487890308e-05
586 586 5.47208855337e-05
587 587 3666.34110423
588 588 2.84857086134e-05
589 589 1.30559805936e-05
590 590 407.645792558
591 591 881.370835368
592 592 9.47276875258e-05
593 593 4.45796028916e-05
594 594 383.325251136
595 595 1350.99782528
596 596 8.94271873688e-05
597 597 4.85783518768e-05
598 598 1.86397093142e-05
599 599 4997.32094329
600 600 2.86935787952e-05
601 601 8.27791173148e-05
602 602 6.94515404735e-05
603 603 9.06354836186e-05
604 604 2159.14704174
605 605 4413.87173122
606 606 8.53510252452e-05
607 607 1.31830565411e-05
608 608 9.83837495005e-05
609 609 4.74533757526e-05
610 610 3.16851753604e-05
611 611 3884.23549788
612 612 6.75387729062e-05
613 613 6.21378780019e-05
614 614 9.67055902858e-05
615 615 3131.94832284
616 616 3647.61796164
617 617 240.778779812
618 618 5.64520345816e-06
619 619 1817.86868536
620 620 3.93735192041e-05
621 621 5.08369312775e-05
622 622 1.37038305121e-05
623 623 1807.53269141
624 624 2.66673422931e-06
625 625 5.84554927109e-05
626 626 7.41566277871e-05
627 627 5.97896448738e-05
628 628 9.68276763035e-05
629 629 3.545261623e-05
630 630 6.1084731021e-05
631 631 3415.32212592
632 632 6.42054874379e-06
633 633 7.35302162767e-05
634 634 6.96543262829e-05
635 635 308.050996661
636 636 2.60288846419e-05
637 637 9.53419798662e-05
638 638 6.20392771206e-05
639 639 6.75843697497e-05
640 640 9.22150679098e-05
641 641 2613.38463328
642 642 1380.54311745
643 643 1.28655047486e-05
644 644 1.43326587353e-05
645 645 7.70881603359e-05
646 646 5.82799767365e-05
647 647 1.98777845078e-05
648 648 9.4451002669e-05
649 649 5.16857728649e-05
650 650 7.26300927909e-05
651 651 588.59354191
652 652 3737.61284149
653 653 7.51514222819e-05
654 654 1367.67785215
655 655 7.97136278476e-05
656 656 5476.55257763
657 657 3499.5891228
658 658 4.87340882016e-05
659 659 3.88768764896e-05
660 660 1.69533993359e-05
661 661 2.73775276102e-05
662 662 8.56861043394e-05
663 663 4.94102289133e-05
664 664 2.99515882239e-05
665 665 4.36404740546e-05
666 666 843.992389421
667 667 4.44236837844e-06
668 668 2.1195951833e-05
669 669 4549.04339103
670 670 7.54363146761e-05
671 671 1.24807777205e-05
672 672 9.92403910404e-05
673 673 6.73942663266e-05
674 674 8.64882588832e-05
675 675 2317.33919562
676 676 1.38071285711e-05
677 677 4.98698094841e-05
678 678 5.67927066802e-05
679 679 5.6607438923e-05
680 680 2.2524303388e-05
681 681 4684.55432137
682 682 2.80017597582e-05
683 683 1.46284030709e-05
684 684 1280.07249199
685 685 1.34931231174e-05
686 686 2161.89320379
687 687 8.33287175515e-05
688 688 8.58666811001e-05
689 689 6.23388789735e-05
690 690 9.07629655577e-05
691 691 9.6465127137e-05
692 692 1.82175790909e-05
693 693 3.29873034888e-05
694 694 1.54890847535e-05
695 695 2.65376277754e-05
696 696 3445.01001108
697 697 2.68494185249e-05
698 698 4.20283100749e-05
699 699 2.20910479441e-05
700 700 1.17088796921e-05
701 701 5.65168473747e-05
702 702 3.61250023767e-05
703 703 9.43469064227e-05
704 704 1947.12957121
705 705 6.70033605875e-05
706 706 1.83233722787e-05
707 707 5.38432512188e-06
708 708 6.37532003861e-05
709 709 1.43349121271e-06
710 710 3.11582653613e-05
711 711 3.43617482401e-05
712 712 8.31337700648e-05
713 713 3.79280727267e-05
714 714 7.01308590997e-06
715 715 5.39117764928e-05
716 716 2141.6636275
717 717 1.01163918449e-05
718 718 7.3154716204e-05
719 719 7.74257563248e-05
720 720 2.05979028234e-05
721 721 5304.23510951
722 722 1.41869117197e-05
723 723 2.53958438421e-05
724 724 1032.34216899
725 725 3.01958100263e-05
726 726 9.15081158251e-05
727 727 4045.13127969
728 728 1.89596123507e-06
729 729 3.61244882434e-05
730 730 9.91344566528e-05
731 731 4.27745354979e-06
732 732 4.74980098882e-05
733 733 8.60110535033e-05
734 734 3.90580588918e-05
735 735 6.17184237427e-05
736 736 4627.25923917
737 737 7.19197975861e-05
738 738 7.41673549191e-05
739 739 4.04713799018e-05
740 740 1.24573519806e-05
741 741 1.67347380418e-05
742 742 8.53878020941e-05
743 743 743.922583113
744 744 1396.38503512
745 745 3.75851025492e-05
746 746 3.84160956116e-05
747 747 809.520824295
748 748 1.10966261703e-05
749 749 1146.88624033
750 750 2920.94559022
751 751 8.60863650341e-05
752 752 6.19903893309e-05
753 753 4.77780276801e-05
754 754 160.499954418
755 755 3131.6471427
756 756 1015.53137111
757 757 4.29416097075e-05
758 758 9.17014074021e-05
759 759 9.21438895331e-05
760 760 4.23767452857e-05
761 761 2.09509707491e-05
762 762 2579.76316567
763 763 8.69574665361e-05
764 764 4.7947785974e-05
765 765 5.01436616524e-05
766 766 7.25602681714e-05
767 767 6.32256222615e-05
768 768 9.8150996833e-05
769 769 8.37621485728e-05
770 770 1.96435717332e-05
771 771 1142.86210314
772 772 4.3675740086e-05
773 773 7.65954499135e-05
774 774 2463.07658534
775 775 8.13077665039e-05
776 776 2.76491035093e-05
777 777 8.23747877469e-05
778 778 4.66740604847e-05
779 779 6.20856321315e-05
780 780 3.18609860495e-05
781 781 4868.9013645
782 782 2.55887189755e-05
783 783 9.23654598507e-06
784 784 6.46956079773e-05
785 785 2.51458847862e-05
786 786 2.91481670084e-05
787 787 4.78228289188e-05
788 788 8.55553916586e-05
789 789 1.23993985114e-05
790 790 4002.51875773
791 791 4.14403910808e-05
792 792 6.79835394189e-05
793 793 4.00637734722e-05
794 794 1682.21186342
795 795 1407.88413584
796 796 3.38623690524e-05
797 797 4507.28988077
798 798 2.71176281698e-05
799 799 7.35417105783e-05
800 800 1.97943238522e-05
801 801 2.65390637288e-05
802 802 5.5876092521e-05
803 803 3.20441977244e-05
804 804 3.5856765807e-06
805 805 5.53604009598e-05
806 806 4.54907229871e-05
807 807 5.25506977997e-05
808 808 1.62681215676e-05
809 809 5.51289955097e-05
810 810 3.72976872025e-05
811 811 6.65573680814e-05
812 812 4.07517697456e-05
813 813 106.150367641
814 814 1.66213978794e-05
815 815 1.06423766237e-05
816 816 2.27052898939e-05
817 817 9.10913508264e-05
818 818 5.14642917121e-05
819 819 8.17908872505e-06
820 820 1.68376933739e-05
821 821 6.14052136237e-05
822 822 3903.39281717
823 823 3.70928356157e-05
824 824 2.12692427498e-05
825 825 4380.06553125
826 826 4.93658234023e-05
827 827 4823.01785834
828 828 1.13628297406e-05
829 829 3.8024309557e-05
830 830 5.0715692815e-05
831 831 2.78775782416e-05
832 832 5202.75104613
833 833 5.31456277556e-05
834 834 6.29072466222e-05
835 835 6.34227545029e-05
836 836 9.0003286429e-05
837 837 3.21648780444e-05
838 838 7.62614827667e-05
839 839 4.42088767601e-05
840 840 8.15648059864e-05
841 841 7.33721441467e-05
842 842 3257.36181324
843 843 310.287290691
844 844 4274.80176379
845 845 9.14203437837e-05
846 846 3.94124266396e-05
847 847 1476.46875546
848 848 6.54823466316e-05
849 849 4.92581449355e-05
850 850 5.03004969812e-05
851 851 7.90196865739e-05
852 852 5.94228046672e-05
853 853 4.11722951483e-05
854 854 6.07653736694e-05
855 855 5.07118264029e-05
856 856 6.00320132468e-05
857 857 7.71639549379e-05
858 858 9.9488851007e-05
859 859 19.2172448943
860 860 9.53505416073e-05
861 861 8.41277220061e-05
862 862 3.16564292832e-05
863 863 2.31004997745e-05
864 864 322.439006599
865 865 9.5840110485e-05
866 866 2.21187879643e-05
867 867 1336.51454117
868 868 4.19994212626e-05
869 869 7.41806457148e-05
870 870 9.9293973923e-05
871 871 8.91074097179e-05
872 872 5.81671876348e-05
873 873 3.39384808864e-05
874 874 9.87876318185e-05
875 875 9.15425935787e-05
876 876 6.86872681666e-05
877 877 8.79274259002e-05
878 878 3707.49921676
879 879 208.066984069
880 880 7.37528123544e-05
881 881 3.44021298684e-05
882 882 2.54674515878e-06
883 883 3293.81183319
884 884 5.10997863386e-05
885 885 8.63263823719e-05
886 886 2.42850181696e-05
887 887 1638.72264369
888 888 9.7115121169e-05
889 889 8.75303913384e-05
890 890 4.35065661974e-05
891 891 4.76124136661e-05
892 892 1191.63865149
893 893 1.26363353789e-05
894 894 3.53536465117e-05
895 895 6.70733238381e-06
896 896 9.98323969218e-05
897 897 4.94432183083e-05
898 898 1.5670597827e-05
899 899 1.78667519876e-05
900 900 177.842476535
901 901 3.73341725083e-05
902 902 9.4483725257e-06
903 903 2.24073116265e-05
904 904 8.78391976501e-05
905 905 7.41863919666e-06
906 906 1206.89326614
907 907 3388.65145961
908 908 3.0208434777e-05
909 909 1.44205228993e-05
910 910 8.60351950162e-05
911 911 8.29528965852e-05
912 912 2.12061563825e-05
913 913 2.51262149824e-05
914 914 7.28715557535e-05
915 915 5.87300904212e-05
916 916 2669.04326808
917 917 9.85724306285e-05
918 918 8.15102338701e-05
919 919 1.02164048964e-05
920 920 2.51029255268e-05
921 921 2000.37025866
922 922 2.1874528493e-05
923 923 7.31510445346e-05
924 924 5.90090731354e-05
925 925 2656.08212655
926 926 1.44764176801e-05
927 927 3368.06030464
928 928 3.5943827058e-06
929 929 8.18289117288e-06
930 930 4995.7684271
931 931 7.84152244613e-05
932 932 1304.2662884
933 933 4.05584776879e-05
934 934 3.55507053618e-05
935 935 326.914693155
936 936 1.44886454032e-06
937 937 94.7785125135
938 938 1.65655839639e-05
939 939 1.80878046466e-05
940 940 6.16977553812e-05
941 941 5.59425128499e-05
942 942 6.66279671555e-05
943 943 9.4404492845e-05
944 944 7.92819575315e-05
945 945 4604.42542669
946 946 6.06391480987e-05
947 947 1.93507199661e-05
948 948 1427.69967637
949 949 6.29440519676e-05
950 950 3.40544269207e-05
951 951 1.45362587581e-05
952 952 3.08132923415e-05
953 953 3.12897447196e-07
954 954 6.4159190763e-05
955 955 5.65614064531e-05
956 956 9.02426409891e-05
957 957 1.4444097473e-05
958 958 9.49430440462e-05
959 959 1042.71325865
960 960 5088.40729903
961 961 4045.95598803
962 962 2.22844646903e-05
963 963 6.96236631521e-05
964 964 7.67326701265e-05
965 965 3.34846179647e-05
966 966 5122.55803146
967 967 3019.16428927
968 968 2.64649245365e-05
969 969 6.51831722871e-05
970 970 4587.70052414
971 971 55.3973072331
972 972 7.13285189955e-05
973 973 4.27214261239e-05
974 974 8.26744575966e-05
975 975 9.84991651415e-05
976 976 7.066082203e-05
977 977 9.78796284309e-06
978 978 2.00501644544e-05
979 979 899.234476941
980 980 1.54381257472e-05
981 981 3.32329829402e-05
982 982 6.47430639462e-05
983 983 3.20396816328e-05
984 984 3.66466785532e-05
985 985 3.0866423981e-05
986 986 8.77767519367e-05
987 987 8.78638338646e-05
988 988 2.79964706172e-05
989 989 3.41090535497e-05
990 990 4.67307263049e-05
991 991 5287.96151072
992 992 6.72052681015e-05
993 993 8.32352072992e-05
994 994 1.19027333942e-05
995 995 747.041173287
996 996 3.97978112769e-06
997 997 9.41338781494e-06
998 998 324.300843719
999 999 5.21976553667e-05
1000 1000 8.46694222229e-05
