1 1 147.164110462
2 2 612.682752142
3 3 524.336830023
4 4 312.248688792
5 5 0.00448190051549
6 6 0.00864145041008
7 7 313.485646331
8 8 597.780743587
9 9 37.8569602859
10 10 0.00817341539911
11 11 0.00945368362855
12 12 0.00503719472461
13 13 77.3160047385
14 14 0.00841800855733
15 15 0.00510631327901
16 16 603.777238039
17 17 403.617911308
18 18 559.993325845
19 19 399.846569758
20 20 473.617370312
21 21 457.29054839
22 22 243.452804196
23 23 267.451100206
24 24 0.00675731640219
25 25 2.77936546528e-06
26 26 340.091297727
27 27 213.2302922
28 28 526.999501261
29 29 458.692081263
30 30 0.0011141878564
31 31 563.276479063
32 32 445.99273099
33 33 220.486491953
34 34 3.81364192666e-05
35 35 0.00402167810767
36 36 273.706918427
37 37 444.968777219
38 38 106.133356963
39 39 552.104488604
40 40 0.00335113577824
41 41 182.76221483
42 42 381.111420364
43 43 0.00120176511074
44 44 158.716843219
45 45 438.061173852
46 46 270.724559536
47 47 113.780698118
48 48 0.00807810013204
49 49 0.0094681749094
50 50 156.608655536
51 51 557.140559762
52 52 236.671028396
53 53 81.9569516465
54 54 0.0050227709769
55 55 0.00126954471018
56 56 547.689196202
57 57 221.298882169
58 58 0.00336359075058
59 59 286.538962152
60 60 549.723616523
61 61 144.03466771
62 62 0.00378502527348
63 63 317.097383242
64 64 0.00977887990382
65 65 0.000334599484612
66 66 103.892132146
67 67 407.567505415
68 68 0.00686776096035
69 69 117.319398376
70 70 351.851313459
71 71 348.625630072
72 72 0.00398121523138
73 73 0.00644867351243
74 74 0.00128958891332
75 75 314.864516097
76 76 173.435005962
77 77 166.548889985
78 78 512.122243083
79 79 0.00422715299918
80 80 503.447146374
81 81 332.013084362
82 82 494.323993031
83 83 483.330533962
84 84 276.47275039
85 85 490.018614801
86 86 136.077913158
87 87 0.00621749301494
88 88 366.838799393
89 89 147.423387384
90 90 613.681524641
91 91 472.488722366
92 92 561.183900925
93 93 0.00365704356171
94 94 482.611938086
95 95 0.00659931130241
96 96 157.510307033
97 97 343.306597911
98 98 137.934204625
99 99 22.3802975151
100 100 374.713990218
101 101 505.567153147
102 102 440.565328549
103 103 449.479450093
104 104 201.795381193
105 105 578.446886899
106 106 585.97524992
107 107 195.315217912
108 108 607.039934762
109 109 0.00591824132227
110 110 0.00361514959604
111 111 0.00182631913737
112 112 362.597475069
113 113 502.609410727
114 114 276.831785985
115 115 585.590402093
116 116 469.006509868
117 117 0.0023306498139
118 118 544.55759256
119 119 472.352781494
120 120 60.7385015182
121 121 531.162297945
122 122 150.257113732
123 123 357.067141209
124 124 586.218252089
125 125 246.403810651
126 126 0.00311968521533
127 127 457.275670154
128 128 90.4654917071
129 129 107.221339483
130 130 273.992936751
131 131 359.635514111
132 132 26.5184659554
133 133 255.260533179
134 134 176.657645833
135 135 622.444053565
136 136 0.00134678247676
137 137 113.986119085
138 138 78.2914286426
139 139 380.388963334
140 140 325.3864326
141 141 0.00582937598408
142 142 0.00974276774914
143 143 146.167984498
144 144 390.08235203
145 145 387.237644786
146 146 572.753383622
147 147 0.0069864100837
148 148 288.71842477
149 149 83.2372717328
150 150 351.915015735
151 151 162.023644906
152 152 415.366566082
153 153 109.737380898
154 154 81.1641193486
155 155 9.85376597106e-05
156 156 484.77667079
157 157 221.348006176
158 158 168.352171494
159 159 368.828406177
160 160 618.164539618
161 161 0.000952269460193
162 162 165.106658795
163 163 0.000295201466068
164 164 605.209279611
165 165 433.162171922
166 166 570.711895244
167 167 247.628509328
168 168 563.148416356
169 169 138.139795398
170 170 610.330375137
171 171 370.386021634
172 172 0.00467017141394
173 173 0.00996097086359
174 174 0.00597219368436
175 175 522.065244055
176 176 473.654013031
177 177 66.9689739429
178 178 409.023260545
179 179 342.336758816
180 180 592.297462767
181 181 0.00106282539284
182 182 235.570446909
183 183 202.517371673
184 184 206.572415807
185 185 29.8222161913
186 186 598.901515949
187 187 248.604584723
188 188 0.00786079319998
189 189 256.197204276
190 190 0.00726881318661
191 191 321.268981101
192 192 555.509060913
193 193 241.29645975
194 194 0.00339038603548
195 195 0.00766999222308
196 196 383.363926232
197 197 302.567611978
198 198 529.843435988
199 199 311.641248097
200 200 558.427868599
201 201 366.669115856
202 202 246.01746356
203 203 622.400154374
204 204 276.73235663
205 205 0.00253550756497
206 206 373.027649896
207 207 249.615186321
208 208 11.0839599426
209 209 0.0051482721495
210 210 0.00250509464197
211 211 100.988324842
212 212 469.889715152
213 213 249.739130252
214 214 0.00697810156883
215 215 385.895501038
216 216 289.635288604
217 217 64.9195355245
218 218 0.00387116646267
219 219 0.00406727154526
220 220 36.164608633
221 221 0.000875014433827
222 222 589.332291896
223 223 363.288973029
224 224 17.7192219309
225 225 0.00305341831675
226 226 4.51941033722
227 227 181.666778802
228 228 573.033941363
229 229 0.00805332332124
230 230 0.0056397417743
231 231 151.056909698
232 232 0.00538936113185
233 233 320.460073918
234 234 0.00819583476902
235 235 361.655673185
236 236 45.4833523782
237 237 151.197566011
238 238 7.91893341648
239 239 0.00311360253521
240 240 0.00596624473244
241 241 421.061781839
242 242 254.873314373
243 243 351.607496402
244 244 596.838630191
245 245 0.0051685599021
246 246 56.6407469269
247 247 0.00951675485162
248 248 539.029178873
249 249 47.5286067852
250 250 285.147477379
251 251 0.00946183251582
252 252 0.0094942997279
253 253 364.075443054
254 254 613.414383371
255 255 0.00317587863764
256 256 0.00910881569684
257 257 594.940000724
258 258 519.11664025
259 259 0.0089871068866
260 260 524.222463602
261 261 225.032158188
262 262 160.848906315
263 263 0.00621188410976
264 264 479.347016559
265 265 592.122509735
266 266 0.00226457939875
267 267 422.955892622
268 268 497.46186932
269 269 0.00202250936655
270 270 322.27934332
271 271 0.00990181319397
272 272 539.295280337
273 273 375.273430962
274 274 0.0028237124824
275 275 164.022422099
276 276 360.822916738
277 277 0.00285488737495
278 278 265.005064847
279 279 0.00293317510325
280 280 36.7044363923
281 281 328.71498883
282 282 0.00577412096098
283 283 0.002014029883
284 284 189.606072302
285 285 0.00400625443987
286 286 606.442040421
287 287 133.186574412
288 288 0.00686835246503
289 289 429.383265974
290 290 26.3269764818
291 291 0.00335768330273
292 292 377.331544029
293 293 0.00155639983623
294 294 65.6274101083
295 295 12.458983007
296 296 144.069763276
297 297 0.000321827576796
298 298 311.187234464
299 299 99.9698536183
300 300 0.00147475389547
301 301 69.6715416525
302 302 221.567384329
303 303 111.738938544
304 304 124.846786423
305 305 526.221032064
306 306 0.00896342920065
307 307 270.320182604
308 308 229.961669756
309 309 605.144195873
310 310 568.876499897
311 311 189.871988874
312 312 0.00624976022442
313 313 499.041258586
314 314 565.033372833
315 315 256.191179251
316 316 0.00749149336591
317 317 208.708525917
318 318 0.00825310121364
319 319 611.349245475
320 320 414.227799875
321 321 269.83432082
322 322 0.00595103756776
323 323 0.00578160038655
324 324 536.745922319
325 325 344.871419533
326 326 336.869997142
327 327 0.00890039070449
328 328 316.093256105
329 329 523.771553098
330 330 182.102292344
331 331 0.00543312710659
332 332 0.00389206221225
333 333 478.126181277
334 334 107.63958191
335 335 449.394526106
336 336 161.541086261
337 337 0.00303594248075
338 338 550.714459636
339 339 310.915708987
340 340 182.61103509
341 341 456.425996226
342 342 41.6882208847
343 343 0.00186672269703
344 344 239.602381959
345 345 221.913052999
346 346 539.61699135
347 347 506.35904551
348 348 296.654797894
349 349 0.00223732803511
350 350 409.488690865
351 351 282.483267522
352 352 0.00640325223068
353 353 127.431465316
354 354 486.080239502
355 355 407.918516307
356 356 197.552884835
357 357 0.00837399419969
358 358 545.274658905
359 359 0.00212765106541
360 360 537.782746681
361 361 0.00274086430471
362 362 341.317957519
363 363 512.422646663
364 364 616.350473526
365 365 0.00859200643987
366 366 0.00502300338651
367 367 48.1643836219
368 368 395.739363492
369 369 219.012122261
370 370 515.030308864
371 371 120.60387433
372 372 500.503197838
373 373 517.530993292
374 374 508.935837161
375 375 271.477033583
376 376 296.177693516
377 377 332.289408073
378 378 217.261959096
379 379 107.300262177
380 380 0.00533259273764
381 381 349.258531968
382 382 592.265341056
383 383 276.746165568
384 384 313.824515418
385 385 252.761674169
386 386 449.277671306
387 387 2.94650870913
388 388 289.394734807
389 389 187.785593579
390 390 0.00595457158087
391 391 399.673199739
392 392 560.185451142
393 393 0.0074758790659
394 394 497.7435259
395 395 273.803404427
396 396 526.61150614
397 397 0.004377957215
398 398 84.3614711689
399 399 555.909263323
400 400 90.5247395742
401 401 0.00704341129121
402 402 0.00273277875756
403 403 0.00932972972821
404 404 0.00872487631169
405 405 0.00212832341704
406 406 361.325454054
407 407 408.281576587
408 408 133.510784735
409 409 501.1893707
410 410 0.00754779972037
411 411 464.438091193
412 412 465.433959954
413 413 491.700702258
414 414 25.9275565204
415 415 569.525422349
416 416 0.00711041214749
417 417 172.545221224
418 418 561.553197425
419 419 521.119841306
420 420 313.186804347
421 421 164.916245673
422 422 491.347645436
423 423 0.00567076653966
424 424 0.00747681666441
425 425 34.4747283074
426 426 0.00395132808978
427 427 45.6081314794
428 428 0.0076940242066
429 429 443.636160949
430 430 345.668457323
431 431 368.79104545
432 432 572.563600132
433 433 549.721804082
434 434 425.865511626
435 435 619.848639486
436 436 381.845486762
437 437 470.004093208
438 438 421.904049389
439 439 0.00151815411248
440 440 0.00400476337194
441 441 0.00257085928912
442 442 0.00056353925115
443 443 623.451786548
444 444 571.680003406
445 445 451.308030076
446 446 0.00585813556402
447 447 501.688409573
448 448 0.00533365523946
449 449 555.95903536
450 450 389.247253952
451 451 268.294701011
452 452 301.249870047
453 453 0.00771215190975
454 454 487.907833603
455 455 416.896325172
456 456 215.778462285
457 457 0.00930555936493
458 458 529.906809505
459 459 84.5313149087
460 460 23.5310174914
461 461 8.95593648083e-05
462 462 0.00213087879115
463 463 0.00641692455916
464 464 46.5002477999
465 465 332.547188637
466 466 185.84396594
467 467 83.6796811775
468 468 165.249451405
469 469 560.177372244
470 470 167.934035506
471 471 0.000927258635146
472 472 468.634118524
473 473 239.707993097
474 474 0.00438576227736
475 475 160.5198503
476 476 0.00757210592885
477 477 438.927045091
478 478 291.86748935
479 479 502.777845994
480 480 99.3092832637
481 481 0.000696333057668
482 482 543.772639482
483 483 0.00149308055604
484 484 519.659504761
485 485 50.8764147865
486 486 470.772973867
487 487 309.202598554
488 488 0.00900640211866
489 489 612.965011835
490 490 290.850053005
491 491 223.940427703
492 492 0.00960469483259
493 493 222.230224606
494 494 178.18975533
495 495 0.0043319985571
496 496 108.825939326
497 497 490.530040056
498 498 319.301069768
499 499 156.231122544
500 500 194.256089758
501 501 397.563654402
502 502 586.979089811
503 503 570.615561027
504 504 92.2439037402
505 505 173.063331845
506 506 193.875120115
507 507 320.61792896
508 508 13.5952856381
509 509 6.77411872082
510 510 0.00218481785513
511 511 197.49818777
512 512 0.00687677998971
513 513 155.167388153
514 514 359.111270181
515 515 199.683533672
516 516 174.667449395
517 517 0.00143974878688
518 518 0.000842037580843
519 519 160.056846751
520 520 498.028626078
521 521 395.415893244
522 522 59.1297771972
523 523 603.985763017
524 524 204.384935951
525 525 163.970892548
526 526 0.00984276019283
527 527 523.810402246
528 528 550.552508682
529 529 616.815938111
530 530 396.218482635
531 531 146.448831706
532 532 426.445619832
533 533 308.144945132
534 534 490.630341376
535 535 294.054512
536 536 222.725120696
537 537 0.00919614702784
538 538 113.205216177
539 539 167.095207707
540 540 366.646083233
541 541 0.00914246305849
542 542 559.097476158
543 543 520.827175664
544 544 32.9374004829
545 545 516.295260661
546 546 386.217767576
547 547 124.123290262
548 548 38.9328197026
549 549 0.00660777289493
550 550 48.656584215
551 551 402.680586372
552 552 516.89126287
553 553 375.890802145
554 554 291.731108301
555 555 86.8618223845
556 556 325.243291961
557 557 2.87430592017e-05
558 558 158.626636657
559 559 549.024571559
560 560 129.662366044
561 561 0.00757495327768
562 562 335.412398823
563 563 81.1083876678
564 564 137.798268085
565 565 232.353226283
566 566 344.195275852
567 567 0.00100173315284
568 568 623.257673061
569 569 37.2686727506
570 570 138.850948445
571 571 554.621945955
572 572 227.507882242
573 573 59.7626671289
574 574 498.440313593
575 575 396.824742467
576 576 387.796271688
577 577 0.00226837296994
578 578 390.110851401
579 579 25.3076524253
580 580 243.826044968
581 581 191.442033266
582 582 204.722924109
583 583 97.0322205174
584 584 13.7296651162
585 585 402.108770448
586 586 38.5156360071
587 587 288.19802918
588 588 0.00624539591413
589 589 0.00251422877065
590 590 0.00315249943926
591 591 0.00583119202438
592 592 246.42143652
593 593 517.755503038
594 594 620.307354506
595 595 139.347762883
596 596 218.585554626
597 597 1.65760790323
598 598 381.869935704
599 599 147.05545014
600 600 0.00591634767117
601 601 0.00728702482678
602 602 0.00955853325802
603 603 85.0558955534
604 604 0.00854159127996
605 605 0.000836223860159
606 606 465.574424421
607 607 0.00763915025154
608 608 0.00982129335825
609 609 482.951781696
610 610 0.00843327657362
611 611 573.616010773
612 612 615.827723205
613 613 0.00500266660153
614 614 15.0432361025
615 615 87.7176075239
616 616 197.974032102
617 617 303.879622523
618 618 0.004956309655
619 619 148.545296536
620 620 102.128319375
621 621 369.528250964
622 622 0.00929285385379
623 623 199.22575624
624 624 449.100530862
625 625 447.795010712
626 626 0.0086974632437
627 627 183.177153883
628 628 329.909744904
629 629 146.24121073
630 630 355.955920418
631 631 228.32576246
632 632 336.16004873
633 633 141.085321429
634 634 377.365637126
635 635 0.00431103700295
636 636 75.5821241892
637 637 511.730898319
638 638 220.835335436
639 639 264.849225556
640 640 453.522532554
641 641 0.00705069018
642 642 569.051052464
643 643 588.868489264
644 644 0.00498245343662
645 645 329.557977491
646 646 117.233942759
647 647 420.112101046
648 648 182.761926355
649 649 0.00255139730801
650 650 386.463623722
651 651 87.1721547253
652 652 284.105345088
653 653 193.292654702
654 654 0.00288076244898
655 655 310.231746228
656 656 0.00361432712029
657 657 20.4400265207
658 658 37.4878295104
659 659 0.00363411133474
660 660 0.00778310401422
661 661 495.24430802
662 662 499.379056489
663 663 304.119984764
664 664 387.680392142
665 665 0.00763180865165
666 666 585.304234043
667 667 128.050570724
668 668 245.850340955
669 669 468.806397075
670 670 0.000575117852194
671 671 0.00158495042109
672 672 0.00924855854866
673 673 416.819504823
674 674 244.339754414
675 675 0.000273147181259
676 676 238.359978717
677 677 266.979811139
678 678 0.0047477389248
679 679 437.856588493
680 680 393.922667294
681 681 23.5679217883
682 682 125.991748781
683 683 537.700645694
684 684 0.0011711647385
685 685 352.788434672
686 686 0.00154500026863
687 687 581.006272702
688 688 0.0040312493711
689 689 0.00392443282675
690 690 458.692931814
691 691 162.186833099
692 692 0.00625988809993
693 693 47.5593097693
694 694 205.281280506
695 695 56.0163525889
696 696 466.333659519
697 697 425.493744871
698 698 0.00244616859854
699 699 542.590772267
700 700 5.49865730489
701 701 505.479870179
702 702 92.7706576482
703 703 244.235993064
704 704 432.120387763
705 705 597.216664617
706 706 0.00915926367328
707 707 296.257897468
708 708 0.00505946585722
709 709 569.725820533
710 710 92.7311918778
711 711 267.881506677
712 712 405.78218026
713 713 157.873421881
714 714 0.00815367786892
715 715 91.4032482185
716 716 524.848984372
717 717 0.00445802475638
718 718 0.00632958290141
719 719 324.559023852
720 720 125.416163091
721 721 0.00790332842347
722 722 513.828790684
723 723 511.153163098
724 724 438.215634454
725 725 515.614545746
726 726 0.0062994529819
727 727 60.8200499927
728 728 0.00726974044897
729 729 368.449302786
730 730 0.00229153719243
731 731 0.000185012723585
732 732 546.458014326
733 733 179.853371955
734 734 509.450480937
735 735 474.053725838
736 736 398.882288885
737 737 367.234641098
738 738 0.00978101431155
739 739 11.6364798945
740 740 307.917145447
741 741 0.00182537758964
742 742 613.270419493
743 743 0.000885670694366
744 744 378.168259586
745 745 164.549528405
746 746 0.00217138219077
747 747 0.0018497781642
748 748 103.08702051
749 749 398.260295577
750 750 14.5114657653
751 751 321.757087585
752 752 17.1236261397
753 753 388.853474712
754 754 0.00396371796454
755 755 0.00270508935133
756 756 0.00954775777559
757 757 499.832665924
758 758 552.423012964
759 759 188.17011869
760 760 0.00189977875112
761 761 0.00211812109659
762 762 375.601270481
763 763 8.16138182561
764 764 114.545115431
765 765 535.110266226
766 766 62.5387591013
767 767 297.065328463
768 768 61.1151333916
769 769 6.04815291556
770 770 425.492194119
771 771 253.356903583
772 772 466.725220952
773 773 467.606400151
774 774 176.465492917
775 775 153.392327341
776 776 54.1622446581
777 777 524.137597932
778 778 350.931582134
779 779 200.859504733
780 780 296.857092492
781 781 4.68204373565
782 782 230.04033115
783 783 246.532208644
784 784 0.00725142506921
785 785 0.00151842531306
786 786 0.00472570837258
787 787 469.416492619
788 788 323.893911866
789 789 0.00287558543264
790 790 491.273216221
791 791 37.5698703542
792 792 242.274562372
793 793 0.00089507922484
794 794 357.66402281
795 795 321.043759634
796 796 512.049151346
797 797 378.324005826
798 798 268.873571843
799 799 197.910612082
800 800 0.00452258218509
801 801 465.168720624
802 802 0.000381435007913
803 803 541.562724556
804 804 349.358064921
805 805 0.00605679387649
806 806 231.424521313
807 807 0.00254788274048
808 808 180.913473403
809 809 373.757259654
810 810 385.789103332
811 811 577.131099372
812 812 607.629951132
813 813 535.88655672
814 814 617.874797684
815 815 560.334655101
816 816 439.607425739
817 817 114.087026727
818 818 138.546496874
819 819 0.00792446065311
820 820 0.000602747357383
821 821 21.8119431501
822 822 0.00310208813387
823 823 424.174024393
824 824 433.076340735
825 825 173.527169544
826 826 431.446349882
827 827 469.904351314
828 828 123.938237495
829 829 261.791337585
830 830 138.089220922
831 831 0.00191171487792
832 832 353.4325816
833 833 168.618748251
834 834 190.03569453
835 835 620.820060835
836 836 0.00719370931273
837 837 307.954236973
838 838 0.00392034117641
839 839 0.00493948697837
840 840 399.549138483
841 841 554.761920432
842 842 468.590826019
843 843 161.853227314
844 844 515.975720995
845 845 486.384781717
846 846 11.9006309539
847 847 123.661147438
848 848 614.186488206
849 849 0.00848829079573
850 850 391.292457074
851 851 32.5283675712
852 852 321.520123465
853 853 520.06434034
854 854 115.183740952
855 855 223.55355372
856 856 353.289082077
857 857 108.522456768
858 858 582.866299581
859 859 272.248684375
860 860 415.01237964
861 861 249.877141055
862 862 0.0080576351596
863 863 238.512488691
864 864 340.388643642
865 865 540.056955175
866 866 0.000400054055398
867 867 326.064776987
868 868 0.0029545472615
869 869 475.280579645
870 870 502.90960966
871 871 600.857265404
872 872 238.595947631
873 873 240.119485254
874 874 583.669819511
875 875 103.360641585
876 876 0.00879618091951
877 877 436.92107036
878 878 0.0022899823678
879 879 25.3139525063
880 880 288.352707552
881 881 537.366941606
882 882 51.2972196792
883 883 238.573829438
884 884 589.797620285
885 885 527.334198082
886 886 0.00530494031668
887 887 119.926683697
888 888 75.1478824572
889 889 0.0043596314929
890 890 511.173494402
891 891 0.00711781381988
892 892 85.3563181931
893 893 251.322439929
894 894 66.7078422577
895 895 596.244577384
896 896 132.936274109
897 897 0.000687290817893
898 898 64.7566886299
899 899 0.00726691576331
900 900 213.178828118
901 901 243.733566517
902 902 472.687356275
903 903 537.496587815
904 904 205.048736422
905 905 210.829793546
906 906 343.332024793
907 907 0.00692969214332
908 908 101.133709186
909 909 372.141857569
910 910 365.116438422
911 911 374.726273155
912 912 131.977305774
913 913 421.169086412
914 914 593.676941609
915 915 423.571230642
916 916 118.458585357
917 917 484.896815903
918 918 466.346870377
919 919 134.195060863
920 920 141.70822394
921 921 0.00272768865649
922 922 111.108496086
923 923 111.113098033
924 924 302.302653841
925 925 509.975960979
926 926 0.00586287206749
927 927 69.7502583598
928 928 1.33165309945
929 929 0.00081526562649
930 930 296.134886598
931 931 608.840252168
932 932 531.046893354
933 933 239.794485534
934 934 566.69522353
935 935 554.139871207
936 936 528.103827415
937 937 370.10109616
938 938 483.262683178
939 939 0.00959254366384
940 940 565.042544361
941 941 327.840451841
942 942 137.751419103
943 943 558.624276206
944 944 0.00461338914641
945 945 373.007309183
946 946 215.093283966
947 947 0.000592094970612
948 948 412.633038384
949 949 72.1888013146
950 950 466.959057591
951 951 0.000298039943756
952 952 0.00681687032893
953 953 567.987206512
954 954 138.718743042
955 955 233.480366743
956 956 0.00892189499224
957 957 469.874530416
958 958 610.267751898
959 959 0.00445837021359
960 960 53.737465951
961 961 340.058312371
962 962 458.761831618
963 963 0.00604230600365
964 964 613.262179275
965 965 221.133097251
966 966 0.00933721377175
967 967 165.520101999
968 968 153.078910568
969 969 0.00206327025213
970 970 0.0064405568318
971 971 2.21305457153
972 972 0.00548152310349
973 973 125.580412747
974 974 87.0597566079
975 975 121.864002104
976 976 190.396273602
977 977 0.00924224118746
978 978 4.67767212516
979 979 0.00721321543504
980 980 0.00390290421522
981 981 506.585222778
982 982 142.189915688
983 983 542.585880273
984 984 0.00560986763841
985 985 507.868875129
986 986 434.26622671
987 987 373.093647731
988 988 0.00711571964071
989 989 343.777859298
990 990 230.236922382
991 991 471.793810344
992 992 37.1108005564
993 993 32.1581582107
994 994 214.734851396
995 995 344.398343264
996 996 470.173131438
997 997 375.330509889
998 998 447.970353401
999 999 423.186748842
1000 1000 0.00832119333312
