1 1 1
2 1 -1
1 2 1
3 2 -1
1 3 1
4 3 -1
1 4 1
5 4 -1
1 5 1
40 5 -1
1 6 1
79 6 -1
1 7 1
118 7 -1
1 8 1
157 8 -1
1 9 1
196 9 -1
2 10 1
3 10 -1
2 11 1
4 11 -1
2 12 1
5 12 -1
2 13 1
6 13 -1
2 14 1
41 14 -1
2 15 1
80 15 -1
2 16 1
119 16 -1
2 17 1
158 17 -1
2 18 1
197 18 -1
3 19 1
4 19 -1
3 20 1
5 20 -1
3 21 1
6 21 -1
3 22 1
7 22 -1
3 23 1
42 23 -1
3 24 1
81 24 -1
3 25 1
120 25 -1
3 26 1
159 26 -1
3 27 1
198 27 -1
4 28 1
5 28 -1
4 29 1
6 29 -1
4 30 1
7 30 -1
4 31 1
8 31 -1
4 32 1
43 32 -1
4 33 1
82 33 -1
4 34 1
121 34 -1
4 35 1
160 35 -1
4 36 1
199 36 -1
5 37 1
6 37 -1
5 38 1
7 38 -1
5 39 1
8 39 -1
5 40 1
9 40 -1
5 41 1
44 41 -1
5 42 1
83 42 -1
5 43 1
122 43 -1
5 44 1
161 44 -1
5 45 1
200 45 -1
6 46 1
7 46 -1
6 47 1
8 47 -1
6 48 1
9 48 -1
6 49 1
10 49 -1
6 50 1
45 50 -1
6 51 1
84 51 -1
6 52 1
123 52 -1
6 53 1
162 53 -1
6 54 1
201 54 -1
7 55 1
8 55 -1
7 56 1
9 56 -1
7 57 1
10 57 -1
7 58 1
11 58 -1
7 59 1
46 59 -1
7 60 1
85 60 -1
7 61 1
124 61 -1
7 62 1
163 62 -1
7 63 1
202 63 -1
8 64 1
9 64 -1
8 65 1
10 65 -1
8 66 1
11 66 -1
8 67 1
12 67 -1
8 68 1
47 68 -1
8 69 1
86 69 -1
8 70 1
125 70 -1
8 71 1
164 71 -1
8 72 1
203 72 -1
9 73 1
10 73 -1
9 74 1
11 74 -1
9 75 1
12 75 -1
9 76 1
13 76 -1
9 77 1
48 77 -1
9 78 1
87 78 -1
9 79 1
126 79 -1
9 80 1
165 80 -1
9 81 1
204 81 -1
10 82 1
11 82 -1
10 83 1
12 83 -1
10 84 1
13 84 -1
10 85 1
14 85 -1
10 86 1
49 86 -1
10 87 1
88 87 -1
10 88 1
127 88 -1
10 89 1
166 89 -1
10 90 1
205 90 -1
11 91 1
12 91 -1
11 92 1
13 92 -1
11 93 1
14 93 -1
11 94 1
15 94 -1
11 95 1
50 95 -1
11 96 1
89 96 -1
11 97 1
128 97 -1
11 98 1
167 98 -1
11 99 1
206 99 -1
12 100 1
13 100 -1
12 101 1
14 101 -1
12 102 1
15 102 -1
12 103 1
16 103 -1
12 104 1
51 104 -1
12 105 1
90 105 -1
12 106 1
129 106 -1
12 107 1
168 107 -1
12 108 1
207 108 -1
13 109 1
14 109 -1
13 110 1
15 110 -1
13 111 1
16 111 -1
13 112 1
17 112 -1
13 113 1
52 113 -1
13 114 1
91 114 -1
13 115 1
130 115 -1
13 116 1
169 116 -1
13 117 1
208 117 -1
14 118 1
15 118 -1
14 119 1
16 119 -1
14 120 1
17 120 -1
14 121 1
18 121 -1
14 122 1
53 122 -1
14 123 1
92 123 -1
14 124 1
131 124 -1
14 125 1
170 125 -1
14 126 1
209 126 -1
15 127 1
16 127 -1
15 128 1
17 128 -1
15 129 1
18 129 -1
15 130 1
19 130 -1
15 131 1
54 131 -1
15 132 1
93 132 -1
15 133 1
132 133 -1
15 134 1
171 134 -1
15 135 1
210 135 -1
16 136 1
17 136 -1
16 137 1
18 137 -1
16 138 1
19 138 -1
16 139 1
20 139 -1
16 140 1
55 140 -1
16 141 1
94 141 -1
16 142 1
133 142 -1
16 143 1
172 143 -1
16 144 1
211 144 -1
17 145 1
18 145 -1
17 146 1
19 146 -1
17 147 1
20 147 -1
17 148 1
21 148 -1
17 149 1
56 149 -1
17 150 1
95 150 -1
17 151 1
134 151 -1
17 152 1
173 152 -1
17 153 1
212 153 -1
18 154 1
19 154 -1
18 155 1
20 155 -1
18 156 1
21 156 -1
18 157 1
22 157 -1
18 158 1
57 158 -1
18 159 1
96 159 -1
18 160 1
135 160 -1
18 161 1
174 161 -1
18 162 1
213 162 -1
19 163 1
20 163 -1
19 164 1
21 164 -1
19 165 1
22 165 -1
19 166 1
23 166 -1
19 167 1
58 167 -1
19 168 1
97 168 -1
19 169 1
136 169 -1
19 170 1
175 170 -1
19 171 1
214 171 -1
20 172 1
21 172 -1
20 173 1
22 173 -1
20 174 1
23 174 -1
20 175 1
24 175 -1
20 176 1
59 176 -1
20 177 1
98 177 -1
20 178 1
137 178 -1
20 179 1
176 179 -1
20 180 1
215 180 -1
21 181 1
22 181 -1
21 182 1
23 182 -1
21 183 1
24 183 -1
21 184 1
25 184 -1
21 185 1
60 185 -1
21 186 1
99 186 -1
21 187 1
138 187 -1
21 188 1
177 188 -1
21 189 1
216 189 -1
22 190 1
23 190 -1
22 191 1
24 191 -1
22 192 1
25 192 -1
22 193 1
26 193 -1
22 194 1
61 194 -1
22 195 1
100 195 -1
22 196 1
139 196 -1
22 197 1
178 197 -1
22 198 1
217 198 -1
23 199 1
24 199 -1
23 200 1
25 200 -1
23 201 1
26 201 -1
23 202 1
27 202 -1
23 203 1
62 203 -1
23 204 1
101 204 -1
23 205 1
140 205 -1
23 206 1
179 206 -1
23 207 1
218 207 -1
24 208 1
25 208 -1
24 209 1
26 209 -1
24 210 1
27 210 -1
24 211 1
28 211 -1
24 212 1
63 212 -1
24 213 1
102 213 -1
24 214 1
141 214 -1
24 215 1
180 215 -1
24 216 1
219 216 -1
25 217 1
26 217 -1
25 218 1
27 218 -1
25 219 1
28 219 -1
25 220 1
29 220 -1
25 221 1
64 221 -1
25 222 1
103 222 -1
25 223 1
142 223 -1
25 224 1
181 224 -1
25 225 1
220 225 -1
26 226 1
27 226 -1
26 227 1
28 227 -1
26 228 1
29 228 -1
26 229 1
30 229 -1
26 230 1
65 230 -1
26 231 1
104 231 -1
26 232 1
143 232 -1
26 233 1
182 233 -1
26 234 1
221 234 -1
27 235 1
28 235 -1
27 236 1
29 236 -1
27 237 1
30 237 -1
27 238 1
31 238 -1
27 239 1
66 239 -1
27 240 1
105 240 -1
27 241 1
144 241 -1
27 242 1
183 242 -1
27 243 1
222 243 -1
28 244 1
29 244 -1
28 245 1
30 245 -1
28 246 1
31 246 -1
28 247 1
32 247 -1
28 248 1
67 248 -1
28 249 1
106 249 -1
28 250 1
145 250 -1
28 251 1
184 251 -1
28 252 1
223 252 -1
29 253 1
30 253 -1
29 254 1
31 254 -1
29 255 1
32 255 -1
29 256 1
33 256 -1
29 257 1
68 257 -1
29 258 1
107 258 -1
29 259 1
146 259 -1
29 260 1
185 260 -1
29 261 1
224 261 -1
30 262 1
31 262 -1
30 263 1
32 263 -1
30 264 1
33 264 -1
30 265 1
34 265 -1
30 266 1
69 266 -1
30 267 1
108 267 -1
30 268 1
147 268 -1
30 269 1
186 269 -1
30 270 1
225 270 -1
31 271 1
32 271 -1
31 272 1
33 272 -1
31 273 1
34 273 -1
31 274 1
35 274 -1
31 275 1
70 275 -1
31 276 1
109 276 -1
31 277 1
148 277 -1
31 278 1
187 278 -1
31 279 1
226 279 -1
32 280 1
33 280 -1
32 281 1
34 281 -1
32 282 1
35 282 -1
32 283 1
36 283 -1
32 284 1
71 284 -1
32 285 1
110 285 -1
32 286 1
149 286 -1
32 287 1
188 287 -1
32 288 1
227 288 -1
33 289 1
34 289 -1
33 290 1
35 290 -1
33 291 1
36 291 -1
33 292 1
37 292 -1
33 293 1
72 293 -1
33 294 1
111 294 -1
33 295 1
150 295 -1
33 296 1
189 296 -1
33 297 1
228 297 -1
34 298 1
35 298 -1
34 299 1
36 299 -1
34 300 1
37 300 -1
34 301 1
38 301 -1
34 302 1
73 302 -1
34 303 1
112 303 -1
34 304 1
151 304 -1
34 305 1
190 305 -1
34 306 1
229 306 -1
35 307 1
36 307 -1
35 308 1
37 308 -1
35 309 1
38 309 -1
35 310 1
39 310 -1
35 311 1
74 311 -1
35 312 1
113 312 -1
35 313 1
152 313 -1
35 314 1
191 314 -1
35 315 1
230 315 -1
36 316 1
37 316 -1
36 317 1
38 317 -1
36 318 1
39 318 -1
36 319 1
273 319 -1
36 320 1
75 320 -1
36 321 1
114 321 -1
36 322 1
153 322 -1
36 323 1
192 323 -1
36 324 1
231 324 -1
37 325 1
38 325 -1
37 326 1
39 326 -1
37 327 1
273 327 -1
37 328 1
273 328 -1
1 329 1
2 329 -1
37 330 1
76 330 -1
37 331 1
115 331 -1
37 332 1
154 332 -1
37 333 1
193 333 -1
37 334 1
232 334 -1
38 335 1
39 335 -1
38 336 1
273 336 -1
38 337 1
273 337 -1
1 338 1
2 338 -1
38 339 1
273 339 -1
1 340 1
3 340 -1
38 341 1
77 341 -1
38 342 1
116 342 -1
38 343 1
155 343 -1
38 344 1
194 344 -1
38 345 1
233 345 -1
39 346 1
273 346 -1
39 347 1
273 347 -1
1 348 1
2 348 -1
39 349 1
273 349 -1
1 350 1
3 350 -1
39 351 1
273 351 -1
1 352 1
4 352 -1
39 353 1
78 353 -1
39 354 1
117 354 -1
39 355 1
156 355 -1
39 356 1
195 356 -1
39 357 1
234 357 -1
40 358 1
41 358 -1
40 359 1
42 359 -1
40 360 1
43 360 -1
40 361 1
44 361 -1
40 362 1
79 362 -1
40 363 1
118 363 -1
40 364 1
157 364 -1
40 365 1
196 365 -1
40 366 1
235 366 -1
41 367 1
42 367 -1
41 368 1
43 368 -1
41 369 1
44 369 -1
41 370 1
45 370 -1
41 371 1
80 371 -1
41 372 1
119 372 -1
41 373 1
158 373 -1
41 374 1
197 374 -1
41 375 1
236 375 -1
42 376 1
43 376 -1
42 377 1
44 377 -1
42 378 1
45 378 -1
42 379 1
46 379 -1
42 380 1
81 380 -1
42 381 1
120 381 -1
42 382 1
159 382 -1
42 383 1
198 383 -1
42 384 1
237 384 -1
43 385 1
44 385 -1
43 386 1
45 386 -1
43 387 1
46 387 -1
43 388 1
47 388 -1
43 389 1
82 389 -1
43 390 1
121 390 -1
43 391 1
160 391 -1
43 392 1
199 392 -1
43 393 1
238 393 -1
44 394 1
45 394 -1
44 395 1
46 395 -1
44 396 1
47 396 -1
44 397 1
48 397 -1
44 398 1
83 398 -1
44 399 1
122 399 -1
44 400 1
161 400 -1
44 401 1
200 401 -1
44 402 1
239 402 -1
45 403 1
46 403 -1
45 404 1
47 404 -1
45 405 1
48 405 -1
45 406 1
49 406 -1
45 407 1
84 407 -1
45 408 1
123 408 -1
45 409 1
162 409 -1
45 410 1
201 410 -1
45 411 1
240 411 -1
46 412 1
47 412 -1
46 413 1
48 413 -1
46 414 1
49 414 -1
46 415 1
50 415 -1
46 416 1
85 416 -1
46 417 1
124 417 -1
46 418 1
163 418 -1
46 419 1
202 419 -1
46 420 1
241 420 -1
47 421 1
48 421 -1
47 422 1
49 422 -1
47 423 1
50 423 -1
47 424 1
51 424 -1
47 425 1
86 425 -1
47 426 1
125 426 -1
47 427 1
164 427 -1
47 428 1
203 428 -1
47 429 1
242 429 -1
48 430 1
49 430 -1
48 431 1
50 431 -1
48 432 1
51 432 -1
48 433 1
52 433 -1
48 434 1
87 434 -1
48 435 1
126 435 -1
48 436 1
165 436 -1
48 437 1
204 437 -1
48 438 1
243 438 -1
49 439 1
50 439 -1
49 440 1
51 440 -1
49 441 1
52 441 -1
49 442 1
53 442 -1
49 443 1
88 443 -1
49 444 1
127 444 -1
49 445 1
166 445 -1
49 446 1
205 446 -1
49 447 1
244 447 -1
50 448 1
51 448 -1
50 449 1
52 449 -1
50 450 1
53 450 -1
50 451 1
54 451 -1
50 452 1
89 452 -1
50 453 1
128 453 -1
50 454 1
167 454 -1
50 455 1
206 455 -1
50 456 1
245 456 -1
51 457 1
52 457 -1
51 458 1
53 458 -1
51 459 1
54 459 -1
51 460 1
55 460 -1
51 461 1
90 461 -1
51 462 1
129 462 -1
51 463 1
168 463 -1
51 464 1
207 464 -1
51 465 1
246 465 -1
52 466 1
53 466 -1
52 467 1
54 467 -1
52 468 1
55 468 -1
52 469 1
56 469 -1
52 470 1
91 470 -1
52 471 1
130 471 -1
52 472 1
169 472 -1
52 473 1
208 473 -1
52 474 1
247 474 -1
53 475 1
54 475 -1
53 476 1
55 476 -1
53 477 1
56 477 -1
53 478 1
57 478 -1
53 479 1
92 479 -1
53 480 1
131 480 -1
53 481 1
170 481 -1
53 482 1
209 482 -1
53 483 1
248 483 -1
54 484 1
55 484 -1
54 485 1
56 485 -1
54 486 1
57 486 -1
54 487 1
58 487 -1
54 488 1
93 488 -1
54 489 1
132 489 -1
54 490 1
171 490 -1
54 491 1
210 491 -1
54 492 1
249 492 -1
55 493 1
56 493 -1
55 494 1
57 494 -1
55 495 1
58 495 -1
55 496 1
59 496 -1
55 497 1
94 497 -1
55 498 1
133 498 -1
55 499 1
172 499 -1
55 500 1
211 500 -1
55 501 1
250 501 -1
56 502 1
57 502 -1
56 503 1
58 503 -1
56 504 1
59 504 -1
56 505 1
60 505 -1
56 506 1
95 506 -1
56 507 1
134 507 -1
56 508 1
173 508 -1
56 509 1
212 509 -1
56 510 1
251 510 -1
57 511 1
58 511 -1
57 512 1
59 512 -1
57 513 1
60 513 -1
57 514 1
61 514 -1
57 515 1
96 515 -1
57 516 1
135 516 -1
57 517 1
174 517 -1
57 518 1
213 518 -1
57 519 1
252 519 -1
58 520 1
59 520 -1
58 521 1
60 521 -1
58 522 1
61 522 -1
58 523 1
62 523 -1
58 524 1
97 524 -1
58 525 1
136 525 -1
58 526 1
175 526 -1
58 527 1
214 527 -1
58 528 1
253 528 -1
59 529 1
60 529 -1
59 530 1
61 530 -1
59 531 1
62 531 -1
59 532 1
63 532 -1
59 533 1
98 533 -1
59 534 1
137 534 -1
59 535 1
176 535 -1
59 536 1
215 536 -1
59 537 1
254 537 -1
60 538 1
61 538 -1
60 539 1
62 539 -1
60 540 1
63 540 -1
60 541 1
64 541 -1
60 542 1
99 542 -1
60 543 1
138 543 -1
60 544 1
177 544 -1
60 545 1
216 545 -1
60 546 1
255 546 -1
61 547 1
62 547 -1
61 548 1
63 548 -1
61 549 1
64 549 -1
61 550 1
65 550 -1
61 551 1
100 551 -1
61 552 1
139 552 -1
61 553 1
178 553 -1
61 554 1
217 554 -1
61 555 1
256 555 -1
62 556 1
63 556 -1
62 557 1
64 557 -1
62 558 1
65 558 -1
62 559 1
66 559 -1
62 560 1
101 560 -1
62 561 1
140 561 -1
62 562 1
179 562 -1
62 563 1
218 563 -1
62 564 1
257 564 -1
63 565 1
64 565 -1
63 566 1
65 566 -1
63 567 1
66 567 -1
63 568 1
67 568 -1
63 569 1
102 569 -1
63 570 1
141 570 -1
63 571 1
180 571 -1
63 572 1
219 572 -1
63 573 1
258 573 -1
64 574 1
65 574 -1
64 575 1
66 575 -1
64 576 1
67 576 -1
64 577 1
68 577 -1
64 578 1
103 578 -1
64 579 1
142 579 -1
64 580 1
181 580 -1
64 581 1
220 581 -1
64 582 1
259 582 -1
65 583 1
66 583 -1
65 584 1
67 584 -1
65 585 1
68 585 -1
65 586 1
69 586 -1
65 587 1
104 587 -1
65 588 1
143 588 -1
65 589 1
182 589 -1
65 590 1
221 590 -1
65 591 1
260 591 -1
66 592 1
67 592 -1
66 593 1
68 593 -1
66 594 1
69 594 -1
66 595 1
70 595 -1
66 596 1
105 596 -1
66 597 1
144 597 -1
66 598 1
183 598 -1
66 599 1
222 599 -1
66 600 1
261 600 -1
67 601 1
68 601 -1
67 602 1
69 602 -1
67 603 1
70 603 -1
67 604 1
71 604 -1
67 605 1
106 605 -1
67 606 1
145 606 -1
67 607 1
184 607 -1
67 608 1
223 608 -1
67 609 1
262 609 -1
68 610 1
69 610 -1
68 611 1
70 611 -1
68 612 1
71 612 -1
68 613 1
72 613 -1
68 614 1
107 614 -1
68 615 1
146 615 -1
68 616 1
185 616 -1
68 617 1
224 617 -1
68 618 1
263 618 -1
69 619 1
70 619 -1
69 620 1
71 620 -1
69 621 1
72 621 -1
69 622 1
73 622 -1
69 623 1
108 623 -1
69 624 1
147 624 -1
69 625 1
186 625 -1
69 626 1
225 626 -1
69 627 1
264 627 -1
70 628 1
71 628 -1
70 629 1
72 629 -1
70 630 1
73 630 -1
70 631 1
74 631 -1
70 632 1
109 632 -1
70 633 1
148 633 -1
70 634 1
187 634 -1
70 635 1
226 635 -1
70 636 1
265 636 -1
71 637 1
72 637 -1
71 638 1
73 638 -1
71 639 1
74 639 -1
71 640 1
75 640 -1
71 641 1
110 641 -1
71 642 1
149 642 -1
71 643 1
188 643 -1
71 644 1
227 644 -1
71 645 1
266 645 -1
72 646 1
73 646 -1
72 647 1
74 647 -1
72 648 1
75 648 -1
72 649 1
76 649 -1
72 650 1
111 650 -1
72 651 1
150 651 -1
72 652 1
189 652 -1
72 653 1
228 653 -1
72 654 1
267 654 -1
73 655 1
74 655 -1
73 656 1
75 656 -1
73 657 1
76 657 -1
73 658 1
77 658 -1
73 659 1
112 659 -1
73 660 1
151 660 -1
73 661 1
190 661 -1
73 662 1
229 662 -1
73 663 1
268 663 -1
74 664 1
75 664 -1
74 665 1
76 665 -1
74 666 1
77 666 -1
74 667 1
78 667 -1
74 668 1
113 668 -1
74 669 1
152 669 -1
74 670 1
191 670 -1
74 671 1
230 671 -1
74 672 1
269 672 -1
75 673 1
76 673 -1
75 674 1
77 674 -1
75 675 1
78 675 -1
75 676 1
273 676 -1
1 677 1
40 677 -1
75 678 1
114 678 -1
75 679 1
153 679 -1
75 680 1
192 680 -1
75 681 1
231 681 -1
75 682 1
270 682 -1
76 683 1
77 683 -1
76 684 1
78 684 -1
76 685 1
273 685 -1
1 686 1
40 686 -1
76 687 1
273 687 -1
1 688 1
41 688 -1
76 689 1
115 689 -1
76 690 1
154 690 -1
76 691 1
193 691 -1
76 692 1
232 692 -1
76 693 1
271 693 -1
77 694 1
78 694 -1
77 695 1
273 695 -1
1 696 1
40 696 -1
77 697 1
273 697 -1
1 698 1
41 698 -1
77 699 1
273 699 -1
1 700 1
42 700 -1
77 701 1
116 701 -1
77 702 1
155 702 -1
77 703 1
194 703 -1
77 704 1
233 704 -1
77 705 1
272 705 -1
78 706 1
273 706 -1
1 707 1
40 707 -1
78 708 1
273 708 -1
1 709 1
41 709 -1
78 710 1
273 710 -1
1 711 1
42 711 -1
78 712 1
273 712 -1
1 713 1
43 713 -1
78 714 1
117 714 -1
78 715 1
156 715 -1
78 716 1
195 716 -1
78 717 1
234 717 -1
78 718 1
273 718 -1
79 719 1
80 719 -1
79 720 1
81 720 -1
79 721 1
82 721 -1
79 722 1
83 722 -1
79 723 1
118 723 -1
79 724 1
157 724 -1
79 725 1
196 725 -1
79 726 1
235 726 -1
79 727 1
1 727 -1
80 728 1
81 728 -1
80 729 1
82 729 -1
80 730 1
83 730 -1
80 731 1
84 731 -1
80 732 1
119 732 -1
80 733 1
158 733 -1
80 734 1
197 734 -1
80 735 1
236 735 -1
80 736 1
2 736 -1
81 737 1
82 737 -1
81 738 1
83 738 -1
81 739 1
84 739 -1
81 740 1
85 740 -1
81 741 1
120 741 -1
81 742 1
159 742 -1
81 743 1
198 743 -1
81 744 1
237 744 -1
81 745 1
3 745 -1
82 746 1
83 746 -1
82 747 1
84 747 -1
82 748 1
85 748 -1
82 749 1
86 749 -1
82 750 1
121 750 -1
82 751 1
160 751 -1
82 752 1
199 752 -1
82 753 1
238 753 -1
82 754 1
4 754 -1
83 755 1
84 755 -1
83 756 1
85 756 -1
83 757 1
86 757 -1
83 758 1
87 758 -1
83 759 1
122 759 -1
83 760 1
161 760 -1
83 761 1
200 761 -1
83 762 1
239 762 -1
83 763 1
5 763 -1
84 764 1
85 764 -1
84 765 1
86 765 -1
84 766 1
87 766 -1
84 767 1
88 767 -1
84 768 1
123 768 -1
84 769 1
162 769 -1
84 770 1
201 770 -1
84 771 1
240 771 -1
84 772 1
6 772 -1
85 773 1
86 773 -1
85 774 1
87 774 -1
85 775 1
88 775 -1
85 776 1
89 776 -1
85 777 1
124 777 -1
85 778 1
163 778 -1
85 779 1
202 779 -1
85 780 1
241 780 -1
85 781 1
7 781 -1
86 782 1
87 782 -1
86 783 1
88 783 -1
86 784 1
89 784 -1
86 785 1
90 785 -1
86 786 1
125 786 -1
86 787 1
164 787 -1
86 788 1
203 788 -1
86 789 1
242 789 -1
86 790 1
8 790 -1
87 791 1
88 791 -1
87 792 1
89 792 -1
87 793 1
90 793 -1
87 794 1
91 794 -1
87 795 1
126 795 -1
87 796 1
165 796 -1
87 797 1
204 797 -1
87 798 1
243 798 -1
87 799 1
9 799 -1
88 800 1
89 800 -1
88 801 1
90 801 -1
88 802 1
91 802 -1
88 803 1
92 803 -1
88 804 1
127 804 -1
88 805 1
166 805 -1
88 806 1
205 806 -1
88 807 1
244 807 -1
88 808 1
10 808 -1
89 809 1
90 809 -1
89 810 1
91 810 -1
89 811 1
92 811 -1
89 812 1
93 812 -1
89 813 1
128 813 -1
89 814 1
167 814 -1
89 815 1
206 815 -1
89 816 1
245 816 -1
89 817 1
11 817 -1
90 818 1
91 818 -1
90 819 1
92 819 -1
90 820 1
93 820 -1
90 821 1
94 821 -1
90 822 1
129 822 -1
90 823 1
168 823 -1
90 824 1
207 824 -1
90 825 1
246 825 -1
90 826 1
12 826 -1
91 827 1
92 827 -1
91 828 1
93 828 -1
91 829 1
94 829 -1
91 830 1
95 830 -1
91 831 1
130 831 -1
91 832 1
169 832 -1
91 833 1
208 833 -1
91 834 1
247 834 -1
91 835 1
13 835 -1
92 836 1
93 836 -1
92 837 1
94 837 -1
92 838 1
95 838 -1
92 839 1
96 839 -1
92 840 1
131 840 -1
92 841 1
170 841 -1
92 842 1
209 842 -1
92 843 1
248 843 -1
92 844 1
14 844 -1
93 845 1
94 845 -1
93 846 1
95 846 -1
93 847 1
96 847 -1
93 848 1
97 848 -1
93 849 1
132 849 -1
93 850 1
171 850 -1
93 851 1
210 851 -1
93 852 1
249 852 -1
93 853 1
15 853 -1
94 854 1
95 854 -1
94 855 1
96 855 -1
94 856 1
97 856 -1
94 857 1
98 857 -1
94 858 1
133 858 -1
94 859 1
172 859 -1
94 860 1
211 860 -1
94 861 1
250 861 -1
94 862 1
16 862 -1
95 863 1
96 863 -1
95 864 1
97 864 -1
95 865 1
98 865 -1
95 866 1
99 866 -1
95 867 1
134 867 -1
95 868 1
173 868 -1
95 869 1
212 869 -1
95 870 1
251 870 -1
95 871 1
17 871 -1
96 872 1
97 872 -1
96 873 1
98 873 -1
96 874 1
99 874 -1
96 875 1
100 875 -1
96 876 1
135 876 -1
96 877 1
174 877 -1
96 878 1
213 878 -1
96 879 1
252 879 -1
96 880 1
18 880 -1
97 881 1
98 881 -1
97 882 1
99 882 -1
97 883 1
100 883 -1
97 884 1
101 884 -1
97 885 1
136 885 -1
97 886 1
175 886 -1
97 887 1
214 887 -1
97 888 1
253 888 -1
97 889 1
19 889 -1
98 890 1
99 890 -1
98 891 1
100 891 -1
98 892 1
101 892 -1
98 893 1
102 893 -1
98 894 1
137 894 -1
98 895 1
176 895 -1
98 896 1
215 896 -1
98 897 1
254 897 -1
98 898 1
20 898 -1
99 899 1
100 899 -1
99 900 1
101 900 -1
99 901 1
102 901 -1
99 902 1
103 902 -1
99 903 1
138 903 -1
99 904 1
177 904 -1
99 905 1
216 905 -1
99 906 1
255 906 -1
99 907 1
21 907 -1
100 908 1
101 908 -1
100 909 1
102 909 -1
100 910 1
103 910 -1
100 911 1
104 911 -1
100 912 1
139 912 -1
100 913 1
178 913 -1
100 914 1
217 914 -1
100 915 1
256 915 -1
100 916 1
22 916 -1
101 917 1
102 917 -1
101 918 1
103 918 -1
101 919 1
104 919 -1
101 920 1
105 920 -1
101 921 1
140 921 -1
101 922 1
179 922 -1
101 923 1
218 923 -1
101 924 1
257 924 -1
101 925 1
23 925 -1
102 926 1
103 926 -1
102 927 1
104 927 -1
102 928 1
105 928 -1
102 929 1
106 929 -1
102 930 1
141 930 -1
102 931 1
180 931 -1
102 932 1
219 932 -1
102 933 1
258 933 -1
102 934 1
24 934 -1
103 935 1
104 935 -1
103 936 1
105 936 -1
103 937 1
106 937 -1
103 938 1
107 938 -1
103 939 1
142 939 -1
103 940 1
181 940 -1
103 941 1
220 941 -1
103 942 1
259 942 -1
103 943 1
25 943 -1
104 944 1
105 944 -1
104 945 1
106 945 -1
104 946 1
107 946 -1
104 947 1
108 947 -1
104 948 1
143 948 -1
104 949 1
182 949 -1
104 950 1
221 950 -1
104 951 1
260 951 -1
104 952 1
26 952 -1
105 953 1
106 953 -1
105 954 1
107 954 -1
105 955 1
108 955 -1
105 956 1
109 956 -1
105 957 1
144 957 -1
105 958 1
183 958 -1
105 959 1
222 959 -1
105 960 1
261 960 -1
105 961 1
27 961 -1
106 962 1
107 962 -1
106 963 1
108 963 -1
106 964 1
109 964 -1
106 965 1
110 965 -1
106 966 1
145 966 -1
106 967 1
184 967 -1
106 968 1
223 968 -1
106 969 1
262 969 -1
106 970 1
28 970 -1
107 971 1
108 971 -1
107 972 1
109 972 -1
107 973 1
110 973 -1
107 974 1
111 974 -1
107 975 1
146 975 -1
107 976 1
185 976 -1
107 977 1
224 977 -1
107 978 1
263 978 -1
107 979 1
29 979 -1
108 980 1
109 980 -1
108 981 1
110 981 -1
108 982 1
111 982 -1
108 983 1
112 983 -1
108 984 1
147 984 -1
108 985 1
186 985 -1
108 986 1
225 986 -1
108 987 1
264 987 -1
108 988 1
30 988 -1
109 989 1
110 989 -1
109 990 1
111 990 -1
109 991 1
112 991 -1
109 992 1
113 992 -1
109 993 1
148 993 -1
109 994 1
187 994 -1
109 995 1
226 995 -1
109 996 1
265 996 -1
109 997 1
31 997 -1
110 998 1
111 998 -1
110 999 1
112 999 -1
110 1000 1
113 1000 -1
110 1001 1
114 1001 -1
110 1002 1
149 1002 -1
110 1003 1
188 1003 -1
110 1004 1
227 1004 -1
110 1005 1
266 1005 -1
110 1006 1
32 1006 -1
111 1007 1
112 1007 -1
111 1008 1
113 1008 -1
111 1009 1
114 1009 -1
111 1010 1
115 1010 -1
111 1011 1
150 1011 -1
111 1012 1
189 1012 -1
111 1013 1
228 1013 -1
111 1014 1
267 1014 -1
111 1015 1
33 1015 -1
112 1016 1
113 1016 -1
112 1017 1
114 1017 -1
112 1018 1
115 1018 -1
112 1019 1
116 1019 -1
112 1020 1
151 1020 -1
112 1021 1
190 1021 -1
112 1022 1
229 1022 -1
112 1023 1
268 1023 -1
112 1024 1
34 1024 -1
113 1025 1
114 1025 -1
113 1026 1
115 1026 -1
113 1027 1
116 1027 -1
113 1028 1
117 1028 -1
113 1029 1
152 1029 -1
113 1030 1
191 1030 -1
113 1031 1
230 1031 -1
113 1032 1
269 1032 -1
113 1033 1
35 1033 -1
114 1034 1
115 1034 -1
114 1035 1
116 1035 -1
114 1036 1
117 1036 -1
114 1037 1
273 1037 -1
1 1038 1
79 1038 -1
114 1039 1
153 1039 -1
114 1040 1
192 1040 -1
114 1041 1
231 1041 -1
114 1042 1
270 1042 -1
114 1043 1
36 1043 -1
115 1044 1
116 1044 -1
115 1045 1
117 1045 -1
115 1046 1
273 1046 -1
1 1047 1
79 1047 -1
115 1048 1
273 1048 -1
1 1049 1
80 1049 -1
115 1050 1
154 1050 -1
115 1051 1
193 1051 -1
115 1052 1
232 1052 -1
115 1053 1
271 1053 -1
115 1054 1
37 1054 -1
116 1055 1
117 1055 -1
116 1056 1
273 1056 -1
1 1057 1
79 1057 -1
116 1058 1
273 1058 -1
1 1059 1
80 1059 -1
116 1060 1
273 1060 -1
1 1061 1
81 1061 -1
116 1062 1
155 1062 -1
116 1063 1
194 1063 -1
116 1064 1
233 1064 -1
116 1065 1
272 1065 -1
116 1066 1
38 1066 -1
117 1067 1
273 1067 -1
1 1068 1
79 1068 -1
117 1069 1
273 1069 -1
1 1070 1
80 1070 -1
117 1071 1
273 1071 -1
1 1072 1
81 1072 -1
117 1073 1
273 1073 -1
1 1074 1
82 1074 -1
117 1075 1
156 1075 -1
117 1076 1
195 1076 -1
117 1077 1
234 1077 -1
117 1078 1
273 1078 -1
117 1079 1
39 1079 -1
118 1080 1
119 1080 -1
118 1081 1
120 1081 -1
118 1082 1
121 1082 -1
118 1083 1
122 1083 -1
118 1084 1
157 1084 -1
118 1085 1
196 1085 -1
118 1086 1
235 1086 -1
118 1087 1
1 1087 -1
118 1088 1
40 1088 -1
119 1089 1
120 1089 -1
119 1090 1
121 1090 -1
119 1091 1
122 1091 -1
119 1092 1
123 1092 -1
119 1093 1
158 1093 -1
119 1094 1
197 1094 -1
119 1095 1
236 1095 -1
119 1096 1
2 1096 -1
119 1097 1
41 1097 -1
120 1098 1
121 1098 -1
120 1099 1
122 1099 -1
120 1100 1
123 1100 -1
120 1101 1
124 1101 -1
120 1102 1
159 1102 -1
120 1103 1
198 1103 -1
120 1104 1
237 1104 -1
120 1105 1
3 1105 -1
120 1106 1
42 1106 -1
121 1107 1
122 1107 -1
121 1108 1
123 1108 -1
121 1109 1
124 1109 -1
121 1110 1
125 1110 -1
121 1111 1
160 1111 -1
121 1112 1
199 1112 -1
121 1113 1
238 1113 -1
121 1114 1
4 1114 -1
121 1115 1
43 1115 -1
122 1116 1
123 1116 -1
122 1117 1
124 1117 -1
122 1118 1
125 1118 -1
122 1119 1
126 1119 -1
122 1120 1
161 1120 -1
122 1121 1
200 1121 -1
122 1122 1
239 1122 -1
122 1123 1
5 1123 -1
122 1124 1
44 1124 -1
123 1125 1
124 1125 -1
123 1126 1
125 1126 -1
123 1127 1
126 1127 -1
123 1128 1
127 1128 -1
123 1129 1
162 1129 -1
123 1130 1
201 1130 -1
123 1131 1
240 1131 -1
123 1132 1
6 1132 -1
123 1133 1
45 1133 -1
124 1134 1
125 1134 -1
124 1135 1
126 1135 -1
124 1136 1
127 1136 -1
124 1137 1
128 1137 -1
124 1138 1
163 1138 -1
124 1139 1
202 1139 -1
124 1140 1
241 1140 -1
124 1141 1
7 1141 -1
124 1142 1
46 1142 -1
125 1143 1
126 1143 -1
125 1144 1
127 1144 -1
125 1145 1
128 1145 -1
125 1146 1
129 1146 -1
125 1147 1
164 1147 -1
125 1148 1
203 1148 -1
125 1149 1
242 1149 -1
125 1150 1
8 1150 -1
125 1151 1
47 1151 -1
126 1152 1
127 1152 -1
126 1153 1
128 1153 -1
126 1154 1
129 1154 -1
126 1155 1
130 1155 -1
126 1156 1
165 1156 -1
126 1157 1
204 1157 -1
126 1158 1
243 1158 -1
126 1159 1
9 1159 -1
126 1160 1
48 1160 -1
127 1161 1
128 1161 -1
127 1162 1
129 1162 -1
127 1163 1
130 1163 -1
127 1164 1
131 1164 -1
127 1165 1
166 1165 -1
127 1166 1
205 1166 -1
127 1167 1
244 1167 -1
127 1168 1
10 1168 -1
127 1169 1
49 1169 -1
128 1170 1
129 1170 -1
128 1171 1
130 1171 -1
128 1172 1
131 1172 -1
128 1173 1
132 1173 -1
128 1174 1
167 1174 -1
128 1175 1
206 1175 -1
128 1176 1
245 1176 -1
128 1177 1
11 1177 -1
128 1178 1
50 1178 -1
129 1179 1
130 1179 -1
129 1180 1
131 1180 -1
129 1181 1
132 1181 -1
129 1182 1
133 1182 -1
129 1183 1
168 1183 -1
129 1184 1
207 1184 -1
129 1185 1
246 1185 -1
129 1186 1
12 1186 -1
129 1187 1
51 1187 -1
130 1188 1
131 1188 -1
130 1189 1
132 1189 -1
130 1190 1
133 1190 -1
130 1191 1
134 1191 -1
130 1192 1
169 1192 -1
130 1193 1
208 1193 -1
130 1194 1
247 1194 -1
130 1195 1
13 1195 -1
130 1196 1
52 1196 -1
131 1197 1
132 1197 -1
131 1198 1
133 1198 -1
131 1199 1
134 1199 -1
131 1200 1
135 1200 -1
131 1201 1
170 1201 -1
131 1202 1
209 1202 -1
131 1203 1
248 1203 -1
131 1204 1
14 1204 -1
131 1205 1
53 1205 -1
132 1206 1
133 1206 -1
132 1207 1
134 1207 -1
132 1208 1
135 1208 -1
132 1209 1
136 1209 -1
132 1210 1
171 1210 -1
132 1211 1
210 1211 -1
132 1212 1
249 1212 -1
132 1213 1
15 1213 -1
132 1214 1
54 1214 -1
133 1215 1
134 1215 -1
133 1216 1
135 1216 -1
133 1217 1
136 1217 -1
133 1218 1
137 1218 -1
133 1219 1
172 1219 -1
133 1220 1
211 1220 -1
133 1221 1
250 1221 -1
133 1222 1
16 1222 -1
133 1223 1
55 1223 -1
134 1224 1
135 1224 -1
134 1225 1
136 1225 -1
134 1226 1
137 1226 -1
134 1227 1
138 1227 -1
134 1228 1
173 1228 -1
134 1229 1
212 1229 -1
134 1230 1
251 1230 -1
134 1231 1
17 1231 -1
134 1232 1
56 1232 -1
135 1233 1
136 1233 -1
135 1234 1
137 1234 -1
135 1235 1
138 1235 -1
135 1236 1
139 1236 -1
135 1237 1
174 1237 -1
135 1238 1
213 1238 -1
135 1239 1
252 1239 -1
135 1240 1
18 1240 -1
135 1241 1
57 1241 -1
136 1242 1
137 1242 -1
136 1243 1
138 1243 -1
136 1244 1
139 1244 -1
136 1245 1
140 1245 -1
136 1246 1
175 1246 -1
136 1247 1
214 1247 -1
136 1248 1
253 1248 -1
136 1249 1
19 1249 -1
136 1250 1
58 1250 -1
137 1251 1
138 1251 -1
137 1252 1
139 1252 -1
137 1253 1
140 1253 -1
137 1254 1
141 1254 -1
137 1255 1
176 1255 -1
137 1256 1
215 1256 -1
137 1257 1
254 1257 -1
137 1258 1
20 1258 -1
137 1259 1
59 1259 -1
138 1260 1
139 1260 -1
138 1261 1
140 1261 -1
138 1262 1
141 1262 -1
138 1263 1
142 1263 -1
138 1264 1
177 1264 -1
138 1265 1
216 1265 -1
138 1266 1
255 1266 -1
138 1267 1
21 1267 -1
138 1268 1
60 1268 -1
139 1269 1
140 1269 -1
139 1270 1
141 1270 -1
139 1271 1
142 1271 -1
139 1272 1
143 1272 -1
139 1273 1
178 1273 -1
139 1274 1
217 1274 -1
139 1275 1
256 1275 -1
139 1276 1
22 1276 -1
139 1277 1
61 1277 -1
140 1278 1
141 1278 -1
140 1279 1
142 1279 -1
140 1280 1
143 1280 -1
140 1281 1
144 1281 -1
140 1282 1
179 1282 -1
140 1283 1
218 1283 -1
140 1284 1
257 1284 -1
140 1285 1
23 1285 -1
140 1286 1
62 1286 -1
141 1287 1
142 1287 -1
141 1288 1
143 1288 -1
141 1289 1
144 1289 -1
141 1290 1
145 1290 -1
141 1291 1
180 1291 -1
141 1292 1
219 1292 -1
141 1293 1
258 1293 -1
141 1294 1
24 1294 -1
141 1295 1
63 1295 -1
142 1296 1
143 1296 -1
142 1297 1
144 1297 -1
142 1298 1
145 1298 -1
142 1299 1
146 1299 -1
142 1300 1
181 1300 -1
142 1301 1
220 1301 -1
142 1302 1
259 1302 -1
142 1303 1
25 1303 -1
142 1304 1
64 1304 -1
143 1305 1
144 1305 -1
143 1306 1
145 1306 -1
143 1307 1
146 1307 -1
143 1308 1
147 1308 -1
143 1309 1
182 1309 -1
143 1310 1
221 1310 -1
143 1311 1
260 1311 -1
143 1312 1
26 1312 -1
143 1313 1
65 1313 -1
144 1314 1
145 1314 -1
144 1315 1
146 1315 -1
144 1316 1
147 1316 -1
144 1317 1
148 1317 -1
144 1318 1
183 1318 -1
144 1319 1
222 1319 -1
144 1320 1
261 1320 -1
144 1321 1
27 1321 -1
144 1322 1
66 1322 -1
145 1323 1
146 1323 -1
145 1324 1
147 1324 -1
145 1325 1
148 1325 -1
145 1326 1
149 1326 -1
145 1327 1
184 1327 -1
145 1328 1
223 1328 -1
145 1329 1
262 1329 -1
145 1330 1
28 1330 -1
145 1331 1
67 1331 -1
146 1332 1
147 1332 -1
146 1333 1
148 1333 -1
146 1334 1
149 1334 -1
146 1335 1
150 1335 -1
146 1336 1
185 1336 -1
146 1337 1
224 1337 -1
146 1338 1
263 1338 -1
146 1339 1
29 1339 -1
146 1340 1
68 1340 -1
147 1341 1
148 1341 -1
147 1342 1
149 1342 -1
147 1343 1
150 1343 -1
147 1344 1
151 1344 -1
147 1345 1
186 1345 -1
147 1346 1
225 1346 -1
147 1347 1
264 1347 -1
147 1348 1
30 1348 -1
147 1349 1
69 1349 -1
148 1350 1
149 1350 -1
148 1351 1
150 1351 -1
148 1352 1
151 1352 -1
148 1353 1
152 1353 -1
148 1354 1
187 1354 -1
148 1355 1
226 1355 -1
148 1356 1
265 1356 -1
148 1357 1
31 1357 -1
148 1358 1
70 1358 -1
149 1359 1
150 1359 -1
149 1360 1
151 1360 -1
149 1361 1
152 1361 -1
149 1362 1
153 1362 -1
149 1363 1
188 1363 -1
149 1364 1
227 1364 -1
149 1365 1
266 1365 -1
149 1366 1
32 1366 -1
149 1367 1
71 1367 -1
150 1368 1
151 1368 -1
150 1369 1
152 1369 -1
150 1370 1
153 1370 -1
150 1371 1
154 1371 -1
150 1372 1
189 1372 -1
150 1373 1
228 1373 -1
150 1374 1
267 1374 -1
150 1375 1
33 1375 -1
150 1376 1
72 1376 -1
151 1377 1
152 1377 -1
151 1378 1
153 1378 -1
151 1379 1
154 1379 -1
151 1380 1
155 1380 -1
151 1381 1
190 1381 -1
151 1382 1
229 1382 -1
151 1383 1
268 1383 -1
151 1384 1
34 1384 -1
151 1385 1
73 1385 -1
152 1386 1
153 1386 -1
152 1387 1
154 1387 -1
152 1388 1
155 1388 -1
152 1389 1
156 1389 -1
152 1390 1
191 1390 -1
152 1391 1
230 1391 -1
152 1392 1
269 1392 -1
152 1393 1
35 1393 -1
152 1394 1
74 1394 -1
153 1395 1
154 1395 -1
153 1396 1
155 1396 -1
153 1397 1
156 1397 -1
153 1398 1
273 1398 -1
1 1399 1
118 1399 -1
153 1400 1
192 1400 -1
153 1401 1
231 1401 -1
153 1402 1
270 1402 -1
153 1403 1
36 1403 -1
153 1404 1
75 1404 -1
154 1405 1
155 1405 -1
154 1406 1
156 1406 -1
154 1407 1
273 1407 -1
1 1408 1
118 1408 -1
154 1409 1
273 1409 -1
1 1410 1
119 1410 -1
154 1411 1
193 1411 -1
154 1412 1
232 1412 -1
154 1413 1
271 1413 -1
154 1414 1
37 1414 -1
154 1415 1
76 1415 -1
155 1416 1
156 1416 -1
155 1417 1
273 1417 -1
1 1418 1
118 1418 -1
155 1419 1
273 1419 -1
1 1420 1
119 1420 -1
155 1421 1
273 1421 -1
1 1422 1
120 1422 -1
155 1423 1
194 1423 -1
155 1424 1
233 1424 -1
155 1425 1
272 1425 -1
155 1426 1
38 1426 -1
155 1427 1
77 1427 -1
156 1428 1
273 1428 -1
1 1429 1
118 1429 -1
156 1430 1
273 1430 -1
1 1431 1
119 1431 -1
156 1432 1
273 1432 -1
1 1433 1
120 1433 -1
156 1434 1
273 1434 -1
1 1435 1
121 1435 -1
156 1436 1
195 1436 -1
156 1437 1
234 1437 -1
156 1438 1
273 1438 -1
156 1439 1
39 1439 -1
156 1440 1
78 1440 -1
157 1441 1
158 1441 -1
157 1442 1
159 1442 -1
157 1443 1
160 1443 -1
157 1444 1
161 1444 -1
157 1445 1
196 1445 -1
157 1446 1
235 1446 -1
157 1447 1
1 1447 -1
157 1448 1
40 1448 -1
157 1449 1
79 1449 -1
158 1450 1
159 1450 -1
158 1451 1
160 1451 -1
158 1452 1
161 1452 -1
158 1453 1
162 1453 -1
158 1454 1
197 1454 -1
158 1455 1
236 1455 -1
158 1456 1
2 1456 -1
158 1457 1
41 1457 -1
158 1458 1
80 1458 -1
159 1459 1
160 1459 -1
159 1460 1
161 1460 -1
159 1461 1
162 1461 -1
159 1462 1
163 1462 -1
159 1463 1
198 1463 -1
159 1464 1
237 1464 -1
159 1465 1
3 1465 -1
159 1466 1
42 1466 -1
159 1467 1
81 1467 -1
160 1468 1
161 1468 -1
160 1469 1
162 1469 -1
160 1470 1
163 1470 -1
160 1471 1
164 1471 -1
160 1472 1
199 1472 -1
160 1473 1
238 1473 -1
160 1474 1
4 1474 -1
160 1475 1
43 1475 -1
160 1476 1
82 1476 -1
161 1477 1
162 1477 -1
161 1478 1
163 1478 -1
161 1479 1
164 1479 -1
161 1480 1
165 1480 -1
161 1481 1
200 1481 -1
161 1482 1
239 1482 -1
161 1483 1
5 1483 -1
161 1484 1
44 1484 -1
161 1485 1
83 1485 -1
162 1486 1
163 1486 -1
162 1487 1
164 1487 -1
162 1488 1
165 1488 -1
162 1489 1
166 1489 -1
162 1490 1
201 1490 -1
162 1491 1
240 1491 -1
162 1492 1
6 1492 -1
162 1493 1
45 1493 -1
162 1494 1
84 1494 -1
163 1495 1
164 1495 -1
163 1496 1
165 1496 -1
163 1497 1
166 1497 -1
163 1498 1
167 1498 -1
163 1499 1
202 1499 -1
163 1500 1
241 1500 -1
163 1501 1
7 1501 -1
163 1502 1
46 1502 -1
163 1503 1
85 1503 -1
164 1504 1
165 1504 -1
164 1505 1
166 1505 -1
164 1506 1
167 1506 -1
164 1507 1
168 1507 -1
164 1508 1
203 1508 -1
164 1509 1
242 1509 -1
164 1510 1
8 1510 -1
164 1511 1
47 1511 -1
164 1512 1
86 1512 -1
165 1513 1
166 1513 -1
165 1514 1
167 1514 -1
165 1515 1
168 1515 -1
165 1516 1
169 1516 -1
165 1517 1
204 1517 -1
165 1518 1
243 1518 -1
165 1519 1
9 1519 -1
165 1520 1
48 1520 -1
165 1521 1
87 1521 -1
166 1522 1
167 1522 -1
166 1523 1
168 1523 -1
166 1524 1
169 1524 -1
166 1525 1
170 1525 -1
166 1526 1
205 1526 -1
166 1527 1
244 1527 -1
166 1528 1
10 1528 -1
166 1529 1
49 1529 -1
166 1530 1
88 1530 -1
167 1531 1
168 1531 -1
167 1532 1
169 1532 -1
167 1533 1
170 1533 -1
167 1534 1
171 1534 -1
167 1535 1
206 1535 -1
167 1536 1
245 1536 -1
167 1537 1
11 1537 -1
167 1538 1
50 1538 -1
167 1539 1
89 1539 -1
168 1540 1
169 1540 -1
168 1541 1
170 1541 -1
168 1542 1
171 1542 -1
168 1543 1
172 1543 -1
168 1544 1
207 1544 -1
168 1545 1
246 1545 -1
168 1546 1
12 1546 -1
168 1547 1
51 1547 -1
168 1548 1
90 1548 -1
169 1549 1
170 1549 -1
169 1550 1
171 1550 -1
169 1551 1
172 1551 -1
169 1552 1
173 1552 -1
169 1553 1
208 1553 -1
169 1554 1
247 1554 -1
169 1555 1
13 1555 -1
169 1556 1
52 1556 -1
169 1557 1
91 1557 -1
170 1558 1
171 1558 -1
170 1559 1
172 1559 -1
170 1560 1
173 1560 -1
170 1561 1
174 1561 -1
170 1562 1
209 1562 -1
170 1563 1
248 1563 -1
170 1564 1
14 1564 -1
170 1565 1
53 1565 -1
170 1566 1
92 1566 -1
171 1567 1
172 1567 -1
171 1568 1
173 1568 -1
171 1569 1
174 1569 -1
171 1570 1
175 1570 -1
171 1571 1
210 1571 -1
171 1572 1
249 1572 -1
171 1573 1
15 1573 -1
171 1574 1
54 1574 -1
171 1575 1
93 1575 -1
172 1576 1
173 1576 -1
172 1577 1
174 1577 -1
172 1578 1
175 1578 -1
172 1579 1
176 1579 -1
172 1580 1
211 1580 -1
172 1581 1
250 1581 -1
172 1582 1
16 1582 -1
172 1583 1
55 1583 -1
172 1584 1
94 1584 -1
173 1585 1
174 1585 -1
173 1586 1
175 1586 -1
173 1587 1
176 1587 -1
173 1588 1
177 1588 -1
173 1589 1
212 1589 -1
173 1590 1
251 1590 -1
173 1591 1
17 1591 -1
173 1592 1
56 1592 -1
173 1593 1
95 1593 -1
174 1594 1
175 1594 -1
174 1595 1
176 1595 -1
174 1596 1
177 1596 -1
174 1597 1
178 1597 -1
174 1598 1
213 1598 -1
174 1599 1
252 1599 -1
174 1600 1
18 1600 -1
174 1601 1
57 1601 -1
174 1602 1
96 1602 -1
175 1603 1
176 1603 -1
175 1604 1
177 1604 -1
175 1605 1
178 1605 -1
175 1606 1
179 1606 -1
175 1607 1
214 1607 -1
175 1608 1
253 1608 -1
175 1609 1
19 1609 -1
175 1610 1
58 1610 -1
175 1611 1
97 1611 -1
176 1612 1
177 1612 -1
176 1613 1
178 1613 -1
176 1614 1
179 1614 -1
176 1615 1
180 1615 -1
176 1616 1
215 1616 -1
176 1617 1
254 1617 -1
176 1618 1
20 1618 -1
176 1619 1
59 1619 -1
176 1620 1
98 1620 -1
177 1621 1
178 1621 -1
177 1622 1
179 1622 -1
177 1623 1
180 1623 -1
177 1624 1
181 1624 -1
177 1625 1
216 1625 -1
177 1626 1
255 1626 -1
177 1627 1
21 1627 -1
177 1628 1
60 1628 -1
177 1629 1
99 1629 -1
178 1630 1
179 1630 -1
178 1631 1
180 1631 -1
178 1632 1
181 1632 -1
178 1633 1
182 1633 -1
178 1634 1
217 1634 -1
178 1635 1
256 1635 -1
178 1636 1
22 1636 -1
178 1637 1
61 1637 -1
178 1638 1
100 1638 -1
179 1639 1
180 1639 -1
179 1640 1
181 1640 -1
179 1641 1
182 1641 -1
179 1642 1
183 1642 -1
179 1643 1
218 1643 -1
179 1644 1
257 1644 -1
179 1645 1
23 1645 -1
179 1646 1
62 1646 -1
179 1647 1
101 1647 -1
180 1648 1
181 1648 -1
180 1649 1
182 1649 -1
180 1650 1
183 1650 -1
180 1651 1
184 1651 -1
180 1652 1
219 1652 -1
180 1653 1
258 1653 -1
180 1654 1
24 1654 -1
180 1655 1
63 1655 -1
180 1656 1
102 1656 -1
181 1657 1
182 1657 -1
181 1658 1
183 1658 -1
181 1659 1
184 1659 -1
181 1660 1
185 1660 -1
181 1661 1
220 1661 -1
181 1662 1
259 1662 -1
181 1663 1
25 1663 -1
181 1664 1
64 1664 -1
181 1665 1
103 1665 -1
182 1666 1
183 1666 -1
182 1667 1
184 1667 -1
182 1668 1
185 1668 -1
182 1669 1
186 1669 -1
182 1670 1
221 1670 -1
182 1671 1
260 1671 -1
182 1672 1
26 1672 -1
182 1673 1
65 1673 -1
182 1674 1
104 1674 -1
183 1675 1
184 1675 -1
183 1676 1
185 1676 -1
183 1677 1
186 1677 -1
183 1678 1
187 1678 -1
183 1679 1
222 1679 -1
183 1680 1
261 1680 -1
183 1681 1
27 1681 -1
183 1682 1
66 1682 -1
183 1683 1
105 1683 -1
184 1684 1
185 1684 -1
184 1685 1
186 1685 -1
184 1686 1
187 1686 -1
184 1687 1
188 1687 -1
184 1688 1
223 1688 -1
184 1689 1
262 1689 -1
184 1690 1
28 1690 -1
184 1691 1
67 1691 -1
184 1692 1
106 1692 -1
185 1693 1
186 1693 -1
185 1694 1
187 1694 -1
185 1695 1
188 1695 -1
185 1696 1
189 1696 -1
185 1697 1
224 1697 -1
185 1698 1
263 1698 -1
185 1699 1
29 1699 -1
185 1700 1
68 1700 -1
185 1701 1
107 1701 -1
186 1702 1
187 1702 -1
186 1703 1
188 1703 -1
186 1704 1
189 1704 -1
186 1705 1
190 1705 -1
186 1706 1
225 1706 -1
186 1707 1
264 1707 -1
186 1708 1
30 1708 -1
186 1709 1
69 1709 -1
186 1710 1
108 1710 -1
187 1711 1
188 1711 -1
187 1712 1
189 1712 -1
187 1713 1
190 1713 -1
187 1714 1
191 1714 -1
187 1715 1
226 1715 -1
187 1716 1
265 1716 -1
187 1717 1
31 1717 -1
187 1718 1
70 1718 -1
187 1719 1
109 1719 -1
188 1720 1
189 1720 -1
188 1721 1
190 1721 -1
188 1722 1
191 1722 -1
188 1723 1
192 1723 -1
188 1724 1
227 1724 -1
188 1725 1
266 1725 -1
188 1726 1
32 1726 -1
188 1727 1
71 1727 -1
188 1728 1
110 1728 -1
189 1729 1
190 1729 -1
189 1730 1
191 1730 -1
189 1731 1
192 1731 -1
189 1732 1
193 1732 -1
189 1733 1
228 1733 -1
189 1734 1
267 1734 -1
189 1735 1
33 1735 -1
189 1736 1
72 1736 -1
189 1737 1
111 1737 -1
190 1738 1
191 1738 -1
190 1739 1
192 1739 -1
190 1740 1
193 1740 -1
190 1741 1
194 1741 -1
190 1742 1
229 1742 -1
190 1743 1
268 1743 -1
190 1744 1
34 1744 -1
190 1745 1
73 1745 -1
190 1746 1
112 1746 -1
191 1747 1
192 1747 -1
191 1748 1
193 1748 -1
191 1749 1
194 1749 -1
191 1750 1
195 1750 -1
191 1751 1
230 1751 -1
191 1752 1
269 1752 -1
191 1753 1
35 1753 -1
191 1754 1
74 1754 -1
191 1755 1
113 1755 -1
192 1756 1
193 1756 -1
192 1757 1
194 1757 -1
192 1758 1
195 1758 -1
192 1759 1
273 1759 -1
1 1760 1
157 1760 -1
192 1761 1
231 1761 -1
192 1762 1
270 1762 -1
192 1763 1
36 1763 -1
192 1764 1
75 1764 -1
192 1765 1
114 1765 -1
193 1766 1
194 1766 -1
193 1767 1
195 1767 -1
193 1768 1
273 1768 -1
1 1769 1
157 1769 -1
193 1770 1
273 1770 -1
1 1771 1
158 1771 -1
193 1772 1
232 1772 -1
193 1773 1
271 1773 -1
193 1774 1
37 1774 -1
193 1775 1
76 1775 -1
193 1776 1
115 1776 -1
194 1777 1
195 1777 -1
194 1778 1
273 1778 -1
1 1779 1
157 1779 -1
194 1780 1
273 1780 -1
1 1781 1
158 1781 -1
194 1782 1
273 1782 -1
1 1783 1
159 1783 -1
194 1784 1
233 1784 -1
194 1785 1
272 1785 -1
194 1786 1
38 1786 -1
194 1787 1
77 1787 -1
194 1788 1
116 1788 -1
195 1789 1
273 1789 -1
1 1790 1
157 1790 -1
195 1791 1
273 1791 -1
1 1792 1
158 1792 -1
195 1793 1
273 1793 -1
1 1794 1
159 1794 -1
195 1795 1
273 1795 -1
1 1796 1
160 1796 -1
195 1797 1
234 1797 -1
195 1798 1
273 1798 -1
195 1799 1
39 1799 -1
195 1800 1
78 1800 -1
195 1801 1
117 1801 -1
196 1802 1
197 1802 -1
196 1803 1
198 1803 -1
196 1804 1
199 1804 -1
196 1805 1
200 1805 -1
196 1806 1
235 1806 -1
196 1807 1
1 1807 -1
196 1808 1
40 1808 -1
196 1809 1
79 1809 -1
196 1810 1
118 1810 -1
197 1811 1
198 1811 -1
197 1812 1
199 1812 -1
197 1813 1
200 1813 -1
197 1814 1
201 1814 -1
197 1815 1
236 1815 -1
197 1816 1
2 1816 -1
197 1817 1
41 1817 -1
197 1818 1
80 1818 -1
197 1819 1
119 1819 -1
198 1820 1
199 1820 -1
198 1821 1
200 1821 -1
198 1822 1
201 1822 -1
198 1823 1
202 1823 -1
198 1824 1
237 1824 -1
198 1825 1
3 1825 -1
198 1826 1
42 1826 -1
198 1827 1
81 1827 -1
198 1828 1
120 1828 -1
199 1829 1
200 1829 -1
199 1830 1
201 1830 -1
199 1831 1
202 1831 -1
199 1832 1
203 1832 -1
199 1833 1
238 1833 -1
199 1834 1
4 1834 -1
199 1835 1
43 1835 -1
199 1836 1
82 1836 -1
199 1837 1
121 1837 -1
200 1838 1
201 1838 -1
200 1839 1
202 1839 -1
200 1840 1
203 1840 -1
200 1841 1
204 1841 -1
200 1842 1
239 1842 -1
200 1843 1
5 1843 -1
200 1844 1
44 1844 -1
200 1845 1
83 1845 -1
200 1846 1
122 1846 -1
201 1847 1
202 1847 -1
201 1848 1
203 1848 -1
201 1849 1
204 1849 -1
201 1850 1
205 1850 -1
201 1851 1
240 1851 -1
201 1852 1
6 1852 -1
201 1853 1
45 1853 -1
201 1854 1
84 1854 -1
201 1855 1
123 1855 -1
202 1856 1
203 1856 -1
202 1857 1
204 1857 -1
202 1858 1
205 1858 -1
202 1859 1
206 1859 -1
202 1860 1
241 1860 -1
202 1861 1
7 1861 -1
202 1862 1
46 1862 -1
202 1863 1
85 1863 -1
202 1864 1
124 1864 -1
203 1865 1
204 1865 -1
203 1866 1
205 1866 -1
203 1867 1
206 1867 -1
203 1868 1
207 1868 -1
203 1869 1
242 1869 -1
203 1870 1
8 1870 -1
203 1871 1
47 1871 -1
203 1872 1
86 1872 -1
203 1873 1
125 1873 -1
204 1874 1
205 1874 -1
204 1875 1
206 1875 -1
204 1876 1
207 1876 -1
204 1877 1
208 1877 -1
204 1878 1
243 1878 -1
204 1879 1
9 1879 -1
204 1880 1
48 1880 -1
204 1881 1
87 1881 -1
204 1882 1
126 1882 -1
205 1883 1
206 1883 -1
205 1884 1
207 1884 -1
205 1885 1
208 1885 -1
205 1886 1
209 1886 -1
205 1887 1
244 1887 -1
205 1888 1
10 1888 -1
205 1889 1
49 1889 -1
205 1890 1
88 1890 -1
205 1891 1
127 1891 -1
206 1892 1
207 1892 -1
206 1893 1
208 1893 -1
206 1894 1
209 1894 -1
206 1895 1
210 1895 -1
206 1896 1
245 1896 -1
206 1897 1
11 1897 -1
206 1898 1
50 1898 -1
206 1899 1
89 1899 -1
206 1900 1
128 1900 -1
207 1901 1
208 1901 -1
207 1902 1
209 1902 -1
207 1903 1
210 1903 -1
207 1904 1
211 1904 -1
207 1905 1
246 1905 -1
207 1906 1
12 1906 -1
207 1907 1
51 1907 -1
207 1908 1
90 1908 -1
207 1909 1
129 1909 -1
208 1910 1
209 1910 -1
208 1911 1
210 1911 -1
208 1912 1
211 1912 -1
208 1913 1
212 1913 -1
208 1914 1
247 1914 -1
208 1915 1
13 1915 -1
208 1916 1
52 1916 -1
208 1917 1
91 1917 -1
208 1918 1
130 1918 -1
209 1919 1
210 1919 -1
209 1920 1
211 1920 -1
209 1921 1
212 1921 -1
209 1922 1
213 1922 -1
209 1923 1
248 1923 -1
209 1924 1
14 1924 -1
209 1925 1
53 1925 -1
209 1926 1
92 1926 -1
209 1927 1
131 1927 -1
210 1928 1
211 1928 -1
210 1929 1
212 1929 -1
210 1930 1
213 1930 -1
210 1931 1
214 1931 -1
210 1932 1
249 1932 -1
210 1933 1
15 1933 -1
210 1934 1
54 1934 -1
210 1935 1
93 1935 -1
210 1936 1
132 1936 -1
211 1937 1
212 1937 -1
211 1938 1
213 1938 -1
211 1939 1
214 1939 -1
211 1940 1
215 1940 -1
211 1941 1
250 1941 -1
211 1942 1
16 1942 -1
211 1943 1
55 1943 -1
211 1944 1
94 1944 -1
211 1945 1
133 1945 -1
212 1946 1
213 1946 -1
212 1947 1
214 1947 -1
212 1948 1
215 1948 -1
212 1949 1
216 1949 -1
212 1950 1
251 1950 -1
212 1951 1
17 1951 -1
212 1952 1
56 1952 -1
212 1953 1
95 1953 -1
212 1954 1
134 1954 -1
213 1955 1
214 1955 -1
213 1956 1
215 1956 -1
213 1957 1
216 1957 -1
213 1958 1
217 1958 -1
213 1959 1
252 1959 -1
213 1960 1
18 1960 -1
213 1961 1
57 1961 -1
213 1962 1
96 1962 -1
213 1963 1
135 1963 -1
214 1964 1
215 1964 -1
214 1965 1
216 1965 -1
214 1966 1
217 1966 -1
214 1967 1
218 1967 -1
214 1968 1
253 1968 -1
214 1969 1
19 1969 -1
214 1970 1
58 1970 -1
214 1971 1
97 1971 -1
214 1972 1
136 1972 -1
215 1973 1
216 1973 -1
215 1974 1
217 1974 -1
215 1975 1
218 1975 -1
215 1976 1
219 1976 -1
215 1977 1
254 1977 -1
215 1978 1
20 1978 -1
215 1979 1
59 1979 -1
215 1980 1
98 1980 -1
215 1981 1
137 1981 -1
216 1982 1
217 1982 -1
216 1983 1
218 1983 -1
216 1984 1
219 1984 -1
216 1985 1
220 1985 -1
216 1986 1
255 1986 -1
216 1987 1
21 1987 -1
216 1988 1
60 1988 -1
216 1989 1
99 1989 -1
216 1990 1
138 1990 -1
217 1991 1
218 1991 -1
217 1992 1
219 1992 -1
217 1993 1
220 1993 -1
217 1994 1
221 1994 -1
217 1995 1
256 1995 -1
217 1996 1
22 1996 -1
217 1997 1
61 1997 -1
217 1998 1
100 1998 -1
217 1999 1
139 1999 -1
218 2000 1
219 2000 -1
218 2001 1
220 2001 -1
218 2002 1
221 2002 -1
218 2003 1
222 2003 -1
218 2004 1
257 2004 -1
218 2005 1
23 2005 -1
218 2006 1
62 2006 -1
218 2007 1
101 2007 -1
218 2008 1
140 2008 -1
219 2009 1
220 2009 -1
219 2010 1
221 2010 -1
219 2011 1
222 2011 -1
219 2012 1
223 2012 -1
219 2013 1
258 2013 -1
219 2014 1
24 2014 -1
219 2015 1
63 2015 -1
219 2016 1
102 2016 -1
219 2017 1
141 2017 -1
220 2018 1
221 2018 -1
220 2019 1
222 2019 -1
220 2020 1
223 2020 -1
220 2021 1
224 2021 -1
220 2022 1
259 2022 -1
220 2023 1
25 2023 -1
220 2024 1
64 2024 -1
220 2025 1
103 2025 -1
220 2026 1
142 2026 -1
221 2027 1
222 2027 -1
221 2028 1
223 2028 -1
221 2029 1
224 2029 -1
221 2030 1
225 2030 -1
221 2031 1
260 2031 -1
221 2032 1
26 2032 -1
221 2033 1
65 2033 -1
221 2034 1
104 2034 -1
221 2035 1
143 2035 -1
222 2036 1
223 2036 -1
222 2037 1
224 2037 -1
222 2038 1
225 2038 -1
222 2039 1
226 2039 -1
222 2040 1
261 2040 -1
222 2041 1
27 2041 -1
222 2042 1
66 2042 -1
222 2043 1
105 2043 -1
222 2044 1
144 2044 -1
223 2045 1
224 2045 -1
223 2046 1
225 2046 -1
223 2047 1
226 2047 -1
223 2048 1
227 2048 -1
223 2049 1
262 2049 -1
223 2050 1
28 2050 -1
223 2051 1
67 2051 -1
223 2052 1
106 2052 -1
223 2053 1
145 2053 -1
224 2054 1
225 2054 -1
224 2055 1
226 2055 -1
224 2056 1
227 2056 -1
224 2057 1
228 2057 -1
224 2058 1
263 2058 -1
224 2059 1
29 2059 -1
224 2060 1
68 2060 -1
224 2061 1
107 2061 -1
224 2062 1
146 2062 -1
225 2063 1
226 2063 -1
225 2064 1
227 2064 -1
225 2065 1
228 2065 -1
225 2066 1
229 2066 -1
225 2067 1
264 2067 -1
225 2068 1
30 2068 -1
225 2069 1
69 2069 -1
225 2070 1
108 2070 -1
225 2071 1
147 2071 -1
226 2072 1
227 2072 -1
226 2073 1
228 2073 -1
226 2074 1
229 2074 -1
226 2075 1
230 2075 -1
226 2076 1
265 2076 -1
226 2077 1
31 2077 -1
226 2078 1
70 2078 -1
226 2079 1
109 2079 -1
226 2080 1
148 2080 -1
227 2081 1
228 2081 -1
227 2082 1
229 2082 -1
227 2083 1
230 2083 -1
227 2084 1
231 2084 -1
227 2085 1
266 2085 -1
227 2086 1
32 2086 -1
227 2087 1
71 2087 -1
227 2088 1
110 2088 -1
227 2089 1
149 2089 -1
228 2090 1
229 2090 -1
228 2091 1
230 2091 -1
228 2092 1
231 2092 -1
228 2093 1
232 2093 -1
228 2094 1
267 2094 -1
228 2095 1
33 2095 -1
228 2096 1
72 2096 -1
228 2097 1
111 2097 -1
228 2098 1
150 2098 -1
229 2099 1
230 2099 -1
229 2100 1
231 2100 -1
229 2101 1
232 2101 -1
229 2102 1
233 2102 -1
229 2103 1
268 2103 -1
229 2104 1
34 2104 -1
229 2105 1
73 2105 -1
229 2106 1
112 2106 -1
229 2107 1
151 2107 -1
230 2108 1
231 2108 -1
230 2109 1
232 2109 -1
230 2110 1
233 2110 -1
230 2111 1
234 2111 -1
230 2112 1
269 2112 -1
230 2113 1
35 2113 -1
230 2114 1
74 2114 -1
230 2115 1
113 2115 -1
230 2116 1
152 2116 -1
231 2117 1
232 2117 -1
231 2118 1
233 2118 -1
231 2119 1
234 2119 -1
231 2120 1
273 2120 -1
1 2121 1
196 2121 -1
231 2122 1
270 2122 -1
231 2123 1
36 2123 -1
231 2124 1
75 2124 -1
231 2125 1
114 2125 -1
231 2126 1
153 2126 -1
232 2127 1
233 2127 -1
232 2128 1
234 2128 -1
232 2129 1
273 2129 -1
1 2130 1
196 2130 -1
232 2131 1
273 2131 -1
1 2132 1
197 2132 -1
232 2133 1
271 2133 -1
232 2134 1
37 2134 -1
232 2135 1
76 2135 -1
232 2136 1
115 2136 -1
232 2137 1
154 2137 -1
233 2138 1
234 2138 -1
233 2139 1
273 2139 -1
1 2140 1
196 2140 -1
233 2141 1
273 2141 -1
1 2142 1
197 2142 -1
233 2143 1
273 2143 -1
1 2144 1
198 2144 -1
233 2145 1
272 2145 -1
233 2146 1
38 2146 -1
233 2147 1
77 2147 -1
233 2148 1
116 2148 -1
233 2149 1
155 2149 -1
234 2150 1
273 2150 -1
1 2151 1
196 2151 -1
234 2152 1
273 2152 -1
1 2153 1
197 2153 -1
234 2154 1
273 2154 -1
1 2155 1
198 2155 -1
234 2156 1
273 2156 -1
1 2157 1
199 2157 -1
234 2158 1
273 2158 -1
234 2159 1
39 2159 -1
234 2160 1
78 2160 -1
234 2161 1
117 2161 -1
234 2162 1
156 2162 -1
235 2163 1
236 2163 -1
235 2164 1
237 2164 -1
235 2165 1
238 2165 -1
235 2166 1
239 2166 -1
235 2167 1
1 2167 -1
235 2168 1
40 2168 -1
235 2169 1
79 2169 -1
235 2170 1
118 2170 -1
235 2171 1
157 2171 -1
236 2172 1
237 2172 -1
236 2173 1
238 2173 -1
236 2174 1
239 2174 -1
236 2175 1
240 2175 -1
236 2176 1
2 2176 -1
236 2177 1
41 2177 -1
236 2178 1
80 2178 -1
236 2179 1
119 2179 -1
236 2180 1
158 2180 -1
237 2181 1
238 2181 -1
237 2182 1
239 2182 -1
237 2183 1
240 2183 -1
237 2184 1
241 2184 -1
237 2185 1
3 2185 -1
237 2186 1
42 2186 -1
237 2187 1
81 2187 -1
237 2188 1
120 2188 -1
237 2189 1
159 2189 -1
238 2190 1
239 2190 -1
238 2191 1
240 2191 -1
238 2192 1
241 2192 -1
238 2193 1
242 2193 -1
238 2194 1
4 2194 -1
238 2195 1
43 2195 -1
238 2196 1
82 2196 -1
238 2197 1
121 2197 -1
238 2198 1
160 2198 -1
239 2199 1
240 2199 -1
239 2200 1
241 2200 -1
239 2201 1
242 2201 -1
239 2202 1
243 2202 -1
239 2203 1
5 2203 -1
239 2204 1
44 2204 -1
239 2205 1
83 2205 -1
239 2206 1
122 2206 -1
239 2207 1
161 2207 -1
240 2208 1
241 2208 -1
240 2209 1
242 2209 -1
240 2210 1
243 2210 -1
240 2211 1
244 2211 -1
240 2212 1
6 2212 -1
240 2213 1
45 2213 -1
240 2214 1
84 2214 -1
240 2215 1
123 2215 -1
240 2216 1
162 2216 -1
241 2217 1
242 2217 -1
241 2218 1
243 2218 -1
241 2219 1
244 2219 -1
241 2220 1
245 2220 -1
241 2221 1
7 2221 -1
241 2222 1
46 2222 -1
241 2223 1
85 2223 -1
241 2224 1
124 2224 -1
241 2225 1
163 2225 -1
242 2226 1
243 2226 -1
242 2227 1
244 2227 -1
242 2228 1
245 2228 -1
242 2229 1
246 2229 -1
242 2230 1
8 2230 -1
242 2231 1
47 2231 -1
242 2232 1
86 2232 -1
242 2233 1
125 2233 -1
242 2234 1
164 2234 -1
243 2235 1
244 2235 -1
243 2236 1
245 2236 -1
243 2237 1
246 2237 -1
243 2238 1
247 2238 -1
243 2239 1
9 2239 -1
243 2240 1
48 2240 -1
243 2241 1
87 2241 -1
243 2242 1
126 2242 -1
243 2243 1
165 2243 -1
244 2244 1
245 2244 -1
244 2245 1
246 2245 -1
244 2246 1
247 2246 -1
244 2247 1
248 2247 -1
244 2248 1
10 2248 -1
244 2249 1
49 2249 -1
244 2250 1
88 2250 -1
244 2251 1
127 2251 -1
244 2252 1
166 2252 -1
245 2253 1
246 2253 -1
245 2254 1
247 2254 -1
245 2255 1
248 2255 -1
245 2256 1
249 2256 -1
245 2257 1
11 2257 -1
245 2258 1
50 2258 -1
245 2259 1
89 2259 -1
245 2260 1
128 2260 -1
245 2261 1
167 2261 -1
246 2262 1
247 2262 -1
246 2263 1
248 2263 -1
246 2264 1
249 2264 -1
246 2265 1
250 2265 -1
246 2266 1
12 2266 -1
246 2267 1
51 2267 -1
246 2268 1
90 2268 -1
246 2269 1
129 2269 -1
246 2270 1
168 2270 -1
247 2271 1
248 2271 -1
247 2272 1
249 2272 -1
247 2273 1
250 2273 -1
247 2274 1
251 2274 -1
247 2275 1
13 2275 -1
247 2276 1
52 2276 -1
247 2277 1
91 2277 -1
247 2278 1
130 2278 -1
247 2279 1
169 2279 -1
248 2280 1
249 2280 -1
248 2281 1
250 2281 -1
248 2282 1
251 2282 -1
248 2283 1
252 2283 -1
248 2284 1
14 2284 -1
248 2285 1
53 2285 -1
248 2286 1
92 2286 -1
248 2287 1
131 2287 -1
248 2288 1
170 2288 -1
249 2289 1
250 2289 -1
249 2290 1
251 2290 -1
249 2291 1
252 2291 -1
249 2292 1
253 2292 -1
249 2293 1
15 2293 -1
249 2294 1
54 2294 -1
249 2295 1
93 2295 -1
249 2296 1
132 2296 -1
249 2297 1
171 2297 -1
250 2298 1
251 2298 -1
250 2299 1
252 2299 -1
250 2300 1
253 2300 -1
250 2301 1
254 2301 -1
250 2302 1
16 2302 -1
250 2303 1
55 2303 -1
250 2304 1
94 2304 -1
250 2305 1
133 2305 -1
250 2306 1
172 2306 -1
251 2307 1
252 2307 -1
251 2308 1
253 2308 -1
251 2309 1
254 2309 -1
251 2310 1
255 2310 -1
251 2311 1
17 2311 -1
251 2312 1
56 2312 -1
251 2313 1
95 2313 -1
251 2314 1
134 2314 -1
251 2315 1
173 2315 -1
252 2316 1
253 2316 -1
252 2317 1
254 2317 -1
252 2318 1
255 2318 -1
252 2319 1
256 2319 -1
252 2320 1
18 2320 -1
252 2321 1
57 2321 -1
252 2322 1
96 2322 -1
252 2323 1
135 2323 -1
252 2324 1
174 2324 -1
253 2325 1
254 2325 -1
253 2326 1
255 2326 -1
253 2327 1
256 2327 -1
253 2328 1
257 2328 -1
253 2329 1
19 2329 -1
253 2330 1
58 2330 -1
253 2331 1
97 2331 -1
253 2332 1
136 2332 -1
253 2333 1
175 2333 -1
254 2334 1
255 2334 -1
254 2335 1
256 2335 -1
254 2336 1
257 2336 -1
254 2337 1
258 2337 -1
254 2338 1
20 2338 -1
254 2339 1
59 2339 -1
254 2340 1
98 2340 -1
254 2341 1
137 2341 -1
254 2342 1
176 2342 -1
255 2343 1
256 2343 -1
255 2344 1
257 2344 -1
255 2345 1
258 2345 -1
255 2346 1
259 2346 -1
255 2347 1
21 2347 -1
255 2348 1
60 2348 -1
255 2349 1
99 2349 -1
255 2350 1
138 2350 -1
255 2351 1
177 2351 -1
256 2352 1
257 2352 -1
256 2353 1
258 2353 -1
256 2354 1
259 2354 -1
256 2355 1
260 2355 -1
256 2356 1
22 2356 -1
256 2357 1
61 2357 -1
256 2358 1
100 2358 -1
256 2359 1
139 2359 -1
256 2360 1
178 2360 -1
257 2361 1
258 2361 -1
257 2362 1
259 2362 -1
257 2363 1
260 2363 -1
257 2364 1
261 2364 -1
257 2365 1
23 2365 -1
257 2366 1
62 2366 -1
257 2367 1
101 2367 -1
257 2368 1
140 2368 -1
257 2369 1
179 2369 -1
258 2370 1
259 2370 -1
258 2371 1
260 2371 -1
258 2372 1
261 2372 -1
258 2373 1
262 2373 -1
258 2374 1
24 2374 -1
258 2375 1
63 2375 -1
258 2376 1
102 2376 -1
258 2377 1
141 2377 -1
258 2378 1
180 2378 -1
259 2379 1
260 2379 -1
259 2380 1
261 2380 -1
259 2381 1
262 2381 -1
259 2382 1
263 2382 -1
259 2383 1
25 2383 -1
259 2384 1
64 2384 -1
259 2385 1
103 2385 -1
259 2386 1
142 2386 -1
259 2387 1
181 2387 -1
260 2388 1
261 2388 -1
260 2389 1
262 2389 -1
260 2390 1
263 2390 -1
260 2391 1
264 2391 -1
260 2392 1
26 2392 -1
260 2393 1
65 2393 -1
260 2394 1
104 2394 -1
260 2395 1
143 2395 -1
260 2396 1
182 2396 -1
261 2397 1
262 2397 -1
261 2398 1
263 2398 -1
261 2399 1
264 2399 -1
261 2400 1
265 2400 -1
261 2401 1
27 2401 -1
261 2402 1
66 2402 -1
261 2403 1
105 2403 -1
261 2404 1
144 2404 -1
261 2405 1
183 2405 -1
262 2406 1
263 2406 -1
262 2407 1
264 2407 -1
262 2408 1
265 2408 -1
262 2409 1
266 2409 -1
262 2410 1
28 2410 -1
262 2411 1
67 2411 -1
262 2412 1
106 2412 -1
262 2413 1
145 2413 -1
262 2414 1
184 2414 -1
263 2415 1
264 2415 -1
263 2416 1
265 2416 -1
263 2417 1
266 2417 -1
263 2418 1
267 2418 -1
263 2419 1
29 2419 -1
263 2420 1
68 2420 -1
263 2421 1
107 2421 -1
263 2422 1
146 2422 -1
263 2423 1
185 2423 -1
264 2424 1
265 2424 -1
264 2425 1
266 2425 -1
264 2426 1
267 2426 -1
264 2427 1
268 2427 -1
264 2428 1
30 2428 -1
264 2429 1
69 2429 -1
264 2430 1
108 2430 -1
264 2431 1
147 2431 -1
264 2432 1
186 2432 -1
265 2433 1
266 2433 -1
265 2434 1
267 2434 -1
265 2435 1
268 2435 -1
265 2436 1
269 2436 -1
265 2437 1
31 2437 -1
265 2438 1
70 2438 -1
265 2439 1
109 2439 -1
265 2440 1
148 2440 -1
265 2441 1
187 2441 -1
266 2442 1
267 2442 -1
266 2443 1
268 2443 -1
266 2444 1
269 2444 -1
266 2445 1
270 2445 -1
266 2446 1
32 2446 -1
266 2447 1
71 2447 -1
266 2448 1
110 2448 -1
266 2449 1
149 2449 -1
266 2450 1
188 2450 -1
267 2451 1
268 2451 -1
267 2452 1
269 2452 -1
267 2453 1
270 2453 -1
267 2454 1
271 2454 -1
267 2455 1
33 2455 -1
267 2456 1
72 2456 -1
267 2457 1
111 2457 -1
267 2458 1
150 2458 -1
267 2459 1
189 2459 -1
268 2460 1
269 2460 -1
268 2461 1
270 2461 -1
268 2462 1
271 2462 -1
268 2463 1
272 2463 -1
268 2464 1
34 2464 -1
268 2465 1
73 2465 -1
268 2466 1
112 2466 -1
268 2467 1
151 2467 -1
268 2468 1
190 2468 -1
269 2469 1
270 2469 -1
269 2470 1
271 2470 -1
269 2471 1
272 2471 -1
269 2472 1
273 2472 -1
269 2473 1
35 2473 -1
269 2474 1
74 2474 -1
269 2475 1
113 2475 -1
269 2476 1
152 2476 -1
269 2477 1
191 2477 -1
270 2478 1
271 2478 -1
270 2479 1
272 2479 -1
270 2480 1
273 2480 -1
270 2481 1
273 2481 -1
1 2482 1
235 2482 -1
270 2483 1
36 2483 -1
270 2484 1
75 2484 -1
270 2485 1
114 2485 -1
270 2486 1
153 2486 -1
270 2487 1
192 2487 -1
271 2488 1
272 2488 -1
271 2489 1
273 2489 -1
271 2490 1
273 2490 -1
1 2491 1
235 2491 -1
271 2492 1
273 2492 -1
1 2493 1
236 2493 -1
271 2494 1
37 2494 -1
271 2495 1
76 2495 -1
271 2496 1
115 2496 -1
271 2497 1
154 2497 -1
271 2498 1
193 2498 -1
272 2499 1
273 2499 -1
272 2500 1
273 2500 -1
1 2501 1
235 2501 -1
272 2502 1
273 2502 -1
1 2503 1
236 2503 -1
272 2504 1
273 2504 -1
1 2505 1
237 2505 -1
272 2506 1
38 2506 -1
272 2507 1
77 2507 -1
272 2508 1
116 2508 -1
272 2509 1
155 2509 -1
272 2510 1
194 2510 -1
1 2511 1
235 2511 -1
1 2512 1
236 2512 -1
1 2513 1
237 2513 -1
1 2514 1
238 2514 -1
273 2515 1
39 2515 -1
273 2516 1
78 2516 -1
273 2517 1
117 2517 -1
273 2518 1
156 2518 -1
273 2519 1
195 2519 -1
138 2520 1
111 2520 -1
77 2521 1
8 2521 -1
86 2522 1
201 2522 -1
197 2523 1
223 2523 -1
88 2524 1
9 2524 -1
124 2525 1
16 2525 -1
124 2526 1
5 2526 -1
68 2527 1
203 2527 -1
122 2528 1
117 2528 -1
40 2529 1
259 2529 -1
91 2530 1
39 2530 -1
189 2531 1
213 2531 -1
102 2532 1
84 2532 -1
11 2533 1
152 2533 -1
118 2534 1
33 2534 -1
92 2535 1
81 2535 -1
205 2536 1
197 2536 -1
218 2537 1
102 2537 -1
210 2538 1
141 2538 -1
112 2539 1
271 2539 -1
125 2540 1
259 2540 -1
50 2541 1
8 2541 -1
123 2542 1
191 2542 -1
197 2543 1
116 2543 -1
32 2544 1
233 2544 -1
132 2545 1
94 2545 -1
91 2546 1
187 2546 -1
8 2547 1
228 2547 -1
207 2548 1
52 2548 -1
103 2549 1
209 2549 -1
4 2550 1
137 2550 -1
98 2551 1
135 2551 -1
13 2552 1
38 2552 -1
152 2553 1
142 2553 -1
226 2554 1
167 2554 -1
118 2555 1
70 2555 -1
58 2556 1
13 2556 -1
221 2557 1
204 2557 -1
160 2558 1
254 2558 -1
246 2559 1
15 2559 -1
255 2560 1
66 2560 -1
175 2561 1
197 2561 -1
123 2562 1
172 2562 -1
33 2563 1
201 2563 -1
226 2564 1
154 2564 -1
141 2565 1
241 2565 -1
56 2566 1
198 2566 -1
234 2567 1
144 2567 -1
62 2568 1
15 2568 -1
175 2569 1
115 2569 -1
263 2570 1
116 2570 -1
67 2571 1
14 2571 -1
207 2572 1
271 2572 -1
212 2573 1
51 2573 -1
189 2574 1
253 2574 -1
243 2575 1
85 2575 -1
131 2576 1
196 2576 -1
107 2577 1
52 2577 -1
173 2578 1
31 2578 -1
69 2579 1
143 2579 -1
32 2580 1
81 2580 -1
165 2581 1
106 2581 -1
233 2582 1
40 2582 -1
37 2583 1
109 2583 -1
209 2584 1
241 2584 -1
198 2585 1
111 2585 -1
225 2586 1
232 2586 -1
95 2587 1
13 2587 -1
159 2588 1
56 2588 -1
195 2589 1
145 2589 -1
45 2590 1
88 2590 -1
91 2591 1
203 2591 -1
169 2592 1
76 2592 -1
28 2593 1
130 2593 -1
101 2594 1
209 2594 -1
177 2595 1
137 2595 -1
32 2596 1
137 2596 -1
61 2597 1
9 2597 -1
161 2598 1
262 2598 -1
217 2599 1
193 2599 -1
61 2600 1
63 2600 -1
262 2601 1
96 2601 -1
138 2602 1
83 2602 -1
210 2603 1
62 2603 -1
237 2604 1
73 2604 -1
194 2605 1
156 2605 -1
129 2606 1
90 2606 -1
170 2607 1
240 2607 -1
43 2608 1
165 2608 -1
73 2609 1
43 2609 -1
206 2610 1
109 2610 -1
10 2611 1
72 2611 -1
144 2612 1
99 2612 -1
15 2613 1
72 2613 -1
123 2614 1
240 2614 -1
212 2615 1
106 2615 -1
228 2616 1
214 2616 -1
264 2617 1
37 2617 -1
155 2618 1
41 2618 -1
191 2619 1
208 2619 -1
5 2620 1
3 2620 -1
239 2621 1
90 2621 -1
138 2622 1
106 2622 -1
171 2623 1
3 2623 -1
24 2624 1
248 2624 -1
135 2625 1
145 2625 -1
258 2626 1
36 2626 -1
132 2627 1
33 2627 -1
254 2628 1
109 2628 -1
130 2629 1
64 2629 -1
16 2630 1
9 2630 -1
174 2631 1
58 2631 -1
16 2632 1
33 2632 -1
1 2633 1
184 2633 -1
149 2634 1
121 2634 -1
89 2635 1
102 2635 -1
93 2636 1
113 2636 -1
47 2637 1
266 2637 -1
38 2638 1
267 2638 -1
209 2639 1
16 2639 -1
201 2640 1
66 2640 -1
68 2641 1
100 2641 -1
160 2642 1
25 2642 -1
126 2643 1
77 2643 -1
113 2644 1
105 2644 -1
142 2645 1
26 2645 -1
95 2646 1
136 2646 -1
232 2647 1
176 2647 -1
240 2648 1
86 2648 -1
151 2649 1
145 2649 -1
194 2650 1
59 2650 -1
119 2651 1
13 2651 -1
88 2652 1
173 2652 -1
32 2653 1
174 2653 -1
17 2654 1
115 2654 -1
39 2655 1
182 2655 -1
30 2656 1
11 2656 -1
40 2657 1
233 2657 -1
181 2658 1
165 2658 -1
166 2659 1
206 2659 -1
120 2660 1
90 2660 -1
204 2661 1
84 2661 -1
76 2662 1
244 2662 -1
231 2663 1
100 2663 -1
181 2664 1
15 2664 -1
11 2665 1
237 2665 -1
151 2666 1
133 2666 -1
127 2667 1
41 2667 -1
212 2668 1
238 2668 -1
139 2669 1
170 2669 -1
47 2670 1
208 2670 -1
141 2671 1
4 2671 -1
72 2672 1
219 2672 -1
99 2673 1
240 2673 -1
56 2674 1
158 2674 -1
237 2675 1
76 2675 -1
117 2676 1
29 2676 -1
7 2677 1
233 2677 -1
87 2678 1
255 2678 -1
171 2679 1
226 2679 -1
263 2680 1
134 2680 -1
239 2681 1
219 2681 -1
245 2682 1
27 2682 -1
42 2683 1
108 2683 -1
123 2684 1
25 2684 -1
26 2685 1
73 2685 -1
71 2686 1
257 2686 -1
229 2687 1
33 2687 -1
50 2688 1
112 2688 -1
41 2689 1
237 2689 -1
185 2690 1
78 2690 -1
209 2691 1
42 2691 -1
164 2692 1
85 2692 -1
140 2693 1
253 2693 -1
268 2694 1
133 2694 -1
262 2695 1
5 2695 -1
106 2696 1
235 2696 -1
200 2697 1
236 2697 -1
18 2698 1
193 2698 -1
11 2699 1
13 2699 -1
263 2700 1
198 2700 -1
250 2701 1
84 2701 -1
160 2702 1
212 2702 -1
148 2703 1
82 2703 -1
49 2704 1
126 2704 -1
146 2705 1
134 2705 -1
259 2706 1
141 2706 -1
87 2707 1
229 2707 -1
126 2708 1
15 2708 -1
22 2709 1
122 2709 -1
79 2710 1
52 2710 -1
238 2711 1
88 2711 -1
237 2712 1
175 2712 -1
37 2713 1
33 2713 -1
57 2714 1
140 2714 -1
181 2715 1
131 2715 -1
240 2716 1
98 2716 -1
2 2717 1
156 2717 -1
183 2718 1
123 2718 -1
229 2719 1
264 2719 -1
243 2720 1
230 2720 -1
262 2721 1
17 2721 -1
73 2722 1
226 2722 -1
268 2723 1
218 2723 -1
15 2724 1
254 2724 -1
4 2725 1
151 2725 -1
249 2726 1
177 2726 -1
5 2727 1
110 2727 -1
215 2728 1
197 2728 -1
1 2729 1
40 2729 -1
40 2730 1
79 2730 -1
79 2731 1
118 2731 -1
118 2732 1
157 2732 -1
157 2733 1
196 2733 -1
196 2734 1
235 2734 -1
235 2735 1
2 2735 -1
2 2736 1
41 2736 -1
41 2737 1
80 2737 -1
80 2738 1
119 2738 -1
119 2739 1
158 2739 -1
158 2740 1
197 2740 -1
197 2741 1
236 2741 -1
236 2742 1
3 2742 -1
3 2743 1
42 2743 -1
42 2744 1
81 2744 -1
81 2745 1
120 2745 -1
120 2746 1
159 2746 -1
159 2747 1
198 2747 -1
198 2748 1
237 2748 -1
237 2749 1
4 2749 -1
4 2750 1
43 2750 -1
43 2751 1
82 2751 -1
82 2752 1
121 2752 -1
121 2753 1
160 2753 -1
160 2754 1
199 2754 -1
199 2755 1
238 2755 -1
238 2756 1
5 2756 -1
5 2757 1
44 2757 -1
44 2758 1
83 2758 -1
83 2759 1
122 2759 -1
122 2760 1
161 2760 -1
161 2761 1
200 2761 -1
200 2762 1
239 2762 -1
239 2763 1
6 2763 -1
6 2764 1
45 2764 -1
45 2765 1
84 2765 -1
84 2766 1
123 2766 -1
123 2767 1
162 2767 -1
162 2768 1
201 2768 -1
201 2769 1
240 2769 -1
240 2770 1
7 2770 -1
7 2771 1
46 2771 -1
46 2772 1
85 2772 -1
85 2773 1
124 2773 -1
124 2774 1
163 2774 -1
163 2775 1
202 2775 -1
202 2776 1
241 2776 -1
241 2777 1
8 2777 -1
8 2778 1
47 2778 -1
47 2779 1
86 2779 -1
86 2780 1
125 2780 -1
125 2781 1
164 2781 -1
164 2782 1
203 2782 -1
203 2783 1
242 2783 -1
242 2784 1
9 2784 -1
9 2785 1
48 2785 -1
48 2786 1
87 2786 -1
87 2787 1
126 2787 -1
126 2788 1
165 2788 -1
165 2789 1
204 2789 -1
204 2790 1
243 2790 -1
243 2791 1
10 2791 -1
10 2792 1
49 2792 -1
49 2793 1
88 2793 -1
88 2794 1
127 2794 -1
127 2795 1
166 2795 -1
166 2796 1
205 2796 -1
205 2797 1
244 2797 -1
244 2798 1
11 2798 -1
11 2799 1
50 2799 -1
50 2800 1
89 2800 -1
89 2801 1
128 2801 -1
128 2802 1
167 2802 -1
167 2803 1
206 2803 -1
206 2804 1
245 2804 -1
245 2805 1
12 2805 -1
12 2806 1
51 2806 -1
51 2807 1
90 2807 -1
90 2808 1
129 2808 -1
129 2809 1
168 2809 -1
168 2810 1
207 2810 -1
207 2811 1
246 2811 -1
246 2812 1
13 2812 -1
13 2813 1
52 2813 -1
52 2814 1
91 2814 -1
91 2815 1
130 2815 -1
130 2816 1
169 2816 -1
169 2817 1
208 2817 -1
208 2818 1
247 2818 -1
247 2819 1
14 2819 -1
14 2820 1
53 2820 -1
53 2821 1
92 2821 -1
92 2822 1
131 2822 -1
131 2823 1
170 2823 -1
170 2824 1
209 2824 -1
209 2825 1
248 2825 -1
248 2826 1
15 2826 -1
15 2827 1
54 2827 -1
54 2828 1
93 2828 -1
93 2829 1
132 2829 -1
132 2830 1
171 2830 -1
171 2831 1
210 2831 -1
210 2832 1
249 2832 -1
249 2833 1
16 2833 -1
16 2834 1
55 2834 -1
55 2835 1
94 2835 -1
94 2836 1
133 2836 -1
133 2837 1
172 2837 -1
172 2838 1
211 2838 -1
211 2839 1
250 2839 -1
250 2840 1
17 2840 -1
17 2841 1
56 2841 -1
56 2842 1
95 2842 -1
95 2843 1
134 2843 -1
134 2844 1
173 2844 -1
173 2845 1
212 2845 -1
212 2846 1
251 2846 -1
251 2847 1
18 2847 -1
18 2848 1
57 2848 -1
57 2849 1
96 2849 -1
96 2850 1
135 2850 -1
135 2851 1
174 2851 -1
174 2852 1
213 2852 -1
213 2853 1
252 2853 -1
252 2854 1
19 2854 -1
19 2855 1
58 2855 -1
58 2856 1
97 2856 -1
97 2857 1
136 2857 -1
136 2858 1
175 2858 -1
175 2859 1
214 2859 -1
214 2860 1
253 2860 -1
253 2861 1
20 2861 -1
20 2862 1
59 2862 -1
59 2863 1
98 2863 -1
98 2864 1
137 2864 -1
137 2865 1
176 2865 -1
176 2866 1
215 2866 -1
215 2867 1
254 2867 -1
254 2868 1
21 2868 -1
21 2869 1
60 2869 -1
60 2870 1
99 2870 -1
99 2871 1
138 2871 -1
138 2872 1
177 2872 -1
177 2873 1
216 2873 -1
216 2874 1
255 2874 -1
255 2875 1
22 2875 -1
22 2876 1
61 2876 -1
61 2877 1
100 2877 -1
100 2878 1
139 2878 -1
139 2879 1
178 2879 -1
178 2880 1
217 2880 -1
217 2881 1
256 2881 -1
256 2882 1
23 2882 -1
23 2883 1
62 2883 -1
62 2884 1
101 2884 -1
101 2885 1
140 2885 -1
140 2886 1
179 2886 -1
179 2887 1
218 2887 -1
218 2888 1
257 2888 -1
257 2889 1
24 2889 -1
24 2890 1
63 2890 -1
63 2891 1
102 2891 -1
102 2892 1
141 2892 -1
141 2893 1
180 2893 -1
180 2894 1
219 2894 -1
219 2895 1
258 2895 -1
258 2896 1
25 2896 -1
25 2897 1
64 2897 -1
64 2898 1
103 2898 -1
103 2899 1
142 2899 -1
142 2900 1
181 2900 -1
181 2901 1
220 2901 -1
220 2902 1
259 2902 -1
259 2903 1
26 2903 -1
26 2904 1
65 2904 -1
65 2905 1
104 2905 -1
104 2906 1
143 2906 -1
143 2907 1
182 2907 -1
182 2908 1
221 2908 -1
221 2909 1
260 2909 -1
260 2910 1
27 2910 -1
27 2911 1
66 2911 -1
66 2912 1
105 2912 -1
105 2913 1
144 2913 -1
144 2914 1
183 2914 -1
183 2915 1
222 2915 -1
222 2916 1
261 2916 -1
261 2917 1
28 2917 -1
28 2918 1
67 2918 -1
67 2919 1
106 2919 -1
106 2920 1
145 2920 -1
145 2921 1
184 2921 -1
184 2922 1
223 2922 -1
223 2923 1
262 2923 -1
262 2924 1
29 2924 -1
29 2925 1
68 2925 -1
68 2926 1
107 2926 -1
107 2927 1
146 2927 -1
146 2928 1
185 2928 -1
185 2929 1
224 2929 -1
224 2930 1
263 2930 -1
263 2931 1
30 2931 -1
30 2932 1
69 2932 -1
69 2933 1
108 2933 -1
108 2934 1
147 2934 -1
147 2935 1
186 2935 -1
186 2936 1
225 2936 -1
225 2937 1
264 2937 -1
264 2938 1
31 2938 -1
31 2939 1
70 2939 -1
70 2940 1
109 2940 -1
109 2941 1
148 2941 -1
148 2942 1
187 2942 -1
187 2943 1
226 2943 -1
226 2944 1
265 2944 -1
265 2945 1
32 2945 -1
32 2946 1
71 2946 -1
71 2947 1
110 2947 -1
110 2948 1
149 2948 -1
149 2949 1
188 2949 -1
188 2950 1
227 2950 -1
227 2951 1
266 2951 -1
266 2952 1
33 2952 -1
33 2953 1
72 2953 -1
72 2954 1
111 2954 -1
111 2955 1
150 2955 -1
150 2956 1
189 2956 -1
189 2957 1
228 2957 -1
228 2958 1
267 2958 -1
267 2959 1
34 2959 -1
34 2960 1
73 2960 -1
73 2961 1
112 2961 -1
112 2962 1
151 2962 -1
151 2963 1
190 2963 -1
190 2964 1
229 2964 -1
229 2965 1
268 2965 -1
268 2966 1
35 2966 -1
35 2967 1
74 2967 -1
74 2968 1
113 2968 -1
113 2969 1
152 2969 -1
152 2970 1
191 2970 -1
191 2971 1
230 2971 -1
230 2972 1
269 2972 -1
269 2973 1
36 2973 -1
36 2974 1
75 2974 -1
75 2975 1
114 2975 -1
114 2976 1
153 2976 -1
153 2977 1
192 2977 -1
192 2978 1
231 2978 -1
231 2979 1
270 2979 -1
270 2980 1
37 2980 -1
37 2981 1
76 2981 -1
76 2982 1
115 2982 -1
115 2983 1
154 2983 -1
154 2984 1
193 2984 -1
193 2985 1
232 2985 -1
232 2986 1
271 2986 -1
271 2987 1
38 2987 -1
38 2988 1
77 2988 -1
77 2989 1
116 2989 -1
116 2990 1
155 2990 -1
155 2991 1
194 2991 -1
194 2992 1
233 2992 -1
233 2993 1
272 2993 -1
272 2994 1
39 2994 -1
39 2995 1
78 2995 -1
78 2996 1
117 2996 -1
117 2997 1
156 2997 -1
156 2998 1
195 2998 -1
195 2999 1
234 2999 -1
234 3000 1
273 3000 -1
