1 1 1
2 1 -1
1 2 1
3 2 -1
1 3 1
4 3 -1
1 4 1
5 4 -1
1 5 1
53 5 -1
1 6 1
105 6 -1
2 7 1
3 7 -1
2 8 1
4 8 -1
2 9 1
5 9 -1
2 10 1
6 10 -1
2 11 1
54 11 -1
2 12 1
106 12 -1
3 13 1
4 13 -1
3 14 1
5 14 -1
3 15 1
6 15 -1
3 16 1
7 16 -1
3 17 1
55 17 -1
3 18 1
107 18 -1
4 19 1
5 19 -1
4 20 1
6 20 -1
4 21 1
7 21 -1
4 22 1
8 22 -1
4 23 1
56 23 -1
4 24 1
108 24 -1
5 25 1
6 25 -1
5 26 1
7 26 -1
5 27 1
8 27 -1
5 28 1
9 28 -1
5 29 1
57 29 -1
5 30 1
109 30 -1
6 31 1
7 31 -1
6 32 1
8 32 -1
6 33 1
9 33 -1
6 34 1
10 34 -1
6 35 1
58 35 -1
6 36 1
110 36 -1
7 37 1
8 37 -1
7 38 1
9 38 -1
7 39 1
10 39 -1
7 40 1
11 40 -1
7 41 1
59 41 -1
7 42 1
111 42 -1
8 43 1
9 43 -1
8 44 1
10 44 -1
8 45 1
11 45 -1
8 46 1
12 46 -1
8 47 1
60 47 -1
8 48 1
112 48 -1
9 49 1
10 49 -1
9 50 1
11 50 -1
9 51 1
12 51 -1
9 52 1
13 52 -1
9 53 1
61 53 -1
9 54 1
113 54 -1
10 55 1
11 55 -1
10 56 1
12 56 -1
10 57 1
13 57 -1
10 58 1
14 58 -1
10 59 1
62 59 -1
10 60 1
114 60 -1
11 61 1
12 61 -1
11 62 1
13 62 -1
11 63 1
14 63 -1
11 64 1
15 64 -1
11 65 1
63 65 -1
11 66 1
115 66 -1
12 67 1
13 67 -1
12 68 1
14 68 -1
12 69 1
15 69 -1
12 70 1
16 70 -1
12 71 1
64 71 -1
12 72 1
116 72 -1
13 73 1
14 73 -1
13 74 1
15 74 -1
13 75 1
16 75 -1
13 76 1
17 76 -1
13 77 1
65 77 -1
13 78 1
117 78 -1
14 79 1
15 79 -1
14 80 1
16 80 -1
14 81 1
17 81 -1
14 82 1
18 82 -1
14 83 1
66 83 -1
14 84 1
118 84 -1
15 85 1
16 85 -1
15 86 1
17 86 -1
15 87 1
18 87 -1
15 88 1
19 88 -1
15 89 1
67 89 -1
15 90 1
119 90 -1
16 91 1
17 91 -1
16 92 1
18 92 -1
16 93 1
19 93 -1
16 94 1
20 94 -1
16 95 1
68 95 -1
16 96 1
120 96 -1
17 97 1
18 97 -1
17 98 1
19 98 -1
17 99 1
20 99 -1
17 100 1
21 100 -1
17 101 1
69 101 -1
17 102 1
121 102 -1
18 103 1
19 103 -1
18 104 1
20 104 -1
18 105 1
21 105 -1
18 106 1
22 106 -1
18 107 1
70 107 -1
18 108 1
122 108 -1
19 109 1
20 109 -1
19 110 1
21 110 -1
19 111 1
22 111 -1
19 112 1
23 112 -1
19 113 1
71 113 -1
19 114 1
123 114 -1
20 115 1
21 115 -1
20 116 1
22 116 -1
20 117 1
23 117 -1
20 118 1
24 118 -1
20 119 1
72 119 -1
20 120 1
124 120 -1
21 121 1
22 121 -1
21 122 1
23 122 -1
21 123 1
24 123 -1
21 124 1
25 124 -1
21 125 1
73 125 -1
21 126 1
125 126 -1
22 127 1
23 127 -1
22 128 1
24 128 -1
22 129 1
25 129 -1
22 130 1
26 130 -1
22 131 1
74 131 -1
22 132 1
126 132 -1
23 133 1
24 133 -1
23 134 1
25 134 -1
23 135 1
26 135 -1
23 136 1
27 136 -1
23 137 1
75 137 -1
23 138 1
127 138 -1
24 139 1
25 139 -1
24 140 1
26 140 -1
24 141 1
27 141 -1
24 142 1
28 142 -1
24 143 1
76 143 -1
24 144 1
128 144 -1
25 145 1
26 145 -1
25 146 1
27 146 -1
25 147 1
28 147 -1
25 148 1
29 148 -1
25 149 1
77 149 -1
25 150 1
129 150 -1
26 151 1
27 151 -1
26 152 1
28 152 -1
26 153 1
29 153 -1
26 154 1
30 154 -1
26 155 1
78 155 -1
26 156 1
130 156 -1
27 157 1
28 157 -1
27 158 1
29 158 -1
27 159 1
30 159 -1
27 160 1
31 160 -1
27 161 1
79 161 -1
27 162 1
131 162 -1
28 163 1
29 163 -1
28 164 1
30 164 -1
28 165 1
31 165 -1
28 166 1
32 166 -1
28 167 1
80 167 -1
28 168 1
132 168 -1
29 169 1
30 169 -1
29 170 1
31 170 -1
29 171 1
32 171 -1
29 172 1
33 172 -1
29 173 1
81 173 -1
29 174 1
133 174 -1
30 175 1
31 175 -1
30 176 1
32 176 -1
30 177 1
33 177 -1
30 178 1
34 178 -1
30 179 1
82 179 -1
30 180 1
134 180 -1
31 181 1
32 181 -1
31 182 1
33 182 -1
31 183 1
34 183 -1
31 184 1
35 184 -1
31 185 1
83 185 -1
31 186 1
135 186 -1
32 187 1
33 187 -1
32 188 1
34 188 -1
32 189 1
35 189 -1
32 190 1
36 190 -1
32 191 1
84 191 -1
32 192 1
136 192 -1
33 193 1
34 193 -1
33 194 1
35 194 -1
33 195 1
36 195 -1
33 196 1
37 196 -1
33 197 1
85 197 -1
33 198 1
137 198 -1
34 199 1
35 199 -1
34 200 1
36 200 -1
34 201 1
37 201 -1
34 202 1
38 202 -1
34 203 1
86 203 -1
34 204 1
138 204 -1
35 205 1
36 205 -1
35 206 1
37 206 -1
35 207 1
38 207 -1
35 208 1
39 208 -1
35 209 1
87 209 -1
35 210 1
139 210 -1
36 211 1
37 211 -1
36 212 1
38 212 -1
36 213 1
39 213 -1
36 214 1
40 214 -1
36 215 1
88 215 -1
36 216 1
140 216 -1
37 217 1
38 217 -1
37 218 1
39 218 -1
37 219 1
40 219 -1
37 220 1
41 220 -1
37 221 1
89 221 -1
37 222 1
141 222 -1
38 223 1
39 223 -1
38 224 1
40 224 -1
38 225 1
41 225 -1
38 226 1
42 226 -1
38 227 1
90 227 -1
38 228 1
142 228 -1
39 229 1
40 229 -1
39 230 1
41 230 -1
39 231 1
42 231 -1
39 232 1
43 232 -1
39 233 1
91 233 -1
39 234 1
143 234 -1
40 235 1
41 235 -1
40 236 1
42 236 -1
40 237 1
43 237 -1
40 238 1
44 238 -1
40 239 1
92 239 -1
40 240 1
144 240 -1
41 241 1
42 241 -1
41 242 1
43 242 -1
41 243 1
44 243 -1
41 244 1
45 244 -1
41 245 1
93 245 -1
41 246 1
145 246 -1
42 247 1
43 247 -1
42 248 1
44 248 -1
42 249 1
45 249 -1
42 250 1
46 250 -1
42 251 1
94 251 -1
42 252 1
146 252 -1
43 253 1
44 253 -1
43 254 1
45 254 -1
43 255 1
46 255 -1
43 256 1
47 256 -1
43 257 1
95 257 -1
43 258 1
147 258 -1
44 259 1
45 259 -1
44 260 1
46 260 -1
44 261 1
47 261 -1
44 262 1
48 262 -1
44 263 1
96 263 -1
44 264 1
148 264 -1
45 265 1
46 265 -1
45 266 1
47 266 -1
45 267 1
48 267 -1
45 268 1
49 268 -1
45 269 1
97 269 -1
45 270 1
149 270 -1
46 271 1
47 271 -1
46 272 1
48 272 -1
46 273 1
49 273 -1
46 274 1
50 274 -1
46 275 1
98 275 -1
46 276 1
150 276 -1
47 277 1
48 277 -1
47 278 1
49 278 -1
47 279 1
50 279 -1
47 280 1
51 280 -1
47 281 1
99 281 -1
47 282 1
151 282 -1
48 283 1
49 283 -1
48 284 1
50 284 -1
48 285 1
51 285 -1
48 286 1
52 286 -1
48 287 1
100 287 -1
48 288 1
152 288 -1
49 289 1
50 289 -1
49 290 1
51 290 -1
49 291 1
52 291 -1
49 292 1
416 292 -1
49 293 1
101 293 -1
49 294 1
153 294 -1
50 295 1
51 295 -1
50 296 1
52 296 -1
50 297 1
416 297 -1
50 298 1
416 298 -1
1 299 1
2 299 -1
50 300 1
102 300 -1
50 301 1
154 301 -1
51 302 1
52 302 -1
51 303 1
416 303 -1
51 304 1
416 304 -1
1 305 1
2 305 -1
51 306 1
416 306 -1
1 307 1
3 307 -1
51 308 1
103 308 -1
51 309 1
155 309 -1
52 310 1
416 310 -1
52 311 1
416 311 -1
1 312 1
2 312 -1
52 313 1
416 313 -1
1 314 1
3 314 -1
52 315 1
416 315 -1
1 316 1
4 316 -1
52 317 1
104 317 -1
52 318 1
156 318 -1
53 319 1
54 319 -1
53 320 1
55 320 -1
53 321 1
56 321 -1
53 322 1
57 322 -1
53 323 1
105 323 -1
53 324 1
157 324 -1
54 325 1
55 325 -1
54 326 1
56 326 -1
54 327 1
57 327 -1
54 328 1
58 328 -1
54 329 1
106 329 -1
54 330 1
158 330 -1
55 331 1
56 331 -1
55 332 1
57 332 -1
55 333 1
58 333 -1
55 334 1
59 334 -1
55 335 1
107 335 -1
55 336 1
159 336 -1
56 337 1
57 337 -1
56 338 1
58 338 -1
56 339 1
59 339 -1
56 340 1
60 340 -1
56 341 1
108 341 -1
56 342 1
160 342 -1
57 343 1
58 343 -1
57 344 1
59 344 -1
57 345 1
60 345 -1
57 346 1
61 346 -1
57 347 1
109 347 -1
57 348 1
161 348 -1
58 349 1
59 349 -1
58 350 1
60 350 -1
58 351 1
61 351 -1
58 352 1
62 352 -1
58 353 1
110 353 -1
58 354 1
162 354 -1
59 355 1
60 355 -1
59 356 1
61 356 -1
59 357 1
62 357 -1
59 358 1
63 358 -1
59 359 1
111 359 -1
59 360 1
163 360 -1
60 361 1
61 361 -1
60 362 1
62 362 -1
60 363 1
63 363 -1
60 364 1
64 364 -1
60 365 1
112 365 -1
60 366 1
164 366 -1
61 367 1
62 367 -1
61 368 1
63 368 -1
61 369 1
64 369 -1
61 370 1
65 370 -1
61 371 1
113 371 -1
61 372 1
165 372 -1
62 373 1
63 373 -1
62 374 1
64 374 -1
62 375 1
65 375 -1
62 376 1
66 376 -1
62 377 1
114 377 -1
62 378 1
166 378 -1
63 379 1
64 379 -1
63 380 1
65 380 -1
63 381 1
66 381 -1
63 382 1
67 382 -1
63 383 1
115 383 -1
63 384 1
167 384 -1
64 385 1
65 385 -1
64 386 1
66 386 -1
64 387 1
67 387 -1
64 388 1
68 388 -1
64 389 1
116 389 -1
64 390 1
168 390 -1
65 391 1
66 391 -1
65 392 1
67 392 -1
65 393 1
68 393 -1
65 394 1
69 394 -1
65 395 1
117 395 -1
65 396 1
169 396 -1
66 397 1
67 397 -1
66 398 1
68 398 -1
66 399 1
69 399 -1
66 400 1
70 400 -1
66 401 1
118 401 -1
66 402 1
170 402 -1
67 403 1
68 403 -1
67 404 1
69 404 -1
67 405 1
70 405 -1
67 406 1
71 406 -1
67 407 1
119 407 -1
67 408 1
171 408 -1
68 409 1
69 409 -1
68 410 1
70 410 -1
68 411 1
71 411 -1
68 412 1
72 412 -1
68 413 1
120 413 -1
68 414 1
172 414 -1
69 415 1
70 415 -1
69 416 1
71 416 -1
69 417 1
72 417 -1
69 418 1
73 418 -1
69 419 1
121 419 -1
69 420 1
173 420 -1
70 421 1
71 421 -1
70 422 1
72 422 -1
70 423 1
73 423 -1
70 424 1
74 424 -1
70 425 1
122 425 -1
70 426 1
174 426 -1
71 427 1
72 427 -1
71 428 1
73 428 -1
71 429 1
74 429 -1
71 430 1
75 430 -1
71 431 1
123 431 -1
71 432 1
175 432 -1
72 433 1
73 433 -1
72 434 1
74 434 -1
72 435 1
75 435 -1
72 436 1
76 436 -1
72 437 1
124 437 -1
72 438 1
176 438 -1
73 439 1
74 439 -1
73 440 1
75 440 -1
73 441 1
76 441 -1
73 442 1
77 442 -1
73 443 1
125 443 -1
73 444 1
177 444 -1
74 445 1
75 445 -1
74 446 1
76 446 -1
74 447 1
77 447 -1
74 448 1
78 448 -1
74 449 1
126 449 -1
74 450 1
178 450 -1
75 451 1
76 451 -1
75 452 1
77 452 -1
75 453 1
78 453 -1
75 454 1
79 454 -1
75 455 1
127 455 -1
75 456 1
179 456 -1
76 457 1
77 457 -1
76 458 1
78 458 -1
76 459 1
79 459 -1
76 460 1
80 460 -1
76 461 1
128 461 -1
76 462 1
180 462 -1
77 463 1
78 463 -1
77 464 1
79 464 -1
77 465 1
80 465 -1
77 466 1
81 466 -1
77 467 1
129 467 -1
77 468 1
181 468 -1
78 469 1
79 469 -1
78 470 1
80 470 -1
78 471 1
81 471 -1
78 472 1
82 472 -1
78 473 1
130 473 -1
78 474 1
182 474 -1
79 475 1
80 475 -1
79 476 1
81 476 -1
79 477 1
82 477 -1
79 478 1
83 478 -1
79 479 1
131 479 -1
79 480 1
183 480 -1
80 481 1
81 481 -1
80 482 1
82 482 -1
80 483 1
83 483 -1
80 484 1
84 484 -1
80 485 1
132 485 -1
80 486 1
184 486 -1
81 487 1
82 487 -1
81 488 1
83 488 -1
81 489 1
84 489 -1
81 490 1
85 490 -1
81 491 1
133 491 -1
81 492 1
185 492 -1
82 493 1
83 493 -1
82 494 1
84 494 -1
82 495 1
85 495 -1
82 496 1
86 496 -1
82 497 1
134 497 -1
82 498 1
186 498 -1
83 499 1
84 499 -1
83 500 1
85 500 -1
83 501 1
86 501 -1
83 502 1
87 502 -1
83 503 1
135 503 -1
83 504 1
187 504 -1
84 505 1
85 505 -1
84 506 1
86 506 -1
84 507 1
87 507 -1
84 508 1
88 508 -1
84 509 1
136 509 -1
84 510 1
188 510 -1
85 511 1
86 511 -1
85 512 1
87 512 -1
85 513 1
88 513 -1
85 514 1
89 514 -1
85 515 1
137 515 -1
85 516 1
189 516 -1
86 517 1
87 517 -1
86 518 1
88 518 -1
86 519 1
89 519 -1
86 520 1
90 520 -1
86 521 1
138 521 -1
86 522 1
190 522 -1
87 523 1
88 523 -1
87 524 1
89 524 -1
87 525 1
90 525 -1
87 526 1
91 526 -1
87 527 1
139 527 -1
87 528 1
191 528 -1
88 529 1
89 529 -1
88 530 1
90 530 -1
88 531 1
91 531 -1
88 532 1
92 532 -1
88 533 1
140 533 -1
88 534 1
192 534 -1
89 535 1
90 535 -1
89 536 1
91 536 -1
89 537 1
92 537 -1
89 538 1
93 538 -1
89 539 1
141 539 -1
89 540 1
193 540 -1
90 541 1
91 541 -1
90 542 1
92 542 -1
90 543 1
93 543 -1
90 544 1
94 544 -1
90 545 1
142 545 -1
90 546 1
194 546 -1
91 547 1
92 547 -1
91 548 1
93 548 -1
91 549 1
94 549 -1
91 550 1
95 550 -1
91 551 1
143 551 -1
91 552 1
195 552 -1
92 553 1
93 553 -1
92 554 1
94 554 -1
92 555 1
95 555 -1
92 556 1
96 556 -1
92 557 1
144 557 -1
92 558 1
196 558 -1
93 559 1
94 559 -1
93 560 1
95 560 -1
93 561 1
96 561 -1
93 562 1
97 562 -1
93 563 1
145 563 -1
93 564 1
197 564 -1
94 565 1
95 565 -1
94 566 1
96 566 -1
94 567 1
97 567 -1
94 568 1
98 568 -1
94 569 1
146 569 -1
94 570 1
198 570 -1
95 571 1
96 571 -1
95 572 1
97 572 -1
95 573 1
98 573 -1
95 574 1
99 574 -1
95 575 1
147 575 -1
95 576 1
199 576 -1
96 577 1
97 577 -1
96 578 1
98 578 -1
96 579 1
99 579 -1
96 580 1
100 580 -1
96 581 1
148 581 -1
96 582 1
200 582 -1
97 583 1
98 583 -1
97 584 1
99 584 -1
97 585 1
100 585 -1
97 586 1
101 586 -1
97 587 1
149 587 -1
97 588 1
201 588 -1
98 589 1
99 589 -1
98 590 1
100 590 -1
98 591 1
101 591 -1
98 592 1
102 592 -1
98 593 1
150 593 -1
98 594 1
202 594 -1
99 595 1
100 595 -1
99 596 1
101 596 -1
99 597 1
102 597 -1
99 598 1
103 598 -1
99 599 1
151 599 -1
99 600 1
203 600 -1
100 601 1
101 601 -1
100 602 1
102 602 -1
100 603 1
103 603 -1
100 604 1
104 604 -1
100 605 1
152 605 -1
100 606 1
204 606 -1
101 607 1
102 607 -1
101 608 1
103 608 -1
101 609 1
104 609 -1
101 610 1
416 610 -1
1 611 1
53 611 -1
101 612 1
153 612 -1
101 613 1
205 613 -1
102 614 1
103 614 -1
102 615 1
104 615 -1
102 616 1
416 616 -1
1 617 1
53 617 -1
102 618 1
416 618 -1
1 619 1
54 619 -1
102 620 1
154 620 -1
102 621 1
206 621 -1
103 622 1
104 622 -1
103 623 1
416 623 -1
1 624 1
53 624 -1
103 625 1
416 625 -1
1 626 1
54 626 -1
103 627 1
416 627 -1
1 628 1
55 628 -1
103 629 1
155 629 -1
103 630 1
207 630 -1
104 631 1
416 631 -1
1 632 1
53 632 -1
104 633 1
416 633 -1
1 634 1
54 634 -1
104 635 1
416 635 -1
1 636 1
55 636 -1
104 637 1
416 637 -1
1 638 1
56 638 -1
104 639 1
156 639 -1
104 640 1
208 640 -1
105 641 1
106 641 -1
105 642 1
107 642 -1
105 643 1
108 643 -1
105 644 1
109 644 -1
105 645 1
157 645 -1
105 646 1
209 646 -1
106 647 1
107 647 -1
106 648 1
108 648 -1
106 649 1
109 649 -1
106 650 1
110 650 -1
106 651 1
158 651 -1
106 652 1
210 652 -1
107 653 1
108 653 -1
107 654 1
109 654 -1
107 655 1
110 655 -1
107 656 1
111 656 -1
107 657 1
159 657 -1
107 658 1
211 658 -1
108 659 1
109 659 -1
108 660 1
110 660 -1
108 661 1
111 661 -1
108 662 1
112 662 -1
108 663 1
160 663 -1
108 664 1
212 664 -1
109 665 1
110 665 -1
109 666 1
111 666 -1
109 667 1
112 667 -1
109 668 1
113 668 -1
109 669 1
161 669 -1
109 670 1
213 670 -1
110 671 1
111 671 -1
110 672 1
112 672 -1
110 673 1
113 673 -1
110 674 1
114 674 -1
110 675 1
162 675 -1
110 676 1
214 676 -1
111 677 1
112 677 -1
111 678 1
113 678 -1
111 679 1
114 679 -1
111 680 1
115 680 -1
111 681 1
163 681 -1
111 682 1
215 682 -1
112 683 1
113 683 -1
112 684 1
114 684 -1
112 685 1
115 685 -1
112 686 1
116 686 -1
112 687 1
164 687 -1
112 688 1
216 688 -1
113 689 1
114 689 -1
113 690 1
115 690 -1
113 691 1
116 691 -1
113 692 1
117 692 -1
113 693 1
165 693 -1
113 694 1
217 694 -1
114 695 1
115 695 -1
114 696 1
116 696 -1
114 697 1
117 697 -1
114 698 1
118 698 -1
114 699 1
166 699 -1
114 700 1
218 700 -1
115 701 1
116 701 -1
115 702 1
117 702 -1
115 703 1
118 703 -1
115 704 1
119 704 -1
115 705 1
167 705 -1
115 706 1
219 706 -1
116 707 1
117 707 -1
116 708 1
118 708 -1
116 709 1
119 709 -1
116 710 1
120 710 -1
116 711 1
168 711 -1
116 712 1
220 712 -1
117 713 1
118 713 -1
117 714 1
119 714 -1
117 715 1
120 715 -1
117 716 1
121 716 -1
117 717 1
169 717 -1
117 718 1
221 718 -1
118 719 1
119 719 -1
118 720 1
120 720 -1
118 721 1
121 721 -1
118 722 1
122 722 -1
118 723 1
170 723 -1
118 724 1
222 724 -1
119 725 1
120 725 -1
119 726 1
121 726 -1
119 727 1
122 727 -1
119 728 1
123 728 -1
119 729 1
171 729 -1
119 730 1
223 730 -1
120 731 1
121 731 -1
120 732 1
122 732 -1
120 733 1
123 733 -1
120 734 1
124 734 -1
120 735 1
172 735 -1
120 736 1
224 736 -1
121 737 1
122 737 -1
121 738 1
123 738 -1
121 739 1
124 739 -1
121 740 1
125 740 -1
121 741 1
173 741 -1
121 742 1
225 742 -1
122 743 1
123 743 -1
122 744 1
124 744 -1
122 745 1
125 745 -1
122 746 1
126 746 -1
122 747 1
174 747 -1
122 748 1
226 748 -1
123 749 1
124 749 -1
123 750 1
125 750 -1
123 751 1
126 751 -1
123 752 1
127 752 -1
123 753 1
175 753 -1
123 754 1
227 754 -1
124 755 1
125 755 -1
124 756 1
126 756 -1
124 757 1
127 757 -1
124 758 1
128 758 -1
124 759 1
176 759 -1
124 760 1
228 760 -1
125 761 1
126 761 -1
125 762 1
127 762 -1
125 763 1
128 763 -1
125 764 1
129 764 -1
125 765 1
177 765 -1
125 766 1
229 766 -1
126 767 1
127 767 -1
126 768 1
128 768 -1
126 769 1
129 769 -1
126 770 1
130 770 -1
126 771 1
178 771 -1
126 772 1
230 772 -1
127 773 1
128 773 -1
127 774 1
129 774 -1
127 775 1
130 775 -1
127 776 1
131 776 -1
127 777 1
179 777 -1
127 778 1
231 778 -1
128 779 1
129 779 -1
128 780 1
130 780 -1
128 781 1
131 781 -1
128 782 1
132 782 -1
128 783 1
180 783 -1
128 784 1
232 784 -1
129 785 1
130 785 -1
129 786 1
131 786 -1
129 787 1
132 787 -1
129 788 1
133 788 -1
129 789 1
181 789 -1
129 790 1
233 790 -1
130 791 1
131 791 -1
130 792 1
132 792 -1
130 793 1
133 793 -1
130 794 1
134 794 -1
130 795 1
182 795 -1
130 796 1
234 796 -1
131 797 1
132 797 -1
131 798 1
133 798 -1
131 799 1
134 799 -1
131 800 1
135 800 -1
131 801 1
183 801 -1
131 802 1
235 802 -1
132 803 1
133 803 -1
132 804 1
134 804 -1
132 805 1
135 805 -1
132 806 1
136 806 -1
132 807 1
184 807 -1
132 808 1
236 808 -1
133 809 1
134 809 -1
133 810 1
135 810 -1
133 811 1
136 811 -1
133 812 1
137 812 -1
133 813 1
185 813 -1
133 814 1
237 814 -1
134 815 1
135 815 -1
134 816 1
136 816 -1
134 817 1
137 817 -1
134 818 1
138 818 -1
134 819 1
186 819 -1
134 820 1
238 820 -1
135 821 1
136 821 -1
135 822 1
137 822 -1
135 823 1
138 823 -1
135 824 1
139 824 -1
135 825 1
187 825 -1
135 826 1
239 826 -1
136 827 1
137 827 -1
136 828 1
138 828 -1
136 829 1
139 829 -1
136 830 1
140 830 -1
136 831 1
188 831 -1
136 832 1
240 832 -1
137 833 1
138 833 -1
137 834 1
139 834 -1
137 835 1
140 835 -1
137 836 1
141 836 -1
137 837 1
189 837 -1
137 838 1
241 838 -1
138 839 1
139 839 -1
138 840 1
140 840 -1
138 841 1
141 841 -1
138 842 1
142 842 -1
138 843 1
190 843 -1
138 844 1
242 844 -1
139 845 1
140 845 -1
139 846 1
141 846 -1
139 847 1
142 847 -1
139 848 1
143 848 -1
139 849 1
191 849 -1
139 850 1
243 850 -1
140 851 1
141 851 -1
140 852 1
142 852 -1
140 853 1
143 853 -1
140 854 1
144 854 -1
140 855 1
192 855 -1
140 856 1
244 856 -1
141 857 1
142 857 -1
141 858 1
143 858 -1
141 859 1
144 859 -1
141 860 1
145 860 -1
141 861 1
193 861 -1
141 862 1
245 862 -1
142 863 1
143 863 -1
142 864 1
144 864 -1
142 865 1
145 865 -1
142 866 1
146 866 -1
142 867 1
194 867 -1
142 868 1
246 868 -1
143 869 1
144 869 -1
143 870 1
145 870 -1
143 871 1
146 871 -1
143 872 1
147 872 -1
143 873 1
195 873 -1
143 874 1
247 874 -1
144 875 1
145 875 -1
144 876 1
146 876 -1
144 877 1
147 877 -1
144 878 1
148 878 -1
144 879 1
196 879 -1
144 880 1
248 880 -1
145 881 1
146 881 -1
145 882 1
147 882 -1
145 883 1
148 883 -1
145 884 1
149 884 -1
145 885 1
197 885 -1
145 886 1
249 886 -1
146 887 1
147 887 -1
146 888 1
148 888 -1
146 889 1
149 889 -1
146 890 1
150 890 -1
146 891 1
198 891 -1
146 892 1
250 892 -1
147 893 1
148 893 -1
147 894 1
149 894 -1
147 895 1
150 895 -1
147 896 1
151 896 -1
147 897 1
199 897 -1
147 898 1
251 898 -1
148 899 1
149 899 -1
148 900 1
150 900 -1
148 901 1
151 901 -1
148 902 1
152 902 -1
148 903 1
200 903 -1
148 904 1
252 904 -1
149 905 1
150 905 -1
149 906 1
151 906 -1
149 907 1
152 907 -1
149 908 1
153 908 -1
149 909 1
201 909 -1
149 910 1
253 910 -1
150 911 1
151 911 -1
150 912 1
152 912 -1
150 913 1
153 913 -1
150 914 1
154 914 -1
150 915 1
202 915 -1
150 916 1
254 916 -1
151 917 1
152 917 -1
151 918 1
153 918 -1
151 919 1
154 919 -1
151 920 1
155 920 -1
151 921 1
203 921 -1
151 922 1
255 922 -1
152 923 1
153 923 -1
152 924 1
154 924 -1
152 925 1
155 925 -1
152 926 1
156 926 -1
152 927 1
204 927 -1
152 928 1
256 928 -1
153 929 1
154 929 -1
153 930 1
155 930 -1
153 931 1
156 931 -1
153 932 1
416 932 -1
1 933 1
105 933 -1
153 934 1
205 934 -1
153 935 1
257 935 -1
154 936 1
155 936 -1
154 937 1
156 937 -1
154 938 1
416 938 -1
1 939 1
105 939 -1
154 940 1
416 940 -1
1 941 1
106 941 -1
154 942 1
206 942 -1
154 943 1
258 943 -1
155 944 1
156 944 -1
155 945 1
416 945 -1
1 946 1
105 946 -1
155 947 1
416 947 -1
1 948 1
106 948 -1
155 949 1
416 949 -1
1 950 1
107 950 -1
155 951 1
207 951 -1
155 952 1
259 952 -1
156 953 1
416 953 -1
1 954 1
105 954 -1
156 955 1
416 955 -1
1 956 1
106 956 -1
156 957 1
416 957 -1
1 958 1
107 958 -1
156 959 1
416 959 -1
1 960 1
108 960 -1
156 961 1
208 961 -1
156 962 1
260 962 -1
157 963 1
158 963 -1
157 964 1
159 964 -1
157 965 1
160 965 -1
157 966 1
161 966 -1
157 967 1
209 967 -1
157 968 1
261 968 -1
158 969 1
159 969 -1
158 970 1
160 970 -1
158 971 1
161 971 -1
158 972 1
162 972 -1
158 973 1
210 973 -1
158 974 1
262 974 -1
159 975 1
160 975 -1
159 976 1
161 976 -1
159 977 1
162 977 -1
159 978 1
163 978 -1
159 979 1
211 979 -1
159 980 1
263 980 -1
160 981 1
161 981 -1
160 982 1
162 982 -1
160 983 1
163 983 -1
160 984 1
164 984 -1
160 985 1
212 985 -1
160 986 1
264 986 -1
161 987 1
162 987 -1
161 988 1
163 988 -1
161 989 1
164 989 -1
161 990 1
165 990 -1
161 991 1
213 991 -1
161 992 1
265 992 -1
162 993 1
163 993 -1
162 994 1
164 994 -1
162 995 1
165 995 -1
162 996 1
166 996 -1
162 997 1
214 997 -1
162 998 1
266 998 -1
163 999 1
164 999 -1
163 1000 1
165 1000 -1
163 1001 1
166 1001 -1
163 1002 1
167 1002 -1
163 1003 1
215 1003 -1
163 1004 1
267 1004 -1
164 1005 1
165 1005 -1
164 1006 1
166 1006 -1
164 1007 1
167 1007 -1
164 1008 1
168 1008 -1
164 1009 1
216 1009 -1
164 1010 1
268 1010 -1
165 1011 1
166 1011 -1
165 1012 1
167 1012 -1
165 1013 1
168 1013 -1
165 1014 1
169 1014 -1
165 1015 1
217 1015 -1
165 1016 1
269 1016 -1
166 1017 1
167 1017 -1
166 1018 1
168 1018 -1
166 1019 1
169 1019 -1
166 1020 1
170 1020 -1
166 1021 1
218 1021 -1
166 1022 1
270 1022 -1
167 1023 1
168 1023 -1
167 1024 1
169 1024 -1
167 1025 1
170 1025 -1
167 1026 1
171 1026 -1
167 1027 1
219 1027 -1
167 1028 1
271 1028 -1
168 1029 1
169 1029 -1
168 1030 1
170 1030 -1
168 1031 1
171 1031 -1
168 1032 1
172 1032 -1
168 1033 1
220 1033 -1
168 1034 1
272 1034 -1
169 1035 1
170 1035 -1
169 1036 1
171 1036 -1
169 1037 1
172 1037 -1
169 1038 1
173 1038 -1
169 1039 1
221 1039 -1
169 1040 1
273 1040 -1
170 1041 1
171 1041 -1
170 1042 1
172 1042 -1
170 1043 1
173 1043 -1
170 1044 1
174 1044 -1
170 1045 1
222 1045 -1
170 1046 1
274 1046 -1
171 1047 1
172 1047 -1
171 1048 1
173 1048 -1
171 1049 1
174 1049 -1
171 1050 1
175 1050 -1
171 1051 1
223 1051 -1
171 1052 1
275 1052 -1
172 1053 1
173 1053 -1
172 1054 1
174 1054 -1
172 1055 1
175 1055 -1
172 1056 1
176 1056 -1
172 1057 1
224 1057 -1
172 1058 1
276 1058 -1
173 1059 1
174 1059 -1
173 1060 1
175 1060 -1
173 1061 1
176 1061 -1
173 1062 1
177 1062 -1
173 1063 1
225 1063 -1
173 1064 1
277 1064 -1
174 1065 1
175 1065 -1
174 1066 1
176 1066 -1
174 1067 1
177 1067 -1
174 1068 1
178 1068 -1
174 1069 1
226 1069 -1
174 1070 1
278 1070 -1
175 1071 1
176 1071 -1
175 1072 1
177 1072 -1
175 1073 1
178 1073 -1
175 1074 1
179 1074 -1
175 1075 1
227 1075 -1
175 1076 1
279 1076 -1
176 1077 1
177 1077 -1
176 1078 1
178 1078 -1
176 1079 1
179 1079 -1
176 1080 1
180 1080 -1
176 1081 1
228 1081 -1
176 1082 1
280 1082 -1
177 1083 1
178 1083 -1
177 1084 1
179 1084 -1
177 1085 1
180 1085 -1
177 1086 1
181 1086 -1
177 1087 1
229 1087 -1
177 1088 1
281 1088 -1
178 1089 1
179 1089 -1
178 1090 1
180 1090 -1
178 1091 1
181 1091 -1
178 1092 1
182 1092 -1
178 1093 1
230 1093 -1
178 1094 1
282 1094 -1
179 1095 1
180 1095 -1
179 1096 1
181 1096 -1
179 1097 1
182 1097 -1
179 1098 1
183 1098 -1
179 1099 1
231 1099 -1
179 1100 1
283 1100 -1
180 1101 1
181 1101 -1
180 1102 1
182 1102 -1
180 1103 1
183 1103 -1
180 1104 1
184 1104 -1
180 1105 1
232 1105 -1
180 1106 1
284 1106 -1
181 1107 1
182 1107 -1
181 1108 1
183 1108 -1
181 1109 1
184 1109 -1
181 1110 1
185 1110 -1
181 1111 1
233 1111 -1
181 1112 1
285 1112 -1
182 1113 1
183 1113 -1
182 1114 1
184 1114 -1
182 1115 1
185 1115 -1
182 1116 1
186 1116 -1
182 1117 1
234 1117 -1
182 1118 1
286 1118 -1
183 1119 1
184 1119 -1
183 1120 1
185 1120 -1
183 1121 1
186 1121 -1
183 1122 1
187 1122 -1
183 1123 1
235 1123 -1
183 1124 1
287 1124 -1
184 1125 1
185 1125 -1
184 1126 1
186 1126 -1
184 1127 1
187 1127 -1
184 1128 1
188 1128 -1
184 1129 1
236 1129 -1
184 1130 1
288 1130 -1
185 1131 1
186 1131 -1
185 1132 1
187 1132 -1
185 1133 1
188 1133 -1
185 1134 1
189 1134 -1
185 1135 1
237 1135 -1
185 1136 1
289 1136 -1
186 1137 1
187 1137 -1
186 1138 1
188 1138 -1
186 1139 1
189 1139 -1
186 1140 1
190 1140 -1
186 1141 1
238 1141 -1
186 1142 1
290 1142 -1
187 1143 1
188 1143 -1
187 1144 1
189 1144 -1
187 1145 1
190 1145 -1
187 1146 1
191 1146 -1
187 1147 1
239 1147 -1
187 1148 1
291 1148 -1
188 1149 1
189 1149 -1
188 1150 1
190 1150 -1
188 1151 1
191 1151 -1
188 1152 1
192 1152 -1
188 1153 1
240 1153 -1
188 1154 1
292 1154 -1
189 1155 1
190 1155 -1
189 1156 1
191 1156 -1
189 1157 1
192 1157 -1
189 1158 1
193 1158 -1
189 1159 1
241 1159 -1
189 1160 1
293 1160 -1
190 1161 1
191 1161 -1
190 1162 1
192 1162 -1
190 1163 1
193 1163 -1
190 1164 1
194 1164 -1
190 1165 1
242 1165 -1
190 1166 1
294 1166 -1
191 1167 1
192 1167 -1
191 1168 1
193 1168 -1
191 1169 1
194 1169 -1
191 1170 1
195 1170 -1
191 1171 1
243 1171 -1
191 1172 1
295 1172 -1
192 1173 1
193 1173 -1
192 1174 1
194 1174 -1
192 1175 1
195 1175 -1
192 1176 1
196 1176 -1
192 1177 1
244 1177 -1
192 1178 1
296 1178 -1
193 1179 1
194 1179 -1
193 1180 1
195 1180 -1
193 1181 1
196 1181 -1
193 1182 1
197 1182 -1
193 1183 1
245 1183 -1
193 1184 1
297 1184 -1
194 1185 1
195 1185 -1
194 1186 1
196 1186 -1
194 1187 1
197 1187 -1
194 1188 1
198 1188 -1
194 1189 1
246 1189 -1
194 1190 1
298 1190 -1
195 1191 1
196 1191 -1
195 1192 1
197 1192 -1
195 1193 1
198 1193 -1
195 1194 1
199 1194 -1
195 1195 1
247 1195 -1
195 1196 1
299 1196 -1
196 1197 1
197 1197 -1
196 1198 1
198 1198 -1
196 1199 1
199 1199 -1
196 1200 1
200 1200 -1
196 1201 1
248 1201 -1
196 1202 1
300 1202 -1
197 1203 1
198 1203 -1
197 1204 1
199 1204 -1
197 1205 1
200 1205 -1
197 1206 1
201 1206 -1
197 1207 1
249 1207 -1
197 1208 1
301 1208 -1
198 1209 1
199 1209 -1
198 1210 1
200 1210 -1
198 1211 1
201 1211 -1
198 1212 1
202 1212 -1
198 1213 1
250 1213 -1
198 1214 1
302 1214 -1
199 1215 1
200 1215 -1
199 1216 1
201 1216 -1
199 1217 1
202 1217 -1
199 1218 1
203 1218 -1
199 1219 1
251 1219 -1
199 1220 1
303 1220 -1
200 1221 1
201 1221 -1
200 1222 1
202 1222 -1
200 1223 1
203 1223 -1
200 1224 1
204 1224 -1
200 1225 1
252 1225 -1
200 1226 1
304 1226 -1
201 1227 1
202 1227 -1
201 1228 1
203 1228 -1
201 1229 1
204 1229 -1
201 1230 1
205 1230 -1
201 1231 1
253 1231 -1
201 1232 1
305 1232 -1
202 1233 1
203 1233 -1
202 1234 1
204 1234 -1
202 1235 1
205 1235 -1
202 1236 1
206 1236 -1
202 1237 1
254 1237 -1
202 1238 1
306 1238 -1
203 1239 1
204 1239 -1
203 1240 1
205 1240 -1
203 1241 1
206 1241 -1
203 1242 1
207 1242 -1
203 1243 1
255 1243 -1
203 1244 1
307 1244 -1
204 1245 1
205 1245 -1
204 1246 1
206 1246 -1
204 1247 1
207 1247 -1
204 1248 1
208 1248 -1
204 1249 1
256 1249 -1
204 1250 1
308 1250 -1
205 1251 1
206 1251 -1
205 1252 1
207 1252 -1
205 1253 1
208 1253 -1
205 1254 1
416 1254 -1
1 1255 1
157 1255 -1
205 1256 1
257 1256 -1
205 1257 1
309 1257 -1
206 1258 1
207 1258 -1
206 1259 1
208 1259 -1
206 1260 1
416 1260 -1
1 1261 1
157 1261 -1
206 1262 1
416 1262 -1
1 1263 1
158 1263 -1
206 1264 1
258 1264 -1
206 1265 1
310 1265 -1
207 1266 1
208 1266 -1
207 1267 1
416 1267 -1
1 1268 1
157 1268 -1
207 1269 1
416 1269 -1
1 1270 1
158 1270 -1
207 1271 1
416 1271 -1
1 1272 1
159 1272 -1
207 1273 1
259 1273 -1
207 1274 1
311 1274 -1
208 1275 1
416 1275 -1
1 1276 1
157 1276 -1
208 1277 1
416 1277 -1
1 1278 1
158 1278 -1
208 1279 1
416 1279 -1
1 1280 1
159 1280 -1
208 1281 1
416 1281 -1
1 1282 1
160 1282 -1
208 1283 1
260 1283 -1
208 1284 1
312 1284 -1
209 1285 1
210 1285 -1
209 1286 1
211 1286 -1
209 1287 1
212 1287 -1
209 1288 1
213 1288 -1
209 1289 1
261 1289 -1
209 1290 1
313 1290 -1
210 1291 1
211 1291 -1
210 1292 1
212 1292 -1
210 1293 1
213 1293 -1
210 1294 1
214 1294 -1
210 1295 1
262 1295 -1
210 1296 1
314 1296 -1
211 1297 1
212 1297 -1
211 1298 1
213 1298 -1
211 1299 1
214 1299 -1
211 1300 1
215 1300 -1
211 1301 1
263 1301 -1
211 1302 1
315 1302 -1
212 1303 1
213 1303 -1
212 1304 1
214 1304 -1
212 1305 1
215 1305 -1
212 1306 1
216 1306 -1
212 1307 1
264 1307 -1
212 1308 1
316 1308 -1
213 1309 1
214 1309 -1
213 1310 1
215 1310 -1
213 1311 1
216 1311 -1
213 1312 1
217 1312 -1
213 1313 1
265 1313 -1
213 1314 1
317 1314 -1
214 1315 1
215 1315 -1
214 1316 1
216 1316 -1
214 1317 1
217 1317 -1
214 1318 1
218 1318 -1
214 1319 1
266 1319 -1
214 1320 1
318 1320 -1
215 1321 1
216 1321 -1
215 1322 1
217 1322 -1
215 1323 1
218 1323 -1
215 1324 1
219 1324 -1
215 1325 1
267 1325 -1
215 1326 1
319 1326 -1
216 1327 1
217 1327 -1
216 1328 1
218 1328 -1
216 1329 1
219 1329 -1
216 1330 1
220 1330 -1
216 1331 1
268 1331 -1
216 1332 1
320 1332 -1
217 1333 1
218 1333 -1
217 1334 1
219 1334 -1
217 1335 1
220 1335 -1
217 1336 1
221 1336 -1
217 1337 1
269 1337 -1
217 1338 1
321 1338 -1
218 1339 1
219 1339 -1
218 1340 1
220 1340 -1
218 1341 1
221 1341 -1
218 1342 1
222 1342 -1
218 1343 1
270 1343 -1
218 1344 1
322 1344 -1
219 1345 1
220 1345 -1
219 1346 1
221 1346 -1
219 1347 1
222 1347 -1
219 1348 1
223 1348 -1
219 1349 1
271 1349 -1
219 1350 1
323 1350 -1
220 1351 1
221 1351 -1
220 1352 1
222 1352 -1
220 1353 1
223 1353 -1
220 1354 1
224 1354 -1
220 1355 1
272 1355 -1
220 1356 1
324 1356 -1
221 1357 1
222 1357 -1
221 1358 1
223 1358 -1
221 1359 1
224 1359 -1
221 1360 1
225 1360 -1
221 1361 1
273 1361 -1
221 1362 1
325 1362 -1
222 1363 1
223 1363 -1
222 1364 1
224 1364 -1
222 1365 1
225 1365 -1
222 1366 1
226 1366 -1
222 1367 1
274 1367 -1
222 1368 1
326 1368 -1
223 1369 1
224 1369 -1
223 1370 1
225 1370 -1
223 1371 1
226 1371 -1
223 1372 1
227 1372 -1
223 1373 1
275 1373 -1
223 1374 1
327 1374 -1
224 1375 1
225 1375 -1
224 1376 1
226 1376 -1
224 1377 1
227 1377 -1
224 1378 1
228 1378 -1
224 1379 1
276 1379 -1
224 1380 1
328 1380 -1
225 1381 1
226 1381 -1
225 1382 1
227 1382 -1
225 1383 1
228 1383 -1
225 1384 1
229 1384 -1
225 1385 1
277 1385 -1
225 1386 1
329 1386 -1
226 1387 1
227 1387 -1
226 1388 1
228 1388 -1
226 1389 1
229 1389 -1
226 1390 1
230 1390 -1
226 1391 1
278 1391 -1
226 1392 1
330 1392 -1
227 1393 1
228 1393 -1
227 1394 1
229 1394 -1
227 1395 1
230 1395 -1
227 1396 1
231 1396 -1
227 1397 1
279 1397 -1
227 1398 1
331 1398 -1
228 1399 1
229 1399 -1
228 1400 1
230 1400 -1
228 1401 1
231 1401 -1
228 1402 1
232 1402 -1
228 1403 1
280 1403 -1
228 1404 1
332 1404 -1
229 1405 1
230 1405 -1
229 1406 1
231 1406 -1
229 1407 1
232 1407 -1
229 1408 1
233 1408 -1
229 1409 1
281 1409 -1
229 1410 1
333 1410 -1
230 1411 1
231 1411 -1
230 1412 1
232 1412 -1
230 1413 1
233 1413 -1
230 1414 1
234 1414 -1
230 1415 1
282 1415 -1
230 1416 1
334 1416 -1
231 1417 1
232 1417 -1
231 1418 1
233 1418 -1
231 1419 1
234 1419 -1
231 1420 1
235 1420 -1
231 1421 1
283 1421 -1
231 1422 1
335 1422 -1
232 1423 1
233 1423 -1
232 1424 1
234 1424 -1
232 1425 1
235 1425 -1
232 1426 1
236 1426 -1
232 1427 1
284 1427 -1
232 1428 1
336 1428 -1
233 1429 1
234 1429 -1
233 1430 1
235 1430 -1
233 1431 1
236 1431 -1
233 1432 1
237 1432 -1
233 1433 1
285 1433 -1
233 1434 1
337 1434 -1
234 1435 1
235 1435 -1
234 1436 1
236 1436 -1
234 1437 1
237 1437 -1
234 1438 1
238 1438 -1
234 1439 1
286 1439 -1
234 1440 1
338 1440 -1
235 1441 1
236 1441 -1
235 1442 1
237 1442 -1
235 1443 1
238 1443 -1
235 1444 1
239 1444 -1
235 1445 1
287 1445 -1
235 1446 1
339 1446 -1
236 1447 1
237 1447 -1
236 1448 1
238 1448 -1
236 1449 1
239 1449 -1
236 1450 1
240 1450 -1
236 1451 1
288 1451 -1
236 1452 1
340 1452 -1
237 1453 1
238 1453 -1
237 1454 1
239 1454 -1
237 1455 1
240 1455 -1
237 1456 1
241 1456 -1
237 1457 1
289 1457 -1
237 1458 1
341 1458 -1
238 1459 1
239 1459 -1
238 1460 1
240 1460 -1
238 1461 1
241 1461 -1
238 1462 1
242 1462 -1
238 1463 1
290 1463 -1
238 1464 1
342 1464 -1
239 1465 1
240 1465 -1
239 1466 1
241 1466 -1
239 1467 1
242 1467 -1
239 1468 1
243 1468 -1
239 1469 1
291 1469 -1
239 1470 1
343 1470 -1
240 1471 1
241 1471 -1
240 1472 1
242 1472 -1
240 1473 1
243 1473 -1
240 1474 1
244 1474 -1
240 1475 1
292 1475 -1
240 1476 1
344 1476 -1
241 1477 1
242 1477 -1
241 1478 1
243 1478 -1
241 1479 1
244 1479 -1
241 1480 1
245 1480 -1
241 1481 1
293 1481 -1
241 1482 1
345 1482 -1
242 1483 1
243 1483 -1
242 1484 1
244 1484 -1
242 1485 1
245 1485 -1
242 1486 1
246 1486 -1
242 1487 1
294 1487 -1
242 1488 1
346 1488 -1
243 1489 1
244 1489 -1
243 1490 1
245 1490 -1
243 1491 1
246 1491 -1
243 1492 1
247 1492 -1
243 1493 1
295 1493 -1
243 1494 1
347 1494 -1
244 1495 1
245 1495 -1
244 1496 1
246 1496 -1
244 1497 1
247 1497 -1
244 1498 1
248 1498 -1
244 1499 1
296 1499 -1
244 1500 1
348 1500 -1
245 1501 1
246 1501 -1
245 1502 1
247 1502 -1
245 1503 1
248 1503 -1
245 1504 1
249 1504 -1
245 1505 1
297 1505 -1
245 1506 1
349 1506 -1
246 1507 1
247 1507 -1
246 1508 1
248 1508 -1
246 1509 1
249 1509 -1
246 1510 1
250 1510 -1
246 1511 1
298 1511 -1
246 1512 1
350 1512 -1
247 1513 1
248 1513 -1
247 1514 1
249 1514 -1
247 1515 1
250 1515 -1
247 1516 1
251 1516 -1
247 1517 1
299 1517 -1
247 1518 1
351 1518 -1
248 1519 1
249 1519 -1
248 1520 1
250 1520 -1
248 1521 1
251 1521 -1
248 1522 1
252 1522 -1
248 1523 1
300 1523 -1
248 1524 1
352 1524 -1
249 1525 1
250 1525 -1
249 1526 1
251 1526 -1
249 1527 1
252 1527 -1
249 1528 1
253 1528 -1
249 1529 1
301 1529 -1
249 1530 1
353 1530 -1
250 1531 1
251 1531 -1
250 1532 1
252 1532 -1
250 1533 1
253 1533 -1
250 1534 1
254 1534 -1
250 1535 1
302 1535 -1
250 1536 1
354 1536 -1
251 1537 1
252 1537 -1
251 1538 1
253 1538 -1
251 1539 1
254 1539 -1
251 1540 1
255 1540 -1
251 1541 1
303 1541 -1
251 1542 1
355 1542 -1
252 1543 1
253 1543 -1
252 1544 1
254 1544 -1
252 1545 1
255 1545 -1
252 1546 1
256 1546 -1
252 1547 1
304 1547 -1
252 1548 1
356 1548 -1
253 1549 1
254 1549 -1
253 1550 1
255 1550 -1
253 1551 1
256 1551 -1
253 1552 1
257 1552 -1
253 1553 1
305 1553 -1
253 1554 1
357 1554 -1
254 1555 1
255 1555 -1
254 1556 1
256 1556 -1
254 1557 1
257 1557 -1
254 1558 1
258 1558 -1
254 1559 1
306 1559 -1
254 1560 1
358 1560 -1
255 1561 1
256 1561 -1
255 1562 1
257 1562 -1
255 1563 1
258 1563 -1
255 1564 1
259 1564 -1
255 1565 1
307 1565 -1
255 1566 1
359 1566 -1
256 1567 1
257 1567 -1
256 1568 1
258 1568 -1
256 1569 1
259 1569 -1
256 1570 1
260 1570 -1
256 1571 1
308 1571 -1
256 1572 1
360 1572 -1
257 1573 1
258 1573 -1
257 1574 1
259 1574 -1
257 1575 1
260 1575 -1
257 1576 1
416 1576 -1
1 1577 1
209 1577 -1
257 1578 1
309 1578 -1
257 1579 1
361 1579 -1
258 1580 1
259 1580 -1
258 1581 1
260 1581 -1
258 1582 1
416 1582 -1
1 1583 1
209 1583 -1
258 1584 1
416 1584 -1
1 1585 1
210 1585 -1
258 1586 1
310 1586 -1
258 1587 1
362 1587 -1
259 1588 1
260 1588 -1
259 1589 1
416 1589 -1
1 1590 1
209 1590 -1
259 1591 1
416 1591 -1
1 1592 1
210 1592 -1
259 1593 1
416 1593 -1
1 1594 1
211 1594 -1
259 1595 1
311 1595 -1
259 1596 1
363 1596 -1
260 1597 1
416 1597 -1
1 1598 1
209 1598 -1
260 1599 1
416 1599 -1
1 1600 1
210 1600 -1
260 1601 1
416 1601 -1
1 1602 1
211 1602 -1
260 1603 1
416 1603 -1
1 1604 1
212 1604 -1
260 1605 1
312 1605 -1
260 1606 1
364 1606 -1
261 1607 1
262 1607 -1
261 1608 1
263 1608 -1
261 1609 1
264 1609 -1
261 1610 1
265 1610 -1
261 1611 1
313 1611 -1
261 1612 1
365 1612 -1
262 1613 1
263 1613 -1
262 1614 1
264 1614 -1
262 1615 1
265 1615 -1
262 1616 1
266 1616 -1
262 1617 1
314 1617 -1
262 1618 1
366 1618 -1
263 1619 1
264 1619 -1
263 1620 1
265 1620 -1
263 1621 1
266 1621 -1
263 1622 1
267 1622 -1
263 1623 1
315 1623 -1
263 1624 1
367 1624 -1
264 1625 1
265 1625 -1
264 1626 1
266 1626 -1
264 1627 1
267 1627 -1
264 1628 1
268 1628 -1
264 1629 1
316 1629 -1
264 1630 1
368 1630 -1
265 1631 1
266 1631 -1
265 1632 1
267 1632 -1
265 1633 1
268 1633 -1
265 1634 1
269 1634 -1
265 1635 1
317 1635 -1
265 1636 1
369 1636 -1
266 1637 1
267 1637 -1
266 1638 1
268 1638 -1
266 1639 1
269 1639 -1
266 1640 1
270 1640 -1
266 1641 1
318 1641 -1
266 1642 1
370 1642 -1
267 1643 1
268 1643 -1
267 1644 1
269 1644 -1
267 1645 1
270 1645 -1
267 1646 1
271 1646 -1
267 1647 1
319 1647 -1
267 1648 1
371 1648 -1
268 1649 1
269 1649 -1
268 1650 1
270 1650 -1
268 1651 1
271 1651 -1
268 1652 1
272 1652 -1
268 1653 1
320 1653 -1
268 1654 1
372 1654 -1
269 1655 1
270 1655 -1
269 1656 1
271 1656 -1
269 1657 1
272 1657 -1
269 1658 1
273 1658 -1
269 1659 1
321 1659 -1
269 1660 1
373 1660 -1
270 1661 1
271 1661 -1
270 1662 1
272 1662 -1
270 1663 1
273 1663 -1
270 1664 1
274 1664 -1
270 1665 1
322 1665 -1
270 1666 1
374 1666 -1
271 1667 1
272 1667 -1
271 1668 1
273 1668 -1
271 1669 1
274 1669 -1
271 1670 1
275 1670 -1
271 1671 1
323 1671 -1
271 1672 1
375 1672 -1
272 1673 1
273 1673 -1
272 1674 1
274 1674 -1
272 1675 1
275 1675 -1
272 1676 1
276 1676 -1
272 1677 1
324 1677 -1
272 1678 1
376 1678 -1
273 1679 1
274 1679 -1
273 1680 1
275 1680 -1
273 1681 1
276 1681 -1
273 1682 1
277 1682 -1
273 1683 1
325 1683 -1
273 1684 1
377 1684 -1
274 1685 1
275 1685 -1
274 1686 1
276 1686 -1
274 1687 1
277 1687 -1
274 1688 1
278 1688 -1
274 1689 1
326 1689 -1
274 1690 1
378 1690 -1
275 1691 1
276 1691 -1
275 1692 1
277 1692 -1
275 1693 1
278 1693 -1
275 1694 1
279 1694 -1
275 1695 1
327 1695 -1
275 1696 1
379 1696 -1
276 1697 1
277 1697 -1
276 1698 1
278 1698 -1
276 1699 1
279 1699 -1
276 1700 1
280 1700 -1
276 1701 1
328 1701 -1
276 1702 1
380 1702 -1
277 1703 1
278 1703 -1
277 1704 1
279 1704 -1
277 1705 1
280 1705 -1
277 1706 1
281 1706 -1
277 1707 1
329 1707 -1
277 1708 1
381 1708 -1
278 1709 1
279 1709 -1
278 1710 1
280 1710 -1
278 1711 1
281 1711 -1
278 1712 1
282 1712 -1
278 1713 1
330 1713 -1
278 1714 1
382 1714 -1
279 1715 1
280 1715 -1
279 1716 1
281 1716 -1
279 1717 1
282 1717 -1
279 1718 1
283 1718 -1
279 1719 1
331 1719 -1
279 1720 1
383 1720 -1
280 1721 1
281 1721 -1
280 1722 1
282 1722 -1
280 1723 1
283 1723 -1
280 1724 1
284 1724 -1
280 1725 1
332 1725 -1
280 1726 1
384 1726 -1
281 1727 1
282 1727 -1
281 1728 1
283 1728 -1
281 1729 1
284 1729 -1
281 1730 1
285 1730 -1
281 1731 1
333 1731 -1
281 1732 1
385 1732 -1
282 1733 1
283 1733 -1
282 1734 1
284 1734 -1
282 1735 1
285 1735 -1
282 1736 1
286 1736 -1
282 1737 1
334 1737 -1
282 1738 1
386 1738 -1
283 1739 1
284 1739 -1
283 1740 1
285 1740 -1
283 1741 1
286 1741 -1
283 1742 1
287 1742 -1
283 1743 1
335 1743 -1
283 1744 1
387 1744 -1
284 1745 1
285 1745 -1
284 1746 1
286 1746 -1
284 1747 1
287 1747 -1
284 1748 1
288 1748 -1
284 1749 1
336 1749 -1
284 1750 1
388 1750 -1
285 1751 1
286 1751 -1
285 1752 1
287 1752 -1
285 1753 1
288 1753 -1
285 1754 1
289 1754 -1
285 1755 1
337 1755 -1
285 1756 1
389 1756 -1
286 1757 1
287 1757 -1
286 1758 1
288 1758 -1
286 1759 1
289 1759 -1
286 1760 1
290 1760 -1
286 1761 1
338 1761 -1
286 1762 1
390 1762 -1
287 1763 1
288 1763 -1
287 1764 1
289 1764 -1
287 1765 1
290 1765 -1
287 1766 1
291 1766 -1
287 1767 1
339 1767 -1
287 1768 1
391 1768 -1
288 1769 1
289 1769 -1
288 1770 1
290 1770 -1
288 1771 1
291 1771 -1
288 1772 1
292 1772 -1
288 1773 1
340 1773 -1
288 1774 1
392 1774 -1
289 1775 1
290 1775 -1
289 1776 1
291 1776 -1
289 1777 1
292 1777 -1
289 1778 1
293 1778 -1
289 1779 1
341 1779 -1
289 1780 1
393 1780 -1
290 1781 1
291 1781 -1
290 1782 1
292 1782 -1
290 1783 1
293 1783 -1
290 1784 1
294 1784 -1
290 1785 1
342 1785 -1
290 1786 1
394 1786 -1
291 1787 1
292 1787 -1
291 1788 1
293 1788 -1
291 1789 1
294 1789 -1
291 1790 1
295 1790 -1
291 1791 1
343 1791 -1
291 1792 1
395 1792 -1
292 1793 1
293 1793 -1
292 1794 1
294 1794 -1
292 1795 1
295 1795 -1
292 1796 1
296 1796 -1
292 1797 1
344 1797 -1
292 1798 1
396 1798 -1
293 1799 1
294 1799 -1
293 1800 1
295 1800 -1
293 1801 1
296 1801 -1
293 1802 1
297 1802 -1
293 1803 1
345 1803 -1
293 1804 1
397 1804 -1
294 1805 1
295 1805 -1
294 1806 1
296 1806 -1
294 1807 1
297 1807 -1
294 1808 1
298 1808 -1
294 1809 1
346 1809 -1
294 1810 1
398 1810 -1
295 1811 1
296 1811 -1
295 1812 1
297 1812 -1
295 1813 1
298 1813 -1
295 1814 1
299 1814 -1
295 1815 1
347 1815 -1
295 1816 1
399 1816 -1
296 1817 1
297 1817 -1
296 1818 1
298 1818 -1
296 1819 1
299 1819 -1
296 1820 1
300 1820 -1
296 1821 1
348 1821 -1
296 1822 1
400 1822 -1
297 1823 1
298 1823 -1
297 1824 1
299 1824 -1
297 1825 1
300 1825 -1
297 1826 1
301 1826 -1
297 1827 1
349 1827 -1
297 1828 1
401 1828 -1
298 1829 1
299 1829 -1
298 1830 1
300 1830 -1
298 1831 1
301 1831 -1
298 1832 1
302 1832 -1
298 1833 1
350 1833 -1
298 1834 1
402 1834 -1
299 1835 1
300 1835 -1
299 1836 1
301 1836 -1
299 1837 1
302 1837 -1
299 1838 1
303 1838 -1
299 1839 1
351 1839 -1
299 1840 1
403 1840 -1
300 1841 1
301 1841 -1
300 1842 1
302 1842 -1
300 1843 1
303 1843 -1
300 1844 1
304 1844 -1
300 1845 1
352 1845 -1
300 1846 1
404 1846 -1
301 1847 1
302 1847 -1
301 1848 1
303 1848 -1
301 1849 1
304 1849 -1
301 1850 1
305 1850 -1
301 1851 1
353 1851 -1
301 1852 1
405 1852 -1
302 1853 1
303 1853 -1
302 1854 1
304 1854 -1
302 1855 1
305 1855 -1
302 1856 1
306 1856 -1
302 1857 1
354 1857 -1
302 1858 1
406 1858 -1
303 1859 1
304 1859 -1
303 1860 1
305 1860 -1
303 1861 1
306 1861 -1
303 1862 1
307 1862 -1
303 1863 1
355 1863 -1
303 1864 1
407 1864 -1
304 1865 1
305 1865 -1
304 1866 1
306 1866 -1
304 1867 1
307 1867 -1
304 1868 1
308 1868 -1
304 1869 1
356 1869 -1
304 1870 1
408 1870 -1
305 1871 1
306 1871 -1
305 1872 1
307 1872 -1
305 1873 1
308 1873 -1
305 1874 1
309 1874 -1
305 1875 1
357 1875 -1
305 1876 1
409 1876 -1
306 1877 1
307 1877 -1
306 1878 1
308 1878 -1
306 1879 1
309 1879 -1
306 1880 1
310 1880 -1
306 1881 1
358 1881 -1
306 1882 1
410 1882 -1
307 1883 1
308 1883 -1
307 1884 1
309 1884 -1
307 1885 1
310 1885 -1
307 1886 1
311 1886 -1
307 1887 1
359 1887 -1
307 1888 1
411 1888 -1
308 1889 1
309 1889 -1
308 1890 1
310 1890 -1
308 1891 1
311 1891 -1
308 1892 1
312 1892 -1
308 1893 1
360 1893 -1
308 1894 1
412 1894 -1
309 1895 1
310 1895 -1
309 1896 1
311 1896 -1
309 1897 1
312 1897 -1
309 1898 1
416 1898 -1
1 1899 1
261 1899 -1
309 1900 1
361 1900 -1
309 1901 1
413 1901 -1
310 1902 1
311 1902 -1
310 1903 1
312 1903 -1
310 1904 1
416 1904 -1
1 1905 1
261 1905 -1
310 1906 1
416 1906 -1
1 1907 1
262 1907 -1
310 1908 1
362 1908 -1
310 1909 1
414 1909 -1
311 1910 1
312 1910 -1
311 1911 1
416 1911 -1
1 1912 1
261 1912 -1
311 1913 1
416 1913 -1
1 1914 1
262 1914 -1
311 1915 1
416 1915 -1
1 1916 1
263 1916 -1
311 1917 1
363 1917 -1
311 1918 1
415 1918 -1
312 1919 1
416 1919 -1
1 1920 1
261 1920 -1
312 1921 1
416 1921 -1
1 1922 1
262 1922 -1
312 1923 1
416 1923 -1
1 1924 1
263 1924 -1
312 1925 1
416 1925 -1
1 1926 1
264 1926 -1
312 1927 1
364 1927 -1
312 1928 1
416 1928 -1
313 1929 1
314 1929 -1
313 1930 1
315 1930 -1
313 1931 1
316 1931 -1
313 1932 1
317 1932 -1
313 1933 1
365 1933 -1
313 1934 1
1 1934 -1
314 1935 1
315 1935 -1
314 1936 1
316 1936 -1
314 1937 1
317 1937 -1
314 1938 1
318 1938 -1
314 1939 1
366 1939 -1
314 1940 1
2 1940 -1
315 1941 1
316 1941 -1
315 1942 1
317 1942 -1
315 1943 1
318 1943 -1
315 1944 1
319 1944 -1
315 1945 1
367 1945 -1
315 1946 1
3 1946 -1
316 1947 1
317 1947 -1
316 1948 1
318 1948 -1
316 1949 1
319 1949 -1
316 1950 1
320 1950 -1
316 1951 1
368 1951 -1
316 1952 1
4 1952 -1
317 1953 1
318 1953 -1
317 1954 1
319 1954 -1
317 1955 1
320 1955 -1
317 1956 1
321 1956 -1
317 1957 1
369 1957 -1
317 1958 1
5 1958 -1
318 1959 1
319 1959 -1
318 1960 1
320 1960 -1
318 1961 1
321 1961 -1
318 1962 1
322 1962 -1
318 1963 1
370 1963 -1
318 1964 1
6 1964 -1
319 1965 1
320 1965 -1
319 1966 1
321 1966 -1
319 1967 1
322 1967 -1
319 1968 1
323 1968 -1
319 1969 1
371 1969 -1
319 1970 1
7 1970 -1
320 1971 1
321 1971 -1
320 1972 1
322 1972 -1
320 1973 1
323 1973 -1
320 1974 1
324 1974 -1
320 1975 1
372 1975 -1
320 1976 1
8 1976 -1
321 1977 1
322 1977 -1
321 1978 1
323 1978 -1
321 1979 1
324 1979 -1
321 1980 1
325 1980 -1
321 1981 1
373 1981 -1
321 1982 1
9 1982 -1
322 1983 1
323 1983 -1
322 1984 1
324 1984 -1
322 1985 1
325 1985 -1
322 1986 1
326 1986 -1
322 1987 1
374 1987 -1
322 1988 1
10 1988 -1
323 1989 1
324 1989 -1
323 1990 1
325 1990 -1
323 1991 1
326 1991 -1
323 1992 1
327 1992 -1
323 1993 1
375 1993 -1
323 1994 1
11 1994 -1
324 1995 1
325 1995 -1
324 1996 1
326 1996 -1
324 1997 1
327 1997 -1
324 1998 1
328 1998 -1
324 1999 1
376 1999 -1
324 2000 1
12 2000 -1
325 2001 1
326 2001 -1
325 2002 1
327 2002 -1
325 2003 1
328 2003 -1
325 2004 1
329 2004 -1
325 2005 1
377 2005 -1
325 2006 1
13 2006 -1
326 2007 1
327 2007 -1
326 2008 1
328 2008 -1
326 2009 1
329 2009 -1
326 2010 1
330 2010 -1
326 2011 1
378 2011 -1
326 2012 1
14 2012 -1
327 2013 1
328 2013 -1
327 2014 1
329 2014 -1
327 2015 1
330 2015 -1
327 2016 1
331 2016 -1
327 2017 1
379 2017 -1
327 2018 1
15 2018 -1
328 2019 1
329 2019 -1
328 2020 1
330 2020 -1
328 2021 1
331 2021 -1
328 2022 1
332 2022 -1
328 2023 1
380 2023 -1
328 2024 1
16 2024 -1
329 2025 1
330 2025 -1
329 2026 1
331 2026 -1
329 2027 1
332 2027 -1
329 2028 1
333 2028 -1
329 2029 1
381 2029 -1
329 2030 1
17 2030 -1
330 2031 1
331 2031 -1
330 2032 1
332 2032 -1
330 2033 1
333 2033 -1
330 2034 1
334 2034 -1
330 2035 1
382 2035 -1
330 2036 1
18 2036 -1
331 2037 1
332 2037 -1
331 2038 1
333 2038 -1
331 2039 1
334 2039 -1
331 2040 1
335 2040 -1
331 2041 1
383 2041 -1
331 2042 1
19 2042 -1
332 2043 1
333 2043 -1
332 2044 1
334 2044 -1
332 2045 1
335 2045 -1
332 2046 1
336 2046 -1
332 2047 1
384 2047 -1
332 2048 1
20 2048 -1
333 2049 1
334 2049 -1
333 2050 1
335 2050 -1
333 2051 1
336 2051 -1
333 2052 1
337 2052 -1
333 2053 1
385 2053 -1
333 2054 1
21 2054 -1
334 2055 1
335 2055 -1
334 2056 1
336 2056 -1
334 2057 1
337 2057 -1
334 2058 1
338 2058 -1
334 2059 1
386 2059 -1
334 2060 1
22 2060 -1
335 2061 1
336 2061 -1
335 2062 1
337 2062 -1
335 2063 1
338 2063 -1
335 2064 1
339 2064 -1
335 2065 1
387 2065 -1
335 2066 1
23 2066 -1
336 2067 1
337 2067 -1
336 2068 1
338 2068 -1
336 2069 1
339 2069 -1
336 2070 1
340 2070 -1
336 2071 1
388 2071 -1
336 2072 1
24 2072 -1
337 2073 1
338 2073 -1
337 2074 1
339 2074 -1
337 2075 1
340 2075 -1
337 2076 1
341 2076 -1
337 2077 1
389 2077 -1
337 2078 1
25 2078 -1
338 2079 1
339 2079 -1
338 2080 1
340 2080 -1
338 2081 1
341 2081 -1
338 2082 1
342 2082 -1
338 2083 1
390 2083 -1
338 2084 1
26 2084 -1
339 2085 1
340 2085 -1
339 2086 1
341 2086 -1
339 2087 1
342 2087 -1
339 2088 1
343 2088 -1
339 2089 1
391 2089 -1
339 2090 1
27 2090 -1
340 2091 1
341 2091 -1
340 2092 1
342 2092 -1
340 2093 1
343 2093 -1
340 2094 1
344 2094 -1
340 2095 1
392 2095 -1
340 2096 1
28 2096 -1
341 2097 1
342 2097 -1
341 2098 1
343 2098 -1
341 2099 1
344 2099 -1
341 2100 1
345 2100 -1
341 2101 1
393 2101 -1
341 2102 1
29 2102 -1
342 2103 1
343 2103 -1
342 2104 1
344 2104 -1
342 2105 1
345 2105 -1
342 2106 1
346 2106 -1
342 2107 1
394 2107 -1
342 2108 1
30 2108 -1
343 2109 1
344 2109 -1
343 2110 1
345 2110 -1
343 2111 1
346 2111 -1
343 2112 1
347 2112 -1
343 2113 1
395 2113 -1
343 2114 1
31 2114 -1
344 2115 1
345 2115 -1
344 2116 1
346 2116 -1
344 2117 1
347 2117 -1
344 2118 1
348 2118 -1
344 2119 1
396 2119 -1
344 2120 1
32 2120 -1
345 2121 1
346 2121 -1
345 2122 1
347 2122 -1
345 2123 1
348 2123 -1
345 2124 1
349 2124 -1
345 2125 1
397 2125 -1
345 2126 1
33 2126 -1
346 2127 1
347 2127 -1
346 2128 1
348 2128 -1
346 2129 1
349 2129 -1
346 2130 1
350 2130 -1
346 2131 1
398 2131 -1
346 2132 1
34 2132 -1
347 2133 1
348 2133 -1
347 2134 1
349 2134 -1
347 2135 1
350 2135 -1
347 2136 1
351 2136 -1
347 2137 1
399 2137 -1
347 2138 1
35 2138 -1
348 2139 1
349 2139 -1
348 2140 1
350 2140 -1
348 2141 1
351 2141 -1
348 2142 1
352 2142 -1
348 2143 1
400 2143 -1
348 2144 1
36 2144 -1
349 2145 1
350 2145 -1
349 2146 1
351 2146 -1
349 2147 1
352 2147 -1
349 2148 1
353 2148 -1
349 2149 1
401 2149 -1
349 2150 1
37 2150 -1
350 2151 1
351 2151 -1
350 2152 1
352 2152 -1
350 2153 1
353 2153 -1
350 2154 1
354 2154 -1
350 2155 1
402 2155 -1
350 2156 1
38 2156 -1
351 2157 1
352 2157 -1
351 2158 1
353 2158 -1
351 2159 1
354 2159 -1
351 2160 1
355 2160 -1
351 2161 1
403 2161 -1
351 2162 1
39 2162 -1
352 2163 1
353 2163 -1
352 2164 1
354 2164 -1
352 2165 1
355 2165 -1
352 2166 1
356 2166 -1
352 2167 1
404 2167 -1
352 2168 1
40 2168 -1
353 2169 1
354 2169 -1
353 2170 1
355 2170 -1
353 2171 1
356 2171 -1
353 2172 1
357 2172 -1
353 2173 1
405 2173 -1
353 2174 1
41 2174 -1
354 2175 1
355 2175 -1
354 2176 1
356 2176 -1
354 2177 1
357 2177 -1
354 2178 1
358 2178 -1
354 2179 1
406 2179 -1
354 2180 1
42 2180 -1
355 2181 1
356 2181 -1
355 2182 1
357 2182 -1
355 2183 1
358 2183 -1
355 2184 1
359 2184 -1
355 2185 1
407 2185 -1
355 2186 1
43 2186 -1
356 2187 1
357 2187 -1
356 2188 1
358 2188 -1
356 2189 1
359 2189 -1
356 2190 1
360 2190 -1
356 2191 1
408 2191 -1
356 2192 1
44 2192 -1
357 2193 1
358 2193 -1
357 2194 1
359 2194 -1
357 2195 1
360 2195 -1
357 2196 1
361 2196 -1
357 2197 1
409 2197 -1
357 2198 1
45 2198 -1
358 2199 1
359 2199 -1
358 2200 1
360 2200 -1
358 2201 1
361 2201 -1
358 2202 1
362 2202 -1
358 2203 1
410 2203 -1
358 2204 1
46 2204 -1
359 2205 1
360 2205 -1
359 2206 1
361 2206 -1
359 2207 1
362 2207 -1
359 2208 1
363 2208 -1
359 2209 1
411 2209 -1
359 2210 1
47 2210 -1
360 2211 1
361 2211 -1
360 2212 1
362 2212 -1
360 2213 1
363 2213 -1
360 2214 1
364 2214 -1
360 2215 1
412 2215 -1
360 2216 1
48 2216 -1
361 2217 1
362 2217 -1
361 2218 1
363 2218 -1
361 2219 1
364 2219 -1
361 2220 1
416 2220 -1
1 2221 1
313 2221 -1
361 2222 1
413 2222 -1
361 2223 1
49 2223 -1
362 2224 1
363 2224 -1
362 2225 1
364 2225 -1
362 2226 1
416 2226 -1
1 2227 1
313 2227 -1
362 2228 1
416 2228 -1
1 2229 1
314 2229 -1
362 2230 1
414 2230 -1
362 2231 1
50 2231 -1
363 2232 1
364 2232 -1
363 2233 1
416 2233 -1
1 2234 1
313 2234 -1
363 2235 1
416 2235 -1
1 2236 1
314 2236 -1
363 2237 1
416 2237 -1
1 2238 1
315 2238 -1
363 2239 1
415 2239 -1
363 2240 1
51 2240 -1
364 2241 1
416 2241 -1
1 2242 1
313 2242 -1
364 2243 1
416 2243 -1
1 2244 1
314 2244 -1
364 2245 1
416 2245 -1
1 2246 1
315 2246 -1
364 2247 1
416 2247 -1
1 2248 1
316 2248 -1
364 2249 1
416 2249 -1
364 2250 1
52 2250 -1
365 2251 1
366 2251 -1
365 2252 1
367 2252 -1
365 2253 1
368 2253 -1
365 2254 1
369 2254 -1
365 2255 1
1 2255 -1
365 2256 1
53 2256 -1
366 2257 1
367 2257 -1
366 2258 1
368 2258 -1
366 2259 1
369 2259 -1
366 2260 1
370 2260 -1
366 2261 1
2 2261 -1
366 2262 1
54 2262 -1
367 2263 1
368 2263 -1
367 2264 1
369 2264 -1
367 2265 1
370 2265 -1
367 2266 1
371 2266 -1
367 2267 1
3 2267 -1
367 2268 1
55 2268 -1
368 2269 1
369 2269 -1
368 2270 1
370 2270 -1
368 2271 1
371 2271 -1
368 2272 1
372 2272 -1
368 2273 1
4 2273 -1
368 2274 1
56 2274 -1
369 2275 1
370 2275 -1
369 2276 1
371 2276 -1
369 2277 1
372 2277 -1
369 2278 1
373 2278 -1
369 2279 1
5 2279 -1
369 2280 1
57 2280 -1
370 2281 1
371 2281 -1
370 2282 1
372 2282 -1
370 2283 1
373 2283 -1
370 2284 1
374 2284 -1
370 2285 1
6 2285 -1
370 2286 1
58 2286 -1
371 2287 1
372 2287 -1
371 2288 1
373 2288 -1
371 2289 1
374 2289 -1
371 2290 1
375 2290 -1
371 2291 1
7 2291 -1
371 2292 1
59 2292 -1
372 2293 1
373 2293 -1
372 2294 1
374 2294 -1
372 2295 1
375 2295 -1
372 2296 1
376 2296 -1
372 2297 1
8 2297 -1
372 2298 1
60 2298 -1
373 2299 1
374 2299 -1
373 2300 1
375 2300 -1
373 2301 1
376 2301 -1
373 2302 1
377 2302 -1
373 2303 1
9 2303 -1
373 2304 1
61 2304 -1
374 2305 1
375 2305 -1
374 2306 1
376 2306 -1
374 2307 1
377 2307 -1
374 2308 1
378 2308 -1
374 2309 1
10 2309 -1
374 2310 1
62 2310 -1
375 2311 1
376 2311 -1
375 2312 1
377 2312 -1
375 2313 1
378 2313 -1
375 2314 1
379 2314 -1
375 2315 1
11 2315 -1
375 2316 1
63 2316 -1
376 2317 1
377 2317 -1
376 2318 1
378 2318 -1
376 2319 1
379 2319 -1
376 2320 1
380 2320 -1
376 2321 1
12 2321 -1
376 2322 1
64 2322 -1
377 2323 1
378 2323 -1
377 2324 1
379 2324 -1
377 2325 1
380 2325 -1
377 2326 1
381 2326 -1
377 2327 1
13 2327 -1
377 2328 1
65 2328 -1
378 2329 1
379 2329 -1
378 2330 1
380 2330 -1
378 2331 1
381 2331 -1
378 2332 1
382 2332 -1
378 2333 1
14 2333 -1
378 2334 1
66 2334 -1
379 2335 1
380 2335 -1
379 2336 1
381 2336 -1
379 2337 1
382 2337 -1
379 2338 1
383 2338 -1
379 2339 1
15 2339 -1
379 2340 1
67 2340 -1
380 2341 1
381 2341 -1
380 2342 1
382 2342 -1
380 2343 1
383 2343 -1
380 2344 1
384 2344 -1
380 2345 1
16 2345 -1
380 2346 1
68 2346 -1
381 2347 1
382 2347 -1
381 2348 1
383 2348 -1
381 2349 1
384 2349 -1
381 2350 1
385 2350 -1
381 2351 1
17 2351 -1
381 2352 1
69 2352 -1
382 2353 1
383 2353 -1
382 2354 1
384 2354 -1
382 2355 1
385 2355 -1
382 2356 1
386 2356 -1
382 2357 1
18 2357 -1
382 2358 1
70 2358 -1
383 2359 1
384 2359 -1
383 2360 1
385 2360 -1
383 2361 1
386 2361 -1
383 2362 1
387 2362 -1
383 2363 1
19 2363 -1
383 2364 1
71 2364 -1
384 2365 1
385 2365 -1
384 2366 1
386 2366 -1
384 2367 1
387 2367 -1
384 2368 1
388 2368 -1
384 2369 1
20 2369 -1
384 2370 1
72 2370 -1
385 2371 1
386 2371 -1
385 2372 1
387 2372 -1
385 2373 1
388 2373 -1
385 2374 1
389 2374 -1
385 2375 1
21 2375 -1
385 2376 1
73 2376 -1
386 2377 1
387 2377 -1
386 2378 1
388 2378 -1
386 2379 1
389 2379 -1
386 2380 1
390 2380 -1
386 2381 1
22 2381 -1
386 2382 1
74 2382 -1
387 2383 1
388 2383 -1
387 2384 1
389 2384 -1
387 2385 1
390 2385 -1
387 2386 1
391 2386 -1
387 2387 1
23 2387 -1
387 2388 1
75 2388 -1
388 2389 1
389 2389 -1
388 2390 1
390 2390 -1
388 2391 1
391 2391 -1
388 2392 1
392 2392 -1
388 2393 1
24 2393 -1
388 2394 1
76 2394 -1
389 2395 1
390 2395 -1
389 2396 1
391 2396 -1
389 2397 1
392 2397 -1
389 2398 1
393 2398 -1
389 2399 1
25 2399 -1
389 2400 1
77 2400 -1
390 2401 1
391 2401 -1
390 2402 1
392 2402 -1
390 2403 1
393 2403 -1
390 2404 1
394 2404 -1
390 2405 1
26 2405 -1
390 2406 1
78 2406 -1
391 2407 1
392 2407 -1
391 2408 1
393 2408 -1
391 2409 1
394 2409 -1
391 2410 1
395 2410 -1
391 2411 1
27 2411 -1
391 2412 1
79 2412 -1
392 2413 1
393 2413 -1
392 2414 1
394 2414 -1
392 2415 1
395 2415 -1
392 2416 1
396 2416 -1
392 2417 1
28 2417 -1
392 2418 1
80 2418 -1
393 2419 1
394 2419 -1
393 2420 1
395 2420 -1
393 2421 1
396 2421 -1
393 2422 1
397 2422 -1
393 2423 1
29 2423 -1
393 2424 1
81 2424 -1
394 2425 1
395 2425 -1
394 2426 1
396 2426 -1
394 2427 1
397 2427 -1
394 2428 1
398 2428 -1
394 2429 1
30 2429 -1
394 2430 1
82 2430 -1
395 2431 1
396 2431 -1
395 2432 1
397 2432 -1
395 2433 1
398 2433 -1
395 2434 1
399 2434 -1
395 2435 1
31 2435 -1
395 2436 1
83 2436 -1
396 2437 1
397 2437 -1
396 2438 1
398 2438 -1
396 2439 1
399 2439 -1
396 2440 1
400 2440 -1
396 2441 1
32 2441 -1
396 2442 1
84 2442 -1
397 2443 1
398 2443 -1
397 2444 1
399 2444 -1
397 2445 1
400 2445 -1
397 2446 1
401 2446 -1
397 2447 1
33 2447 -1
397 2448 1
85 2448 -1
398 2449 1
399 2449 -1
398 2450 1
400 2450 -1
398 2451 1
401 2451 -1
398 2452 1
402 2452 -1
398 2453 1
34 2453 -1
398 2454 1
86 2454 -1
399 2455 1
400 2455 -1
399 2456 1
401 2456 -1
399 2457 1
402 2457 -1
399 2458 1
403 2458 -1
399 2459 1
35 2459 -1
399 2460 1
87 2460 -1
400 2461 1
401 2461 -1
400 2462 1
402 2462 -1
400 2463 1
403 2463 -1
400 2464 1
404 2464 -1
400 2465 1
36 2465 -1
400 2466 1
88 2466 -1
401 2467 1
402 2467 -1
401 2468 1
403 2468 -1
401 2469 1
404 2469 -1
401 2470 1
405 2470 -1
401 2471 1
37 2471 -1
401 2472 1
89 2472 -1
402 2473 1
403 2473 -1
402 2474 1
404 2474 -1
402 2475 1
405 2475 -1
402 2476 1
406 2476 -1
402 2477 1
38 2477 -1
402 2478 1
90 2478 -1
403 2479 1
404 2479 -1
403 2480 1
405 2480 -1
403 2481 1
406 2481 -1
403 2482 1
407 2482 -1
403 2483 1
39 2483 -1
403 2484 1
91 2484 -1
404 2485 1
405 2485 -1
404 2486 1
406 2486 -1
404 2487 1
407 2487 -1
404 2488 1
408 2488 -1
404 2489 1
40 2489 -1
404 2490 1
92 2490 -1
405 2491 1
406 2491 -1
405 2492 1
407 2492 -1
405 2493 1
408 2493 -1
405 2494 1
409 2494 -1
405 2495 1
41 2495 -1
405 2496 1
93 2496 -1
406 2497 1
407 2497 -1
406 2498 1
408 2498 -1
406 2499 1
409 2499 -1
406 2500 1
410 2500 -1
406 2501 1
42 2501 -1
406 2502 1
94 2502 -1
407 2503 1
408 2503 -1
407 2504 1
409 2504 -1
407 2505 1
410 2505 -1
407 2506 1
411 2506 -1
407 2507 1
43 2507 -1
407 2508 1
95 2508 -1
408 2509 1
409 2509 -1
408 2510 1
410 2510 -1
408 2511 1
411 2511 -1
408 2512 1
412 2512 -1
408 2513 1
44 2513 -1
408 2514 1
96 2514 -1
409 2515 1
410 2515 -1
409 2516 1
411 2516 -1
409 2517 1
412 2517 -1
409 2518 1
413 2518 -1
409 2519 1
45 2519 -1
409 2520 1
97 2520 -1
410 2521 1
411 2521 -1
410 2522 1
412 2522 -1
410 2523 1
413 2523 -1
410 2524 1
414 2524 -1
410 2525 1
46 2525 -1
410 2526 1
98 2526 -1
411 2527 1
412 2527 -1
411 2528 1
413 2528 -1
411 2529 1
414 2529 -1
411 2530 1
415 2530 -1
411 2531 1
47 2531 -1
411 2532 1
99 2532 -1
412 2533 1
413 2533 -1
412 2534 1
414 2534 -1
412 2535 1
415 2535 -1
412 2536 1
416 2536 -1
412 2537 1
48 2537 -1
412 2538 1
100 2538 -1
413 2539 1
414 2539 -1
413 2540 1
415 2540 -1
413 2541 1
416 2541 -1
413 2542 1
416 2542 -1
1 2543 1
365 2543 -1
413 2544 1
49 2544 -1
413 2545 1
101 2545 -1
414 2546 1
415 2546 -1
414 2547 1
416 2547 -1
414 2548 1
416 2548 -1
1 2549 1
365 2549 -1
414 2550 1
416 2550 -1
1 2551 1
366 2551 -1
414 2552 1
50 2552 -1
414 2553 1
102 2553 -1
415 2554 1
416 2554 -1
415 2555 1
416 2555 -1
1 2556 1
365 2556 -1
415 2557 1
416 2557 -1
1 2558 1
366 2558 -1
415 2559 1
416 2559 -1
1 2560 1
367 2560 -1
415 2561 1
51 2561 -1
415 2562 1
103 2562 -1
1 2563 1
365 2563 -1
1 2564 1
366 2564 -1
1 2565 1
367 2565 -1
1 2566 1
368 2566 -1
416 2567 1
52 2567 -1
416 2568 1
104 2568 -1
1 2569 1
417 2569 -1
421 2570 1
416 2570 -1
417 2571 1
418 2571 -1
418 2572 1
419 2572 -1
419 2573 1
420 2573 -1
420 2574 1
421 2574 -1
419 2575 1
29 2575 -1
417 2576 1
46 2576 -1
417 2577 1
387 2577 -1
417 2578 1
396 2578 -1
417 2579 1
58 2579 -1
417 2580 1
408 2580 -1
419 2581 1
234 2581 -1
417 2582 1
199 2582 -1
417 2583 1
371 2583 -1
417 2584 1
216 2584 -1
417 2585 1
255 2585 -1
1 2586 1
53 2586 -1
53 2587 1
105 2587 -1
105 2588 1
157 2588 -1
157 2589 1
209 2589 -1
209 2590 1
261 2590 -1
261 2591 1
313 2591 -1
313 2592 1
365 2592 -1
365 2593 1
2 2593 -1
2 2594 1
54 2594 -1
54 2595 1
106 2595 -1
106 2596 1
158 2596 -1
158 2597 1
210 2597 -1
210 2598 1
262 2598 -1
262 2599 1
314 2599 -1
314 2600 1
366 2600 -1
366 2601 1
3 2601 -1
3 2602 1
55 2602 -1
55 2603 1
107 2603 -1
107 2604 1
159 2604 -1
159 2605 1
211 2605 -1
211 2606 1
263 2606 -1
263 2607 1
315 2607 -1
315 2608 1
367 2608 -1
367 2609 1
4 2609 -1
4 2610 1
56 2610 -1
56 2611 1
108 2611 -1
108 2612 1
160 2612 -1
160 2613 1
212 2613 -1
212 2614 1
264 2614 -1
264 2615 1
316 2615 -1
316 2616 1
368 2616 -1
368 2617 1
5 2617 -1
5 2618 1
57 2618 -1
57 2619 1
109 2619 -1
109 2620 1
161 2620 -1
161 2621 1
213 2621 -1
213 2622 1
265 2622 -1
265 2623 1
317 2623 -1
317 2624 1
369 2624 -1
369 2625 1
6 2625 -1
6 2626 1
58 2626 -1
58 2627 1
110 2627 -1
110 2628 1
162 2628 -1
162 2629 1
214 2629 -1
214 2630 1
266 2630 -1
266 2631 1
318 2631 -1
318 2632 1
370 2632 -1
370 2633 1
7 2633 -1
7 2634 1
59 2634 -1
59 2635 1
111 2635 -1
111 2636 1
163 2636 -1
163 2637 1
215 2637 -1
215 2638 1
267 2638 -1
267 2639 1
319 2639 -1
319 2640 1
371 2640 -1
371 2641 1
8 2641 -1
8 2642 1
60 2642 -1
60 2643 1
112 2643 -1
112 2644 1
164 2644 -1
164 2645 1
216 2645 -1
216 2646 1
268 2646 -1
268 2647 1
320 2647 -1
320 2648 1
372 2648 -1
372 2649 1
9 2649 -1
9 2650 1
61 2650 -1
61 2651 1
113 2651 -1
113 2652 1
165 2652 -1
165 2653 1
217 2653 -1
217 2654 1
269 2654 -1
269 2655 1
321 2655 -1
321 2656 1
373 2656 -1
373 2657 1
10 2657 -1
10 2658 1
62 2658 -1
62 2659 1
114 2659 -1
114 2660 1
166 2660 -1
166 2661 1
218 2661 -1
218 2662 1
270 2662 -1
270 2663 1
322 2663 -1
322 2664 1
374 2664 -1
374 2665 1
11 2665 -1
11 2666 1
63 2666 -1
63 2667 1
115 2667 -1
115 2668 1
167 2668 -1
167 2669 1
219 2669 -1
219 2670 1
271 2670 -1
271 2671 1
323 2671 -1
323 2672 1
375 2672 -1
375 2673 1
12 2673 -1
12 2674 1
64 2674 -1
64 2675 1
116 2675 -1
116 2676 1
168 2676 -1
168 2677 1
220 2677 -1
220 2678 1
272 2678 -1
272 2679 1
324 2679 -1
324 2680 1
376 2680 -1
376 2681 1
13 2681 -1
13 2682 1
65 2682 -1
65 2683 1
117 2683 -1
117 2684 1
169 2684 -1
169 2685 1
221 2685 -1
221 2686 1
273 2686 -1
273 2687 1
325 2687 -1
325 2688 1
377 2688 -1
377 2689 1
14 2689 -1
14 2690 1
66 2690 -1
66 2691 1
118 2691 -1
118 2692 1
170 2692 -1
170 2693 1
222 2693 -1
222 2694 1
274 2694 -1
274 2695 1
326 2695 -1
326 2696 1
378 2696 -1
378 2697 1
15 2697 -1
15 2698 1
67 2698 -1
67 2699 1
119 2699 -1
119 2700 1
171 2700 -1
171 2701 1
223 2701 -1
223 2702 1
275 2702 -1
275 2703 1
327 2703 -1
327 2704 1
379 2704 -1
379 2705 1
16 2705 -1
16 2706 1
68 2706 -1
68 2707 1
120 2707 -1
120 2708 1
172 2708 -1
172 2709 1
224 2709 -1
224 2710 1
276 2710 -1
276 2711 1
328 2711 -1
328 2712 1
380 2712 -1
380 2713 1
17 2713 -1
17 2714 1
69 2714 -1
69 2715 1
121 2715 -1
121 2716 1
173 2716 -1
173 2717 1
225 2717 -1
225 2718 1
277 2718 -1
277 2719 1
329 2719 -1
329 2720 1
381 2720 -1
381 2721 1
18 2721 -1
18 2722 1
70 2722 -1
70 2723 1
122 2723 -1
122 2724 1
174 2724 -1
174 2725 1
226 2725 -1
226 2726 1
278 2726 -1
278 2727 1
330 2727 -1
330 2728 1
382 2728 -1
382 2729 1
19 2729 -1
19 2730 1
71 2730 -1
71 2731 1
123 2731 -1
123 2732 1
175 2732 -1
175 2733 1
227 2733 -1
227 2734 1
279 2734 -1
279 2735 1
331 2735 -1
331 2736 1
383 2736 -1
383 2737 1
20 2737 -1
20 2738 1
72 2738 -1
72 2739 1
124 2739 -1
124 2740 1
176 2740 -1
176 2741 1
228 2741 -1
228 2742 1
280 2742 -1
280 2743 1
332 2743 -1
332 2744 1
384 2744 -1
384 2745 1
21 2745 -1
21 2746 1
73 2746 -1
73 2747 1
125 2747 -1
125 2748 1
177 2748 -1
177 2749 1
229 2749 -1
229 2750 1
281 2750 -1
281 2751 1
333 2751 -1
333 2752 1
385 2752 -1
385 2753 1
22 2753 -1
22 2754 1
74 2754 -1
74 2755 1
126 2755 -1
126 2756 1
178 2756 -1
178 2757 1
230 2757 -1
230 2758 1
282 2758 -1
282 2759 1
334 2759 -1
334 2760 1
386 2760 -1
386 2761 1
23 2761 -1
23 2762 1
75 2762 -1
75 2763 1
127 2763 -1
127 2764 1
179 2764 -1
179 2765 1
231 2765 -1
231 2766 1
283 2766 -1
283 2767 1
335 2767 -1
335 2768 1
387 2768 -1
387 2769 1
24 2769 -1
24 2770 1
76 2770 -1
76 2771 1
128 2771 -1
128 2772 1
180 2772 -1
180 2773 1
232 2773 -1
232 2774 1
284 2774 -1
284 2775 1
336 2775 -1
336 2776 1
388 2776 -1
388 2777 1
25 2777 -1
25 2778 1
77 2778 -1
77 2779 1
129 2779 -1
129 2780 1
181 2780 -1
181 2781 1
233 2781 -1
233 2782 1
285 2782 -1
285 2783 1
337 2783 -1
337 2784 1
389 2784 -1
389 2785 1
26 2785 -1
26 2786 1
78 2786 -1
78 2787 1
130 2787 -1
130 2788 1
182 2788 -1
182 2789 1
234 2789 -1
234 2790 1
286 2790 -1
286 2791 1
338 2791 -1
338 2792 1
390 2792 -1
390 2793 1
27 2793 -1
27 2794 1
79 2794 -1
79 2795 1
131 2795 -1
131 2796 1
183 2796 -1
183 2797 1
235 2797 -1
235 2798 1
287 2798 -1
287 2799 1
339 2799 -1
339 2800 1
391 2800 -1
391 2801 1
28 2801 -1
28 2802 1
80 2802 -1
80 2803 1
132 2803 -1
132 2804 1
184 2804 -1
184 2805 1
236 2805 -1
236 2806 1
288 2806 -1
288 2807 1
340 2807 -1
340 2808 1
392 2808 -1
392 2809 1
29 2809 -1
29 2810 1
81 2810 -1
81 2811 1
133 2811 -1
133 2812 1
185 2812 -1
185 2813 1
237 2813 -1
237 2814 1
289 2814 -1
289 2815 1
341 2815 -1
341 2816 1
393 2816 -1
393 2817 1
30 2817 -1
30 2818 1
82 2818 -1
82 2819 1
134 2819 -1
134 2820 1
186 2820 -1
186 2821 1
238 2821 -1
238 2822 1
290 2822 -1
290 2823 1
342 2823 -1
342 2824 1
394 2824 -1
394 2825 1
31 2825 -1
31 2826 1
83 2826 -1
83 2827 1
135 2827 -1
135 2828 1
187 2828 -1
187 2829 1
239 2829 -1
239 2830 1
291 2830 -1
291 2831 1
343 2831 -1
343 2832 1
395 2832 -1
395 2833 1
32 2833 -1
32 2834 1
84 2834 -1
84 2835 1
136 2835 -1
136 2836 1
188 2836 -1
188 2837 1
240 2837 -1
240 2838 1
292 2838 -1
292 2839 1
344 2839 -1
344 2840 1
396 2840 -1
396 2841 1
33 2841 -1
33 2842 1
85 2842 -1
85 2843 1
137 2843 -1
137 2844 1
189 2844 -1
189 2845 1
241 2845 -1
241 2846 1
293 2846 -1
293 2847 1
345 2847 -1
345 2848 1
397 2848 -1
397 2849 1
34 2849 -1
34 2850 1
86 2850 -1
86 2851 1
138 2851 -1
138 2852 1
190 2852 -1
190 2853 1
242 2853 -1
242 2854 1
294 2854 -1
294 2855 1
346 2855 -1
346 2856 1
398 2856 -1
398 2857 1
35 2857 -1
35 2858 1
87 2858 -1
87 2859 1
139 2859 -1
139 2860 1
191 2860 -1
191 2861 1
243 2861 -1
243 2862 1
295 2862 -1
295 2863 1
347 2863 -1
347 2864 1
399 2864 -1
399 2865 1
36 2865 -1
36 2866 1
88 2866 -1
88 2867 1
140 2867 -1
140 2868 1
192 2868 -1
192 2869 1
244 2869 -1
244 2870 1
296 2870 -1
296 2871 1
348 2871 -1
348 2872 1
400 2872 -1
400 2873 1
37 2873 -1
37 2874 1
89 2874 -1
89 2875 1
141 2875 -1
141 2876 1
193 2876 -1
193 2877 1
245 2877 -1
245 2878 1
297 2878 -1
297 2879 1
349 2879 -1
349 2880 1
401 2880 -1
401 2881 1
38 2881 -1
38 2882 1
90 2882 -1
90 2883 1
142 2883 -1
142 2884 1
194 2884 -1
194 2885 1
246 2885 -1
246 2886 1
298 2886 -1
298 2887 1
350 2887 -1
350 2888 1
402 2888 -1
402 2889 1
39 2889 -1
39 2890 1
91 2890 -1
91 2891 1
143 2891 -1
143 2892 1
195 2892 -1
195 2893 1
247 2893 -1
247 2894 1
299 2894 -1
299 2895 1
351 2895 -1
351 2896 1
403 2896 -1
403 2897 1
40 2897 -1
40 2898 1
92 2898 -1
92 2899 1
144 2899 -1
144 2900 1
196 2900 -1
196 2901 1
248 2901 -1
248 2902 1
300 2902 -1
300 2903 1
352 2903 -1
352 2904 1
404 2904 -1
404 2905 1
41 2905 -1
41 2906 1
93 2906 -1
93 2907 1
145 2907 -1
145 2908 1
197 2908 -1
197 2909 1
249 2909 -1
249 2910 1
301 2910 -1
301 2911 1
353 2911 -1
353 2912 1
405 2912 -1
405 2913 1
42 2913 -1
42 2914 1
94 2914 -1
94 2915 1
146 2915 -1
146 2916 1
198 2916 -1
198 2917 1
250 2917 -1
250 2918 1
302 2918 -1
302 2919 1
354 2919 -1
354 2920 1
406 2920 -1
406 2921 1
43 2921 -1
43 2922 1
95 2922 -1
95 2923 1
147 2923 -1
147 2924 1
199 2924 -1
199 2925 1
251 2925 -1
251 2926 1
303 2926 -1
303 2927 1
355 2927 -1
355 2928 1
407 2928 -1
407 2929 1
44 2929 -1
44 2930 1
96 2930 -1
96 2931 1
148 2931 -1
148 2932 1
200 2932 -1
200 2933 1
252 2933 -1
252 2934 1
304 2934 -1
304 2935 1
356 2935 -1
356 2936 1
408 2936 -1
408 2937 1
45 2937 -1
45 2938 1
97 2938 -1
97 2939 1
149 2939 -1
149 2940 1
201 2940 -1
201 2941 1
253 2941 -1
253 2942 1
305 2942 -1
305 2943 1
357 2943 -1
357 2944 1
409 2944 -1
409 2945 1
46 2945 -1
46 2946 1
98 2946 -1
98 2947 1
150 2947 -1
150 2948 1
202 2948 -1
202 2949 1
254 2949 -1
254 2950 1
306 2950 -1
306 2951 1
358 2951 -1
358 2952 1
410 2952 -1
410 2953 1
47 2953 -1
47 2954 1
99 2954 -1
99 2955 1
151 2955 -1
151 2956 1
203 2956 -1
203 2957 1
255 2957 -1
255 2958 1
307 2958 -1
307 2959 1
359 2959 -1
359 2960 1
411 2960 -1
411 2961 1
48 2961 -1
48 2962 1
100 2962 -1
100 2963 1
152 2963 -1
152 2964 1
204 2964 -1
204 2965 1
256 2965 -1
256 2966 1
308 2966 -1
308 2967 1
360 2967 -1
360 2968 1
412 2968 -1
412 2969 1
49 2969 -1
49 2970 1
101 2970 -1
101 2971 1
153 2971 -1
153 2972 1
205 2972 -1
205 2973 1
257 2973 -1
257 2974 1
309 2974 -1
309 2975 1
361 2975 -1
361 2976 1
413 2976 -1
413 2977 1
50 2977 -1
50 2978 1
102 2978 -1
102 2979 1
154 2979 -1
154 2980 1
206 2980 -1
206 2981 1
258 2981 -1
258 2982 1
310 2982 -1
310 2983 1
362 2983 -1
362 2984 1
414 2984 -1
414 2985 1
51 2985 -1
51 2986 1
103 2986 -1
103 2987 1
155 2987 -1
155 2988 1
207 2988 -1
207 2989 1
259 2989 -1
259 2990 1
311 2990 -1
311 2991 1
363 2991 -1
363 2992 1
415 2992 -1
415 2993 1
52 2993 -1
52 2994 1
104 2994 -1
104 2995 1
156 2995 -1
156 2996 1
208 2996 -1
208 2997 1
260 2997 -1
260 2998 1
312 2998 -1
312 2999 1
364 2999 -1
364 3000 1
416 3000 -1
