1 1 1
2 1 -1
1 2 1
3 2 -1
1 3 1
4 3 -1
1 4 1
5 4 -1
1 5 1
6 5 -1
1 6 1
7 6 -1
1 7 1
8 7 -1
1 8 1
9 8 -1
1 9 1
10 9 -1
1 10 1
11 10 -1
1 11 1
12 11 -1
1 12 1
13 12 -1
1 13 1
14 13 -1
1 14 1
15 14 -1
1 15 1
26 15 -1
1 16 1
51 16 -1
1 17 1
76 17 -1
1 18 1
101 18 -1
2 19 1
3 19 -1
2 20 1
4 20 -1
2 21 1
5 21 -1
2 22 1
6 22 -1
2 23 1
7 23 -1
2 24 1
8 24 -1
2 25 1
9 25 -1
2 26 1
10 26 -1
2 27 1
11 27 -1
2 28 1
12 28 -1
2 29 1
13 29 -1
2 30 1
14 30 -1
2 31 1
15 31 -1
2 32 1
16 32 -1
2 33 1
27 33 -1
2 34 1
52 34 -1
2 35 1
77 35 -1
2 36 1
102 36 -1
3 37 1
4 37 -1
3 38 1
5 38 -1
3 39 1
6 39 -1
3 40 1
7 40 -1
3 41 1
8 41 -1
3 42 1
9 42 -1
3 43 1
10 43 -1
3 44 1
11 44 -1
3 45 1
12 45 -1
3 46 1
13 46 -1
3 47 1
14 47 -1
3 48 1
15 48 -1
3 49 1
16 49 -1
3 50 1
17 50 -1
3 51 1
28 51 -1
3 52 1
53 52 -1
3 53 1
78 53 -1
3 54 1
103 54 -1
4 55 1
5 55 -1
4 56 1
6 56 -1
4 57 1
7 57 -1
4 58 1
8 58 -1
4 59 1
9 59 -1
4 60 1
10 60 -1
4 61 1
11 61 -1
4 62 1
12 62 -1
4 63 1
13 63 -1
4 64 1
14 64 -1
4 65 1
15 65 -1
4 66 1
16 66 -1
4 67 1
17 67 -1
4 68 1
18 68 -1
4 69 1
29 69 -1
4 70 1
54 70 -1
4 71 1
79 71 -1
4 72 1
104 72 -1
5 73 1
6 73 -1
5 74 1
7 74 -1
5 75 1
8 75 -1
5 76 1
9 76 -1
5 77 1
10 77 -1
5 78 1
11 78 -1
5 79 1
12 79 -1
5 80 1
13 80 -1
5 81 1
14 81 -1
5 82 1
15 82 -1
5 83 1
16 83 -1
5 84 1
17 84 -1
5 85 1
18 85 -1
5 86 1
19 86 -1
5 87 1
30 87 -1
5 88 1
55 88 -1
5 89 1
80 89 -1
5 90 1
105 90 -1
6 91 1
7 91 -1
6 92 1
8 92 -1
6 93 1
9 93 -1
6 94 1
10 94 -1
6 95 1
11 95 -1
6 96 1
12 96 -1
6 97 1
13 97 -1
6 98 1
14 98 -1
6 99 1
15 99 -1
6 100 1
16 100 -1
6 101 1
17 101 -1
6 102 1
18 102 -1
6 103 1
19 103 -1
6 104 1
20 104 -1
6 105 1
31 105 -1
6 106 1
56 106 -1
6 107 1
81 107 -1
6 108 1
106 108 -1
7 109 1
8 109 -1
7 110 1
9 110 -1
7 111 1
10 111 -1
7 112 1
11 112 -1
7 113 1
12 113 -1
7 114 1
13 114 -1
7 115 1
14 115 -1
7 116 1
15 116 -1
7 117 1
16 117 -1
7 118 1
17 118 -1
7 119 1
18 119 -1
7 120 1
19 120 -1
7 121 1
20 121 -1
7 122 1
21 122 -1
7 123 1
32 123 -1
7 124 1
57 124 -1
7 125 1
82 125 -1
7 126 1
107 126 -1
8 127 1
9 127 -1
8 128 1
10 128 -1
8 129 1
11 129 -1
8 130 1
12 130 -1
8 131 1
13 131 -1
8 132 1
14 132 -1
8 133 1
15 133 -1
8 134 1
16 134 -1
8 135 1
17 135 -1
8 136 1
18 136 -1
8 137 1
19 137 -1
8 138 1
20 138 -1
8 139 1
21 139 -1
8 140 1
22 140 -1
8 141 1
33 141 -1
8 142 1
58 142 -1
8 143 1
83 143 -1
8 144 1
108 144 -1
9 145 1
10 145 -1
9 146 1
11 146 -1
9 147 1
12 147 -1
9 148 1
13 148 -1
9 149 1
14 149 -1
9 150 1
15 150 -1
9 151 1
16 151 -1
9 152 1
17 152 -1
9 153 1
18 153 -1
9 154 1
19 154 -1
9 155 1
20 155 -1
9 156 1
21 156 -1
9 157 1
22 157 -1
9 158 1
23 158 -1
9 159 1
34 159 -1
9 160 1
59 160 -1
9 161 1
84 161 -1
9 162 1
109 162 -1
10 163 1
11 163 -1
10 164 1
12 164 -1
10 165 1
13 165 -1
10 166 1
14 166 -1
10 167 1
15 167 -1
10 168 1
16 168 -1
10 169 1
17 169 -1
10 170 1
18 170 -1
10 171 1
19 171 -1
10 172 1
20 172 -1
10 173 1
21 173 -1
10 174 1
22 174 -1
10 175 1
23 175 -1
10 176 1
24 176 -1
10 177 1
35 177 -1
10 178 1
60 178 -1
10 179 1
85 179 -1
10 180 1
110 180 -1
11 181 1
12 181 -1
11 182 1
13 182 -1
11 183 1
14 183 -1
11 184 1
15 184 -1
11 185 1
16 185 -1
11 186 1
17 186 -1
11 187 1
18 187 -1
11 188 1
19 188 -1
11 189 1
20 189 -1
11 190 1
21 190 -1
11 191 1
22 191 -1
11 192 1
23 192 -1
11 193 1
24 193 -1
11 194 1
25 194 -1
11 195 1
36 195 -1
11 196 1
61 196 -1
11 197 1
86 197 -1
11 198 1
111 198 -1
12 199 1
13 199 -1
12 200 1
14 200 -1
12 201 1
15 201 -1
12 202 1
16 202 -1
12 203 1
17 203 -1
12 204 1
18 204 -1
12 205 1
19 205 -1
12 206 1
20 206 -1
12 207 1
21 207 -1
12 208 1
22 208 -1
12 209 1
23 209 -1
12 210 1
24 210 -1
12 211 1
25 211 -1
12 212 1
125 212 -1
12 213 1
37 213 -1
12 214 1
62 214 -1
12 215 1
87 215 -1
12 216 1
112 216 -1
13 217 1
14 217 -1
13 218 1
15 218 -1
13 219 1
16 219 -1
13 220 1
17 220 -1
13 221 1
18 221 -1
13 222 1
19 222 -1
13 223 1
20 223 -1
13 224 1
21 224 -1
13 225 1
22 225 -1
13 226 1
23 226 -1
13 227 1
24 227 -1
13 228 1
25 228 -1
13 229 1
125 229 -1
13 230 1
125 230 -1
1 231 1
2 231 -1
13 232 1
38 232 -1
13 233 1
63 233 -1
13 234 1
88 234 -1
13 235 1
113 235 -1
14 236 1
15 236 -1
14 237 1
16 237 -1
14 238 1
17 238 -1
14 239 1
18 239 -1
14 240 1
19 240 -1
14 241 1
20 241 -1
14 242 1
21 242 -1
14 243 1
22 243 -1
14 244 1
23 244 -1
14 245 1
24 245 -1
14 246 1
25 246 -1
14 247 1
125 247 -1
14 248 1
125 248 -1
1 249 1
2 249 -1
14 250 1
125 250 -1
1 251 1
3 251 -1
14 252 1
39 252 -1
14 253 1
64 253 -1
14 254 1
89 254 -1
14 255 1
114 255 -1
15 256 1
16 256 -1
15 257 1
17 257 -1
15 258 1
18 258 -1
15 259 1
19 259 -1
15 260 1
20 260 -1
15 261 1
21 261 -1
15 262 1
22 262 -1
15 263 1
23 263 -1
15 264 1
24 264 -1
15 265 1
25 265 -1
15 266 1
125 266 -1
15 267 1
125 267 -1
1 268 1
2 268 -1
15 269 1
125 269 -1
1 270 1
3 270 -1
15 271 1
125 271 -1
1 272 1
4 272 -1
15 273 1
40 273 -1
15 274 1
65 274 -1
15 275 1
90 275 -1
15 276 1
115 276 -1
16 277 1
17 277 -1
16 278 1
18 278 -1
16 279 1
19 279 -1
16 280 1
20 280 -1
16 281 1
21 281 -1
16 282 1
22 282 -1
16 283 1
23 283 -1
16 284 1
24 284 -1
16 285 1
25 285 -1
16 286 1
125 286 -1
16 287 1
125 287 -1
1 288 1
2 288 -1
16 289 1
125 289 -1
1 290 1
3 290 -1
16 291 1
125 291 -1
1 292 1
4 292 -1
16 293 1
125 293 -1
1 294 1
5 294 -1
16 295 1
41 295 -1
16 296 1
66 296 -1
16 297 1
91 297 -1
16 298 1
116 298 -1
17 299 1
18 299 -1
17 300 1
19 300 -1
17 301 1
20 301 -1
17 302 1
21 302 -1
17 303 1
22 303 -1
17 304 1
23 304 -1
17 305 1
24 305 -1
17 306 1
25 306 -1
17 307 1
125 307 -1
17 308 1
125 308 -1
1 309 1
2 309 -1
17 310 1
125 310 -1
1 311 1
3 311 -1
17 312 1
125 312 -1
1 313 1
4 313 -1
17 314 1
125 314 -1
1 315 1
5 315 -1
17 316 1
125 316 -1
1 317 1
6 317 -1
17 318 1
42 318 -1
17 319 1
67 319 -1
17 320 1
92 320 -1
17 321 1
117 321 -1
18 322 1
19 322 -1
18 323 1
20 323 -1
18 324 1
21 324 -1
18 325 1
22 325 -1
18 326 1
23 326 -1
18 327 1
24 327 -1
18 328 1
25 328 -1
18 329 1
125 329 -1
18 330 1
125 330 -1
1 331 1
2 331 -1
18 332 1
125 332 -1
1 333 1
3 333 -1
18 334 1
125 334 -1
1 335 1
4 335 -1
18 336 1
125 336 -1
1 337 1
5 337 -1
18 338 1
125 338 -1
1 339 1
6 339 -1
18 340 1
125 340 -1
1 341 1
7 341 -1
18 342 1
43 342 -1
18 343 1
68 343 -1
18 344 1
93 344 -1
18 345 1
118 345 -1
19 346 1
20 346 -1
19 347 1
21 347 -1
19 348 1
22 348 -1
19 349 1
23 349 -1
19 350 1
24 350 -1
19 351 1
25 351 -1
19 352 1
125 352 -1
19 353 1
125 353 -1
1 354 1
2 354 -1
19 355 1
125 355 -1
1 356 1
3 356 -1
19 357 1
125 357 -1
1 358 1
4 358 -1
19 359 1
125 359 -1
1 360 1
5 360 -1
19 361 1
125 361 -1
1 362 1
6 362 -1
19 363 1
125 363 -1
1 364 1
7 364 -1
19 365 1
125 365 -1
1 366 1
8 366 -1
19 367 1
44 367 -1
19 368 1
69 368 -1
19 369 1
94 369 -1
19 370 1
119 370 -1
20 371 1
21 371 -1
20 372 1
22 372 -1
20 373 1
23 373 -1
20 374 1
24 374 -1
20 375 1
25 375 -1
20 376 1
125 376 -1
20 377 1
125 377 -1
1 378 1
2 378 -1
20 379 1
125 379 -1
1 380 1
3 380 -1
20 381 1
125 381 -1
1 382 1
4 382 -1
20 383 1
125 383 -1
1 384 1
5 384 -1
20 385 1
125 385 -1
1 386 1
6 386 -1
20 387 1
125 387 -1
1 388 1
7 388 -1
20 389 1
125 389 -1
1 390 1
8 390 -1
20 391 1
125 391 -1
1 392 1
9 392 -1
20 393 1
45 393 -1
20 394 1
70 394 -1
20 395 1
95 395 -1
20 396 1
120 396 -1
21 397 1
22 397 -1
21 398 1
23 398 -1
21 399 1
24 399 -1
21 400 1
25 400 -1
21 401 1
125 401 -1
21 402 1
125 402 -1
1 403 1
2 403 -1
21 404 1
125 404 -1
1 405 1
3 405 -1
21 406 1
125 406 -1
1 407 1
4 407 -1
21 408 1
125 408 -1
1 409 1
5 409 -1
21 410 1
125 410 -1
1 411 1
6 411 -1
21 412 1
125 412 -1
1 413 1
7 413 -1
21 414 1
125 414 -1
1 415 1
8 415 -1
21 416 1
125 416 -1
1 417 1
9 417 -1
21 418 1
125 418 -1
1 419 1
10 419 -1
21 420 1
46 420 -1
21 421 1
71 421 -1
21 422 1
96 422 -1
21 423 1
121 423 -1
22 424 1
23 424 -1
22 425 1
24 425 -1
22 426 1
25 426 -1
22 427 1
125 427 -1
22 428 1
125 428 -1
1 429 1
2 429 -1
22 430 1
125 430 -1
1 431 1
3 431 -1
22 432 1
125 432 -1
1 433 1
4 433 -1
22 434 1
125 434 -1
1 435 1
5 435 -1
22 436 1
125 436 -1
1 437 1
6 437 -1
22 438 1
125 438 -1
1 439 1
7 439 -1
22 440 1
125 440 -1
1 441 1
8 441 -1
22 442 1
125 442 -1
1 443 1
9 443 -1
22 444 1
125 444 -1
1 445 1
10 445 -1
22 446 1
125 446 -1
1 447 1
11 447 -1
22 448 1
47 448 -1
22 449 1
72 449 -1
22 450 1
97 450 -1
22 451 1
122 451 -1
23 452 1
24 452 -1
23 453 1
25 453 -1
23 454 1
125 454 -1
23 455 1
125 455 -1
1 456 1
2 456 -1
23 457 1
125 457 -1
1 458 1
3 458 -1
23 459 1
125 459 -1
1 460 1
4 460 -1
23 461 1
125 461 -1
1 462 1
5 462 -1
23 463 1
125 463 -1
1 464 1
6 464 -1
23 465 1
125 465 -1
1 466 1
7 466 -1
23 467 1
125 467 -1
1 468 1
8 468 -1
23 469 1
125 469 -1
1 470 1
9 470 -1
23 471 1
125 471 -1
1 472 1
10 472 -1
23 473 1
125 473 -1
1 474 1
11 474 -1
23 475 1
125 475 -1
1 476 1
12 476 -1
23 477 1
48 477 -1
23 478 1
73 478 -1
23 479 1
98 479 -1
23 480 1
123 480 -1
24 481 1
25 481 -1
24 482 1
125 482 -1
24 483 1
125 483 -1
1 484 1
2 484 -1
24 485 1
125 485 -1
1 486 1
3 486 -1
24 487 1
125 487 -1
1 488 1
4 488 -1
24 489 1
125 489 -1
1 490 1
5 490 -1
24 491 1
125 491 -1
1 492 1
6 492 -1
24 493 1
125 493 -1
1 494 1
7 494 -1
24 495 1
125 495 -1
1 496 1
8 496 -1
24 497 1
125 497 -1
1 498 1
9 498 -1
24 499 1
125 499 -1
1 500 1
10 500 -1
24 501 1
125 501 -1
1 502 1
11 502 -1
24 503 1
125 503 -1
1 504 1
12 504 -1
24 505 1
125 505 -1
1 506 1
13 506 -1
24 507 1
49 507 -1
24 508 1
74 508 -1
24 509 1
99 509 -1
24 510 1
124 510 -1
25 511 1
125 511 -1
25 512 1
125 512 -1
1 513 1
2 513 -1
25 514 1
125 514 -1
1 515 1
3 515 -1
25 516 1
125 516 -1
1 517 1
4 517 -1
25 518 1
125 518 -1
1 519 1
5 519 -1
25 520 1
125 520 -1
1 521 1
6 521 -1
25 522 1
125 522 -1
1 523 1
7 523 -1
25 524 1
125 524 -1
1 525 1
8 525 -1
25 526 1
125 526 -1
1 527 1
9 527 -1
25 528 1
125 528 -1
1 529 1
10 529 -1
25 530 1
125 530 -1
1 531 1
11 531 -1
25 532 1
125 532 -1
1 533 1
12 533 -1
25 534 1
125 534 -1
1 535 1
13 535 -1
25 536 1
125 536 -1
1 537 1
14 537 -1
25 538 1
50 538 -1
25 539 1
75 539 -1
25 540 1
100 540 -1
25 541 1
125 541 -1
26 542 1
27 542 -1
26 543 1
28 543 -1
26 544 1
29 544 -1
26 545 1
30 545 -1
26 546 1
31 546 -1
26 547 1
32 547 -1
26 548 1
33 548 -1
26 549 1
34 549 -1
26 550 1
35 550 -1
26 551 1
36 551 -1
26 552 1
37 552 -1
26 553 1
38 553 -1
26 554 1
39 554 -1
26 555 1
40 555 -1
26 556 1
51 556 -1
26 557 1
76 557 -1
26 558 1
101 558 -1
26 559 1
1 559 -1
27 560 1
28 560 -1
27 561 1
29 561 -1
27 562 1
30 562 -1
27 563 1
31 563 -1
27 564 1
32 564 -1
27 565 1
33 565 -1
27 566 1
34 566 -1
27 567 1
35 567 -1
27 568 1
36 568 -1
27 569 1
37 569 -1
27 570 1
38 570 -1
27 571 1
39 571 -1
27 572 1
40 572 -1
27 573 1
41 573 -1
27 574 1
52 574 -1
27 575 1
77 575 -1
27 576 1
102 576 -1
27 577 1
2 577 -1
28 578 1
29 578 -1
28 579 1
30 579 -1
28 580 1
31 580 -1
28 581 1
32 581 -1
28 582 1
33 582 -1
28 583 1
34 583 -1
28 584 1
35 584 -1
28 585 1
36 585 -1
28 586 1
37 586 -1
28 587 1
38 587 -1
28 588 1
39 588 -1
28 589 1
40 589 -1
28 590 1
41 590 -1
28 591 1
42 591 -1
28 592 1
53 592 -1
28 593 1
78 593 -1
28 594 1
103 594 -1
28 595 1
3 595 -1
29 596 1
30 596 -1
29 597 1
31 597 -1
29 598 1
32 598 -1
29 599 1
33 599 -1
29 600 1
34 600 -1
29 601 1
35 601 -1
29 602 1
36 602 -1
29 603 1
37 603 -1
29 604 1
38 604 -1
29 605 1
39 605 -1
29 606 1
40 606 -1
29 607 1
41 607 -1
29 608 1
42 608 -1
29 609 1
43 609 -1
29 610 1
54 610 -1
29 611 1
79 611 -1
29 612 1
104 612 -1
29 613 1
4 613 -1
30 614 1
31 614 -1
30 615 1
32 615 -1
30 616 1
33 616 -1
30 617 1
34 617 -1
30 618 1
35 618 -1
30 619 1
36 619 -1
30 620 1
37 620 -1
30 621 1
38 621 -1
30 622 1
39 622 -1
30 623 1
40 623 -1
30 624 1
41 624 -1
30 625 1
42 625 -1
30 626 1
43 626 -1
30 627 1
44 627 -1
30 628 1
55 628 -1
30 629 1
80 629 -1
30 630 1
105 630 -1
30 631 1
5 631 -1
31 632 1
32 632 -1
31 633 1
33 633 -1
31 634 1
34 634 -1
31 635 1
35 635 -1
31 636 1
36 636 -1
31 637 1
37 637 -1
31 638 1
38 638 -1
31 639 1
39 639 -1
31 640 1
40 640 -1
31 641 1
41 641 -1
31 642 1
42 642 -1
31 643 1
43 643 -1
31 644 1
44 644 -1
31 645 1
45 645 -1
31 646 1
56 646 -1
31 647 1
81 647 -1
31 648 1
106 648 -1
31 649 1
6 649 -1
32 650 1
33 650 -1
32 651 1
34 651 -1
32 652 1
35 652 -1
32 653 1
36 653 -1
32 654 1
37 654 -1
32 655 1
38 655 -1
32 656 1
39 656 -1
32 657 1
40 657 -1
32 658 1
41 658 -1
32 659 1
42 659 -1
32 660 1
43 660 -1
32 661 1
44 661 -1
32 662 1
45 662 -1
32 663 1
46 663 -1
32 664 1
57 664 -1
32 665 1
82 665 -1
32 666 1
107 666 -1
32 667 1
7 667 -1
33 668 1
34 668 -1
33 669 1
35 669 -1
33 670 1
36 670 -1
33 671 1
37 671 -1
33 672 1
38 672 -1
33 673 1
39 673 -1
33 674 1
40 674 -1
33 675 1
41 675 -1
33 676 1
42 676 -1
33 677 1
43 677 -1
33 678 1
44 678 -1
33 679 1
45 679 -1
33 680 1
46 680 -1
33 681 1
47 681 -1
33 682 1
58 682 -1
33 683 1
83 683 -1
33 684 1
108 684 -1
33 685 1
8 685 -1
34 686 1
35 686 -1
34 687 1
36 687 -1
34 688 1
37 688 -1
34 689 1
38 689 -1
34 690 1
39 690 -1
34 691 1
40 691 -1
34 692 1
41 692 -1
34 693 1
42 693 -1
34 694 1
43 694 -1
34 695 1
44 695 -1
34 696 1
45 696 -1
34 697 1
46 697 -1
34 698 1
47 698 -1
34 699 1
48 699 -1
34 700 1
59 700 -1
34 701 1
84 701 -1
34 702 1
109 702 -1
34 703 1
9 703 -1
35 704 1
36 704 -1
35 705 1
37 705 -1
35 706 1
38 706 -1
35 707 1
39 707 -1
35 708 1
40 708 -1
35 709 1
41 709 -1
35 710 1
42 710 -1
35 711 1
43 711 -1
35 712 1
44 712 -1
35 713 1
45 713 -1
35 714 1
46 714 -1
35 715 1
47 715 -1
35 716 1
48 716 -1
35 717 1
49 717 -1
35 718 1
60 718 -1
35 719 1
85 719 -1
35 720 1
110 720 -1
35 721 1
10 721 -1
36 722 1
37 722 -1
36 723 1
38 723 -1
36 724 1
39 724 -1
36 725 1
40 725 -1
36 726 1
41 726 -1
36 727 1
42 727 -1
36 728 1
43 728 -1
36 729 1
44 729 -1
36 730 1
45 730 -1
36 731 1
46 731 -1
36 732 1
47 732 -1
36 733 1
48 733 -1
36 734 1
49 734 -1
36 735 1
50 735 -1
36 736 1
61 736 -1
36 737 1
86 737 -1
36 738 1
111 738 -1
36 739 1
11 739 -1
37 740 1
38 740 -1
37 741 1
39 741 -1
37 742 1
40 742 -1
37 743 1
41 743 -1
37 744 1
42 744 -1
37 745 1
43 745 -1
37 746 1
44 746 -1
37 747 1
45 747 -1
37 748 1
46 748 -1
37 749 1
47 749 -1
37 750 1
48 750 -1
37 751 1
49 751 -1
37 752 1
50 752 -1
37 753 1
125 753 -1
1 754 1
26 754 -1
37 755 1
62 755 -1
37 756 1
87 756 -1
37 757 1
112 757 -1
37 758 1
12 758 -1
38 759 1
39 759 -1
38 760 1
40 760 -1
38 761 1
41 761 -1
38 762 1
42 762 -1
38 763 1
43 763 -1
38 764 1
44 764 -1
38 765 1
45 765 -1
38 766 1
46 766 -1
38 767 1
47 767 -1
38 768 1
48 768 -1
38 769 1
49 769 -1
38 770 1
50 770 -1
38 771 1
125 771 -1
1 772 1
26 772 -1
38 773 1
125 773 -1
1 774 1
27 774 -1
38 775 1
63 775 -1
38 776 1
88 776 -1
38 777 1
113 777 -1
38 778 1
13 778 -1
39 779 1
40 779 -1
39 780 1
41 780 -1
39 781 1
42 781 -1
39 782 1
43 782 -1
39 783 1
44 783 -1
39 784 1
45 784 -1
39 785 1
46 785 -1
39 786 1
47 786 -1
39 787 1
48 787 -1
39 788 1
49 788 -1
39 789 1
50 789 -1
39 790 1
125 790 -1
1 791 1
26 791 -1
39 792 1
125 792 -1
1 793 1
27 793 -1
39 794 1
125 794 -1
1 795 1
28 795 -1
39 796 1
64 796 -1
39 797 1
89 797 -1
39 798 1
114 798 -1
39 799 1
14 799 -1
40 800 1
41 800 -1
40 801 1
42 801 -1
40 802 1
43 802 -1
40 803 1
44 803 -1
40 804 1
45 804 -1
40 805 1
46 805 -1
40 806 1
47 806 -1
40 807 1
48 807 -1
40 808 1
49 808 -1
40 809 1
50 809 -1
40 810 1
125 810 -1
1 811 1
26 811 -1
40 812 1
125 812 -1
1 813 1
27 813 -1
40 814 1
125 814 -1
1 815 1
28 815 -1
40 816 1
125 816 -1
1 817 1
29 817 -1
40 818 1
65 818 -1
40 819 1
90 819 -1
40 820 1
115 820 -1
40 821 1
15 821 -1
41 822 1
42 822 -1
41 823 1
43 823 -1
41 824 1
44 824 -1
41 825 1
45 825 -1
41 826 1
46 826 -1
41 827 1
47 827 -1
41 828 1
48 828 -1
41 829 1
49 829 -1
41 830 1
50 830 -1
41 831 1
125 831 -1
1 832 1
26 832 -1
41 833 1
125 833 -1
1 834 1
27 834 -1
41 835 1
125 835 -1
1 836 1
28 836 -1
41 837 1
125 837 -1
1 838 1
29 838 -1
41 839 1
125 839 -1
1 840 1
30 840 -1
41 841 1
66 841 -1
41 842 1
91 842 -1
41 843 1
116 843 -1
41 844 1
16 844 -1
42 845 1
43 845 -1
42 846 1
44 846 -1
42 847 1
45 847 -1
42 848 1
46 848 -1
42 849 1
47 849 -1
42 850 1
48 850 -1
42 851 1
49 851 -1
42 852 1
50 852 -1
42 853 1
125 853 -1
1 854 1
26 854 -1
42 855 1
125 855 -1
1 856 1
27 856 -1
42 857 1
125 857 -1
1 858 1
28 858 -1
42 859 1
125 859 -1
1 860 1
29 860 -1
42 861 1
125 861 -1
1 862 1
30 862 -1
42 863 1
125 863 -1
1 864 1
31 864 -1
42 865 1
67 865 -1
42 866 1
92 866 -1
42 867 1
117 867 -1
42 868 1
17 868 -1
43 869 1
44 869 -1
43 870 1
45 870 -1
43 871 1
46 871 -1
43 872 1
47 872 -1
43 873 1
48 873 -1
43 874 1
49 874 -1
43 875 1
50 875 -1
43 876 1
125 876 -1
1 877 1
26 877 -1
43 878 1
125 878 -1
1 879 1
27 879 -1
43 880 1
125 880 -1
1 881 1
28 881 -1
43 882 1
125 882 -1
1 883 1
29 883 -1
43 884 1
125 884 -1
1 885 1
30 885 -1
43 886 1
125 886 -1
1 887 1
31 887 -1
43 888 1
125 888 -1
1 889 1
32 889 -1
43 890 1
68 890 -1
43 891 1
93 891 -1
43 892 1
118 892 -1
43 893 1
18 893 -1
44 894 1
45 894 -1
44 895 1
46 895 -1
44 896 1
47 896 -1
44 897 1
48 897 -1
44 898 1
49 898 -1
44 899 1
50 899 -1
44 900 1
125 900 -1
1 901 1
26 901 -1
44 902 1
125 902 -1
1 903 1
27 903 -1
44 904 1
125 904 -1
1 905 1
28 905 -1
44 906 1
125 906 -1
1 907 1
29 907 -1
44 908 1
125 908 -1
1 909 1
30 909 -1
44 910 1
125 910 -1
1 911 1
31 911 -1
44 912 1
125 912 -1
1 913 1
32 913 -1
44 914 1
125 914 -1
1 915 1
33 915 -1
44 916 1
69 916 -1
44 917 1
94 917 -1
44 918 1
119 918 -1
44 919 1
19 919 -1
45 920 1
46 920 -1
45 921 1
47 921 -1
45 922 1
48 922 -1
45 923 1
49 923 -1
45 924 1
50 924 -1
45 925 1
125 925 -1
1 926 1
26 926 -1
45 927 1
125 927 -1
1 928 1
27 928 -1
45 929 1
125 929 -1
1 930 1
28 930 -1
45 931 1
125 931 -1
1 932 1
29 932 -1
45 933 1
125 933 -1
1 934 1
30 934 -1
45 935 1
125 935 -1
1 936 1
31 936 -1
45 937 1
125 937 -1
1 938 1
32 938 -1
45 939 1
125 939 -1
1 940 1
33 940 -1
45 941 1
125 941 -1
1 942 1
34 942 -1
45 943 1
70 943 -1
45 944 1
95 944 -1
45 945 1
120 945 -1
45 946 1
20 946 -1
46 947 1
47 947 -1
46 948 1
48 948 -1
46 949 1
49 949 -1
46 950 1
50 950 -1
46 951 1
125 951 -1
1 952 1
26 952 -1
46 953 1
125 953 -1
1 954 1
27 954 -1
46 955 1
125 955 -1
1 956 1
28 956 -1
46 957 1
125 957 -1
1 958 1
29 958 -1
46 959 1
125 959 -1
1 960 1
30 960 -1
46 961 1
125 961 -1
1 962 1
31 962 -1
46 963 1
125 963 -1
1 964 1
32 964 -1
46 965 1
125 965 -1
1 966 1
33 966 -1
46 967 1
125 967 -1
1 968 1
34 968 -1
46 969 1
125 969 -1
1 970 1
35 970 -1
46 971 1
71 971 -1
46 972 1
96 972 -1
46 973 1
121 973 -1
46 974 1
21 974 -1
47 975 1
48 975 -1
47 976 1
49 976 -1
47 977 1
50 977 -1
47 978 1
125 978 -1
1 979 1
26 979 -1
47 980 1
125 980 -1
1 981 1
27 981 -1
47 982 1
125 982 -1
1 983 1
28 983 -1
47 984 1
125 984 -1
1 985 1
29 985 -1
47 986 1
125 986 -1
1 987 1
30 987 -1
47 988 1
125 988 -1
1 989 1
31 989 -1
47 990 1
125 990 -1
1 991 1
32 991 -1
47 992 1
125 992 -1
1 993 1
33 993 -1
47 994 1
125 994 -1
1 995 1
34 995 -1
47 996 1
125 996 -1
1 997 1
35 997 -1
47 998 1
125 998 -1
1 999 1
36 999 -1
47 1000 1
72 1000 -1
47 1001 1
97 1001 -1
47 1002 1
122 1002 -1
47 1003 1
22 1003 -1
48 1004 1
49 1004 -1
48 1005 1
50 1005 -1
48 1006 1
125 1006 -1
1 1007 1
26 1007 -1
48 1008 1
125 1008 -1
1 1009 1
27 1009 -1
48 1010 1
125 1010 -1
1 1011 1
28 1011 -1
48 1012 1
125 1012 -1
1 1013 1
29 1013 -1
48 1014 1
125 1014 -1
1 1015 1
30 1015 -1
48 1016 1
125 1016 -1
1 1017 1
31 1017 -1
48 1018 1
125 1018 -1
1 1019 1
32 1019 -1
48 1020 1
125 1020 -1
1 1021 1
33 1021 -1
48 1022 1
125 1022 -1
1 1023 1
34 1023 -1
48 1024 1
125 1024 -1
1 1025 1
35 1025 -1
48 1026 1
125 1026 -1
1 1027 1
36 1027 -1
48 1028 1
125 1028 -1
1 1029 1
37 1029 -1
48 1030 1
73 1030 -1
48 1031 1
98 1031 -1
48 1032 1
123 1032 -1
48 1033 1
23 1033 -1
49 1034 1
50 1034 -1
49 1035 1
125 1035 -1
1 1036 1
26 1036 -1
49 1037 1
125 1037 -1
1 1038 1
27 1038 -1
49 1039 1
125 1039 -1
1 1040 1
28 1040 -1
49 1041 1
125 1041 -1
1 1042 1
29 1042 -1
49 1043 1
125 1043 -1
1 1044 1
30 1044 -1
49 1045 1
125 1045 -1
1 1046 1
31 1046 -1
49 1047 1
125 1047 -1
1 1048 1
32 1048 -1
49 1049 1
125 1049 -1
1 1050 1
33 1050 -1
49 1051 1
125 1051 -1
1 1052 1
34 1052 -1
49 1053 1
125 1053 -1
1 1054 1
35 1054 -1
49 1055 1
125 1055 -1
1 1056 1
36 1056 -1
49 1057 1
125 1057 -1
1 1058 1
37 1058 -1
49 1059 1
125 1059 -1
1 1060 1
38 1060 -1
49 1061 1
74 1061 -1
49 1062 1
99 1062 -1
49 1063 1
124 1063 -1
49 1064 1
24 1064 -1
50 1065 1
125 1065 -1
1 1066 1
26 1066 -1
50 1067 1
125 1067 -1
1 1068 1
27 1068 -1
50 1069 1
125 1069 -1
1 1070 1
28 1070 -1
50 1071 1
125 1071 -1
1 1072 1
29 1072 -1
50 1073 1
125 1073 -1
1 1074 1
30 1074 -1
50 1075 1
125 1075 -1
1 1076 1
31 1076 -1
50 1077 1
125 1077 -1
1 1078 1
32 1078 -1
50 1079 1
125 1079 -1
1 1080 1
33 1080 -1
50 1081 1
125 1081 -1
1 1082 1
34 1082 -1
50 1083 1
125 1083 -1
1 1084 1
35 1084 -1
50 1085 1
125 1085 -1
1 1086 1
36 1086 -1
50 1087 1
125 1087 -1
1 1088 1
37 1088 -1
50 1089 1
125 1089 -1
1 1090 1
38 1090 -1
50 1091 1
125 1091 -1
1 1092 1
39 1092 -1
50 1093 1
75 1093 -1
50 1094 1
100 1094 -1
50 1095 1
125 1095 -1
50 1096 1
25 1096 -1
51 1097 1
52 1097 -1
51 1098 1
53 1098 -1
51 1099 1
54 1099 -1
51 1100 1
55 1100 -1
51 1101 1
56 1101 -1
51 1102 1
57 1102 -1
51 1103 1
58 1103 -1
51 1104 1
59 1104 -1
51 1105 1
60 1105 -1
51 1106 1
61 1106 -1
51 1107 1
62 1107 -1
51 1108 1
63 1108 -1
51 1109 1
64 1109 -1
51 1110 1
65 1110 -1
51 1111 1
76 1111 -1
51 1112 1
101 1112 -1
51 1113 1
1 1113 -1
51 1114 1
26 1114 -1
52 1115 1
53 1115 -1
52 1116 1
54 1116 -1
52 1117 1
55 1117 -1
52 1118 1
56 1118 -1
52 1119 1
57 1119 -1
52 1120 1
58 1120 -1
52 1121 1
59 1121 -1
52 1122 1
60 1122 -1
52 1123 1
61 1123 -1
52 1124 1
62 1124 -1
52 1125 1
63 1125 -1
52 1126 1
64 1126 -1
52 1127 1
65 1127 -1
52 1128 1
66 1128 -1
52 1129 1
77 1129 -1
52 1130 1
102 1130 -1
52 1131 1
2 1131 -1
52 1132 1
27 1132 -1
53 1133 1
54 1133 -1
53 1134 1
55 1134 -1
53 1135 1
56 1135 -1
53 1136 1
57 1136 -1
53 1137 1
58 1137 -1
53 1138 1
59 1138 -1
53 1139 1
60 1139 -1
53 1140 1
61 1140 -1
53 1141 1
62 1141 -1
53 1142 1
63 1142 -1
53 1143 1
64 1143 -1
53 1144 1
65 1144 -1
53 1145 1
66 1145 -1
53 1146 1
67 1146 -1
53 1147 1
78 1147 -1
53 1148 1
103 1148 -1
53 1149 1
3 1149 -1
53 1150 1
28 1150 -1
54 1151 1
55 1151 -1
54 1152 1
56 1152 -1
54 1153 1
57 1153 -1
54 1154 1
58 1154 -1
54 1155 1
59 1155 -1
54 1156 1
60 1156 -1
54 1157 1
61 1157 -1
54 1158 1
62 1158 -1
54 1159 1
63 1159 -1
54 1160 1
64 1160 -1
54 1161 1
65 1161 -1
54 1162 1
66 1162 -1
54 1163 1
67 1163 -1
54 1164 1
68 1164 -1
54 1165 1
79 1165 -1
54 1166 1
104 1166 -1
54 1167 1
4 1167 -1
54 1168 1
29 1168 -1
55 1169 1
56 1169 -1
55 1170 1
57 1170 -1
55 1171 1
58 1171 -1
55 1172 1
59 1172 -1
55 1173 1
60 1173 -1
55 1174 1
61 1174 -1
55 1175 1
62 1175 -1
55 1176 1
63 1176 -1
55 1177 1
64 1177 -1
55 1178 1
65 1178 -1
55 1179 1
66 1179 -1
55 1180 1
67 1180 -1
55 1181 1
68 1181 -1
55 1182 1
69 1182 -1
55 1183 1
80 1183 -1
55 1184 1
105 1184 -1
55 1185 1
5 1185 -1
55 1186 1
30 1186 -1
56 1187 1
57 1187 -1
56 1188 1
58 1188 -1
56 1189 1
59 1189 -1
56 1190 1
60 1190 -1
56 1191 1
61 1191 -1
56 1192 1
62 1192 -1
56 1193 1
63 1193 -1
56 1194 1
64 1194 -1
56 1195 1
65 1195 -1
56 1196 1
66 1196 -1
56 1197 1
67 1197 -1
56 1198 1
68 1198 -1
56 1199 1
69 1199 -1
56 1200 1
70 1200 -1
56 1201 1
81 1201 -1
56 1202 1
106 1202 -1
56 1203 1
6 1203 -1
56 1204 1
31 1204 -1
57 1205 1
58 1205 -1
57 1206 1
59 1206 -1
57 1207 1
60 1207 -1
57 1208 1
61 1208 -1
57 1209 1
62 1209 -1
57 1210 1
63 1210 -1
57 1211 1
64 1211 -1
57 1212 1
65 1212 -1
57 1213 1
66 1213 -1
57 1214 1
67 1214 -1
57 1215 1
68 1215 -1
57 1216 1
69 1216 -1
57 1217 1
70 1217 -1
57 1218 1
71 1218 -1
57 1219 1
82 1219 -1
57 1220 1
107 1220 -1
57 1221 1
7 1221 -1
57 1222 1
32 1222 -1
58 1223 1
59 1223 -1
58 1224 1
60 1224 -1
58 1225 1
61 1225 -1
58 1226 1
62 1226 -1
58 1227 1
63 1227 -1
58 1228 1
64 1228 -1
58 1229 1
65 1229 -1
58 1230 1
66 1230 -1
58 1231 1
67 1231 -1
58 1232 1
68 1232 -1
58 1233 1
69 1233 -1
58 1234 1
70 1234 -1
58 1235 1
71 1235 -1
58 1236 1
72 1236 -1
58 1237 1
83 1237 -1
58 1238 1
108 1238 -1
58 1239 1
8 1239 -1
58 1240 1
33 1240 -1
59 1241 1
60 1241 -1
59 1242 1
61 1242 -1
59 1243 1
62 1243 -1
59 1244 1
63 1244 -1
59 1245 1
64 1245 -1
59 1246 1
65 1246 -1
59 1247 1
66 1247 -1
59 1248 1
67 1248 -1
59 1249 1
68 1249 -1
59 1250 1
69 1250 -1
59 1251 1
70 1251 -1
59 1252 1
71 1252 -1
59 1253 1
72 1253 -1
59 1254 1
73 1254 -1
59 1255 1
84 1255 -1
59 1256 1
109 1256 -1
59 1257 1
9 1257 -1
59 1258 1
34 1258 -1
60 1259 1
61 1259 -1
60 1260 1
62 1260 -1
60 1261 1
63 1261 -1
60 1262 1
64 1262 -1
60 1263 1
65 1263 -1
60 1264 1
66 1264 -1
60 1265 1
67 1265 -1
60 1266 1
68 1266 -1
60 1267 1
69 1267 -1
60 1268 1
70 1268 -1
60 1269 1
71 1269 -1
60 1270 1
72 1270 -1
60 1271 1
73 1271 -1
60 1272 1
74 1272 -1
60 1273 1
85 1273 -1
60 1274 1
110 1274 -1
60 1275 1
10 1275 -1
60 1276 1
35 1276 -1
61 1277 1
62 1277 -1
61 1278 1
63 1278 -1
61 1279 1
64 1279 -1
61 1280 1
65 1280 -1
61 1281 1
66 1281 -1
61 1282 1
67 1282 -1
61 1283 1
68 1283 -1
61 1284 1
69 1284 -1
61 1285 1
70 1285 -1
61 1286 1
71 1286 -1
61 1287 1
72 1287 -1
61 1288 1
73 1288 -1
61 1289 1
74 1289 -1
61 1290 1
75 1290 -1
61 1291 1
86 1291 -1
61 1292 1
111 1292 -1
61 1293 1
11 1293 -1
61 1294 1
36 1294 -1
62 1295 1
63 1295 -1
62 1296 1
64 1296 -1
62 1297 1
65 1297 -1
62 1298 1
66 1298 -1
62 1299 1
67 1299 -1
62 1300 1
68 1300 -1
62 1301 1
69 1301 -1
62 1302 1
70 1302 -1
62 1303 1
71 1303 -1
62 1304 1
72 1304 -1
62 1305 1
73 1305 -1
62 1306 1
74 1306 -1
62 1307 1
75 1307 -1
62 1308 1
125 1308 -1
1 1309 1
51 1309 -1
62 1310 1
87 1310 -1
62 1311 1
112 1311 -1
62 1312 1
12 1312 -1
62 1313 1
37 1313 -1
63 1314 1
64 1314 -1
63 1315 1
65 1315 -1
63 1316 1
66 1316 -1
63 1317 1
67 1317 -1
63 1318 1
68 1318 -1
63 1319 1
69 1319 -1
63 1320 1
70 1320 -1
63 1321 1
71 1321 -1
63 1322 1
72 1322 -1
63 1323 1
73 1323 -1
63 1324 1
74 1324 -1
63 1325 1
75 1325 -1
63 1326 1
125 1326 -1
1 1327 1
51 1327 -1
63 1328 1
125 1328 -1
1 1329 1
52 1329 -1
63 1330 1
88 1330 -1
63 1331 1
113 1331 -1
63 1332 1
13 1332 -1
63 1333 1
38 1333 -1
64 1334 1
65 1334 -1
64 1335 1
66 1335 -1
64 1336 1
67 1336 -1
64 1337 1
68 1337 -1
64 1338 1
69 1338 -1
64 1339 1
70 1339 -1
64 1340 1
71 1340 -1
64 1341 1
72 1341 -1
64 1342 1
73 1342 -1
64 1343 1
74 1343 -1
64 1344 1
75 1344 -1
64 1345 1
125 1345 -1
1 1346 1
51 1346 -1
64 1347 1
125 1347 -1
1 1348 1
52 1348 -1
64 1349 1
125 1349 -1
1 1350 1
53 1350 -1
64 1351 1
89 1351 -1
64 1352 1
114 1352 -1
64 1353 1
14 1353 -1
64 1354 1
39 1354 -1
65 1355 1
66 1355 -1
65 1356 1
67 1356 -1
65 1357 1
68 1357 -1
65 1358 1
69 1358 -1
65 1359 1
70 1359 -1
65 1360 1
71 1360 -1
65 1361 1
72 1361 -1
65 1362 1
73 1362 -1
65 1363 1
74 1363 -1
65 1364 1
75 1364 -1
65 1365 1
125 1365 -1
1 1366 1
51 1366 -1
65 1367 1
125 1367 -1
1 1368 1
52 1368 -1
65 1369 1
125 1369 -1
1 1370 1
53 1370 -1
65 1371 1
125 1371 -1
1 1372 1
54 1372 -1
65 1373 1
90 1373 -1
65 1374 1
115 1374 -1
65 1375 1
15 1375 -1
65 1376 1
40 1376 -1
66 1377 1
67 1377 -1
66 1378 1
68 1378 -1
66 1379 1
69 1379 -1
66 1380 1
70 1380 -1
66 1381 1
71 1381 -1
66 1382 1
72 1382 -1
66 1383 1
73 1383 -1
66 1384 1
74 1384 -1
66 1385 1
75 1385 -1
66 1386 1
125 1386 -1
1 1387 1
51 1387 -1
66 1388 1
125 1388 -1
1 1389 1
52 1389 -1
66 1390 1
125 1390 -1
1 1391 1
53 1391 -1
66 1392 1
125 1392 -1
1 1393 1
54 1393 -1
66 1394 1
125 1394 -1
1 1395 1
55 1395 -1
66 1396 1
91 1396 -1
66 1397 1
116 1397 -1
66 1398 1
16 1398 -1
66 1399 1
41 1399 -1
67 1400 1
68 1400 -1
67 1401 1
69 1401 -1
67 1402 1
70 1402 -1
67 1403 1
71 1403 -1
67 1404 1
72 1404 -1
67 1405 1
73 1405 -1
67 1406 1
74 1406 -1
67 1407 1
75 1407 -1
67 1408 1
125 1408 -1
1 1409 1
51 1409 -1
67 1410 1
125 1410 -1
1 1411 1
52 1411 -1
67 1412 1
125 1412 -1
1 1413 1
53 1413 -1
67 1414 1
125 1414 -1
1 1415 1
54 1415 -1
67 1416 1
125 1416 -1
1 1417 1
55 1417 -1
67 1418 1
125 1418 -1
1 1419 1
56 1419 -1
67 1420 1
92 1420 -1
67 1421 1
117 1421 -1
67 1422 1
17 1422 -1
67 1423 1
42 1423 -1
68 1424 1
69 1424 -1
68 1425 1
70 1425 -1
68 1426 1
71 1426 -1
68 1427 1
72 1427 -1
68 1428 1
73 1428 -1
68 1429 1
74 1429 -1
68 1430 1
75 1430 -1
68 1431 1
125 1431 -1
1 1432 1
51 1432 -1
68 1433 1
125 1433 -1
1 1434 1
52 1434 -1
68 1435 1
125 1435 -1
1 1436 1
53 1436 -1
68 1437 1
125 1437 -1
1 1438 1
54 1438 -1
68 1439 1
125 1439 -1
1 1440 1
55 1440 -1
68 1441 1
125 1441 -1
1 1442 1
56 1442 -1
68 1443 1
125 1443 -1
1 1444 1
57 1444 -1
68 1445 1
93 1445 -1
68 1446 1
118 1446 -1
68 1447 1
18 1447 -1
68 1448 1
43 1448 -1
69 1449 1
70 1449 -1
69 1450 1
71 1450 -1
69 1451 1
72 1451 -1
69 1452 1
73 1452 -1
69 1453 1
74 1453 -1
69 1454 1
75 1454 -1
69 1455 1
125 1455 -1
1 1456 1
51 1456 -1
69 1457 1
125 1457 -1
1 1458 1
52 1458 -1
69 1459 1
125 1459 -1
1 1460 1
53 1460 -1
69 1461 1
125 1461 -1
1 1462 1
54 1462 -1
69 1463 1
125 1463 -1
1 1464 1
55 1464 -1
69 1465 1
125 1465 -1
1 1466 1
56 1466 -1
69 1467 1
125 1467 -1
1 1468 1
57 1468 -1
69 1469 1
125 1469 -1
1 1470 1
58 1470 -1
69 1471 1
94 1471 -1
69 1472 1
119 1472 -1
69 1473 1
19 1473 -1
69 1474 1
44 1474 -1
70 1475 1
71 1475 -1
70 1476 1
72 1476 -1
70 1477 1
73 1477 -1
70 1478 1
74 1478 -1
70 1479 1
75 1479 -1
70 1480 1
125 1480 -1
1 1481 1
51 1481 -1
70 1482 1
125 1482 -1
1 1483 1
52 1483 -1
70 1484 1
125 1484 -1
1 1485 1
53 1485 -1
70 1486 1
125 1486 -1
1 1487 1
54 1487 -1
70 1488 1
125 1488 -1
1 1489 1
55 1489 -1
70 1490 1
125 1490 -1
1 1491 1
56 1491 -1
70 1492 1
125 1492 -1
1 1493 1
57 1493 -1
70 1494 1
125 1494 -1
1 1495 1
58 1495 -1
70 1496 1
125 1496 -1
1 1497 1
59 1497 -1
70 1498 1
95 1498 -1
70 1499 1
120 1499 -1
70 1500 1
20 1500 -1
70 1501 1
45 1501 -1
71 1502 1
72 1502 -1
71 1503 1
73 1503 -1
71 1504 1
74 1504 -1
71 1505 1
75 1505 -1
71 1506 1
125 1506 -1
1 1507 1
51 1507 -1
71 1508 1
125 1508 -1
1 1509 1
52 1509 -1
71 1510 1
125 1510 -1
1 1511 1
53 1511 -1
71 1512 1
125 1512 -1
1 1513 1
54 1513 -1
71 1514 1
125 1514 -1
1 1515 1
55 1515 -1
71 1516 1
125 1516 -1
1 1517 1
56 1517 -1
71 1518 1
125 1518 -1
1 1519 1
57 1519 -1
71 1520 1
125 1520 -1
1 1521 1
58 1521 -1
71 1522 1
125 1522 -1
1 1523 1
59 1523 -1
71 1524 1
125 1524 -1
1 1525 1
60 1525 -1
71 1526 1
96 1526 -1
71 1527 1
121 1527 -1
71 1528 1
21 1528 -1
71 1529 1
46 1529 -1
72 1530 1
73 1530 -1
72 1531 1
74 1531 -1
72 1532 1
75 1532 -1
72 1533 1
125 1533 -1
1 1534 1
51 1534 -1
72 1535 1
125 1535 -1
1 1536 1
52 1536 -1
72 1537 1
125 1537 -1
1 1538 1
53 1538 -1
72 1539 1
125 1539 -1
1 1540 1
54 1540 -1
72 1541 1
125 1541 -1
1 1542 1
55 1542 -1
72 1543 1
125 1543 -1
1 1544 1
56 1544 -1
72 1545 1
125 1545 -1
1 1546 1
57 1546 -1
72 1547 1
125 1547 -1
1 1548 1
58 1548 -1
72 1549 1
125 1549 -1
1 1550 1
59 1550 -1
72 1551 1
125 1551 -1
1 1552 1
60 1552 -1
72 1553 1
125 1553 -1
1 1554 1
61 1554 -1
72 1555 1
97 1555 -1
72 1556 1
122 1556 -1
72 1557 1
22 1557 -1
72 1558 1
47 1558 -1
73 1559 1
74 1559 -1
73 1560 1
75 1560 -1
73 1561 1
125 1561 -1
1 1562 1
51 1562 -1
73 1563 1
125 1563 -1
1 1564 1
52 1564 -1
73 1565 1
125 1565 -1
1 1566 1
53 1566 -1
73 1567 1
125 1567 -1
1 1568 1
54 1568 -1
73 1569 1
125 1569 -1
1 1570 1
55 1570 -1
73 1571 1
125 1571 -1
1 1572 1
56 1572 -1
73 1573 1
125 1573 -1
1 1574 1
57 1574 -1
73 1575 1
125 1575 -1
1 1576 1
58 1576 -1
73 1577 1
125 1577 -1
1 1578 1
59 1578 -1
73 1579 1
125 1579 -1
1 1580 1
60 1580 -1
73 1581 1
125 1581 -1
1 1582 1
61 1582 -1
73 1583 1
125 1583 -1
1 1584 1
62 1584 -1
73 1585 1
98 1585 -1
73 1586 1
123 1586 -1
73 1587 1
23 1587 -1
73 1588 1
48 1588 -1
74 1589 1
75 1589 -1
74 1590 1
125 1590 -1
1 1591 1
51 1591 -1
74 1592 1
125 1592 -1
1 1593 1
52 1593 -1
74 1594 1
125 1594 -1
1 1595 1
53 1595 -1
74 1596 1
125 1596 -1
1 1597 1
54 1597 -1
74 1598 1
125 1598 -1
1 1599 1
55 1599 -1
74 1600 1
125 1600 -1
1 1601 1
56 1601 -1
74 1602 1
125 1602 -1
1 1603 1
57 1603 -1
74 1604 1
125 1604 -1
1 1605 1
58 1605 -1
74 1606 1
125 1606 -1
1 1607 1
59 1607 -1
74 1608 1
125 1608 -1
1 1609 1
60 1609 -1
74 1610 1
125 1610 -1
1 1611 1
61 1611 -1
74 1612 1
125 1612 -1
1 1613 1
62 1613 -1
74 1614 1
125 1614 -1
1 1615 1
63 1615 -1
74 1616 1
99 1616 -1
74 1617 1
124 1617 -1
74 1618 1
24 1618 -1
74 1619 1
49 1619 -1
75 1620 1
125 1620 -1
1 1621 1
51 1621 -1
75 1622 1
125 1622 -1
1 1623 1
52 1623 -1
75 1624 1
125 1624 -1
1 1625 1
53 1625 -1
75 1626 1
125 1626 -1
1 1627 1
54 1627 -1
75 1628 1
125 1628 -1
1 1629 1
55 1629 -1
75 1630 1
125 1630 -1
1 1631 1
56 1631 -1
75 1632 1
125 1632 -1
1 1633 1
57 1633 -1
75 1634 1
125 1634 -1
1 1635 1
58 1635 -1
75 1636 1
125 1636 -1
1 1637 1
59 1637 -1
75 1638 1
125 1638 -1
1 1639 1
60 1639 -1
75 1640 1
125 1640 -1
1 1641 1
61 1641 -1
75 1642 1
125 1642 -1
1 1643 1
62 1643 -1
75 1644 1
125 1644 -1
1 1645 1
63 1645 -1
75 1646 1
125 1646 -1
1 1647 1
64 1647 -1
75 1648 1
100 1648 -1
75 1649 1
125 1649 -1
75 1650 1
25 1650 -1
75 1651 1
50 1651 -1
76 1652 1
77 1652 -1
76 1653 1
78 1653 -1
76 1654 1
79 1654 -1
76 1655 1
80 1655 -1
76 1656 1
81 1656 -1
76 1657 1
82 1657 -1
76 1658 1
83 1658 -1
76 1659 1
84 1659 -1
76 1660 1
85 1660 -1
76 1661 1
86 1661 -1
76 1662 1
87 1662 -1
76 1663 1
88 1663 -1
76 1664 1
89 1664 -1
76 1665 1
90 1665 -1
76 1666 1
101 1666 -1
76 1667 1
1 1667 -1
76 1668 1
26 1668 -1
76 1669 1
51 1669 -1
77 1670 1
78 1670 -1
77 1671 1
79 1671 -1
77 1672 1
80 1672 -1
77 1673 1
81 1673 -1
77 1674 1
82 1674 -1
77 1675 1
83 1675 -1
77 1676 1
84 1676 -1
77 1677 1
85 1677 -1
77 1678 1
86 1678 -1
77 1679 1
87 1679 -1
77 1680 1
88 1680 -1
77 1681 1
89 1681 -1
77 1682 1
90 1682 -1
77 1683 1
91 1683 -1
77 1684 1
102 1684 -1
77 1685 1
2 1685 -1
77 1686 1
27 1686 -1
77 1687 1
52 1687 -1
78 1688 1
79 1688 -1
78 1689 1
80 1689 -1
78 1690 1
81 1690 -1
78 1691 1
82 1691 -1
78 1692 1
83 1692 -1
78 1693 1
84 1693 -1
78 1694 1
85 1694 -1
78 1695 1
86 1695 -1
78 1696 1
87 1696 -1
78 1697 1
88 1697 -1
78 1698 1
89 1698 -1
78 1699 1
90 1699 -1
78 1700 1
91 1700 -1
78 1701 1
92 1701 -1
78 1702 1
103 1702 -1
78 1703 1
3 1703 -1
78 1704 1
28 1704 -1
78 1705 1
53 1705 -1
79 1706 1
80 1706 -1
79 1707 1
81 1707 -1
79 1708 1
82 1708 -1
79 1709 1
83 1709 -1
79 1710 1
84 1710 -1
79 1711 1
85 1711 -1
79 1712 1
86 1712 -1
79 1713 1
87 1713 -1
79 1714 1
88 1714 -1
79 1715 1
89 1715 -1
79 1716 1
90 1716 -1
79 1717 1
91 1717 -1
79 1718 1
92 1718 -1
79 1719 1
93 1719 -1
79 1720 1
104 1720 -1
79 1721 1
4 1721 -1
79 1722 1
29 1722 -1
79 1723 1
54 1723 -1
80 1724 1
81 1724 -1
80 1725 1
82 1725 -1
80 1726 1
83 1726 -1
80 1727 1
84 1727 -1
80 1728 1
85 1728 -1
80 1729 1
86 1729 -1
80 1730 1
87 1730 -1
80 1731 1
88 1731 -1
80 1732 1
89 1732 -1
80 1733 1
90 1733 -1
80 1734 1
91 1734 -1
80 1735 1
92 1735 -1
80 1736 1
93 1736 -1
80 1737 1
94 1737 -1
80 1738 1
105 1738 -1
80 1739 1
5 1739 -1
80 1740 1
30 1740 -1
80 1741 1
55 1741 -1
81 1742 1
82 1742 -1
81 1743 1
83 1743 -1
81 1744 1
84 1744 -1
81 1745 1
85 1745 -1
81 1746 1
86 1746 -1
81 1747 1
87 1747 -1
81 1748 1
88 1748 -1
81 1749 1
89 1749 -1
81 1750 1
90 1750 -1
81 1751 1
91 1751 -1
81 1752 1
92 1752 -1
81 1753 1
93 1753 -1
81 1754 1
94 1754 -1
81 1755 1
95 1755 -1
81 1756 1
106 1756 -1
81 1757 1
6 1757 -1
81 1758 1
31 1758 -1
81 1759 1
56 1759 -1
82 1760 1
83 1760 -1
82 1761 1
84 1761 -1
82 1762 1
85 1762 -1
82 1763 1
86 1763 -1
82 1764 1
87 1764 -1
82 1765 1
88 1765 -1
82 1766 1
89 1766 -1
82 1767 1
90 1767 -1
82 1768 1
91 1768 -1
82 1769 1
92 1769 -1
82 1770 1
93 1770 -1
82 1771 1
94 1771 -1
82 1772 1
95 1772 -1
82 1773 1
96 1773 -1
82 1774 1
107 1774 -1
82 1775 1
7 1775 -1
82 1776 1
32 1776 -1
82 1777 1
57 1777 -1
83 1778 1
84 1778 -1
83 1779 1
85 1779 -1
83 1780 1
86 1780 -1
83 1781 1
87 1781 -1
83 1782 1
88 1782 -1
83 1783 1
89 1783 -1
83 1784 1
90 1784 -1
83 1785 1
91 1785 -1
83 1786 1
92 1786 -1
83 1787 1
93 1787 -1
83 1788 1
94 1788 -1
83 1789 1
95 1789 -1
83 1790 1
96 1790 -1
83 1791 1
97 1791 -1
83 1792 1
108 1792 -1
83 1793 1
8 1793 -1
83 1794 1
33 1794 -1
83 1795 1
58 1795 -1
84 1796 1
85 1796 -1
84 1797 1
86 1797 -1
84 1798 1
87 1798 -1
84 1799 1
88 1799 -1
84 1800 1
89 1800 -1
84 1801 1
90 1801 -1
84 1802 1
91 1802 -1
84 1803 1
92 1803 -1
84 1804 1
93 1804 -1
84 1805 1
94 1805 -1
84 1806 1
95 1806 -1
84 1807 1
96 1807 -1
84 1808 1
97 1808 -1
84 1809 1
98 1809 -1
84 1810 1
109 1810 -1
84 1811 1
9 1811 -1
84 1812 1
34 1812 -1
84 1813 1
59 1813 -1
85 1814 1
86 1814 -1
85 1815 1
87 1815 -1
85 1816 1
88 1816 -1
85 1817 1
89 1817 -1
85 1818 1
90 1818 -1
85 1819 1
91 1819 -1
85 1820 1
92 1820 -1
85 1821 1
93 1821 -1
85 1822 1
94 1822 -1
85 1823 1
95 1823 -1
85 1824 1
96 1824 -1
85 1825 1
97 1825 -1
85 1826 1
98 1826 -1
85 1827 1
99 1827 -1
85 1828 1
110 1828 -1
85 1829 1
10 1829 -1
85 1830 1
35 1830 -1
85 1831 1
60 1831 -1
86 1832 1
87 1832 -1
86 1833 1
88 1833 -1
86 1834 1
89 1834 -1
86 1835 1
90 1835 -1
86 1836 1
91 1836 -1
86 1837 1
92 1837 -1
86 1838 1
93 1838 -1
86 1839 1
94 1839 -1
86 1840 1
95 1840 -1
86 1841 1
96 1841 -1
86 1842 1
97 1842 -1
86 1843 1
98 1843 -1
86 1844 1
99 1844 -1
86 1845 1
100 1845 -1
86 1846 1
111 1846 -1
86 1847 1
11 1847 -1
86 1848 1
36 1848 -1
86 1849 1
61 1849 -1
87 1850 1
88 1850 -1
87 1851 1
89 1851 -1
87 1852 1
90 1852 -1
87 1853 1
91 1853 -1
87 1854 1
92 1854 -1
87 1855 1
93 1855 -1
87 1856 1
94 1856 -1
87 1857 1
95 1857 -1
87 1858 1
96 1858 -1
87 1859 1
97 1859 -1
87 1860 1
98 1860 -1
87 1861 1
99 1861 -1
87 1862 1
100 1862 -1
87 1863 1
125 1863 -1
1 1864 1
76 1864 -1
87 1865 1
112 1865 -1
87 1866 1
12 1866 -1
87 1867 1
37 1867 -1
87 1868 1
62 1868 -1
88 1869 1
89 1869 -1
88 1870 1
90 1870 -1
88 1871 1
91 1871 -1
88 1872 1
92 1872 -1
88 1873 1
93 1873 -1
88 1874 1
94 1874 -1
88 1875 1
95 1875 -1
88 1876 1
96 1876 -1
88 1877 1
97 1877 -1
88 1878 1
98 1878 -1
88 1879 1
99 1879 -1
88 1880 1
100 1880 -1
88 1881 1
125 1881 -1
1 1882 1
76 1882 -1
88 1883 1
125 1883 -1
1 1884 1
77 1884 -1
88 1885 1
113 1885 -1
88 1886 1
13 1886 -1
88 1887 1
38 1887 -1
88 1888 1
63 1888 -1
89 1889 1
90 1889 -1
89 1890 1
91 1890 -1
89 1891 1
92 1891 -1
89 1892 1
93 1892 -1
89 1893 1
94 1893 -1
89 1894 1
95 1894 -1
89 1895 1
96 1895 -1
89 1896 1
97 1896 -1
89 1897 1
98 1897 -1
89 1898 1
99 1898 -1
89 1899 1
100 1899 -1
89 1900 1
125 1900 -1
1 1901 1
76 1901 -1
89 1902 1
125 1902 -1
1 1903 1
77 1903 -1
89 1904 1
125 1904 -1
1 1905 1
78 1905 -1
89 1906 1
114 1906 -1
89 1907 1
14 1907 -1
89 1908 1
39 1908 -1
89 1909 1
64 1909 -1
90 1910 1
91 1910 -1
90 1911 1
92 1911 -1
90 1912 1
93 1912 -1
90 1913 1
94 1913 -1
90 1914 1
95 1914 -1
90 1915 1
96 1915 -1
90 1916 1
97 1916 -1
90 1917 1
98 1917 -1
90 1918 1
99 1918 -1
90 1919 1
100 1919 -1
90 1920 1
125 1920 -1
1 1921 1
76 1921 -1
90 1922 1
125 1922 -1
1 1923 1
77 1923 -1
90 1924 1
125 1924 -1
1 1925 1
78 1925 -1
90 1926 1
125 1926 -1
1 1927 1
79 1927 -1
90 1928 1
115 1928 -1
90 1929 1
15 1929 -1
90 1930 1
40 1930 -1
90 1931 1
65 1931 -1
91 1932 1
92 1932 -1
91 1933 1
93 1933 -1
91 1934 1
94 1934 -1
91 1935 1
95 1935 -1
91 1936 1
96 1936 -1
91 1937 1
97 1937 -1
91 1938 1
98 1938 -1
91 1939 1
99 1939 -1
91 1940 1
100 1940 -1
91 1941 1
125 1941 -1
1 1942 1
76 1942 -1
91 1943 1
125 1943 -1
1 1944 1
77 1944 -1
91 1945 1
125 1945 -1
1 1946 1
78 1946 -1
91 1947 1
125 1947 -1
1 1948 1
79 1948 -1
91 1949 1
125 1949 -1
1 1950 1
80 1950 -1
91 1951 1
116 1951 -1
91 1952 1
16 1952 -1
91 1953 1
41 1953 -1
91 1954 1
66 1954 -1
92 1955 1
93 1955 -1
92 1956 1
94 1956 -1
92 1957 1
95 1957 -1
92 1958 1
96 1958 -1
92 1959 1
97 1959 -1
92 1960 1
98 1960 -1
92 1961 1
99 1961 -1
92 1962 1
100 1962 -1
92 1963 1
125 1963 -1
1 1964 1
76 1964 -1
92 1965 1
125 1965 -1
1 1966 1
77 1966 -1
92 1967 1
125 1967 -1
1 1968 1
78 1968 -1
92 1969 1
125 1969 -1
1 1970 1
79 1970 -1
92 1971 1
125 1971 -1
1 1972 1
80 1972 -1
92 1973 1
125 1973 -1
1 1974 1
81 1974 -1
92 1975 1
117 1975 -1
92 1976 1
17 1976 -1
92 1977 1
42 1977 -1
92 1978 1
67 1978 -1
93 1979 1
94 1979 -1
93 1980 1
95 1980 -1
93 1981 1
96 1981 -1
93 1982 1
97 1982 -1
93 1983 1
98 1983 -1
93 1984 1
99 1984 -1
93 1985 1
100 1985 -1
93 1986 1
125 1986 -1
1 1987 1
76 1987 -1
93 1988 1
125 1988 -1
1 1989 1
77 1989 -1
93 1990 1
125 1990 -1
1 1991 1
78 1991 -1
93 1992 1
125 1992 -1
1 1993 1
79 1993 -1
93 1994 1
125 1994 -1
1 1995 1
80 1995 -1
93 1996 1
125 1996 -1
1 1997 1
81 1997 -1
93 1998 1
125 1998 -1
1 1999 1
82 1999 -1
93 2000 1
118 2000 -1
93 2001 1
18 2001 -1
93 2002 1
43 2002 -1
93 2003 1
68 2003 -1
94 2004 1
95 2004 -1
94 2005 1
96 2005 -1
94 2006 1
97 2006 -1
94 2007 1
98 2007 -1
94 2008 1
99 2008 -1
94 2009 1
100 2009 -1
94 2010 1
125 2010 -1
1 2011 1
76 2011 -1
94 2012 1
125 2012 -1
1 2013 1
77 2013 -1
94 2014 1
125 2014 -1
1 2015 1
78 2015 -1
94 2016 1
125 2016 -1
1 2017 1
79 2017 -1
94 2018 1
125 2018 -1
1 2019 1
80 2019 -1
94 2020 1
125 2020 -1
1 2021 1
81 2021 -1
94 2022 1
125 2022 -1
1 2023 1
82 2023 -1
94 2024 1
125 2024 -1
1 2025 1
83 2025 -1
94 2026 1
119 2026 -1
94 2027 1
19 2027 -1
94 2028 1
44 2028 -1
94 2029 1
69 2029 -1
95 2030 1
96 2030 -1
95 2031 1
97 2031 -1
95 2032 1
98 2032 -1
95 2033 1
99 2033 -1
95 2034 1
100 2034 -1
95 2035 1
125 2035 -1
1 2036 1
76 2036 -1
95 2037 1
125 2037 -1
1 2038 1
77 2038 -1
95 2039 1
125 2039 -1
1 2040 1
78 2040 -1
95 2041 1
125 2041 -1
1 2042 1
79 2042 -1
95 2043 1
125 2043 -1
1 2044 1
80 2044 -1
95 2045 1
125 2045 -1
1 2046 1
81 2046 -1
95 2047 1
125 2047 -1
1 2048 1
82 2048 -1
95 2049 1
125 2049 -1
1 2050 1
83 2050 -1
95 2051 1
125 2051 -1
1 2052 1
84 2052 -1
95 2053 1
120 2053 -1
95 2054 1
20 2054 -1
95 2055 1
45 2055 -1
95 2056 1
70 2056 -1
96 2057 1
97 2057 -1
96 2058 1
98 2058 -1
96 2059 1
99 2059 -1
96 2060 1
100 2060 -1
96 2061 1
125 2061 -1
1 2062 1
76 2062 -1
96 2063 1
125 2063 -1
1 2064 1
77 2064 -1
96 2065 1
125 2065 -1
1 2066 1
78 2066 -1
96 2067 1
125 2067 -1
1 2068 1
79 2068 -1
96 2069 1
125 2069 -1
1 2070 1
80 2070 -1
96 2071 1
125 2071 -1
1 2072 1
81 2072 -1
96 2073 1
125 2073 -1
1 2074 1
82 2074 -1
96 2075 1
125 2075 -1
1 2076 1
83 2076 -1
96 2077 1
125 2077 -1
1 2078 1
84 2078 -1
96 2079 1
125 2079 -1
1 2080 1
85 2080 -1
96 2081 1
121 2081 -1
96 2082 1
21 2082 -1
96 2083 1
46 2083 -1
96 2084 1
71 2084 -1
97 2085 1
98 2085 -1
97 2086 1
99 2086 -1
97 2087 1
100 2087 -1
97 2088 1
125 2088 -1
1 2089 1
76 2089 -1
97 2090 1
125 2090 -1
1 2091 1
77 2091 -1
97 2092 1
125 2092 -1
1 2093 1
78 2093 -1
97 2094 1
125 2094 -1
1 2095 1
79 2095 -1
97 2096 1
125 2096 -1
1 2097 1
80 2097 -1
97 2098 1
125 2098 -1
1 2099 1
81 2099 -1
97 2100 1
125 2100 -1
1 2101 1
82 2101 -1
97 2102 1
125 2102 -1
1 2103 1
83 2103 -1
97 2104 1
125 2104 -1
1 2105 1
84 2105 -1
97 2106 1
125 2106 -1
1 2107 1
85 2107 -1
97 2108 1
125 2108 -1
1 2109 1
86 2109 -1
97 2110 1
122 2110 -1
97 2111 1
22 2111 -1
97 2112 1
47 2112 -1
97 2113 1
72 2113 -1
98 2114 1
99 2114 -1
98 2115 1
100 2115 -1
98 2116 1
125 2116 -1
1 2117 1
76 2117 -1
98 2118 1
125 2118 -1
1 2119 1
77 2119 -1
98 2120 1
125 2120 -1
1 2121 1
78 2121 -1
98 2122 1
125 2122 -1
1 2123 1
79 2123 -1
98 2124 1
125 2124 -1
1 2125 1
80 2125 -1
98 2126 1
125 2126 -1
1 2127 1
81 2127 -1
98 2128 1
125 2128 -1
1 2129 1
82 2129 -1
98 2130 1
125 2130 -1
1 2131 1
83 2131 -1
98 2132 1
125 2132 -1
1 2133 1
84 2133 -1
98 2134 1
125 2134 -1
1 2135 1
85 2135 -1
98 2136 1
125 2136 -1
1 2137 1
86 2137 -1
98 2138 1
125 2138 -1
1 2139 1
87 2139 -1
98 2140 1
123 2140 -1
98 2141 1
23 2141 -1
98 2142 1
48 2142 -1
98 2143 1
73 2143 -1
99 2144 1
100 2144 -1
99 2145 1
125 2145 -1
1 2146 1
76 2146 -1
99 2147 1
125 2147 -1
1 2148 1
77 2148 -1
99 2149 1
125 2149 -1
1 2150 1
78 2150 -1
99 2151 1
125 2151 -1
1 2152 1
79 2152 -1
99 2153 1
125 2153 -1
1 2154 1
80 2154 -1
99 2155 1
125 2155 -1
1 2156 1
81 2156 -1
99 2157 1
125 2157 -1
1 2158 1
82 2158 -1
99 2159 1
125 2159 -1
1 2160 1
83 2160 -1
99 2161 1
125 2161 -1
1 2162 1
84 2162 -1
99 2163 1
125 2163 -1
1 2164 1
85 2164 -1
99 2165 1
125 2165 -1
1 2166 1
86 2166 -1
99 2167 1
125 2167 -1
1 2168 1
87 2168 -1
99 2169 1
125 2169 -1
1 2170 1
88 2170 -1
99 2171 1
124 2171 -1
99 2172 1
24 2172 -1
99 2173 1
49 2173 -1
99 2174 1
74 2174 -1
100 2175 1
125 2175 -1
1 2176 1
76 2176 -1
100 2177 1
125 2177 -1
1 2178 1
77 2178 -1
100 2179 1
125 2179 -1
1 2180 1
78 2180 -1
100 2181 1
125 2181 -1
1 2182 1
79 2182 -1
100 2183 1
125 2183 -1
1 2184 1
80 2184 -1
100 2185 1
125 2185 -1
1 2186 1
81 2186 -1
100 2187 1
125 2187 -1
1 2188 1
82 2188 -1
100 2189 1
125 2189 -1
1 2190 1
83 2190 -1
100 2191 1
125 2191 -1
1 2192 1
84 2192 -1
100 2193 1
125 2193 -1
1 2194 1
85 2194 -1
100 2195 1
125 2195 -1
1 2196 1
86 2196 -1
100 2197 1
125 2197 -1
1 2198 1
87 2198 -1
100 2199 1
125 2199 -1
1 2200 1
88 2200 -1
100 2201 1
125 2201 -1
1 2202 1
89 2202 -1
100 2203 1
125 2203 -1
100 2204 1
25 2204 -1
100 2205 1
50 2205 -1
100 2206 1
75 2206 -1
101 2207 1
102 2207 -1
101 2208 1
103 2208 -1
101 2209 1
104 2209 -1
101 2210 1
105 2210 -1
101 2211 1
106 2211 -1
101 2212 1
107 2212 -1
101 2213 1
108 2213 -1
101 2214 1
109 2214 -1
101 2215 1
110 2215 -1
101 2216 1
111 2216 -1
101 2217 1
112 2217 -1
101 2218 1
113 2218 -1
101 2219 1
114 2219 -1
101 2220 1
115 2220 -1
101 2221 1
1 2221 -1
101 2222 1
26 2222 -1
101 2223 1
51 2223 -1
101 2224 1
76 2224 -1
102 2225 1
103 2225 -1
102 2226 1
104 2226 -1
102 2227 1
105 2227 -1
102 2228 1
106 2228 -1
102 2229 1
107 2229 -1
102 2230 1
108 2230 -1
102 2231 1
109 2231 -1
102 2232 1
110 2232 -1
102 2233 1
111 2233 -1
102 2234 1
112 2234 -1
102 2235 1
113 2235 -1
102 2236 1
114 2236 -1
102 2237 1
115 2237 -1
102 2238 1
116 2238 -1
102 2239 1
2 2239 -1
102 2240 1
27 2240 -1
102 2241 1
52 2241 -1
102 2242 1
77 2242 -1
103 2243 1
104 2243 -1
103 2244 1
105 2244 -1
103 2245 1
106 2245 -1
103 2246 1
107 2246 -1
103 2247 1
108 2247 -1
103 2248 1
109 2248 -1
103 2249 1
110 2249 -1
103 2250 1
111 2250 -1
103 2251 1
112 2251 -1
103 2252 1
113 2252 -1
103 2253 1
114 2253 -1
103 2254 1
115 2254 -1
103 2255 1
116 2255 -1
103 2256 1
117 2256 -1
103 2257 1
3 2257 -1
103 2258 1
28 2258 -1
103 2259 1
53 2259 -1
103 2260 1
78 2260 -1
104 2261 1
105 2261 -1
104 2262 1
106 2262 -1
104 2263 1
107 2263 -1
104 2264 1
108 2264 -1
104 2265 1
109 2265 -1
104 2266 1
110 2266 -1
104 2267 1
111 2267 -1
104 2268 1
112 2268 -1
104 2269 1
113 2269 -1
104 2270 1
114 2270 -1
104 2271 1
115 2271 -1
104 2272 1
116 2272 -1
104 2273 1
117 2273 -1
104 2274 1
118 2274 -1
104 2275 1
4 2275 -1
104 2276 1
29 2276 -1
104 2277 1
54 2277 -1
104 2278 1
79 2278 -1
105 2279 1
106 2279 -1
105 2280 1
107 2280 -1
105 2281 1
108 2281 -1
105 2282 1
109 2282 -1
105 2283 1
110 2283 -1
105 2284 1
111 2284 -1
105 2285 1
112 2285 -1
105 2286 1
113 2286 -1
105 2287 1
114 2287 -1
105 2288 1
115 2288 -1
105 2289 1
116 2289 -1
105 2290 1
117 2290 -1
105 2291 1
118 2291 -1
105 2292 1
119 2292 -1
105 2293 1
5 2293 -1
105 2294 1
30 2294 -1
105 2295 1
55 2295 -1
105 2296 1
80 2296 -1
106 2297 1
107 2297 -1
106 2298 1
108 2298 -1
106 2299 1
109 2299 -1
106 2300 1
110 2300 -1
106 2301 1
111 2301 -1
106 2302 1
112 2302 -1
106 2303 1
113 2303 -1
106 2304 1
114 2304 -1
106 2305 1
115 2305 -1
106 2306 1
116 2306 -1
106 2307 1
117 2307 -1
106 2308 1
118 2308 -1
106 2309 1
119 2309 -1
106 2310 1
120 2310 -1
106 2311 1
6 2311 -1
106 2312 1
31 2312 -1
106 2313 1
56 2313 -1
106 2314 1
81 2314 -1
107 2315 1
108 2315 -1
107 2316 1
109 2316 -1
107 2317 1
110 2317 -1
107 2318 1
111 2318 -1
107 2319 1
112 2319 -1
107 2320 1
113 2320 -1
107 2321 1
114 2321 -1
107 2322 1
115 2322 -1
107 2323 1
116 2323 -1
107 2324 1
117 2324 -1
107 2325 1
118 2325 -1
107 2326 1
119 2326 -1
107 2327 1
120 2327 -1
107 2328 1
121 2328 -1
107 2329 1
7 2329 -1
107 2330 1
32 2330 -1
107 2331 1
57 2331 -1
107 2332 1
82 2332 -1
108 2333 1
109 2333 -1
108 2334 1
110 2334 -1
108 2335 1
111 2335 -1
108 2336 1
112 2336 -1
108 2337 1
113 2337 -1
108 2338 1
114 2338 -1
108 2339 1
115 2339 -1
108 2340 1
116 2340 -1
108 2341 1
117 2341 -1
108 2342 1
118 2342 -1
108 2343 1
119 2343 -1
108 2344 1
120 2344 -1
108 2345 1
121 2345 -1
108 2346 1
122 2346 -1
108 2347 1
8 2347 -1
108 2348 1
33 2348 -1
108 2349 1
58 2349 -1
108 2350 1
83 2350 -1
109 2351 1
110 2351 -1
109 2352 1
111 2352 -1
109 2353 1
112 2353 -1
109 2354 1
113 2354 -1
109 2355 1
114 2355 -1
109 2356 1
115 2356 -1
109 2357 1
116 2357 -1
109 2358 1
117 2358 -1
109 2359 1
118 2359 -1
109 2360 1
119 2360 -1
109 2361 1
120 2361 -1
109 2362 1
121 2362 -1
109 2363 1
122 2363 -1
109 2364 1
123 2364 -1
109 2365 1
9 2365 -1
109 2366 1
34 2366 -1
109 2367 1
59 2367 -1
109 2368 1
84 2368 -1
110 2369 1
111 2369 -1
110 2370 1
112 2370 -1
110 2371 1
113 2371 -1
110 2372 1
114 2372 -1
110 2373 1
115 2373 -1
110 2374 1
116 2374 -1
110 2375 1
117 2375 -1
110 2376 1
118 2376 -1
110 2377 1
119 2377 -1
110 2378 1
120 2378 -1
110 2379 1
121 2379 -1
110 2380 1
122 2380 -1
110 2381 1
123 2381 -1
110 2382 1
124 2382 -1
110 2383 1
10 2383 -1
110 2384 1
35 2384 -1
110 2385 1
60 2385 -1
110 2386 1
85 2386 -1
111 2387 1
112 2387 -1
111 2388 1
113 2388 -1
111 2389 1
114 2389 -1
111 2390 1
115 2390 -1
111 2391 1
116 2391 -1
111 2392 1
117 2392 -1
111 2393 1
118 2393 -1
111 2394 1
119 2394 -1
111 2395 1
120 2395 -1
111 2396 1
121 2396 -1
111 2397 1
122 2397 -1
111 2398 1
123 2398 -1
111 2399 1
124 2399 -1
111 2400 1
125 2400 -1
111 2401 1
11 2401 -1
111 2402 1
36 2402 -1
111 2403 1
61 2403 -1
111 2404 1
86 2404 -1
112 2405 1
113 2405 -1
112 2406 1
114 2406 -1
112 2407 1
115 2407 -1
112 2408 1
116 2408 -1
112 2409 1
117 2409 -1
112 2410 1
118 2410 -1
112 2411 1
119 2411 -1
112 2412 1
120 2412 -1
112 2413 1
121 2413 -1
112 2414 1
122 2414 -1
112 2415 1
123 2415 -1
112 2416 1
124 2416 -1
112 2417 1
125 2417 -1
112 2418 1
125 2418 -1
1 2419 1
101 2419 -1
112 2420 1
12 2420 -1
112 2421 1
37 2421 -1
112 2422 1
62 2422 -1
112 2423 1
87 2423 -1
113 2424 1
114 2424 -1
113 2425 1
115 2425 -1
113 2426 1
116 2426 -1
113 2427 1
117 2427 -1
113 2428 1
118 2428 -1
113 2429 1
119 2429 -1
113 2430 1
120 2430 -1
113 2431 1
121 2431 -1
113 2432 1
122 2432 -1
113 2433 1
123 2433 -1
113 2434 1
124 2434 -1
113 2435 1
125 2435 -1
113 2436 1
125 2436 -1
1 2437 1
101 2437 -1
113 2438 1
125 2438 -1
1 2439 1
102 2439 -1
113 2440 1
13 2440 -1
113 2441 1
38 2441 -1
113 2442 1
63 2442 -1
113 2443 1
88 2443 -1
114 2444 1
115 2444 -1
114 2445 1
116 2445 -1
114 2446 1
117 2446 -1
114 2447 1
118 2447 -1
114 2448 1
119 2448 -1
114 2449 1
120 2449 -1
114 2450 1
121 2450 -1
114 2451 1
122 2451 -1
114 2452 1
123 2452 -1
114 2453 1
124 2453 -1
114 2454 1
125 2454 -1
114 2455 1
125 2455 -1
1 2456 1
101 2456 -1
114 2457 1
125 2457 -1
1 2458 1
102 2458 -1
114 2459 1
125 2459 -1
1 2460 1
103 2460 -1
114 2461 1
14 2461 -1
114 2462 1
39 2462 -1
114 2463 1
64 2463 -1
114 2464 1
89 2464 -1
115 2465 1
116 2465 -1
115 2466 1
117 2466 -1
115 2467 1
118 2467 -1
115 2468 1
119 2468 -1
115 2469 1
120 2469 -1
115 2470 1
121 2470 -1
115 2471 1
122 2471 -1
115 2472 1
123 2472 -1
115 2473 1
124 2473 -1
115 2474 1
125 2474 -1
115 2475 1
125 2475 -1
1 2476 1
101 2476 -1
115 2477 1
125 2477 -1
1 2478 1
102 2478 -1
115 2479 1
125 2479 -1
1 2480 1
103 2480 -1
115 2481 1
125 2481 -1
1 2482 1
104 2482 -1
115 2483 1
15 2483 -1
115 2484 1
40 2484 -1
115 2485 1
65 2485 -1
115 2486 1
90 2486 -1
116 2487 1
117 2487 -1
116 2488 1
118 2488 -1
116 2489 1
119 2489 -1
116 2490 1
120 2490 -1
116 2491 1
121 2491 -1
116 2492 1
122 2492 -1
116 2493 1
123 2493 -1
116 2494 1
124 2494 -1
116 2495 1
125 2495 -1
116 2496 1
125 2496 -1
1 2497 1
101 2497 -1
116 2498 1
125 2498 -1
1 2499 1
102 2499 -1
116 2500 1
125 2500 -1
1 2501 1
103 2501 -1
116 2502 1
125 2502 -1
1 2503 1
104 2503 -1
116 2504 1
125 2504 -1
1 2505 1
105 2505 -1
116 2506 1
16 2506 -1
116 2507 1
41 2507 -1
116 2508 1
66 2508 -1
116 2509 1
91 2509 -1
117 2510 1
118 2510 -1
117 2511 1
119 2511 -1
117 2512 1
120 2512 -1
117 2513 1
121 2513 -1
117 2514 1
122 2514 -1
117 2515 1
123 2515 -1
117 2516 1
124 2516 -1
117 2517 1
125 2517 -1
117 2518 1
125 2518 -1
1 2519 1
101 2519 -1
117 2520 1
125 2520 -1
1 2521 1
102 2521 -1
117 2522 1
125 2522 -1
1 2523 1
103 2523 -1
117 2524 1
125 2524 -1
1 2525 1
104 2525 -1
117 2526 1
125 2526 -1
1 2527 1
105 2527 -1
117 2528 1
125 2528 -1
1 2529 1
106 2529 -1
117 2530 1
17 2530 -1
117 2531 1
42 2531 -1
117 2532 1
67 2532 -1
117 2533 1
92 2533 -1
118 2534 1
119 2534 -1
118 2535 1
120 2535 -1
118 2536 1
121 2536 -1
118 2537 1
122 2537 -1
118 2538 1
123 2538 -1
118 2539 1
124 2539 -1
118 2540 1
125 2540 -1
118 2541 1
125 2541 -1
1 2542 1
101 2542 -1
118 2543 1
125 2543 -1
1 2544 1
102 2544 -1
118 2545 1
125 2545 -1
1 2546 1
103 2546 -1
118 2547 1
125 2547 -1
1 2548 1
104 2548 -1
118 2549 1
125 2549 -1
1 2550 1
105 2550 -1
118 2551 1
125 2551 -1
1 2552 1
106 2552 -1
118 2553 1
125 2553 -1
1 2554 1
107 2554 -1
118 2555 1
18 2555 -1
118 2556 1
43 2556 -1
118 2557 1
68 2557 -1
118 2558 1
93 2558 -1
119 2559 1
120 2559 -1
119 2560 1
121 2560 -1
119 2561 1
122 2561 -1
119 2562 1
123 2562 -1
119 2563 1
124 2563 -1
119 2564 1
125 2564 -1
119 2565 1
125 2565 -1
1 2566 1
101 2566 -1
119 2567 1
125 2567 -1
1 2568 1
102 2568 -1
119 2569 1
125 2569 -1
1 2570 1
103 2570 -1
119 2571 1
125 2571 -1
1 2572 1
104 2572 -1
119 2573 1
125 2573 -1
1 2574 1
105 2574 -1
119 2575 1
125 2575 -1
1 2576 1
106 2576 -1
119 2577 1
125 2577 -1
1 2578 1
107 2578 -1
119 2579 1
125 2579 -1
1 2580 1
108 2580 -1
119 2581 1
19 2581 -1
119 2582 1
44 2582 -1
119 2583 1
69 2583 -1
119 2584 1
94 2584 -1
120 2585 1
121 2585 -1
120 2586 1
122 2586 -1
120 2587 1
123 2587 -1
120 2588 1
124 2588 -1
120 2589 1
125 2589 -1
120 2590 1
125 2590 -1
1 2591 1
101 2591 -1
120 2592 1
125 2592 -1
1 2593 1
102 2593 -1
120 2594 1
125 2594 -1
1 2595 1
103 2595 -1
120 2596 1
125 2596 -1
1 2597 1
104 2597 -1
120 2598 1
125 2598 -1
1 2599 1
105 2599 -1
120 2600 1
125 2600 -1
1 2601 1
106 2601 -1
120 2602 1
125 2602 -1
1 2603 1
107 2603 -1
120 2604 1
125 2604 -1
1 2605 1
108 2605 -1
120 2606 1
125 2606 -1
1 2607 1
109 2607 -1
120 2608 1
20 2608 -1
120 2609 1
45 2609 -1
120 2610 1
70 2610 -1
120 2611 1
95 2611 -1
121 2612 1
122 2612 -1
121 2613 1
123 2613 -1
121 2614 1
124 2614 -1
121 2615 1
125 2615 -1
121 2616 1
125 2616 -1
1 2617 1
101 2617 -1
121 2618 1
125 2618 -1
1 2619 1
102 2619 -1
121 2620 1
125 2620 -1
1 2621 1
103 2621 -1
121 2622 1
125 2622 -1
1 2623 1
104 2623 -1
121 2624 1
125 2624 -1
1 2625 1
105 2625 -1
121 2626 1
125 2626 -1
1 2627 1
106 2627 -1
121 2628 1
125 2628 -1
1 2629 1
107 2629 -1
121 2630 1
125 2630 -1
1 2631 1
108 2631 -1
121 2632 1
125 2632 -1
1 2633 1
109 2633 -1
121 2634 1
125 2634 -1
1 2635 1
110 2635 -1
121 2636 1
21 2636 -1
121 2637 1
46 2637 -1
121 2638 1
71 2638 -1
121 2639 1
96 2639 -1
122 2640 1
123 2640 -1
122 2641 1
124 2641 -1
122 2642 1
125 2642 -1
122 2643 1
125 2643 -1
1 2644 1
101 2644 -1
122 2645 1
125 2645 -1
1 2646 1
102 2646 -1
122 2647 1
125 2647 -1
1 2648 1
103 2648 -1
122 2649 1
125 2649 -1
1 2650 1
104 2650 -1
122 2651 1
125 2651 -1
1 2652 1
105 2652 -1
122 2653 1
125 2653 -1
1 2654 1
106 2654 -1
122 2655 1
125 2655 -1
1 2656 1
107 2656 -1
122 2657 1
125 2657 -1
1 2658 1
108 2658 -1
122 2659 1
125 2659 -1
1 2660 1
109 2660 -1
122 2661 1
125 2661 -1
1 2662 1
110 2662 -1
122 2663 1
125 2663 -1
1 2664 1
111 2664 -1
122 2665 1
22 2665 -1
122 2666 1
47 2666 -1
122 2667 1
72 2667 -1
122 2668 1
97 2668 -1
123 2669 1
124 2669 -1
123 2670 1
125 2670 -1
123 2671 1
125 2671 -1
1 2672 1
101 2672 -1
123 2673 1
125 2673 -1
1 2674 1
102 2674 -1
123 2675 1
125 2675 -1
1 2676 1
103 2676 -1
123 2677 1
125 2677 -1
1 2678 1
104 2678 -1
123 2679 1
125 2679 -1
1 2680 1
105 2680 -1
123 2681 1
125 2681 -1
1 2682 1
106 2682 -1
123 2683 1
125 2683 -1
1 2684 1
107 2684 -1
123 2685 1
125 2685 -1
1 2686 1
108 2686 -1
123 2687 1
125 2687 -1
1 2688 1
109 2688 -1
123 2689 1
125 2689 -1
1 2690 1
110 2690 -1
123 2691 1
125 2691 -1
1 2692 1
111 2692 -1
123 2693 1
125 2693 -1
1 2694 1
112 2694 -1
123 2695 1
23 2695 -1
123 2696 1
48 2696 -1
123 2697 1
73 2697 -1
123 2698 1
98 2698 -1
124 2699 1
125 2699 -1
124 2700 1
125 2700 -1
1 2701 1
101 2701 -1
124 2702 1
125 2702 -1
1 2703 1
102 2703 -1
124 2704 1
125 2704 -1
1 2705 1
103 2705 -1
124 2706 1
125 2706 -1
1 2707 1
104 2707 -1
124 2708 1
125 2708 -1
1 2709 1
105 2709 -1
124 2710 1
125 2710 -1
1 2711 1
106 2711 -1
124 2712 1
125 2712 -1
1 2713 1
107 2713 -1
124 2714 1
125 2714 -1
1 2715 1
108 2715 -1
124 2716 1
125 2716 -1
1 2717 1
109 2717 -1
124 2718 1
125 2718 -1
1 2719 1
110 2719 -1
124 2720 1
125 2720 -1
1 2721 1
111 2721 -1
124 2722 1
125 2722 -1
1 2723 1
112 2723 -1
124 2724 1
125 2724 -1
1 2725 1
113 2725 -1
124 2726 1
24 2726 -1
124 2727 1
49 2727 -1
124 2728 1
74 2728 -1
124 2729 1
99 2729 -1
1 2730 1
101 2730 -1
1 2731 1
102 2731 -1
1 2732 1
103 2732 -1
1 2733 1
104 2733 -1
1 2734 1
105 2734 -1
1 2735 1
106 2735 -1
1 2736 1
107 2736 -1
1 2737 1
108 2737 -1
1 2738 1
109 2738 -1
1 2739 1
110 2739 -1
1 2740 1
111 2740 -1
1 2741 1
112 2741 -1
1 2742 1
113 2742 -1
1 2743 1
114 2743 -1
125 2744 1
25 2744 -1
125 2745 1
50 2745 -1
125 2746 1
75 2746 -1
125 2747 1
100 2747 -1
93 2748 1
35 2748 -1
34 2749 1
121 2749 -1
107 2750 1
41 2750 -1
68 2751 1
113 2751 -1
100 2752 1
3 2752 -1
5 2753 1
107 2753 -1
40 2754 1
81 2754 -1
25 2755 1
104 2755 -1
92 2756 1
44 2756 -1
36 2757 1
74 2757 -1
66 2758 1
78 2758 -1
62 2759 1
84 2759 -1
70 2760 1
48 2760 -1
51 2761 1
81 2761 -1
34 2762 1
84 2762 -1
86 2763 1
49 2763 -1
87 2764 1
89 2764 -1
25 2765 1
42 2765 -1
4 2766 1
112 2766 -1
30 2767 1
29 2767 -1
73 2768 1
88 2768 -1
34 2769 1
38 2769 -1
79 2770 1
111 2770 -1
61 2771 1
106 2771 -1
32 2772 1
46 2772 -1
31 2773 1
105 2773 -1
122 2774 1
82 2774 -1
31 2775 1
7 2775 -1
66 2776 1
8 2776 -1
26 2777 1
1 2777 -1
63 2778 1
109 2778 -1
54 2779 1
102 2779 -1
21 2780 1
74 2780 -1
80 2781 1
106 2781 -1
93 2782 1
105 2782 -1
123 2783 1
85 2783 -1
3 2784 1
78 2784 -1
44 2785 1
15 2785 -1
20 2786 1
52 2786 -1
46 2787 1
51 2787 -1
19 2788 1
114 2788 -1
115 2789 1
87 2789 -1
69 2790 1
2 2790 -1
22 2791 1
84 2791 -1
41 2792 1
1 2792 -1
24 2793 1
10 2793 -1
20 2794 1
59 2794 -1
41 2795 1
59 2795 -1
76 2796 1
50 2796 -1
87 2797 1
93 2797 -1
21 2798 1
51 2798 -1
61 2799 1
23 2799 -1
4 2800 1
61 2800 -1
22 2801 1
17 2801 -1
46 2802 1
68 2802 -1
110 2803 1
1 2803 -1
65 2804 1
105 2804 -1
98 2805 1
106 2805 -1
47 2806 1
29 2806 -1
122 2807 1
15 2807 -1
2 2808 1
89 2808 -1
81 2809 1
40 2809 -1
74 2810 1
20 2810 -1
66 2811 1
104 2811 -1
6 2812 1
119 2812 -1
117 2813 1
29 2813 -1
8 2814 1
28 2814 -1
21 2815 1
98 2815 -1
93 2816 1
113 2816 -1
99 2817 1
51 2817 -1
116 2818 1
3 2818 -1
92 2819 1
122 2819 -1
10 2820 1
118 2820 -1
117 2821 1
26 2821 -1
42 2822 1
69 2822 -1
3 2823 1
44 2823 -1
62 2824 1
104 2824 -1
82 2825 1
78 2825 -1
103 2826 1
34 2826 -1
64 2827 1
40 2827 -1
3 2828 1
38 2828 -1
113 2829 1
101 2829 -1
11 2830 1
76 2830 -1
114 2831 1
57 2831 -1
2 2832 1
51 2832 -1
70 2833 1
91 2833 -1
47 2834 1
94 2834 -1
37 2835 1
62 2835 -1
65 2836 1
114 2836 -1
38 2837 1
43 2837 -1
12 2838 1
41 2838 -1
12 2839 1
36 2839 -1
6 2840 1
83 2840 -1
92 2841 1
76 2841 -1
81 2842 1
53 2842 -1
103 2843 1
69 2843 -1
5 2844 1
103 2844 -1
110 2845 1
42 2845 -1
63 2846 1
35 2846 -1
19 2847 1
96 2847 -1
101 2848 1
84 2848 -1
2 2849 1
79 2849 -1
21 2850 1
58 2850 -1
64 2851 1
59 2851 -1
80 2852 1
38 2852 -1
109 2853 1
97 2853 -1
75 2854 1
90 2854 -1
6 2855 1
108 2855 -1
36 2856 1
69 2856 -1
101 2857 1
90 2857 -1
82 2858 1
91 2858 -1
27 2859 1
116 2859 -1
58 2860 1
18 2860 -1
17 2861 1
83 2861 -1
18 2862 1
67 2862 -1
71 2863 1
26 2863 -1
4 2864 1
110 2864 -1
24 2865 1
81 2865 -1
21 2866 1
95 2866 -1
111 2867 1
9 2867 -1
107 2868 1
82 2868 -1
4 2869 1
94 2869 -1
76 2870 1
51 2870 -1
75 2871 1
37 2871 -1
53 2872 1
120 2872 -1
48 2873 1
53 2873 -1
72 2874 1
112 2874 -1
2 2875 1
40 2875 -1
91 2876 1
118 2876 -1
1 2877 1
26 2877 -1
26 2878 1
51 2878 -1
51 2879 1
76 2879 -1
76 2880 1
101 2880 -1
101 2881 1
2 2881 -1
2 2882 1
27 2882 -1
27 2883 1
52 2883 -1
52 2884 1
77 2884 -1
77 2885 1
102 2885 -1
102 2886 1
3 2886 -1
3 2887 1
28 2887 -1
28 2888 1
53 2888 -1
53 2889 1
78 2889 -1
78 2890 1
103 2890 -1
103 2891 1
4 2891 -1
4 2892 1
29 2892 -1
29 2893 1
54 2893 -1
54 2894 1
79 2894 -1
79 2895 1
104 2895 -1
104 2896 1
5 2896 -1
5 2897 1
30 2897 -1
30 2898 1
55 2898 -1
55 2899 1
80 2899 -1
80 2900 1
105 2900 -1
105 2901 1
6 2901 -1
6 2902 1
31 2902 -1
31 2903 1
56 2903 -1
56 2904 1
81 2904 -1
81 2905 1
106 2905 -1
106 2906 1
7 2906 -1
7 2907 1
32 2907 -1
32 2908 1
57 2908 -1
57 2909 1
82 2909 -1
82 2910 1
107 2910 -1
107 2911 1
8 2911 -1
8 2912 1
33 2912 -1
33 2913 1
58 2913 -1
58 2914 1
83 2914 -1
83 2915 1
108 2915 -1
108 2916 1
9 2916 -1
9 2917 1
34 2917 -1
34 2918 1
59 2918 -1
59 2919 1
84 2919 -1
84 2920 1
109 2920 -1
109 2921 1
10 2921 -1
10 2922 1
35 2922 -1
35 2923 1
60 2923 -1
60 2924 1
85 2924 -1
85 2925 1
110 2925 -1
110 2926 1
11 2926 -1
11 2927 1
36 2927 -1
36 2928 1
61 2928 -1
61 2929 1
86 2929 -1
86 2930 1
111 2930 -1
111 2931 1
12 2931 -1
12 2932 1
37 2932 -1
37 2933 1
62 2933 -1
62 2934 1
87 2934 -1
87 2935 1
112 2935 -1
112 2936 1
13 2936 -1
13 2937 1
38 2937 -1
38 2938 1
63 2938 -1
63 2939 1
88 2939 -1
88 2940 1
113 2940 -1
113 2941 1
14 2941 -1
14 2942 1
39 2942 -1
39 2943 1
64 2943 -1
64 2944 1
89 2944 -1
89 2945 1
114 2945 -1
114 2946 1
15 2946 -1
15 2947 1
40 2947 -1
40 2948 1
65 2948 -1
65 2949 1
90 2949 -1
90 2950 1
115 2950 -1
115 2951 1
16 2951 -1
16 2952 1
41 2952 -1
41 2953 1
66 2953 -1
66 2954 1
91 2954 -1
91 2955 1
116 2955 -1
116 2956 1
17 2956 -1
17 2957 1
42 2957 -1
42 2958 1
67 2958 -1
67 2959 1
92 2959 -1
92 2960 1
117 2960 -1
117 2961 1
18 2961 -1
18 2962 1
43 2962 -1
43 2963 1
68 2963 -1
68 2964 1
93 2964 -1
93 2965 1
118 2965 -1
118 2966 1
19 2966 -1
19 2967 1
44 2967 -1
44 2968 1
69 2968 -1
69 2969 1
94 2969 -1
94 2970 1
119 2970 -1
119 2971 1
20 2971 -1
20 2972 1
45 2972 -1
45 2973 1
70 2973 -1
70 2974 1
95 2974 -1
95 2975 1
120 2975 -1
120 2976 1
21 2976 -1
21 2977 1
46 2977 -1
46 2978 1
71 2978 -1
71 2979 1
96 2979 -1
96 2980 1
121 2980 -1
121 2981 1
22 2981 -1
22 2982 1
47 2982 -1
47 2983 1
72 2983 -1
72 2984 1
97 2984 -1
97 2985 1
122 2985 -1
122 2986 1
23 2986 -1
23 2987 1
48 2987 -1
48 2988 1
73 2988 -1
73 2989 1
98 2989 -1
98 2990 1
123 2990 -1
123 2991 1
24 2991 -1
24 2992 1
49 2992 -1
49 2993 1
74 2993 -1
74 2994 1
99 2994 -1
99 2995 1
124 2995 -1
124 2996 1
25 2996 -1
25 2997 1
50 2997 -1
50 2998 1
75 2998 -1
75 2999 1
100 2999 -1
100 3000 1
125 3000 -1
