1 1 210.094492296
2 2 6.6171984206e-05
3 3 5.5125339923e-05
4 4 9.53131560977e-06
5 5 6.73886465801e-05
6 6 8.43740445773e-05
7 7 1.61029937856e-05
8 8 5.66346557639e-05
9 9 9.89019687534e-05
10 10 6.21283563676e-05
11 11 3868.99184186
12 12 9.46252617905e-05
13 13 8.33609238829e-05
14 14 1.19435604722e-05
15 15 9.59365266355e-06
16 16 2325.87724578
17 17 4.42613800145e-05
18 18 7.52379804172e-05
19 19 1747.31769412
20 20 991.950012649
21 21 3.32573011151e-05
22 22 8.29110877404e-05
23 23 3.96623528473e-05
24 24 3050.68747828
25 25 5.61566802596e-05
26 26 3.53939330603e-06
27 27 2.01372429063e-05
28 28 9.88728097148e-05
29 29 3.04762640368e-05
30 30 6.86391900108e-05
31 31 4.49462144947e-06
32 32 9.27639903622e-05
33 33 3581.9769697
34 34 7.46234206362e-05
35 35 6.34532124353e-05
36 36 3.3209892385e-05
37 37 2.00483305193e-05
38 38 8.71055579822e-07
39 39 362.270710349
40 40 6.99013456602e-05
41 41 7.3579174329e-05
42 42 1216.00382871
43 43 9.09785632807e-05
44 44 5.66848352653e-05
45 45 1640.35177397
46 46 9.51655272171e-05
47 47 7.17468298014e-05
48 48 8.55333315382e-05
49 49 6.31991858644e-05
50 50 2.26866390999e-06
51 51 7.21660190144e-05
52 52 2655.28505498
53 53 8.71043015517e-05
54 54 5.43047767335e-05
55 55 1.47398767271e-05
56 56 9.8599957012e-05
57 57 5416.67853616
58 58 2.51082620598e-05
59 59 5.01969129151e-05
60 60 8.95657429543e-05
61 61 4138.77251873
62 62 7.70463596354e-05
63 63 7.44703942394e-05
64 64 9.31228590925e-05
65 65 7.8118475549e-05
66 66 3102.9508415
67 67 1094.62028036
68 68 8.12881417713e-05
69 69 913.307888428
70 70 9.36028231452e-05
71 71 3.78873975388e-05
72 72 5.23771014964e-05
73 73 5.40350309836e-05
74 74 9.47138463878e-05
75 75 1.08126820553e-05
76 76 3.77674937483e-05
77 77 4725.3214983
78 78 7.36415050491e-05
79 79 6.46443477373e-05
80 80 9.36290319839e-05
81 81 6.77632970868e-05
82 82 9.03151386732e-05
83 83 2.59296614286e-05
84 84 8.10783263261e-05
85 85 1.66500905595e-05
86 86 6.65115709256e-05
87 87 5.56518516142e-06
88 88 8.21711089736e-05
89 89 39.9203189977
90 90 5.18225728766e-05
91 91 5.00993740017e-05
92 92 2.12081199078e-05
93 93 4.79812985805e-06
94 94 7.09982100733e-05
95 95 6.62398740841e-05
96 96 3.93972269954e-05
97 97 4.84474968249e-05
98 98 8.38300534682e-07
99 99 5554.50152967
100 100 5369.83577492
101 101 5.30411527229e-05
102 102 7.01675146647e-05
103 103 1.78347874743e-05
104 104 6.92008140748e-05
105 105 3.59046397879e-05
106 106 6.93967313511e-05
107 107 4.60664707512e-05
108 108 7.4993887681e-05
109 109 5.3967048392e-05
110 110 3.73380528045e-05
111 111 1.20861329123e-05
112 112 5.43331860803e-06
113 113 4.02616113929e-05
114 114 5.77693458383e-05
115 115 7.80789972503e-05
116 116 1.15141943551e-05
117 117 7.27125685062e-05
118 118 1.89416522637e-06
119 119 2.62335100069e-05
120 120 3.73438895824e-05
121 121 5.14445652311e-05
122 122 3770.59881595
123 123 5427.38833591
124 124 5.62521852143e-05
125 125 6.98135053639e-05
126 126 6.83113783574e-05
127 127 1.79461485303e-06
128 128 2333.27897884
129 129 9.77202054856e-05
130 130 5.91064165206e-05
131 131 9.07058247639e-05
132 132 8.64665387451e-05
133 133 9.24886530508e-05
134 134 695.018138412
135 135 5.40590131172e-06
136 136 9.89690482364e-05
137 137 8.49252876128e-05
138 138 7.09261118222e-05
139 139 6.94169928988e-05
140 140 3.57944958418e-05
141 141 4385.83005152
142 142 4.11298716889e-05
143 143 6.42609366642e-05
144 144 2.32311732915e-05
145 145 714.584292073
146 146 3410.62962847
147 147 9.64001400462e-05
148 148 1.11739169598e-05
149 149 8.41491964082e-05
150 150 5486.93697774
151 151 6.22709509325e-05
152 152 4516.41191562
153 153 9.98242946502e-05
154 154 3.12863338679e-05
155 155 8.02317133659e-05
156 156 3197.60969895
157 157 9.87793312929e-05
158 158 1.44462196224e-05
159 159 1.46258661955e-05
160 160 6.82666126008e-05
161 161 2.37876325941e-05
162 162 5555.25507132
163 163 4267.97331406
164 164 6.5282953116e-05
165 165 6.60118364822e-05
166 166 6.24169385025e-05
167 167 7.19853454752e-05
168 168 7.88079399125e-05
169 169 4.74644137647e-05
170 170 9.29094460914e-05
171 171 2.01723855217e-06
172 172 8.62864445029e-05
173 173 2471.31695665
174 174 6.59591102914e-05
175 175 2200.29297103
176 176 9.97758531014e-05
177 177 1.20323211969e-05
178 178 7.05987798826e-05
179 179 4.65086857812e-05
180 180 6.5967036275e-05
181 181 5.20051747973e-05
182 182 8.40546759145e-05
183 183 5181.96966231
184 184 9.76357220172e-05
185 185 5.01071062988e-05
186 186 8.61316436382e-05
187 187 7.40250332254e-05
188 188 3.5023171605e-05
189 189 3.70606804058e-05
190 190 8.2610644239e-05
191 191 6.87617244044e-06
192 192 6.90250660925e-05
193 193 3513.49049115
194 194 4.15732658687e-06
195 195 2.823192568e-05
196 196 1.0889011529e-05
197 197 3.48971733299e-05
198 198 630.908543681
199 199 3233.38825507
200 200 1277.48161033
201 201 6.10421931117e-05
202 202 4.99960301551e-05
203 203 9.18769645271e-05
204 204 9.65043080324e-05
205 205 5.06634471319e-05
206 206 4970.91934211
207 207 9.24138295741e-05
208 208 3780.80313628
209 209 8.10051145152e-06
210 210 1177.74659575
211 211 1235.26707606
212 212 7.6330225318e-05
213 213 9.53611858103e-05
214 214 8.75217932145e-05
215 215 6.34556511315e-05
216 216 4.84098874737e-05
217 217 8.96620254305e-05
218 218 1.26973970502e-05
219 219 7.67063964711e-05
220 220 2.51236991101e-05
221 221 1435.67872089
222 222 3.47639244075e-05
223 223 1.69570861058e-05
224 224 1.44357367884e-05
225 225 5.6436779745e-05
226 226 2.92136009685e-05
227 227 8.17182540283e-06
228 228 6.80860082515e-05
229 229 7.11149175203e-06
230 230 7.20834231311e-06
231 231 4254.20561771
232 232 5242.65560896
233 233 6.97017877506e-05
234 234 1.43763938659e-05
235 235 2.95938313381e-05
236 236 4452.46882723
237 237 7.14015539345e-05
238 238 3.28800480986e-05
239 239 3319.53487493
240 240 2.74037747078e-05
241 241 1.59994305393e-05
242 242 6.81974718543e-05
243 243 7.93042947931e-05
244 244 1.61894117231e-05
245 245 8.32906859959e-05
246 246 3832.73423366
247 247 1.42327583812e-05
248 248 2899.50100828
249 249 6.53092394133e-05
250 250 7.94300030292e-05
251 251 5.02255672904e-05
252 252 2750.35051195
253 253 5573.0429527
254 254 2.07883751482e-05
255 255 4.78108233641e-05
256 256 3.54239102706e-05
257 257 9.49001779428e-05
258 258 6.61129538057e-05
259 259 3211.93358502
260 260 7.98705145095e-05
261 261 1081.98472755
262 262 687.923107571
263 263 1.62734607613e-05
264 264 9.01569779497e-05
265 265 5.77825905102e-05
266 266 1.1077269743e-05
267 267 3.13095707636e-05
268 268 5.42917897401e-06
269 269 4356.03704682
270 270 2.70900566907e-05
271 271 3.95689519059e-05
272 272 4.94880438956e-05
273 273 6.77928494043e-05
274 274 182.005660364
275 275 2.2343663315e-05
276 276 687.5997802
277 277 5.85917874739e-05
278 278 5.53841429555e-05
279 279 4.95814176455e-05
280 280 9.47560091542e-05
281 281 2090.06548464
282 282 1022.49392317
283 283 3.04943567573e-05
284 284 7.36566509674e-05
285 285 2.42728796472e-05
286 286 7.84967051137e-05
287 287 4.91781195183e-05
288 288 6.10315974367e-05
289 289 4002.11667769
290 290 8.37888903726e-05
291 291 9.78009928698e-05
292 292 2309.72753412
293 293 4517.09616531
294 294 1.45283705782e-05
295 295 1.97025014181e-05
296 296 5.425826635e-05
297 297 4604.39674166
298 298 5385.12403269
299 299 3.46606828661e-05
300 300 4721.20988956
301 301 2.38268339924e-05
302 302 8.88186074057e-05
303 303 7.16313474918e-05
304 304 3.92558626832e-05
305 305 4.56897960968e-05
306 306 1.180697102e-05
307 307 8.64036829894e-05
308 308 1.38303540365e-05
309 309 2.59468107468e-05
310 310 3.75567168736e-05
311 311 7.57266807541e-05
312 312 1418.09460092
313 313 8.73835457836e-06
314 314 4.56799192211e-05
315 315 7.52374042899e-05
316 316 2.64353846404e-05
317 317 1.7194935533e-05
318 318 756.001777074
319 319 1.26538326495e-05
320 320 3042.17996546
321 321 2.69178329058e-05
322 322 4012.61845919
323 323 2499.66657396
324 324 7.24648927169e-05
325 325 5.42693993702e-05
326 326 2196.82517042
327 327 8.56171490924e-05
328 328 4.96418159379e-05
329 329 3175.4605464
330 330 4.00129682559e-06
331 331 3.56909354218e-05
332 332 3.17517342378e-06
333 333 2268.19306734
334 334 6.6703067409e-05
335 335 3655.53537324
336 336 6.83710080523e-05
337 337 2.38358208353e-05
338 338 9.95831290027e-06
339 339 243.520327859
340 340 7.84315063094e-05
341 341 5.40567832459e-05
342 342 4915.69554196
343 343 9.72200133509e-05
344 344 5.13816707733e-05
345 345 2.79427639505e-05
346 346 9.28047713984e-05
347 347 7.41586161813e-05
348 348 8.30370775178e-05
349 349 8.94148586733e-05
350 350 2.84410293357e-05
351 351 1.91394599137e-05
352 352 2310.04542447
353 353 3.10737798345e-05
354 354 2.64363752609e-05
355 355 8.48435950754e-05
356 356 9.18547816407e-05
357 357 3842.00017563
358 358 1.72516766788e-05
359 359 3789.45669774
360 360 3575.53619013
361 361 8.9988637831e-05
362 362 1667.76510628
363 363 8.48269149609e-05
364 364 2293.51831444
365 365 8.46639588634e-05
366 366 7.90810745259e-05
367 367 1189.01198154
368 368 1.73503525193e-05
369 369 5.60124541542e-05
370 370 3.72859437958e-05
371 371 1.91222008e-05
372 372 3.74619778272e-05
373 373 4.92428244413e-05
374 374 7.95691996755e-05
375 375 1464.42748367
376 376 3502.14326105
377 377 6.67373422967e-05
378 378 4.56203231293e-05
379 379 7.71595775045e-05
380 380 6.81695706424e-05
381 381 4870.58448693
382 382 2573.43880484
383 383 5.89432146955e-06
384 384 6.25222900853e-05
385 385 5.5792571138e-05
386 386 2181.26753115
387 387 8.81241669381e-05
388 388 3.33380415045e-05
389 389 4779.19585291
390 390 1.53732249555e-05
391 391 4550.7377027
392 392 8.16465451617e-06
393 393 1027.84104888
394 394 2.58112691115e-05
395 395 5.96330662295e-06
396 396 5219.62512881
397 397 1409.26266085
398 398 9.49669849014e-05
399 399 3334.00201406
400 400 8.81228479806e-05
401 401 3.64375696925e-05
402 402 2.17462973642e-05
403 403 9.76517095892e-05
404 404 9.09301091461e-05
405 405 2.89852938063e-05
406 406 5.62928603663e-05
407 407 4357.34099997
408 408 3005.80453093
409 409 2.09184795244e-05
410 410 5.69376789511e-05
411 411 4778.29900039
412 412 3.22536014327e-05
413 413 8.27168046629e-05
414 414 1.75234669609e-05
415 415 1.5364294807e-05
416 416 5.09875730988e-05
417 417 6.07085751123e-05
418 418 2.86640849162e-05
419 419 9.13185541914e-05
420 420 2.36717211221e-05
421 421 2.9298898912e-05
422 422 4.66388169565e-05
423 423 5023.26733292
424 424 6.7421425619e-05
425 425 5078.97337518
426 426 2196.97094468
427 427 5.47735568774e-05
428 428 9.62588000437e-05
429 429 1.16217938521e-05
430 430 9.38301005251e-05
431 431 2.40000038308e-05
432 432 1.89421627587e-05
433 433 4295.32251565
434 434 8.7331724227e-05
435 435 5.85911913152e-05
436 436 1.95123772678e-05
437 437 4.10665174094e-05
438 438 3204.75153457
439 439 5243.76051602
440 440 1071.95541298
441 441 8.91966740836e-05
442 442 1257.42313134
443 443 8.44103041731e-05
444 444 1.27709347165e-05
445 445 5.33634401531e-05
446 446 4.26292818984e-05
447 447 1585.80397863
448 448 4005.96819924
449 449 8.52435892025e-05
450 450 6.32084362449e-05
451 451 2.77675757313e-05
452 452 3.80931644649e-06
453 453 7.53765078051e-05
454 454 2138.95343871
455 455 6.96232042264e-06
456 456 5017.02950578
457 457 1.75756164386e-06
458 458 2289.66503443
459 459 4830.57357119
460 460 6.51178773734e-05
461 461 1.31455646392e-05
462 462 5.94048615532e-05
463 463 5.23154350301e-05
464 464 6.49454726633e-05
465 465 5517.94381182
466 466 6.56561085332e-05
467 467 4.85320602222e-05
468 468 1.35674090479e-05
469 469 2523.11150734
470 470 3577.63134706
471 471 7.40772874691e-05
472 472 1687.45936763
473 473 1.62697982029e-05
474 474 2.59832218105e-05
475 475 1299.66158315
476 476 38.5398708198
477 477 9.67893800864e-05
478 478 610.182316795
479 479 439.649344998
480 480 8.77757036531e-05
481 481 2262.54413775
482 482 183.544955247
483 483 1958.63208317
484 484 3.93310265672e-05
485 485 4.07226502704e-05
486 486 5.56055117083e-05
487 487 2.89258931289e-06
488 488 5057.84206718
489 489 3.96284007074e-05
490 490 2839.15664681
491 491 1931.63987767
492 492 4.34709919908e-05
493 493 2672.85551263
494 494 1473.34558912
495 495 2070.99465592
496 496 2.49146659124e-06
497 497 3189.4400687
498 498 2.98828221897e-05
499 499 4.52240982488e-05
500 500 5.44134129417e-05
501 501 2.47657271101e-05
502 502 7.21738691154e-05
503 503 6.98230732247e-05
504 504 3493.88785367
505 505 1211.79453711
506 506 4.25741515397e-06
507 507 2310.25538462
508 508 8.84052595186e-05
509 509 49.2318865149
510 510 2.55726174765e-05
511 511 1479.83925123
512 512 8.34463508006e-05
513 513 3.4501747024e-05
514 514 164.318226307
515 515 3.11949662678e-05
516 516 4622.98165998
517 517 6.24641637771e-05
518 518 6.00600630926e-05
519 519 8.46684581395e-05
520 520 6.6962407497e-05
521 521 1.2396940097e-05
522 522 7.7486584581e-05
523 523 2.11074145036e-05
524 524 2.87463388712e-06
525 525 8.50219174874e-05
526 526 6.82473275471e-06
527 527 2.48775861827e-05
528 528 2491.55747566
529 529 5.77247612118e-05
530 530 2077.57381558
531 531 3.78085832402e-05
532 532 3.2451176749e-05
533 533 1659.81478621
534 534 8.79936743802e-05
535 535 4546.49234192
536 536 3373.86379045
537 537 7.10069854037e-05
538 538 7.20179347015e-05
539 539 2665.5980353
540 540 2002.4854955
541 541 7.61414721573e-05
542 542 9.674399582e-05
543 543 5.71218484239e-05
544 544 4501.05018279
545 545 3719.19235961
546 546 4.34570493994e-06
547 547 3371.01724398
548 548 2.30682923814e-05
549 549 7.18065167486e-05
550 550 9.76697799212e-05
551 551 3.80809436586e-05
552 552 1468.7055957
553 553 4784.12698293
554 554 4.78006845059e-05
555 555 3.42169590823e-06
556 556 4.31144835718e-05
557 557 9.28748522297e-05
558 558 4625.58810694
559 559 3.13794102614e-06
560 560 1.54522461201e-05
561 561 4.95822382817e-05
562 562 3.50717389241e-05
563 563 5518.96469924
564 564 2.43867637117e-05
565 565 3685.04858465
566 566 8.21929680922e-05
567 567 2603.45518019
568 568 3.91001566325e-05
569 569 9.4350284478e-05
570 570 2.18662083065e-06
571 571 2657.71652208
572 572 9.34550918682e-05
573 573 9.55184799314e-05
574 574 4988.01525901
575 575 8.03030077809e-05
576 576 4773.52573756
577 577 1803.30966636
578 578 7.08374829275e-05
579 579 3674.26228402
580 580 1.47408827977e-05
581 581 503.3321177
582 582 5.88572343781e-05
583 583 2.64332250334e-05
584 584 5.58149622566e-05
585 585 4.94260080216e-05
586 586 1.48501580586e-05
587 587 7.07689044522e-05
588 588 220.616029941
589 589 5027.73876806
590 590 4.71668218837e-05
591 591 3312.58778184
592 592 7.98193926686e-05
593 593 6.78735006618e-05
594 594 9.93909738565e-05
595 595 2.34215740954e-05
596 596 1.89045468319e-05
597 597 2.10839186113e-05
598 598 1111.70802958
599 599 1.14310841789e-06
600 600 7.99909491198e-05
601 601 2.09489212259e-05
602 602 6.44406482212e-05
603 603 6.82382383099e-05
604 604 3712.7527601
605 605 1.3753809813e-05
606 606 1.44183312152e-06
607 607 4.55228284497e-05
608 608 3830.76212359
609 609 1281.64567056
610 610 4.73067900006e-05
611 611 3.11082939015e-05
612 612 2.01934363406e-05
613 613 4.39330847624e-06
614 614 2.29450955222e-05
615 615 3.34518949142e-05
616 616 9.3155950077e-05
617 617 4.63538301419e-05
618 618 7.70225954891e-08
619 619 2.59285946211e-05
620 620 2607.90679168
621 621 2418.34526361
622 622 8.11888109706e-05
623 623 1.31952061602e-06
624 624 7.15181165946e-05
625 625 9.08000369486e-05
626 626 8.34111849646e-05
627 627 4323.40974139
628 628 3.96531963178e-05
629 629 8.14326354291e-05
630 630 4.71636615416e-05
631 631 7.65699488154e-05
632 632 3018.04560227
633 633 3.59856513888e-05
634 634 6.82968275467e-05
635 635 4651.08365229
636 636 2798.64368649
637 637 3870.65833349
638 638 8.67202386581e-05
639 639 8.77007786726e-05
640 640 1014.16310897
641 641 7.79373101336e-05
642 642 1105.22888766
643 643 2.61603726799e-05
644 644 3.1674416418e-05
645 645 4.83068394918e-05
646 646 2879.17601386
647 647 8.54410061615e-05
648 648 3.85060171676e-05
649 649 2.13008158465e-05
650 650 5.31485115776e-06
651 651 296.184858283
652 652 8.14201686988e-05
653 653 3.49199545214e-05
654 654 8.43198664266e-05
655 655 5.03619450877e-05
656 656 3.49537115599e-05
657 657 2.65957488928e-05
658 658 4153.40476891
659 659 9.23483176799e-05
660 660 4.5485263581e-05
661 661 6.65570716806e-05
662 662 5.0357920532e-06
663 663 6.95794928596e-05
664 664 1.67433351307e-05
665 665 6.51183290624e-05
666 666 2.89603818028e-06
667 667 1.58884447367e-06
668 668 2.39898415895e-05
669 669 9.67282183795e-05
670 670 8.41593589256e-05
671 671 810.859075323
672 672 6.77921563058e-05
673 673 2561.71954727
674 674 2.25204175164e-05
675 675 3917.02570767
676 676 6.02107960859e-05
677 677 4.21329373247e-05
678 678 2.83861727907e-05
679 679 1.45169936556e-05
680 680 213.439315027
681 681 9.03745597191e-05
682 682 2.58636070051e-05
683 683 8.98846222289e-05
684 684 1612.96798976
685 685 9.10472700592e-05
686 686 3.65664527728e-05
687 687 4619.10334975
688 688 3.36653701635e-05
689 689 1.85361633332e-05
690 690 6.64037770421e-05
691 691 1.12709565098e-05
692 692 7.19026628236e-05
693 693 3317.63567205
694 694 1.3621899439e-05
695 695 4.54644985364e-06
696 696 1812.84689056
697 697 686.052351386
698 698 773.181048749
699 699 6.17386213808e-05
700 700 2437.50587515
701 701 1.49577848956e-05
702 702 7.0350636103e-05
703 703 8.58586179102e-05
704 704 3089.66708372
705 705 2144.56742597
706 706 1423.71578418
707 707 4.13871959802e-05
708 708 2998.17671678
709 709 3.58527858727e-05
710 710 9.47628645079e-05
711 711 9.56083361921e-05
712 712 1.42737664489e-05
713 713 4764.89054921
714 714 9.36725856935e-05
715 715 8.26219519828e-05
716 716 9.61773960665e-05
717 717 9.15625707965e-05
718 718 9.38877647415e-05
719 719 7.09387727496e-05
720 720 9.89555430738e-05
721 721 8.44654055293e-05
722 722 3.64673469456e-05
723 723 7.30255287403e-05
724 724 5.52211308601e-05
725 725 8.94743214532e-06
726 726 4.96769126196e-05
727 727 9.52699061975e-05
728 728 3.45900964912e-05
729 729 3.40187678942e-05
730 730 3.9513489019e-05
731 731 1.5793430756e-05
732 732 2.75974079481e-05
733 733 1.21967853103e-05
734 734 6.96935593389e-05
735 735 1.4116801833e-05
736 736 4.99972580172e-05
737 737 9.78322958662e-05
738 738 8.3730981643e-05
739 739 2485.8284046
740 740 9.93529480877e-05
741 741 8.27802292967e-05
742 742 2068.71436151
743 743 501.055069537
744 744 4.29083641668e-05
745 745 7.0192304961e-05
746 746 8.91881097646e-05
747 747 1.0267399992e-05
748 748 1082.98712919
749 749 1039.10964625
750 750 7.36056734834e-05
751 751 7.67385605302e-05
752 752 9.94451042041e-05
753 753 6.21794135278e-05
754 754 5.91896206947e-05
755 755 1.55543674087e-05
756 756 2.42267971807e-05
757 757 2.39848679807e-05
758 758 6.20461579523e-05
759 759 4.14866486583e-06
760 760 2847.41136643
761 761 3433.61403251
762 762 7.34361594994e-05
763 763 5.05273543017e-06
764 764 4376.43941014
765 765 4.83589033051e-05
766 766 4.55410586508e-07
767 767 8.51517883593e-06
768 768 7.5954815222e-05
769 769 7.09304684336e-05
770 770 2951.24305285
771 771 2.81806149102e-05
772 772 5.99329443637e-05
773 773 7.40396500336e-05
774 774 9.58654864395e-05
775 775 1.5774281199e-05
776 776 2.10239734333e-05
777 777 7.67570157934e-05
778 778 1063.15361827
779 779 1.84640544521e-05
780 780 796.338862422
781 781 4.68950364127e-05
782 782 3.50785975086e-05
783 783 2600.42308241
784 784 235.738170851
785 785 8.1550783439e-05
786 786 1.78283550104e-05
787 787 1.6660887723e-05
788 788 5.87992460261e-05
789 789 5.71402922214e-05
790 790 9.05575751008e-05
791 791 1.15223792467e-05
792 792 9.27941381293e-05
793 793 1.98958596304e-05
794 794 4.31579966749e-05
795 795 6.35493161505e-05
796 796 8.97450964129e-05
797 797 8.01715512481e-05
798 798 7.77519099543e-05
799 799 4.50446440822e-05
800 800 116.745280233
801 801 7.62004531327e-06
802 802 4.46755553163e-05
803 803 5318.3004609
804 804 3.64903902765e-05
805 805 6.29622963395e-05
806 806 1734.04747488
807 807 771.859522758
808 808 3218.66651167
809 809 2.99277058331e-05
810 810 1.29731148441e-05
811 811 1091.43583177
812 812 5286.1796816
813 813 9.31281844402e-05
814 814 4076.67612389
815 815 6.70655650589e-05
816 816 7.48361346991e-05
817 817 2447.9434538
818 818 1019.31362891
819 819 5353.05716042
820 820 6.45834339698e-05
821 821 6.4917682293e-05
822 822 8.58983360135e-05
823 823 3218.09406243
824 824 9.02764953129e-05
825 825 2425.08695767
826 826 9.75416959265e-05
827 827 3.93055019756e-05
828 828 441.088254221
829 829 5.22525519203e-05
830 830 4.49692804209e-05
831 831 2990.15020627
832 832 5437.23902216
833 833 7.46775989512e-06
834 834 2411.11385615
835 835 3.63484656261e-05
836 836 9.90270718162e-05
837 837 5.963831435e-05
838 838 9.60956286932e-05
839 839 4.00126167418e-05
840 840 6.49115542115e-05
841 841 4.74624221519e-05
842 842 3.96498552513e-05
843 843 7.23383813556e-05
844 844 6.46503924365e-05
845 845 3.00851166213e-05
846 846 5.95257444915e-05
847 847 7.14045566186e-05
848 848 9.17098963551e-05
849 849 4931.8831483
850 850 932.759241199
851 851 4695.95780153
852 852 5585.84328813
853 853 3.98444655615e-06
854 854 4.46302189212e-05
855 855 4179.96730498
856 856 3.87932350322e-05
857 857 6.59437738574e-05
858 858 2.63077050739e-05
859 859 898.63109292
860 860 9.07348869665e-05
861 861 3210.34121828
862 862 2.22652826378e-05
863 863 8.76859780247e-05
864 864 3.49505577072e-05
865 865 4091.09092547
866 866 2.83631079729e-05
867 867 2.69211609825e-05
868 868 954.269591764
869 869 3451.01616621
870 870 3609.5310471
871 871 6.48953024509e-05
872 872 1022.65059875
873 873 2172.24300838
874 874 5236.35880658
875 875 3.11688495231e-05
876 876 2672.91004856
877 877 7.71440767811e-05
878 878 8.02479164297e-05
879 879 1.33913038945e-05
880 880 3.02775874117e-05
881 881 1.38532330989e-05
882 882 6.80568645834e-05
883 883 8.22478036859e-06
884 884 6.28434945353e-06
885 885 9.9785741299e-05
886 886 254.835099725
887 887 1362.90628827
888 888 5.68921538392e-05
889 889 5.30266715894e-06
890 890 6.63343309287e-05
891 891 1245.81878425
892 892 7.65326054178e-05
893 893 3061.12350746
894 894 1.1681134055e-05
895 895 4.39899616302e-06
896 896 7.29794412411e-05
897 897 3236.5272196
898 898 1899.28203103
899 899 7.60806712331e-05
900 900 1.71873630645e-05
901 901 2727.20026688
902 902 874.776851449
903 903 6.50354264511e-05
904 904 8.54889708829e-05
905 905 4165.21947294
906 906 2.19050732812e-05
907 907 3349.95322674
908 908 5466.36107568
909 909 9.74387156969e-05
910 910 2.26345143253e-05
911 911 3.65577192561e-05
912 912 3.66652029244e-05
913 913 8.8045136312e-05
914 914 4.75748605261e-05
915 915 1.84436912248e-05
916 916 1647.34865161
917 917 5.17385500177e-05
918 918 9.8859631334e-05
919 919 8.12866510819e-05
920 920 6.26062531167e-05
921 921 1305.14319868
922 922 4.09644761501e-05
923 923 1865.734161
924 924 6.58989202979e-07
925 925 3.17790470986e-05
926 926 4145.20903372
927 927 3.49233402076e-05
928 928 4.38323541175e-05
929 929 2.91453217748e-05
930 930 2.14873790348e-05
931 931 4.8237095345e-05
932 932 8.0418071458e-05
933 933 7.41175270654e-06
934 934 2475.2125117
935 935 2.15668273103e-05
936 936 6.71847414415e-05
937 937 3388.96271804
938 938 4.77053532958e-05
939 939 4.54701988671e-05
940 940 7.64018744961e-05
941 941 7.11311735496e-05
942 942 6.06688797839e-05
943 943 8.5408688963e-05
944 944 488.927408248
945 945 4.48172217226e-05
946 946 3.70689734864e-05
947 947 5.91915802294e-05
948 948 4.59058068687e-05
949 949 5.5093622566e-05
950 950 3495.12596325
951 951 9.31073097896e-05
952 952 5.27923332511e-06
953 953 4044.08650652
954 954 5.92075097591e-05
955 955 3.10855158576e-05
956 956 9.72447159938e-05
957 957 2.42274045269e-05
958 958 1048.92204763
959 959 4.86584566537e-05
960 960 4.6439846665e-05
961 961 2.26272710878e-05
962 962 590.943927789
963 963 5.43775924074e-05
964 964 7.98763944229e-05
965 965 1.17117539121e-05
966 966 7.80226105163e-05
967 967 3.13911665463e-05
968 968 6.35356209843e-05
969 969 632.963488893
970 970 4.33672888423e-05
971 971 8.65346199406e-05
972 972 7.76154717091e-05
973 973 2789.74611541
974 974 9.53591139683e-05
975 975 545.865124806
976 976 9.36618805995e-06
977 977 6.45024994163e-05
978 978 1035.59592849
979 979 6.5657106408e-05
980 980 3.86243476089e-05
981 981 5.49920011453e-05
982 982 1317.81741424
983 983 4.09243092341e-05
984 984 4.44207557892e-05
985 985 1.47556441145e-06
986 986 9.49562566831e-05
987 987 1.64501732663e-05
988 988 2.91203227929e-05
989 989 1545.10229161
990 990 4.71926334687e-05
991 991 2988.81263957
992 992 3.00982580086e-05
993 993 6.48719827748e-06
994 994 7.64971998116e-05
995 995 2578.89851821
996 996 4.41903029365e-05
997 997 2262.62361483
998 998 4.77097441017e-05
999 999 6.81518568032e-05
1000 1000 5.46207030956e-05
