1 1 9.46763394209e-05
2 2 4868.69419957
3 3 2.10671444115e-05
4 4 6.2187112242e-06
5 5 9.02668990876e-06
6 6 9.86235201251e-05
7 7 4.97478837924e-05
8 8 7.92596495725e-05
9 9 7.88045765025e-05
10 10 7.43976760778e-05
11 11 4.48424036044e-05
12 12 4.56966471531e-05
13 13 1763.6058878
14 14 4501.70637909
15 15 3852.17699084
16 16 4.53023057238e-05
17 17 3.75843997447e-05
18 18 7.96665687474e-05
19 19 8.58863227748e-05
20 20 8.41142687796e-05
21 21 3.15303088519e-05
22 22 9.9283150241e-05
23 23 4833.33344884
24 24 8.72808444695e-05
25 25 1860.73848248
26 26 8.37959430256e-05
27 27 9.17098063086e-05
28 28 6.58300280394e-05
29 29 3.38638082778e-05
30 30 8.86818863904e-05
31 31 3.03656573368e-05
32 32 8.45929351562e-06
33 33 6.24767689061e-05
34 34 6.02573709038e-05
35 35 9.31566175387e-06
36 36 2.06600942465e-05
37 37 1934.9517784
38 38 3370.27467148
39 39 2.00269092305e-05
40 40 8.6499334971e-06
41 41 9.49958455666e-05
42 42 8.76430307206e-05
43 43 1367.72117869
44 44 5.59947763438e-05
45 45 3.25703523387e-05
46 46 2.26921365959e-05
47 47 6.06158608045e-05
48 48 2678.27187124
49 49 7.7591209527e-05
50 50 3369.31223932
51 51 9.48339530166e-05
52 52 9.90566257194e-05
53 53 4.82262654558e-05
54 54 1045.98623951
55 55 5.78219757624e-05
56 56 2806.5439643
57 57 5.33733607544e-05
58 58 7.7783798886e-05
59 59 6.28645190929e-05
60 60 8.88265052523e-06
61 61 1828.69723234
62 62 6.94122446738e-05
63 63 2886.40016846
64 64 5.82991896229e-05
65 65 1.64223789196e-05
66 66 7.24047923794e-05
67 67 7.42322341561e-05
68 68 5.23284077806e-05
69 69 7.51128041316e-05
70 70 8.43602049562e-05
71 71 4790.46239698
72 72 5.99134340413e-05
73 73 8.14572628504e-05
74 74 1.23994675007e-05
75 75 4.75111336498e-05
76 76 3767.09464704
77 77 7.74460814424e-05
78 78 7.11454448422e-05
79 79 2246.02498989
80 80 3.55358810217e-05
81 81 5.6872847781e-05
82 82 7.90838152209e-05
83 83 6.96373528139e-05
84 84 2.74105509168e-05
85 85 3.02405386309e-05
86 86 9.24763030113e-05
87 87 4.39912002012e-05
88 88 1.76163243687e-05
89 89 610.626852814
90 90 1.32769524625e-05
91 91 6.05784637747e-05
92 92 1.09276968618e-05
93 93 5.41100445452e-05
94 94 3.08254450585e-05
95 95 1.9341186954e-06
96 96 1.99300168296e-05
97 97 3843.4381606
98 98 6.81149132588e-06
99 99 7.54445881423e-05
100 100 9.47361067044e-05
101 101 1671.81618494
102 102 7.61327120512e-05
103 103 7.83358334519e-05
104 104 2.31696608947e-05
105 105 6.90345564233e-06
106 106 2.36428069228e-05
107 107 7.25732392763e-05
108 108 5.43575533205e-05
109 109 1.40078252816e-05
110 110 8.5413181035e-06
111 111 8.48652697058e-05
112 112 2.31772908071e-05
113 113 1497.19926561
114 114 1.15989978059e-05
115 115 6.59203374845e-05
116 116 2.20818410173e-05
117 117 947.917692776
118 118 6.87140472558e-05
119 119 9.08644798281e-05
120 120 8.04470390273e-05
121 121 7.0118507719e-05
122 122 1.02991136892e-05
123 123 3.29402591442e-05
124 124 800.412624741
125 125 1.54067896215e-05
126 126 6.37327295634e-05
127 127 6.8659351458e-05
128 128 4763.04849551
129 129 1905.33178028
130 130 5333.08694998
131 131 3.39294364023e-05
132 132 2154.7552343
133 133 1179.22139882
134 134 9.03176100823e-05
135 135 3.85788506374e-05
136 136 5464.55315574
137 137 3.87886664118e-05
138 138 8.87626017828e-05
139 139 9.84113056862e-05
140 140 3.05768915075e-05
141 141 8.14102186321e-05
142 142 1493.97849288
143 143 3.64290954223e-05
144 144 3.3538980891e-05
145 145 4.13814565851e-05
146 146 8.65025374801e-05
147 147 2.04954656649e-05
148 148 1.38847645402e-05
149 149 5141.72536933
150 150 4.56610719035e-05
151 151 6.59054480119e-05
152 152 5.89841169285e-05
153 153 7.18663816086e-05
154 154 9.47364514405e-05
155 155 788.124516562
156 156 1.65733014548e-05
157 157 7.20350352227e-06
158 158 4.23851306702e-05
159 159 5.83998132674e-05
160 160 3030.38339985
161 161 2.97230491949e-05
162 162 8.44503832168e-05
163 163 6.04263698788e-05
164 164 5.07007017661e-05
165 165 5.97420477621e-05
166 166 4.43502659274e-05
167 167 9.67973975949e-05
168 168 8.71000357532e-05
169 169 3830.87388251
170 170 2448.68548949
171 171 7.0222630017e-06
172 172 1099.21376494
173 173 4.35206903715e-08
174 174 2710.93734859
175 175 4.26457293712e-05
176 176 3752.99519408
177 177 4.20446255409e-05
178 178 3731.72383618
179 179 6.48106947979e-05
180 180 8.48746513464e-05
181 181 119.668235827
182 182 480.48617728
183 183 1.15277844404e-05
184 184 2790.46931473
185 185 104.20546709
186 186 7.34117160499e-05
187 187 8.88521192331e-05
188 188 7.44548040451e-05
189 189 5.21545459863e-05
190 190 3877.59351577
191 191 2013.48328952
192 192 6.07632501649e-05
193 193 5325.44772806
194 194 7.12399864504e-05
195 195 8.58176819246e-05
196 196 9.17111562912e-05
197 197 3584.57472987
198 198 7.46721531794e-05
199 199 7.64845972748e-05
200 200 5.77897019127e-05
201 201 5292.51668689
202 202 7.84456258195e-05
203 203 4.9722240701e-05
204 204 6.47572676336e-05
205 205 1936.92686039
206 206 5247.83185113
207 207 5.69050418449e-05
208 208 5233.78408088
209 209 3.48935640949e-05
210 210 3999.48120932
211 211 196.071246784
212 212 9.5260250276e-05
213 213 5.44058824865e-05
214 214 2.44682297009e-05
215 215 1.83580178162e-05
216 216 1975.26186745
217 217 3.75341096122e-05
218 218 5.87201931218e-05
219 219 5.09758839384e-05
220 220 772.880446232
221 221 9.81137286145e-05
222 222 5.14654899589e-05
223 223 6.19028259063e-05
224 224 9.88520768436e-05
225 225 8.70370493097e-05
226 226 1306.55592336
227 227 5.13598497852e-05
228 228 7.53626776629e-05
229 229 562.602038288
230 230 4926.11785636
231 231 4.09152978796e-05
232 232 4.47332031185e-05
233 233 6.34963066711e-05
234 234 8.65956015799e-05
235 235 6.32807190145e-05
236 236 4.45940638391e-05
237 237 1183.60780036
238 238 4614.24522532
239 239 3.29624401728e-05
240 240 9.99309149425e-05
241 241 2771.51435618
242 242 4.7868499788e-05
243 243 7.51273586536e-05
244 244 3.39025254989e-05
245 245 3009.57730926
246 246 6.76275778603e-05
247 247 2.626195453e-05
248 248 712.563876238
249 249 5.50225927549e-05
250 250 1.77152950769e-05
251 251 252.63583182
252 252 8.60200775832e-05
253 253 7.59733492139e-05
254 254 4.03817615281e-05
255 255 2474.58381246
256 256 8.41890860783e-05
257 257 2.09206452153e-05
258 258 2.9358639335e-05
259 259 1.45524218675e-05
260 260 5.86258877432e-05
261 261 3.97633037138e-05
262 262 1.04017228881e-07
263 263 7.2932447216e-05
264 264 6.1170829985e-05
265 265 4380.3506052
266 266 4.9067591268e-05
267 267 4.36430974675e-05
268 268 943.069443539
269 269 3.27084442228e-05
270 270 1029.37492619
271 271 8.25168859518e-06
272 272 3.27794431849e-05
273 273 3.37562445669e-05
274 274 7.47729308983e-05
275 275 2385.34699745
276 276 4.3898412968e-05
277 277 5.23160262728e-05
278 278 7.70027733956e-05
279 279 2.12506283509e-05
280 280 6.95077438025e-05
281 281 3.72312665632e-05
282 282 7.02263431756e-05
283 283 3999.7870162
284 284 9.87170898606e-06
285 285 274.201238745
286 286 6.02370916548e-05
287 287 1696.64053181
288 288 7.95806797694e-05
289 289 5.65807322902e-05
290 290 6.50758520658e-05
291 291 5.70780697441e-05
292 292 2724.6450957
293 293 9.62511497609e-05
294 294 6.55704184748e-05
295 295 1331.24148425
296 296 5554.34327979
297 297 6.34391971595e-05
298 298 1.79181962959e-05
299 299 4.41117185794e-05
300 300 1.53254748408e-05
301 301 2.85534710155e-05
302 302 3443.76830127
303 303 3.56112292009e-05
304 304 6.1964724006e-05
305 305 893.533960354
306 306 8.1954660901e-05
307 307 2.71502247487e-05
308 308 6.79020913604e-05
309 309 4079.15975825
310 310 6.65013433917e-05
311 311 2177.39290328
312 312 6.67214794191e-05
313 313 1.64808773883e-05
314 314 8.8159703878e-05
315 315 4936.62482267
316 316 104.061344941
317 317 9.21440376961e-05
318 318 4.18191890166e-05
319 319 4225.50024449
320 320 9.50048620605e-05
321 321 6.50636648827e-05
322 322 5.1008775564e-05
323 323 6.30929203924e-05
324 324 1843.48235373
325 325 7.54130077492e-05
326 326 2.01347352634e-05
327 327 1926.65505954
328 328 1.35392198971e-05
329 329 2.25491508179e-05
330 330 3.61922169463e-05
331 331 6.20820746816e-05
332 332 3.17545531173e-05
333 333 4590.53576446
334 334 4186.55031278
335 335 3.39013462321e-05
336 336 5588.28939345
337 337 7.11752060034e-05
338 338 6.17282281965e-05
339 339 9.2356295902e-05
340 340 7.03201936801e-05
341 341 1355.86600167
342 342 5.59639839146e-05
343 343 5.24991553465e-05
344 344 3.91932489679e-05
345 345 7.78821502019e-05
346 346 8.71085386621e-05
347 347 1.51378746454e-06
348 348 2.53651099953e-05
349 349 4.45896743951e-05
350 350 9.61634218047e-05
351 351 5.72732574965e-05
352 352 5.36294748367e-05
353 353 2.68395807392e-05
354 354 2.46827736441e-05
355 355 4.97929630078e-06
356 356 3.50620657229e-05
357 357 6.53437159252e-05
358 358 4505.61022243
359 359 9.1803900593e-05
360 360 6.14129292693e-05
361 361 5.55512665834e-05
362 362 8.2084546529e-05
363 363 3447.19427895
364 364 4.55051959205e-05
365 365 3.98225109527e-05
366 366 8.23725043014e-05
367 367 4735.66986914
368 368 5.41778173733e-05
369 369 3.59067021286e-05
370 370 9.63553561012e-06
371 371 8.19743706356e-05
372 372 4204.79146947
373 373 1.98241211e-05
374 374 1089.00419474
375 375 6.65722296289e-05
376 376 7.61682870872e-05
377 377 5.36269094362e-05
378 378 3142.91371484
379 379 5.22543359754e-05
380 380 6.59738087057e-05
381 381 1.74387959188e-05
382 382 4358.55010047
383 383 9.582603126e-05
384 384 7.117547823e-05
385 385 4416.19826698
386 386 3305.35685971
387 387 2.47166797447e-05
388 388 3821.8875834
389 389 9.93108976053e-05
390 390 6.59099653494e-05
391 391 1961.80144397
392 392 3.7716156276e-05
393 393 9.72433255278e-05
394 394 1.97314650104e-05
395 395 9.78634501334e-05
396 396 5.74337380311e-05
397 397 9.74885908523e-05
398 398 6.54989843071e-05
399 399 9.52985850637e-05
400 400 1.53397525976e-05
401 401 5.57376059408e-05
402 402 173.111059514
403 403 7.44752238666e-05
404 404 5.43242089791e-05
405 405 4.70465473623e-05
406 406 3.1893748082e-05
407 407 2504.02841458
408 408 307.111080885
409 409 3185.34171789
410 410 8.37245766031e-06
411 411 8.92814159341e-05
412 412 2532.75142637
413 413 1.45330291954e-05
414 414 3915.62739395
415 415 3482.19281327
416 416 3921.59901525
417 417 1631.29560615
418 418 1.77165230807e-05
419 419 3235.13258584
420 420 2286.79423733
421 421 1.21353870218e-05
422 422 5.06160274225e-05
423 423 350.956778814
424 424 1.42854089981e-05
425 425 4226.1951638
426 426 1.5055711848e-06
427 427 5.4624837164e-05
428 428 2.1714590581e-05
429 429 2.2616081122e-05
430 430 7.83530906804e-05
431 431 6.85006040358e-05
432 432 2.7324213947e-05
433 433 7.08324927908e-05
434 434 7.66918319603e-05
435 435 3.59213665069e-05
436 436 2.47637379777e-05
437 437 5136.29940207
438 438 4.61618942226e-05
439 439 9.82460563241e-05
440 440 1.84452900443e-05
441 441 8.97170642547e-05
442 442 7.73294080241e-05
443 443 9.86796835823e-05
444 444 3.70251617885e-05
445 445 3.41059473847e-05
446 446 1.29380912913e-05
447 447 9.43506295144e-05
448 448 3618.93883537
449 449 4.6642264856e-05
450 450 7.8674860548e-05
451 451 1.91531164116e-05
452 452 3510.80248533
453 453 4.32338905311e-05
454 454 542.434920036
455 455 4046.02572963
456 456 1.48466374878e-05
457 457 9.5094913356e-06
458 458 4840.17615709
459 459 1.41880325619e-05
460 460 9.09583889901e-05
461 461 1.29629578175e-05
462 462 4.58533330925e-05
463 463 2720.07801926
464 464 2.90843636559e-05
465 465 4.78528678414e-05
466 466 8.75088745249e-05
467 467 5.65313615823e-05
468 468 5488.6003044
469 469 4.16265104477e-05
470 470 9.14440933331e-05
471 471 2846.49129854
472 472 3398.02842381
473 473 8.68723212801e-05
474 474 9.04394489806e-05
475 475 5391.89604933
476 476 7.19869496377e-05
477 477 3.03369760703e-05
478 478 4.99507711615e-05
479 479 2.74250018226e-05
480 480 6.4789937228e-05
481 481 4969.33204697
482 482 8.89856164014e-05
483 483 8.12537198768e-05
484 484 5.08663835068e-05
485 485 3.11746167166e-05
486 486 3656.72721429
487 487 2.91630231502e-06
488 488 1.10614240692e-05
489 489 6.1689728946e-05
490 490 385.377603745
491 491 1.28184601728e-05
492 492 8.4218244005e-05
493 493 1.63872363596e-05
494 494 6.14796948361e-06
495 495 5106.91412564
496 496 3.1248319011e-05
497 497 3.93698991369e-05
498 498 2.18142819811e-05
499 499 4.39777665417e-05
500 500 9.0872458518e-05
501 501 7.94472830591e-05
502 502 5.24108869238e-05
503 503 6.00615522921e-05
504 504 265.914060076
505 505 9.63941939158e-06
506 506 573.223043028
507 507 7.60963318678e-05
508 508 4860.0276194
509 509 69.4654120961
510 510 9.9448340239e-05
511 511 6.4002135478e-05
512 512 1.6043344108e-05
513 513 2.12807132363e-05
514 514 6.80587103231e-05
515 515 7.58410445074e-05
516 516 2788.57814302
517 517 5404.10321692
518 518 4.89108611335e-05
519 519 6.56700708616e-05
520 520 3782.49698474
521 521 4.88424538668e-05
522 522 2.78287698959e-05
523 523 9.3201405067e-05
524 524 9.55495442812e-05
525 525 276.592296218
526 526 1030.03495808
527 527 2.30895549086e-05
528 528 4234.34391799
529 529 9.94346106755e-05
530 530 7.65990898392e-05
531 531 1213.87709321
532 532 4.00831623644e-05
533 533 3.92682660243e-05
534 534 2.89219512218e-05
535 535 5.04176143412e-05
536 536 9.36195701158e-05
537 537 9.68270894779e-05
538 538 5.48280578509e-05
539 539 5.0066900045e-05
540 540 8.35403549077e-05
541 541 1219.4293517
542 542 2.16413219314e-05
543 543 6.16949327938e-05
544 544 9.58629847709e-05
545 545 9.49168476101e-05
546 546 3.98218758643e-05
547 547 6.09934672341e-06
548 548 5.76339343771e-05
549 549 6.49385318383e-06
550 550 7.00058778843e-05
551 551 6.66700891542e-05
552 552 2704.11281455
553 553 2764.6011861
554 554 1.60703421911e-05
555 555 5.49017398868e-05
556 556 5.30392361206e-05
557 557 3117.39965293
558 558 9.19207620922e-05
559 559 2.22049893607e-06
560 560 6.18695922834e-05
561 561 5113.24616769
562 562 1.74163745166e-05
563 563 8.38539626384e-05
564 564 5.43271643181e-05
565 565 8.97064031733e-05
566 566 5435.27411593
567 567 7.10086936577e-05
568 568 2.95502256009e-05
569 569 4937.05346684
570 570 9.49548369337e-05
571 571 5.91000093354e-05
572 572 4.69302529813e-05
573 573 4.71332875547e-05
574 574 4148.28791814
575 575 5087.56256089
576 576 6.37430192388e-06
577 577 5.79888091557e-05
578 578 3.58838621089e-05
579 579 2.55451093867e-05
580 580 2390.52609483
581 581 9.65620565891e-06
582 582 8.94517815923e-05
583 583 1336.64680649
584 584 3423.12452094
585 585 3.36388653125e-05
586 586 1.04894461542e-05
587 587 7.15209233422e-05
588 588 2044.11428038
589 589 4.01140109546e-05
590 590 3584.92096316
591 591 411.818209708
592 592 9.253295515e-06
593 593 1.54221251484e-05
594 594 8.90244467535e-05
595 595 3.18535366807e-05
596 596 2.72454280072e-05
597 597 5.53149836928e-05
598 598 4.01242672591e-05
599 599 5.60627508428e-05
600 600 765.007413114
601 601 2628.10162133
602 602 2.7321757655e-05
603 603 5.63043244258e-05
604 604 2.28037813426e-05
605 605 3908.78787753
606 606 5.61159100736e-05
607 607 8.2632639992e-05
608 608 8.98431448972e-05
609 609 6.49843941821e-05
610 610 4604.8532621
611 611 4125.6073957
612 612 205.120456032
613 613 7.33703246757e-05
614 614 4769.57769964
615 615 7.54491418095e-05
616 616 5.37279424211e-05
617 617 1.00864773284e-05
618 618 9.54627592359e-06
619 619 6.59890287852e-05
620 620 4.85851769717e-05
621 621 2.34368203811e-05
622 622 9.68575896564e-05
623 623 1.25945013865e-05
624 624 1539.95204626
625 625 5.10122845788e-05
626 626 864.932116534
627 627 4.82511813719e-05
628 628 1951.60350232
629 629 3.15346320706e-05
630 630 7.81802216307e-05
631 631 3991.74807495
632 632 5.73280828305e-05
633 633 6.88138900019e-05
634 634 5.74574585468e-06
635 635 2.89930289267e-05
636 636 9.54737635729e-05
637 637 1.90637160406e-05
638 638 7.12767284365e-05
639 639 4544.5088375
640 640 9.36422818343e-05
641 641 3147.12008772
642 642 2330.67296774
643 643 1541.84858171
644 644 1.32974911714e-05
645 645 5.84761076317e-05
646 646 8.56309351708e-06
647 647 8.59839566985e-05
648 648 9.84731377563e-05
649 649 4.20982331202e-05
650 650 8.975641007e-05
651 651 3.97091982685e-05
652 652 7.72204937637e-05
653 653 6.07902235905e-05
654 654 2376.95863628
655 655 2476.14046672
656 656 6.46342020763e-05
657 657 3.5637702629e-05
658 658 6.373751597e-05
659 659 7.7985053155e-05
660 660 489.656217429
661 661 9.47391699508e-05
662 662 2.56099704565e-05
663 663 4.15572621701e-05
664 664 4.78749627053e-05
665 665 5.89269748252e-05
666 666 1.91704677919e-05
667 667 9.38257763936e-05
668 668 5.57823180506e-05
669 669 3.58480087025e-06
670 670 367.682322675
671 671 4.73112476505e-05
672 672 4356.85358213
673 673 9.6155630019e-05
674 674 6.63504388072e-05
675 675 1.20028069387e-05
676 676 7.78445945923e-05
677 677 3.77677398172e-05
678 678 7.97921394502e-06
679 679 2138.10018173
680 680 3.2030086082e-05
681 681 4888.03041732
682 682 4869.8609542
683 683 7.84995278283e-05
684 684 3.61032671008e-05
685 685 9.06642273677e-05
686 686 6.34586619947e-05
687 687 1.78022441485e-05
688 688 7.39608843028e-05
689 689 1.51477868838e-05
690 690 8.02361756021e-05
691 691 6.38953376736e-05
692 692 1.36984044007e-05
693 693 3.53903495054e-05
694 694 2.60510383657e-05
695 695 9.66811343794e-05
696 696 5.03503107983e-05
697 697 6.73307540773e-05
698 698 3585.69393337
699 699 4.29803445082e-05
700 700 5155.49103444
701 701 3.0773100474e-05
702 702 634.547986148
703 703 948.920270802
704 704 6.76448149304e-05
705 705 5.094717524e-05
706 706 2864.88695399
707 707 6.42095105917e-05
708 708 1.84727267683e-05
709 709 2.33027945519e-05
710 710 8.91033824323e-05
711 711 8.50174151388e-05
712 712 6.74350082918e-06
713 713 2.47247102056e-05
714 714 5.41034091527e-05
715 715 3034.30387678
716 716 1054.25836802
717 717 2.70976687256e-05
718 718 9.55886390198e-05
719 719 6.09772956639e-05
720 720 1530.11381448
721 721 1.68990750579e-05
722 722 5396.17969846
723 723 5.16210666863e-05
724 724 2403.013846
725 725 1.43059802759e-05
726 726 1.49148888061e-05
727 727 4.13313302465e-05
728 728 4865.2309508
729 729 7.53153422421e-05
730 730 6.02441004635e-05
731 731 9.77245874225e-05
732 732 4605.92695965
733 733 1.82777955819e-06
734 734 9.30829379558e-05
735 735 4332.99355864
736 736 4.91323235836e-05
737 737 7.88640626347e-05
738 738 5.13913472454e-05
739 739 4.59155699701e-05
740 740 1.1032987214e-05
741 741 4169.44343306
742 742 9.46563467451e-05
743 743 7.67668770434e-05
744 744 7.50809426006e-05
745 745 2.26906457323e-05
746 746 9.18187056964e-06
747 747 153.907171474
748 748 5.64238010381e-05
749 749 6.2313355047e-05
750 750 1.42881209236e-05
751 751 3.05384916061e-05
752 752 9.54612388294e-05
753 753 6.12990319593e-05
754 754 1.75584067307e-05
755 755 3338.10049779
756 756 5.59699055248e-05
757 757 4.73660431981e-05
758 758 194.635763212
759 759 8.54052043758e-05
760 760 9.7852560753e-05
761 761 6.07162262055e-06
762 762 6.87665632338e-05
763 763 5622.84860217
764 764 4.11689822516e-05
765 765 3191.82456126
766 766 1337.41881297
767 767 3978.6454261
768 768 6.49963295851e-05
769 769 5.59460797905e-05
770 770 2.14129377953e-05
771 771 989.353497892
772 772 1.88484294942e-05
773 773 5026.05528346
774 774 3826.73604518
775 775 3.55401648279e-05
776 776 3.04467672481e-05
777 777 4425.97386625
778 778 4.17095091664e-05
779 779 132.917030668
780 780 7.48805990347e-05
781 781 9.0767043026e-06
782 782 9.13759217616e-05
783 783 5.29395235449e-05
784 784 4.03961476047e-05
785 785 5.09705564535e-05
786 786 6.81653109617e-05
787 787 7.74435687539e-05
788 788 2097.25731139
789 789 5.91395349429e-05
790 790 552.210188757
791 791 7.51669617405e-05
792 792 3763.42289496
793 793 7.91539328959e-05
794 794 4285.80741706
795 795 3.6689637595e-05
796 796 2.03276701067e-05
797 797 5026.4070708
798 798 2.16533412416e-05
799 799 3872.15358012
800 800 6.10344836792e-06
801 801 7.50739029097e-05
802 802 6.12293574561e-05
803 803 4627.93219135
804 804 8.16350968498e-06
805 805 5083.56990637
806 806 3094.17027286
807 807 7.42987540911e-05
808 808 2.95120488364e-05
809 809 2.59542469153e-05
810 810 1060.23462699
811 811 8.81151045012e-05
812 812 4.07405796721e-06
813 813 8.82983609469e-05
814 814 7.51150708751e-05
815 815 4.16274713522e-07
816 816 4.83799174782e-05
817 817 8.21525776345e-05
818 818 595.897234595
819 819 7.60440737821e-05
820 820 9.65495936184e-05
821 821 5.97362689473e-05
822 822 6.02852625205e-05
823 823 4.74655638102e-05
824 824 5.72588469509e-05
825 825 4.66226720289e-05
826 826 6.52180086255e-05
827 827 811.668650068
828 828 4.22907740069e-05
829 829 2008.92515976
830 830 494.860651487
831 831 1.43970547281e-05
832 832 5.86435535022e-05
833 833 1.02576065647e-05
834 834 4.72624390176e-05
835 835 4938.6372518
836 836 3.52105248009e-06
837 837 4412.74553708
838 838 4034.09426701
839 839 5620.0655136
840 840 4.79210342773e-05
841 841 2.72718200728e-05
842 842 6.91372182028e-05
843 843 1.94109499763e-05
844 844 7.22182519869e-06
845 845 3.37218638612e-05
846 846 7.17775180682e-06
847 847 7.9493904966e-05
848 848 5.49515797752e-08
849 849 5.56939357648e-05
850 850 1.34394033342e-05
851 851 5.76635104471e-05
852 852 2.24501589404e-05
853 853 8.05009584506e-05
854 854 4.85244368234e-05
855 855 775.453417375
856 856 9.04382684823e-06
857 857 3654.0220941
858 858 5.80525027273e-05
859 859 8.39641366362e-05
860 860 4052.48598488
861 861 6.11136811374e-05
862 862 1082.5279248
863 863 7.77762405385e-05
864 864 1879.8792854
865 865 5271.51327803
866 866 4.48487211536e-05
867 867 6.03085642502e-05
868 868 1026.05698396
869 869 7.96113877438e-05
870 870 673.91759079
871 871 9.98200629397e-05
872 872 1430.8282463
873 873 7.30071617305e-05
874 874 1.56805236629e-05
875 875 9.40981505423e-05
876 876 2020.84040816
877 877 7.68023132112e-05
878 878 4.30474941009e-06
879 879 8.55339726874e-05
880 880 9.17246543001e-05
881 881 6.37465928365e-05
882 882 6.48262951436e-05
883 883 5.23965148703e-05
884 884 9.73312528072e-05
885 885 7.16515347214e-05
886 886 4619.85736534
887 887 5549.71326993
888 888 4718.04365856
889 889 4.2036690093e-05
890 890 6.94427794552e-05
891 891 2505.61513157
892 892 2150.37050296
893 893 4202.46888793
894 894 4.4098393623e-05
895 895 1438.45542114
896 896 4.87194453529e-05
897 897 6.48628930595e-05
898 898 5.11557468453e-05
899 899 1609.79462607
900 900 3331.84447148
901 901 1.75815106295e-05
902 902 3.23837783252e-06
903 903 9.93394301743e-05
904 904 4.4444887724e-06
905 905 508.304595817
906 906 6.66271244957e-05
907 907 5.7621266565e-05
908 908 7.99845587116e-06
909 909 1.92753773026e-05
910 910 3.48018679669e-05
911 911 9.60967108073e-06
912 912 3221.02493549
913 913 5.56776912111e-05
914 914 4450.57183982
915 915 8.20167529984e-05
916 916 6.61231808918e-05
917 917 8.64631909984e-05
918 918 5164.62188961
919 919 4049.33850842
920 920 7.11746065917e-06
921 921 6.1149920992e-05
922 922 9.29072169823e-05
923 923 4.66122036478e-06
924 924 1996.27413549
925 925 1600.40648539
926 926 1.19609280596e-05
927 927 3.37966482381e-05
928 928 1.04335592821e-05
929 929 2914.88165791
930 930 4.95067651851e-05
931 931 2.55483167932e-05
932 932 4.71983061354e-05
933 933 3.50905797134e-05
934 934 3.29797986586e-05
935 935 3203.19028773
936 936 5.37297708937e-05
937 937 7.1265932351e-06
938 938 4569.1070862
939 939 3.97364077235e-05
940 940 3210.75749372
941 941 8.06046049887e-05
942 942 3151.20363681
943 943 4349.7430319
944 944 4.80478740777e-05
945 945 3.52204202038e-05
946 946 4.53099322231e-05
947 947 6.43693496184e-05
948 948 5022.92649049
949 949 7.47381871478e-05
950 950 1545.31132471
951 951 4.99455553086e-05
952 952 3.7796220158e-05
953 953 8.34312786238e-05
954 954 1.78545483925e-06
955 955 6.53027426211e-05
956 956 4895.50201158
957 957 4.45786178459e-05
958 958 8.25410866259e-05
959 959 3.25795272338e-05
960 960 6.07209039773e-05
961 961 3772.23061319
962 962 4.14605299419e-05
963 963 8.80295525889e-05
964 964 4.51005412657e-05
965 965 4.68019668504e-05
966 966 1.64051729973e-05
967 967 6.58589282582e-05
968 968 4.12796769925e-05
969 969 2.82418042651e-05
970 970 5.05645556886e-05
971 971 9.77478441356e-05
972 972 3.35375984324e-05
973 973 5.18191144398e-05
974 974 2.18294746649e-06
975 975 3.85295405992e-05
976 976 4.62829132456e-05
977 977 4633.69452136
978 978 1.78586432897e-05
979 979 6.0876466566e-05
980 980 2.87303596954e-05
981 981 3.55603093376e-05
982 982 4541.97520196
983 983 9.35434038704e-05
984 984 3.42012346326e-05
985 985 3649.50852105
986 986 9.1820670463e-05
987 987 7.85133741509e-05
988 988 5.54772433234e-05
989 989 5452.31067789
990 990 6.78490434538e-05
991 991 3.21866812656e-05
992 992 3.78780603326e-05
993 993 1635.77631361
994 994 2.76712986856e-05
995 995 4.38063544638e-05
996 996 2858.93406924
997 997 2.49347239046e-05
998 998 6.22917845375e-05
999 999 6.0219947532e-05
1000 1000 4.08133974564e-05
