1 1 492.063642322
2 2 153.081277477
3 3 597.899222914
4 4 0.00451844663905
5 5 152.356683118
6 6 402.891402786
7 7 27.7481713782
8 8 0.000973810315305
9 9 0.00684578099566
10 10 544.103287094
11 11 74.4338355042
12 12 369.625112336
13 13 0.00556369297759
14 14 583.224044077
15 15 39.563621024
16 16 0.00480963698287
17 17 534.574068705
18 18 409.703333344
19 19 492.055916083
20 20 490.095829026
21 21 555.170188722
22 22 428.837426018
23 23 231.535858704
24 24 547.708483083
25 25 64.4347245457
26 26 311.516748537
27 27 374.715909021
28 28 611.67460544
29 29 186.747702028
30 30 238.674670851
31 31 0.00270132012305
32 32 202.101263149
33 33 473.930594295
34 34 0.00303064333152
35 35 593.322947763
36 36 611.256293525
37 37 494.281913845
38 38 609.2723969
39 39 366.65548243
40 40 528.41561201
41 41 0.00869908510538
42 42 62.6922777596
43 43 253.310157907
44 44 133.422326956
45 45 99.2989044899
46 46 339.899913057
47 47 483.789797256
48 48 12.0498212678
49 49 213.927615004
50 50 0.00205740939603
51 51 232.999296728
52 52 271.91676136
53 53 475.964308933
54 54 366.145460024
55 55 84.1674130495
56 56 0.00985320067308
57 57 489.460895165
58 58 9.68199209536
59 59 419.526546218
60 60 445.590051797
61 61 288.26672118
62 62 404.882637947
63 63 43.4513490442
64 64 0.00581381561812
65 65 625.710991578
66 66 523.679225892
67 67 448.323163529
68 68 117.310892111
69 69 239.485676902
70 70 225.644045789
71 71 0.0076518467359
72 72 574.670595761
73 73 265.144192894
74 74 267.3032435
75 75 0.00472241216096
76 76 149.231093809
77 77 427.512742554
78 78 0.00693216779887
79 79 128.233950807
80 80 290.502121648
81 81 123.289974488
82 82 327.256279075
83 83 570.643523269
84 84 0.00612365225325
85 85 410.896947509
86 86 258.284007867
87 87 485.123457299
88 88 341.236515659
89 89 0.00151528570738
90 90 610.356440359
91 91 0.0028055821741
92 92 9.66253451664
93 93 0.00899417077996
94 94 0.00776892674861
95 95 437.041103075
96 96 0.000215551268666
97 97 114.459502596
98 98 199.555524636
99 99 317.061727358
100 100 437.200321573
101 101 90.9265352367
102 102 0.00421621310779
103 103 576.269469048
104 104 264.183875046
105 105 80.4188125266
106 106 495.793825763
107 107 0.00689037158109
108 108 0.00179496413577
109 109 0.0083523910254
110 110 560.689551149
111 111 88.540989109
112 112 309.781700542
113 113 309.465206116
114 114 0.00708562557023
115 115 0.00362870874784
116 116 397.278119897
117 117 205.696511403
118 118 0.00752136306654
119 119 210.289462242
120 120 292.745555574
121 121 511.808098982
122 122 555.950744515
123 123 0.00881606443109
124 124 0.0047193047876
125 125 485.112459749
126 126 570.730988225
127 127 6.11342462421
128 128 378.412853573
129 129 188.645873403
130 130 429.090289123
131 131 135.533696105
132 132 245.161771234
133 133 412.457785479
134 134 171.517341301
135 135 0.00534679160991
136 136 280.391074401
137 137 248.550427606
138 138 42.6814306588
139 139 0.00181331269032
140 140 615.711580148
141 141 535.946183141
142 142 11.8138080872
143 143 283.921414165
144 144 0.000526582291501
145 145 269.686280117
146 146 354.907955634
147 147 348.63752964
148 148 0.00492186590773
149 149 487.444109429
150 150 586.226855274
151 151 116.236671107
152 152 421.753436574
153 153 361.891260549
154 154 0.00997439232302
155 155 313.962026971
156 156 0.00756872884412
157 157 434.962175074
158 158 400.512128911
159 159 374.119130287
160 160 175.03138805
161 161 0.00552626651331
162 162 49.1121269021
163 163 478.745359642
164 164 25.4195788416
165 165 29.6675447798
166 166 0.00295918470749
167 167 7.77117946429
168 168 331.883461659
169 169 402.517969221
170 170 0.00725452348678
171 171 0.00345726048017
172 172 478.732803061
173 173 576.266721401
174 174 464.710288582
175 175 0.00156264247369
176 176 347.955783902
177 177 0.00819381092304
178 178 142.351209385
179 179 270.70739638
180 180 0.00402501128202
181 181 531.354325736
182 182 0.00879965518419
183 183 194.216234509
184 184 81.4239036609
185 185 0.00706447731129
186 186 0.00865356561679
187 187 299.407965064
188 188 485.18346682
189 189 272.847394403
190 190 274.680394284
191 191 357.583768966
192 192 0.0067017478831
193 193 369.752303945
194 194 282.901978496
195 195 0.00136393013257
196 196 100.576445889
197 197 543.009544047
198 198 409.943161277
199 199 109.071903423
200 200 149.444651013
201 201 503.816689015
202 202 8.0158176496
203 203 480.288799026
204 204 0.0028287832838
205 205 405.943108141
206 206 0.00576254594694
207 207 114.397005579
208 208 109.304674557
209 209 0.00141358003286
210 210 256.76188548
211 211 549.813882903
212 212 0.00561520637364
213 213 182.660856094
214 214 0.000255085139436
215 215 165.671857499
216 216 0.00220415296904
217 217 208.987073295
218 218 0.00621568674231
219 219 269.09974817
220 220 194.812042198
221 221 392.601949475
222 222 421.66149338
223 223 211.715398382
224 224 0.00640350852089
225 225 406.730126118
226 226 585.148059374
227 227 173.422037508
228 228 517.405443068
229 229 177.452009432
230 230 0.00934142919879
231 231 372.679876826
232 232 0.00553296749812
233 233 0.00382894853449
234 234 516.350772566
235 235 7.89925945667
236 236 69.6305065037
237 237 570.052529029
238 238 292.818830458
239 239 553.276120985
240 240 173.828697243
241 241 136.79382113
242 242 418.496770018
243 243 165.891513435
244 244 604.042735921
245 245 341.48242405
246 246 315.124053435
247 247 90.8715839789
248 248 142.295843083
249 249 328.048995354
250 250 0.00376891046876
251 251 0.00758289831313
252 252 460.718554784
253 253 0.0068730513863
254 254 326.268957963
255 255 386.11372142
256 256 305.956394011
257 257 171.386003213
258 258 222.626375254
259 259 118.258346575
260 260 0.0017038587148
261 261 418.55422776
262 262 0.00152807612221
263 263 2.46195269935
264 264 389.398181788
265 265 39.1164366029
266 266 59.3042814053
267 267 571.356588569
268 268 94.3136188022
269 269 550.464675853
270 270 0.00574357997647
271 271 0.00822344688987
272 272 0.000924334749071
273 273 489.994739314
274 274 313.425240116
275 275 429.89853252
276 276 561.358369103
277 277 265.806083919
278 278 0.00519699148742
279 279 288.788745801
280 280 0.00401533993026
281 281 0.00742692330358
282 282 193.324982739
283 283 0.00112376679349
284 284 578.165659798
285 285 214.066539434
286 286 0.00762201178664
287 287 0.00635781877419
288 288 504.380569665
289 289 213.084512923
290 290 0.00634939422803
291 291 302.639413024
292 292 380.286348282
293 293 0.0077218955156
294 294 45.7361886416
295 295 77.3587181611
296 296 543.565788766
297 297 391.283401674
298 298 566.456485112
299 299 219.416729998
300 300 0.000410297775591
301 301 72.8264618789
302 302 23.7266945895
303 303 567.38711894
304 304 254.906296942
305 305 280.352655972
306 306 422.300386203
307 307 518.756287412
308 308 625.731763184
309 309 355.208266195
310 310 588.749462537
311 311 0.00707001727408
312 312 0.00186384282739
313 313 534.092115431
314 314 362.348696577
315 315 582.145984938
316 316 485.790940686
317 317 211.052858781
318 318 414.248663852
319 319 0.00312005337341
320 320 21.8550177712
321 321 247.533648842
322 322 0.0085625971976
323 323 166.269974709
324 324 318.407279296
325 325 556.860137993
326 326 433.270384889
327 327 407.625543959
328 328 416.378891549
329 329 385.073628158
330 330 156.761152579
331 331 308.272409844
332 332 180.670304839
333 333 0.00705526407057
334 334 0.000779970183044
335 335 104.10909167
336 336 0.00599200017556
337 337 81.2864222071
338 338 288.522344149
339 339 0.00850203167855
340 340 518.787147436
341 341 243.662662831
342 342 102.938301054
343 343 577.708749435
344 344 82.0834741946
345 345 0.00922289549825
346 346 0.0085074508918
347 347 121.012143829
348 348 0.00731049607135
349 349 452.891466094
350 350 611.781901526
351 351 72.3509307276
352 352 0.00349597473265
353 353 444.52649313
354 354 303.185530848
355 355 563.606866336
356 356 411.521294208
357 357 136.743630277
358 358 5.75912492583
359 359 4.82592750959
360 360 283.185453177
361 361 617.301009331
362 362 489.344721901
363 363 161.02557642
364 364 229.078141551
365 365 529.092751092
366 366 0.00867644345951
367 367 0.00471968814885
368 368 157.992807789
369 369 608.092194559
370 370 298.908584649
371 371 283.587410059
372 372 0.00778494517726
373 373 0.00555034957029
374 374 585.372600789
375 375 0.0070617522627
376 376 590.936117835
377 377 0.00178279855193
378 378 0.00051675143522
379 379 0.00703842762303
380 380 603.798839983
381 381 0.00902369868731
382 382 123.967357178
383 383 0.00380321419537
384 384 449.775030232
385 385 539.313063909
386 386 305.523216237
387 387 360.566027623
388 388 505.064894545
389 389 160.194784432
390 390 376.920319571
391 391 0.00366351824912
392 392 210.666133397
393 393 449.554720743
394 394 0.00485236628048
395 395 424.059988779
396 396 41.1322967615
397 397 0.00817166039993
398 398 362.365175951
399 399 177.813945075
400 400 518.680769721
401 401 0.00946993237753
402 402 19.2999858807
403 403 429.617781666
404 404 563.622815221
405 405 10.8501863569
406 406 286.156843724
407 407 0.0040055300894
408 408 457.366018408
409 409 499.559278984
410 410 0.00321780561168
411 411 457.197326559
412 412 103.073737504
413 413 6.48388557028
414 414 98.0836039173
415 415 191.315527896
416 416 0.00679920552437
417 417 0.00244766866001
418 418 183.226603182
419 419 237.291844677
420 420 198.128986874
421 421 0.00707984492922
422 422 387.874199494
423 423 267.10027195
424 424 139.387713233
425 425 96.4195864283
426 426 77.5530697261
427 427 0.00381989316263
428 428 373.279690698
429 429 0.00858050232057
430 430 70.8280228098
431 431 566.137092127
432 432 552.296245635
433 433 573.104683908
434 434 438.197141868
435 435 461.995423212
436 436 415.000894776
437 437 0.00738849331276
438 438 0.00191726038274
439 439 446.20856209
440 440 146.398056267
441 441 0.00140886811739
442 442 496.679823206
443 443 62.2795762556
444 444 60.5458819555
445 445 39.7794274545
446 446 123.084023457
447 447 37.2948915126
448 448 3.30123839485
449 449 138.387500889
450 450 162.256577698
451 451 150.050541707
452 452 90.9455586839
453 453 427.618461941
454 454 314.359239782
455 455 530.370992388
456 456 163.624071542
457 457 0.00732985479991
458 458 455.904593966
459 459 50.0090139596
460 460 521.810471328
461 461 590.289525001
462 462 193.097203504
463 463 381.389587311
464 464 501.959599781
465 465 128.188375356
466 466 345.687964846
467 467 33.2524574246
468 468 566.744419753
469 469 175.613473427
470 470 246.289080432
471 471 129.267821554
472 472 0.00239670929853
473 473 82.9227322455
474 474 343.473451006
475 475 271.233383311
476 476 365.248674941
477 477 505.8962622
478 478 311.561286554
479 479 169.40592443
480 480 587.224144865
481 481 566.371387097
482 482 0.00727597167177
483 483 607.263504383
484 484 408.123744413
485 485 185.588163878
486 486 24.5242002747
487 487 129.987909955
488 488 505.69683296
489 489 0.00961136993335
490 490 201.488470476
491 491 0.00944887765831
492 492 136.071702298
493 493 0.00466474345159
494 494 0.00635960157918
495 495 372.157042343
496 496 0.00714615632467
497 497 472.39963921
498 498 283.138312777
499 499 0.00847945927867
500 500 505.464194229
501 501 348.696443117
502 502 312.998507069
503 503 530.037662988
504 504 548.18535457
505 505 261.249087139
506 506 0.00941672042133
507 507 508.422693651
508 508 26.1450999717
509 509 601.229286402
510 510 43.234009237
511 511 591.770326763
512 512 91.5653052433
513 513 404.988781427
514 514 142.823912568
515 515 543.4206822
516 516 231.582069816
517 517 361.766233649
518 518 0.00456123002734
519 519 249.688680306
520 520 454.231076053
521 521 15.1908122134
522 522 127.553887627
523 523 413.424298841
524 524 585.205673775
525 525 0.00194301992666
526 526 509.176634367
527 527 610.356010546
528 528 616.165761918
529 529 0.00996882215776
530 530 164.154842864
531 531 31.8996489769
532 532 500.885371286
533 533 160.436711835
534 534 0.00203877792575
535 535 105.951328712
536 536 582.141408063
537 537 288.941599082
538 538 111.445222302
539 539 187.633889572
540 540 406.338993565
541 541 0.00110126061823
542 542 0.00329668550001
543 543 525.415536384
544 544 517.003195055
545 545 7.77305290804e-06
546 546 110.057705364
547 547 0.00965608859517
548 548 120.150306856
549 549 435.988216367
550 550 103.868187122
551 551 585.578844597
552 552 0.00762387681782
553 553 0.00313401655974
554 554 174.941265438
555 555 417.133804687
556 556 410.887506141
557 557 586.154001589
558 558 598.97973034
559 559 40.5549141039
560 560 623.201627634
561 561 346.752428734
562 562 98.2850006281
563 563 425.283992688
564 564 364.090050801
565 565 104.697499231
566 566 30.3066313844
567 567 44.5137797082
568 568 586.236676622
569 569 615.641168059
570 570 101.955928012
571 571 430.9453222
572 572 2.22992233024
573 573 509.906786198
574 574 445.957284627
575 575 0.00423512773289
576 576 91.6122146376
577 577 0.00109288372144
578 578 0.00134789851716
579 579 530.950405571
580 580 100.722993747
581 581 0.00677187422022
582 582 461.757096775
583 583 133.611364168
584 584 0.00853190939747
585 585 125.687836559
586 586 200.953996686
587 587 315.405374083
588 588 47.2963099419
589 589 104.457525248
590 590 25.5637117744
591 591 356.353706381
592 592 119.029261731
593 593 554.296733355
594 594 480.111579483
595 595 546.770217684
596 596 346.911435869
597 597 527.875319168
598 598 346.451825478
599 599 438.343665987
600 600 0.00585211390389
601 601 554.415466072
602 602 25.9214042295
603 603 546.124619383
604 604 367.269921909
605 605 0.00078521667707
606 606 317.472053916
607 607 583.897420266
608 608 35.9436752419
609 609 326.725147136
610 610 0.00769648822636
611 611 0.00344533182921
612 612 4.66429425178e-05
613 613 378.418475693
614 614 0.00328354958156
615 615 216.671630328
616 616 515.179015351
617 617 441.095085041
618 618 0.00657254100712
619 619 0.00267559686475
620 620 0.00708856372021
621 621 0.00126809684326
622 622 0.0019380370625
623 623 460.710665351
624 624 0.00159144275852
625 625 198.121909487
626 626 0.00137480131795
627 627 213.740971293
628 628 481.556871422
629 629 290.891366923
630 630 524.986407998
631 631 323.35269019
632 632 333.671568822
633 633 526.10710571
634 634 467.69031329
635 635 53.9938850505
636 636 543.165099394
637 637 511.258402384
638 638 525.576186698
639 639 0.000362108843351
640 640 5.60194278034
641 641 469.480056386
642 642 376.360229365
643 643 122.103372698
644 644 438.309636231
645 645 0.00529439192839
646 646 321.037758239
647 647 399.435133475
648 648 44.5367271312
649 649 433.590249847
650 650 0.0068531567115
651 651 0.00344397810712
652 652 154.429064853
653 653 342.61099312
654 654 622.180283157
655 655 39.8636446819
656 656 0.00395093268479
657 657 460.987580117
658 658 0.00462491034712
659 659 326.847991621
660 660 29.1608990502
661 661 205.314866643
662 662 508.504980071
663 663 146.180075708
664 664 0.00915779155171
665 665 573.02758355
666 666 370.798701433
667 667 592.778075015
668 668 30.5234369215
669 669 0.00545944304394
670 670 115.952065825
671 671 0.00148594889629
672 672 536.06886025
673 673 0.00743469364141
674 674 304.44348156
675 675 494.974389488
676 676 197.241877761
677 677 159.163510722
678 678 75.8944530816
679 679 0.00861775242036
680 680 0.00225121771308
681 681 256.996098789
682 682 0.00211300277016
683 683 546.425670066
684 684 41.7620579104
685 685 210.182383003
686 686 0.007247318594
687 687 138.899905794
688 688 158.745177701
689 689 260.741190255
690 690 89.4749201383
691 691 484.800288023
692 692 435.303546946
693 693 117.499742134
694 694 307.85161499
695 695 560.577809046
696 696 511.633450836
697 697 121.488663817
698 698 0.00771578788497
699 699 0.00688721532141
700 700 411.985585118
701 701 87.8526832787
702 702 415.466297438
703 703 0.00831605087667
704 704 118.026759706
705 705 0.00738205235331
706 706 304.159538542
707 707 284.141438605
708 708 177.134964964
709 709 495.535468784
710 710 0.0097252708747
711 711 467.13767668
712 712 576.429714844
713 713 309.488811792
714 714 0.00827837985774
715 715 587.633977623
716 716 439.235112398
717 717 222.469862653
718 718 474.68835835
719 719 140.356857224
720 720 59.3496869548
721 721 0.00414803998713
722 722 185.312277429
723 723 453.792445952
724 724 0.00243249577464
725 725 44.6848235381
726 726 8.77856642649
727 727 62.985277257
728 728 541.578355707
729 729 0.00628778703964
730 730 268.747431123
731 731 246.592460785
732 732 0.0022570001262
733 733 348.321418961
734 734 469.010328784
735 735 360.045224976
736 736 372.030132258
737 737 455.684668396
738 738 280.898224201
739 739 587.748804434
740 740 223.703432632
741 741 617.230042667
742 742 412.711441261
743 743 446.585091934
744 744 97.6210053805
745 745 615.383765612
746 746 405.26355031
747 747 591.733147495
748 748 278.312932417
749 749 385.730693068
750 750 521.742717091
751 751 0.000311985835905
752 752 327.822335487
753 753 180.905371879
754 754 533.149555616
755 755 550.965066332
756 756 169.598155414
757 757 321.107125492
758 758 0.00335785141564
759 759 243.470953064
760 760 0.00938053281498
761 761 399.144695376
762 762 0.00910888535683
763 763 519.292814559
764 764 394.434440689
765 765 0.00616902022093
766 766 119.632774707
767 767 169.934574669
768 768 82.5817103926
769 769 618.72680658
770 770 179.262487606
771 771 79.6392822459
772 772 0.000380513630714
773 773 0.00293840659426
774 774 440.178074938
775 775 570.565597259
776 776 551.655188359
777 777 497.93314698
778 778 460.984357716
779 779 238.69643606
780 780 0.00561612301012
781 781 411.763639304
782 782 36.8672214814
783 783 31.7123928839
784 784 144.714022251
785 785 378.118667318
786 786 0.00411923414392
787 787 113.280144114
788 788 0.00959764026418
789 789 121.587836046
790 790 0.00758709236825
791 791 66.4324128815
792 792 120.697218011
793 793 602.860422294
794 794 0.00761235404093
795 795 0.00128409823859
796 796 160.726922528
797 797 596.810551023
798 798 0.00487026650409
799 799 505.349371289
800 800 407.747192497
801 801 188.295393366
802 802 105.707034067
803 803 423.48843367
804 804 537.380315986
805 805 222.668811309
806 806 474.632740333
807 807 400.026140559
808 808 501.697649706
809 809 0.00645610109444
810 810 468.102077195
811 811 565.318373365
812 812 0.00366837803762
813 813 69.8222909006
814 814 224.988932488
815 815 248.989595292
816 816 60.0276021688
817 817 0.00506464866682
818 818 66.0328210969
819 819 157.069375837
820 820 578.693779916
821 821 4.71451141262
822 822 485.978844387
823 823 593.220516233
824 824 0.00846355035869
825 825 287.794297999
826 826 553.312479353
827 827 13.4094126317
828 828 401.9789205
829 829 0.00392281718127
830 830 0.000590685154876
831 831 0.00496479371149
832 832 604.657044322
833 833 150.661056882
834 834 572.859557386
835 835 386.778801554
836 836 495.205451856
837 837 453.57140362
838 838 150.447627556
839 839 464.935654961
840 840 221.277373335
841 841 473.535174108
842 842 397.339014526
843 843 351.064319323
844 844 0.005474683336
845 845 468.093552199
846 846 342.066295403
847 847 588.168743232
848 848 414.543177769
849 849 297.959175616
850 850 279.320702493
851 851 280.465818645
852 852 61.4663022513
853 853 93.9466897794
854 854 0.00306927260204
855 855 279.053778294
856 856 0.00715950664199
857 857 0.00976241769546
858 858 0.00092436518128
859 859 95.8562303548
860 860 192.211320407
861 861 124.7860771
862 862 493.761917971
863 863 0.00578829842426
864 864 478.162056083
865 865 0.00433081137322
866 866 8.30123615071e-05
867 867 1.99604373067
868 868 416.285917897
869 869 294.182215784
870 870 46.7069919031
871 871 0.0082095385683
872 872 519.405240729
873 873 428.243669503
874 874 196.595488437
875 875 200.209693556
876 876 422.58439194
877 877 346.206239541
878 878 0.000988684884404
879 879 206.231266538
880 880 590.232915481
881 881 0.00460661497051
882 882 456.504859371
883 883 0.00861637467503
884 884 353.639046931
885 885 576.586523463
886 886 475.274163418
887 887 131.769759347
888 888 194.182871743
889 889 612.128939365
890 890 145.217817893
891 891 391.607884298
892 892 390.076448835
893 893 0.00311160853229
894 894 0.00601254745375
895 895 585.319431077
896 896 137.694023723
897 897 293.751119281
898 898 514.722264324
899 899 83.0077782944
900 900 237.141963557
901 901 136.634012454
902 902 0.00110387885481
903 903 622.722177413
904 904 0.00775582939422
905 905 116.129715057
906 906 197.537197095
907 907 618.025341841
908 908 21.6993958992
909 909 354.814735038
910 910 144.672910613
911 911 158.234512937
912 912 194.297653507
913 913 233.502568278
914 914 355.657537771
915 915 274.010822608
916 916 492.66712993
917 917 530.578714174
918 918 73.3989706821
919 919 263.113715852
920 920 144.718411325
921 921 490.551678548
922 922 400.740221265
923 923 0.00364648204625
924 924 0.00768978226963
925 925 378.533687807
926 926 526.425435002
927 927 0.000982736671699
928 928 69.2721898433
929 929 378.378236212
930 930 522.857643711
931 931 296.97405791
932 932 429.815147399
933 933 0.000168862061797
934 934 26.2305980215
935 935 0.0015111068159
936 936 131.967179692
937 937 197.201855462
938 938 235.962311898
939 939 225.084022976
940 940 600.282993244
941 941 64.3100343428
942 942 45.0976966892
943 943 138.77437125
944 944 120.692491192
945 945 349.414558161
946 946 260.944767791
947 947 0.00984916614686
948 948 510.826329929
949 949 464.870070089
950 950 0.00538193409146
951 951 0.00557242342988
952 952 158.762269559
953 953 14.259540728
954 954 0.00620544768105
955 955 148.429703927
956 956 0.00436208681118
957 957 316.652930841
958 958 217.538687969
959 959 332.793228712
960 960 615.652679519
961 961 333.065142648
962 962 121.065337204
963 963 0.000650316317419
964 964 440.533006769
965 965 0.00118801502012
966 966 426.173142077
967 967 95.3658200626
968 968 556.853508104
969 969 0.00222773692915
970 970 0.0043874850499
971 971 122.861568131
972 972 175.011307117
973 973 0.00825662037807
974 974 570.191627778
975 975 339.172354133
976 976 379.671622415
977 977 310.230667698
978 978 334.260933334
979 979 0.00306980485222
980 980 349.2496989
981 981 0.00528486401017
982 982 377.41536569
983 983 0.00776668959808
984 984 140.165677134
985 985 0.000161120475014
986 986 103.999526272
987 987 306.479910202
988 988 315.3477537
989 989 275.676066388
990 990 80.6736479762
991 991 0.00508474071712
992 992 368.093116693
993 993 285.745795104
994 994 321.404895413
995 995 0.00239293673344
996 996 0.00647547914322
997 997 0.00717376448355
998 998 597.467676617
999 999 279.317798082
1000 1000 564.326731353
