1 1 582.653976779
2 2 0.00585078410277
3 3 112.067476724
4 4 174.418509148
5 5 31.0144664919
6 6 366.646637254
7 7 0.00445309001638
8 8 0.00528278670068
9 9 125.371138959
10 10 0.000806124802779
11 11 573.116275289
12 12 386.591123308
13 13 518.768511942
14 14 0.00409115226299
15 15 197.054675932
16 16 399.759754586
17 17 212.127920987
18 18 430.185011658
19 19 352.277288896
20 20 273.452484798
21 21 446.994371414
22 22 602.069284735
23 23 0.00218710897064
24 24 0.00874460124073
25 25 216.184650349
26 26 610.811010873
27 27 0.0092232671621
28 28 489.77820399
29 29 98.6616657864
30 30 0.00693469237579
31 31 585.71521967
32 32 440.388687799
33 33 465.245020437
34 34 0.00929053919458
35 35 0.00846181758687
36 36 592.635052826
37 37 325.660634554
38 38 259.079196507
39 39 129.409603477
40 40 59.5177361086
41 41 182.633973251
42 42 206.737768246
43 43 105.367372891
44 44 0.00618532494114
45 45 549.359351519
46 46 0.00717441342704
47 47 0.0055576500127
48 48 0.00342406313781
49 49 385.337257649
50 50 301.35511445
51 51 526.495457399
52 52 331.542516338
53 53 0.00192953938136
54 54 172.723649958
55 55 0.00101703499405
56 56 0.00555198837621
57 57 1.78607618013
58 58 0.00187083126336
59 59 45.9477487989
60 60 55.4014609466
61 61 0.00955913679789
62 62 0.0016773084548
63 63 0.00772211280762
64 64 325.453080881
65 65 497.65297189
66 66 196.514363118
67 67 0.00706674891517
68 68 0.00748620782509
69 69 387.334253449
70 70 162.528694339
71 71 554.876024063
72 72 366.917571635
73 73 0.0019485816538
74 74 591.30860135
75 75 144.115180978
76 76 519.771938142
77 77 549.851392184
78 78 0.00579183424944
79 79 0.00747165846937
80 80 592.596885578
81 81 12.902869719
82 82 110.429649483
83 83 548.772141563
84 84 0.00238778642667
85 85 609.979482141
86 86 252.72001965
87 87 223.7853117
88 88 298.290019123
89 89 0.00832115557107
90 90 0.00488584317794
91 91 484.713278344
92 92 153.672156555
93 93 27.1944002882
94 94 0.00717270115608
95 95 370.368754995
96 96 0.000610890201783
97 97 319.790288385
98 98 468.925873375
99 99 577.934213228
100 100 0.00537653275687
101 101 0.000805648304184
102 102 88.086390268
103 103 477.780023102
104 104 0.00835799402475
105 105 391.10691716
106 106 404.489720301
107 107 72.9082121827
108 108 0.00923790918183
109 109 0.000488547094134
110 110 205.44262951
111 111 0.00419678667919
112 112 229.431618118
113 113 0.00503214086117
114 114 516.6942563
115 115 155.405953937
116 116 42.7335919808
117 117 436.345500862
118 118 203.501096926
119 119 338.688690598
120 120 0.00876754263976
121 121 436.529452122
122 122 503.46818444
123 123 467.942298977
124 124 330.246686959
125 125 0.0045587941321
126 126 0.00829195148087
127 127 0.00497517735849
128 128 535.87053435
129 129 0.00993294216087
130 130 533.276143507
131 131 428.30895637
132 132 78.8252362673
133 133 369.752670785
134 134 0.00214087772429
135 135 0.00736621392582
136 136 0.000276484031896
137 137 242.541664925
138 138 464.388651841
139 139 317.859476504
140 140 49.735572119
141 141 192.401313712
142 142 565.110812258
143 143 0.00343181061129
144 144 42.208984025
145 145 416.667946236
146 146 0.00539570368416
147 147 400.635733754
148 148 150.113748058
149 149 601.073464524
150 150 219.435308164
151 151 1.21428704533
152 152 0.00467800695165
153 153 0.00459589575375
154 154 0.00197572952895
155 155 624.811657909
156 156 0.000941558435742
157 157 0.00696361233366
158 158 336.462642873
159 159 415.995338351
160 160 357.693661342
161 161 0.00789043527878
162 162 0.00946697347856
163 163 0.00469556237276
164 164 538.639192001
165 165 526.022858864
166 166 502.588814168
167 167 0.00727388373443
168 168 0.0061966565224
169 169 0.0043132537131
170 170 0.00381377993053
171 171 541.865837153
172 172 557.884392097
173 173 335.998370551
174 174 451.725141802
175 175 84.7681260066
176 176 0.00797189297682
177 177 421.868988809
178 178 140.096507531
179 179 0.00318547999205
180 180 150.9997437
181 181 68.8663677908
182 182 39.3458773477
183 183 500.599882554
184 184 476.741210836
185 185 0.00147623458554
186 186 400.961251982
187 187 44.8492589798
188 188 468.950972853
189 189 272.774296385
190 190 342.198624149
191 191 126.024381575
192 192 352.506870382
193 193 610.19950319
194 194 0.000345726562478
195 195 474.367869808
196 196 186.785597486
197 197 394.287713664
198 198 75.478375777
199 199 85.3296808641
200 200 0.0042820671572
201 201 94.9027691885
202 202 495.807994798
203 203 588.204861184
204 204 395.06923084
205 205 459.999039392
206 206 160.542049796
207 207 232.451312569
208 208 358.599573826
209 209 165.739318486
210 210 489.131500653
211 211 38.7234877424
212 212 572.050054943
213 213 0.00859689992716
214 214 338.142908521
215 215 171.882630487
216 216 216.088657926
217 217 128.329909695
218 218 0.00683139018619
219 219 124.305688416
220 220 398.903312693
221 221 120.942276756
222 222 499.045628209
223 223 51.0307792034
224 224 336.698367461
225 225 597.173893615
226 226 54.6056421461
227 227 0.00801826943707
228 228 66.3106167534
229 229 2.32335681859
230 230 586.055035447
231 231 306.164420628
232 232 0.00821440357243
233 233 177.92135967
234 234 364.490236548
235 235 32.1244374373
236 236 0.00438354587986
237 237 185.295430351
238 238 93.3637402323
239 239 0.00842915882152
240 240 50.1836359714
241 241 0.00437056650789
242 242 598.177972135
243 243 28.1016083797
244 244 454.161449846
245 245 578.20168178
246 246 0.00891730864111
247 247 273.859024158
248 248 153.808031557
249 249 261.122704379
250 250 224.753895416
251 251 66.9083754367
252 252 119.109843321
253 253 0.00466320617024
254 254 610.170456753
255 255 205.375076715
256 256 215.621620728
257 257 0.00688235456663
258 258 216.701067917
259 259 330.920071852
260 260 114.147957527
261 261 74.65813658
262 262 417.374836351
263 263 0.00127875902185
264 264 224.550287209
265 265 510.16219286
266 266 214.634294145
267 267 421.031748784
268 268 0.00542357001541
269 269 307.725429523
270 270 446.678939248
271 271 0.0014616899451
272 272 17.0440066716
273 273 499.259667629
274 274 75.8381502265
275 275 0.000726823048442
276 276 394.663780908
277 277 346.892529232
278 278 448.383815194
279 279 0.00295977771663
280 280 411.54209552
281 281 220.522750316
282 282 337.031539194
283 283 0.00302921601657
284 284 0.00279680135451
285 285 278.591257951
286 286 219.659008669
287 287 469.141304516
288 288 468.95418869
289 289 0.00254707962714
290 290 533.582516373
291 291 42.5845054559
292 292 175.491857593
293 293 10.7346836756
294 294 69.2957775516
295 295 614.062354172
296 296 0.000435882022525
297 297 540.802124475
298 298 540.922260254
299 299 150.252272193
300 300 512.912096357
301 301 468.662189949
302 302 310.344332465
303 303 248.883956948
304 304 0.00403152806994
305 305 263.34144885
306 306 0.00522288083957
307 307 523.314964168
308 308 0.00346281746536
309 309 607.001379554
310 310 0.00209026495658
311 311 121.506451899
312 312 453.442842146
313 313 322.580862576
314 314 0.0016875683863
315 315 108.56313038
316 316 414.051487623
317 317 0.00881851146445
318 318 170.868102479
319 319 384.857159002
320 320 75.4371914631
321 321 0.186632773239
322 322 102.272958884
323 323 582.936200373
324 324 548.661964198
325 325 544.682539621
326 326 417.318641316
327 327 0.00572163765621
328 328 17.7231209172
329 329 0.00959771792058
330 330 55.4026474781
331 331 457.975425733
332 332 8.45638020346
333 333 584.496404693
334 334 0.00129572832352
335 335 327.547421454
336 336 81.2863731858
337 337 384.288043021
338 338 473.483367809
339 339 6.18846053293
340 340 0.00258177822608
341 341 0.00688983475905
342 342 167.379483938
343 343 350.801847819
344 344 517.317436012
345 345 10.289392663
346 346 118.780165565
347 347 108.269270428
348 348 270.781538345
349 349 0.00149234958278
350 350 391.041873703
351 351 78.021405011
352 352 275.239183603
353 353 268.967628883
354 354 560.938548357
355 355 436.75753665
356 356 566.686799138
357 357 0.00754399533128
358 358 112.782389752
359 359 299.771673299
360 360 135.022478751
361 361 0.00598160202913
362 362 0.00224237789437
363 363 6.82264508876e-05
364 364 597.509852654
365 365 0.000278802604415
366 366 0.00470471035343
367 367 273.439377648
368 368 0.00407865716961
369 369 23.2836167228
370 370 514.658529806
371 371 0.000688298001498
372 372 320.317502006
373 373 0.00306016919391
374 374 572.448711598
375 375 173.033613416
376 376 270.07879889
377 377 512.239562756
378 378 0.000922579393591
379 379 465.034939497
380 380 0.00462691543395
381 381 522.829921072
382 382 589.748853117
383 383 254.942627409
384 384 56.5100310274
385 385 284.162856384
386 386 376.789667318
387 387 530.608709951
388 388 429.306668255
389 389 413.84022901
390 390 0.000583418517845
391 391 0.00115689454039
392 392 101.32856935
393 393 170.571865562
394 394 0.000328665310724
395 395 625.07000018
396 396 614.129453105
397 397 444.477826687
398 398 0.000348473575225
399 399 165.942328227
400 400 160.297771218
401 401 0.00789676625882
402 402 0.00534410994785
403 403 256.407321694
404 404 590.660628196
405 405 18.360542424
406 406 0.00965727597207
407 407 0.00121914930278
408 408 110.777176173
409 409 439.030204161
410 410 414.73303573
411 411 0.00764154885895
412 412 0.00662656087255
413 413 137.830067982
414 414 0.00613072527807
415 415 76.2756288536
416 416 0.00392280771963
417 417 0.00341687300071
418 418 139.085026897
419 419 131.853865727
420 420 282.810027946
421 421 585.345859957
422 422 589.607811791
423 423 0.00835160874219
424 424 0.00384087253881
425 425 146.060816669
426 426 473.471409234
427 427 496.456310725
428 428 79.5575218187
429 429 0.00271157329617
430 430 0.0018793342192
431 431 605.904119024
432 432 624.930539586
433 433 0.000111814800925
434 434 489.477541744
435 435 173.359927699
436 436 287.390047719
437 437 242.287644397
438 438 508.15546733
439 439 16.8666306418
440 440 573.237423233
441 441 509.058526566
442 442 276.61621969
443 443 516.203568498
444 444 0.00447996855176
445 445 210.071549325
446 446 172.718150818
447 447 370.124402376
448 448 382.79330907
449 449 582.668455385
450 450 525.215437341
451 451 539.81207389
452 452 0.00938002870019
453 453 123.532596103
454 454 441.773896985
455 455 32.2921929972
456 456 343.442887307
457 457 0.00531029647742
458 458 511.322312405
459 459 530.984652494
460 460 605.504023834
461 461 76.6448641636
462 462 613.601366294
463 463 0.000265857553708
464 464 301.335875424
465 465 373.869072454
466 466 303.148912522
467 467 21.7916499131
468 468 120.305176799
469 469 0.00157708894633
470 470 274.637033873
471 471 176.064622936
472 472 445.976742348
473 473 148.406562505
474 474 0.00346744545581
475 475 243.839510468
476 476 0.00224256509024
477 477 0.000484352207678
478 478 356.765265973
479 479 315.696933221
480 480 86.9083738173
481 481 521.575008256
482 482 330.442569462
483 483 289.358303072
484 484 30.1885385397
485 485 11.6957661188
486 486 261.613330827
487 487 65.9351385927
488 488 525.863575613
489 489 306.283638224
490 490 0.00979109350024
491 491 235.937947474
492 492 184.679700651
493 493 0.00994260668707
494 494 355.668209181
495 495 159.105267926
496 496 450.195705695
497 497 0.00596178799394
498 498 317.512541779
499 499 525.670123932
500 500 277.575405597
501 501 355.488179105
502 502 439.548198653
503 503 473.764167299
504 504 387.902051413
505 505 0.000668364532178
506 506 265.411066789
507 507 569.075869202
508 508 394.406015369
509 509 0.00394456506609
510 510 550.194794901
511 511 126.089176755
512 512 431.554922217
513 513 548.516973268
514 514 0.00727009769465
515 515 531.771518746
516 516 571.755195696
517 517 545.490912251
518 518 39.999858357
519 519 558.1597293
520 520 101.61615229
521 521 0.00543094399242
522 522 0.00326911890341
523 523 50.8298155851
524 524 243.174667914
525 525 0.00688537239545
526 526 0.00605122659206
527 527 522.896903163
528 528 308.227862447
529 529 364.277768979
530 530 0.00634313297726
531 531 479.19960001
532 532 0.00207153373751
533 533 520.301092328
534 534 538.25364813
535 535 42.9695869631
536 536 292.428278276
537 537 50.8313719111
538 538 0.00626491541906
539 539 292.549853044
540 540 580.173693356
541 541 347.608808117
542 542 520.233579887
543 543 559.451322344
544 544 76.6876561177
545 545 214.252215689
546 546 0.00733262131478
547 547 395.742849363
548 548 255.584371074
549 549 0.00918290720153
550 550 574.351985272
551 551 411.925345673
552 552 131.249979355
553 553 214.750846698
554 554 12.3382371451
555 555 23.5158861435
556 556 609.313290945
557 557 556.629097469
558 558 320.168890479
559 559 0.00746769013703
560 560 452.163674143
561 561 478.15448311
562 562 167.321727985
563 563 241.478349924
564 564 542.551260522
565 565 354.451311568
566 566 84.4623308055
567 567 0.00844433967137
568 568 331.073735986
569 569 73.4893766625
570 570 0.00715953111821
571 571 334.884484568
572 572 0.00344747090545
573 573 387.497213288
574 574 469.545104568
575 575 159.098645583
576 576 413.512049956
577 577 148.97342155
578 578 545.633764487
579 579 0.00856336142607
580 580 113.719634027
581 581 83.6674505972
582 582 603.495680804
583 583 8.12277834783
584 584 0.00572626945521
585 585 449.614015673
586 586 271.927551494
587 587 617.700974808
588 588 0.00866647853752
589 589 539.43625184
590 590 327.69640638
591 591 254.21012532
592 592 68.2169732444
593 593 240.197570837
594 594 424.692762932
595 595 148.435704512
596 596 308.951297894
597 597 244.203619877
598 598 175.421726165
599 599 78.3442797632
600 600 0.007836558395
601 601 0.00811432788183
602 602 184.786634809
603 603 0.00108243348945
604 604 0.00594970385325
605 605 88.4007260791
606 606 12.6167263977
607 607 203.855652176
608 608 0.00233771515968
609 609 0.00266570083905
610 610 81.2779296614
611 611 0.00657997001737
612 612 0.00485365824817
613 613 0.00616113702229
614 614 366.399120742
615 615 23.0453814787
616 616 547.604159436
617 617 0.00740666514333
618 618 162.237044095
619 619 0.00276969450792
620 620 24.3761644541
621 621 177.01552178
622 622 534.832127595
623 623 449.334881051
624 624 0.00303662307731
625 625 572.948641318
626 626 63.6226692819
627 627 0.00983034921996
628 628 534.202965938
629 629 496.222477044
630 630 0.00434452989724
631 631 0.00770001078419
632 632 0.00585318304272
633 633 0.00228369333099
634 634 583.283032997
635 635 0.00067065764253
636 636 0.0089887293585
637 637 42.2472089719
638 638 0.00544671379318
639 639 40.9658340563
640 640 510.444721596
641 641 0.00802187495768
642 642 438.690629991
643 643 511.834522494
644 644 0.00191197062842
645 645 101.816703051
646 646 146.215120945
647 647 0.00447967564066
648 648 539.508748406
649 649 611.231790416
650 650 491.717002837
651 651 0.00650746708264
652 652 388.933312187
653 653 332.770492003
654 654 448.154362633
655 655 260.914218628
656 656 53.7089304094
657 657 11.6978490121
658 658 0.00397125275285
659 659 315.803913553
660 660 19.9536091976
661 661 396.987555589
662 662 356.110639396
663 663 153.580550629
664 664 356.793316155
665 665 322.615928106
666 666 0.00460889945417
667 667 596.180803951
668 668 3.45899245405
669 669 0.000532378202127
670 670 350.55600823
671 671 0.00685118664334
672 672 117.941883073
673 673 454.203328731
674 674 447.476393157
675 675 5.51545819224
676 676 446.510933952
677 677 159.249315387
678 678 254.501908467
679 679 0.00508017753499
680 680 0.00887343761557
681 681 525.064929495
682 682 162.816135247
683 683 364.673222458
684 684 307.35398546
685 685 311.395902497
686 686 232.784087729
687 687 423.137725707
688 688 77.3734163866
689 689 0.00189693296249
690 690 0.00762958616663
691 691 270.097914588
692 692 584.048368564
693 693 194.296538395
694 694 0.00121221572173
695 695 112.863565971
696 696 98.5223096561
697 697 317.333097729
698 698 140.646820643
699 699 44.5077661353
700 700 380.202798522
701 701 396.942671749
702 702 496.780722329
703 703 378.108264751
704 704 379.508769657
705 705 0.000735659293067
706 706 164.817432487
707 707 271.401007446
708 708 0.00224249530944
709 709 0.00972395172035
710 710 16.4727059773
711 711 0.00737843443995
712 712 509.165502725
713 713 335.025802379
714 714 493.008913217
715 715 206.525347465
716 716 325.888258996
717 717 0.00265407698449
718 718 279.112166634
719 719 0.00736115219878
720 720 19.5497155937
721 721 554.442726891
722 722 0.00445992537034
723 723 0.00868077875223
724 724 283.851702007
725 725 408.558926688
726 726 222.450451084
727 727 210.984124655
728 728 308.46035535
729 729 0.00627825172606
730 730 589.08777391
731 731 0.00574663718298
732 732 50.3957840101
733 733 201.12704068
734 734 361.506753294
735 735 0.00797679382984
736 736 223.005446566
737 737 516.443726374
738 738 0.00123035538427
739 739 217.530474373
740 740 297.239762979
741 741 567.718347896
742 742 615.559690614
743 743 439.828527129
744 744 0.00710348980152
745 745 40.020338978
746 746 105.565892599
747 747 1.7371611332
748 748 0.00720518297706
749 749 104.944299588
750 750 76.2165496177
751 751 3.28636001193
752 752 289.516835516
753 753 0.00505602380526
754 754 0.00840762311555
755 755 69.0029002611
756 756 482.160695587
757 757 0.00729318631744
758 758 66.6527941984
759 759 142.569172439
760 760 401.64474991
761 761 0.00272398132825
762 762 179.936246231
763 763 531.42475352
764 764 545.322732418
765 765 138.993919765
766 766 221.33013455
767 767 322.979124521
768 768 25.1727308824
769 769 0.00843452256345
770 770 132.952407954
771 771 373.536798194
772 772 0.00876946412586
773 773 83.8180130724
774 774 376.919109514
775 775 117.951221054
776 776 0.00797573245672
777 777 201.622796622
778 778 175.921248173
779 779 527.016482147
780 780 0.00756859867732
781 781 171.06713143
782 782 508.637898802
783 783 174.73149543
784 784 29.0294518914
785 785 594.907280177
786 786 464.725621324
787 787 123.744211639
788 788 227.806190124
789 789 609.237317518
790 790 378.448638177
791 791 0.00175368000329
792 792 490.530079101
793 793 86.2166556055
794 794 333.591807818
795 795 531.034014874
796 796 241.015303773
797 797 200.922929138
798 798 569.035751735
799 799 306.182697528
800 800 10.5781176834
801 801 0.00681539552772
802 802 556.104491747
803 803 261.414252067
804 804 257.740263277
805 805 0.00936556919337
806 806 197.004450334
807 807 250.085097017
808 808 0.00760629674088
809 809 92.8053930925
810 810 38.856480556
811 811 519.809002492
812 812 0.00909424203951
813 813 262.018488244
814 814 349.31419636
815 815 467.383603109
816 816 26.7845322189
817 817 59.2948671311
818 818 411.608823871
819 819 280.659383395
820 820 0.00172277146306
821 821 607.803223111
822 822 498.984048764
823 823 367.997674122
824 824 0.00126753241825
825 825 338.100753186
826 826 0.00207893763595
827 827 409.638034021
828 828 12.8222845878
829 829 485.146840358
830 830 609.068888099
831 831 610.859006218
832 832 0.00267823895479
833 833 575.683799621
834 834 606.178499304
835 835 0.00210931481232
836 836 498.575518961
837 837 260.897235186
838 838 456.787044325
839 839 60.9713232056
840 840 261.447729092
841 841 211.24086056
842 842 187.180103628
843 843 506.270414485
844 844 0.0016015757788
845 845 79.5968013735
846 846 0.00618481702343
847 847 386.775857373
848 848 367.708716132
849 849 447.825276022
850 850 0.00247479595037
851 851 576.911863989
852 852 571.773868435
853 853 216.579058359
854 854 131.43444928
855 855 125.266875695
856 856 350.321214474
857 857 0.0044853939941
858 858 371.001550549
859 859 439.201565571
860 860 154.976762527
861 861 333.923996221
862 862 227.149470687
863 863 439.489653722
864 864 319.323222048
865 865 167.945287874
866 866 338.853158109
867 867 135.428920861
868 868 212.34923935
869 869 0.00415281987688
870 870 245.786168135
871 871 26.7956411612
872 872 132.548995199
873 873 119.879184682
874 874 133.239029615
875 875 359.704756438
876 876 1.9686691089
877 877 0.00899839216523
878 878 274.43854625
879 879 69.4208777173
880 880 582.159059495
881 881 210.229910934
882 882 195.348268492
883 883 0.0022427096807
884 884 427.769251394
885 885 171.17287694
886 886 119.826894622
887 887 389.620009544
888 888 587.761245109
889 889 4.95211897333
890 890 363.218313482
891 891 301.237508293
892 892 119.365966273
893 893 104.701689192
894 894 0.00704108453
895 895 21.7360398268
896 896 390.764872046
897 897 544.368792635
898 898 246.204080267
899 899 0.00915355364361
900 900 0.00763844983359
901 901 0.00887297551318
902 902 375.927756665
903 903 469.846455733
904 904 342.851482942
905 905 0.00629048072561
906 906 0.00733685025922
907 907 562.912207449
908 908 0.00279476470103
909 909 0.0034745643314
910 910 580.218395823
911 911 548.21193367
912 912 0.00515528998624
913 913 0.00465680319274
914 914 57.5517650295
915 915 2.69053895738e-05
916 916 0.0017289449376
917 917 98.2024996135
918 918 353.963083994
919 919 233.105139398
920 920 31.2784818048
921 921 129.166342246
922 922 603.442574839
923 923 375.399573921
924 924 424.479451026
925 925 423.586403179
926 926 427.538313955
927 927 0.00421574122807
928 928 453.740575203
929 929 139.854670764
930 930 554.53564383
931 931 0.000915419545831
932 932 20.1872782965
933 933 469.48627522
934 934 137.49116662
935 935 0.00159069241285
936 936 427.17127024
937 937 274.318644933
938 938 0.00837957369902
939 939 54.6107353564
940 940 200.421287799
941 941 621.811776721
942 942 0.000601997869946
943 943 79.289199809
944 944 27.8931722248
945 945 0.00820009655741
946 946 0.00686577866631
947 947 29.2727253206
948 948 116.487019392
949 949 497.238971628
950 950 52.0563989403
951 951 262.125331724
952 952 82.6377712798
953 953 546.858088007
954 954 0.00747680316399
955 955 167.469469437
956 956 502.633523953
957 957 455.21246141
958 958 0.00308905606161
959 959 4.80220399138
960 960 39.2220469119
961 961 329.028089973
962 962 293.105433009
963 963 285.615396766
964 964 178.071487151
965 965 614.199307511
966 966 143.500578127
967 967 0.00704745205987
968 968 6.61292558724
969 969 0.0097128784667
970 970 69.7865304311
971 971 289.120732011
972 972 321.856595619
973 973 505.813270647
974 974 243.68039243
975 975 0.00861698783797
976 976 411.952491256
977 977 420.075877866
978 978 147.565569843
979 979 0.00251950593755
980 980 315.608488026
981 981 138.876297334
982 982 0.00526556707817
983 983 0.00579844790941
984 984 548.536924899
985 985 0.00501052016488
986 986 0.0079726649509
987 987 357.717531153
988 988 0.00261188686836
989 989 368.750167064
990 990 0.00813321707295
991 991 0.0051677404129
992 992 76.0106750285
993 993 0.00671319572603
994 994 0.00145951193684
995 995 541.010690612
996 996 0.00313888731389
997 997 406.518966452
998 998 61.9352707335
999 999 0.00195491255383
1000 1000 0.00461264226931
