1 1 210.893186153
2 2 151.888039377
3 3 493.895661288
4 4 510.084641719
5 5 610.941519465
6 6 588.441946673
7 7 113.297354584
8 8 0.000236252979674
9 9 601.535426762
10 10 612.494448334
11 11 513.758367432
12 12 422.618314505
13 13 0.00393811219308
14 14 173.246548894
15 15 275.948450894
16 16 0.00634590366526
17 17 0.00153558033236
18 18 430.694975488
19 19 0.0082143054412
20 20 62.6865914904
21 21 0.00738985271093
22 22 552.171440116
23 23 88.886177178
24 24 123.276488375
25 25 174.082684063
26 26 329.877287063
27 27 255.503225862
28 28 610.655081832
29 29 284.707467907
30 30 0.00305962132382
31 31 3.55930006585
32 32 302.136539346
33 33 202.983267693
34 34 252.171724782
35 35 393.797585985
36 36 14.0177736954
37 37 460.521320887
38 38 0.00740669269062
39 39 0.00197734057061
40 40 429.95322003
41 41 89.2006867822
42 42 275.306492506
43 43 0.00406686704766
44 44 0.00948121720825
45 45 303.84589826
46 46 285.056244047
47 47 540.636412937
48 48 170.063401116
49 49 175.339351703
50 50 540.85640535
51 51 487.773596689
52 52 440.684878034
53 53 0.00915507300713
54 54 288.935120479
55 55 563.563057184
56 56 0.000399018763557
57 57 17.0784951236
58 58 350.94813465
59 59 382.669175953
60 60 0.00559248011499
61 61 417.047502745
62 62 235.900001181
63 63 341.740308813
64 64 4.06245328198
65 65 223.215491224
66 66 342.37402195
67 67 0.00533288746022
68 68 333.028347867
69 69 282.49851943
70 70 240.397810217
71 71 189.919902662
72 72 0.00504786527898
73 73 0.0010325660002
74 74 124.596869467
75 75 622.193244043
76 76 0.00855740988529
77 77 0.009042412164
78 78 440.537568771
79 79 211.952407499
80 80 583.39694896
81 81 152.850682067
82 82 282.054888142
83 83 485.307415081
84 84 157.642455496
85 85 416.937802477
86 86 31.6324158692
87 87 395.359386792
88 88 0.00483216960756
89 89 0.00131403822029
90 90 0.00343300504739
91 91 48.4224675492
92 92 529.326718948
93 93 280.768575072
94 94 556.120321391
95 95 523.974805678
96 96 519.12155269
97 97 63.7874007339
98 98 0.00571717194388
99 99 324.36369214
100 100 589.638305131
101 101 83.9470383064
102 102 396.416972215
103 103 239.16400933
104 104 0.00128842523641
105 105 282.209468318
106 106 346.165800802
107 107 388.51414765
108 108 28.0591145712
109 109 594.2976296
110 110 488.911139184
111 111 270.27517342
112 112 475.945541921
113 113 153.699817142
114 114 4.1779317954e-05
115 115 443.865056345
116 116 53.7216925152
117 117 90.5831697612
118 118 338.410340764
119 119 178.096666912
120 120 371.029499747
121 121 100.324766994
122 122 108.642765472
123 123 420.210910341
124 124 0.00988283608276
125 125 0.00244924314362
126 126 213.435552931
127 127 0.0061777904469
128 128 63.8534612501
129 129 0.0043698234315
130 130 45.7474657845
131 131 96.5852331397
132 132 0.00540729238887
133 133 265.584878631
134 134 409.392692781
135 135 0.00366170792845
136 136 420.471061442
137 137 0.00445913010192
138 138 377.341071439
139 139 541.067177766
140 140 1.6952817121e-05
141 141 348.198457871
142 142 121.667276652
143 143 331.21696954
144 144 254.79047382
145 145 18.436097234
146 146 0.0010280366276
147 147 342.676789647
148 148 173.747517261
149 149 61.5111425296
150 150 401.836133507
151 151 148.583589359
152 152 19.3770041143
153 153 133.026552657
154 154 0.00996265464018
155 155 400.000585961
156 156 0.00567967577462
157 157 19.3197162698
158 158 50.1020911716
159 159 0.00852051809316
160 160 12.038961443
161 161 375.976023855
162 162 227.388632433
163 163 132.194437666
164 164 406.462785502
165 165 0.00505172658486
166 166 473.442859757
167 167 0.0031225042223
168 168 592.251303307
169 169 362.183490091
170 170 0.00646215407302
171 171 40.5235610798
172 172 594.17980705
173 173 436.376733161
174 174 465.04911832
175 175 614.117398209
176 176 0.00221362043795
177 177 0.00612339275215
178 178 222.923027706
179 179 289.628349035
180 180 280.447332383
181 181 161.167580527
182 182 377.302565626
183 183 0.00805068160806
184 184 198.256012554
185 185 0.0019435310246
186 186 586.962895169
187 187 0.00535661793432
188 188 6.57045704503e-05
189 189 0.00964929937873
190 190 578.048250742
191 191 404.973260858
192 192 250.770419506
193 193 254.822635602
194 194 472.446000027
195 195 413.36927193
196 196 171.995885739
197 197 430.953098122
198 198 96.0099748585
199 199 153.602822629
200 200 177.942396671
201 201 444.455073185
202 202 79.1859395083
203 203 451.33864361
204 204 114.048217412
205 205 107.96165602
206 206 0.00601270567592
207 207 0.00197591171971
208 208 111.122773036
209 209 609.629633039
210 210 0.00349275426527
211 211 622.034981523
212 212 43.3095540363
213 213 143.853782975
214 214 478.470734496
215 215 0.00347428336422
216 216 0.00228184387532
217 217 585.942371174
218 218 384.094091849
219 219 603.760028056
220 220 609.313494769
221 221 368.18322456
222 222 341.7320435
223 223 375.917108387
224 224 473.269034266
225 225 204.636028641
226 226 0.00869042741755
227 227 294.879586875
228 228 0.00566515040829
229 229 0.00929802988909
230 230 109.168868581
231 231 0.00957065588129
232 232 333.898857866
233 233 280.407925708
234 234 123.522439202
235 235 553.118453354
236 236 0.00397168790693
237 237 484.141181884
238 238 0.00155421397791
239 239 248.111562819
240 240 0.00221115958353
241 241 268.658969691
242 242 509.606015792
243 243 212.076038183
244 244 139.809680635
245 245 468.000419548
246 246 129.290482428
247 247 606.515080053
248 248 227.049898969
249 249 47.1358542146
250 250 251.075285671
251 251 0.00637860949644
252 252 399.280019004
253 253 468.899693868
254 254 377.388107167
255 255 175.377228379
256 256 42.967304698
257 257 426.830688709
258 258 0.00229804561532
259 259 528.972612445
260 260 179.786298607
261 261 106.721150097
262 262 619.524039872
263 263 620.613697784
264 264 42.3222660346
265 265 302.838688101
266 266 379.976875394
267 267 400.996571222
268 268 489.497813103
269 269 387.018091963
270 270 294.813401119
271 271 0.00294283646402
272 272 0.00803390144223
273 273 0.00448946672169
274 274 0.00216437374316
275 275 224.98511351
276 276 532.087859943
277 277 357.747665573
278 278 0.00346896232428
279 279 0.00675782249525
280 280 0.0027282721866
281 281 149.702486189
282 282 337.227451302
283 283 0.00830218156605
284 284 0.00761124329878
285 285 246.855596695
286 286 0.00709057215055
287 287 441.030726938
288 288 227.074273323
289 289 382.934966706
290 290 472.023468823
291 291 74.1093843443
292 292 555.550365799
293 293 8.55641001263
294 294 0.00812204238169
295 295 57.7103467416
296 296 268.727858243
297 297 397.472302291
298 298 500.175967021
299 299 238.939748132
300 300 72.2193592672
301 301 0.00776235317172
302 302 516.494415277
303 303 519.585973321
304 304 0.0034205267606
305 305 579.316033312
306 306 151.602158202
307 307 415.067607165
308 308 545.957098666
309 309 61.4110505916
310 310 11.8820518825
311 311 350.517239546
312 312 483.489629769
313 313 253.085011787
314 314 0.0061130783831
315 315 237.362401763
316 316 591.100736345
317 317 0.00941168765747
318 318 458.398674637
319 319 91.0796265352
320 320 578.97852551
321 321 117.383313009
322 322 447.373092628
323 323 504.172145989
324 324 62.8399136496
325 325 351.275216889
326 326 0.00954215849331
327 327 414.708405617
328 328 237.435507312
329 329 155.945050273
330 330 159.94770807
331 331 534.062901078
332 332 333.218725791
333 333 435.04562006
334 334 0.00177700256542
335 335 343.326986507
336 336 427.302420864
337 337 450.707537109
338 338 416.557380589
339 339 0.000812424291887
340 340 75.628911984
341 341 598.769707097
342 342 397.141309052
343 343 181.151628335
344 344 0.0032854601802
345 345 0.00832586690377
346 346 486.332116292
347 347 0.00151189578041
348 348 570.973525524
349 349 0.00465592843606
350 350 0.00667169696269
351 351 269.574900296
352 352 453.909447509
353 353 468.651978371
354 354 201.966268597
355 355 228.181154171
356 356 186.237374352
357 357 0.00130400101578
358 358 529.082841874
359 359 0.00458291259036
360 360 420.778952801
361 361 613.766720291
362 362 0.00339008800095
363 363 296.497520281
364 364 412.237100092
365 365 272.498687613
366 366 428.686347532
367 367 0.00649226836091
368 368 0.00328672528199
369 369 193.610111898
370 370 0.0035253039715
371 371 231.370289487
372 372 319.338915697
373 373 436.113721309
374 374 545.24103849
375 375 122.829739093
376 376 164.50668538
377 377 178.657519465
378 378 0.00182497417994
379 379 0.00909772826219
380 380 119.33475939
381 381 241.339316213
382 382 347.53531394
383 383 121.514227452
384 384 320.676234954
385 385 163.688474533
386 386 0.009296503855
387 387 535.941257304
388 388 234.701855276
389 389 55.4842449536
390 390 0.00621542417646
391 391 610.782531129
392 392 425.638291061
393 393 461.483791477
394 394 510.079307909
395 395 79.3231811686
396 396 364.824054625
397 397 318.740337656
398 398 298.449638353
399 399 282.478497025
400 400 620.447317507
401 401 371.456087717
402 402 238.558179111
403 403 0.00667357016359
404 404 323.986909801
405 405 464.230952613
406 406 0.00202874638273
407 407 559.307530249
408 408 73.6205850774
409 409 435.105869093
410 410 590.52074401
411 411 0.00574151531155
412 412 61.4183418883
413 413 0.00996284246485
414 414 202.461832292
415 415 202.177220585
416 416 0.00843851653178
417 417 0.00165228554711
418 418 392.646412283
419 419 108.711584366
420 420 267.30814857
421 421 582.820429336
422 422 582.14516068
423 423 369.816015989
424 424 543.272306241
425 425 0.0023355086046
426 426 211.510249689
427 427 500.606149768
428 428 428.582459881
429 429 538.7432301
430 430 0.00595095448301
431 431 336.921797331
432 432 233.969708602
433 433 168.873310477
434 434 37.8765265963
435 435 164.558316626
436 436 505.175311168
437 437 0.00902340343961
438 438 0.00301049054967
439 439 421.873884918
440 440 0.00924053471194
441 441 594.643904178
442 442 143.109459446
443 443 278.315704774
444 444 342.145851565
445 445 449.917511384
446 446 0.0050820685601
447 447 0.00501803676169
448 448 0.00922054563445
449 449 236.635177267
450 450 0.0019103672899
451 451 373.918659655
452 452 301.850114017
453 453 0.00217568704028
454 454 293.692440609
455 455 349.082309293
456 456 346.233244944
457 457 0.00131638435392
458 458 66.6175432724
459 459 521.788374595
460 460 577.197280734
461 461 434.953764619
462 462 293.686206359
463 463 96.303765068
464 464 587.415529406
465 465 0.00660544626316
466 466 0.000953253406319
467 467 575.659942419
468 468 0.00376573801812
469 469 564.979914521
470 470 467.223201545
471 471 379.995173403
472 472 0.00709825184857
473 473 132.282907454
474 474 580.243471735
475 475 284.484376379
476 476 526.942518046
477 477 347.648403928
478 478 36.0438003812
479 479 0.00734750628392
480 480 438.952939889
481 481 1.52985955998e-05
482 482 515.399323769
483 483 503.567341216
484 484 254.661257723
485 485 249.912219173
486 486 442.974567346
487 487 0.00759529450204
488 488 399.576191747
489 489 221.931572703
490 490 324.469093851
491 491 0.00418769406799
492 492 313.121310748
493 493 50.9256293292
494 494 0.00627092619096
495 495 488.748467821
496 496 18.1999651922
497 497 0.00532335913661
498 498 272.73520965
499 499 98.4821889909
500 500 416.843040549
501 501 0.00287831387778
502 502 586.038078964
503 503 414.668488553
504 504 577.675137003
505 505 0.00087393465339
506 506 0.00859701690852
507 507 0.00401327123248
508 508 179.373887105
509 509 17.8289548655
510 510 0.00498580533514
511 511 0.00396664685929
512 512 92.5450894445
513 513 451.767711464
514 514 288.090310561
515 515 88.9769360313
516 516 327.522833718
517 517 397.802598767
518 518 562.870882979
519 519 0.000823934380622
520 520 0.00489616937823
521 521 338.78693922
522 522 601.513190544
523 523 305.460068814
524 524 66.8295975554
525 525 354.980505257
526 526 534.274829172
527 527 486.208858193
528 528 92.1448928216
529 529 580.875871263
530 530 360.623172123
531 531 0.00228773012062
532 532 446.753503499
533 533 255.890102988
534 534 0.00600910885192
535 535 0.00166230283185
536 536 0.00300331999551
537 537 0.00904121077547
538 538 191.128069754
539 539 445.205486854
540 540 112.764912441
541 541 42.1137188192
542 542 0.00410790080343
543 543 150.803717719
544 544 301.763342991
545 545 241.957957464
546 546 15.9443581041
547 547 557.624020975
548 548 138.245849224
549 549 26.831267909
550 550 617.367736314
551 551 42.6571279556
552 552 0.0095288375956
553 553 0.00984792212865
554 554 0.00743800859911
555 555 472.010363867
556 556 327.131836815
557 557 66.6101910136
558 558 0.00208873776911
559 559 0.00948511912322
560 560 605.128705773
561 561 366.57854373
562 562 476.640743873
563 563 421.161344582
564 564 180.069840058
565 565 62.4459901109
566 566 355.527470711
567 567 164.122137075
568 568 22.9064601282
569 569 265.217969265
570 570 0.00263063999599
571 571 265.680603523
572 572 226.358027515
573 573 163.264662779
574 574 327.416269383
575 575 0.00519586648171
576 576 622.784781801
577 577 198.005384469
578 578 0.00824475636112
579 579 178.543848289
580 580 414.56068418
581 581 292.370985564
582 582 153.703884602
583 583 549.890469522
584 584 0.00548242819551
585 585 411.731867595
586 586 0.00906213739527
587 587 0.00636007767223
588 588 474.90465783
589 589 344.50631069
590 590 0.00959886346594
591 591 248.613161567
592 592 0.00614098100969
593 593 286.566112073
594 594 594.536284064
595 595 0.000726432555904
596 596 105.703168263
597 597 252.433882974
598 598 394.642249828
599 599 370.79000141
600 600 148.09307567
601 601 551.547576652
602 602 575.775327122
603 603 450.999831025
604 604 0.00558614090015
605 605 90.4035301754
606 606 0.00193283672424
607 607 0.00402301454816
608 608 34.503155041
609 609 55.7980125677
610 610 0.007716364224
611 611 92.3217908484
612 612 0.00339449129554
613 613 372.993858825
614 614 381.075764594
615 615 267.311181124
616 616 83.5761891615
617 617 203.427068756
618 618 20.381655185
619 619 396.259281714
620 620 304.169338506
621 621 500.39015431
622 622 391.645433299
623 623 118.889292594
624 624 342.865195393
625 625 238.351217728
626 626 501.211972123
627 627 232.692805635
628 628 0.00461941212912
629 629 0.00771909515498
630 630 590.129046969
631 631 204.890049454
632 632 538.204972705
633 633 429.624795154
634 634 348.198457503
635 635 314.944236447
636 636 0.00408550149683
637 637 0.00797093345063
638 638 184.328886601
639 639 617.853998877
640 640 559.638029933
641 641 485.604163271
642 642 71.2070125246
643 643 0.00456282835599
644 644 347.376154409
645 645 198.363878846
646 646 359.565406337
647 647 0.00972474929089
648 648 0.00205023490116
649 649 601.007995285
650 650 0.00382900411906
651 651 102.554622669
652 652 0.00160412935634
653 653 366.901217252
654 654 0.00988909130889
655 655 504.603494271
656 656 176.525125247
657 657 285.92394409
658 658 0.00122419224416
659 659 362.06373979
660 660 546.104885872
661 661 352.324775413
662 662 68.7889832515
663 663 414.085243119
664 664 534.304566396
665 665 408.502329998
666 666 0.00309222552035
667 667 533.830191121
668 668 463.562272986
669 669 0.00133701947122
670 670 0.00946982162686
671 671 590.908629569
672 672 0.00330215477964
673 673 0.00663957289827
674 674 517.173739338
675 675 0.00672654308098
676 676 0.002451302713
677 677 0.00208405296054
678 678 390.300403399
679 679 158.234570644
680 680 315.110827404
681 681 384.002179652
682 682 0.00731893042467
683 683 368.913439762
684 684 208.45584629
685 685 8.84808633074
686 686 0.00198381334627
687 687 422.330152338
688 688 217.918482816
689 689 551.685847804
690 690 373.415956041
691 691 281.76022068
692 692 180.840750179
693 693 0.00438391555157
694 694 301.201446991
695 695 0.0099006753613
696 696 0.00388696318042
697 697 79.5081663482
698 698 304.252645987
699 699 0.00454445193504
700 700 0.00231494802339
701 701 0.00725199714774
702 702 353.620948261
703 703 593.54149625
704 704 0.00436122859958
705 705 457.321880029
706 706 493.737867587
707 707 475.169731127
708 708 229.063513678
709 709 282.679788921
710 710 27.2037472443
711 711 0.00574607211991
712 712 590.521691633
713 713 370.900585025
714 714 0.00101550003314
715 715 72.4850034117
716 716 207.658461006
717 717 583.950582352
718 718 0.00843011782894
719 719 262.574305943
720 720 0.00562614823751
721 721 0.00602454256099
722 722 441.42939241
723 723 432.219979679
724 724 0.00117959753306
725 725 206.876307118
726 726 444.954062506
727 727 406.126651215
728 728 331.562448603
729 729 0.0095285471285
730 730 328.559440409
731 731 296.129722993
732 732 549.857475412
733 733 597.782112684
734 734 398.470338498
735 735 544.217299759
736 736 592.860913858
737 737 60.4537863019
738 738 474.216961916
739 739 0.00735841172086
740 740 119.402820366
741 741 51.411571789
742 742 540.631929561
743 743 533.994481334
744 744 540.480205008
745 745 473.254795999
746 746 266.819333581
747 747 167.327478244
748 748 392.26908067
749 749 56.6207312013
750 750 64.3937013662
751 751 73.3852802637
752 752 363.195471349
753 753 46.4319892209
754 754 313.250981441
755 755 464.843844611
756 756 287.955131868
757 757 13.4416747218
758 758 378.063039338
759 759 180.424514299
760 760 0.000811189312969
761 761 176.427839879
762 762 0.0037470113514
763 763 255.320564411
764 764 280.860646203
765 765 105.941242232
766 766 0.00266715575302
767 767 451.265250224
768 768 195.939253593
769 769 0.00474157014996
770 770 15.0804682655
771 771 0.589955429274
772 772 552.799907732
773 773 478.971198586
774 774 128.002450649
775 775 138.907998547
776 776 368.738544493
777 777 496.587762072
778 778 443.634581942
779 779 259.852079268
780 780 592.299570887
781 781 24.0092814834
782 782 134.964720018
783 783 358.542043908
784 784 519.643888127
785 785 368.358384869
786 786 550.330466854
787 787 176.570553481
788 788 0.0052859787646
789 789 174.643116793
790 790 562.15194667
791 791 0.00921226346025
792 792 623.189746764
793 793 407.256734602
794 794 0.00874865316505
795 795 253.3361063
796 796 453.986621896
797 797 0.000921075496855
798 798 0.00496453933417
799 799 0.00730898372581
800 800 0.00413805189894
801 801 560.001993175
802 802 379.355416444
803 803 476.370624818
804 804 436.9689438
805 805 594.363303598
806 806 0.00577319612557
807 807 337.68393298
808 808 149.129197393
809 809 467.019106073
810 810 467.283668582
811 811 365.418832089
812 812 2.60938466708e-05
813 813 13.9759992532
814 814 0.00989136699484
815 815 0.00593742717809
816 816 481.986229725
817 817 183.504614635
818 818 0.00871960424503
819 819 509.439546563
820 820 14.4165256859
821 821 458.161022919
822 822 32.1866503927
823 823 331.423699343
824 824 446.65278633
825 825 55.419407389
826 826 456.907839804
827 827 581.945637065
828 828 0.00291968499492
829 829 339.327643878
830 830 0.00452784479167
831 831 215.860194004
832 832 367.900349471
833 833 549.229188999
834 834 302.168889322
835 835 0.00782341592231
836 836 0.00125193189924
837 837 387.282502998
838 838 0.00284704237172
839 839 202.027491335
840 840 92.1255395232
841 841 0.00125281357922
842 842 0.00885915208079
843 843 397.26172098
844 844 0.00775976186729
845 845 26.7755602638
846 846 49.6247819402
847 847 91.6520993006
848 848 451.498746336
849 849 400.118740234
850 850 493.297905639
851 851 431.114893669
852 852 311.874954249
853 853 0.00368798330842
854 854 0.0066232975522
855 855 204.52847997
856 856 68.2156067986
857 857 457.544015101
858 858 289.058579009
859 859 359.679154348
860 860 35.100735772
861 861 336.328515876
862 862 0.00960348660155
863 863 0.00804720856089
864 864 431.028349747
865 865 413.448135165
866 866 338.376587047
867 867 0.0038653846159
868 868 0.00672506435898
869 869 259.675035321
870 870 0.00384243818751
871 871 0.00560573979842
872 872 399.163817181
873 873 501.723940323
874 874 384.162469785
875 875 175.75472856
876 876 331.058629273
877 877 0.00877077698576
878 878 0.000694712406456
879 879 0.000414739192382
880 880 378.344893876
881 881 490.255103974
882 882 0.00651251447388
883 883 0.00031773635166
884 884 0.00521030212503
885 885 0.000903281469199
886 886 549.415315054
887 887 170.935307269
888 888 0.0089108188564
889 889 588.083199071
890 890 119.423779745
891 891 387.573348859
892 892 0.0084878159085
893 893 284.842094953
894 894 126.218300397
895 895 0.00815216034669
896 896 421.022464284
897 897 8.59031787884
898 898 359.700147233
899 899 580.495466858
900 900 337.505236062
901 901 84.1524954714
902 902 138.955709842
903 903 0.00546698522395
904 904 263.246791535
905 905 467.213059614
906 906 524.559211735
907 907 432.19015325
908 908 463.912125942
909 909 139.509379542
910 910 329.181037643
911 911 192.369223321
912 912 138.286786729
913 913 0.00818226787889
914 914 244.190135742
915 915 4.59244178574e-05
916 916 191.384918403
917 917 83.7577237957
918 918 179.988127447
919 919 221.67643418
920 920 291.294905042
921 921 501.133359264
922 922 357.163284691
923 923 314.579169608
924 924 0.00510642526839
925 925 491.829827527
926 926 161.400954234
927 927 40.492158043
928 928 0.00864101970867
929 929 623.191005224
930 930 0.0065368818391
931 931 311.368714549
932 932 625.166174483
933 933 51.1786549852
934 934 224.035627538
935 935 105.887967922
936 936 0.00692073846842
937 937 148.949119229
938 938 106.999219367
939 939 0.00605488413469
940 940 165.297303776
941 941 116.986110537
942 942 192.116317809
943 943 337.408828875
944 944 0.00815114100703
945 945 299.186238091
946 946 0.00130261683885
947 947 453.794624839
948 948 83.0554942299
949 949 538.092146383
950 950 28.9029445432
951 951 352.56609443
952 952 458.327198557
953 953 197.162865381
954 954 578.142620883
955 955 430.78464487
956 956 0.00410125751078
957 957 377.938230297
958 958 50.5977525512
959 959 8.13873781239
960 960 0.00113771786202
961 961 115.006904303
962 962 0.00173915367574
963 963 30.7926149622
964 964 426.226985164
965 965 595.405616897
966 966 0.00721197160348
967 967 109.631678526
968 968 489.02681336
969 969 13.4018795414
970 970 0.0066228611353
971 971 580.979522945
972 972 0.00676678181006
973 973 411.465633208
974 974 406.418519564
975 975 505.449619648
976 976 0.00796814498311
977 977 0.00294110625372
978 978 0.00845661140907
979 979 0.00745905249174
980 980 570.323062972
981 981 316.701500117
982 982 568.239099845
983 983 109.450478333
984 984 159.456047007
985 985 574.821948682
986 986 199.286002437
987 987 0.00598911754157
988 988 505.570606803
989 989 265.817581575
990 990 0.00539963068238
991 991 383.926505957
992 992 99.0798683666
993 993 0.00754344717379
994 994 207.165131447
995 995 0.00305507283902
996 996 334.513704487
997 997 608.328082832
998 998 0.00497701626336
999 999 548.311635475
1000 1000 0.00644992632552
