1 1 4018.32724316
2 2 2.07024548467e-05
3 3 3.03317916567e-05
4 4 7.54287204601e-05
5 5 3.14449197311e-05
6 6 5.36908172529e-05
7 7 753.238945301
8 8 4.32209429904e-05
9 9 3.31540682606e-05
10 10 8.15675305687e-05
11 11 9.79974572196e-06
12 12 2.2625874269e-05
13 13 6.25032735633e-05
14 14 1.57360640965e-05
15 15 614.514713444
16 16 9.57260169139e-05
17 17 9.60886445081e-05
18 18 1577.81638781
19 19 1767.08187794
20 20 9.50009545697e-05
21 21 1.63274802901e-05
22 22 1432.21638055
23 23 163.604055342
24 24 1.57157397632e-05
25 25 3.38740891221e-05
26 26 5609.00139535
27 27 6.02402237084e-05
28 28 3212.1189056
29 29 8.41816011726e-07
30 30 657.456690423
31 31 1435.64486
32 32 2129.6479591
33 33 3.51506257922e-05
34 34 5012.10765915
35 35 3.87250463192e-05
36 36 3678.85415778
37 37 9.16880801354e-05
38 38 3.90889321395e-05
39 39 9.24612752465e-05
40 40 1672.48247446
41 41 8.58374938006e-05
42 42 1732.85759809
43 43 4.4832702297e-05
44 44 8.81425941497e-05
45 45 2.76394557789e-05
46 46 2499.74842122
47 47 1.34422758137e-05
48 48 9.20640238776e-05
49 49 4.97559488854e-05
50 50 3.0226196728e-05
51 51 5.45570582897e-05
52 52 9.63007836732e-05
53 53 2.86506053503e-05
54 54 6.72123246352e-05
55 55 9.79031920957e-05
56 56 4.1699643031e-05
57 57 1861.63714628
58 58 1.14241323448e-05
59 59 6.30919666683e-05
60 60 5.54712425256e-05
61 61 4.93269015695e-05
62 62 5.81153313851e-05
63 63 4.69742040098e-05
64 64 7.58800791656e-05
65 65 1688.75772689
66 66 4240.18351208
67 67 9.55063143417e-05
68 68 3.66412040948e-05
69 69 2733.85080925
70 70 5.20047993848e-05
71 71 292.78562939
72 72 5.03145196802e-05
73 73 1394.05141255
74 74 4.3355808977e-06
75 75 3.75678487687e-05
76 76 5231.71570223
77 77 7.66594713649e-05
78 78 5.11745367107e-05
79 79 3109.80683846
80 80 1.38862846566e-05
81 81 8.31413398736e-06
82 82 6.93277308513e-05
83 83 2670.59979764
84 84 8.24838447733e-06
85 85 5.10252535126e-05
86 86 9.44579683888e-05
87 87 8.17717737232e-05
88 88 1.44532005695e-05
89 89 1346.74901954
90 90 4.07365123245e-05
91 91 3.63608771199e-06
92 92 4.55995813347e-05
93 93 5.96030487427e-05
94 94 5.60971990276e-05
95 95 7.64491036493e-05
96 96 5.85154281052e-05
97 97 9.18408522575e-05
98 98 6.99886771046e-05
99 99 8.82444702028e-05
100 100 2832.42030741
101 101 1.72687749495e-05
102 102 8.23235257171e-05
103 103 5.67150183495e-05
104 104 4999.16033551
105 105 6.30257292222e-05
106 106 5.70974869319e-05
107 107 4.83559631581e-05
108 108 5.84645758007e-05
109 109 2.80607577841e-05
110 110 6.82221392728e-05
111 111 4025.05264353
112 112 8.94508630487e-05
113 113 1.64000905277e-05
114 114 4.55877608744e-05
115 115 1.50533361694e-05
116 116 1.81849854635e-05
117 117 7.61473039469e-05
118 118 6.97036229243e-05
119 119 6.49304086671e-05
120 120 7.29587194107e-05
121 121 7.05936001223e-05
122 122 3271.6717427
123 123 7.68336742974e-06
124 124 3.96414881096e-05
125 125 6.3483356815e-05
126 126 4350.55778536
127 127 4158.17486173
128 128 7.74934407972e-05
129 129 8.1188916107e-05
130 130 9.45876757775e-05
131 131 2789.83848543
132 132 8.39674202374e-05
133 133 2.8495495754e-05
134 134 8.19363054999e-05
135 135 6.03860326564e-05
136 136 7.63509276031e-05
137 137 3503.13368613
138 138 5.98951251206e-05
139 139 8.79024621045e-05
140 140 5.84446287556e-05
141 141 2.35375339031e-05
142 142 1.14534849953e-05
143 143 3.29286495309e-05
144 144 2605.69087396
145 145 1.2099942387e-05
146 146 1.58333257538e-05
147 147 7.8965007864e-05
148 148 3.81877065534e-05
149 149 7.80319323503e-05
150 150 5.45448887748e-05
151 151 1230.01751698
152 152 6.4875874154e-05
153 153 3.55128160068e-05
154 154 3.2995892459e-05
155 155 1.69043394758e-05
156 156 4.38298664562e-05
157 157 2.64783059996e-05
158 158 3.51652575618e-05
159 159 4402.41192082
160 160 2.42108298558e-05
161 161 9.8130306902e-05
162 162 5.45797914102e-06
163 163 1607.43901782
164 164 5.62243049263e-05
165 165 874.377676003
166 166 5.84448812042e-05
167 167 1.88324900602e-05
168 168 1.02894090638e-05
169 169 4099.54555839
170 170 9.18527011451e-05
171 171 1.40180233258e-05
172 172 4.77404626716e-05
173 173 5282.17552371
174 174 3936.87723312
175 175 9.43720284451e-05
176 176 3.12048046048e-06
177 177 6.28452708356e-06
178 178 5.03725229402e-05
179 179 4549.57668745
180 180 1.59764356085e-05
181 181 9.63956900051e-05
182 182 9.21957604883e-05
183 183 9.43380074917e-05
184 184 4.92788235423e-05
185 185 2.01228430421e-05
186 186 1134.42346876
187 187 2.54539443409e-05
188 188 5133.59138266
189 189 7.18560483465e-05
190 190 7.17213391185e-06
191 191 5.89385841439e-05
192 192 9.40362931964e-05
193 193 1.91740770144e-05
194 194 5.14974207637e-05
195 195 2510.33408415
196 196 1.54473873626e-05
197 197 4.11186736577e-05
198 198 8.55394887736e-06
199 199 2615.56134149
200 200 3.24825488988e-06
201 201 3.86556259123e-05
202 202 133.643476662
203 203 5.55467309817e-05
204 204 6.9545759578e-05
205 205 5.90658644302e-05
206 206 9.2922365473e-05
207 207 1.77264155685e-06
208 208 1.23532787735e-05
209 209 1.26426641302e-05
210 210 1.94162643301e-05
211 211 2.73928996409e-05
212 212 4.51343780525e-05
213 213 2.78588376586e-05
214 214 7.14104973266e-05
215 215 3917.20680614
216 216 9.56937066083e-05
217 217 5124.2638112
218 218 3.31868420727e-05
219 219 1.03147482314e-05
220 220 6.92555891725e-05
221 221 1.38935984265e-05
222 222 4.30204707937e-05
223 223 6.34713928765e-05
224 224 3381.68644629
225 225 1.99854071819e-05
226 226 9.50249982649e-05
227 227 7.33846602482e-05
228 228 5264.44512595
229 229 8.32584918294e-06
230 230 1302.75320463
231 231 2.04936752924e-05
232 232 5.86091817497e-05
233 233 7.08936462768e-05
234 234 1.38149315337e-05
235 235 3.78083603408e-05
236 236 7.26189114858e-05
237 237 7.03886296967e-05
238 238 5.62606644787e-05
239 239 9.47013306587e-06
240 240 5.02386615769e-05
241 241 3293.80974978
242 242 1.76464411047e-05
243 243 3130.01563045
244 244 9.4507865179e-05
245 245 359.613067326
246 246 1.72716496925e-05
247 247 5.98766179846e-05
248 248 1.4593184402e-05
249 249 8.90220486248e-05
250 250 3734.10598789
251 251 8.94995407702e-05
252 252 2.31329157401e-05
253 253 6.62139603007e-05
254 254 9.90329049096e-05
255 255 1001.39948967
256 256 8.8252666729e-06
257 257 7.81644818638e-05
258 258 6.54632688349e-05
259 259 1054.62643064
260 260 4.06886116444e-05
261 261 1.61663841263e-05
262 262 5370.87392679
263 263 8.96055755645e-05
264 264 2.44068527631e-06
265 265 3100.07818096
266 266 4533.37380423
267 267 5.77498758839e-05
268 268 9.4460074294e-05
269 269 8.2763960109e-05
270 270 8.81578924967e-05
271 271 5243.81820631
272 272 1.01644793547e-05
273 273 2.04797868696e-05
274 274 5.22221060771e-05
275 275 1.94506669756e-05
276 276 8.56026788043e-05
277 277 2.0397824914e-05
278 278 3.7508312036e-05
279 279 5.76494161458e-05
280 280 8.34258343705e-05
281 281 6.42909404463e-06
282 282 3.9881460562e-05
283 283 7.85738240065e-05
284 284 2137.48240356
285 285 4652.07348958
286 286 3.38830565685e-05
287 287 9.17997572722e-05
288 288 7.5346279641e-05
289 289 5.74798174349e-05
290 290 9.8183671041e-05
291 291 3.6367515026e-05
292 292 1.13024256177e-05
293 293 7.27370373501e-05
294 294 732.939915458
295 295 5.19265923147e-05
296 296 4845.03590361
297 297 3.25943009517e-05
298 298 18.0733928558
299 299 3.64330636609e-05
300 300 7.77813717402e-05
301 301 2.07913348615e-05
302 302 6.81015276844e-05
303 303 2.94219831787e-05
304 304 3.82173634799e-05
305 305 4974.49282081
306 306 2519.73362518
307 307 4.03335594997e-05
308 308 9.49829687497e-06
309 309 7.11603905263e-05
310 310 5209.26700046
311 311 5449.02289458
312 312 8.09119756912e-05
313 313 3111.20755342
314 314 6.04653139512e-05
315 315 4296.88321008
316 316 1112.17431169
317 317 4.21119801005e-05
318 318 8.3669996708e-05
319 319 5.7836360733e-05
320 320 3.14081731732e-05
321 321 8.42814868611e-05
322 322 3.05120205433e-06
323 323 1.51060191124e-06
324 324 290.361583749
325 325 8.9208081954e-05
326 326 1828.94132622
327 327 7.92292019589e-05
328 328 9.4771718189e-05
329 329 4.47646026113e-05
330 330 8.40202732053e-05
331 331 4.0546303725e-06
332 332 4.68798248351e-05
333 333 4.26345020135e-05
334 334 9.02853023957e-05
335 335 2.18001695421e-05
336 336 3.24821836003e-05
337 337 3.81897740888e-05
338 338 6.59581196942e-05
339 339 3.77095340017e-05
340 340 4.12955507002e-05
341 341 2.60640215414e-05
342 342 2.22283557801e-05
343 343 1603.65927248
344 344 8.14489292259e-05
345 345 5.07476690087e-05
346 346 7.80040253377e-05
347 347 2.26429260778e-05
348 348 8.78233814679e-05
349 349 2.42448865989e-05
350 350 8.59937796796e-05
351 351 1.01731344464e-05
352 352 8.70069649582e-05
353 353 3.11833004067e-05
354 354 4.4020521503e-06
355 355 2.53867024474e-05
356 356 4.04147483171e-05
357 357 647.782488948
358 358 2316.87577918
359 359 1291.93509459
360 360 8.54301345168e-05
361 361 3125.78983641
362 362 2900.29181905
363 363 1.10751645719e-05
364 364 5603.05950442
365 365 4.56870359073e-05
366 366 2.95829751979e-05
367 367 6.53353125859e-05
368 368 8.75558981518e-05
369 369 8.82335136555e-05
370 370 5.8668452371e-05
371 371 4.41346674723e-05
372 372 3.0160276713e-05
373 373 6.74619010524e-05
374 374 8.07329528944e-05
375 375 7.22413876147e-05
376 376 2.14323712314e-05
377 377 5.11186415489e-05
378 378 1.33400474783e-05
379 379 6.20822815056e-05
380 380 62.4017908151
381 381 3752.97793675
382 382 9.08983447474e-05
383 383 9.30476803894e-05
384 384 7.91078431466e-05
385 385 5.03014870456e-05
386 386 3.2070495708e-05
387 387 1.27346699111e-05
388 388 5.53916115311e-05
389 389 5.85673715155e-06
390 390 7.50687444635e-05
391 391 4234.45215245
392 392 8.03938040423e-05
393 393 1604.32553453
394 394 2228.9724302
395 395 8.9608675035e-05
396 396 6.448150696e-05
397 397 2.24249624837e-05
398 398 4.80865676387e-05
399 399 3210.81863277
400 400 9.47703405794e-05
401 401 3.02843223595e-06
402 402 2.89305945296e-05
403 403 5.1816243756e-05
404 404 4.01318481734e-05
405 405 7.27952496108e-05
406 406 9.00465421528e-05
407 407 3.43153736067e-05
408 408 4230.04969991
409 409 2044.37759046
410 410 1287.81830214
411 411 5429.80908661
412 412 292.967595058
413 413 7.6061158026e-05
414 414 5.33259065873e-05
415 415 5.84249368289e-05
416 416 2.80841224565e-05
417 417 1195.93839776
418 418 1446.25646989
419 419 3714.35010234
420 420 8.80508222357e-05
421 421 2672.56857093
422 422 6.12086308759e-05
423 423 3306.01319782
424 424 5149.33909141
425 425 2.90663295255e-05
426 426 7.11680853135e-05
427 427 3.09298898201e-05
428 428 4.94166674375e-05
429 429 8.35987920253e-05
430 430 1.51975882935e-05
431 431 7.06947045165e-05
432 432 8.7074502112e-05
433 433 4.35750861425e-05
434 434 7.01414839009
435 435 1.77854697813e-05
436 436 396.507103124
437 437 9.81514943842e-05
438 438 1081.85064048
439 439 7.98571353349e-05
440 440 3883.73372423
441 441 9.7563738107e-05
442 442 1.57600775657e-05
443 443 7.85107648541e-05
444 444 4.6791218679e-05
445 445 5.16851176781e-05
446 446 8.74109136841e-05
447 447 2.27540095728e-05
448 448 8.32135375401e-05
449 449 6.97589370026e-05
450 450 3600.59041608
451 451 9.94586329713e-05
452 452 2.98949602996e-05
453 453 6.3168070891e-05
454 454 5.15614448026e-05
455 455 9.96145510249e-05
456 456 4.50486868066e-05
457 457 3617.91798219
458 458 9.17466452684e-05
459 459 7.04913649302e-05
460 460 4.79429417158e-05
461 461 6.06439359855e-05
462 462 2.52686964034e-05
463 463 3.93962194998e-05
464 464 1.78382769538e-05
465 465 9.79713227541e-06
466 466 448.634651521
467 467 4629.88000098
468 468 9.10281186839e-05
469 469 4.76674437599e-05
470 470 7.50268675195e-05
471 471 7.22382768149e-05
472 472 2563.45817096
473 473 8.62765043335e-06
474 474 3.92707202492e-06
475 475 2.28045018927e-05
476 476 2.86574302729e-05
477 477 4.25104669137e-05
478 478 1.90627702162e-05
479 479 7.7466182914e-05
480 480 4.51447675007e-06
481 481 4.21031086245e-05
482 482 7.22327044385e-05
483 483 3.18193664302e-05
484 484 9.16498139883e-05
485 485 4.40045369515e-05
486 486 6.37887971445e-05
487 487 6.94633063866e-05
488 488 5514.58703624
489 489 7.68668733702e-05
490 490 3.88659146109e-05
491 491 8.55736864512e-05
492 492 7.37654972589e-05
493 493 4292.23900905
494 494 3.57537644004e-05
495 495 5.75381734202e-05
496 496 3.92003572538e-05
497 497 849.621825319
498 498 9.9021021463e-05
499 499 7.09210027459e-05
500 500 5.05842903875e-05
501 501 3.10458970043e-05
502 502 7.91654829176e-05
503 503 4738.85497594
504 504 7.53445085538e-05
505 505 4637.35314414
506 506 1653.49944035
507 507 9.14105724433e-05
508 508 8.82886529794e-05
509 509 1.37038229728e-05
510 510 3.62892034269e-05
511 511 9.53580846667e-05
512 512 5.32323164238e-05
513 513 4.22568323e-05
514 514 5095.2192572
515 515 9.00982632011e-05
516 516 2929.35404892
517 517 9.69825771813e-06
518 518 5.49250151993e-05
519 519 4.05068925437e-05
520 520 983.767213423
521 521 6.80876707465e-05
522 522 1.56760236114e-05
523 523 6.67293131673e-05
524 524 6.84954394964e-05
525 525 5.39301755964e-05
526 526 589.457423267
527 527 4.98757747933e-05
528 528 1137.79445053
529 529 3.34961201385e-05
530 530 7.96475050909e-05
531 531 9.78900929288e-05
532 532 4.57240695606e-05
533 533 2844.39208965
534 534 5.12061517741e-05
535 535 9.20161828752e-06
536 536 2.50004720833e-05
537 537 6.56212122e-05
538 538 8.37181907648e-05
539 539 5.90369516558e-05
540 540 7.06422019776e-05
541 541 2.96313606836e-05
542 542 1.12177646404e-05
543 543 1.33318450225e-05
544 544 1.45778893851e-05
545 545 3920.5671949
546 546 2806.61928379
547 547 2.14110545897e-05
548 548 4816.18733297
549 549 9.59519615244e-05
550 550 8.95771241035e-05
551 551 4.95721819367e-05
552 552 822.704262516
553 553 5.0031461869e-05
554 554 6.98164190725e-05
555 555 1.94510267261e-05
556 556 9.41196514879e-05
557 557 2970.68267457
558 558 504.22619738
559 559 6.89382020344e-05
560 560 9.71450542127e-05
561 561 9.22687891218e-06
562 562 7.14074252085e-05
563 563 1900.99571411
564 564 1.07459525026e-06
565 565 5476.03168255
566 566 4189.93193449
567 567 3118.20583387
568 568 2.71881281994e-05
569 569 5.07498929999e-05
570 570 2.77823234042e-05
571 571 7.8056789523e-05
572 572 4972.24342991
573 573 1298.67820772
574 574 3.46003983592e-05
575 575 2.96270112601e-05
576 576 2769.55427364
577 577 9.66281280022e-05
578 578 4664.94350647
579 579 4565.88343703
580 580 4.99081839987e-05
581 581 1459.25404601
582 582 1721.19499124
583 583 4615.76800069
584 584 9.5530476553e-05
585 585 1.10872618767e-06
586 586 9.88988331907e-05
587 587 9.99530151409e-05
588 588 3235.93298915
589 589 4043.25278295
590 590 8.0757285498e-05
591 591 8.44792540404e-05
592 592 3.84614594787e-07
593 593 3.31326161693e-05
594 594 2809.82697244
595 595 1.04624655067e-05
596 596 6.31444750589e-06
597 597 5.52876180543e-05
598 598 9.25603654297e-05
599 599 5.22806079194e-05
600 600 3.50315949235e-05
601 601 6.00106816e-05
602 602 6.57143121213e-05
603 603 1770.57007272
604 604 3.08870001141e-05
605 605 2.03018479719e-05
606 606 2.55816550026e-05
607 607 631.236120814
608 608 1.33997891964e-05
609 609 3619.78839109
610 610 5.85793648288e-05
611 611 7.72105964796e-05
612 612 3.90728293184e-05
613 613 4.14096788516e-06
614 614 4233.09135134
615 615 5.92032757179e-05
616 616 7.24292713137e-05
617 617 3.84172733321e-05
618 618 1861.01815451
619 619 7.10702664898e-05
620 620 3.96750009628e-05
621 621 4.74768688128e-05
622 622 4.61075537867e-05
623 623 6.39626613175e-05
624 624 2017.49921517
625 625 4.00966217203e-05
626 626 7.24796111627e-05
627 627 7.0335512768e-05
628 628 9.31936201199e-05
629 629 578.83252661
630 630 5.01474008734e-05
631 631 8.55758539317e-05
632 632 7.55084589207e-05
633 633 797.408542587
634 634 8.66983671379e-05
635 635 3663.22017791
636 636 4264.66075516
637 637 1.03139157513e-06
638 638 7.23767432842e-05
639 639 2324.25850646
640 640 8.80570511239e-05
641 641 6.53508866686e-05
642 642 9.95843037595e-05
643 643 1.47634340128e-05
644 644 1.57236839782e-05
645 645 8.1447964547e-05
646 646 9.97671466779e-05
647 647 4159.00779946
648 648 9.48612642913e-05
649 649 5.24419489645e-05
650 650 5.87240601924e-05
651 651 4.31755646776e-05
652 652 5600.48230093
653 653 2409.87477756
654 654 3.21558671159e-05
655 655 2850.57969834
656 656 6.56327092784e-05
657 657 5490.67965592
658 658 2688.79902044
659 659 3314.56860267
660 660 6.06085886991e-05
661 661 1595.69822997
662 662 1.99212761661e-05
663 663 6.18036355203e-05
664 664 7.33636660475e-05
665 665 8.47949907472e-05
666 666 6.0625432795e-05
667 667 5.54963735929e-05
668 668 6.54790403314e-05
669 669 6.49178001365e-05
670 670 6.68354362268e-05
671 671 4700.47398381
672 672 3.96550038358e-05
673 673 8.12255913621e-05
674 674 4472.4554089
675 675 12.4348903256
676 676 1069.32981914
677 677 1648.87087546
678 678 1.48653978125e-05
679 679 8.31564080554e-05
680 680 5.01889371594e-05
681 681 1.13325536239e-05
682 682 3.40692740776e-06
683 683 5.18286364364e-05
684 684 2.55514587749e-05
685 685 3516.45616953
686 686 7.9340310476e-05
687 687 3.40569394331e-05
688 688 5.23185314093e-05
689 689 1.73827137086e-05
690 690 2.73326250952e-05
691 691 6.42368888068e-05
692 692 3.31032471398e-05
693 693 5.94144957365e-06
694 694 2.37257610796e-05
695 695 8.48976835567e-05
696 696 5.51031147156e-06
697 697 335.358615936
698 698 2908.95450082
699 699 3.02532409214e-05
700 700 9.77067550872e-05
701 701 9.81846472066e-06
702 702 517.060501777
703 703 7.3109295679e-05
704 704 4.03049985367e-05
705 705 4.85774325536e-05
706 706 7.68230508197e-05
707 707 4202.79639767
708 708 4.13830558416e-05
709 709 4.53307721391e-06
710 710 2.29021491428e-06
711 711 1547.29033233
712 712 4.69564054016e-05
713 713 3.41208542755e-05
714 714 1.75519629935e-05
715 715 2.51207370873e-06
716 716 5.02431490622e-05
717 717 4967.39803303
718 718 4397.52067229
719 719 5147.82797252
720 720 5509.53249834
721 721 2.42339509542e-05
722 722 4.67061745148e-05
723 723 5.25666177602e-05
724 724 6.5698214195e-05
725 725 3.15566002257e-05
726 726 5.68040075554e-05
727 727 1.478386848e-07
728 728 3463.58695579
729 729 208.487163384
730 730 9.42549523913e-05
731 731 1311.73147844
732 732 4.44345740941e-05
733 733 2.68871223331e-05
734 734 4377.42830445
735 735 8.35130890251e-05
736 736 3514.6361125
737 737 5.62792423142e-05
738 738 2196.27994071
739 739 8.78159823336e-05
740 740 3.3152543624e-05
741 741 5.63036159149e-06
742 742 4.67301267039e-05
743 743 408.46230741
744 744 9.17003962572e-05
745 745 4.29406057305e-05
746 746 5.84586031902e-05
747 747 5047.47788948
748 748 2.59738741848e-05
749 749 7.37938164192e-05
750 750 5083.01237571
751 751 7.00997572278e-05
752 752 3.4376161693e-05
753 753 5.63517428873e-05
754 754 7.67627755013e-06
755 755 1.54286656843e-05
756 756 2334.35346323
757 757 5.52990609488e-05
758 758 6.30168582448e-05
759 759 2025.22764176
760 760 3.09923824172e-05
761 761 6.23018194746e-05
762 762 8.10326277157e-05
763 763 7.3737101423e-06
764 764 5.1143915051e-05
765 765 3.31423840648e-05
766 766 1.31992808714e-05
767 767 3432.25326635
768 768 9.80511429159e-05
769 769 7.39457767071e-05
770 770 5454.94448412
771 771 2.24089195185e-05
772 772 8.83160720293e-05
773 773 48.3756583557
774 774 5.25708391294e-05
775 775 5188.02267626
776 776 4770.58156072
777 777 3572.78566987
778 778 2.07686431206e-06
779 779 34.4560509365
780 780 8.66559443331e-05
781 781 4801.42268046
782 782 8.97085611157e-05
783 783 1208.69978238
784 784 4.01325136123e-07
785 785 4.42515971109e-05
786 786 9.10629050394e-05
787 787 1789.0430026
788 788 7.70951372682e-05
789 789 5.31905639319e-05
790 790 1.95678998763e-05
791 791 5273.87593008
792 792 310.52932158
793 793 510.497227029
794 794 5.74303920657e-06
795 795 6.45917651755e-05
796 796 4.16785388343e-06
797 797 7.41114782481e-05
798 798 3594.98698809
799 799 4626.51771341
800 800 5.98850847215e-05
801 801 3013.19979345
802 802 4065.60460431
803 803 9.84878389836e-05
804 804 3959.76059094
805 805 7.42333659188e-05
806 806 2.4746461774e-05
807 807 5.63961447725e-05
808 808 4.7336458609e-05
809 809 5.02725724544e-05
810 810 1.5919299625e-05
811 811 6.95655277945e-05
812 812 6.72593808551e-05
813 813 5.78508909396e-05
814 814 6.36663486884e-05
815 815 2.00230197971e-05
816 816 1814.90040853
817 817 180.381983086
818 818 6.03345103331e-05
819 819 6.07297130792e-05
820 820 7.95712568013e-05
821 821 7.19899652306e-05
822 822 4.78831554121e-05
823 823 8.47893147735e-06
824 824 5396.27939446
825 825 5.29511445236e-05
826 826 1.07355101012e-05
827 827 4172.4095835
828 828 8.81799827382e-05
829 829 8.60211278736e-05
830 830 6.97718324924e-06
831 831 3.53687736932e-05
832 832 5.99766210136e-05
833 833 4645.25262735
834 834 7.5172627797e-05
835 835 6.32636214543e-06
836 836 2678.05543851
837 837 9.82359817891e-05
838 838 1.01361973502e-05
839 839 5.07637493195e-05
840 840 2105.00396098
841 841 4.3300677187e-05
842 842 8.19560577619e-05
843 843 4.17200557957e-06
844 844 9.67885210089e-05
845 845 1.0155767953e-05
846 846 510.259124777
847 847 1400.17171165
848 848 6.16133766939e-05
849 849 1970.38962899
850 850 9.89336827163e-05
851 851 5.88417025934e-05
852 852 4.21775750758e-05
853 853 3.00914201214e-05
854 854 1515.15136673
855 855 1.71091000077e-05
856 856 6.83740262689e-05
857 857 4.29847465134e-05
858 858 4.10120134919e-05
859 859 2.57663331975e-07
860 860 2340.39473371
861 861 1.96297420853e-05
862 862 7.09902750357e-07
863 863 7.99513839049e-05
864 864 9.3055792108e-05
865 865 8.27601679828e-05
866 866 5335.88555145
867 867 4.54974899058e-05
868 868 3659.38506941
869 869 8.44042747833e-05
870 870 4203.83079507
871 871 4.72509944629e-05
872 872 2431.78084533
873 873 1504.04868996
874 874 3.52193090113e-05
875 875 4.09941215829e-05
876 876 1.94256754483e-05
877 877 3.86048889247e-05
878 878 3564.80939384
879 879 7.33103628727e-05
880 880 3172.69017638
881 881 4.76532858721e-05
882 882 4.98719773778e-05
883 883 314.755031112
884 884 5.33918498468e-05
885 885 1.6501025692e-05
886 886 4753.75324401
887 887 4.52457531722e-05
888 888 1.24617596533e-05
889 889 1.9734912911e-05
890 890 7.43352566189e-05
891 891 122.399918723
892 892 4.47318561576e-05
893 893 8.42659197714e-05
894 894 3.04400144988e-05
895 895 7.01667310377e-05
896 896 4.11881343828e-05
897 897 4.21539921412e-05
898 898 5.08845270837e-05
899 899 3.63043291744e-05
900 900 4639.11286088
901 901 4711.79166934
902 902 5.38895560801e-05
903 903 8.72004222298e-05
904 904 944.328388175
905 905 4.79244795952e-05
906 906 7.98076405606e-05
907 907 5.02840589593e-05
908 908 1.67525717502e-06
909 909 6.33403280771e-05
910 910 7.63984620327e-05
911 911 9.3400782146e-05
912 912 432.811604033
913 913 1.80797147492e-05
914 914 3.70382095331e-05
915 915 8.64099777409e-05
916 916 6.53818510652e-05
917 917 7.67570879153e-06
918 918 1.94246545953e-05
919 919 1.52693252641e-05
920 920 6.86726979228e-05
921 921 9.68655782457e-05
922 922 6.08577588514e-05
923 923 8.65734415944e-05
924 924 7.72254333987e-05
925 925 6.28500426294e-05
926 926 9.08789714401e-05
927 927 3.19982234983e-05
928 928 2.14005763309e-05
929 929 4986.94858578
930 930 4.42622342272e-05
931 931 4.27554260694e-06
932 932 1.41140462972e-05
933 933 3.18790977137e-05
934 934 2.82999232532e-05
935 935 855.500167488
936 936 457.211900988
937 937 7.27609507939e-05
938 938 5.43539810297e-05
939 939 5.39213832902e-05
940 940 2495.69479291
941 941 5433.27954578
942 942 3.30649655056e-05
943 943 9.15551136822e-05
944 944 5.52810170992e-05
945 945 7.63346113734e-05
946 946 7.41130978126e-05
947 947 3322.41208026
948 948 8.70223306066e-05
949 949 1.04088710968e-05
950 950 5034.79063811
951 951 7.05797240883e-05
952 952 7.46843678478e-05
953 953 9.63603470669e-05
954 954 2.91062943328e-06
955 955 2.26869207784e-05
956 956 8.15583284711e-05
957 957 7.46080278542e-05
958 958 8.08245805625e-05
959 959 3473.07665276
960 960 7.36247198849e-05
961 961 2564.14701338
962 962 3.90659130816e-05
963 963 1.99305475237e-05
964 964 2693.52913347
965 965 4.86222322895e-05
966 966 6.28451143249e-05
967 967 3331.2196734
968 968 7.72804051122e-05
969 969 3.27676698148e-05
970 970 6.53455745031e-05
971 971 4388.50551751
972 972 4.97827154022e-05
973 973 3.5017502138e-05
974 974 5388.2032143
975 975 6.31051904895e-05
976 976 8.59108340377e-05
977 977 6.20662377949e-05
978 978 3038.27123495
979 979 941.207123385
980 980 5.5006693535e-05
981 981 7.03396209462e-05
982 982 3801.30025325
983 983 5.90268000031e-06
984 984 9.72671500663e-05
985 985 4.62565627909e-05
986 986 1.59302661849e-05
987 987 9.52569960202e-05
988 988 4.29021006737e-05
989 989 1.63805406517e-05
990 990 5.22722174289e-05
991 991 1.34442505985e-05
992 992 4.42745668523e-05
993 993 6.03736771267e-05
994 994 8.42631819995e-05
995 995 9.11529893626e-06
996 996 4.65601831927e-05
997 997 9.81262875856e-05
998 998 2338.97476339
999 999 1675.23317602
1000 1000 6.87177739259e-06
