1 1 7.41643349106e-05
2 2 6.85449435976e-05
3 3 9.14857009294e-05
4 4 9.00143680408e-05
5 5 6.47440352673e-05
6 6 7.3414574227e-05
7 7 627.139779108
8 8 1.76246058214e-05
9 9 2896.42462272
10 10 7.7122713756e-05
11 11 5.60288285056e-05
12 12 1825.03544046
13 13 1006.34866947
14 14 4197.43037636
15 15 1568.80426069
16 16 2.00373084812e-05
17 17 7.81287492677e-05
18 18 9.40785022133e-05
19 19 1.66022297281e-05
20 20 1.4773718437e-05
21 21 4.09839791642e-05
22 22 6.444134007e-05
23 23 6.10910926752e-05
24 24 4.00911774642e-05
25 25 2134.32762603
26 26 9.569915713e-05
27 27 5058.74826269
28 28 1.17265011019e-05
29 29 1.61161098022e-05
30 30 2287.48283463
31 31 4.19699442699e-05
32 32 3.07150290645e-05
33 33 8.2933683746e-05
34 34 4.73270199664e-05
35 35 9.15310702062e-05
36 36 6.43867311272e-05
37 37 1383.86794854
38 38 2.56332139021e-05
39 39 4439.99105458
40 40 4.14583092454e-05
41 41 9.96456862042e-06
42 42 2.71870296836e-05
43 43 7.65975986956e-05
44 44 1.14692016393e-05
45 45 8.95489747489e-05
46 46 2794.83844563
47 47 5162.46602935
48 48 3.27725593979e-05
49 49 2.73236084019e-05
50 50 5584.7368686
51 51 4.85769191641e-05
52 52 4.69820104984e-05
53 53 1.50063144222e-05
54 54 3551.00061451
55 55 3878.55315138
56 56 2.66868303856e-06
57 57 6.09235805616e-05
58 58 1.51841936688e-05
59 59 8.23595487103e-05
60 60 2839.03127162
61 61 5.66367172082e-05
62 62 9.41484083114e-05
63 63 4.39056214754e-05
64 64 1.7285295046e-06
65 65 5.42284000547e-05
66 66 1139.7205342
67 67 862.819021136
68 68 7.90090868343e-05
69 69 8.66505109674e-05
70 70 9.39885990784e-05
71 71 2.5661624691e-05
72 72 2496.3827304
73 73 7.39951785861e-05
74 74 7.62272746156e-05
75 75 5.53541266977e-06
76 76 1.15578108671e-07
77 77 3530.16058889
78 78 865.485282042
79 79 7.91222829464e-07
80 80 8.77066287307e-06
81 81 2.22445411762e-06
82 82 2056.47061301
83 83 2484.76098718
84 84 2.38538392434e-05
85 85 2.69182500701e-05
86 86 2.3695591837e-05
87 87 1596.02942564
88 88 1769.15661114
89 89 6.91211611528e-05
90 90 3112.01872565
91 91 3667.6073648
92 92 8.12129645285e-05
93 93 3.50442929704e-05
94 94 1012.1548047
95 95 217.503249759
96 96 4436.03777125
97 97 1776.4467176
98 98 2.31086063054e-07
99 99 7.92037561685e-05
100 100 4.57944056863e-05
101 101 6.780952115e-06
102 102 2.85624622039e-05
103 103 8.44874468437e-05
104 104 9.09674773431e-05
105 105 1.10488810543e-06
106 106 6.72654790404e-05
107 107 8.74313481701e-05
108 108 7.30515666834e-05
109 109 6.84538964091e-05
110 110 6.00645688199e-05
111 111 6.7248826222e-06
112 112 5.71689290197e-05
113 113 4065.2797652
114 114 744.534576751
115 115 4.93886182219e-05
116 116 4582.36132019
117 117 402.953361939
118 118 8.40136659407e-05
119 119 1.58161284356e-05
120 120 2.35965307679e-05
121 121 1.71944044969e-05
122 122 8.94280413219e-05
123 123 4.33092983215e-05
124 124 4.87219977713e-05
125 125 6.78922253124e-05
126 126 3.48843971982e-05
127 127 6.86793083844e-05
128 128 8.9102727908e-06
129 129 8.96048180244e-05
130 130 4429.91688229
131 131 2.98376422094e-05
132 132 5.28996885402e-05
133 133 2.26067053584e-06
134 134 4.63306678838e-05
135 135 2763.39348664
136 136 5.55022789139e-05
137 137 8.11247052006e-05
138 138 2.68036595638e-05
139 139 3.86323857892e-05
140 140 5.65292554986e-05
141 141 9.79734562722e-05
142 142 4859.54645513
143 143 5123.3422103
144 144 4215.00839875
145 145 6.13082690401e-05
146 146 9.5655871499e-05
147 147 6.84866725062e-06
148 148 6.11920126007e-05
149 149 4.38228966704e-05
150 150 910.574890883
151 151 6.53192947609e-05
152 152 9.42690962126e-06
153 153 8.93969038562e-05
154 154 4430.24745245
155 155 4.78136881867e-05
156 156 3.98650081955e-05
157 157 2.52839237071e-05
158 158 3664.67104252
159 159 5.72677886074e-05
160 160 9.54297268972e-05
161 161 5.42601370797e-05
162 162 3.46626748311e-05
163 163 6.57364356393e-06
164 164 3.66312895e-05
165 165 1007.97412673
166 166 1490.53267354
167 167 4371.14886081
168 168 3.66132735164e-05
169 169 8.08784769989e-05
170 170 1.03381079702e-05
171 171 6.05556204182e-05
172 172 3.08821118696e-05
173 173 1515.37087046
174 174 2.06422700353e-05
175 175 3014.15723082
176 176 2289.9061972
177 177 4.3569680576e-05
178 178 5.52319985769e-05
179 179 5.03051383058e-05
180 180 7.57700323967e-05
181 181 7.23320235816e-05
182 182 6.82898266128e-05
183 183 1026.30681181
184 184 5239.43660481
185 185 4.27598542097e-05
186 186 6.89904797347e-05
187 187 7.1299078729e-05
188 188 1889.95235581
189 189 2517.84888976
190 190 9.95206639847e-06
191 191 4.40747573994e-05
192 192 5.71437983581e-05
193 193 7.82577383271e-05
194 194 6.56288209648e-05
195 195 9.14703784248e-06
196 196 8.27206321605e-05
197 197 1354.586925
198 198 6.03027526431e-05
199 199 2.2309791683e-05
200 200 6.36998226939e-05
201 201 5557.68492202
202 202 1609.99229549
203 203 2.44084681481e-05
204 204 2287.45498393
205 205 4.87696058281e-05
206 206 9.50016337539e-05
207 207 2.54656986624e-05
208 208 7.16264066834e-05
209 209 1.66736375192e-06
210 210 1.60371400539e-05
211 211 6.31397928986e-05
212 212 1676.56421205
213 213 9.38999119846e-05
214 214 2.915540419e-05
215 215 1.96821998536e-05
216 216 8.40924184824e-05
217 217 8.63009251243e-06
218 218 2.55278797141e-05
219 219 3.79240369788e-05
220 220 7.9315024106e-05
221 221 2.69484834509e-05
222 222 916.598016165
223 223 2677.11470765
224 224 9.35853245024e-05
225 225 2.23936035795e-05
226 226 3.7502449315e-05
227 227 8.36043297079e-05
228 228 104.502186855
229 229 5.70371324503e-05
230 230 7.11902161327e-05
231 231 4.38886436937e-05
232 232 1.34668084791e-05
233 233 5329.96017132
234 234 7.72688533877e-05
235 235 8.80903891838e-05
236 236 3.68114672074e-06
237 237 2.85277948068e-05
238 238 3309.38803777
239 239 3556.68047127
240 240 8.72425941971e-05
241 241 1.57379353791e-05
242 242 5.91513586745e-05
243 243 6.25242343479e-05
244 244 2.04852810911e-05
245 245 731.450878609
246 246 3400.82747558
247 247 7.05376342705e-05
248 248 2.18814666692e-05
249 249 7.74978493416e-05
250 250 9.04891140887e-05
251 251 1.59653153071e-05
252 252 3.20305509342e-05
253 253 1542.01274624
254 254 5.44835914062e-05
255 255 8.85994816692e-05
256 256 8.63964905824e-05
257 257 2.16388471772e-05
258 258 8.40526162839e-05
259 259 3914.70481739
260 260 1.23077748204e-05
261 261 3.74212245019e-05
262 262 6.44903202789e-05
263 263 112.770616509
264 264 1.32929930116e-05
265 265 1.07977319353e-05
266 266 5.8003459966e-05
267 267 2.7935173375e-05
268 268 3132.48704305
269 269 3.84422456185e-05
270 270 1.95617899196e-06
271 271 9.25201334423e-05
272 272 7.72022668499e-05
273 273 1350.0404125
274 274 3.81892550869e-05
275 275 8.89087624762e-06
276 276 2155.50698465
277 277 1.83217951552e-05
278 278 4.90144951034e-05
279 279 8.63353038884e-05
280 280 1340.72678502
281 281 6.74707990779e-05
282 282 2.07772150463e-05
283 283 3438.08226973
284 284 96.4227386082
285 285 7.37649002786e-05
286 286 3.14016374553e-05
287 287 1.1584712973e-05
288 288 1.22930394001e-05
289 289 6.8053655984e-05
290 290 1.9352696549e-05
291 291 1.98771815568e-05
292 292 4.8341567471e-05
293 293 1.71388901647e-05
294 294 8.7264800293e-05
295 295 8.7126202627e-05
296 296 7.29023721368e-05
297 297 7.95165386346e-05
298 298 9.7877218043e-05
299 299 6.23207260545e-05
300 300 2.29365897727e-05
301 301 9.10879620031e-05
302 302 5.85075738616e-05
303 303 4.13738349202e-05
304 304 9.65445252132e-05
305 305 3221.81165791
306 306 4.88117468368e-05
307 307 4.49018199552e-05
308 308 7.00554258452e-05
309 309 1245.02988137
310 310 8.13284592693e-05
311 311 6.67852347832e-05
312 312 5.11873933602e-05
313 313 6.89958057366e-05
314 314 5.52098071444e-05
315 315 3.98250309184e-05
316 316 7.21349644544e-05
317 317 2.80831753116e-05
318 318 8.41621313963e-05
319 319 1.36468088289e-05
320 320 5.47057712117e-05
321 321 8.82248662131e-05
322 322 2.91304653159e-06
323 323 5186.37890232
324 324 1376.77501818
325 325 3660.92590672
326 326 7.42753300488e-05
327 327 1.08668258186e-05
328 328 2.15048018557e-05
329 329 6.01912650311e-05
330 330 2.85929141419e-05
331 331 9.15578994244e-05
332 332 5091.17028472
333 333 1.08352486493e-05
334 334 1.8531921973e-05
335 335 2.43425856457e-05
336 336 265.246397513
337 337 9.91391510967e-05
338 338 2.9883052267e-05
339 339 9.72238957052e-05
340 340 389.938674335
341 341 752.982238309
342 342 3.86768606869e-05
343 343 5.49426724766e-05
344 344 2.62300569034e-05
345 345 3.62021666277e-05
346 346 6.76687118048e-05
347 347 4.71205290151e-05
348 348 8.95605090402e-05
349 349 3596.59454637
350 350 1.40860625742e-05
351 351 6.77204070299e-05
352 352 907.531796332
353 353 1.21024214922e-05
354 354 6.46346326276e-06
355 355 8.61448124982e-05
356 356 3772.62963456
357 357 8.33238401844e-05
358 358 4.9354503133e-05
359 359 3.82498585754e-05
360 360 6.62942910644e-05
361 361 2.48582970233e-05
362 362 4725.75550606
363 363 3509.6570754
364 364 7.43867310343e-05
365 365 6.91019058837e-05
366 366 1546.28359608
367 367 8.32565304773e-05
368 368 1156.7845271
369 369 554.248673675
370 370 1709.38135469
371 371 785.028634242
372 372 4.37921988897e-05
373 373 8.95884316872e-05
374 374 7.88855047885e-05
375 375 4581.38846015
376 376 4933.53970741
377 377 8.79163295392e-05
378 378 249.984339287
379 379 4.71340902756e-05
380 380 6.32731675786e-05
381 381 1.02728948978e-05
382 382 5.87619987045e-05
383 383 1750.30785682
384 384 6.45459499123e-05
385 385 8.08354698666e-05
386 386 5.14254093325e-05
387 387 5.13061454309e-05
388 388 2.38172900377e-05
389 389 2.24445541633e-05
390 390 3957.14356712
391 391 2677.67926139
392 392 3.85881397768e-05
393 393 3.14899126338e-05
394 394 3.14284588927e-05
395 395 4.37525611938e-05
396 396 3415.21188156
397 397 3143.66352427
398 398 2.95496635519e-05
399 399 9.16427625618e-05
400 400 4.35138534567e-05
401 401 5.53170865867e-05
402 402 1.69911896566e-05
403 403 5510.0138406
404 404 5.68047718332e-05
405 405 1.13034532154e-05
406 406 6.48069721722e-05
407 407 3.70029030376e-05
408 408 4869.9702898
409 409 3398.67912811
410 410 7.73943174899e-05
411 411 4184.72518647
412 412 2.967876749e-05
413 413 7.10088519167e-06
414 414 4.34278877709e-05
415 415 9.12466164316e-05
416 416 6.58522865286e-05
417 417 3.91675946879e-05
418 418 4257.39092371
419 419 1517.66230368
420 420 6.72356631424e-05
421 421 7.26408759327e-05
422 422 6.26442389263e-05
423 423 7.7893811715e-05
424 424 1.25503576734e-05
425 425 8.82184198339e-05
426 426 3.35132156134e-05
427 427 862.113267822
428 428 2685.30822656
429 429 8.19257032331e-05
430 430 7.5487252128e-06
431 431 9.28633040888e-05
432 432 9.72594951551e-05
433 433 8.83072259196e-05
434 434 9.49239676196e-05
435 435 1.40771211543e-06
436 436 5.84113968364e-05
437 437 2.56513460232e-05
438 438 1.78660462023e-06
439 439 6.55229465055e-05
440 440 987.69144434
441 441 6.72486523234e-05
442 442 6.28829716248e-05
443 443 6.58147325422e-05
444 444 1.81617440366e-05
445 445 2.63708790715e-05
446 446 7.64799778949e-05
447 447 7.30448040617e-05
448 448 5.83933341098e-05
449 449 4.20153361881e-05
450 450 5086.94238727
451 451 8.30431215463e-05
452 452 8.52947203692e-05
453 453 6.82968127817e-05
454 454 99.4141051819
455 455 3.97531530753e-05
456 456 9.5468669338e-05
457 457 2.45002996307e-05
458 458 2.48412460525e-05
459 459 4.52152047406e-05
460 460 7.84056150976e-06
461 461 3.70328917136e-05
462 462 1.21349139192e-05
463 463 9.9349951073e-05
464 464 7.56822783946e-06
465 465 3.22370565624e-06
466 466 4.12008381405e-05
467 467 1.57592612589e-05
468 468 339.385406724
469 469 5417.42223334
470 470 5.42566698325e-05
471 471 1.627097917e-05
472 472 9.40285414599e-05
473 473 4.24451534611e-05
474 474 3511.11012338
475 475 1.19683612443e-05
476 476 5.90818620026e-06
477 477 297.369916498
478 478 6.69707408326e-05
479 479 895.020258919
480 480 5.46131811804e-05
481 481 4.46449858898e-05
482 482 483.676708371
483 483 6.11096142078e-05
484 484 6.07305723198e-05
485 485 4.58827397803e-05
486 486 4.04563620559e-06
487 487 627.746329542
488 488 3.87062732685e-05
489 489 8.30679542133e-05
490 490 3.6813765555e-05
491 491 6.47518567118e-05
492 492 5.57442712999e-05
493 493 4.68409273773e-05
494 494 7.90803759878e-05
495 495 750.481428686
496 496 2192.96081014
497 497 7.49840024876e-05
498 498 3.59984996019e-06
499 499 5.0786753341e-05
500 500 8.94857291258e-06
501 501 9.5258488867e-05
502 502 8.95228748147e-06
503 503 3.26176729817e-05
504 504 8.07756152388e-05
505 505 5.83314326445e-05
506 506 5.24060581879e-05
507 507 7.5451713439e-05
508 508 1.75672597719e-05
509 509 7.88188384365e-05
510 510 4086.75077578
511 511 6.68197180241e-05
512 512 2629.37535128
513 513 8.24204965958e-05
514 514 2769.15104731
515 515 4067.70911535
516 516 2.52280641529e-06
517 517 4.70797905567e-05
518 518 3283.51132535
519 519 4.49828029823e-05
520 520 2462.78657722
521 521 8.98650873377e-05
522 522 2373.09821512
523 523 1.06344181227e-05
524 524 1657.9136672
525 525 3.67585568995e-06
526 526 1124.2617789
527 527 2.9576321082e-05
528 528 5.72334824072e-05
529 529 2.95669415451e-05
530 530 2.88314332563e-07
531 531 7.56051764235e-05
532 532 5.27203204126e-05
533 533 1888.63512065
534 534 4030.12228701
535 535 7.46051005895e-05
536 536 7.42514419596e-05
537 537 9.60402969146e-05
538 538 9.73124924432e-05
539 539 949.281618517
540 540 1668.84427344
541 541 9.41801807771e-05
542 542 4.64974686127e-05
543 543 9.38498971821e-05
544 544 5615.70468281
545 545 5.79744008143e-05
546 546 6.43207346984e-05
547 547 3685.54405516
548 548 5.55913800493e-05
549 549 9.433515589e-05
550 550 7.51335356439e-06
551 551 5228.91521136
552 552 736.090552558
553 553 8.92424417356e-05
554 554 9.24625117486e-05
555 555 3.07890076494e-05
556 556 2.19520750158e-05
557 557 4.5052185201e-05
558 558 2137.91023045
559 559 4917.59381052
560 560 3253.00963576
561 561 3014.96146191
562 562 6.12160488242e-05
563 563 2.85095624374e-05
564 564 1.91175260387e-07
565 565 4.23363938249e-05
566 566 9.91245207783e-05
567 567 348.073850871
568 568 2.82777572805e-05
569 569 6.38555765877e-05
570 570 2.74546579771e-05
571 571 7.25665028283e-05
572 572 3.36484582546e-05
573 573 4608.49401289
574 574 5.00491837815e-05
575 575 5.14102660293e-05
576 576 8.80563737624e-06
577 577 3.6164975867e-05
578 578 5.66804515918e-05
579 579 1.17109197155e-05
580 580 1512.67231498
581 581 2.84890337903e-05
582 582 397.420641983
583 583 9.07052443898e-05
584 584 5360.09781873
585 585 5124.77466193
586 586 6.23163663141e-05
587 587 5.66795020613e-05
588 588 3.80663357242e-05
589 589 4.34078347691e-06
590 590 9.62563018729e-05
591 591 134.186324414
592 592 1.77281273868e-06
593 593 1.75529866007e-05
594 594 3487.89780758
595 595 6.51047812269e-05
596 596 3.07686402649e-06
597 597 6.0505257181e-05
598 598 3941.49622125
599 599 3156.7002217
600 600 4.15470453479e-05
601 601 9.87410315519e-05
602 602 8.00358663819e-05
603 603 1.95336663895e-05
604 604 4.03827824296e-05
605 605 4.03834368653e-05
606 606 9.65175533903e-05
607 607 8.38560335242e-05
608 608 7.85260798219e-06
609 609 4379.17873164
610 610 2.72149883949e-06
611 611 2980.12571817
612 612 2592.7927532
613 613 4.0031069356e-05
614 614 1.01913116272e-05
615 615 8.85588162821e-05
616 616 4.83898839882e-05
617 617 9.4679013782e-05
618 618 1593.26171429
619 619 4.53917082131e-05
620 620 2486.09082794
621 621 5.23012191612e-06
622 622 7.90546468545e-05
623 623 8.61387361097e-05
624 624 2487.89396273
625 625 3.3946922608e-05
626 626 5388.02058952
627 627 2883.12494245
628 628 2.60817708386e-06
629 629 8.3176354506e-05
630 630 8.53629642206e-05
631 631 4.01284109599e-05
632 632 5.92095556868e-05
633 633 2.78165225765e-06
634 634 1.70678851021e-05
635 635 1339.0124436
636 636 8.94954481378e-05
637 637 5.20742018196e-05
638 638 5.50305262006e-05
639 639 8.61731141512e-05
640 640 9.68009821004e-05
641 641 463.835219564
642 642 9.02050772286e-05
643 643 1.12491324143e-05
644 644 4.94508309118e-05
645 645 7.48648346111e-05
646 646 1.0416647753e-05
647 647 2829.0945796
648 648 6.60318751508e-05
649 649 8.23150135389e-05
650 650 8.76894732933e-05
651 651 7.38455963361e-05
652 652 5.71545907493e-05
653 653 8.99714114944e-05
654 654 4.61142356429e-05
655 655 2.73177532607e-05
656 656 5.78523527565e-05
657 657 3.26720047057e-05
658 658 6.40944452477e-05
659 659 7.39765464703e-05
660 660 3.185772988e-05
661 661 9.11923561726e-05
662 662 5.17919422523e-05
663 663 4.20390834106e-05
664 664 4947.05094028
665 665 5.42049241852e-05
666 666 5377.88312021
667 667 6.95859487951e-05
668 668 2.76864811669e-05
669 669 2.15480056478e-05
670 670 1.65707067764e-05
671 671 1.24214691802e-05
672 672 7.14992893602e-05
673 673 4862.85128825
674 674 6.32972556788e-06
675 675 4.47033437217e-05
676 676 3.088622697e-05
677 677 9.31054463604e-05
678 678 3.44898467938e-05
679 679 9.896963101e-05
680 680 1.98838358037e-05
681 681 3823.4789613
682 682 1658.77570642
683 683 1588.08486965
684 684 7.04640063072e-05
685 685 2.56715459864e-05
686 686 6.69153703232e-05
687 687 6.78458616309e-05
688 688 2117.74068186
689 689 2418.10536025
690 690 1228.64405784
691 691 1.05669838366e-05
692 692 5.20572805994e-05
693 693 6.60498463325e-05
694 694 4.3774411256e-05
695 695 1226.54847286
696 696 1.01460027184e-05
697 697 3793.20713161
698 698 8.76887879199e-05
699 699 9.15956914644e-05
700 700 926.717458691
701 701 9.1654844446e-05
702 702 4174.82506557
703 703 4613.05419518
704 704 5.11880754803e-05
705 705 4.93623032689e-06
706 706 9.04456962711e-05
707 707 418.15513559
708 708 2.27115531044e-05
709 709 5.58198915078e-05
710 710 9.43533412415e-06
711 711 5.38529120239e-05
712 712 3290.07129379
713 713 4.04526846375e-05
714 714 5.13500493886e-05
715 715 1390.53076935
716 716 1693.93697075
717 717 5.80820851355e-05
718 718 3203.73087418
719 719 678.960431937
720 720 3.0135059244e-05
721 721 1.77862639998e-05
722 722 8.03936232677e-05
723 723 2973.36220838
724 724 6.48960280767e-05
725 725 5.3458174832e-05
726 726 3.27888424914e-05
727 727 6.10215016886e-05
728 728 2.0463572482e-05
729 729 9.63054005434e-05
730 730 3.79981002286e-05
731 731 2197.68087404
732 732 4773.01023581
733 733 3.60587738945e-05
734 734 2.27063593719e-05
735 735 7.18483694386e-05
736 736 3.39559499114e-05
737 737 5.48316016313e-05
738 738 4.87865480845e-05
739 739 3.67457219942e-06
740 740 7.21464107966e-05
741 741 4.26639353494e-05
742 742 2.01674004255e-05
743 743 2695.2733023
744 744 2.65258055201e-05
745 745 5.18742423378e-05
746 746 5.23698269275e-05
747 747 1.25009852294e-05
748 748 1.25494141805e-05
749 749 2.46708380132e-06
750 750 3866.28547352
751 751 2.52816134964e-05
752 752 7.24669230666e-05
753 753 2.32993676142e-05
754 754 9.13104228026e-05
755 755 2.0209713612e-05
756 756 4.52371631527e-05
757 757 8.78880379385e-05
758 758 9.55345349724e-05
759 759 4.14697405993e-05
760 760 3.42163788213e-05
761 761 4478.83341852
762 762 5.00966834498e-05
763 763 701.43553913
764 764 9.80318923368e-05
765 765 4.95052132926e-05
766 766 1.1858259452e-05
767 767 1.24959201421e-05
768 768 2.70615342273e-05
769 769 82.6736160061
770 770 1.3312134756e-05
771 771 2.25364475649e-05
772 772 2.48837565388e-05
773 773 7.29281278585e-05
774 774 3.58395275694e-05
775 775 5.26829742173e-05
776 776 9.24375624066e-05
777 777 2.10392730194e-05
778 778 2500.54517628
779 779 7.4973748668e-05
780 780 3.46241000673e-05
781 781 1112.72349223
782 782 6.4122093232e-05
783 783 5.29357046852e-05
784 784 8.20835038709e-05
785 785 8.29704366924e-05
786 786 3.99839769185e-05
787 787 8.43721023215e-05
788 788 1.90505162233e-05
789 789 2.44423719766e-06
790 790 7.14043227839e-05
791 791 3.41795535861e-05
792 792 3.65559080612e-05
793 793 4.53049365394e-05
794 794 2.47717780508e-05
795 795 8.82426214466e-05
796 796 9.63590044372e-07
797 797 9.43143598586e-05
798 798 7.85818588613e-05
799 799 9.45063076002e-05
800 800 3.0493463153e-05
801 801 4434.60107433
802 802 4.86329341244e-05
803 803 6.4177537335e-05
804 804 971.100052925
805 805 2870.53871637
806 806 8.76063794774e-05
807 807 895.823925674
808 808 4.67755867479e-05
809 809 7.12959293851e-06
810 810 9.73189392375e-05
811 811 8.65539445511e-05
812 812 4.94540042504e-05
813 813 2345.85374532
814 814 8.62387881523e-05
815 815 9.765309502e-05
816 816 4090.44270309
817 817 3.96467270873e-05
818 818 2.03390238292e-05
819 819 2.2948024175e-06
820 820 7.64648380949e-06
821 821 6.11305620626e-05
822 822 4602.04234139
823 823 1.56313689091e-05
824 824 3.67569806578e-05
825 825 2343.03009372
826 826 3.83316830331e-05
827 827 3320.43753659
828 828 5281.5780543
829 829 4780.97914928
830 830 377.785940193
831 831 3.20449911494e-06
832 832 5.18987605667e-05
833 833 5.73691642253e-05
834 834 2075.14356098
835 835 4961.77326578
836 836 2.10482477358e-05
837 837 8.56042849136e-06
838 838 7.67614290123e-05
839 839 4387.92858118
840 840 9.25187140324e-05
841 841 4978.53254524
842 842 1.88023469911e-05
843 843 3.49037669467e-06
844 844 5094.71696501
845 845 9.58920367323e-05
846 846 5.40226848766e-05
847 847 7.13714376952e-05
848 848 4.58019937113e-05
849 849 5.19063728862e-05
850 850 8.69638951241e-05
851 851 7.01254863961e-05
852 852 3.49336896525e-05
853 853 2.13362811265e-05
854 854 2.22443251508e-05
855 855 3.11090693899e-05
856 856 2.35798992509e-05
857 857 6.46852811288e-05
858 858 2338.40567963
859 859 8.12701533716e-05
860 860 9.6489080197e-05
861 861 1.77986271509e-05
862 862 8.97366576719e-05
863 863 8.98030192037e-05
864 864 1.93460722089e-05
865 865 3550.18022767
866 866 3774.83897662
867 867 9.61215492291e-05
868 868 7.63290057278e-05
869 869 4306.43434576
870 870 2.72389977055e-05
871 871 7.40004823246e-05
872 872 8.15239386887e-05
873 873 8.2135537295e-05
874 874 4.42386064118e-05
875 875 5.90725455724e-07
876 876 6.03329603293e-05
877 877 6.11953276208e-05
878 878 9.41032694002e-06
879 879 5.08032114269e-05
880 880 2.8018161424e-05
881 881 4.64480598561e-05
882 882 8.70615614848e-05
883 883 4.06530935343e-05
884 884 5.40135070147e-05
885 885 5513.89394639
886 886 8.80432185962e-05
887 887 7.9795041201e-05
888 888 2.86315699297e-07
889 889 1.3928893633e-05
890 890 8.29956623132e-05
891 891 5.02679332114e-06
892 892 1.52757417966e-05
893 893 3.73147807513e-05
894 894 7.62042145461e-05
895 895 1380.07369449
896 896 1.66950124595e-06
897 897 1.30913412873e-05
898 898 7.2184447572e-05
899 899 4.97310917887e-05
900 900 2.29156986231e-05
901 901 9.81932506175e-05
902 902 5.70583658444e-06
903 903 2242.68774267
904 904 3246.53398828
905 905 7.52692016056e-05
906 906 8.96763313264e-05
907 907 9.71196612865e-05
908 908 1258.7358318
909 909 8.0086495845e-05
910 910 7.99008688272e-05
911 911 2.04673748188e-05
912 912 4.33078518525e-05
913 913 1.22170528408e-05
914 914 5.5728543045e-06
915 915 291.403358915
916 916 8.02416396809e-05
917 917 4.08774892206e-05
918 918 3.94320589105e-05
919 919 7.29359223809e-05
920 920 8.66328852936e-05
921 921 4.68633865022e-05
922 922 1.30133256324e-06
923 923 6.02883066108e-05
924 924 1401.67702276
925 925 1.91224348582e-05
926 926 2.99669732297e-05
927 927 6.66402531514e-05
928 928 4848.18620083
929 929 4526.53467057
930 930 7.04351419242e-05
931 931 8.31473525544e-05
932 932 4386.99473408
933 933 2.69952493599e-05
934 934 6.74879288149e-05
935 935 7.20984444968e-05
936 936 3.79399562074e-05
937 937 6.00758718317e-05
938 938 6.30947951107e-05
939 939 6.42520345595e-05
940 940 1.28616489029e-05
941 941 1209.98845924
942 942 4.12205169101e-05
943 943 3.66064033263e-05
944 944 5.54778251415e-05
945 945 4.98888987713e-05
946 946 1435.12433892
947 947 1.1207811888e-05
948 948 6.97276176437e-05
949 949 2427.050234
950 950 4.55385774001e-05
951 951 2.43238433061e-05
952 952 4.22959802849e-05
953 953 5302.05611791
954 954 4.21673968805e-05
955 955 8.83813269972e-05
956 956 2.02225691018e-05
957 957 1.60611581685e-05
958 958 4.99731933997e-05
959 959 3.09549790089e-05
960 960 2141.49821979
961 961 7.0210205992e-05
962 962 8.8691098361e-05
963 963 1.89752675855e-05
964 964 3.64876534694e-05
965 965 2357.68487906
966 966 7.36527309435e-05
967 967 8.76987276511e-05
968 968 9.54072395635e-05
969 969 2.08018163793e-05
970 970 4505.61999449
971 971 4929.88666206
972 972 3826.33583062
973 973 7.49742820262e-05
974 974 2.37648624633e-06
975 975 9.64321186416e-05
976 976 5.74641578426e-05
977 977 382.093962561
978 978 4596.76516415
979 979 2.30868493348e-05
980 980 5.18566392284e-06
981 981 6.2029693992e-05
982 982 4.53884902367e-05
983 983 4.69367031755e-05
984 984 9.03677077442e-06
985 985 307.002934721
986 986 9.18866500971e-05
987 987 8.71751044671e-05
988 988 4.35471876437e-05
989 989 7.48749048559e-05
990 990 2.56474859889e-05
991 991 3.58632965605e-05
992 992 2617.69863637
993 993 8.03182478552e-05
994 994 5325.31673308
995 995 1.83646641192e-05
996 996 6.2569531651e-05
997 997 3.58784044943e-05
998 998 1.66133060149e-05
999 999 1.45494033332e-05
1000 1000 5.7512761565e-05
