1 1 7.9660619047e-05
2 2 9.78914082482e-05
3 3 7.26946707104e-05
4 4 6.34531172292e-05
5 5 5.43969252434e-05
6 6 6.58037148128e-05
7 7 5.54618807578e-05
8 8 3.21881309819e-05
9 9 1.19207818493e-05
10 10 4749.19536938
11 11 1.34171494002e-05
12 12 7.56723458478e-05
13 13 750.018707253
14 14 4.50567349608e-05
15 15 4934.57414684
16 16 2629.22000334
17 17 3.47007553472e-06
18 18 3606.30899697
19 19 888.770459129
20 20 2.75126624804e-06
21 21 6.0547180334e-05
22 22 6.48450865886e-05
23 23 4.71129656344e-05
24 24 8.31191943931e-05
25 25 8.57973850036e-06
26 26 9.94982425556e-05
27 27 2.49124674348e-05
28 28 5398.22811703
29 29 2.11511539086e-05
30 30 701.669801994
31 31 8.40970081391e-06
32 32 9.82755506371e-05
33 33 181.085224314
34 34 191.952762908
35 35 4027.09564976
36 36 6.64550895155e-05
37 37 213.368950596
38 38 1.47175730301e-05
39 39 7.08019113427e-05
40 40 3779.39028344
41 41 2.96794179714e-05
42 42 9.07431233578e-05
43 43 3.04675346381e-05
44 44 5152.20478519
45 45 3.76685518101e-05
46 46 6.26619666861e-05
47 47 4.89768473749e-05
48 48 4.24227271753e-05
49 49 2367.64429583
50 50 5.17259513526e-05
51 51 1.20565444942e-05
52 52 1380.08522221
53 53 8.14320114365e-05
54 54 3.53580138015e-05
55 55 1.81389669015e-06
56 56 4.72220746793e-05
57 57 5.69885016059e-05
58 58 8.73291303883e-05
59 59 5277.83675615
60 60 6.60779135876e-05
61 61 5.25626117502e-05
62 62 8.06420530847e-06
63 63 1361.10792007
64 64 5.92764492699e-05
65 65 4.16793948883e-05
66 66 8.29077655348e-05
67 67 5266.9530418
68 68 1.42283452305e-05
69 69 1.84950944406e-05
70 70 8.83523785267e-05
71 71 2.12248616844e-06
72 72 5.12496393025e-05
73 73 7.1225345142e-05
74 74 1109.99807051
75 75 2.83445878801e-05
76 76 7.04867668381e-05
77 77 6.73335736701e-05
78 78 1.99891687086e-05
79 79 5.98641328945e-05
80 80 5.04241063656e-05
81 81 2.67632904341e-05
82 82 9.60935971673e-05
83 83 1.21121285101e-05
84 84 1.20134387289e-05
85 85 8.11353737357e-05
86 86 1.36319458464e-05
87 87 6.23651323757e-05
88 88 6.52170493012e-05
89 89 5.58795372747e-05
90 90 2.34428699945e-05
91 91 3.73334313738e-05
92 92 7.67945939554e-05
93 93 4.46046412293e-05
94 94 6.44121139594e-05
95 95 1635.54946711
96 96 1.52988929601e-05
97 97 1.06108074047e-05
98 98 4904.83786792
99 99 9.1282950252e-05
100 100 2621.60978634
101 101 1.48876026254e-05
102 102 1976.64811488
103 103 1.76581160608e-05
104 104 7.46097013478e-05
105 105 9.41073644816e-05
106 106 5.71211528755e-05
107 107 5.20298962249e-05
108 108 6.91086490258e-05
109 109 3123.05788169
110 110 9.23964406773e-05
111 111 6.18266106373e-06
112 112 1.20044439873e-06
113 113 4.69809659235e-05
114 114 4.66068208695e-05
115 115 4.93165266745e-05
116 116 9.28398639804e-05
117 117 6.31786922161e-05
118 118 7.76839759318e-05
119 119 2.47343207678e-05
120 120 3360.13474446
121 121 2001.63179143
122 122 2.03381802693e-05
123 123 1870.64774397
124 124 6.03464357003e-06
125 125 9.2740348257e-05
126 126 9.62009112063e-06
127 127 1406.76104101
128 128 7.38670350383e-05
129 129 8.32509778015e-05
130 130 4.86174435549e-05
131 131 4016.75897139
132 132 4079.28752534
133 133 9.064284549e-05
134 134 2.16415953119e-05
135 135 8.85291852685e-05
136 136 7.19738790671e-05
137 137 4.7217763908e-05
138 138 4.37170128637e-05
139 139 1.98770290529e-05
140 140 6.47767826834e-05
141 141 3282.98281349
142 142 4.43551596419e-05
143 143 1637.15697295
144 144 5182.1844897
145 145 8.04001045651e-05
146 146 4861.63490279
147 147 3887.24230918
148 148 4.15336605873e-05
149 149 9.85638776025e-05
150 150 3.47068431046e-05
151 151 1.13113677448e-05
152 152 6.8254122207e-05
153 153 1.87726259869e-06
154 154 7.04095966949e-05
155 155 1321.83593437
156 156 4322.31299254
157 157 6.596086372e-05
158 158 3.26384967298e-05
159 159 3076.12982856
160 160 2.5483873432e-05
161 161 833.454243103
162 162 5.39959310619e-05
163 163 9.82803345898e-05
164 164 5599.98276651
165 165 2.30898338535e-05
166 166 1.88351616452e-05
167 167 3.67825710886e-05
168 168 2655.80015863
169 169 8.5085817105e-05
170 170 884.513277742
171 171 5332.22886733
172 172 1818.2168463
173 173 1.13012797064e-05
174 174 4784.45056205
175 175 9.40222108949e-05
176 176 683.259990443
177 177 2823.12689045
178 178 7.04805252524e-05
179 179 7.77389634494e-05
180 180 1.32370662198e-06
181 181 2.06021717227e-05
182 182 4.54987248285e-05
183 183 2.83781595693e-05
184 184 2.7113339615e-05
185 185 629.288589894
186 186 1.19680827998e-05
187 187 7.44811346324e-05
188 188 1266.33560154
189 189 8.63243947211e-05
190 190 4.0754551111e-05
191 191 6.5031129006e-05
192 192 2476.68129607
193 193 5.39731103922e-05
194 194 9.17605128056e-05
195 195 3.01171322192e-05
196 196 5.65821137592e-05
197 197 2252.50512628
198 198 7.9326542604e-05
199 199 5.3437522664e-05
200 200 2.73477409821e-06
201 201 414.901388709
202 202 5.73986623932e-06
203 203 395.930993492
204 204 8.01215718769e-06
205 205 3.79272936917e-05
206 206 4725.54071952
207 207 3.2988496905e-05
208 208 6.48429486145e-05
209 209 6.62422722513e-05
210 210 9.7900115719e-05
211 211 8.24096288575e-05
212 212 7.04966457623e-05
213 213 5.3940134557e-05
214 214 8.46945044293e-05
215 215 5291.24224693
216 216 4.40992711841e-05
217 217 3.67212378343e-06
218 218 4906.72812042
219 219 2437.30980835
220 220 9.60477509254e-05
221 221 884.295203894
222 222 2.40901988801e-05
223 223 2812.55886697
224 224 9.74365106769e-05
225 225 2.58516647014e-05
226 226 6.55021222296e-06
227 227 4.2866860957e-05
228 228 4.04843594284e-05
229 229 9.24948261714e-05
230 230 9.98019618657e-05
231 231 1.56494176872e-05
232 232 3320.90470304
233 233 1.3526666618e-06
234 234 9.65796009833e-05
235 235 4.46872813897e-05
236 236 4.66987402462e-05
237 237 3.59257772726e-05
238 238 9.93881530511e-05
239 239 3.22876815341e-05
240 240 6.76841062264e-05
241 241 5.96102021591e-05
242 242 1988.61507614
243 243 862.92983398
244 244 5488.30081922
245 245 4123.20919285
246 246 8.95886829404e-05
247 247 2.92977369849e-05
248 248 4150.05744731
249 249 1.37173322576e-05
250 250 5048.62675613
251 251 5319.71475769
252 252 729.682412102
253 253 4.19772278954e-05
254 254 3.64451394289e-05
255 255 5.75431863755e-05
256 256 8.65403337224e-05
257 257 4.17275452345e-05
258 258 8.68666402452e-05
259 259 2.78791307465e-05
260 260 2.88875835646e-06
261 261 5.53815239899e-07
262 262 9.61078437357e-05
263 263 9.53700941711e-05
264 264 9.14795856433e-05
265 265 6.49020747733e-05
266 266 2431.60209246
267 267 4.78024567267e-05
268 268 7.3458967742e-05
269 269 3558.66959784
270 270 8.55451805092e-05
271 271 1.39504815642e-05
272 272 3.11252293163e-05
273 273 6.00654784631e-05
274 274 9.23212380207e-05
275 275 1.47473096303e-06
276 276 1.87431336156e-05
277 277 7.0607306794e-05
278 278 3582.74532344
279 279 2937.57298174
280 280 3.18600156018e-05
281 281 3417.94869992
282 282 9.35180148102e-05
283 283 1270.90033037
284 284 392.380430821
285 285 7.28456584151e-06
286 286 7.33559531969e-05
287 287 2.72339723724e-06
288 288 8.35559822759e-05
289 289 3810.981811
290 290 5280.77715354
291 291 1522.72692665
292 292 1.25088516315e-05
293 293 5.75115523699e-05
294 294 1.80166469616e-05
295 295 1.64125638453e-05
296 296 6.35694654018e-05
297 297 3.93085517898e-05
298 298 3.73018628147e-05
299 299 4898.88534021
300 300 5.72942468618e-05
301 301 3574.57174242
302 302 928.404357898
303 303 3.22584760833e-05
304 304 1.48322347695e-05
305 305 35.5232074712
306 306 2.32709953839e-05
307 307 5.84323607273e-06
308 308 7.7158202575e-05
309 309 2743.02658944
310 310 7.87933836352e-05
311 311 8.13218434199e-05
312 312 8.98795248328e-05
313 313 5.89597219425e-05
314 314 6.44702323183e-05
315 315 2.021715748e-05
316 316 5405.74128714
317 317 6.27029853704e-05
318 318 7.76152420185e-05
319 319 5.22800894604e-05
320 320 3294.56038941
321 321 5.52319860255e-05
322 322 5259.65902296
323 323 3955.87103105
324 324 4.82201598911e-05
325 325 7.49530484508e-05
326 326 1.04504856642e-05
327 327 1.87457097407e-05
328 328 9.45414287011e-05
329 329 2.11377138056e-06
330 330 2029.8274949
331 331 2530.32287201
332 332 5.90439015454e-05
333 333 4831.33297122
334 334 3.38062629466e-05
335 335 7.10754545369e-05
336 336 3.98194407053e-05
337 337 1.98133114181e-05
338 338 5.09434408274e-05
339 339 1876.36486139
340 340 8.9703809486e-05
341 341 935.772612274
342 342 3109.44315521
343 343 8.31701662058e-05
344 344 3.25493727248e-05
345 345 2615.41866489
346 346 1.41529228384e-05
347 347 1.95506526477e-05
348 348 2661.25783994
349 349 1771.39910955
350 350 2677.50692305
351 351 3.33592507193e-05
352 352 4260.89148998
353 353 4.20123907208e-05
354 354 5.85347501128e-05
355 355 8.0167445329e-05
356 356 2088.64608867
357 357 1.69663762603e-05
358 358 4.2588115735e-05
359 359 5053.59084659
360 360 6.01507015263e-05
361 361 3.29096239283e-05
362 362 4.82511495869e-05
363 363 5.14402384741e-06
364 364 1989.31141458
365 365 298.970284888
366 366 1000.96214045
367 367 1136.85256692
368 368 9.07656568815e-05
369 369 2.25615400147e-05
370 370 1372.06369799
371 371 1.89108326818e-05
372 372 3.37966004139e-05
373 373 3284.08475599
374 374 7.50569131251e-05
375 375 4167.17356441
376 376 6.61746245868e-05
377 377 916.148704756
378 378 4.4578801327e-05
379 379 4.06081270867e-05
380 380 9.44062449553e-05
381 381 5.99569239191e-05
382 382 7.52722812117e-05
383 383 5137.22048124
384 384 1201.15241125
385 385 1.72795663525e-05
386 386 7.66216063565e-05
387 387 5559.41882025
388 388 9.19340748857e-05
389 389 2.12253900278e-05
390 390 8.36073307469e-06
391 391 6.04186857314e-05
392 392 2.3045691211e-06
393 393 4806.68922879
394 394 7.10707466832e-05
395 395 923.075163866
396 396 7.14774812393e-05
397 397 8.36898576707e-05
398 398 2669.29191999
399 399 2.72789689875e-05
400 400 6.89878021224e-05
401 401 2784.83398495
402 402 7.3890795021e-05
403 403 671.002016895
404 404 3.93127229304e-05
405 405 7.43181347983e-05
406 406 2.3920092421e-05
407 407 2.16918836675e-05
408 408 8.39186908025e-05
409 409 107.483607376
410 410 4.72315272052e-06
411 411 5.53694885709e-05
412 412 6.26612643919e-05
413 413 2.37932487509e-05
414 414 3935.2904549
415 415 2.61375055515e-05
416 416 7.76078224674e-05
417 417 1670.79008521
418 418 3.4611997322e-05
419 419 2.5687106876e-05
420 420 6.24725137513e-05
421 421 2.57245077317e-05
422 422 1826.621233
423 423 1.30738515459e-05
424 424 8.47131480105e-05
425 425 3405.68180835
426 426 9.26478501796e-05
427 427 5.84134580741e-05
428 428 6.27090551577e-06
429 429 191.24426359
430 430 4.53779021443e-05
431 431 4.77759709667e-05
432 432 5.32160342143e-05
433 433 3001.03190768
434 434 9.81558685577e-05
435 435 7.15209279212e-05
436 436 278.982101837
437 437 4.66851379455e-05
438 438 7.94918539372e-05
439 439 5.77526928656e-05
440 440 2.81845349979e-05
441 441 823.678201941
442 442 8.86347036736e-05
443 443 109.914251882
444 444 9.97885527477e-05
445 445 2.80073425543e-05
446 446 1.25985101883e-05
447 447 4.0443548451e-05
448 448 1.98453505381e-05
449 449 264.34266367
450 450 3611.10755865
451 451 2.68491548066e-05
452 452 6.47062923103e-06
453 453 1189.92786657
454 454 4.57574926077e-05
455 455 2.75207028297e-05
456 456 5494.65372234
457 457 9.40548968064e-05
458 458 1798.53172098
459 459 2.79847872585e-06
460 460 6.72169529742e-06
461 461 5.62061694939e-05
462 462 8.71427402047e-05
463 463 8.24717266535e-05
464 464 7.07125483519e-05
465 465 8.01818230742e-06
466 466 4319.60295813
467 467 3.94613198405e-05
468 468 2.24963166215e-05
469 469 1324.04371333
470 470 7.19464949418e-07
471 471 3.50940608568e-05
472 472 6.45893713387e-05
473 473 7.98808258288e-05
474 474 1.43062499948e-05
475 475 7.33446465858e-05
476 476 2643.23752103
477 477 1514.09012371
478 478 2.09067258112e-05
479 479 1323.63163845
480 480 4.96587212189e-05
481 481 7.90012267614e-05
482 482 4.24553517795e-05
483 483 5.39253968933e-05
484 484 9.08347561151e-05
485 485 4.45190787554e-06
486 486 8.45080194612e-06
487 487 4993.24039493
488 488 4.43437167913e-05
489 489 1681.47589315
490 490 7.85413495284e-05
491 491 8.26987284131e-05
492 492 3.34698190332e-06
493 493 191.534068385
494 494 4556.17450853
495 495 3.35170924382e-05
496 496 6.84822452428e-05
497 497 5.17550432054e-05
498 498 2.52633003893e-05
499 499 7.10969774433e-05
500 500 2.37829742498e-05
501 501 6.68691088896e-05
502 502 3.76933031107e-05
503 503 2.49936677031e-05
504 504 7.13903376094e-05
505 505 8.99617284264e-05
506 506 5.38997892908e-05
507 507 3.61816233124e-05
508 508 6.5741037751e-05
509 509 150.593511291
510 510 3337.34566261
511 511 9.59282674244e-05
512 512 3.18351766042e-05
513 513 2280.04473492
514 514 4112.94910118
515 515 8.75172801198e-05
516 516 1.93535897781e-05
517 517 3.86971303468e-05
518 518 6.52216592906e-05
519 519 5310.92448807
520 520 9.74200238426e-05
521 521 1.61132140277e-05
522 522 1.97411081188e-05
523 523 9.05491522538e-05
524 524 1.24794306349e-05
525 525 7.06307181612e-05
526 526 8.63682729592e-05
527 527 6.84087668369e-05
528 528 748.951339992
529 529 1656.0338099
530 530 9.45351691656e-05
531 531 6.61436694816e-05
532 532 2652.49239275
533 533 5.56722852009e-05
534 534 6.80069317999e-05
535 535 6.06667029113e-06
536 536 9.90054804447e-06
537 537 1060.06116455
538 538 4.38834238e-05
539 539 1446.04799202
540 540 1744.02517729
541 541 6.13447615427e-05
542 542 8.90815487061e-05
543 543 5.38642991889e-05
544 544 3214.3049236
545 545 3718.69846442
546 546 9.5985738376e-05
547 547 6.45251712576e-05
548 548 9.16872021912e-05
549 549 8.63337662189e-05
550 550 2571.50444009
551 551 1.95497157385e-05
552 552 4999.06005553
553 553 5.90485731719e-05
554 554 9.89542735531e-05
555 555 9.21256840643e-05
556 556 7.84050306728e-05
557 557 6.83565232556e-05
558 558 4.09505283595e-05
559 559 9.29111224335e-05
560 560 2.05434023071e-05
561 561 8.46397921381e-05
562 562 8.64450197061e-06
563 563 2165.97001564
564 564 6.82531515816e-05
565 565 1.03300566021e-05
566 566 9.50322836645e-05
567 567 8.74151627222e-05
568 568 5.24927732156e-05
569 569 5.03178925823e-05
570 570 4065.28464815
571 571 1.85913469519e-05
572 572 9.78423663194e-05
573 573 3.48770872611e-05
574 574 1256.30776511
575 575 3.69590952546e-05
576 576 3.52171747426e-05
577 577 4.17156161151e-08
578 578 5.01365490217e-05
579 579 2.22842395978e-05
580 580 1.66782897603e-05
581 581 5491.11440225
582 582 8.91125618853e-05
583 583 1.88209839996e-06
584 584 3.50193826953e-05
585 585 2.90070109154e-07
586 586 1.9893604973e-05
587 587 2837.21144467
588 588 4783.67989712
589 589 8.38912641202e-06
590 590 4.00387889993e-05
591 591 8.90017493174e-05
592 592 5.61511108883e-05
593 593 5.12596905214e-05
594 594 9.72578181656e-05
595 595 437.463323805
596 596 8.6509532475e-05
597 597 5009.85254308
598 598 4.27619555442e-05
599 599 1600.73448895
600 600 4.32858463649e-05
601 601 9.07682825892e-05
602 602 2.76306093891e-07
603 603 7.47890630545e-05
604 604 1.01717859498e-05
605 605 4.33017740414e-05
606 606 4414.09266861
607 607 1268.91163256
608 608 6.09456455593e-06
609 609 4843.1414312
610 610 5.73097570352e-05
611 611 8.37616655652e-05
612 612 8.02848785269e-05
613 613 8.68111469461e-05
614 614 6.95389678844e-05
615 615 4.47168277082e-05
616 616 7.88904888591e-05
617 617 6.84487611944e-05
618 618 6.14931814512e-06
619 619 9.46354086685e-05
620 620 5614.34999443
621 621 1374.92258555
622 622 2817.81131598
623 623 6.06680562266e-05
624 624 7.52458140348e-05
625 625 2257.93973218
626 626 2.9413875662e-05
627 627 1.13510519828e-05
628 628 5.29623287946e-05
629 629 3.94689088052e-05
630 630 2.76313548706e-06
631 631 8.42330088012e-05
632 632 2.05597289583e-05
633 633 4.38871909881e-05
634 634 3039.17343972
635 635 3437.06269799
636 636 4.42827955294e-06
637 637 1958.96894453
638 638 9.84840179556e-05
639 639 9.6735777894e-05
640 640 4030.48350739
641 641 5.64558635363e-05
642 642 4.53434972907e-05
643 643 3222.79495107
644 644 2.71754223499e-05
645 645 2.56943674127e-05
646 646 2.05495758143e-05
647 647 4631.36490363
648 648 8.1334521099e-05
649 649 2.6742033551e-05
650 650 3574.18359828
651 651 7.2358778527e-05
652 652 9.31524355571e-05
653 653 8.56599113277e-05
654 654 8.86349595778e-05
655 655 9.04647357426e-05
656 656 6.95664791815e-05
657 657 4119.74914951
658 658 1700.97332791
659 659 8.23114553796e-05
660 660 8.54365603299e-05
661 661 5.61126705313e-05
662 662 4.0146033078e-05
663 663 2.8559948672e-05
664 664 5.95864715608e-05
665 665 6.38477781632e-06
666 666 2.98696729195e-05
667 667 2474.64312876
668 668 2973.3058075
669 669 5.49106514146e-05
670 670 2.1203175079e-05
671 671 4.42963998216e-05
672 672 9.3517162009e-05
673 673 7.86657489701e-05
674 674 9.24222316692e-05
675 675 6.06829153967e-05
676 676 3.33803566827e-05
677 677 6.7478376133e-05
678 678 8.73110931859e-05
679 679 9.76410523362e-05
680 680 9.57150963189e-05
681 681 3067.05087423
682 682 4320.14279544
683 683 5419.36328823
684 684 4155.75757439
685 685 3.43283756787e-05
686 686 6.61962790659e-05
687 687 3.44293205349e-05
688 688 4.11622604009e-05
689 689 4.72299045315e-05
690 690 4334.50302026
691 691 6.05923975275e-05
692 692 3109.07671888
693 693 1.82571198205e-05
694 694 771.85536077
695 695 4082.05696615
696 696 5.1591234264e-05
697 697 2.64284657813e-06
698 698 5.61472405681e-05
699 699 2.10304307552e-05
700 700 3984.2152845
701 701 2851.88213214
702 702 2.54104969414e-05
703 703 2.15817995616e-05
704 704 517.801916133
705 705 4061.65486546
706 706 7.46895426672e-05
707 707 1004.65205833
708 708 5.45631351254e-05
709 709 2.63019608422e-05
710 710 2.50368286017e-05
711 711 5.65283238845e-05
712 712 4.06796307556e-05
713 713 2.03197802679e-05
714 714 2.39119578011e-05
715 715 1.58302375472e-05
716 716 8.17872958406e-05
717 717 1132.41890968
718 718 7.11817096208e-05
719 719 8.74257042026e-06
720 720 8.23748393971e-05
721 721 1.55398911824e-05
722 722 6.09664915226e-05
723 723 8.39270204257e-05
724 724 8.05670926964e-05
725 725 4359.97252873
726 726 2.43882540844e-05
727 727 6.47520932535e-05
728 728 4.9481256285e-05
729 729 4.25843109291e-06
730 730 5.31865990328e-05
731 731 4878.24374459
732 732 492.107538369
733 733 4.95139730595e-05
734 734 8.84298812573e-05
735 735 5.31125764026e-05
736 736 2823.05137851
737 737 1.66455574926e-05
738 738 6.69442194789e-05
739 739 6.47877858398e-05
740 740 1843.25660984
741 741 7.09949623418e-05
742 742 924.121121116
743 743 9.27624888173e-05
744 744 4.88281442576e-05
745 745 3.07828432026e-07
746 746 5.06804275262e-05
747 747 9.3582113105e-05
748 748 8.34351921509e-05
749 749 9.64036707754e-05
750 750 1.78533413865e-05
751 751 4.14011289729e-05
752 752 3.1527706783e-06
753 753 6.51124135221e-05
754 754 7.62282644126e-05
755 755 4405.77550391
756 756 5.01954494692e-05
757 757 7.17376247549e-05
758 758 2.60443568245e-05
759 759 2.65164938883e-05
760 760 2.80495394839e-05
761 761 2.01783103177e-05
762 762 2082.34606611
763 763 5181.85558966
764 764 9.73659362136e-05
765 765 2960.31096708
766 766 5.76471661779e-05
767 767 597.409822188
768 768 7.37962136485e-05
769 769 1.56302233848e-05
770 770 4488.66406205
771 771 6.49238238339e-05
772 772 9.37566400802e-05
773 773 7.10963018503e-05
774 774 5605.97147063
775 775 5326.4700548
776 776 7.26662684764e-05
777 777 2.6979804061e-05
778 778 8.74062524638e-06
779 779 7.37232261084e-05
780 780 6.15922949261e-05
781 781 3.83451938563e-05
782 782 5.66771479479e-05
783 783 2826.67165037
784 784 4.21624144689e-06
785 785 4.98215637668e-05
786 786 3.3107634637e-06
787 787 4.83775346431e-05
788 788 5.20158429098e-05
789 789 4.17305501955e-05
790 790 1.7799873294e-05
791 791 2544.76129004
792 792 1.85317579401e-05
793 793 1.28198250693e-05
794 794 4.86185505994e-06
795 795 4.70283897521e-05
796 796 4705.65843603
797 797 3.46406348644e-05
798 798 571.461397625
799 799 2.77787484334e-05
800 800 4.15287747418e-05
801 801 1.60165726356e-06
802 802 2.02361055226e-05
803 803 6.95078528907e-05
804 804 4720.70856862
805 805 3.16547255996e-05
806 806 2865.75969097
807 807 9.49550747212e-06
808 808 8.81599794224
809 809 7.03030210308e-05
810 810 668.146978333
811 811 4.68405057721e-05
812 812 729.042102848
813 813 7.52135064207e-05
814 814 3.19188533785e-05
815 815 7.48277110619e-05
816 816 6.37422011458e-05
817 817 4606.33757841
818 818 2756.26295091
819 819 6.76662221661e-05
820 820 4.02857633848e-05
821 821 4.15865661563e-05
822 822 6.57845264908e-05
823 823 3.80191307423e-05
824 824 3.47269161808e-05
825 825 8.71275643754e-05
826 826 5.66213781262e-05
827 827 4.00036352443e-05
828 828 6.20130967626e-05
829 829 8.28774169777e-05
830 830 3.0206681159e-05
831 831 8.86782504386e-05
832 832 2.87001988671e-05
833 833 7.49171329735e-05
834 834 4.31551422516e-05
835 835 7.60755089372e-05
836 836 4476.01466124
837 837 9.8232965763e-05
838 838 5.15922701027e-05
839 839 5.28211122833e-05
840 840 1998.80986183
841 841 5.71191280262e-05
842 842 1.64203249701e-05
843 843 2.37405148492e-05
844 844 3278.05606303
845 845 4.12325468493e-05
846 846 3809.16793759
847 847 6.85248435196e-05
848 848 6.62577264264e-05
849 849 8.27566981696e-05
850 850 8.92577008382e-06
851 851 9.40931541457e-05
852 852 6.72755630572e-05
853 853 1.57412229043e-05
854 854 384.329775314
855 855 5.89859484209e-05
856 856 4.6485783096e-05
857 857 4.55172084525e-06
858 858 2.41621487525e-05
859 859 6.73089893429e-05
860 860 8.92734213958e-05
861 861 4313.27007476
862 862 5.82977943372e-05
863 863 9.87213822762e-05
864 864 9.92309132663e-05
865 865 9.10053567937e-05
866 866 4.50995705596e-06
867 867 6.69510176674e-05
868 868 2.64814741997e-05
869 869 7.52858692937e-06
870 870 2.12497389112e-05
871 871 5.3071816915e-05
872 872 922.898643626
873 873 2.3021276304e-05
874 874 6.0356391547e-05
875 875 1158.91755806
876 876 2955.77851955
877 877 7.8813354482e-05
878 878 8.75576605082e-05
879 879 8.88452211655e-05
880 880 1.02619634139e-05
881 881 6.81398516258e-05
882 882 1.9361840055e-05
883 883 5.35078080344e-05
884 884 2449.780088
885 885 2.94666504097e-05
886 886 7.78909023143e-06
887 887 8.79398133367e-05
888 888 3.09137325879e-05
889 889 4788.85044787
890 890 4301.81142511
891 891 76.5456143885
892 892 5.66135462447e-05
893 893 7.45037189674e-05
894 894 763.237893039
895 895 1546.64613993
896 896 5.71142547694e-05
897 897 6.86258081193e-05
898 898 1346.57924165
899 899 7.3874089529e-05
900 900 2.69324954773e-05
901 901 8.98037184887e-06
902 902 6.44054656621e-06
903 903 2.92116136619e-05
904 904 3.13060438367e-05
905 905 4.78872322616e-05
906 906 2.83848179411e-05
907 907 5.64651314491e-05
908 908 3.19336016713e-05
909 909 6.87012054528e-05
910 910 6.12213614759e-05
911 911 6.09673766333e-05
912 912 2.65030221626e-05
913 913 3.61267824722e-05
914 914 4.70265712017e-05
915 915 1.45866340337e-05
916 916 9.55150617432e-05
917 917 6.88625714916e-05
918 918 4.95529265232e-05
919 919 1104.00840572
920 920 6.03193464048e-06
921 921 3031.85926312
922 922 8.28277012027e-05
923 923 4.4170196809e-05
924 924 5158.35094713
925 925 2.38133095317e-05
926 926 6.75155033618e-05
927 927 4.93292577036e-05
928 928 8.27643955836e-05
929 929 2027.86093856
930 930 2.20324062534e-05
931 931 1151.89196877
932 932 8.40106670078e-05
933 933 5.2646699345e-05
934 934 5.82419803024e-05
935 935 3196.07592065
936 936 4.65574513788e-05
937 937 6.54646862744e-05
938 938 6.00152246702e-05
939 939 2.81557940198e-05
940 940 5345.31435477
941 941 2.19018851062e-06
942 942 4679.28322521
943 943 5.71196005139e-05
944 944 9.68674436041e-05
945 945 5.15030387857e-05
946 946 4.73544182559e-05
947 947 1.70051321881e-06
948 948 2709.41582003
949 949 1.73927727954e-05
950 950 8.03943208283e-05
951 951 2.18002234561e-05
952 952 1.42713729196e-05
953 953 1635.01787347
954 954 9.7054317966e-05
955 955 2522.38714673
956 956 9.06636751141e-06
957 957 2.43731897007e-05
958 958 6.87277173064e-05
959 959 4745.23796329
960 960 8.24979954624e-07
961 961 3.90966578937e-05
962 962 8.73850999969e-05
963 963 9.22202185619e-05
964 964 6.85631051365e-05
965 965 9.32351437322e-05
966 966 9.11242063454e-05
967 967 3.56212647355e-05
968 968 5.20097823511e-05
969 969 4.55588115902e-05
970 970 3.84210992621e-05
971 971 4020.5172351
972 972 1.08224535727e-05
973 973 4.49779012776e-05
974 974 9.97828836247e-05
975 975 3.65114793719e-05
976 976 9.09147196199e-05
977 977 6.79303566161e-05
978 978 1.93984313705e-05
979 979 4530.19795069
980 980 5.46193827368e-05
981 981 8.34270669075e-05
982 982 3785.87003384
983 983 1820.3008327
984 984 2897.43869195
985 985 7.97480264806e-05
986 986 2014.07824961
987 987 2.72553702364e-05
988 988 9.58212441403e-05
989 989 8.17092866746e-05
990 990 1.2130730347e-05
991 991 9.38367245347e-05
992 992 2.09614678198e-05
993 993 7.75438400515e-05
994 994 9.36914833054e-05
995 995 7.14254407016e-06
996 996 7.81469121771e-05
997 997 6.57781355211e-05
998 998 564.378752983
999 999 4862.62461544
1000 1000 8.19596417463e-05
1001 1001 5.79979215629e-05
1002 1002 5.28365200419e-05
1003 1003 1139.25332203
1004 1004 2305.38341388
1005 1005 4147.18632089
1006 1006 2.21974374787e-05
1007 1007 7.60671820742e-05
1008 1008 1.07585353477e-05
1009 1009 9.1295807818e-05
1010 1010 9.45214675829e-05
1011 1011 6.67976692878e-06
1012 1012 9.32104023768e-05
1013 1013 2.27055043062e-05
1014 1014 1.18043415802e-05
1015 1015 3653.31620617
1016 1016 1888.43454251
1017 1017 7.88033937419e-05
1018 1018 5.71276750786e-05
1019 1019 5455.29708978
1020 1020 1.10408035104e-05
1021 1021 3032.90040786
1022 1022 4.92648496474e-05
1023 1023 4.19316099127e-05
1024 1024 7.00896304367e-05
1025 1025 649.774413474
1026 1026 7.13430139673e-05
1027 1027 6.46990601634e-05
1028 1028 3.7811822292e-05
1029 1029 5392.02825304
1030 1030 9.1146982383e-05
1031 1031 2.30361069554e-05
1032 1032 5266.78056392
1033 1033 4.09509655966e-05
1034 1034 4413.48921671
1035 1035 7.4916172449e-05
1036 1036 4.21582712128e-05
1037 1037 3.64286695266e-05
1038 1038 2.69546655794e-05
1039 1039 2.66925863322e-05
1040 1040 3889.26923344
1041 1041 4.88499199521e-05
1042 1042 3.53752775593e-05
1043 1043 1.48623210905e-05
1044 1044 3.56283751325e-05
1045 1045 3.00348011408e-05
1046 1046 4.74414555072e-05
1047 1047 4356.12056916
1048 1048 3520.94122476
1049 1049 2.37961142248e-05
1050 1050 8.40037441857e-05
1051 1051 3177.89691788
1052 1052 1933.27789261
1053 1053 4.87321464234e-06
1054 1054 239.213361683
1055 1055 8.17357761065e-05
1056 1056 1.55519741613e-05
1057 1057 235.724442643
1058 1058 1.46257575568e-06
1059 1059 5.2634672186e-05
1060 1060 9.59004378783e-05
1061 1061 4.57896654536e-05
1062 1062 9.76821183608e-05
1063 1063 1504.57348025
1064 1064 4310.65171654
1065 1065 7.52786634632e-05
1066 1066 2.38819840771e-05
1067 1067 7.93644606606e-05
1068 1068 8.19902106245e-05
1069 1069 2739.17723177
1070 1070 5.1106064187e-05
1071 1071 9.50441290272e-05
1072 1072 1357.73011587
1073 1073 1832.0448793
1074 1074 5398.25273131
1075 1075 9.48912089668e-05
1076 1076 8.62275019889e-05
1077 1077 2.40609579425e-06
1078 1078 8.69278386946e-05
1079 1079 8.21195335844e-05
1080 1080 2.30072870555e-05
1081 1081 8.89972604512e-05
1082 1082 7.65846110226e-06
1083 1083 4.24023738613e-05
1084 1084 6.68479725849e-05
1085 1085 2.39407610417e-05
1086 1086 6.54213038824e-05
1087 1087 673.577227929
1088 1088 2.86169923157e-05
1089 1089 9.08664559619e-05
1090 1090 3656.67971546
1091 1091 4.50333053906e-05
1092 1092 3251.07015553
1093 1093 7.66161025402e-05
1094 1094 1764.41037158
1095 1095 5.78445639558e-05
1096 1096 4.08715717228e-05
1097 1097 5.56172467012e-06
1098 1098 3055.94557359
1099 1099 7.77508118145e-05
1100 1100 1.91363224191e-05
1101 1101 1.05989614869e-05
1102 1102 2.02107646278e-05
1103 1103 7.48007292639e-05
1104 1104 9.26412736024e-05
1105 1105 1.57892166709e-05
1106 1106 5.59638443175e-05
1107 1107 3079.53837411
1108 1108 4.57370859487e-05
1109 1109 3.66050388431e-05
1110 1110 7.86810122756e-05
1111 1111 6.5232748768e-05
1112 1112 2655.84237034
1113 1113 5.73660138293e-05
1114 1114 1551.43046467
1115 1115 3635.96203294
1116 1116 2.593193337e-05
1117 1117 2.22024716903e-05
1118 1118 3.51722886749e-05
1119 1119 5.60672897306e-05
1120 1120 7.22155456654e-06
1121 1121 6.97741652797e-05
1122 1122 5108.23157561
1123 1123 1.15171920101e-05
1124 1124 4348.78178948
1125 1125 8.10240544521e-06
1126 1126 1350.67356079
1127 1127 1218.97817025
1128 1128 1522.103999
1129 1129 8.38022550493e-05
1130 1130 6.79290169764e-06
1131 1131 7.7392833785e-05
1132 1132 6.19058704762e-05
1133 1133 9.62998906202e-05
1134 1134 977.696171711
1135 1135 5420.22337348
1136 1136 7.05220942385e-05
1137 1137 9.52093273933e-05
1138 1138 4.70939554038e-06
1139 1139 4.18754460847e-05
1140 1140 4594.79448175
1141 1141 6.58853302504e-06
1142 1142 9.02894170039e-05
1143 1143 3894.48088353
1144 1144 1.81818960573e-05
1145 1145 8.71670349435e-05
1146 1146 223.566076508
1147 1147 5.1195264993e-05
1148 1148 8.79538443266e-05
1149 1149 8.97098100877e-05
1150 1150 363.269574899
1151 1151 3.76677319775e-06
1152 1152 2052.63678686
1153 1153 9.82707630072e-05
1154 1154 9.53208091827e-05
1155 1155 3.89479908888e-05
1156 1156 9.18502255374e-05
1157 1157 2.12402932527e-05
1158 1158 465.127421966
1159 1159 8.87808110314e-05
1160 1160 3200.28910342
1161 1161 3342.80505723
1162 1162 3.54884665794e-05
1163 1163 3.32323960155e-05
1164 1164 1171.61601319
1165 1165 510.198089732
1166 1166 4.18885276029e-05
1167 1167 5.10908401401e-05
1168 1168 3453.20175551
1169 1169 4.25068037655e-05
1170 1170 2325.59480174
1171 1171 2037.96150708
1172 1172 16.0622435361
1173 1173 2.72009779305e-05
1174 1174 6.80456141686e-05
1175 1175 7.97352674841e-05
1176 1176 3550.88704588
1177 1177 3.2804486821e-05
1178 1178 3914.51334101
1179 1179 8.88098238971e-05
1180 1180 9.56684095829e-05
1181 1181 1384.86033219
1182 1182 5.3503963992e-05
1183 1183 3.30753057165e-05
1184 1184 999.766641872
1185 1185 682.048476888
1186 1186 5.33915276299e-05
1187 1187 4.24678673562e-05
1188 1188 7.34761438839e-05
1189 1189 476.826842225
1190 1190 1.39335299309e-05
1191 1191 4161.67832677
1192 1192 3.25896736471e-06
1193 1193 4.52637719846e-05
1194 1194 5071.85799776
1195 1195 3.76404089183e-05
1196 1196 188.704205231
1197 1197 1.63814759849e-05
1198 1198 1936.70508478
1199 1199 4.77301881379e-05
1200 1200 2518.00082584
1201 1201 7.08010177979e-05
1202 1202 4210.71772823
1203 1203 1.40015249474e-05
1204 1204 6.23671140682e-05
1205 1205 6.68271002256e-05
1206 1206 8.91872085225e-05
1207 1207 1.17937593511e-06
1208 1208 6.47048373484e-05
1209 1209 2994.53299033
1210 1210 5454.2011251
1211 1211 244.504840876
1212 1212 3800.55525558
1213 1213 9.8199985917e-05
1214 1214 4.00969692832e-05
1215 1215 1.77428749934e-05
1216 1216 7.86660356878e-05
1217 1217 9.28818055018e-05
1218 1218 3.00063246973e-05
1219 1219 9.8453887256e-05
1220 1220 9.57260104339e-05
1221 1221 3586.89033243
1222 1222 5347.86673038
1223 1223 1765.77217184
1224 1224 8.60013129565e-05
1225 1225 653.946724561
1226 1226 8.91641271046e-05
1227 1227 4.57345378367e-05
1228 1228 1300.53755484
1229 1229 6.79298043745e-05
1230 1230 183.760500742
1231 1231 5.9648921855e-05
1232 1232 1.0932339106e-05
1233 1233 6.43069465258e-05
1234 1234 1.71610735285e-05
1235 1235 6.60022494168e-05
1236 1236 954.070352741
1237 1237 4.83754548545e-05
1238 1238 2648.57139014
1239 1239 6.47998467513e-05
1240 1240 6.05548856054e-05
1241 1241 3330.49002051
1242 1242 6.4570411221e-05
1243 1243 1.70520285316e-05
1244 1244 4.8202653733e-05
1245 1245 7.11818142311e-05
1246 1246 9.90414792265e-05
1247 1247 9.80013164133e-05
1248 1248 3.79424982211e-05
1249 1249 1.38825485571e-05
1250 1250 8.76356821449e-05
1251 1251 2670.62122286
1252 1252 7.29276459721e-05
1253 1253 5305.23714134
1254 1254 9.46078207819e-05
1255 1255 6.28613517159e-05
1256 1256 7.00453249747e-06
1257 1257 7.73270286609e-05
1258 1258 6.82321433315e-05
1259 1259 1.8961474887e-05
1260 1260 4.73692420493e-05
1261 1261 630.123973631
1262 1262 4.49904309381e-05
1263 1263 8.29980387544e-05
1264 1264 3199.62505509
1265 1265 3443.72310249
1266 1266 1.24427294336e-05
1267 1267 9.60855062842e-05
1268 1268 2550.01174722
1269 1269 2984.88960993
1270 1270 7.12617322476e-05
1271 1271 7.78001996894e-05
1272 1272 6.00213200789e-05
1273 1273 3.16004579567e-05
1274 1274 2981.88770385
1275 1275 8.49738118398e-05
1276 1276 1278.21395159
1277 1277 3378.51898493
1278 1278 9.04503490021e-05
1279 1279 5.08755125537e-05
1280 1280 4.99562983689e-05
1281 1281 2.77677010512e-06
1282 1282 5.38553531318e-05
1283 1283 5.93736629434e-05
1284 1284 7.24963557896e-05
1285 1285 5.27686584262e-05
1286 1286 864.527451209
1287 1287 2.97357910602e-05
1288 1288 5.31935350738e-05
1289 1289 4.18762242322e-06
1290 1290 4.78473171064e-05
1291 1291 5.2329532643e-05
1292 1292 2.64656923789e-05
1293 1293 4.89385925427e-05
1294 1294 3298.75312807
1295 1295 1721.14032145
1296 1296 3465.49872626
1297 1297 1.48130961232e-05
1298 1298 866.105087389
1299 1299 8.63542303787e-05
1300 1300 7.56666373059e-05
1301 1301 7.00088077686e-05
1302 1302 4.83696386093e-05
1303 1303 4894.6071892
1304 1304 2913.31566931
1305 1305 4085.73896766
1306 1306 2179.69514425
1307 1307 1697.76929472
1308 1308 1322.93172472
1309 1309 5.7697244513e-06
1310 1310 5.94209264067e-05
1311 1311 2929.51750922
1312 1312 8.93012720941e-05
1313 1313 2.32001202659e-05
1314 1314 5192.05080963
1315 1315 6.38543626365e-05
1316 1316 1.90326645456e-05
1317 1317 5.41804648187e-05
1318 1318 6.09712222012e-05
1319 1319 3905.23140159
1320 1320 4.45028273048e-05
1321 1321 6.96675735189e-05
1322 1322 7.07527855124e-05
1323 1323 5.05309815578e-06
1324 1324 3.29098131523e-05
1325 1325 3.37457375652e-05
1326 1326 2.60350944728e-06
1327 1327 2.81798342151e-05
1328 1328 8.17333490033e-05
1329 1329 2468.68669451
1330 1330 4.27698571387e-05
1331 1331 8.54951658997e-05
1332 1332 4.20460968094e-05
1333 1333 6.84888016221e-05
1334 1334 6.72505989451e-05
1335 1335 2367.88205102
1336 1336 3.01032691639e-05
1337 1337 8.56384890969e-05
1338 1338 4.72903382292e-05
1339 1339 2.40810966553e-05
1340 1340 8.652207963e-06
1341 1341 6.94804541302e-05
1342 1342 9.38809956095e-05
1343 1343 2623.12363676
1344 1344 4.51838666957e-05
1345 1345 1073.16936667
1346 1346 7.01570687785e-05
1347 1347 8.79019251189e-05
1348 1348 2.68726056953e-05
1349 1349 5.46723318917e-05
1350 1350 9.19660606877e-05
1351 1351 4931.9557388
1352 1352 1372.81335581
1353 1353 9.82176269771e-05
1354 1354 6.01440662259e-05
1355 1355 1.77557496446e-05
1356 1356 1.41846367375e-05
1357 1357 8.36687259667e-05
1358 1358 4.90014948053e-05
1359 1359 5.31292102126e-05
1360 1360 1.00679879175e-05
1361 1361 2.79378954774e-05
1362 1362 6.38793721832e-05
1363 1363 8.14887749283e-05
1364 1364 4.50647475295e-06
1365 1365 5.34803728791e-06
1366 1366 5.201165528e-05
1367 1367 3.588019636e-05
1368 1368 4.60601165354e-05
1369 1369 5.14482416129e-05
1370 1370 7.44300925729e-05
1371 1371 2.98500563855e-05
1372 1372 3.73641194119e-05
1373 1373 1.70209751228e-05
1374 1374 1496.90310796
1375 1375 2.08955253292e-05
1376 1376 1.12790933813e-05
1377 1377 5.41596420239e-05
1378 1378 5.35077834664e-05
1379 1379 6.60788503403e-05
1380 1380 2.07500643557e-05
1381 1381 4103.15156571
1382 1382 9.44755746145e-05
1383 1383 5.73761382388e-05
1384 1384 4.61926593849e-05
1385 1385 4.44274943627e-06
1386 1386 1.89540935958e-05
1387 1387 3.1762964254e-05
1388 1388 4.88122385729e-05
1389 1389 3648.0848958
1390 1390 4.09878691978e-05
1391 1391 5.08584230341e-05
1392 1392 8.78415811425e-06
1393 1393 5.11293893945e-05
1394 1394 2.53018780524e-05
1395 1395 2.6862666992e-05
1396 1396 752.732818374
1397 1397 5251.70669978
1398 1398 4.53974158788e-05
1399 1399 8.0928281335e-06
1400 1400 1.5415819517e-05
1401 1401 4935.30477602
1402 1402 2.84646660257e-05
1403 1403 5.26465268513e-06
1404 1404 6.91786376998e-05
1405 1405 5.97571148417e-05
1406 1406 6.73387315525e-05
1407 1407 8.61732105353e-05
1408 1408 4.05252447866e-05
1409 1409 3.14895367438e-05
1410 1410 7.80313811165e-05
1411 1411 3.06924231389e-05
1412 1412 2.93646559043e-05
1413 1413 7.58790422335e-05
1414 1414 3.01090791918e-05
1415 1415 1.20294487266e-05
1416 1416 1.34116443163e-05
1417 1417 4.89385125416e-05
1418 1418 7.50824043203e-05
1419 1419 5.1518784851e-06
1420 1420 9.28164625117e-06
1421 1421 8.96540435089e-06
1422 1422 1091.29890219
1423 1423 6.81525216764e-06
1424 1424 8.35723153642e-05
1425 1425 2.74551533186e-05
1426 1426 9.80388178838e-05
1427 1427 6.75220061316e-05
1428 1428 1523.1716071
1429 1429 5.9634238147e-05
1430 1430 4.98540460235e-05
1431 1431 9.01216200491e-05
1432 1432 2.11805369341e-05
1433 1433 1119.07225401
1434 1434 9.07421741242e-05
1435 1435 7.08090205283e-05
1436 1436 1.66349694419e-05
1437 1437 2336.96311638
1438 1438 3.54278813899e-05
1439 1439 1090.59807758
1440 1440 5.50813374414e-05
1441 1441 6.21675329939e-05
1442 1442 4137.20532965
1443 1443 3.9201230529e-05
1444 1444 4.75525775929e-05
1445 1445 6.36340982493e-05
1446 1446 2.66349640822e-05
1447 1447 2110.62240461
1448 1448 4.79892321564e-05
1449 1449 2781.21079051
1450 1450 6.70123789178e-05
1451 1451 6.11943989572e-05
1452 1452 7.6170721565e-05
1453 1453 1721.35127388
1454 1454 5.76927559607e-05
1455 1455 3240.82277961
1456 1456 2.26598025098e-05
1457 1457 3011.53506146
1458 1458 6.62597669175e-05
1459 1459 904.119052756
1460 1460 3.02988776289e-05
1461 1461 4.19600663272e-05
1462 1462 4.84311547595e-05
1463 1463 2.98638636746e-05
1464 1464 2.86670207308e-05
1465 1465 9.30100468456e-05
1466 1466 2.81180699154e-05
1467 1467 7.14355647428e-05
1468 1468 2.56701942319e-05
1469 1469 3.26649180554e-05
1470 1470 4144.30830907
1471 1471 5.52786039665e-06
1472 1472 2.51195109585e-05
1473 1473 1713.3288173
1474 1474 6.83341757856e-06
1475 1475 5.37362700173e-05
1476 1476 3.6665877688e-05
1477 1477 2.19422543254e-05
1478 1478 6.71624233937e-05
1479 1479 4143.93384902
1480 1480 4.48969940952e-05
1481 1481 8.65877230302e-05
1482 1482 6.38168223914e-06
1483 1483 128.442691945
1484 1484 1353.26889373
1485 1485 5.85894144844e-05
1486 1486 4.99118353542e-05
1487 1487 9.93568794803e-05
1488 1488 6.11385828044e-05
1489 1489 5133.38651969
1490 1490 7.4375872559e-05
1491 1491 8.75363029157e-05
1492 1492 1934.14190122
1493 1493 9.53350444617e-05
1494 1494 3.55934379228e-05
1495 1495 6.34773605676e-05
1496 1496 2.00717165132e-05
1497 1497 3292.20343887
1498 1498 7.05347736735e-05
1499 1499 8.42862349662e-05
1500 1500 7.51268169461e-06
1501 1501 6.41343750698e-05
1502 1502 3181.13727937
1503 1503 2.65888045375e-06
1504 1504 7.77808290612e-05
1505 1505 3.97251708031e-05
1506 1506 525.199555797
1507 1507 1.46224306324e-05
1508 1508 7.65408412957e-05
1509 1509 8.14154319162e-05
1510 1510 2595.59362039
1511 1511 1301.64812662
1512 1512 4.74759031989e-05
1513 1513 8.9210677988e-06
1514 1514 4.93412028588e-05
1515 1515 650.799864975
1516 1516 7.24842982974e-05
1517 1517 8.61646266357e-05
1518 1518 7.06148141605e-05
1519 1519 7.00255811807e-06
1520 1520 7.15524627447e-05
1521 1521 68.2421019034
1522 1522 5.05726972444e-06
1523 1523 8.74400772425e-05
1524 1524 6.26146931695e-06
1525 1525 4.40234554707e-05
1526 1526 8.67358437948e-05
1527 1527 4.23867380322e-05
1528 1528 5177.80708652
1529 1529 4.13295203441e-05
1530 1530 8.28552022547e-05
1531 1531 734.761156904
1532 1532 651.15354124
1533 1533 5.47895423495e-05
1534 1534 3048.76864422
1535 1535 2.38706378724e-05
1536 1536 3.49386721557e-05
1537 1537 962.036806652
1538 1538 2.17899718211e-06
1539 1539 8.82652883673e-05
1540 1540 2545.39929884
1541 1541 4.60072224065e-05
1542 1542 1.2131746317e-06
1543 1543 8.71551782087e-07
1544 1544 2.65125332337e-05
1545 1545 8.50466529698e-05
1546 1546 3723.01753761
1547 1547 5.72464850935e-05
1548 1548 1.12889457908e-05
1549 1549 2146.7367896
1550 1550 4307.73535391
1551 1551 1121.22460174
1552 1552 1223.13018642
1553 1553 4358.29563906
1554 1554 3.01388289069e-05
1555 1555 8.35460139615e-05
1556 1556 8.30488676881e-05
1557 1557 1.39389639744e-05
1558 1558 1.8144013967e-05
1559 1559 6.93303710204e-05
1560 1560 2.07440233104e-05
1561 1561 3.22522231448e-05
1562 1562 3386.46299759
1563 1563 3.37662138155e-05
1564 1564 5.20022228374e-05
1565 1565 6.90747714852e-05
1566 1566 6.17705491649e-05
1567 1567 3.68708584793e-05
1568 1568 1.11955479415e-05
1569 1569 7.05156966919e-06
1570 1570 1.17634818628e-06
1571 1571 5.46073619152e-05
1572 1572 5.50133855545e-05
1573 1573 3.53790106275e-05
1574 1574 8.1213678225e-05
1575 1575 5.6025626974e-05
1576 1576 4157.15387527
1577 1577 2569.66976892
1578 1578 1.13331105282e-05
1579 1579 1.27510223555e-05
1580 1580 812.974798315
1581 1581 6.01049511991e-05
1582 1582 1975.42952752
1583 1583 5.96349214969e-05
1584 1584 5.36101795885e-05
1585 1585 6.13319918638e-05
1586 1586 5.55285885748e-07
1587 1587 4.61844282403e-05
1588 1588 6.72674644622e-05
1589 1589 4.9563055059e-05
1590 1590 2223.94292288
1591 1591 9.8949823463e-05
1592 1592 6.82804748958e-05
1593 1593 3976.28345267
1594 1594 1.11693903196e-06
1595 1595 2.38714590292e-05
1596 1596 8.3777888254e-05
1597 1597 9.17129054639e-05
1598 1598 3.16417375879e-05
1599 1599 1654.95827878
1600 1600 3804.82825799
1601 1601 163.438124897
1602 1602 8.41486540175e-05
1603 1603 4.24148525299e-05
1604 1604 5.23692036048e-05
1605 1605 3689.44344472
1606 1606 2237.23512597
1607 1607 5.44512795694e-05
1608 1608 7.75696589232e-05
1609 1609 5.11059424326e-05
1610 1610 2.48905188302e-05
1611 1611 1.31549527689e-05
1612 1612 2.80319813712e-05
1613 1613 5.03259450169e-05
1614 1614 5.95084059639e-05
1615 1615 9.79516266033e-05
1616 1616 7.21514350927e-05
1617 1617 7.65573614589e-06
1618 1618 3.10304363149e-05
1619 1619 75.051086949
1620 1620 4.39588827537e-05
1621 1621 7.04393999717e-05
1622 1622 5.73407294167e-05
1623 1623 5.8499014598e-05
1624 1624 2.26426075765e-05
1625 1625 1303.26608188
1626 1626 3.84018321447e-05
1627 1627 3476.58845458
1628 1628 4559.60632238
1629 1629 7.35284504782e-05
1630 1630 2.04413998573e-05
1631 1631 3.46936998877e-05
1632 1632 5.22387444932e-05
1633 1633 2.94230139795e-05
1634 1634 681.181891798
1635 1635 2.25154952803e-05
1636 1636 8.88377898593e-06
1637 1637 8.60111738145e-05
1638 1638 2745.20036119
1639 1639 7.94428739632e-05
1640 1640 4800.81849596
1641 1641 6.1586508231e-05
1642 1642 5.66861337968e-05
1643 1643 7.18672100636e-05
1644 1644 4.69219973657e-05
1645 1645 5.12057085608e-05
1646 1646 6.59573342772e-05
1647 1647 1.35030003762e-05
1648 1648 5571.14680292
1649 1649 6.74685206434e-05
1650 1650 4.54874067338e-06
1651 1651 181.037749065
1652 1652 6.02934794055e-05
1653 1653 9.56832707091e-05
1654 1654 6.13832363056e-05
1655 1655 6.78181449276e-05
1656 1656 2.27311742375e-05
1657 1657 4.89783905293e-05
1658 1658 8.70878919074e-05
1659 1659 7.49552249124e-05
1660 1660 4.22345522909e-05
1661 1661 4.57453923048e-05
1662 1662 1.99493723004e-05
1663 1663 8.6029614527e-05
1664 1664 1.43037874167e-05
1665 1665 5.49743358072e-05
1666 1666 9.11892873898e-05
1667 1667 8.76998173272e-05
1668 1668 3.26486632631e-05
1669 1669 8.64352625978e-05
1670 1670 3.3122168162e-05
1671 1671 7.60095546304e-05
1672 1672 3.87642224133e-05
1673 1673 1.78077185439e-05
1674 1674 8.35289393147e-05
1675 1675 7.97453841943e-05
1676 1676 5.14445840877e-05
1677 1677 4.15726316407e-05
1678 1678 8.81754163228e-05
1679 1679 5.74827127188e-05
1680 1680 3436.48689897
1681 1681 760.180110822
1682 1682 9.16184188701e-05
1683 1683 7.35034576373e-05
1684 1684 9.64171630937e-05
1685 1685 8.62161031806e-06
1686 1686 1.27069587116e-05
1687 1687 1371.61192291
1688 1688 4.19011125414e-05
1689 1689 5.04288387086e-05
1690 1690 1.04867107249e-05
1691 1691 273.800298679
1692 1692 6.05492331578e-05
1693 1693 4695.56081715
1694 1694 4.02037129836e-05
1695 1695 6.21553515357e-05
1696 1696 2.95096443085e-05
1697 1697 7.55762099001e-05
1698 1698 1.74621296981e-05
1699 1699 4256.65608977
1700 1700 4883.6553193
1701 1701 9.29207731356e-05
1702 1702 2.55662374471e-05
1703 1703 554.453984761
1704 1704 2.3670988831e-05
1705 1705 2.85523322274e-05
1706 1706 3207.65741309
1707 1707 1.29023725236e-05
1708 1708 5.83437448823e-05
1709 1709 4.52929947902e-05
1710 1710 4.49165235098e-05
1711 1711 1512.12785818
1712 1712 8.09830612299e-05
1713 1713 8.70653847551e-05
1714 1714 2.92243135232e-05
1715 1715 1.64506616048e-05
1716 1716 8.42839910715e-06
1717 1717 7.51648702057e-05
1718 1718 9.35733789481e-05
1719 1719 4.60281469811e-06
1720 1720 9.99987325939e-05
1721 1721 9.40268191505e-06
1722 1722 7.67665111209e-05
1723 1723 5412.48201606
1724 1724 9.73672135754e-05
1725 1725 6.03664013445e-05
1726 1726 2.76789866995e-05
1727 1727 2524.9822178
1728 1728 2.83053779587e-05
1729 1729 2.01099900063e-06
1730 1730 6.21765940623e-05
1731 1731 6.96035622051e-05
1732 1732 412.793345483
1733 1733 7.42027240803e-05
1734 1734 7.27669919875e-05
1735 1735 6.80980059407e-05
1736 1736 7.1203015312e-05
1737 1737 5.60232474253e-05
1738 1738 5.10806822785e-05
1739 1739 64.598359773
1740 1740 7.41471402878e-05
1741 1741 2.54508359242e-05
1742 1742 981.464775727
1743 1743 175.409711447
1744 1744 5.84968441418e-05
1745 1745 5.43596595922e-05
1746 1746 9.43236685779e-05
1747 1747 8.91610623117e-05
1748 1748 5.27769259854e-05
1749 1749 3.5910510883e-05
1750 1750 9.96611629774e-05
1751 1751 1011.82844152
1752 1752 6.04515187865e-05
1753 1753 8.1836497473e-06
1754 1754 8.28173285221e-05
1755 1755 1.12626369674e-05
1756 1756 6.05221701222e-06
1757 1757 3.4244498644e-05
1758 1758 2.86417669291e-06
1759 1759 4.93279215405e-05
1760 1760 5123.87491373
1761 1761 6.68550047773e-05
1762 1762 8.10120641219e-05
1763 1763 1788.96032139
1764 1764 162.29994881
1765 1765 2.38443983162e-05
1766 1766 2865.44468537
1767 1767 1.93359463245e-05
1768 1768 4.44534744658e-08
1769 1769 3190.58327915
1770 1770 9.6190628597e-05
1771 1771 8.37173005457e-05
1772 1772 5.06222370387e-05
1773 1773 3.74641043939e-05
1774 1774 7.59615299396e-05
1775 1775 4.4933625505e-05
1776 1776 9.24012862488e-05
1777 1777 1.7256873581e-05
1778 1778 6.93425621056e-05
1779 1779 438.541583489
1780 1780 8.86984937452e-05
1781 1781 1917.53981568
1782 1782 5.41348121847e-05
1783 1783 3751.38022386
1784 1784 3856.87952509
1785 1785 3033.51044345
1786 1786 83.5599394406
1787 1787 9.5286961043e-05
1788 1788 1.73207619995e-05
1789 1789 4.19266024378e-05
1790 1790 2928.96586898
1791 1791 9.2343289066e-05
1792 1792 1.6642435586e-05
1793 1793 2.20606925376e-05
1794 1794 9.22786413779e-05
1795 1795 3.33852555988e-05
1796 1796 3920.86912624
1797 1797 1.69326175451e-05
1798 1798 9.58007218497e-05
1799 1799 607.234677928
1800 1800 7.3041336791e-05
1801 1801 9.15148776914e-05
1802 1802 4074.20884783
1803 1803 6.820441675e-05
1804 1804 8.21605250582e-05
1805 1805 2484.49003292
1806 1806 2.62253582993e-05
1807 1807 4057.00275481
1808 1808 1992.54328301
1809 1809 3.1126455771e-05
1810 1810 6.745883279e-05
1811 1811 6.77310384374e-05
1812 1812 9.91787417937e-05
1813 1813 3294.13840399
1814 1814 2.92899139028e-05
1815 1815 9.23326615627e-05
1816 1816 7.20959584417e-05
1817 1817 609.70336266
1818 1818 1.20301718517e-05
1819 1819 2.63288103569e-05
1820 1820 7.85680190244e-05
1821 1821 2.12465701576e-06
1822 1822 4036.62012443
1823 1823 4.66903290162e-05
1824 1824 5.45957027872e-05
1825 1825 9.2363816335e-05
1826 1826 2.89294316657e-05
1827 1827 5.00356449651e-05
1828 1828 4986.22348733
1829 1829 35.4865835836
1830 1830 2309.43011221
1831 1831 3.73849693923e-05
1832 1832 2048.43239647
1833 1833 3950.47710677
1834 1834 1.67610468527e-05
1835 1835 2.82073526288e-07
1836 1836 8.65162259538e-05
1837 1837 1901.79879445
1838 1838 3.83772525344e-05
1839 1839 2333.79203647
1840 1840 9.89886972731e-05
1841 1841 7.59422231526e-05
1842 1842 2244.85200722
1843 1843 7.16358973084e-05
1844 1844 3292.05384094
1845 1845 4377.86621973
1846 1846 4.15052703314e-05
1847 1847 5.23834730241e-05
1848 1848 7.45220151994e-05
1849 1849 1.33951710319e-05
1850 1850 1141.6420465
1851 1851 1.47147616648e-05
1852 1852 7.88904525329e-05
1853 1853 9.69287280199e-05
1854 1854 6.54966533354e-05
1855 1855 6.77559176082e-06
1856 1856 9.44782659975e-05
1857 1857 5414.46183233
1858 1858 8.51394669463e-05
1859 1859 3.58462118507e-05
1860 1860 3.37018004923e-05
1861 1861 2.34185814477e-05
1862 1862 9.34053464902e-05
1863 1863 6.43369445459e-06
1864 1864 6.24941297867e-05
1865 1865 1793.90414136
1866 1866 7.81755885839e-05
1867 1867 6.66219839059e-05
1868 1868 5.31200234003e-05
1869 1869 4.26053140203e-05
1870 1870 8.69881991003e-05
1871 1871 8.86520577809e-05
1872 1872 3.81291978729e-05
1873 1873 9.79723125217e-05
1874 1874 1.88723748735e-05
1875 1875 6.5637259715e-05
1876 1876 9.57436892489e-05
1877 1877 7.67487504418e-05
1878 1878 4.6311624753e-05
1879 1879 2.79074960562e-05
1880 1880 9.46680846172e-05
1881 1881 3.27558508784e-05
1882 1882 6.82676923278e-05
1883 1883 8.13135361787e-05
1884 1884 2039.10091978
1885 1885 5.48659247212e-05
1886 1886 4.29585806969e-05
1887 1887 2674.19543846
1888 1888 960.560737192
1889 1889 5.86345727856e-05
1890 1890 7.10839390361e-05
1891 1891 6.32527915722e-05
1892 1892 2.57801740779e-05
1893 1893 1893.62563045
1894 1894 7.75142235388e-05
1895 1895 9.78450451405e-05
1896 1896 9.48690085478e-06
1897 1897 2.12710361089e-05
1898 1898 2.54168032557e-05
1899 1899 9.60570726463e-05
1900 1900 4.28189608332e-05
1901 1901 8.68916850148e-05
1902 1902 8.30035473698e-05
1903 1903 8.988403852e-05
1904 1904 5.21153901129e-05
1905 1905 7.87707377777e-05
1906 1906 8.13801466291e-05
1907 1907 3991.15702388
1908 1908 805.798126645
1909 1909 1.56091680082e-05
1910 1910 1.50125889365e-05
1911 1911 2398.69683626
1912 1912 3.94684304053e-05
1913 1913 3.72344693529e-05
1914 1914 4.00305676753e-05
1915 1915 6.03167027537e-05
1916 1916 7.54539666425e-05
1917 1917 3.14658482952e-05
1918 1918 3.83483037969e-05
1919 1919 6.09219910052e-05
1920 1920 4618.75927982
1921 1921 3798.86318123
1922 1922 7.26542469917e-05
1923 1923 2.47513779498e-05
1924 1924 4.20127028797e-05
1925 1925 1.48045421814e-06
1926 1926 8.39196195285e-05
1927 1927 7.64309014506e-05
1928 1928 1941.08909607
1929 1929 8.86344363677e-05
1930 1930 6.41407005287e-06
1931 1931 2.53834214224e-05
1932 1932 4.13276853105e-05
1933 1933 5.31431485922e-05
1934 1934 3.45228662358e-05
1935 1935 9.10441788847e-06
1936 1936 2.53925199595e-05
1937 1937 8.52233273853e-05
1938 1938 7.11137550117e-05
1939 1939 2566.80548451
1940 1940 463.833929958
1941 1941 4.54352434944e-05
1942 1942 7.7097819974e-05
1943 1943 7.39658057999e-05
1944 1944 28.6292426242
1945 1945 8.76103465783e-05
1946 1946 4106.57900459
1947 1947 8.13702181413e-05
1948 1948 1327.71204244
1949 1949 4.92900567261e-05
1950 1950 3.34088707939e-05
1951 1951 8.27815848984e-05
1952 1952 3.6463354506e-05
1953 1953 4.44406849781e-05
1954 1954 2.41696251095e-05
1955 1955 5482.01957049
1956 1956 5466.62966602
1957 1957 3985.85607929
1958 1958 6.94882789397e-05
1959 1959 1848.26552112
1960 1960 2.13551023135e-05
1961 1961 5.65705808022e-05
1962 1962 603.008287388
1963 1963 3.20141895282e-05
1964 1964 254.955435897
1965 1965 3.25230987921e-05
1966 1966 455.876152866
1967 1967 4.66844275635e-05
1968 1968 8.63594104768e-05
1969 1969 9.40539981316e-05
1970 1970 4.97543747111e-05
1971 1971 8.90081583961e-05
1972 1972 4.66458231167e-05
1973 1973 2131.55970211
1974 1974 2.13426970276e-05
1975 1975 7.81062636784e-05
1976 1976 9.72973190722e-05
1977 1977 9.04766583798e-05
1978 1978 3092.18407544
1979 1979 9.76455508511e-05
1980 1980 3770.40114884
1981 1981 2.61556670768e-05
1982 1982 3737.0129944
1983 1983 1678.05082191
1984 1984 2.64307275084e-05
1985 1985 4346.7233731
1986 1986 3.38296789534e-05
1987 1987 7.80224025465e-05
1988 1988 6.07496968398e-05
1989 1989 2878.20894307
1990 1990 9.23690981954e-05
1991 1991 1.92069623134e-05
1992 1992 2.76404855615e-05
1993 1993 1.30169293066e-06
1994 1994 5.23593134614e-05
1995 1995 8.23706971682e-06
1996 1996 2.98340529731e-05
1997 1997 8.77702805374e-05
1998 1998 9.35836554035e-06
1999 1999 1619.93193427
2000 2000 1.68208227207e-05
2001 2001 4.84251756532e-05
2002 2002 3.78901177747e-05
2003 2003 5.57372567201e-06
2004 2004 6.86780028938e-05
2005 2005 9.499692022e-05
2006 2006 6.61166564716e-06
2007 2007 7.21973338741e-05
2008 2008 557.71643388
2009 2009 4699.27206333
2010 2010 3.51966358657e-05
2011 2011 6.39891995204e-05
2012 2012 4.82065605819e-05
2013 2013 7.54414336436e-05
2014 2014 3949.29910877
2015 2015 3743.88747764
2016 2016 3.61975850096e-05
2017 2017 6.77437550541e-05
2018 2018 2280.0812745
2019 2019 8.96106750291e-06
2020 2020 5.91987216949e-05
2021 2021 3532.27626285
2022 2022 5.7193903325e-05
2023 2023 1.73147249281e-05
2024 2024 5.05095706716e-05
2025 2025 3.86470616923e-06
2026 2026 1706.68051637
2027 2027 4.74667989699e-05
2028 2028 8.87941608667e-05
2029 2029 3.02612843955e-05
2030 2030 6.61149181296e-05
2031 2031 4.93540113075e-05
2032 2032 9.39846090392e-05
2033 2033 3.75808256985e-05
2034 2034 3.11133452278e-05
2035 2035 3.74691505151e-05
2036 2036 1174.20127071
2037 2037 9.76406150508e-05
2038 2038 3.19656001018e-05
2039 2039 2.31579334045e-06
2040 2040 6.61195115856e-05
2041 2041 3.68478483805e-05
2042 2042 4.96529228814e-05
2043 2043 8.86905648635e-06
2044 2044 1350.0117962
2045 2045 1.72381472556e-05
2046 2046 210.006601697
2047 2047 3.57615590819e-06
2048 2048 2.51461127494e-05
2049 2049 1.3439679732e-05
2050 2050 2.17096222794e-05
2051 2051 3.8057588017e-05
2052 2052 8.58380486948e-05
2053 2053 4906.77374037
2054 2054 9.65555579298e-05
2055 2055 1.58400094317e-05
2056 2056 1180.08574498
2057 2057 2.10402631593e-05
2058 2058 5.53857644415e-05
2059 2059 4.13414175923e-05
2060 2060 9.15363840654e-05
2061 2061 5.57577930389e-05
2062 2062 7.79980808878e-05
2063 2063 3.07589707754e-06
2064 2064 5.27486772531e-06
2065 2065 4.39988296401e-05
2066 2066 3.3777335819e-06
2067 2067 3.75591453163e-05
2068 2068 2832.68499019
2069 2069 4.60208835917e-05
2070 2070 6.50756008142e-06
2071 2071 3.75481435139e-05
2072 2072 2.6669197371e-05
2073 2073 4961.17086699
2074 2074 6.37339121873e-05
2075 2075 5.51600157368e-05
2076 2076 6.00067861685e-05
2077 2077 9.39757166201e-05
2078 2078 6.78467041028e-05
2079 2079 3.37302629912e-05
2080 2080 6.44305659964e-05
2081 2081 84.1643259983
2082 2082 7.37542757249e-06
2083 2083 8.63468082278e-05
2084 2084 3007.69270663
2085 2085 9.66373190882e-05
2086 2086 9.56358633138e-05
2087 2087 3.1564975832e-05
2088 2088 1040.28670972
2089 2089 6.28527029031e-05
2090 2090 3.76589280358e-06
2091 2091 9.56899186594e-05
2092 2092 308.367545775
2093 2093 2052.57543147
2094 2094 9.51043692106e-05
2095 2095 9.24326446303e-05
2096 2096 8.06570258962e-05
2097 2097 2.47952316416e-06
2098 2098 4523.63785353
2099 2099 4.2923713539e-05
2100 2100 1970.66092566
2101 2101 2265.28005686
2102 2102 918.620051421
2103 2103 6.31778561223e-05
2104 2104 5.40353967508e-05
2105 2105 7.2177921316e-06
2106 2106 4.83408846471e-05
2107 2107 2.65610777111e-06
2108 2108 1027.78227145
2109 2109 3.5310057726e-05
2110 2110 7.41799753651e-05
2111 2111 7.37202997795e-05
2112 2112 5576.26192208
2113 2113 7.96033717235e-05
2114 2114 3.56276131333e-05
2115 2115 6.57023595113e-05
2116 2116 5.39883009143e-05
2117 2117 9.71743870838e-05
2118 2118 4.82347474329e-05
2119 2119 2.04615431964e-05
2120 2120 3211.78972828
2121 2121 8.57485149264e-06
2122 2122 2.84165935711e-05
2123 2123 1.87823151059e-05
2124 2124 2.76910694796e-05
2125 2125 4430.91432167
2126 2126 5315.63491899
2127 2127 3.46871371882e-05
2128 2128 9.4460174834e-05
2129 2129 6.22651707601e-05
2130 2130 443.937136369
2131 2131 3.62059945337e-05
2132 2132 1150.105142
2133 2133 3.9373992396e-05
2134 2134 8.62795864866e-05
2135 2135 4.81698918502e-05
2136 2136 7.43140012391e-05
2137 2137 5.07552779682e-06
2138 2138 4434.74975114
2139 2139 2.17806582173e-05
2140 2140 2.82198318527e-05
2141 2141 8.51101447684e-05
2142 2142 1358.55629299
2143 2143 5370.78226558
2144 2144 4.20278597011e-05
2145 2145 1476.55065244
2146 2146 8.33501749489e-05
2147 2147 7.29665083474e-05
2148 2148 4177.41760932
2149 2149 6.07651003078e-05
2150 2150 8.03008875455e-05
2151 2151 2924.2999826
2152 2152 620.860781243
2153 2153 1.18703530448e-05
2154 2154 5445.0883245
2155 2155 1.28355063816e-05
2156 2156 4.94097630112e-05
2157 2157 6.75134010973e-05
2158 2158 130.457606326
2159 2159 1630.64920252
2160 2160 7.99840381674e-06
2161 2161 9.28024749877e-05
2162 2162 2.21958301771e-05
2163 2163 1105.49395065
2164 2164 3.14569932835e-05
2165 2165 7.21549644029e-05
2166 2166 9.00201256777e-05
2167 2167 4508.48069529
2168 2168 9.53260495236e-05
2169 2169 1769.1691284
2170 2170 4.92176485233e-05
2171 2171 4334.71058862
2172 2172 4.85124365048e-05
2173 2173 750.636984262
2174 2174 7.80389980354e-05
2175 2175 8.45732108563e-05
2176 2176 3.90489886512e-05
2177 2177 1.44647532015e-05
2178 2178 595.714944894
2179 2179 1.58876366152e-05
2180 2180 9.80168227285e-05
2181 2181 4.93390087241e-05
2182 2182 1665.87846893
2183 2183 7.04451624618e-06
2184 2184 3027.10720589
2185 2185 9.61164337987e-05
2186 2186 6.84882588192e-05
2187 2187 2.07240352386e-05
2188 2188 1037.16030003
2189 2189 5.36043949501e-05
2190 2190 8.99064910789e-05
2191 2191 5.63992292481e-05
2192 2192 7.82124331671e-05
2193 2193 3.32460899441e-05
2194 2194 1.10942875455e-05
2195 2195 6.02164797597e-05
2196 2196 7.27581899282e-05
2197 2197 3.33119237434e-05
2198 2198 4401.07538143
2199 2199 4.76867211073e-05
2200 2200 6.25449176047e-05
2201 2201 4.34813349062e-05
2202 2202 4724.08858195
2203 2203 6.4865314726e-05
2204 2204 4676.18871279
2205 2205 2368.24003282
2206 2206 8.37637331944e-05
2207 2207 1614.17384196
2208 2208 3.36599292359e-05
2209 2209 5481.76662353
2210 2210 3.86549437041e-05
2211 2211 5.64013144639e-05
2212 2212 2.64408404865e-05
2213 2213 2.55219447951e-05
2214 2214 6.58229305449e-06
2215 2215 8.93412099551e-05
2216 2216 6.46861385099e-05
2217 2217 9.63015922189e-06
2218 2218 9.72706381551e-05
2219 2219 340.533583934
2220 2220 6.29031956738e-05
2221 2221 73.7744427523
2222 2222 5.96695321476e-05
2223 2223 3.5920596761e-05
2224 2224 2718.48018499
2225 2225 8.87120174485e-05
2226 2226 4305.24474302
2227 2227 3.66064450609e-05
2228 2228 3.29781852041e-05
2229 2229 1.96170611129e-05
2230 2230 3.19916044994e-05
2231 2231 7.14499332256e-05
2232 2232 1.18302944255e-05
2233 2233 6.55650369924e-05
2234 2234 2.51273137727e-05
2235 2235 7.57255793014e-05
2236 2236 4.95020971696e-05
2237 2237 6.3726124297e-05
2238 2238 5.17208467792e-06
2239 2239 5498.06360716
2240 2240 8.23142499317e-05
2241 2241 2.86846210807e-05
2242 2242 8.6508671889e-05
2243 2243 1.30517988568e-05
2244 2244 6.67363031518e-05
2245 2245 7.6016781635e-05
2246 2246 1144.04947766
2247 2247 7.28828490912e-06
2248 2248 1178.598555
2249 2249 9.92433269548e-05
2250 2250 82.532757304
2251 2251 4248.2473942
2252 2252 6.8620739623e-05
2253 2253 6.29588106761e-05
2254 2254 2.3318326765e-05
2255 2255 5093.77166824
2256 2256 8.14938487578e-05
2257 2257 6.2660145222e-05
2258 2258 4405.08860414
2259 2259 8.15839926167e-07
2260 2260 6.26036787096e-05
2261 2261 4060.97565954
2262 2262 3.09158989206e-05
2263 2263 8.57275640694e-05
2264 2264 4.43653121445e-05
2265 2265 2.16444143838e-05
2266 2266 4433.89826976
2267 2267 3.69531357137e-05
2268 2268 3368.09038071
2269 2269 8.14756479043e-05
2270 2270 2.88307896322e-05
2271 2271 3194.03567456
2272 2272 6.18768644028e-05
2273 2273 4.32058540164e-05
2274 2274 2993.90745132
2275 2275 5.58181346254e-05
2276 2276 9.43209409552e-05
2277 2277 2080.96613785
2278 2278 4.48032481517e-05
2279 2279 4.97269673225e-05
2280 2280 8.36908374121e-05
2281 2281 3.13195882825e-06
2282 2282 359.235598303
2283 2283 5.42689937537e-05
2284 2284 6.58073691483e-05
2285 2285 3203.01400033
2286 2286 8.99240851629e-05
2287 2287 5.8704279253e-05
2288 2288 2300.25666674
2289 2289 7.52578939112e-05
2290 2290 6.37154387849e-05
2291 2291 61.9315739686
2292 2292 1.99307839543e-05
2293 2293 6.61954603076e-05
2294 2294 2.03390198817e-05
2295 2295 4326.77723802
2296 2296 7.09884972242e-05
2297 2297 5.54341374955e-05
2298 2298 2.83327621571e-05
2299 2299 3337.89701626
2300 2300 3.02831463071e-05
2301 2301 8.044476379e-05
2302 2302 9.76154995867e-05
2303 2303 7.48330199184e-05
2304 2304 1494.25433627
2305 2305 4.43652892722e-05
2306 2306 1.94809756029e-05
2307 2307 8.64284455436e-05
2308 2308 8.94803223558e-05
2309 2309 4.69066799568e-05
2310 2310 3.48761863855e-05
2311 2311 3.42679775954e-05
2312 2312 8.64551517933e-05
2313 2313 4070.80500344
2314 2314 6.973072309e-05
2315 2315 4.2739977143e-05
2316 2316 8.59939849637e-05
2317 2317 4.5017179351e-05
2318 2318 5.59421986197e-05
2319 2319 6.47468737491e-05
2320 2320 1.1164279518e-05
2321 2321 8.85361995938e-05
2322 2322 2837.07306492
2323 2323 2572.7804106
2324 2324 3519.77359209
2325 2325 4035.0141844
2326 2326 5.23365057551e-05
2327 2327 3.51007912454e-05
2328 2328 9.44237008825e-05
2329 2329 5.29598063641e-05
2330 2330 626.054336972
2331 2331 1.67458356588e-05
2332 2332 2.32911001618e-05
2333 2333 8.73500165599e-05
2334 2334 3.78923798233e-05
2335 2335 2.4885476831e-05
2336 2336 2.67554012843e-05
2337 2337 4.32667352427e-05
2338 2338 9.86284478837e-05
2339 2339 3796.42923653
2340 2340 3.47450755679e-05
2341 2341 933.324089252
2342 2342 4226.34581676
2343 2343 1453.01874409
2344 2344 2163.7315063
2345 2345 2.02290530438e-05
2346 2346 8.99053857329e-05
2347 2347 9.72732343853e-05
2348 2348 7.68097372453e-05
2349 2349 9.91212308941e-08
2350 2350 7.38635624315e-05
2351 2351 193.425441801
2352 2352 6.67266070209e-06
2353 2353 7.84632433968e-05
2354 2354 6.01896763207e-05
2355 2355 2909.86007139
2356 2356 9.73674608082e-05
2357 2357 3.38899660728e-05
2358 2358 1.51876688125e-05
2359 2359 8.58593328385e-05
2360 2360 3388.406652
2361 2361 4705.25021432
2362 2362 7.23621831431e-05
2363 2363 2421.3730013
2364 2364 2782.12983104
2365 2365 3115.28843208
2366 2366 4.4220408852e-05
2367 2367 395.624555851
2368 2368 7.73723053783e-05
2369 2369 2.36726318107e-05
2370 2370 2.14105998984e-05
2371 2371 8.33246042863e-05
2372 2372 6.81614377503e-06
2373 2373 3.46669815546e-05
2374 2374 3.12690602518e-05
2375 2375 2.34479292207e-05
2376 2376 2227.07331228
2377 2377 9.26227214048e-05
2378 2378 8.69998344621e-05
2379 2379 6.16095354822e-05
2380 2380 8.36313669245e-05
2381 2381 7.40867219978e-05
2382 2382 1.37103100978e-05
2383 2383 2.92011434305e-05
2384 2384 5.16907209745e-05
2385 2385 4.33922881336e-05
2386 2386 1988.53645992
2387 2387 1.73157643734e-05
2388 2388 9.70432903565e-05
2389 2389 6.11626350574e-06
2390 2390 7.83426308223e-05
2391 2391 4.89858557168e-05
2392 2392 1937.643257
2393 2393 547.287833915
2394 2394 4421.12740574
2395 2395 3497.27178236
2396 2396 4970.88916565
2397 2397 7.3981271185e-05
2398 2398 9.34581776183e-05
2399 2399 1402.69396287
2400 2400 3526.56763033
2401 2401 8.7074087091e-05
2402 2402 401.19851176
2403 2403 5378.99556636
2404 2404 5.18383563719e-06
2405 2405 9.13763400028e-05
2406 2406 4.1150183843e-06
2407 2407 431.805522524
2408 2408 9.85304542207e-05
2409 2409 4.74922344957e-05
2410 2410 9.65953547354e-05
2411 2411 9.51657351179e-05
2412 2412 8.77053912741e-05
2413 2413 5016.59310728
2414 2414 4.49671736717e-05
2415 2415 2.90847090559e-05
2416 2416 1205.3902341
2417 2417 2.77757428673e-05
2418 2418 3.5545423564e-05
2419 2419 2.2875353612e-07
2420 2420 4.12929281962e-05
2421 2421 6.39074243002e-06
2422 2422 9.30542604058e-05
2423 2423 9.93382151876e-05
2424 2424 92.5264356752
2425 2425 9.06109956131e-05
2426 2426 8.54960197825e-05
2427 2427 2976.82486385
2428 2428 5.8401074616e-05
2429 2429 9.23609732756e-06
2430 2430 5.08209780567e-06
2431 2431 1.62342515131e-05
2432 2432 5.059622269e-05
2433 2433 2.863668865e-05
2434 2434 6.58901385049e-06
2435 2435 1358.27405791
2436 2436 8.31750858577e-05
2437 2437 4.55236915367e-06
2438 2438 2.54060785881e-05
2439 2439 9.80431197764e-05
2440 2440 2.30113202098e-05
2441 2441 8.9565281529e-06
2442 2442 7.55130959978e-05
2443 2443 5495.77019752
2444 2444 8.79803899225e-05
2445 2445 3456.9760196
2446 2446 3.53821367625e-05
2447 2447 5.52221496185e-05
2448 2448 5.37855139449e-05
2449 2449 7.69308341589e-05
2450 2450 3.74787473402e-06
2451 2451 6.18486205227e-05
2452 2452 6.55303369697e-05
2453 2453 5474.00035369
2454 2454 3810.04295062
2455 2455 2.28139325413e-05
2456 2456 5.63881657499e-05
2457 2457 6.0817648216e-06
2458 2458 9.39333266543e-05
2459 2459 8.70342582966e-05
2460 2460 2.90271110073e-05
2461 2461 3.50118242203e-05
2462 2462 3.25302327384e-06
2463 2463 2811.35831573
2464 2464 5.69694788892e-05
2465 2465 2.20070508652e-05
2466 2466 9.60781097987e-05
2467 2467 6.72371275311e-05
2468 2468 3.16140444368e-05
2469 2469 9.81158885434e-05
2470 2470 9.62030275288e-05
2471 2471 9.19753663374e-05
2472 2472 2.61171826119e-05
2473 2473 3078.80936102
2474 2474 3.73857707881e-05
2475 2475 3142.87014637
2476 2476 3.95789463826e-05
2477 2477 7.07758010938e-05
2478 2478 6.20652077462e-05
2479 2479 5.69756913003e-05
2480 2480 3.98826113652e-05
2481 2481 8.80268082616e-05
2482 2482 3.10796900751e-05
2483 2483 962.856126567
2484 2484 9.13845730445e-05
2485 2485 4.04750611761e-05
2486 2486 5.79668831089e-05
2487 2487 411.191123976
2488 2488 7.62780220265e-05
2489 2489 6.96889609068e-05
2490 2490 1525.76868531
2491 2491 3.39672835892e-05
2492 2492 4.6857808469e-05
2493 2493 5.26204180165e-05
2494 2494 9.45770186014e-05
2495 2495 1.04749521608e-05
2496 2496 5.23742890012e-05
2497 2497 9.67501243912e-05
2498 2498 9.11809935484e-05
2499 2499 734.87372847
2500 2500 803.24322505
2501 2501 4.25117556617e-05
2502 2502 7.94765666044e-05
2503 2503 9.96166097585e-05
2504 2504 9.31297255471e-05
2505 2505 6.64361413004e-05
2506 2506 9.73341300524e-05
2507 2507 8.53668081854e-05
2508 2508 4.96369892641e-05
2509 2509 2104.47108573
2510 2510 2.49910099888e-05
2511 2511 1.24918673774e-05
2512 2512 3.07442579669e-05
2513 2513 2.36569148381e-05
2514 2514 4323.85132296
2515 2515 9.13546013161e-05
2516 2516 3.60536278332e-05
2517 2517 6.04508387777e-05
2518 2518 8.88913275759e-05
2519 2519 5399.32294374
2520 2520 4.54253472178e-05
2521 2521 6.86291128716e-05
2522 2522 8.35525361783e-05
2523 2523 2.88245364957e-05
2524 2524 470.463656385
2525 2525 4315.49940237
2526 2526 3.95742640506e-05
2527 2527 4189.53378065
2528 2528 2783.48230277
2529 2529 6.02473414729e-05
2530 2530 5.58974134672e-06
2531 2531 5.42086870653e-05
2532 2532 9.49253723429e-05
2533 2533 9.1896179801e-05
2534 2534 3.44626497296e-05
2535 2535 1679.12203127
2536 2536 2220.7147174
2537 2537 8.89844591028e-05
2538 2538 2.67775546001e-06
2539 2539 3587.05001966
2540 2540 1597.97912626
2541 2541 5.84617597643e-05
2542 2542 5520.354719
2543 2543 5.11330458335e-05
2544 2544 3.16948117982e-05
2545 2545 6.4452429473e-05
2546 2546 9.44975857156e-05
2547 2547 232.820944683
2548 2548 9.92582450189e-05
2549 2549 4.71754157536e-05
2550 2550 4878.84530068
2551 2551 6.79995504806e-06
2552 2552 7.57704816363e-05
2553 2553 5.64792673005e-05
2554 2554 2.22792157437e-05
2555 2555 9.28982996748e-05
2556 2556 7.38406436049e-05
2557 2557 5610.1477058
2558 2558 4.17166228738e-05
2559 2559 5073.85178754
2560 2560 4915.58032306
2561 2561 2467.23815039
2562 2562 4375.62401611
2563 2563 4257.20926312
2564 2564 1236.50942667
2565 2565 6.55077963955e-05
2566 2566 3.49197086315e-06
2567 2567 4625.91020105
2568 2568 640.698874754
2569 2569 9.32734779496e-05
2570 2570 2.2005335935e-05
2571 2571 7.12423463657e-05
2572 2572 7.01643975458e-05
2573 2573 4.50701470664e-05
2574 2574 3.00498611019e-05
2575 2575 3.26660691751e-05
2576 2576 4774.24292707
2577 2577 4.10429675078e-05
2578 2578 6.63703603349e-05
2579 2579 4.63676466526e-05
2580 2580 7.46673133836e-05
2581 2581 5.15389834267e-05
2582 2582 7.42602777651e-05
2583 2583 4.70966258023e-05
2584 2584 4.30571610873e-05
2585 2585 7.3571057536e-05
2586 2586 2.48734958507e-05
2587 2587 4.14475792157e-05
2588 2588 5.03266597291e-06
2589 2589 3728.71055461
2590 2590 3092.18577148
2591 2591 6.5824169581e-05
2592 2592 7.85972491428e-05
2593 2593 6.49972124231e-05
2594 2594 4.24681680875e-05
2595 2595 1.15318089222e-05
2596 2596 6.39037139732e-05
2597 2597 5.7408440681e-05
2598 2598 6.25828440621e-05
2599 2599 8.19414529968e-05
2600 2600 34.4137310257
2601 2601 3.84872697082e-05
2602 2602 9.38039968215e-05
2603 2603 3971.70504725
2604 2604 842.439497859
2605 2605 5.73710828479e-05
2606 2606 1677.06352922
2607 2607 970.942972356
2608 2608 1996.86553833
2609 2609 1.61983656937e-05
2610 2610 3045.65688299
2611 2611 8.49808182035e-05
2612 2612 5.24656907341e-05
2613 2613 6.5970527829e-05
2614 2614 9.07630233038e-05
2615 2615 7.14060673116e-05
2616 2616 7.16591209725e-05
2617 2617 6.77746341433e-05
2618 2618 567.595147711
2619 2619 5.63930944618e-05
2620 2620 6.55948902021e-05
2621 2621 9.36537806193e-05
2622 2622 9.1822449722e-05
2623 2623 4922.9024107
2624 2624 795.025527489
2625 2625 1886.68519687
2626 2626 1.78080210225e-05
2627 2627 4.09645797728e-05
2628 2628 5.76517407346e-05
2629 2629 1.97551533472e-05
2630 2630 3.33180163908e-05
2631 2631 2.59862538189e-05
2632 2632 1693.92776212
2633 2633 9.21686010671e-05
2634 2634 1.74949154942e-05
2635 2635 9.56645692134e-05
2636 2636 8.32581546754e-05
2637 2637 5.46769912333e-05
2638 2638 185.469255986
2639 2639 3.46381279627e-05
2640 2640 5.74077595945e-07
2641 2641 8.4030661803e-05
2642 2642 5331.8244619
2643 2643 8.69440687673e-05
2644 2644 2.52200584854e-05
2645 2645 4081.01771374
2646 2646 470.149506024
2647 2647 6.65812561097e-05
2648 2648 6.9846108792e-05
2649 2649 7.58401670891e-05
2650 2650 2.11958008818e-05
2651 2651 3.05747373074e-05
2652 2652 1.46093659758e-05
2653 2653 4585.57610056
2654 2654 1.99133535155e-05
2655 2655 7.40320490833e-06
2656 2656 8.42941772998e-05
2657 2657 1177.99504949
2658 2658 6.2471171947e-05
2659 2659 8.03268085598e-05
2660 2660 1.94739668482e-05
2661 2661 8.53542887291e-05
2662 2662 7.77107562108e-05
2663 2663 3.72812903158e-05
2664 2664 7.00767081301e-05
2665 2665 7.32982624256e-05
2666 2666 4661.07145994
2667 2667 8.69952309173e-05
2668 2668 8.21291349127e-05
2669 2669 6.74029711642e-05
2670 2670 4.46887269904e-05
2671 2671 1084.3713287
2672 2672 3.10522574755e-05
2673 2673 1.77855945901e-05
2674 2674 2.5723608229e-05
2675 2675 1571.68386063
2676 2676 9.7714605022e-06
2677 2677 4412.99741799
2678 2678 3093.9234634
2679 2679 5.23942942039e-05
2680 2680 5.74097215706e-06
2681 2681 4.0707102974e-05
2682 2682 4.62248071488e-05
2683 2683 9.56243941373e-05
2684 2684 7.39124816529e-05
2685 2685 3935.23588513
2686 2686 8.42477083551e-05
2687 2687 5.10685544456e-05
2688 2688 1.90531302772e-05
2689 2689 2.48326922546e-05
2690 2690 3511.68451734
2691 2691 3.96341230649e-05
2692 2692 1.04223948598e-05
2693 2693 2.30326670086e-05
2694 2694 3.41243056512e-05
2695 2695 1.45559104352e-05
2696 2696 8.6975170675e-05
2697 2697 167.682023128
2698 2698 3.57470194382e-05
2699 2699 8.35290230341e-05
2700 2700 2354.37500605
2701 2701 6.96392459864e-05
2702 2702 1912.72596863
2703 2703 7.3042041296e-05
2704 2704 8.39419955063e-05
2705 2705 8.22445874596e-05
2706 2706 3.1336405657e-05
2707 2707 5176.61284643
2708 2708 5123.802858
2709 2709 2.4572630762e-05
2710 2710 6.64765300893e-06
2711 2711 3.34168902699e-05
2712 2712 5.57308772364e-05
2713 2713 8.88402064569e-05
2714 2714 3569.55087191
2715 2715 126.325571311
2716 2716 3149.37155003
2717 2717 7.7062523087e-05
2718 2718 6.35749528444e-05
2719 2719 2.81299443258e-05
2720 2720 5099.98488776
2721 2721 5.21885192309e-07
2722 2722 2.45024200595e-05
2723 2723 251.321993796
2724 2724 5.4105841208e-05
2725 2725 5000.01795145
2726 2726 8.87065631818e-05
2727 2727 3035.70296677
2728 2728 6.93539151464e-05
2729 2729 1.65588698096e-05
2730 2730 1789.71730371
2731 2731 8.33439793071e-05
2732 2732 3.33153367864e-05
2733 2733 4.12163083781e-05
2734 2734 2.14294959556e-05
2735 2735 2.56481670285e-05
2736 2736 1.37969718085e-05
2737 2737 2.37742963574e-05
2738 2738 6.69209260744e-05
2739 2739 6.82272446444e-05
2740 2740 131.407260944
2741 2741 5.23579970734e-06
2742 2742 3456.80705231
2743 2743 7.85365731841e-05
2744 2744 7.72812431735e-05
2745 2745 5.10694553033e-06
2746 2746 4233.99782551
2747 2747 4529.1640795
2748 2748 2.82134108166e-05
2749 2749 8.6212609001e-05
2750 2750 1733.88350518
2751 2751 9.93820037372e-05
2752 2752 1.67122004364e-06
2753 2753 5.21079968263e-05
2754 2754 3451.1704718
2755 2755 7.52376365384e-05
2756 2756 4.32074910761e-05
2757 2757 4.09345839461e-05
2758 2758 3.56838935517e-05
2759 2759 6.01043369471e-05
2760 2760 6.55170469223e-05
2761 2761 2.00547363797e-05
2762 2762 1100.11614846
2763 2763 3.9729648691e-05
2764 2764 9.42381952185e-05
2765 2765 1.55483814015e-05
2766 2766 9.84054536937e-05
2767 2767 6.35496095675e-05
2768 2768 4146.73886652
2769 2769 3476.95675382
2770 2770 2.69097507244e-05
2771 2771 6.96029600631e-05
2772 2772 3.68741913583e-05
2773 2773 6.77972205374e-05
2774 2774 6.25606282024e-05
2775 2775 2862.63544379
2776 2776 9.07232569021e-05
2777 2777 5538.63473505
2778 2778 6.91845556975e-05
2779 2779 2881.96830022
2780 2780 3775.5127323
2781 2781 726.416249425
2782 2782 9.78439083808e-05
2783 2783 4236.57097857
2784 2784 6.73012981159e-05
2785 2785 6.55822804947e-05
2786 2786 8.47192008402e-05
2787 2787 336.058970711
2788 2788 4.8058974716e-05
2789 2789 4.02411097029e-05
2790 2790 9.161347326e-05
2791 2791 7.834048564e-05
2792 2792 7.11550607554e-05
2793 2793 9.32809062193e-05
2794 2794 4.04352170739e-05
2795 2795 7.52390740439e-05
2796 2796 7.06325589935e-05
2797 2797 5.57209982764e-05
2798 2798 5.13968427528e-05
2799 2799 4372.22450606
2800 2800 3.09069023247e-06
2801 2801 7.59328984213e-05
2802 2802 9.83954034255e-05
2803 2803 5.20327535935e-05
2804 2804 9.82179490493e-05
2805 2805 3.47924645212e-05
2806 2806 9.68806561794e-05
2807 2807 2.49481008549e-05
2808 2808 8.83680461686e-06
2809 2809 3318.64047399
2810 2810 2.87443975836e-05
2811 2811 201.376652254
2812 2812 4.21432390197e-05
2813 2813 6.81727087227e-05
2814 2814 8.20554833682e-05
2815 2815 6.34350669652e-05
2816 2816 5.85216873643e-05
2817 2817 5.32393714687e-05
2818 2818 9.21784058014e-05
2819 2819 6.44687722015e-05
2820 2820 6.93159384399e-05
2821 2821 5.75943499352e-05
2822 2822 7.23909844855e-05
2823 2823 9.75628340474e-05
2824 2824 3915.55770464
2825 2825 685.046459234
2826 2826 1756.3678417
2827 2827 1.65290598747e-05
2828 2828 1.88127501075e-05
2829 2829 3.16844206262e-05
2830 2830 7.94139696319e-06
2831 2831 2.0167626293e-05
2832 2832 9.43246557039e-05
2833 2833 9.71070414481e-05
2834 2834 2.00910877077e-05
2835 2835 6.2399426442e-05
2836 2836 3816.95994244
2837 2837 1752.70754067
2838 2838 2.74200697192e-05
2839 2839 6.46296870078e-06
2840 2840 2379.21775007
2841 2841 9.32141347398e-05
2842 2842 6.65999532878e-05
2843 2843 2.46546461025e-05
2844 2844 8.58371599035e-05
2845 2845 3.23542061712e-05
2846 2846 3.17920787277e-05
2847 2847 4.81454974054e-06
2848 2848 5.35155379275e-05
2849 2849 768.370356689
2850 2850 1.64689168342e-05
2851 2851 7.50632486712e-05
2852 2852 6.05754509661e-05
2853 2853 8.05337525595e-05
2854 2854 5453.89880374
2855 2855 4.22122959035e-05
2856 2856 9.0773303875e-05
2857 2857 2.87358419998e-05
2858 2858 6.50302084673e-05
2859 2859 3.60073452337e-05
2860 2860 19.3244766461
2861 2861 5.95700821114e-05
2862 2862 144.777964876
2863 2863 5.06061130977e-05
2864 2864 1.30613738892e-05
2865 2865 1459.91561397
2866 2866 7.01307115867e-05
2867 2867 1055.623888
2868 2868 2.83250425413e-05
2869 2869 5.12525194135e-05
2870 2870 4.84425488254e-05
2871 2871 934.719881486
2872 2872 1471.08427455
2873 2873 3917.47499536
2874 2874 1.90456418004e-06
2875 2875 8.11806938639e-05
2876 2876 8.89275954393e-05
2877 2877 2475.69503246
2878 2878 5006.0642327
2879 2879 3.67569518657e-05
2880 2880 5.15357394881e-05
2881 2881 1.24533032832e-05
2882 2882 2558.79472813
2883 2883 2008.91212352
2884 2884 2.75367374339e-06
2885 2885 5.84518686014e-05
2886 2886 9.24140532995e-06
2887 2887 1.85084699641e-05
2888 2888 8.46964647853e-05
2889 2889 3.05520690861e-05
2890 2890 1617.23574065
2891 2891 5.99410087215e-05
2892 2892 753.851129728
2893 2893 4.92832045018e-07
2894 2894 4980.4877207
2895 2895 4269.71809275
2896 2896 9.60166725191e-05
2897 2897 8.36141366974e-05
2898 2898 5305.3286991
2899 2899 1479.92646645
2900 2900 1.25721053695e-06
2901 2901 4.95063383749e-05
2902 2902 5.2094739723e-05
2903 2903 3981.59716576
2904 2904 5.66915530422e-05
2905 2905 3.5772409976e-05
2906 2906 5.56524606201e-05
2907 2907 2.41838943593e-05
2908 2908 7.95835860758e-05
2909 2909 1.97722793521e-05
2910 2910 3603.00967146
2911 2911 6.29333774198e-05
2912 2912 7.16211046648e-05
2913 2913 1.65582337163e-05
2914 2914 5.69812143862e-05
2915 2915 9.88232775445e-05
2916 2916 4.86172385647e-05
2917 2917 4.2927082677e-05
2918 2918 6.23987088529e-05
2919 2919 1.21570242441e-05
2920 2920 4.60226485455e-05
2921 2921 9.04601759566e-05
2922 2922 8.86432724957e-05
2923 2923 5.67785830063e-05
2924 2924 2.44030999698e-05
2925 2925 5.61616881094e-05
2926 2926 2942.60075821
2927 2927 3.8843218955e-05
2928 2928 4.7916290637e-05
2929 2929 6.29077384196e-05
2930 2930 894.184708552
2931 2931 7.16619318723e-05
2932 2932 6.07089539801e-05
2933 2933 8.79700669831e-05
2934 2934 2914.38787485
2935 2935 5033.65470819
2936 2936 7.68657970033e-05
2937 2937 3.09629135713e-05
2938 2938 2.02940999776e-05
2939 2939 9.76339954068e-06
2940 2940 9.11086082873e-05
2941 2941 8.03193124882e-05
2942 2942 8.94269583246e-05
2943 2943 2285.16030902
2944 2944 590.983193392
2945 2945 7.21988738437e-05
2946 2946 1.28737691311e-05
2947 2947 1983.5573225
2948 2948 9.97996164778e-05
2949 2949 8.71688849954e-05
2950 2950 5.00896360906e-05
2951 2951 4.63885257256e-06
2952 2952 9.00716349548e-05
2953 2953 6.09470305408e-05
2954 2954 4633.2678847
2955 2955 3.68963089459e-06
2956 2956 7.30808928658e-05
2957 2957 2.44136928929e-05
2958 2958 2511.46407798
2959 2959 764.990204798
2960 2960 8.72227511867e-05
2961 2961 4.16903191193e-05
2962 2962 1281.09788932
2963 2963 5.52659929859e-06
2964 2964 7.31331617454e-05
2965 2965 4.60483837861e-05
2966 2966 4.8024851304e-05
2967 2967 3.10827659688e-05
2968 2968 6.27337425921e-05
2969 2969 4794.88449201
2970 2970 4.88953665184e-05
2971 2971 9.45956819192e-05
2972 2972 7.01014298966e-05
2973 2973 2.79727613994e-05
2974 2974 3.17325452997e-05
2975 2975 4.91004657165e-05
2976 2976 7.63100617533e-05
2977 2977 2.25608828449e-06
2978 2978 4977.19064347
2979 2979 2.28482390671e-05
2980 2980 5.02316283343e-05
2981 2981 7.90432926908e-05
2982 2982 8.17183398793e-06
2983 2983 1977.91086776
2984 2984 1.02883944895e-05
2985 2985 3.06507568602e-05
2986 2986 5.68725124857e-05
2987 2987 3041.41540465
2988 2988 3.46201567518e-05
2989 2989 8.14839073657e-05
2990 2990 2.83011238904e-05
2991 2991 7.90211685411e-05
2992 2992 5.55844769148e-06
2993 2993 2587.57856658
2994 2994 1993.31049093
2995 2995 104.798901929
2996 2996 777.884085809
2997 2997 7.40830416024e-05
2998 2998 4.45112944952e-05
2999 2999 8.25366541218e-05
3000 3000 4.63393591758e-05
