1 1 6.96763151143e-05
2 2 8.077712113e-05
3 3 1.15237700891e-05
4 4 1.2269304208e-05
5 5 6.15134798404e-05
6 6 1747.28777878
7 7 7.0726441225e-05
8 8 3615.3449514
9 9 258.191602423
10 10 799.032550232
11 11 8.43943953971e-05
12 12 4927.12223288
13 13 1.27396308888e-05
14 14 1615.95996208
15 15 2.17695557291e-05
16 16 6.86705116052e-06
17 17 7.09736606115e-06
18 18 5.90053820395e-05
19 19 4.4213416843e-05
20 20 6.99236746034e-05
21 21 3.53998724038e-05
22 22 7.32360893164e-05
23 23 1.21301580731e-05
24 24 1.04890547316e-06
25 25 6.57787528643e-05
26 26 5.87602671488e-05
27 27 3.41927920246e-05
28 28 5297.06386254
29 29 880.546649701
30 30 5407.88258602
31 31 3606.84927125
32 32 7.05779572529e-05
33 33 3781.85261237
34 34 5.68074592339e-06
35 35 3.33147511377e-05
36 36 5.47820205996e-05
37 37 2.98246173445e-05
38 38 2.78384167359e-05
39 39 7.36763835492e-05
40 40 2.0721992159e-05
41 41 2257.07453729
42 42 6.01334583106e-05
43 43 3806.69741569
44 44 9.00080449619e-05
45 45 3.6823302177e-05
46 46 1.88964146027e-05
47 47 3842.77825928
48 48 4.88778068621e-05
49 49 1.08009036155e-05
50 50 1.0417995672e-05
51 51 9.35492987273e-05
52 52 1.69154570542e-05
53 53 4.73008819812e-05
54 54 1.35910923486e-06
55 55 6.54854047704e-05
56 56 4.96789592055e-05
57 57 8.90108992721e-06
58 58 7.29136309835e-05
59 59 1.94268989762e-05
60 60 5.8766725548e-05
61 61 4.66939008615e-05
62 62 3.44648629426e-05
63 63 9.37219082456e-05
64 64 975.021590729
65 65 5.20863962123e-06
66 66 6.17576184747e-05
67 67 1.60475714045e-05
68 68 9.75532354099e-05
69 69 2547.3224732
70 70 1.58471071701e-05
71 71 5.36490827659e-05
72 72 9.51343019389e-05
73 73 3.50792841723e-05
74 74 5.30728326024e-05
75 75 2.82994930101e-06
76 76 5.24130249141e-05
77 77 6.9726097702e-05
78 78 9.25485873705e-06
79 79 7.3696529801e-05
80 80 4.46181693666e-05
81 81 4.80481997405e-06
82 82 6.56387817708e-05
83 83 2120.62237092
84 84 8.01738140014e-05
85 85 6.92926630147e-05
86 86 5.89438800592e-05
87 87 8.51490485031e-05
88 88 9.37075214114e-05
89 89 4.1247852035e-05
90 90 8.08206163225e-05
91 91 1.33036345351e-05
92 92 4.13891662416e-05
93 93 5.34625678556e-05
94 94 7.87056012894e-05
95 95 4.82341367594e-05
96 96 9.93064649572e-05
97 97 3338.06444386
98 98 5.20404264682e-05
99 99 7.74170236319e-05
100 100 8.41507155754e-05
101 101 6.28090366349e-05
102 102 9.75073916822e-05
103 103 9.02461071109e-05
104 104 8.80513743198e-05
105 105 4.60160224643e-05
106 106 3.35169575647e-05
107 107 8.39556802768e-05
108 108 4261.12917236
109 109 2.50590847651e-05
110 110 7.86140701389e-05
111 111 5.56197423079e-05
112 112 7.76264168439e-05
113 113 5045.36774849
114 114 5.30933512981e-05
115 115 4.24205763139e-05
116 116 2.3323765116e-05
117 117 5.85094084361e-05
118 118 5.48248121597e-05
119 119 1.72187888223e-05
120 120 5401.23946468
121 121 3.79047828568e-05
122 122 1.97338189879e-05
123 123 2248.26653223
124 124 1.85561324064e-05
125 125 3.91547823451e-05
126 126 600.140374627
127 127 8.53802865522e-05
128 128 4.01164360747e-05
129 129 9.03412887635e-05
130 130 7.8022655042e-05
131 131 9.14508380605e-05
132 132 8.10873155395e-05
133 133 9.89742270967e-05
134 134 7.4556884125e-05
135 135 5.11805126638e-05
136 136 5.12818611657e-07
137 137 1449.03709421
138 138 4010.34289283
139 139 6.44295571373e-06
140 140 6.76463326539e-05
141 141 7.82593193266e-05
142 142 2252.92224322
143 143 4.44363366799e-05
144 144 6.85481690391e-05
145 145 7.10914390487e-05
146 146 1.87377725472e-06
147 147 9.91899235431e-05
148 148 7.43229221478e-05
149 149 1959.52928245
150 150 3496.41975184
151 151 6.38544192397e-05
152 152 5.93529422049e-05
153 153 5539.07204548
154 154 1.409876221e-05
155 155 4.31494845241e-05
156 156 3.85927078022e-05
157 157 9.24447752663e-05
158 158 4.12219412118e-06
159 159 5.04206477689e-05
160 160 2.33246702808e-05
161 161 7.37493257469e-05
162 162 1838.79018808
163 163 3.94137840289e-05
164 164 1.84124071147e-05
165 165 7.58967026959e-06
166 166 8.2139561684e-05
167 167 4911.48684006
168 168 8.0259590086e-05
169 169 5335.32193699
170 170 1.08059097517e-05
171 171 7.91495325344e-06
172 172 7.72942524828e-05
173 173 8.15774364794e-05
174 174 2444.98274308
175 175 8.84164996593e-05
176 176 9.17290745763e-05
177 177 7.9010228846e-05
178 178 5550.56291624
179 179 5.64730965206e-05
180 180 4307.02155066
181 181 5.2488126416e-05
182 182 6.6533077019e-05
183 183 8.12900886403e-05
184 184 1.70309559109e-05
185 185 2264.70857777
186 186 3581.76165815
187 187 4.38133563416e-05
188 188 411.203924899
189 189 8.25696787307e-05
190 190 2713.19654941
191 191 3.23277326392e-05
192 192 1.43498875415e-06
193 193 9.28857353693e-05
194 194 3.07527956775e-05
195 195 1.37908195486e-05
196 196 5.6746136284e-05
197 197 3.87240062106e-05
198 198 5.27820771611e-05
199 199 9.6002135664e-05
200 200 5.36716261852e-05
201 201 3.24030465974e-05
202 202 2020.77757267
203 203 6.9289070293e-05
204 204 5.32624615408e-05
205 205 2.16248600203e-05
206 206 8.77077179653e-05
207 207 2.47919161568e-05
208 208 2.55995575658e-05
209 209 5194.90252344
210 210 1100.09692431
211 211 8.78655591089e-05
212 212 5.8337542143e-05
213 213 8.52239868314e-05
214 214 3.28845132405e-05
215 215 6.36955868488e-05
216 216 6.77606030902e-05
217 217 5.74948751423e-05
218 218 6.68390729283e-05
219 219 2.81743857084e-05
220 220 2.27947047665e-06
221 221 5.47987289245e-05
222 222 7.75819177638e-05
223 223 1.1056167785e-05
224 224 4534.91459458
225 225 6.24344933162e-05
226 226 6.26878013302e-05
227 227 1909.66542367
228 228 3.68999938097e-05
229 229 5336.98242283
230 230 1694.00783708
231 231 3800.1956516
232 232 8.07509979557e-07
233 233 4018.32734137
234 234 1.69904672676e-05
235 235 8.37313834965e-05
236 236 3.74550057279e-05
237 237 6.65569340601e-05
238 238 3.26269474551e-05
239 239 2.50863536072e-05
240 240 7.76893093902e-05
241 241 2.12556777355e-05
242 242 7.42981411305e-05
243 243 3648.68594234
244 244 6.04116756522e-05
245 245 7.95806475193e-05
246 246 1.85583149572e-05
247 247 2228.54730042
248 248 5.99816789591e-06
249 249 6.3247675966e-05
250 250 6.44295201601e-05
251 251 3520.02445559
252 252 7.18250375526e-05
253 253 9.28254617572e-05
254 254 2959.69382744
255 255 8.18351944836e-05
256 256 8.65351835025e-05
257 257 4.14657495408e-05
258 258 3927.91791699
259 259 4.81373358475e-05
260 260 6.92057688844e-05
261 261 3134.72587689
262 262 3.34038521908e-05
263 263 3.6171589465e-05
264 264 4.74909142569e-05
265 265 1.89090535507e-05
266 266 5.89118434086e-05
267 267 5.55412850331e-05
268 268 1.2914733185e-05
269 269 8.81310858027e-05
270 270 8.89306244903e-05
271 271 5.28541368818e-05
272 272 6.60828966037e-05
273 273 7.10453198098e-05
274 274 5.82590643933e-05
275 275 3.88295353912e-05
276 276 731.908789254
277 277 7.51731859988e-05
278 278 1085.32347685
279 279 3279.24493289
280 280 1757.5813309
281 281 262.499002206
282 282 3.72422553462e-05
283 283 2.021516442e-05
284 284 8.04973252628e-05
285 285 6.62835655405e-05
286 286 2.30839073143e-05
287 287 6.17842754467e-05
288 288 3.45621554284e-05
289 289 9.88431761191e-05
290 290 4.22982847636e-05
291 291 7.15429872489e-05
292 292 6.38198853313e-05
293 293 3.26594648223e-05
294 294 2.28018689057e-05
295 295 8.278865107e-05
296 296 1.98658945254e-05
297 297 4476.21359409
298 298 1.92118713835e-05
299 299 2.52049256988e-05
300 300 5162.07600399
301 301 4327.07782564
302 302 4.20689904375e-05
303 303 9.34398026979e-05
304 304 2.05582353051e-05
305 305 9.13680024982e-05
306 306 7.35997986036e-05
307 307 451.963242547
308 308 6.23344370737e-05
309 309 1956.44681135
310 310 9.26731462815e-05
311 311 8.25094840612e-05
312 312 7.4178441686e-05
313 313 3204.90650789
314 314 1.10939462001e-05
315 315 8.59916935631e-05
316 316 3468.62471966
317 317 4.00433577538e-05
318 318 3.23438279288e-05
319 319 6.08533933906e-05
320 320 4.00471267094e-05
321 321 5.65031439955e-05
322 322 3.32239932987e-05
323 323 6.40235612759e-05
324 324 2.06433432696e-05
325 325 5.00514698037e-06
326 326 3.92933008749e-05
327 327 6.25127056974e-05
328 328 8.97507895932e-05
329 329 2.51247145408e-05
330 330 7.76505078969e-05
331 331 3.84743116982e-05
332 332 7.74493993397e-05
333 333 7.04038556466e-05
334 334 7.41542616479e-05
335 335 4603.10192489
336 336 2960.87124265
337 337 2833.39576588
338 338 7.18988383529e-05
339 339 5300.87650004
340 340 3284.09128487
341 341 3673.96180429
342 342 3634.78762377
343 343 2.71519238203e-05
344 344 2412.62084593
345 345 2396.57745168
346 346 1.41986086677e-05
347 347 7.50371613242e-05
348 348 8.27077400938e-06
349 349 2.6820119759e-05
350 350 1.56618541203e-06
351 351 2.92450350196e-05
352 352 9.16963340242e-05
353 353 1.4600240119e-05
354 354 2839.96800077
355 355 9.48563688242e-05
356 356 4.70552849873e-05
357 357 4.60917558717e-05
358 358 9.38207041464e-05
359 359 4604.63869179
360 360 4.19249606516e-05
361 361 3.64899590025e-05
362 362 6.52919767093e-05
363 363 1.14131047725e-05
364 364 211.397507398
365 365 1.51679037626e-05
366 366 5.37046611661e-05
367 367 5.24330308423e-07
368 368 3064.34539895
369 369 3.20302748122e-05
370 370 5.35152166744e-05
371 371 6.66751304601e-05
372 372 3.05477109745e-05
373 373 8.90931621525e-05
374 374 8.38066244118e-05
375 375 1926.59853095
376 376 3.90414889064e-05
377 377 7.00699843125e-05
378 378 5.91940841913e-06
379 379 7.70734684837e-05
380 380 8.40690680632e-05
381 381 4.7078675871e-05
382 382 1.03844685727e-05
383 383 3.32098043111e-05
384 384 1.69136657564e-05
385 385 9.81713708191e-05
386 386 4.86824378615e-05
387 387 7.47926243298e-06
388 388 5.90780166175e-05
389 389 4295.84144423
390 390 3468.73848133
391 391 1315.92344084
392 392 3177.40483192
393 393 4.55304409376e-05
394 394 3.77444868213e-05
395 395 6.757227338e-05
396 396 4.89543653862e-05
397 397 8.94177817035e-06
398 398 7.76037261704e-05
399 399 7.32161217435e-05
400 400 5.27530590863e-06
401 401 7.52995513229e-05
402 402 1.09908591826e-05
403 403 6.07746599463e-05
404 404 5411.98252501
405 405 7.85144104609e-05
406 406 9.97218221189e-05
407 407 5203.95821612
408 408 1.22121160819e-05
409 409 4.7885873796e-05
410 410 6.28979884213e-05
411 411 6.40797597752e-05
412 412 9.22187179923e-05
413 413 1.96958264349e-05
414 414 9.12242932721e-05
415 415 7.98422678804e-05
416 416 1565.37971008
417 417 2.00269676297e-05
418 418 1488.42932842
419 419 5.25424884738e-06
420 420 7.20751324977e-05
421 421 3169.28586518
422 422 2776.20836076
423 423 7.11749639249e-05
424 424 3.18160728042e-05
425 425 6.50506942041e-05
426 426 1790.83327917
427 427 4.02938273335e-05
428 428 2.28520556562e-05
429 429 9.71279396386e-05
430 430 4.85018255619e-05
431 431 3.12789664474e-05
432 432 1111.34865752
433 433 5.07871145066e-05
434 434 2.05831379213e-05
435 435 6.74054265367e-05
436 436 1.73428069145e-05
437 437 4.88246509452e-05
438 438 5228.19844615
439 439 3.29193191898e-05
440 440 1.50217566932e-05
441 441 4.71264600656e-05
442 442 1.94842573406e-05
443 443 3232.19812001
444 444 2288.44976035
445 445 392.37093874
446 446 8.08185653955e-05
447 447 7.87241828588e-06
448 448 4.81221546926e-05
449 449 5.59488164531e-05
450 450 1532.15029518
451 451 2.93105292088e-05
452 452 1084.9401027
453 453 5.48387531086e-05
454 454 9.07549929214e-05
455 455 369.529642016
456 456 2.88569295061e-05
457 457 1712.584244
458 458 3727.46130788
459 459 7.12300404174e-05
460 460 2723.37243176
461 461 8.34403007912e-05
462 462 3.24894749698e-05
463 463 8.71522029717e-05
464 464 1407.21446121
465 465 4.94011436369e-05
466 466 8.61286411474e-05
467 467 8.47029464099e-05
468 468 4676.00293308
469 469 6.16072267411e-05
470 470 1.48041604392e-05
471 471 953.51888598
472 472 8.32764632715e-06
473 473 975.393043996
474 474 2437.12646105
475 475 1385.43144882
476 476 9.54246356022e-05
477 477 4.41033816465e-05
478 478 1575.29248384
479 479 7.30595176147e-05
480 480 4.29036550474e-05
481 481 6.88283128283e-05
482 482 6.11003989603e-05
483 483 4.07716711463e-05
484 484 4672.89718191
485 485 2.71730631304e-05
486 486 9.41429563145e-05
487 487 511.087864441
488 488 5.31019127098e-06
489 489 4.78393408215e-05
490 490 5.97043857788e-05
491 491 2.53193498111e-05
492 492 5.93702413778e-05
493 493 1023.20812148
494 494 5.75275517946e-05
495 495 4.3706583046e-05
496 496 6.35250246558e-07
497 497 2828.89695509
498 498 8.51316445478e-05
499 499 1590.8814719
500 500 3466.13627413
501 501 6.82597708639e-05
502 502 240.171268179
503 503 8.35016780048e-05
504 504 3.74287331923e-05
505 505 5.58771611178e-05
506 506 5233.29076867
507 507 1.73126250941e-06
508 508 8.17637431798e-05
509 509 4.14629944047e-05
510 510 5.75591561594e-05
511 511 2.34874156648e-05
512 512 2.44246213776e-05
513 513 7.37924299424e-05
514 514 6.73054491067e-05
515 515 5455.05020836
516 516 5.38621300202e-05
517 517 7.16442095829e-05
518 518 8.39327458263e-05
519 519 5.86950754084e-05
520 520 4.43474933892e-05
521 521 4.63540950579e-05
522 522 2.88040484063e-05
523 523 228.841626763
524 524 7.01018606074e-05
525 525 8.35502291783e-05
526 526 7.19053950297e-05
527 527 5.865476465e-05
528 528 3.66495215746e-05
529 529 4117.86117362
530 530 1.76200983421e-05
531 531 7.70766505802e-05
532 532 3.4986236834e-05
533 533 9.58239629094e-05
534 534 1.74560469265e-06
535 535 3186.17776842
536 536 1721.70644966
537 537 4.42829390843e-05
538 538 7.21148360759e-05
539 539 1.41433447291e-05
540 540 9.86789441668e-05
541 541 2615.34946726
542 542 1.76157816843e-05
543 543 1.31697570727e-05
544 544 4.46143659087e-05
545 545 9.85206093123e-05
546 546 5303.27411991
547 547 9.89125290897e-05
548 548 3.94929223662e-05
549 549 3092.77800033
550 550 2.15605560025e-05
551 551 5.01109162562e-05
552 552 1.50112584885e-05
553 553 5031.88362985
554 554 4.46839455255e-05
555 555 6.56444374194e-06
556 556 3.459687386e-05
557 557 3.09274990009e-05
558 558 101.326013747
559 559 2.00714267655e-05
560 560 8.79095771622e-05
561 561 9.96842254991e-05
562 562 3.10180798409e-05
563 563 7.48951828887e-05
564 564 7.60622797548e-05
565 565 3650.18674376
566 566 8.29988819465e-06
567 567 8.40927568728e-05
568 568 4.77108332646e-05
569 569 2.77357803931e-05
570 570 1.85970332e-05
571 571 1013.11525814
572 572 2934.62301059
573 573 5.56950728544e-05
574 574 4350.877249
575 575 3.9292025121e-05
576 576 7.33544469785e-05
577 577 1.06267982447e-05
578 578 1.32358885308e-05
579 579 5.2875658351e-05
580 580 3.46050451594e-05
581 581 1852.34735386
582 582 8.44322706066e-05
583 583 2441.65553439
584 584 8.10849708414e-05
585 585 3.05263100563e-05
586 586 6.46756222031e-05
587 587 4.10890248404e-05
588 588 982.811302157
589 589 9.87188195548e-05
590 590 634.835698689
591 591 4.56791070242e-05
592 592 6.54742546356e-05
593 593 5534.69483861
594 594 2.09600072268e-05
595 595 5.43338264183e-06
596 596 4.72560717154e-05
597 597 6.83982338611e-05
598 598 5095.07121909
599 599 2.51828529792e-05
600 600 6.41265714693e-06
601 601 3510.31578131
602 602 1.83252256801e-05
603 603 1659.90872105
604 604 3.38980815952e-05
605 605 2833.73154337
606 606 6.55851043732e-05
607 607 1514.93409516
608 608 1650.614423
609 609 6.40413353757e-05
610 610 2433.53355806
611 611 2.42782359591e-06
612 612 5.98351817542e-05
613 613 3.52251355435e-05
614 614 9.50008587404e-05
615 615 7.71293775223e-05
616 616 8.74612109203e-05
617 617 8.93032237973e-06
618 618 6.65753832874e-05
619 619 4.49472827674e-05
620 620 3375.77978857
621 621 5137.22575458
622 622 2623.79463771
623 623 1197.45303121
624 624 1.71016900021e-05
625 625 1.95525451302e-05
626 626 3.59469095648e-05
627 627 2631.22301004
628 628 3145.65722444
629 629 9.67449335764e-05
630 630 5097.72727953
631 631 1.47388940055e-05
632 632 8.21256108208e-05
633 633 3.35647970451e-05
634 634 2.16177731085e-05
635 635 3302.38598011
636 636 6.88278732508e-05
637 637 8.49997854066e-05
638 638 3.58126290583e-05
639 639 8.08294133262e-05
640 640 1199.27133031
641 641 6.92726702884e-05
642 642 9.7950646249e-05
643 643 9.62201046164e-05
644 644 8.69961425823e-05
645 645 4.4315109852e-05
646 646 6.4204346684e-05
647 647 8.60535348565e-05
648 648 5.38830826265e-05
649 649 3.6851189416e-05
650 650 6.79084644315e-05
651 651 5031.88027724
652 652 1.01682159394e-05
653 653 3.69924646451e-05
654 654 1627.7611875
655 655 4.78717880236e-06
656 656 4570.75562433
657 657 3.17458046256e-05
658 658 5.86260094076e-05
659 659 7.85069024871e-05
660 660 3.18581847649e-06
661 661 4.15395394882e-05
662 662 8.63603135424e-05
663 663 9.67409849988e-05
664 664 6.6937526191e-05
665 665 3978.91887342
666 666 4.01622632308e-05
667 667 2854.01304936
668 668 7.06966696071e-05
669 669 2.08848368851e-05
670 670 9.35933088317e-05
671 671 9.41725841259e-05
672 672 1.12553556775e-05
673 673 5266.65881402
674 674 1002.83703061
675 675 4.86079413596e-05
676 676 7.39521791212e-05
677 677 5.00462763034e-06
678 678 2.28550554143e-05
679 679 3556.21528435
680 680 1.01413864013e-05
681 681 7.74600639867e-06
682 682 2.87731462288e-05
683 683 5.34360834719e-05
684 684 7.38216108445e-05
685 685 9.41002423914e-05
686 686 2.41449924708e-05
687 687 2.29121662418e-05
688 688 9.26873820263e-05
689 689 2.0119337348e-05
690 690 4828.48734671
691 691 5.77396491181e-05
692 692 1.60292947935e-05
693 693 3.42215312381e-06
694 694 2269.34170689
695 695 4.26728355149e-05
696 696 4.94330784359e-05
697 697 2.55248188484e-05
698 698 1017.32051663
699 699 9.61860983383e-05
700 700 5.02982738638e-05
701 701 5294.60188859
702 702 2.80617381888e-05
703 703 8.2519489855e-05
704 704 1637.06428427
705 705 2.50801532214e-05
706 706 965.335522057
707 707 9.16347337524e-05
708 708 2.93437943027e-05
709 709 2.40715728506e-05
710 710 3641.56771653
711 711 6.67772794399e-05
712 712 7.58883979831e-05
713 713 2818.71637093
714 714 4519.17649745
715 715 7.86266342252e-05
716 716 2.31375475747e-05
717 717 4179.23930575
718 718 1001.3342513
719 719 4137.54741155
720 720 9.48789907327e-05
721 721 3.06256488202e-06
722 722 8.9686639563e-05
723 723 6.92173380111e-05
724 724 8.54822402908e-05
725 725 7.72475444143e-05
726 726 6.74365399021e-05
727 727 5.14515831936e-05
728 728 8.82639620779e-05
729 729 3.1366481316e-05
730 730 3.8841804626e-05
731 731 4.99661778847e-05
732 732 5586.47751967
733 733 1.04878044846e-05
734 734 5.23083935634e-05
735 735 755.552393594
736 736 6.28660467911e-05
737 737 9.95189009463e-05
738 738 7.92841628488e-05
739 739 6.26218267841e-05
740 740 2.39594792224e-05
741 741 3076.79938705
742 742 3.64777009886e-05
743 743 8.94251434091e-05
744 744 1718.04001291
745 745 3.59167020603e-05
746 746 8.72031708112e-05
747 747 7.75094196567e-05
748 748 6.10258066838e-05
749 749 2.23056592276e-05
750 750 4048.67102305
751 751 7.51308966365e-07
752 752 6.63162689999e-05
753 753 8.35266402881e-05
754 754 5.0618437715e-05
755 755 1.32217582913e-05
756 756 4913.55852784
757 757 9.82495514474e-05
758 758 4297.21777163
759 759 1.02509947022e-06
760 760 9.90657535899e-05
761 761 1995.51303512
762 762 6.49923543206e-05
763 763 7.91085442385e-05
764 764 1.50613859705e-05
765 765 2.86178189831e-05
766 766 6.28090280157e-05
767 767 8.85297458707e-05
768 768 6.42455730193e-07
769 769 6.67712643107e-06
770 770 1.88207990871e-06
771 771 5.15277325142e-05
772 772 114.581628034
773 773 5.09696934123e-05
774 774 2.25607919197e-05
775 775 4.23554978651e-05
776 776 2.00243620795e-05
777 777 3.28917825952e-05
778 778 9.69880026603e-05
779 779 6.34241059848e-05
780 780 4.8213843679e-05
781 781 3.784829345e-05
782 782 5.87739891385e-05
783 783 2970.27943155
784 784 3.14622017398e-05
785 785 3.49824033144e-05
786 786 2.89332617865e-05
787 787 5.71948232046e-05
788 788 8.41998103791e-05
789 789 8.85883720776e-05
790 790 4.56960492224e-05
791 791 2.89123269914e-05
792 792 2275.94460087
793 793 5.45825073763e-05
794 794 4.36323465593e-05
795 795 2.8655381639e-05
796 796 3.42809777797e-05
797 797 1458.37176336
798 798 1.71347909476e-05
799 799 2.28109352299e-05
800 800 1.47442482949e-05
801 801 1.47160934348e-05
802 802 1072.13264166
803 803 6.10437539104e-05
804 804 3.89348133683e-05
805 805 8.4549219993e-05
806 806 1527.8035727
807 807 9.83032631066e-05
808 808 3.8540936265e-05
809 809 4.10933796628e-06
810 810 5151.45577613
811 811 2697.18816537
812 812 4.70666824532e-06
813 813 4.88528404221e-05
814 814 1.55650166055e-05
815 815 9.16231222164e-05
816 816 1.20339833803e-05
817 817 8.62963636245e-05
818 818 6.54546598122e-05
819 819 3.87118154489e-05
820 820 4590.15018649
821 821 2.37933360611e-05
822 822 9.48996629382e-05
823 823 4.76179716129e-05
824 824 678.77226265
825 825 1.40563400683e-05
826 826 2.53068638049e-05
827 827 9.01931627938e-05
828 828 5.35150451536e-05
829 829 4245.37433921
830 830 5447.64195666
831 831 2.71467147695e-06
832 832 4907.80778462
833 833 3824.00659118
834 834 1123.7986304
835 835 370.824045009
836 836 2.62483160605e-05
837 837 25.706243436
838 838 7.58463170409e-05
839 839 5.7499072907e-05
840 840 7.71972024922e-05
841 841 4525.86003297
842 842 5219.46877828
843 843 4.83563345614e-05
844 844 976.76013629
845 845 2.68089364995e-05
846 846 9.3341296262e-05
847 847 1743.84707877
848 848 164.746086051
849 849 6.79007462369e-05
850 850 3852.71361267
851 851 1.8065693945e-05
852 852 3.05216633402e-05
853 853 7.49462470121e-05
854 854 2396.69260057
855 855 6.00859179241e-05
856 856 9.22897869721e-06
857 857 5.5647995079e-05
858 858 3.016791238e-06
859 859 1.17122939765e-05
860 860 1270.95010905
861 861 1634.33062793
862 862 5.98591382769e-05
863 863 2.3277910356e-05
864 864 2989.68448014
865 865 3480.73403849
866 866 7.67331165057e-06
867 867 8.46447903318e-05
868 868 6.97494507182e-05
869 869 5.70443464552e-05
870 870 3.93524473311e-06
871 871 5.32554097131e-05
872 872 4.25841003935e-05
873 873 2.11836512188e-05
874 874 8.88423535059e-05
875 875 1045.91166418
876 876 4646.19641943
877 877 3.07314600668e-05
878 878 9.85412046952e-07
879 879 1941.69851323
880 880 2.73640789844e-05
881 881 5.80521807957e-06
882 882 1.65837875005e-05
883 883 4048.74447434
884 884 1243.21872827
885 885 2321.31432722
886 886 1.80579251185e-05
887 887 6.47504799883e-06
888 888 2.97556814891e-06
889 889 6.44623341713e-05
890 890 3.15365600941e-05
891 891 7.61348006879e-05
892 892 4842.78095937
893 893 2.06244771888e-05
894 894 5.14723979049e-05
895 895 8.33699520271e-05
896 896 8.43433256264e-05
897 897 8.33419372717e-05
898 898 8.2101697051e-05
899 899 5.65596083052e-05
900 900 7.59821088008e-06
901 901 2.40886252423e-05
902 902 1.52294263916e-06
903 903 56.8031881223
904 904 4.37558236638e-05
905 905 7.26220450067e-05
906 906 7.57326508216e-06
907 907 2517.62103745
908 908 7.17204783238e-05
909 909 6.97603459647e-05
910 910 7.11250704002e-05
911 911 1.57642768527e-05
912 912 3801.05372911
913 913 2562.75036546
914 914 7.49201414566e-05
915 915 3.96568132532e-05
916 916 2.33438032685e-05
917 917 1382.40966259
918 918 9.57021878155e-05
919 919 4504.95153494
920 920 2.3309409595e-05
921 921 2.07595400174e-05
922 922 8.34894059934e-05
923 923 5.42850626505e-05
924 924 9.4241745383e-05
925 925 3.60307040729e-05
926 926 8.17572875991e-05
927 927 9.42991760566e-05
928 928 1.16017197088e-05
929 929 4.09462164283e-05
930 930 1.15095014353e-05
931 931 8.92545544217e-05
932 932 1.90488247152e-05
933 933 2.89176871612e-05
934 934 7.96527636814e-05
935 935 5.84011512098e-05
936 936 6.54964052771e-05
937 937 2.81790327966e-05
938 938 2460.56185586
939 939 3.73079277713e-05
940 940 7.5611531955e-05
941 941 9.26123270784e-06
942 942 2.81466449862e-05
943 943 3.7772769929e-05
944 944 2371.00056507
945 945 2.27783875616e-05
946 946 4.96819250425e-05
947 947 4.5683186691e-05
948 948 9.66564689631e-05
949 949 8.77714053448e-05
950 950 7.83734753655e-05
951 951 1653.75609955
952 952 4860.43669178
953 953 7.52306563625e-05
954 954 6.54611914761e-05
955 955 7.53680696536e-06
956 956 5174.8590691
957 957 764.663157077
958 958 6.32341887841e-05
959 959 3373.92063095
960 960 6.04620384859e-05
961 961 6.77609619251e-07
962 962 2216.79449697
963 963 3.93269781311e-05
964 964 346.575745135
965 965 7.00946861235e-05
966 966 1.38839237623e-05
967 967 3057.63435275
968 968 87.4101055046
969 969 8.38212635635e-05
970 970 8.01193725618e-05
971 971 9.20518467101e-05
972 972 5.95544318314e-05
973 973 8.12005217215e-05
974 974 4.58990842377e-05
975 975 579.403525141
976 976 8.88984722452e-05
977 977 2682.21027952
978 978 3792.58023965
979 979 5241.5630123
980 980 5.53598960195e-05
981 981 2.87965328644e-05
982 982 825.286905039
983 983 2.34385099846e-05
984 984 7.86441462889e-05
985 985 1.45171334545e-05
986 986 3.97822933256e-05
987 987 3.28921242147e-05
988 988 2652.78178064
989 989 6.54209122428e-05
990 990 1355.74072258
991 991 4360.2306421
992 992 9.43036975788e-05
993 993 9.24861481286e-05
994 994 5.85614471052e-05
995 995 9.50300609896e-05
996 996 2455.52238438
997 997 3280.65353865
998 998 2.17472735213e-05
999 999 3.36000837731e-05
1000 1000 9.25349076403e-06
1001 1001 4.24855292189e-05
1002 1002 3865.86326418
1003 1003 1.61526293402e-05
1004 1004 8.85604380438e-06
1005 1005 7.3061514999e-05
1006 1006 6.61736690234e-05
1007 1007 1943.94789879
1008 1008 7.10493591767e-05
1009 1009 6.72472793839e-05
1010 1010 98.5759751726
1011 1011 3.47062193301e-05
1012 1012 6.57456044357e-05
1013 1013 8.72012275544e-06
1014 1014 1.80782415343e-05
1015 1015 6.10120383426e-05
1016 1016 4.32216923042e-05
1017 1017 5.22667211931e-05
1018 1018 4200.47446021
1019 1019 6.80510850593e-06
1020 1020 1335.51779317
1021 1021 4.51423436488e-05
1022 1022 3498.74735133
1023 1023 5.79895913873e-05
1024 1024 668.295955919
1025 1025 3.5531057276e-05
1026 1026 1.33472402432e-05
1027 1027 3069.47158208
1028 1028 97.8814535065
1029 1029 7.86248559034e-05
1030 1030 3.24764187774e-05
1031 1031 7.10447231764e-06
1032 1032 5.4169698673e-05
1033 1033 9.76202553283e-05
1034 1034 7.55363047863e-05
1035 1035 1.96351111488e-05
1036 1036 4.36145277975e-05
1037 1037 1.12386848893e-05
1038 1038 4.45505253314e-05
1039 1039 6.3216594975e-06
1040 1040 4.69603621495e-06
1041 1041 2.56936241352e-05
1042 1042 107.751082995
1043 1043 6.21889841851e-05
1044 1044 6.51597439906e-05
1045 1045 819.367369856
1046 1046 3.45254114369e-05
1047 1047 1688.67944563
1048 1048 5559.59539135
1049 1049 6.27203835941e-05
1050 1050 7.50184177473e-05
1051 1051 8.31200409418e-06
1052 1052 5.25056272146e-06
1053 1053 2.56677358073e-05
1054 1054 3.89927527134e-05
1055 1055 9.1426591245e-05
1056 1056 2.8131031035e-05
1057 1057 4051.86479987
1058 1058 2.04065936095e-05
1059 1059 2559.17531832
1060 1060 7.79789987004e-06
1061 1061 7.65011361035e-05
1062 1062 5.83657514359e-06
1063 1063 4555.95712103
1064 1064 1218.74899884
1065 1065 2.41353070907e-05
1066 1066 3.15597447254e-05
1067 1067 4323.65259052
1068 1068 8.67982893757e-05
1069 1069 4932.86504206
1070 1070 4845.5537189
1071 1071 3449.78486045
1072 1072 3.57571890333e-05
1073 1073 3.28930329592e-06
1074 1074 1.39387711663e-05
1075 1075 6.82919268431e-06
1076 1076 6.42109732165e-06
1077 1077 8.35010078918e-05
1078 1078 636.898025946
1079 1079 8.14346868733e-06
1080 1080 5.98915506168e-06
1081 1081 7.33656342768e-05
1082 1082 3.04354254112e-06
1083 1083 5.42369236685e-05
1084 1084 8.62043667648e-05
1085 1085 4.86686479487e-05
1086 1086 9.82175598071e-05
1087 1087 218.782553034
1088 1088 9.12472711318e-05
1089 1089 5.01025445247e-05
1090 1090 4.17599634812e-05
1091 1091 1315.95967213
1092 1092 7.51436441847e-05
1093 1093 1.89088620772e-05
1094 1094 5.11775239907e-07
1095 1095 6.2910341517e-05
1096 1096 3003.50644991
1097 1097 2.72914128227e-05
1098 1098 7.10904768567e-05
1099 1099 5612.05192641
1100 1100 3.50384397556e-05
1101 1101 5.61730864767e-05
1102 1102 2.64241570341e-06
1103 1103 2508.10161739
1104 1104 8.93796172962e-05
1105 1105 3.50543644567e-05
1106 1106 4.34326741355e-05
1107 1107 6.79608370636e-05
1108 1108 2.74786403722e-05
1109 1109 1.1398535498e-05
1110 1110 4.63541597982e-05
1111 1111 5.20548008885e-05
1112 1112 3.93322445258e-05
1113 1113 1715.94236786
1114 1114 3.48003406115e-05
1115 1115 1.35562681106e-05
1116 1116 9.65553663591e-05
1117 1117 5.46932288866e-05
1118 1118 3.08570947033e-05
1119 1119 1.54379863036e-05
1120 1120 989.511387467
1121 1121 3.98926907707e-05
1122 1122 5.0656893374e-05
1123 1123 5.53746979768e-05
1124 1124 2.11549506656e-05
1125 1125 3079.31698429
1126 1126 5.92151068704e-05
1127 1127 2806.93944707
1128 1128 2797.34371824
1129 1129 9.67547237163e-05
1130 1130 5.85657193875e-05
1131 1131 6.86818495758e-05
1132 1132 9.98160799545e-05
1133 1133 9.66600433881e-05
1134 1134 4747.9282002
1135 1135 4372.54597959
1136 1136 8.29855760967e-06
1137 1137 6.79670589981e-05
1138 1138 1.51582015021e-05
1139 1139 2.65838883825e-05
1140 1140 2.23780385875e-05
1141 1141 4299.04840906
1142 1142 524.866455706
1143 1143 4.6606618579e-05
1144 1144 8.55848701868e-05
1145 1145 6.7044625626e-05
1146 1146 2.91733490161e-05
1147 1147 8.88028230589e-06
1148 1148 6.88972108729e-05
1149 1149 8.13988585101e-05
1150 1150 4.89486757624e-05
1151 1151 3950.68731093
1152 1152 2.01337358818e-05
1153 1153 1344.35018908
1154 1154 6.61980024614e-05
1155 1155 4.23464325538e-05
1156 1156 16.4017831618
1157 1157 2.27340359554e-05
1158 1158 9.13313704573e-05
1159 1159 1.6621551734e-05
1160 1160 4303.01344341
1161 1161 9.06447644378e-05
1162 1162 1.99320597236e-05
1163 1163 4.73934764117e-05
1164 1164 8.06237605214e-05
1165 1165 8.16128358812e-05
1166 1166 5432.27702585
1167 1167 4556.61755365
1168 1168 7.609941308e-05
1169 1169 1.53249633418e-05
1170 1170 2.35784068459e-05
1171 1171 1.25740091543e-05
1172 1172 3103.50303467
1173 1173 4.4910512139e-05
1174 1174 3.85310540687e-05
1175 1175 4481.01645397
1176 1176 387.540090523
1177 1177 1.36564015759e-05
1178 1178 2471.1984488
1179 1179 169.683208917
1180 1180 9.18063613179e-05
1181 1181 2.66237730274e-05
1182 1182 6.66235912538e-05
1183 1183 2910.8602829
1184 1184 9.34423505027e-05
1185 1185 1459.25659584
1186 1186 1279.2987523
1187 1187 2539.46381675
1188 1188 2.19172084841e-05
1189 1189 2.92752826096e-06
1190 1190 4.11697714048e-05
1191 1191 681.535281702
1192 1192 2699.72334413
1193 1193 5.77353995406e-05
1194 1194 4587.36215558
1195 1195 1.59144331086e-05
1196 1196 3.71367911714e-05
1197 1197 8.19499197056e-05
1198 1198 7.84891884151e-05
1199 1199 6.82842156459e-05
1200 1200 6.80030559467e-05
1201 1201 6.47118118834e-05
1202 1202 9.6296862763e-05
1203 1203 2.31590385844e-05
1204 1204 3652.51016511
1205 1205 1515.23824538
1206 1206 8.97351307766e-05
1207 1207 9.92774782968e-05
1208 1208 3612.20044803
1209 1209 7.71769266845e-05
1210 1210 7.60868182321e-05
1211 1211 8.96290623752e-05
1212 1212 2.51467346605e-05
1213 1213 2.37934419059e-05
1214 1214 7.29645972062e-06
1215 1215 3156.32953009
1216 1216 5.0893941014e-05
1217 1217 6.79396338834e-05
1218 1218 9.77089131952e-05
1219 1219 8.25347891502e-05
1220 1220 2.43965062791e-05
1221 1221 3.94166894608e-05
1222 1222 6.83552075154e-05
1223 1223 4498.67505415
1224 1224 3.82550225041e-05
1225 1225 4.03182813424e-05
1226 1226 3362.24510015
1227 1227 2632.3463635
1228 1228 4092.84447863
1229 1229 1646.5859448
1230 1230 2091.78143861
1231 1231 8.33073746226e-05
1232 1232 267.644093739
1233 1233 3070.54810782
1234 1234 8.13499297722e-05
1235 1235 7.11652973074e-05
1236 1236 613.710246092
1237 1237 1.88211397122e-05
1238 1238 4.63374529948e-05
1239 1239 9.98874748802e-05
1240 1240 6.30794888208e-05
1241 1241 2827.94982298
1242 1242 6.3188073476e-05
1243 1243 3.29231268502e-05
1244 1244 882.074828789
1245 1245 2.12116428458e-05
1246 1246 5493.47467058
1247 1247 9.81039590517e-05
1248 1248 7.97340006312e-05
1249 1249 2305.92578805
1250 1250 9.42560814103e-05
1251 1251 4268.86148757
1252 1252 6.65527603726e-05
1253 1253 1367.14094257
1254 1254 3.23823861778e-05
1255 1255 7.7325716925e-05
1256 1256 2.06206941383e-05
1257 1257 8.24185992332e-05
1258 1258 4.53260507594e-05
1259 1259 4.58816958898e-05
1260 1260 4.89377847145e-05
1261 1261 9.71405056156e-05
1262 1262 3.66679842774e-05
1263 1263 3.29756022208e-05
1264 1264 7.43322010713e-06
1265 1265 8.70032079619e-05
1266 1266 3.84760113043e-06
1267 1267 1.97172811716e-05
1268 1268 8.30033757087e-05
1269 1269 3.43120619784e-05
1270 1270 6.68172981332e-06
1271 1271 2.66503500244e-05
1272 1272 3.94387986649e-06
1273 1273 6.4556673807e-05
1274 1274 2.26372837165e-05
1275 1275 5263.95544429
1276 1276 8.15448818815e-06
1277 1277 3.38090869517e-05
1278 1278 3.45115665043e-05
1279 1279 3908.23637456
1280 1280 4124.4338997
1281 1281 4.20822804526e-05
1282 1282 7.37090605922e-05
1283 1283 7.46995871189e-05
1284 1284 8.94741859575e-05
1285 1285 3.96868134416e-05
1286 1286 5.94705878611e-06
1287 1287 5.33978962719e-05
1288 1288 6.92009540688e-05
1289 1289 2.2562620711e-05
1290 1290 6.35459413495e-05
1291 1291 5.21061930907e-05
1292 1292 5.50480947207e-05
1293 1293 2.38339120205e-05
1294 1294 2.14659059868e-05
1295 1295 1.44024477335e-06
1296 1296 5046.40346694
1297 1297 3.14280636693e-05
1298 1298 8.11093565282e-05
1299 1299 3.31152294359e-05
1300 1300 7.1984959518e-05
1301 1301 2619.33441544
1302 1302 2.02339211979e-05
1303 1303 5.75865005367e-05
1304 1304 266.522399724
1305 1305 5.61259781038e-05
1306 1306 5.39947757352e-05
1307 1307 7.84072925032e-05
1308 1308 4.13489196934e-05
1309 1309 4417.42647288
1310 1310 5.20102508437e-05
1311 1311 5.82328991919e-05
1312 1312 6.82497773988e-05
1313 1313 1.91795886475e-05
1314 1314 2.79587639493e-05
1315 1315 3963.77281003
1316 1316 9.91726745058e-05
1317 1317 7.49564555544e-06
1318 1318 2350.25121233
1319 1319 7.69180697769e-05
1320 1320 4283.63648409
1321 1321 8.36848525106e-05
1322 1322 1.82294526527e-05
1323 1323 4399.47012242
1324 1324 9.91348684823e-05
1325 1325 6.94298305252e-05
1326 1326 1.6425717022e-05
1327 1327 3.44941850757e-05
1328 1328 8.79280598379e-05
1329 1329 6.27523905107e-05
1330 1330 4.64553131892e-05
1331 1331 5.98338879753e-05
1332 1332 600.756572664
1333 1333 2.00787656199e-05
1334 1334 2457.34571316
1335 1335 8.69575264352e-06
1336 1336 4.70851139542e-05
1337 1337 4830.063127
1338 1338 5275.79951596
1339 1339 9.73361131156e-05
1340 1340 6.25030861168e-05
1341 1341 1.10480141318e-05
1342 1342 1.35676914435e-05
1343 1343 5.3609564331e-05
1344 1344 2.59701977265e-05
1345 1345 4785.15823366
1346 1346 7.72370392582e-05
1347 1347 7.43915046354e-05
1348 1348 4.52830771811e-05
1349 1349 3.55125148702e-05
1350 1350 2861.75534219
1351 1351 4070.73512972
1352 1352 2.17872613162e-05
1353 1353 2.13104154103e-05
1354 1354 7.54851962783e-05
1355 1355 4.4698117643e-05
1356 1356 7.32083219642e-05
1357 1357 3.74254568961e-05
1358 1358 2.69539795979e-05
1359 1359 7.7028354534e-07
1360 1360 8.50500527952e-05
1361 1361 3906.52140603
1362 1362 6.77963312298e-05
1363 1363 5260.82254018
1364 1364 5450.48443351
1365 1365 4.55100766992e-05
1366 1366 3.50692019948e-06
1367 1367 8.1064297372e-05
1368 1368 1.32666647985e-05
1369 1369 6.73876639421e-05
1370 1370 3672.58184179
1371 1371 3.45913368393e-05
1372 1372 7.08006543942e-05
1373 1373 8.52727701413e-05
1374 1374 2.51659198241e-05
1375 1375 731.394111391
1376 1376 1.67055558412e-05
1377 1377 7.8831255753e-05
1378 1378 5.14898467589e-05
1379 1379 6.88334730028e-05
1380 1380 1.77755600212e-05
1381 1381 4.58126619669e-05
1382 1382 9.35564985569e-05
1383 1383 2.00785002594e-05
1384 1384 3.48441093675e-05
1385 1385 4.62022368318e-05
1386 1386 5.30370795751e-06
1387 1387 5.58617113147e-05
1388 1388 7.36718663843e-05
1389 1389 1.167407047e-05
1390 1390 3.64677536415e-05
1391 1391 7.11144095245e-05
1392 1392 5.14990513931e-05
1393 1393 2.75373680247e-05
1394 1394 5.72952861256e-05
1395 1395 7.66646693417e-05
1396 1396 7.29344090777e-06
1397 1397 500.003326179
1398 1398 2.63221040128e-05
1399 1399 9.08907918542e-05
1400 1400 8.30570272893e-05
1401 1401 8.77326272871e-05
1402 1402 9.00774825272e-05
1403 1403 5.72718609286e-05
1404 1404 9.17606812524e-05
1405 1405 3.97253805365e-05
1406 1406 3.2919953035e-05
1407 1407 6.60697441511e-05
1408 1408 8.43791323423e-05
1409 1409 1733.34505716
1410 1410 9.39587709572e-05
1411 1411 5237.62016838
1412 1412 4280.12991658
1413 1413 8.22682583059e-05
1414 1414 234.128450827
1415 1415 2.95367854738e-05
1416 1416 4584.70493619
1417 1417 1.68009117085e-05
1418 1418 8.17863261126e-05
1419 1419 5.86306784553e-05
1420 1420 5.83638248162e-05
1421 1421 1748.97261197
1422 1422 3.94521750733e-05
1423 1423 535.308698863
1424 1424 1415.49519274
1425 1425 8.88108330459e-05
1426 1426 4.40054197077e-06
1427 1427 5.07168661863e-05
1428 1428 8.79172612162e-05
1429 1429 9.07601940824e-05
1430 1430 2.75281372859e-05
1431 1431 9.75486417002e-05
1432 1432 8.19529122888e-05
1433 1433 2.24376428195e-05
1434 1434 4923.38456999
1435 1435 9.74399263071e-05
1436 1436 7.42231104653e-05
1437 1437 6.00409642574e-05
1438 1438 3884.26052244
1439 1439 3706.65508213
1440 1440 720.887369669
1441 1441 3.43700364155e-05
1442 1442 7.87407594989e-05
1443 1443 4678.51776301
1444 1444 2.12286423818e-06
1445 1445 2849.14972042
1446 1446 8.55679986281e-05
1447 1447 9.83950577815e-05
1448 1448 5069.02183773
1449 1449 5.29652277334e-05
1450 1450 7.58958655943e-05
1451 1451 2.3064648441e-05
1452 1452 6.40979835082e-05
1453 1453 8.12777389152e-05
1454 1454 1.56457496853e-05
1455 1455 1.92600809363e-05
1456 1456 2.32175203129e-05
1457 1457 9.57425951738e-05
1458 1458 6.9156931368e-05
1459 1459 2.82225197883e-05
1460 1460 5.99185345472e-05
1461 1461 7.02982918135e-05
1462 1462 8.16751192751e-05
1463 1463 177.168370441
1464 1464 4962.70904992
1465 1465 9.54888422395e-05
1466 1466 8.46427516745e-05
1467 1467 3.43112197193e-05
1468 1468 3.65112744524e-05
1469 1469 2942.79333067
1470 1470 5.91054084336e-05
1471 1471 1.01187603357e-05
1472 1472 9.93114664541e-05
1473 1473 4871.39033155
1474 1474 5302.0329861
1475 1475 6.069722921e-05
1476 1476 6.27694374504e-05
1477 1477 7.20132161189e-05
1478 1478 9.35440362831e-05
1479 1479 6.12252010801e-05
1480 1480 9.81874675693e-05
1481 1481 9.20485763891e-05
1482 1482 208.580349002
1483 1483 277.477694069
1484 1484 7.5551911797e-05
1485 1485 7.18439677129e-05
1486 1486 5452.31381384
1487 1487 3752.31607009
1488 1488 3248.02417014
1489 1489 8.25884404966e-05
1490 1490 8.84723078187e-05
1491 1491 9.8991273761e-05
1492 1492 2.07319441444e-05
1493 1493 8.55268351018e-05
1494 1494 4.1717370118e-05
1495 1495 7.55444412841e-05
1496 1496 1.46974218487e-06
1497 1497 3655.41968669
1498 1498 7.97563544389e-05
1499 1499 5.80787781256e-05
1500 1500 1011.66711048
1501 1501 5171.92261943
1502 1502 6.95253529148e-05
1503 1503 816.732236122
1504 1504 4767.33986619
1505 1505 3.42605506525e-05
1506 1506 1201.37331777
1507 1507 2629.79397249
1508 1508 7.40687459983e-06
1509 1509 6.23487577692e-05
1510 1510 9.25760919515e-05
1511 1511 9.22383482224e-05
1512 1512 6.29156487068e-05
1513 1513 5.26563805797e-05
1514 1514 3.33830542993e-05
1515 1515 3497.37683578
1516 1516 9.426179213e-05
1517 1517 8.36109818482e-05
1518 1518 5.65720162804e-06
1519 1519 3.66352546248e-05
1520 1520 3078.44265975
1521 1521 4.1732891002e-05
1522 1522 5.51956700971e-05
1523 1523 3280.99333662
1524 1524 4.81611238987e-06
1525 1525 6.86422139231e-05
1526 1526 9.99372650187e-05
1527 1527 9.51806352749e-05
1528 1528 4517.15137896
1529 1529 8.81147306614e-05
1530 1530 2851.77109613
1531 1531 2046.52231781
1532 1532 2232.44417534
1533 1533 235.365521402
1534 1534 4393.15156537
1535 1535 1.55493257819e-05
1536 1536 8.64995707531e-05
1537 1537 5.34836190025e-05
1538 1538 4.09692751006e-05
1539 1539 76.0055062924
1540 1540 8.19364859917e-05
1541 1541 3536.49947795
1542 1542 7.67892690598e-05
1543 1543 4.54687501348e-05
1544 1544 2734.48254971
1545 1545 4319.56744069
1546 1546 5.23983677782e-06
1547 1547 8.89977366888e-06
1548 1548 8.89001086147e-05
1549 1549 1660.40964709
1550 1550 3.07062226342e-05
1551 1551 6.8008111957e-05
1552 1552 6.84963974026e-05
1553 1553 6.67516369377e-05
1554 1554 9.2184555586e-05
1555 1555 5389.10671234
1556 1556 9.2034406799e-05
1557 1557 7.37887585441e-05
1558 1558 9.38548278189e-05
1559 1559 5.26074943568e-05
1560 1560 3.9718555913e-05
1561 1561 6.40155018912e-05
1562 1562 1912.50551333
1563 1563 8.30038939875e-05
1564 1564 3.38266970546e-05
1565 1565 5.67283789096e-05
1566 1566 2.03716763167e-05
1567 1567 1413.5173666
1568 1568 2774.09754394
1569 1569 6.2451591666e-05
1570 1570 1909.61046807
1571 1571 4.83509907874e-05
1572 1572 6.38816385566e-05
1573 1573 2.34667836249e-05
1574 1574 489.669532316
1575 1575 8.64617505076e-05
1576 1576 5.95570995218e-05
1577 1577 5.55301219408e-05
1578 1578 1.38534966778e-06
1579 1579 1.55798016635e-05
1580 1580 441.621021386
1581 1581 6.59540761974e-06
1582 1582 3.89939469578e-05
1583 1583 1.16391602637e-05
1584 1584 3.87491234796e-05
1585 1585 9.64416060917e-05
1586 1586 6.46647165389e-05
1587 1587 1174.01791865
1588 1588 2.04721395444e-05
1589 1589 3508.78261848
1590 1590 7.44902840235e-05
1591 1591 2700.15336509
1592 1592 2769.67472583
1593 1593 9.73548244577e-05
1594 1594 68.0398474794
1595 1595 2218.39885594
1596 1596 8.43486232662e-05
1597 1597 8.54695385582e-05
1598 1598 2.03927051588e-06
1599 1599 9.58688142575e-05
1600 1600 4.65339092665e-05
1601 1601 4.67828670061e-05
1602 1602 2412.93870422
1603 1603 4.00451854089e-05
1604 1604 3529.82409363
1605 1605 7.45172908895e-05
1606 1606 3.69642907923e-05
1607 1607 6.28090129045e-05
1608 1608 8.43473815363e-05
1609 1609 3.57319474513e-05
1610 1610 4250.97415282
1611 1611 4.98200746182e-05
1612 1612 5181.14660814
1613 1613 7.96373158129e-05
1614 1614 3.45781827952e-05
1615 1615 3.73397764634e-05
1616 1616 1.73510114296e-05
1617 1617 3.28234198532e-05
1618 1618 2.0491440028e-06
1619 1619 8.22382574463e-05
1620 1620 2.84183430265e-05
1621 1621 2.04941229458e-05
1622 1622 2.00554851753e-06
1623 1623 8.73174576029e-05
1624 1624 2.21090359446e-05
1625 1625 4002.84579732
1626 1626 9.59204801149e-05
1627 1627 638.065944353
1628 1628 7.47220246129e-05
1629 1629 2.29356723204e-05
1630 1630 3.95996881044e-05
1631 1631 7.62950202865e-05
1632 1632 3.17159311225e-05
1633 1633 8.48346145063e-05
1634 1634 8.25891757555e-05
1635 1635 7.70502444067e-05
1636 1636 4.35944891317e-05
1637 1637 3011.59038837
1638 1638 9.85564646572e-05
1639 1639 1464.56334322
1640 1640 3.74231870642e-05
1641 1641 2.74075169989e-05
1642 1642 4.1740088916e-05
1643 1643 2.19518876917e-05
1644 1644 4.10870703514e-05
1645 1645 4.00507088766e-05
1646 1646 3.46916457354e-06
1647 1647 9.66583697631e-06
1648 1648 7.86822039017e-05
1649 1649 4552.52433737
1650 1650 2.9727553068e-05
1651 1651 3.39090032874e-05
1652 1652 6.73595455483e-05
1653 1653 5.81746444097e-05
1654 1654 2.38350708763e-05
1655 1655 5.61803045954e-05
1656 1656 9.04328507422e-05
1657 1657 5476.99079397
1658 1658 6.59643436736e-05
1659 1659 3.78199188925e-05
1660 1660 7.31424261541e-05
1661 1661 4.40868034966e-05
1662 1662 4.40155973037e-06
1663 1663 8.41667030966e-05
1664 1664 2.73564449984e-05
1665 1665 3713.61420822
1666 1666 5.35280677341e-05
1667 1667 8.64249693059e-06
1668 1668 8.78981164959e-05
1669 1669 2.33574660742e-05
1670 1670 3.96023488047e-05
1671 1671 9.47965426685e-05
1672 1672 4.76797406982e-05
1673 1673 4697.9982217
1674 1674 2.99677215123e-05
1675 1675 4.65828898708e-05
1676 1676 6.14586818147e-05
1677 1677 2.9672782265e-05
1678 1678 2.35674965528e-05
1679 1679 3.70164538275e-05
1680 1680 4665.07537052
1681 1681 2.36479740304e-05
1682 1682 6.34036890903e-05
1683 1683 8.57691056656e-05
1684 1684 538.011310692
1685 1685 5.53708171039e-05
1686 1686 9.69974476887e-05
1687 1687 6.8287101025e-05
1688 1688 9.2667097314e-05
1689 1689 2.32990494882e-05
1690 1690 9.99398783058e-05
1691 1691 8.6736353142e-05
1692 1692 3.20437742736e-05
1693 1693 2.01826190799e-05
1694 1694 9.72560508026e-05
1695 1695 3.21852810676e-05
1696 1696 6.13287231611e-05
1697 1697 3088.68448084
1698 1698 3.52505587117e-06
1699 1699 2864.14952531
1700 1700 3152.48674073
1701 1701 319.864448687
1702 1702 3.69966096463e-05
1703 1703 1.15076572747e-05
1704 1704 5.64283221389e-05
1705 1705 2.70144299801e-05
1706 1706 1.2936687051e-05
1707 1707 305.286081583
1708 1708 3384.39530585
1709 1709 5.45230263966e-05
1710 1710 9.86913855556e-05
1711 1711 8.00843098775e-05
1712 1712 1.36068052763e-05
1713 1713 2.98518750877e-06
1714 1714 5.22989459168e-05
1715 1715 8.17269966685e-05
1716 1716 7.32219001028e-05
1717 1717 9.01420983622e-05
1718 1718 2.91608557788e-05
1719 1719 6.30277713239e-05
1720 1720 6.27432207739e-05
1721 1721 7.07741150496e-05
1722 1722 286.786628016
1723 1723 2.92710903468e-05
1724 1724 7.46291257443e-06
1725 1725 2.43657719171e-05
1726 1726 5.71441563835e-05
1727 1727 4.50338989034e-05
1728 1728 3.6132852605e-05
1729 1729 1.475858299e-05
1730 1730 4.28947134122e-06
1731 1731 3032.23133995
1732 1732 8.58784440331e-05
1733 1733 2.33247582729e-06
1734 1734 7.95242371171e-05
1735 1735 2.34704393844e-05
1736 1736 8.49789817411e-05
1737 1737 6.0559901459e-05
1738 1738 4.60070909419e-06
1739 1739 4.51725443588e-05
1740 1740 7.027191309e-05
1741 1741 7.66273761812e-05
1742 1742 3893.34691611
1743 1743 8.31235234376e-05
1744 1744 3.1125938677e-05
1745 1745 5.81014504235e-05
1746 1746 3.72023297146e-05
1747 1747 3519.2074037
1748 1748 9.61976502852e-05
1749 1749 9.59851332419e-05
1750 1750 6.11059452286e-06
1751 1751 5.37380059292e-05
1752 1752 3.76844903544e-05
1753 1753 6.22524899703e-05
1754 1754 6.10349467389e-06
1755 1755 4.90952757639e-05
1756 1756 7.94875466756e-06
1757 1757 1129.09914818
1758 1758 5.88289317498e-05
1759 1759 9.44212223123e-05
1760 1760 1599.22933948
1761 1761 5.71661280676e-05
1762 1762 3.0652494312e-05
1763 1763 1.84869959466e-05
1764 1764 510.301638165
1765 1765 8.33075339834e-05
1766 1766 1635.49849576
1767 1767 3086.60423966
1768 1768 5.77506444913e-05
1769 1769 4.16105841135e-05
1770 1770 3750.57813407
1771 1771 815.131898954
1772 1772 1.23274675975e-05
1773 1773 3093.86337721
1774 1774 7.59543448625e-05
1775 1775 7.45449858151e-05
1776 1776 8.07025073574e-05
1777 1777 5.31553559182e-05
1778 1778 8.20709176471e-05
1779 1779 7.18925548117e-05
1780 1780 9.12439794441e-05
1781 1781 7.47718369578e-05
1782 1782 6.61842145882e-05
1783 1783 3166.67038962
1784 1784 7.74018070499e-05
1785 1785 5.62834817476e-05
1786 1786 3.71156639319e-05
1787 1787 4.44089612019e-05
1788 1788 1075.75459163
1789 1789 3.90916120898e-05
1790 1790 2.5383226159e-05
1791 1791 608.77598987
1792 1792 6.65177166416e-05
1793 1793 6.50588760341e-05
1794 1794 3.79690572881e-05
1795 1795 9.51529226782e-06
1796 1796 1120.71385745
1797 1797 1.76556761745e-05
1798 1798 8.33221773388e-05
1799 1799 3.62591454408e-05
1800 1800 9.99863383615e-05
1801 1801 4.99983564176e-05
1802 1802 5386.27356724
1803 1803 4.54788752899e-05
1804 1804 3.68843234866e-05
1805 1805 2.34692058339e-05
1806 1806 1.31337867267e-05
1807 1807 9.78803435707e-05
1808 1808 3.0289732576e-06
1809 1809 7.114933469e-05
1810 1810 2.69621137252e-05
1811 1811 563.278741061
1812 1812 5049.2277302
1813 1813 4345.46018262
1814 1814 7.61053928537e-05
1815 1815 9.51104389704e-05
1816 1816 1.38924574906e-05
1817 1817 5346.43665048
1818 1818 8.06789281305e-05
1819 1819 7.62274630583e-05
1820 1820 644.160453959
1821 1821 6.66113245683e-05
1822 1822 596.870598114
1823 1823 1.47049789841e-07
1824 1824 4475.57001473
1825 1825 2.96229309602e-05
1826 1826 9.44107732925e-05
1827 1827 5.37513359458e-05
1828 1828 954.809351442
1829 1829 1.68677051966e-05
1830 1830 2.70865450813e-05
1831 1831 4.67979485438e-05
1832 1832 8.76660774335e-05
1833 1833 7.78896122371e-05
1834 1834 1.86712396384e-05
1835 1835 3279.35120706
1836 1836 2054.67090185
1837 1837 6.24340412558e-05
1838 1838 6.58197794454e-05
1839 1839 3.06006858386e-05
1840 1840 2545.15459228
1841 1841 2.64344131058e-06
1842 1842 49.4672260257
1843 1843 9.99487938607e-05
1844 1844 99.7147371395
1845 1845 1.95623965497e-05
1846 1846 4.04095983692e-05
1847 1847 5370.00767275
1848 1848 1.29118003246e-05
1849 1849 1.51683853438e-05
1850 1850 7.1035001956e-06
1851 1851 6.36178822677e-06
1852 1852 8.53454688971e-05
1853 1853 3.40048130288e-05
1854 1854 3.30988663916e-05
1855 1855 4155.4220806
1856 1856 2.18897716701e-07
1857 1857 9.67130146699e-05
1858 1858 9.75679704541e-05
1859 1859 1.83321485461e-05
1860 1860 3743.86042359
1861 1861 2500.94436666
1862 1862 8.32112264873e-05
1863 1863 6.86509902817e-05
1864 1864 8.31790498262e-05
1865 1865 2.4933430911e-05
1866 1866 4.03456808163e-06
1867 1867 4.46831672001e-05
1868 1868 3318.14650312
1869 1869 2792.66117966
1870 1870 4500.57106392
1871 1871 2956.31256236
1872 1872 2996.12197845
1873 1873 4.2463781521e-05
1874 1874 1.32036585855e-05
1875 1875 9.62377244624e-05
1876 1876 6.66854428682e-05
1877 1877 6.87667971095e-05
1878 1878 2.12914473189e-05
1879 1879 2319.45406163
1880 1880 8.3343669763e-05
1881 1881 3.17433107419e-05
1882 1882 8.78941817155e-05
1883 1883 9.11953545582e-05
1884 1884 2.13197564498e-05
1885 1885 6.41099418203e-05
1886 1886 4412.71138035
1887 1887 2496.13742109
1888 1888 6.31670558506e-05
1889 1889 7.41551844482e-05
1890 1890 5.54593562129e-05
1891 1891 7.19277749552e-05
1892 1892 2.90954372064e-05
1893 1893 8.27498961138e-06
1894 1894 9.22755594828e-05
1895 1895 9.65599139014e-05
1896 1896 2.1343802042e-05
1897 1897 5.23689082029e-05
1898 1898 3.85261771175e-05
1899 1899 6.16388332837e-05
1900 1900 3.42080735069e-05
1901 1901 6.88914001196e-05
1902 1902 2.54130144888e-05
1903 1903 2.18872800592e-05
1904 1904 9.16427101413e-05
1905 1905 9.61810454456e-05
1906 1906 9.35430910127e-05
1907 1907 6.98664660491e-05
1908 1908 3.98166246259e-05
1909 1909 2199.82917868
1910 1910 4.0724306781e-05
1911 1911 3168.45962457
1912 1912 6.21504187613e-05
1913 1913 8.91203834183e-05
1914 1914 9.00347470051e-05
1915 1915 2004.35705733
1916 1916 1.58342889593e-05
1917 1917 6.72968962873e-05
1918 1918 5.08817013345e-05
1919 1919 4.58963548957e-05
1920 1920 3597.47047544
1921 1921 1746.79577766
1922 1922 893.968731442
1923 1923 9.91623635513e-05
1924 1924 6.20390722165e-05
1925 1925 5.25850158658e-05
1926 1926 2119.36912911
1927 1927 4840.87868201
1928 1928 1.57484374926e-05
1929 1929 8.37591103394e-05
1930 1930 1738.25020441
1931 1931 824.560075596
1932 1932 3.79507426825e-05
1933 1933 2.15228003624e-06
1934 1934 501.510692536
1935 1935 8.75321040408e-05
1936 1936 3.42297195477e-05
1937 1937 3.55786782483e-05
1938 1938 5094.06836023
1939 1939 2.03329570065e-05
1940 1940 9.96364449457e-05
1941 1941 2.51916969368e-05
1942 1942 5.32629809203e-05
1943 1943 4.45526676252e-05
1944 1944 7.57622453008e-05
1945 1945 9.35174023336e-05
1946 1946 8.82362828199e-05
1947 1947 2660.66799981
1948 1948 1912.96225217
1949 1949 5150.35906375
1950 1950 9.96826078253e-05
1951 1951 9.43693485422e-05
1952 1952 4.68141913931e-05
1953 1953 6.44420707806e-06
1954 1954 2.4970049655e-05
1955 1955 1.59581665698e-05
1956 1956 4.38553786042e-05
1957 1957 438.637184402
1958 1958 5.76559041407e-05
1959 1959 2.01057338007e-05
1960 1960 8.65164876451e-05
1961 1961 1.08363873483e-05
1962 1962 9.84489097818e-05
1963 1963 4.64200546124e-05
1964 1964 2.9134398085e-05
1965 1965 4.47998931696e-05
1966 1966 8.14222971741e-05
1967 1967 4.73993916657e-05
1968 1968 4.02053274092e-05
1969 1969 3613.40968749
1970 1970 8.8527240559e-05
1971 1971 5505.2562508
1972 1972 4.5259559395e-05
1973 1973 9.67479272342e-06
1974 1974 9.61092698894e-06
1975 1975 9.44169851308e-05
1976 1976 4.53539484604e-05
1977 1977 3.91774253464e-05
1978 1978 6.96219580779e-05
1979 1979 3.32035837534e-05
1980 1980 6.10947547408e-05
1981 1981 5.64961836537e-05
1982 1982 7.82124527329e-05
1983 1983 7.7644934278e-05
1984 1984 6.71925392249e-05
1985 1985 9.5785015059e-05
1986 1986 2405.70996826
1987 1987 5210.08330408
1988 1988 3877.52364962
1989 1989 2.5306134022e-05
1990 1990 2.35290056841e-05
1991 1991 3.41371064591e-05
1992 1992 2.73191561038e-05
1993 1993 1.75891592961e-06
1994 1994 8.09593228102e-05
1995 1995 2.83503257715e-05
1996 1996 5.81211395846e-05
1997 1997 1372.59356151
1998 1998 4.28149966719e-05
1999 1999 2.65385374053e-05
2000 2000 2.75436669858e-05
2001 2001 9.44761208055e-05
2002 2002 8.62311170284e-06
2003 2003 1.26862842029e-05
2004 2004 849.289042121
2005 2005 5256.31504699
2006 2006 9.89915349202e-05
2007 2007 1.20551068554e-05
2008 2008 5486.1311841
2009 2009 3633.09701152
2010 2010 3.37712334795e-05
2011 2011 4.21276888168e-06
2012 2012 1.80853710155e-05
2013 2013 6.92712812366e-05
2014 2014 9.12072343271e-05
2015 2015 8.51004675124e-05
2016 2016 4.23069537788e-06
2017 2017 3200.09777622
2018 2018 9.56365299684e-05
2019 2019 1.49403322928e-05
2020 2020 5.44051852257e-05
2021 2021 4.95586122145e-05
2022 2022 9.66615084023e-05
2023 2023 5.10083305828e-05
2024 2024 9.19092761816e-05
2025 2025 2.6295952603e-05
2026 2026 3510.85170276
2027 2027 7.650043363e-05
2028 2028 2107.20771867
2029 2029 1.97732040053e-05
2030 2030 3.20112458802e-05
2031 2031 879.148516236
2032 2032 7.68073974701e-05
2033 2033 8.13631786002e-06
2034 2034 7.74178710794e-05
2035 2035 6.11004943453e-05
2036 2036 2.68215807864e-05
2037 2037 5508.66016837
2038 2038 5.86606548522e-05
2039 2039 1.01587424353e-05
2040 2040 1595.16638384
2041 2041 2950.07781349
2042 2042 5.75079958419e-05
2043 2043 6.82085299811e-05
2044 2044 9.86088567992e-05
2045 2045 5.2147350878e-05
2046 2046 4411.51208347
2047 2047 2551.44074868
2048 2048 1.09940442192e-05
2049 2049 3.12509225916e-05
2050 2050 2.79512669824e-06
2051 2051 1.11776215855e-05
2052 2052 3027.24105615
2053 2053 9.2954222737e-05
2054 2054 4.55329066455e-05
2055 2055 1.56418978857e-05
2056 2056 4483.75390748
2057 2057 4953.35983573
2058 2058 3.29016964778e-06
2059 2059 3.42057544338e-05
2060 2060 8.58957828543e-05
2061 2061 3.3690172547e-05
2062 2062 4.19304645275e-05
2063 2063 1.84040583066e-05
2064 2064 8.37173210361e-05
2065 2065 7.41191837092e-05
2066 2066 6.29714592715e-05
2067 2067 5376.6613362
2068 2068 302.537998693
2069 2069 1.2790078448e-05
2070 2070 8.74628607142e-05
2071 2071 4.46665830552e-05
2072 2072 7.89398184463e-05
2073 2073 3.19866974839e-05
2074 2074 4.23522584474e-06
2075 2075 5541.53076441
2076 2076 1.00342597592e-05
2077 2077 7.65639467962e-05
2078 2078 1.58603683972e-05
2079 2079 323.362234716
2080 2080 8.79123687732e-06
2081 2081 3778.56272855
2082 2082 3859.63715232
2083 2083 8.03271354144e-06
2084 2084 1.66666138626e-05
2085 2085 1.30246486873e-06
2086 2086 239.871411351
2087 2087 1693.26628562
2088 2088 1.31898301446e-05
2089 2089 4524.18355573
2090 2090 5193.48856589
2091 2091 1.11726764531e-05
2092 2092 2.61418018799e-05
2093 2093 9.46268195802e-05
2094 2094 7.01566865353e-05
2095 2095 1.72575038315e-05
2096 2096 5.02708574559e-05
2097 2097 5.90773626639e-05
2098 2098 441.456412711
2099 2099 5.85660693037e-05
2100 2100 6.67261856757e-05
2101 2101 7.91459834418e-06
2102 2102 3.38629038386e-05
2103 2103 5.26567284659e-05
2104 2104 5.5964551613e-05
2105 2105 6.55313225228e-05
2106 2106 1711.96311516
2107 2107 2.40048652358e-05
2108 2108 5.36585733902e-05
2109 2109 3029.1569484
2110 2110 1.82366438966e-05
2111 2111 4194.55747569
2112 2112 4247.93490783
2113 2113 489.569442512
2114 2114 3.85845660186e-05
2115 2115 4.24363240443e-05
2116 2116 2.61577848376e-05
2117 2117 2846.8633442
2118 2118 2.57318475677e-05
2119 2119 7.42255803576e-06
2120 2120 4.10426801455e-05
2121 2121 6.28173000677e-05
2122 2122 2.37206224352e-06
2123 2123 9.0271262865e-05
2124 2124 2.30962409221e-05
2125 2125 2963.18204764
2126 2126 3.47138766209e-05
2127 2127 3701.15619352
2128 2128 4.19914197893e-05
2129 2129 5.89115299432e-05
2130 2130 2.66775713022e-05
2131 2131 7.32522417373e-05
2132 2132 4986.37175476
2133 2133 5.97601459331e-05
2134 2134 1755.33306173
2135 2135 6.46448495842e-05
2136 2136 3980.54841134
2137 2137 7.56464496389e-05
2138 2138 9.13119531754e-05
2139 2139 1.75511290715e-05
2140 2140 7.00962109231e-05
2141 2141 5.5272562671e-05
2142 2142 7.0435331889e-05
2143 2143 2716.31198014
2144 2144 9.87232172359e-05
2145 2145 3.15227494494e-05
2146 2146 7.05507150341e-05
2147 2147 7.19316330623e-05
2148 2148 6.22983539912e-05
2149 2149 3.77612626374e-05
2150 2150 8.08728147753e-05
2151 2151 1.55901027468e-05
2152 2152 1.64443099685e-05
2153 2153 3.91738913072e-05
2154 2154 1.88662632092e-05
2155 2155 2.99836806708e-05
2156 2156 8.09641097595e-05
2157 2157 8.36677655328e-05
2158 2158 7.71840577192e-05
2159 2159 9.88794680155e-05
2160 2160 3.22612352027e-05
2161 2161 6.80829820423e-05
2162 2162 9.61974146421e-05
2163 2163 2.62411825233e-05
2164 2164 9.5000164375e-05
2165 2165 1.90520618469e-05
2166 2166 8.93969058258e-05
2167 2167 5522.90507269
2168 2168 3710.36847881
2169 2169 8.50709550695e-05
2170 2170 6.14542631711e-05
2171 2171 3.88964714053e-05
2172 2172 9.59843852504e-05
2173 2173 3.06816575327e-05
2174 2174 1.10478289961e-05
2175 2175 4.02176571986e-05
2176 2176 234.141653748
2177 2177 4603.48226677
2178 2178 4.02036214335e-05
2179 2179 8.21255773678e-05
2180 2180 7.43725193271e-05
2181 2181 6.21555518488e-05
2182 2182 2449.6426919
2183 2183 3.36186211421e-05
2184 2184 4103.03682436
2185 2185 5.83758725025e-05
2186 2186 5.41333283281e-05
2187 2187 6.15890747615e-05
2188 2188 6.43655137211e-05
2189 2189 3950.80235826
2190 2190 4665.26459886
2191 2191 5563.92059086
2192 2192 6.8874381333e-05
2193 2193 7.28683078748e-05
2194 2194 6.26394062378e-05
2195 2195 1.71443934545e-05
2196 2196 4067.991998
2197 2197 1768.22287552
2198 2198 319.408354725
2199 2199 3.79177555056e-05
2200 2200 2.35385350348e-05
2201 2201 5548.65056166
2202 2202 7.28362313945e-05
2203 2203 2.07881561002e-05
2204 2204 4.30574661138e-05
2205 2205 9.61483164513e-05
2206 2206 3674.91139747
2207 2207 8.17620793962e-05
2208 2208 2.68963788114e-05
2209 2209 9.54523723659e-05
2210 2210 1906.37943478
2211 2211 9.12537840401e-05
2212 2212 2.36089166553e-05
2213 2213 4.90927903656e-05
2214 2214 3379.13000291
2215 2215 5.45531251808e-05
2216 2216 6.15468239329e-05
2217 2217 5.34308306513e-06
2218 2218 1.69324746313e-06
2219 2219 7.86120468997e-05
2220 2220 3911.14173615
2221 2221 7.0721233919e-05
2222 2222 1452.65673295
2223 2223 3867.05612198
2224 2224 5.53042791232e-05
2225 2225 9.11397992857e-06
2226 2226 8.09269261839e-05
2227 2227 5.82013378103e-05
2228 2228 9.85718241849e-05
2229 2229 2.81364792011e-05
2230 2230 5.01695948648e-05
2231 2231 2.70472345876e-05
2232 2232 3.14775752699e-05
2233 2233 2.95930704891e-05
2234 2234 5.35541629899e-05
2235 2235 8.71377671344e-05
2236 2236 8.91892392887e-05
2237 2237 9.02554747863e-05
2238 2238 6.99536885782e-05
2239 2239 8.91350306229e-05
2240 2240 6.81719030306e-05
2241 2241 4626.10849044
2242 2242 6.63927762228e-05
2243 2243 4.56240734807e-05
2244 2244 5.38042382333e-05
2245 2245 5.77322320885e-05
2246 2246 4.48429715501e-05
2247 2247 285.234109998
2248 2248 9.34008560575e-05
2249 2249 3.11900091843e-05
2250 2250 7.10792620716e-05
2251 2251 4511.51450838
2252 2252 7.20436480432e-05
2253 2253 2.20585872138e-05
2254 2254 8.43755932347e-05
2255 2255 5295.43217217
2256 2256 9.11406065535e-05
2257 2257 4979.42667333
2258 2258 3.56456630987e-05
2259 2259 1.90779887005e-05
2260 2260 3.47256415517e-05
2261 2261 8.6536630224e-06
2262 2262 9.95287581465e-05
2263 2263 7.18225245083e-05
2264 2264 8.05730392228e-05
2265 2265 2.30933632316e-05
2266 2266 4473.32209052
2267 2267 9.6304266418e-05
2268 2268 5.39644981915e-06
2269 2269 2.06856540421e-05
2270 2270 7.18882831046e-05
2271 2271 166.056921262
2272 2272 5.77506986666e-06
2273 2273 1064.02526887
2274 2274 810.082470895
2275 2275 3.65524808061e-05
2276 2276 284.853265663
2277 2277 5.18914735093e-05
2278 2278 528.247122396
2279 2279 2.72604783954e-05
2280 2280 1.23804663353e-05
2281 2281 4.77066755287e-05
2282 2282 5.1872712696e-05
2283 2283 2.91675194715e-05
2284 2284 8.33011556029e-05
2285 2285 1.05717617812e-05
2286 2286 9.78752306966e-06
2287 2287 3257.80943252
2288 2288 9.59173954724e-05
2289 2289 3.89572145972e-06
2290 2290 7.23180566754e-05
2291 2291 5.45764942612e-05
2292 2292 4.80946488462e-05
2293 2293 3.30325858912e-05
2294 2294 2.14597255481e-05
2295 2295 9.95119201084e-05
2296 2296 5.69396472193e-05
2297 2297 7.18088342688e-05
2298 2298 1.27494175679e-05
2299 2299 7.56696738655e-05
2300 2300 8.4600107145e-05
2301 2301 4941.78680489
2302 2302 3694.1187983
2303 2303 1155.89084082
2304 2304 1.19096897804e-05
2305 2305 1.68696583504e-05
2306 2306 3621.74458343
2307 2307 1.08115737594e-05
2308 2308 6.73266156564e-05
2309 2309 2.02996512736e-05
2310 2310 1998.40054448
2311 2311 3461.46418778
2312 2312 5.78351133909e-05
2313 2313 8.47036512014e-05
2314 2314 5461.99445246
2315 2315 2.33117109182e-05
2316 2316 4630.33728636
2317 2317 1.68004227639e-06
2318 2318 4.66261928728e-05
2319 2319 2.78636228697e-07
2320 2320 1039.82779037
2321 2321 3565.59997056
2322 2322 6.19395877581e-05
2323 2323 7.27482388322e-05
2324 2324 4.39359967702e-05
2325 2325 1.55758497974e-05
2326 2326 5.37684585989e-05
2327 2327 6.44933756986e-05
2328 2328 6.50358178874e-05
2329 2329 3818.54912095
2330 2330 660.016502172
2331 2331 8.52911583424e-05
2332 2332 86.3348315888
2333 2333 5.31174331039e-05
2334 2334 7.53255917347e-05
2335 2335 5.16955631125e-05
2336 2336 4.97002058426e-05
2337 2337 9.6701649069e-05
2338 2338 5.15048756308e-05
2339 2339 7.1855197488e-05
2340 2340 7.73758887005e-05
2341 2341 5.69094414631e-05
2342 2342 3452.32562021
2343 2343 1040.87902802
2344 2344 6.30333724424e-05
2345 2345 4.01701448648e-05
2346 2346 6.60306558149e-06
2347 2347 1.10228501827e-05
2348 2348 5335.83072592
2349 2349 9.05416572959e-05
2350 2350 3.32879725142e-07
2351 2351 9.19499620397e-05
2352 2352 9.00435391421e-06
2353 2353 1.94133272842e-05
2354 2354 6.22530357508e-05
2355 2355 2.57161870238e-05
2356 2356 2.59410245301e-05
2357 2357 1117.64825515
2358 2358 2.38976522543e-05
2359 2359 8.61082939874e-05
2360 2360 2.10595887756e-05
2361 2361 3277.47629406
2362 2362 1755.43978513
2363 2363 4158.4846427
2364 2364 2.12214863884e-05
2365 2365 3273.45189994
2366 2366 8.36991668388e-06
2367 2367 3.90470892573e-06
2368 2368 6.62740351878e-05
2369 2369 1.26220258551e-05
2370 2370 2046.8011571
2371 2371 3.62658296797e-05
2372 2372 9.92208057902e-05
2373 2373 2.42355110245e-05
2374 2374 5.1648847064e-05
2375 2375 518.984949028
2376 2376 8.42628472254e-05
2377 2377 1.45075929426e-05
2378 2378 8.85334206383e-05
2379 2379 4374.84671933
2380 2380 4.18827806036e-07
2381 2381 2204.81260047
2382 2382 377.113536285
2383 2383 9.94154867825e-05
2384 2384 4.2804627041e-05
2385 2385 1041.36888049
2386 2386 7.30584597608e-05
2387 2387 9.56309837779e-05
2388 2388 9.65377264767e-05
2389 2389 3.18405552523e-05
2390 2390 3.16370244768e-05
2391 2391 1.74727896395e-06
2392 2392 1.20335732204e-05
2393 2393 190.932570498
2394 2394 9.57467341482e-05
2395 2395 3.80969269334e-05
2396 2396 7.02879191631e-05
2397 2397 1511.64249743
2398 2398 3354.79479281
2399 2399 1.34977046e-05
2400 2400 1.12678264785e-05
2401 2401 8.67289450832e-05
2402 2402 2.09524306125e-05
2403 2403 3.5801382298e-05
2404 2404 4.89337196081e-05
2405 2405 6.35649849157e-05
2406 2406 3198.56689631
2407 2407 564.510811042
2408 2408 3.94094056242e-05
2409 2409 5583.15541537
2410 2410 9.44373044008e-05
2411 2411 2.09220219187e-05
2412 2412 1.62283617145e-05
2413 2413 9.93750284321e-05
2414 2414 3405.79383634
2415 2415 3182.8029713
2416 2416 1893.12370503
2417 2417 3089.04516357
2418 2418 6.27707845481e-05
2419 2419 1254.81958047
2420 2420 9.29960805788e-05
2421 2421 5.71792814587e-05
2422 2422 5.4074113649e-05
2423 2423 7.09753826142e-05
2424 2424 1.33815661198e-05
2425 2425 5.48918978967e-05
2426 2426 3.93537356315e-05
2427 2427 964.731741328
2428 2428 1.72337078288e-05
2429 2429 7.68378291298e-05
2430 2430 3.60197224416e-05
2431 2431 1.33116724751e-05
2432 2432 6.61111943375e-05
2433 2433 7.22129514167e-05
2434 2434 6.26914969185e-06
2435 2435 6.20204605835e-05
2436 2436 1497.47196503
2437 2437 5.9104788401e-05
2438 2438 7.95657793337e-05
2439 2439 6.89539502223e-05
2440 2440 8.740488634e-05
2441 2441 1.871907923e-06
2442 2442 3.15508494562e-05
2443 2443 3772.93884257
2444 2444 4.85684996505e-05
2445 2445 7.37105618452e-05
2446 2446 1598.68741538
2447 2447 4.92458073553e-05
2448 2448 4.91340901302e-05
2449 2449 4.44782206489e-05
2450 2450 3.48323799282e-05
2451 2451 2769.26627976
2452 2452 64.6200255548
2453 2453 4.98499190344e-05
2454 2454 2899.12361279
2455 2455 6.17812881077e-05
2456 2456 5.26149870009e-05
2457 2457 5.48530091169e-05
2458 2458 5.11452625924e-05
2459 2459 1.46084732591e-05
2460 2460 8.75520093091e-06
2461 2461 786.266255853
2462 2462 6.1640102594e-05
2463 2463 1.22061281141e-05
2464 2464 3228.14891843
2465 2465 9.83069818691e-05
2466 2466 1.25863983626e-05
2467 2467 5155.10029961
2468 2468 4.99461149828e-06
2469 2469 3.60450953615e-05
2470 2470 9.93656328824e-05
2471 2471 3203.930203
2472 2472 2.66556954193e-05
2473 2473 6.84771541635e-05
2474 2474 1.68053745211e-05
2475 2475 796.573337962
2476 2476 7.47489283003e-05
2477 2477 1.47253819361e-05
2478 2478 6.0076857271e-05
2479 2479 6.58869336095e-05
2480 2480 6.56352318337e-05
2481 2481 1.1017895563e-05
2482 2482 5.76168459294e-05
2483 2483 7.79430944671e-05
2484 2484 7.54446292634e-05
2485 2485 2735.99724632
2486 2486 5.17331150082e-07
2487 2487 9.0603725372e-05
2488 2488 7.21789853547e-05
2489 2489 5.1216990061e-05
2490 2490 2.11741157588e-06
2491 2491 4582.4883613
2492 2492 8.05407443756e-05
2493 2493 9.56081747031e-05
2494 2494 9.50344674213e-05
2495 2495 1564.7846584
2496 2496 4.04646962111e-05
2497 2497 9.7399835049e-06
2498 2498 2152.44994676
2499 2499 9.37374000257e-05
2500 2500 5.59381440359e-05
2501 2501 4608.50219048
2502 2502 4.05246401931e-05
2503 2503 3.22410337983e-05
2504 2504 8.85519735454e-05
2505 2505 4.64687727632e-05
2506 2506 4516.86951341
2507 2507 4083.49334246
2508 2508 2.06117754096e-05
2509 2509 8.00773264032e-05
2510 2510 2.96744621203e-06
2511 2511 5.85040202118e-05
2512 2512 3121.31671472
2513 2513 3198.8329086
2514 2514 2.52189707676e-05
2515 2515 3.95734491906e-06
2516 2516 5.62548459896e-05
2517 2517 7.68873547031e-05
2518 2518 1013.46363423
2519 2519 1074.49664605
2520 2520 8.18905138712e-05
2521 2521 1115.74434167
2522 2522 1.43028181607e-05
2523 2523 5004.60482974
2524 2524 8.13537838937e-05
2525 2525 1699.25544517
2526 2526 2960.95877059
2527 2527 7.65186820706e-05
2528 2528 8.300577956e-05
2529 2529 6.58807585241e-05
2530 2530 1.9992343203e-05
2531 2531 6.53659610695e-05
2532 2532 3.38818820906e-05
2533 2533 3161.92021026
2534 2534 9.63242712151e-05
2535 2535 8.13010728508e-05
2536 2536 5.33978368032e-05
2537 2537 6.83926971526e-05
2538 2538 1130.9377381
2539 2539 9.33839592956e-05
2540 2540 2.13209342585e-05
2541 2541 6.8645676461e-05
2542 2542 4389.81961392
2543 2543 3.54936050459e-05
2544 2544 3.25703812404e-05
2545 2545 3.88130174076e-05
2546 2546 5.80643658487e-05
2547 2547 1227.28313547
2548 2548 3390.19556381
2549 2549 4897.21555485
2550 2550 3.94883146108e-06
2551 2551 7.4901701306e-05
2552 2552 1.43659010432e-05
2553 2553 2.0500045602e-07
2554 2554 1.77978388902e-05
2555 2555 1023.38015631
2556 2556 2656.2473446
2557 2557 1361.2178226
2558 2558 7.98677341332e-05
2559 2559 6.6897860406e-05
2560 2560 4.25092607822e-05
2561 2561 9.81192654892e-05
2562 2562 8.82678536802e-05
2563 2563 5228.16523862
2564 2564 8.68603595327e-05
2565 2565 9.91961589941e-06
2566 2566 8.08166960028e-05
2567 2567 5.80451272866e-05
2568 2568 4.62538268965e-05
2569 2569 5442.82488754
2570 2570 2598.22963131
2571 2571 2.41642906077e-05
2572 2572 3948.98709814
2573 2573 1.92756800813e-05
2574 2574 8.30708279592e-06
2575 2575 806.378372661
2576 2576 1.60557592599e-05
2577 2577 8.43289367601e-05
2578 2578 3.14999189165e-05
2579 2579 6.92549290422e-05
2580 2580 7.72161865927e-05
2581 2581 18.8883927121
2582 2582 3525.05560214
2583 2583 6.55260380132e-05
2584 2584 1.90503250159e-05
2585 2585 5585.13841505
2586 2586 801.899787889
2587 2587 2391.76707705
2588 2588 1.12731298616e-05
2589 2589 2170.16725799
2590 2590 3053.46069269
2591 2591 6.60010139809e-05
2592 2592 7.09203577823e-06
2593 2593 1931.28436128
2594 2594 6.75414574361e-05
2595 2595 7.44856844394e-06
2596 2596 3.18013347354e-05
2597 2597 6.04604159375e-05
2598 2598 8.74861592326e-05
2599 2599 1.22884487691e-05
2600 2600 2132.72237384
2601 2601 4575.31669214
2602 2602 4027.0293604
2603 2603 8.64595011396e-05
2604 2604 5.71949846382e-05
2605 2605 4.40072160361e-06
2606 2606 6.30919998772e-05
2607 2607 9.94978523472e-05
2608 2608 8.28035986388e-05
2609 2609 3901.19332241
2610 2610 4929.05700402
2611 2611 5.63416613883e-05
2612 2612 355.01511489
2613 2613 4.91969219477e-05
2614 2614 1.59600969859e-05
2615 2615 3107.36823177
2616 2616 7.41355883117e-05
2617 2617 5.18754531607e-05
2618 2618 6.41509606532e-05
2619 2619 2.962323324e-05
2620 2620 9.31398413774e-05
2621 2621 8.05119078644e-05
2622 2622 8.72842950292e-05
2623 2623 9.37344279535e-05
2624 2624 1726.00619211
2625 2625 6.12177169966e-05
2626 2626 5557.61482186
2627 2627 2.73953880801e-05
2628 2628 4655.19548213
2629 2629 6.44479584711e-06
2630 2630 4.20903715168e-05
2631 2631 6.37866976524e-05
2632 2632 4.83174707815e-05
2633 2633 6.25851257495e-05
2634 2634 2.5507472979e-06
2635 2635 611.908644011
2636 2636 2.99810670807e-05
2637 2637 3.1309344686e-05
2638 2638 1.49176245851e-05
2639 2639 2.94686226984e-05
2640 2640 7.91225954697e-05
2641 2641 8.12287704547e-05
2642 2642 4.05435062772e-05
2643 2643 2810.0520835
2644 2644 5.00544087665e-05
2645 2645 9.21594513965e-05
2646 2646 1.57534898191e-05
2647 2647 3.80713369595e-06
2648 2648 7.39679278151e-05
2649 2649 7.59274851642e-05
2650 2650 2.28262964451e-05
2651 2651 7.01180175182e-05
2652 2652 7.47061110556e-05
2653 2653 3448.05532805
2654 2654 1081.38593872
2655 2655 4.55068519844e-05
2656 2656 6.18316885858e-05
2657 2657 83.488384481
2658 2658 6.03588581995e-05
2659 2659 3.23772347912e-05
2660 2660 2.48134359512e-05
2661 2661 4480.05414336
2662 2662 4.99322753113e-05
2663 2663 6.58037543262e-06
2664 2664 8.74388718663e-05
2665 2665 6.13153834934e-05
2666 2666 3690.21440018
2667 2667 450.590205942
2668 2668 1018.03378786
2669 2669 3.98807595159e-05
2670 2670 1566.48380751
2671 2671 780.249835665
2672 2672 9.96521778304e-05
2673 2673 5.04747574542e-05
2674 2674 4.76380115798e-05
2675 2675 4461.31169324
2676 2676 4067.87933583
2677 2677 7.67509720795e-05
2678 2678 7.71855967544e-05
2679 2679 1.10412382138e-06
2680 2680 7.95489736365e-05
2681 2681 1663.33670327
2682 2682 3.99846015774e-06
2683 2683 2.15396441956e-05
2684 2684 4.9584294315e-05
2685 2685 2.53787913266e-07
2686 2686 2459.18227184
2687 2687 4266.91354737
2688 2688 1058.24089461
2689 2689 6.80790846301e-05
2690 2690 4.80083216806e-05
2691 2691 9.84476545699e-05
2692 2692 1669.91946362
2693 2693 8.73154265035e-05
2694 2694 9.50218768306e-05
2695 2695 4.71695368623e-05
2696 2696 2.98182839684e-05
2697 2697 9.07502630665e-05
2698 2698 5.77500090461e-05
2699 2699 2.88943178787e-05
2700 2700 5.11297376224e-05
2701 2701 6.5268041733e-05
2702 2702 2.74865067972e-05
2703 2703 7.52300293605e-05
2704 2704 4.85791376232e-05
2705 2705 7.9935973988e-05
2706 2706 6.0408817274e-05
2707 2707 1638.93226543
2708 2708 4567.04747687
2709 2709 6.48707447835e-05
2710 2710 5.51279026545e-05
2711 2711 9.32368139788e-05
2712 2712 653.183944953
2713 2713 2.3884088189e-05
2714 2714 2.14365205257e-05
2715 2715 3.57789466581e-05
2716 2716 1790.51880121
2717 2717 6.06590322858e-05
2718 2718 4973.88251051
2719 2719 6.90777753174e-05
2720 2720 5085.03595128
2721 2721 6.51652969901e-05
2722 2722 6.17448803159e-05
2723 2723 5.24698228327e-05
2724 2724 3.89676460805e-06
2725 2725 540.382161422
2726 2726 9.35330885794e-05
2727 2727 5429.82472817
2728 2728 5103.06746837
2729 2729 7.93408388248e-05
2730 2730 3224.63451422
2731 2731 7.89751277741e-05
2732 2732 2336.01624539
2733 2733 4.17190565541e-06
2734 2734 4635.81515357
2735 2735 4503.58324337
2736 2736 9.67475418108e-05
2737 2737 9.23805689175e-05
2738 2738 3.56910749201e-05
2739 2739 1189.78950776
2740 2740 7.16628131267e-06
2741 2741 8.66068348814e-07
2742 2742 5.23356147694e-05
2743 2743 4.74458156563e-05
2744 2744 7.91961131497e-05
2745 2745 1.21165360668e-05
2746 2746 1915.81323186
2747 2747 342.096537338
2748 2748 9.77195745008e-05
2749 2749 169.257374115
2750 2750 8.11952534833e-05
2751 2751 2.04565640812e-05
2752 2752 1.51977200907e-05
2753 2753 3.57410865763e-05
2754 2754 1.51861451526e-05
2755 2755 1.8724809803
2756 2756 5.34182087118e-05
2757 2757 6.63771487881e-05
2758 2758 4661.07143915
2759 2759 9.43305701164e-05
2760 2760 160.817915072
2761 2761 1.00108859205e-05
2762 2762 2.45350913007e-06
2763 2763 7.32208083806e-05
2764 2764 1073.59317339
2765 2765 3.2525009566e-05
2766 2766 7.1457367619e-05
2767 2767 6.23789324948e-06
2768 2768 5.88531511568e-05
2769 2769 9.62611908917e-06
2770 2770 2827.13855592
2771 2771 3.73632226031e-05
2772 2772 9.18458573979e-05
2773 2773 8.34388558234e-06
2774 2774 4.27398627317e-05
2775 2775 7.9592402395e-05
2776 2776 9.93390245488e-05
2777 2777 3.75187392926e-05
2778 2778 2647.9148603
2779 2779 1839.59880483
2780 2780 2.06494957242e-05
2781 2781 6.84522378765e-05
2782 2782 3029.80344098
2783 2783 3319.13759732
2784 2784 4925.30799243
2785 2785 1541.89193724
2786 2786 8.03423038426e-05
2787 2787 1.36032363644e-06
2788 2788 8.47064120716e-05
2789 2789 6.2578583175e-05
2790 2790 4.93832976576e-05
2791 2791 4.78133258073e-05
2792 2792 2.45051236662e-05
2793 2793 5351.42691933
2794 2794 2.1417771597e-05
2795 2795 2.29042229267e-05
2796 2796 5063.05083878
2797 2797 2656.14440061
2798 2798 6.77610700049e-05
2799 2799 5.17038800819e-05
2800 2800 9.81387204989e-05
2801 2801 1872.07018338
2802 2802 9.13988519788e-05
2803 2803 6.14413426604e-05
2804 2804 6.31071497767e-05
2805 2805 8.58418991855e-06
2806 2806 155.063262962
2807 2807 9.45034794456e-05
2808 2808 7.42281705398e-05
2809 2809 3.04879082481e-05
2810 2810 3.44032118209e-05
2811 2811 7.56492702689e-05
2812 2812 9.29591181948e-05
2813 2813 2126.63835494
2814 2814 9.88176242026e-05
2815 2815 8.40536273095e-05
2816 2816 6.02212994032e-05
2817 2817 5.91027626112e-05
2818 2818 4.26481837326e-05
2819 2819 9.3290970538e-05
2820 2820 3.44218377747e-05
2821 2821 9.46555732434e-05
2822 2822 3.20245560849e-05
2823 2823 8.09776912507e-05
2824 2824 6.38537631975e-05
2825 2825 1.19823079502e-05
2826 2826 8.92828603451e-05
2827 2827 1038.70360218
2828 2828 9.29205886343e-05
2829 2829 1384.58679851
2830 2830 2.37708963161e-05
2831 2831 9.12516299579e-05
2832 2832 8.26384063914e-05
2833 2833 4.17647644268e-05
2834 2834 9.43776971864e-05
2835 2835 6.39768949499e-05
2836 2836 484.649104406
2837 2837 2.05625479521e-05
2838 2838 1.86651861657e-05
2839 2839 2.77567897845e-06
2840 2840 8.16428772313e-05
2841 2841 2654.97767795
2842 2842 5105.13678535
2843 2843 2.0328371125e-05
2844 2844 6.15651569543e-05
2845 2845 9.01583380676e-05
2846 2846 3.23726071776e-05
2847 2847 7.88612642009e-05
2848 2848 1.42271519091e-06
2849 2849 4.34351841881e-05
2850 2850 3.35945726322e-05
2851 2851 5.98483209148e-06
2852 2852 3327.65512033
2853 2853 5.43967813494e-05
2854 2854 4509.56431843
2855 2855 1.90665637068e-05
2856 2856 6.04351588591e-05
2857 2857 2.60362750957e-05
2858 2858 5.35969897217e-05
2859 2859 5.68480791611e-05
2860 2860 5298.33189909
2861 2861 5.13429801427e-05
2862 2862 3959.13487594
2863 2863 3.28338354181e-05
2864 2864 2820.6101505
2865 2865 3.36162435315e-05
2866 2866 5.31895949445e-05
2867 2867 4.7735342639e-05
2868 2868 2765.28848938
2869 2869 5.52349137955e-05
2870 2870 3037.43558638
2871 2871 3545.3876063
2872 2872 5.30754827846e-05
2873 2873 1708.01393604
2874 2874 7.38623006882e-05
2875 2875 5.32835182165e-05
2876 2876 5401.26271792
2877 2877 6.73649089994e-05
2878 2878 7.99752277232e-05
2879 2879 4.20908424615e-05
2880 2880 8.24691319048e-05
2881 2881 1.9454766442e-05
2882 2882 3.57726303415e-05
2883 2883 6.83520444816e-05
2884 2884 1.11898201755e-05
2885 2885 1.45372557591e-05
2886 2886 1.82928125058e-05
2887 2887 6.91678348647e-05
2888 2888 3410.5680152
2889 2889 779.065997786
2890 2890 3.49809491931e-05
2891 2891 3.69122269877e-05
2892 2892 2.98274761048e-05
2893 2893 4035.12038975
2894 2894 4862.47154118
2895 2895 4.18593905514e-05
2896 2896 5.49468136566e-05
2897 2897 2.47232292651e-06
2898 2898 2382.77401425
2899 2899 9.94328863722e-05
2900 2900 2.40887297672e-05
2901 2901 3467.36930435
2902 2902 1.83881554341e-05
2903 2903 2.99887447495e-05
2904 2904 2.09464688504e-06
2905 2905 4729.73146618
2906 2906 7.27027152624e-05
2907 2907 5.9729256773e-05
2908 2908 5.35881097755e-05
2909 2909 4156.00957866
2910 2910 3.13693696896e-05
2911 2911 4.96370067437e-06
2912 2912 6.77044592844e-05
2913 2913 9.25183215949e-05
2914 2914 2799.86926511
2915 2915 2.32013712548e-05
2916 2916 2.45630143086e-06
2917 2917 7.78577563217e-06
2918 2918 3.45197873516e-05
2919 2919 23.1571230601
2920 2920 5.71968766919e-05
2921 2921 7.20558246889e-05
2922 2922 1.04339080728e-05
2923 2923 9.80342316051e-05
2924 2924 3.25766498695e-06
2925 2925 5623.90379669
2926 2926 3916.22743596
2927 2927 1.04452220526e-06
2928 2928 1.23340187308e-05
2929 2929 3.4729837422e-05
2930 2930 2.65495846093e-05
2931 2931 7.78997227927e-06
2932 2932 5.20521500462e-06
2933 2933 2926.52378195
2934 2934 918.963682714
2935 2935 5.85978052901e-05
2936 2936 1.38569783154e-05
2937 2937 2894.4875331
2938 2938 9.21845398622e-05
2939 2939 8.25903487824e-05
2940 2940 3.72476340547e-05
2941 2941 6.94986677468e-06
2942 2942 7.45805366315e-05
2943 2943 5031.81918023
2944 2944 4568.68441115
2945 2945 7.03847289184e-05
2946 2946 9.18243342856e-05
2947 2947 8.00438831681e-05
2948 2948 4.11679726626e-05
2949 2949 3802.97872773
2950 2950 9.09731693477e-05
2951 2951 3.27498602381e-05
2952 2952 2.29804674294e-05
2953 2953 3.27395376645e-05
2954 2954 8.48341899005e-05
2955 2955 167.001658539
2956 2956 5.85161394645e-05
2957 2957 2.69113040299e-07
2958 2958 9.61622656779e-05
2959 2959 2.7894113008e-05
2960 2960 2337.01522519
2961 2961 1716.27910968
2962 2962 2680.99174275
2963 2963 4655.22290085
2964 2964 2516.36780178
2965 2965 7.10766535282e-05
2966 2966 7.84501707603e-05
2967 2967 9.06628014479e-05
2968 2968 3301.24650701
2969 2969 5.09316491807e-05
2970 2970 3889.50051022
2971 2971 9.35719848446e-05
2972 2972 6.69526359425e-05
2973 2973 5.69456708692e-06
2974 2974 1374.37789973
2975 2975 1.43541268925e-05
2976 2976 1.78326868054e-05
2977 2977 335.277247471
2978 2978 887.465361279
2979 2979 6.12038545001e-05
2980 2980 4.29276897437e-06
2981 2981 8.83487358213e-05
2982 2982 5.96518486903e-05
2983 2983 2789.20277011
2984 2984 1.96679320452e-05
2985 2985 4176.44553177
2986 2986 3.59307717573e-05
2987 2987 7.15230031018e-05
2988 2988 7.42738861776e-05
2989 2989 5.1001734166e-06
2990 2990 8.97967354086e-05
2991 2991 4.78247723247e-05
2992 2992 7.00593692941e-05
2993 2993 2696.9430006
2994 2994 2.71936651022e-05
2995 2995 3529.13575632
2996 2996 5.0756202647e-06
2997 2997 3.76691624777e-05
2998 2998 8.05809700866e-05
2999 2999 2.54137438858e-05
3000 3000 2.58099475275e-05
