1 1 2.27702920045e-05
2 2 7.89655866408e-05
3 3 2464.0830925
4 4 2590.63902367
5 5 9.70147287394e-05
6 6 4.31681636422e-05
7 7 8.16370778341e-05
8 8 8.39621360817e-05
9 9 5.5064548021e-05
10 10 9.60551692872e-05
11 11 2.35232556972e-05
12 12 2.13076603638e-05
13 13 2720.95221543
14 14 4076.894043
15 15 4927.72197251
16 16 1.52427137051e-05
17 17 8.19866039823e-05
18 18 5094.02497553
19 19 2.50629428462e-05
20 20 7.20170636191e-05
21 21 8.59419501758e-05
22 22 1.54937631999e-05
23 23 9.94050392029e-05
24 24 5328.28685862
25 25 2.03049398063e-05
26 26 2.94703282066e-05
27 27 8.61268376586e-05
28 28 1.74051540232e-05
29 29 3540.54694153
30 30 1.54840131153e-05
31 31 9.32686094286e-05
32 32 9.74448651218e-05
33 33 4506.2344922
34 34 6.71159299766e-05
35 35 7.69759777396e-05
36 36 5003.53474594
37 37 1.21558303205e-05
38 38 6.14762098377e-05
39 39 4.7924880637e-05
40 40 6.69882123695e-05
41 41 2.91614631378e-05
42 42 7.51240550489e-05
43 43 4.45197215065e-05
44 44 1436.21025753
45 45 3173.61678599
46 46 6.63720144914e-08
47 47 2136.98669428
48 48 3.26979880606e-05
49 49 8.01223536026e-05
50 50 4034.77668959
51 51 7.72979229777e-06
52 52 4.79927997219e-05
53 53 5.10720062904e-05
54 54 1.8863955625e-06
55 55 6.22223573096e-05
56 56 1.59185579909e-05
57 57 6.14807384612e-05
58 58 1261.09288431
59 59 7.04219353216e-05
60 60 8.29562737088e-05
61 61 5.20674020926e-05
62 62 5.23159583916e-06
63 63 3.9086608005e-05
64 64 585.373376946
65 65 4647.00061925
66 66 2.37433321313e-05
67 67 1.29187854446e-05
68 68 1803.7700761
69 69 4560.86026693
70 70 4.15971273736e-06
71 71 8.287315044e-05
72 72 3.38042987631e-05
73 73 8.54104338043e-05
74 74 6.88987567649e-06
75 75 1.44358538471e-05
76 76 7.43528457915e-05
77 77 1.46145539774e-05
78 78 3172.82142489
79 79 9.76567615031e-05
80 80 5.09654665512e-05
81 81 2470.68659806
82 82 8.68524222036e-05
83 83 7.82151509751e-05
84 84 6.94115660432e-05
85 85 1414.069751
86 86 3225.01027868
87 87 3.15010888225e-05
88 88 1.17272519211e-05
89 89 8.30931185284e-05
90 90 2646.76914538
91 91 5494.09269841
92 92 5.45706667656e-05
93 93 8.31167250888e-05
94 94 9.27315749588e-05
95 95 9.54537714968e-05
96 96 1.4345447918e-05
97 97 6.79420810258e-06
98 98 3755.82518131
99 99 9.49535237247e-05
100 100 1.19800709133e-05
101 101 3.93988123156e-05
102 102 9.6614260158e-05
103 103 103.081931103
104 104 1742.7383528
105 105 4.10660116008e-05
106 106 2.5074295866e-05
107 107 1.17263879417e-05
108 108 3.93717349208e-05
109 109 1.56987887025e-05
110 110 2.62804632104e-05
111 111 3053.72864986
112 112 1.38375850828e-05
113 113 4.41660292993e-05
114 114 4105.45883503
115 115 7.5260491985e-06
116 116 2636.0531309
117 117 5.24551341576e-05
118 118 5.31083356344e-05
119 119 503.438034248
120 120 1.70018832382e-05
121 121 6.25395183662e-05
122 122 2.05527273704e-05
123 123 9.1178885645e-05
124 124 7.50174194881e-05
125 125 8.52890434513e-05
126 126 4284.12517252
127 127 2.7394760812e-05
128 128 2429.38266813
129 129 6.06394610091e-06
130 130 5.90424624004e-05
131 131 7.08840888339e-05
132 132 9.297296323e-05
133 133 1363.55366962
134 134 2.06879348568e-06
135 135 404.176151342
136 136 6.96858181138e-05
137 137 9.00046335979e-05
138 138 5.17554935076e-06
139 139 2.81253051707e-05
140 140 8.64289698483e-05
141 141 8.7737804322e-06
142 142 5.34851812974e-05
143 143 4.79265294127e-05
144 144 3.14134214327e-05
145 145 1.45933263162e-05
146 146 4.3344759729e-06
147 147 8.34616561517e-05
148 148 7.00276111435e-05
149 149 676.368680047
150 150 4485.80336962
151 151 4180.95754227
152 152 6.70130605204e-06
153 153 523.72286714
154 154 6.53679928364e-06
155 155 8.7052215513e-05
156 156 2.16058514197e-05
157 157 2.23084818308e-05
158 158 1.21182333989e-05
159 159 7.98285309522e-05
160 160 4508.73219757
161 161 3.11194945462e-05
162 162 3228.75607438
163 163 9.92234002451e-05
164 164 1.91923336138e-05
165 165 2.87978341793e-05
166 166 8.39030948298e-06
167 167 7.56817360749e-05
168 168 70.4118620423
169 169 5.48428775713e-05
170 170 3691.36496478
171 171 1.54155775397e-06
172 172 5.51463039416e-05
173 173 7.64753999317e-05
174 174 8.27426323395e-05
175 175 4.57251658724e-06
176 176 9.58010178571e-05
177 177 3437.5633783
178 178 8.85311100805e-05
179 179 5425.0478401
180 180 9.24351650206e-05
181 181 2.48181565108e-05
182 182 5.32614218482e-05
183 183 2.89976789747e-05
184 184 2583.4560237
185 185 4604.22005432
186 186 4.73633498287e-05
187 187 2.64732399771e-06
188 188 1.92160856347e-05
189 189 2.95922609331e-05
190 190 9.97500352618e-05
191 191 3079.60926522
192 192 1.09798145624e-05
193 193 5257.00445515
194 194 4808.04811815
195 195 5558.03789083
196 196 5.490198937e-05
197 197 6.70204786612e-05
198 198 9.79417335081e-05
199 199 4.07248386087e-05
200 200 4.18839118648e-05
201 201 5512.37952191
202 202 4985.25819803
203 203 674.948769077
204 204 7.84510879653e-05
205 205 3.51978911872e-05
206 206 6.93475860136e-05
207 207 8.28940705787e-06
208 208 3474.05110917
209 209 4.42224676681e-06
210 210 5.71838995728e-05
211 211 7.32661875556e-05
212 212 4.88470098515e-05
213 213 4513.58143016
214 214 2.19144767499e-06
215 215 6.27906358955e-05
216 216 2031.2950414
217 217 6.13625450703e-05
218 218 3793.50135538
219 219 3211.2678252
220 220 4399.72918622
221 221 4.49016718467e-05
222 222 5.53752608448e-05
223 223 2.62409967693e-05
224 224 9.84660846918e-06
225 225 7.79341367801e-05
226 226 1526.7024608
227 227 5.87896393817e-05
228 228 6.54937425548e-05
229 229 7.87358922969e-05
230 230 1.64124877936e-06
231 231 1.65557413418e-05
232 232 9.33410407892e-05
233 233 6.82425237905e-05
234 234 8.82605324079e-05
235 235 1.52695041519e-05
236 236 6.94730966611e-05
237 237 2.65984130558e-06
238 238 2.62269264081e-05
239 239 7.24574697371e-05
240 240 1.63956817045e-05
241 241 3318.70076188
242 242 8.66526594902e-05
243 243 3.49818502781e-05
244 244 4001.07646994
245 245 5.90067200989e-05
246 246 5.13449735676e-05
247 247 7.50118911963e-05
248 248 2118.62753515
249 249 5539.63598292
250 250 1387.28949727
251 251 6.44755837548e-05
252 252 8.98212323236e-05
253 253 6.76717598919e-05
254 254 5.53109833445e-05
255 255 3673.42331144
256 256 3489.19260835
257 257 9.73694092834e-05
258 258 7.72357005838e-05
259 259 5506.43839146
260 260 8.71053896924e-05
261 261 2330.00783119
262 262 6.810848292e-05
263 263 5.00250748695e-05
264 264 8.92375370271e-06
265 265 4901.85365918
266 266 7.04445111843e-05
267 267 4301.16423456
268 268 5.25113727459e-05
269 269 5.03958700696e-05
270 270 9.41150583094e-05
271 271 9.35467106406e-05
272 272 4.56992332722e-05
273 273 2721.48588179
274 274 2575.03830084
275 275 2.08119025706e-05
276 276 6.44276564639e-05
277 277 95.1338875143
278 278 8.18471761558e-05
279 279 7.98585838472e-05
280 280 1177.8996463
281 281 1089.09945091
282 282 2962.21054438
283 283 5.27135982218e-05
284 284 2.46772039218e-05
285 285 3679.90148203
286 286 9.29789367856e-05
287 287 2204.78692012
288 288 3.95706283349e-05
289 289 6.02928982979e-05
290 290 2.3780056126e-05
291 291 6.00517061546e-05
292 292 5.83479018266e-05
293 293 1473.76365068
294 294 2055.30570046
295 295 8.54223989812e-05
296 296 4.51014403412e-05
297 297 8.21349362812e-05
298 298 8.53770771331e-05
299 299 7.29728225018e-05
300 300 5247.68072109
301 301 3.22294239613e-05
302 302 6.0469550341e-05
303 303 1.74276565503e-05
304 304 1.03800809263e-05
305 305 9.86413116942e-06
306 306 8.19713586633e-05
307 307 967.470719424
308 308 5.92409981041e-05
309 309 9.06924843522e-05
310 310 3.72719334545e-05
311 311 1.05128647723e-05
312 312 54.0077433258
313 313 1.19751448323e-05
314 314 4.61940126825e-05
315 315 6.55509392454e-05
316 316 9.68227381985e-05
317 317 4.58305005777e-05
318 318 6.63253936105e-05
319 319 5417.30335668
320 320 6.00788915082e-05
321 321 4566.36703033
322 322 2.8186934205e-05
323 323 1.82377086956e-05
324 324 1.93051579122e-05
325 325 5.6647413533e-05
326 326 1.11417146327e-06
327 327 6.48307377237e-05
328 328 1167.25806371
329 329 3110.91268091
330 330 4.39064767171e-05
331 331 9.91475821627e-06
332 332 9.29175151433e-05
333 333 2.55577065125e-05
334 334 9.17026101e-05
335 335 3.5455785755e-05
336 336 4918.7003409
337 337 8.81878414953e-06
338 338 2.89416750352e-05
339 339 7.19244235993e-05
340 340 4305.07494578
341 341 8.63342807678e-05
342 342 1.72659020215e-05
343 343 5.1749701565e-05
344 344 1.2484354843e-05
345 345 7.09340688248e-05
346 346 2528.32779833
347 347 5.71268049676e-05
348 348 1317.07310085
349 349 8.54834050183e-05
350 350 5.81071991117e-05
351 351 8.79414617512e-05
352 352 5186.38444923
353 353 8.17363815727e-05
354 354 2.32628543104e-05
355 355 5.04559688065e-05
356 356 6.74593300043e-05
357 357 7.65074977762e-05
358 358 5.58949614343e-05
359 359 9.60627587288e-05
360 360 1.74946363843e-05
361 361 2.68292023112e-05
362 362 7.19998315569e-05
363 363 9.37798968874e-05
364 364 9.42242312526e-05
365 365 912.888451957
366 366 1184.73033499
367 367 2475.91793534
368 368 465.536977707
369 369 3.80104361809e-05
370 370 4.90406567416e-05
371 371 3.63672646928e-05
372 372 9.52148483028e-05
373 373 9.39957902571e-05
374 374 8.98008181561e-05
375 375 3.09531680184e-05
376 376 6.893593712e-05
377 377 3.38470349214e-05
378 378 4965.45816795
379 379 3.86013750781e-05
380 380 7.46328485247e-05
381 381 6.88419660226e-05
382 382 2.69335836435e-05
383 383 1.25547654733e-05
384 384 8.11554069207e-05
385 385 6.83549270968e-05
386 386 4.86294753276e-06
387 387 9.8933809773e-05
388 388 9.64298882777e-06
389 389 4.69809729408e-05
390 390 7.87488388248e-05
391 391 4.07229254396e-05
392 392 3600.4387684
393 393 8.62496729298e-05
394 394 3.24264400644e-05
395 395 4.08879987858e-05
396 396 1.99990106801e-05
397 397 3.60803377986e-05
398 398 784.044919698
399 399 1404.20030659
400 400 2.26637175151e-05
401 401 7.97690882228e-05
402 402 452.350248709
403 403 5.55569350866e-05
404 404 5192.7165452
405 405 2894.42320797
406 406 5.11508245711e-05
407 407 3.2362118496e-06
408 408 3551.22441048
409 409 9.78016001099e-05
410 410 1.44283472972e-06
411 411 5.02385168056e-05
412 412 2876.70113666
413 413 4.58390029422e-05
414 414 4.49459874058e-05
415 415 3.60990816914e-05
416 416 2.21356123617e-05
417 417 7.50746950611e-05
418 418 3935.40623651
419 419 4.86027511977e-05
420 420 8.65138382816e-05
421 421 790.669889529
422 422 5.91580244202e-05
423 423 2.02695009205e-05
424 424 1.7552516311e-05
425 425 6.05167232517e-05
426 426 7.62714146024e-07
427 427 4.35247944221e-05
428 428 3237.03088827
429 429 6.96393036154e-05
430 430 8.43716132141e-05
431 431 1.96946407076e-05
432 432 6.16930981851e-05
433 433 4.37391391419e-05
434 434 1.14848217743e-05
435 435 8.32198211567e-05
436 436 3.57512715334e-06
437 437 9.57306362247e-05
438 438 6.56819369699e-05
439 439 7.30774372455e-05
440 440 9.74610972761e-05
441 441 3.49925830729e-05
442 442 3932.07537215
443 443 4.30277414121e-05
444 444 7.16050235066e-05
445 445 6.59481810766e-06
446 446 6.71263425402e-05
447 447 7.76771197917e-05
448 448 2.93479099106e-05
449 449 2.76319377428e-05
450 450 1562.7005794
451 451 5.15633157947e-05
452 452 8.64445062319e-05
453 453 3.62982153973e-05
454 454 4.96270449403e-05
455 455 6.93240279591e-05
456 456 1.16336129473e-05
457 457 8.53360809407e-05
458 458 9.98599644016e-05
459 459 2673.19266546
460 460 339.678742952
461 461 3.15342890488e-05
462 462 5.1020616754e-05
463 463 3.31846069556e-05
464 464 2103.70848306
465 465 3.56372543117e-05
466 466 1.3577169026e-05
467 467 1.20192852542e-05
468 468 2.36487420435e-05
469 469 5514.19631766
470 470 5.10964884796e-05
471 471 3.7548457377e-05
472 472 8.44848186911e-05
473 473 2.9898584514e-05
474 474 8.78038171652e-05
475 475 7.8513822588e-05
476 476 5.86306092784e-05
477 477 5.6564659106e-05
478 478 8.17879313177e-05
479 479 5.06295674104e-05
480 480 3.45572719737e-05
481 481 1082.09589251
482 482 5.22709836146e-05
483 483 4664.60634631
484 484 9.46164226823e-05
485 485 9.69142441776e-05
486 486 3.96160262332e-05
487 487 1.08912597869e-06
488 488 4.86450527376e-05
489 489 1917.07313871
490 490 2088.4658056
491 491 3489.22374443
492 492 2.91305677513e-05
493 493 410.587605708
494 494 3925.7554566
495 495 7.59747365937e-05
496 496 6.27232712044e-05
497 497 3.22816954874e-05
498 498 2632.2734633
499 499 9.53980366874e-05
500 500 9.73976586404e-06
501 501 2228.83807516
502 502 6.84830302842e-05
503 503 5278.46186776
504 504 5.73938662177e-05
505 505 7.37474412371e-05
506 506 5.07519095847e-06
507 507 8.90320885261e-05
508 508 7.26025454656e-05
509 509 9.06550415647e-05
510 510 3.65010784207e-05
511 511 8.95003631574e-05
512 512 7.30038171613e-05
513 513 3.68417183088e-05
514 514 5.83260947795e-05
515 515 4371.01480559
516 516 6.225311551e-05
517 517 4.81783954582e-05
518 518 5.85675648881e-06
519 519 5.61754130624e-05
520 520 2444.70035392
521 521 5.76523070473e-05
522 522 2.99326112394e-05
523 523 7.58959394604e-05
524 524 5.09639079212e-05
525 525 2.83420300091e-05
526 526 2.3493572553e-05
527 527 2103.36256511
528 528 3.56989289336e-05
529 529 2.87729912933e-06
530 530 5.61574919885e-05
531 531 8.17328757896e-05
532 532 3.70962186279e-05
533 533 8.0257617327e-05
534 534 7.11625190094e-05
535 535 9.7267249034e-05
536 536 5.705530412e-05
537 537 4659.42634449
538 538 3.79189954734e-05
539 539 5.49378744136e-05
540 540 7.941315194e-06
541 541 1995.71494016
542 542 8.38191697406e-05
543 543 8.18076674169e-06
544 544 6.69411283187e-05
545 545 8.63125624828e-05
546 546 1.33276126493e-05
547 547 8.25706228697e-05
548 548 2681.03906234
549 549 3.06582340682e-05
550 550 6.42263830509e-05
551 551 2.50869691592e-05
552 552 7.15397475307e-05
553 553 6.77017529457e-05
554 554 7.21671250096e-05
555 555 1.06268237237e-05
556 556 4.4962660162e-05
557 557 6.0521507615e-05
558 558 6.11810957087e-05
559 559 2.69903315109e-05
560 560 7.21846419718e-05
561 561 6.09274213498e-06
562 562 3.42896288984e-05
563 563 4.39313653518e-05
564 564 7.07740321299e-05
565 565 6.1143239618e-05
566 566 5.05720100842e-05
567 567 5.10996751754e-05
568 568 9.50806128718e-05
569 569 2.76661933159e-05
570 570 7.04312645929e-05
571 571 4.79992520152e-05
572 572 7.51323438543e-05
573 573 4.16888656201e-05
574 574 5.59743820809e-05
575 575 4172.81044308
576 576 4.04410071081e-05
577 577 2811.41479502
578 578 8.40678528113e-05
579 579 4.32523042861e-05
580 580 1.18818924047e-05
581 581 230.308636182
582 582 9.48439795181e-05
583 583 3257.71062934
584 584 2.91687242518e-05
585 585 6.14024150482e-05
586 586 9.59181870697e-05
587 587 5.6189847745e-05
588 588 1.48400349602e-05
589 589 9.76165206443e-05
590 590 4.55943738952e-05
591 591 6.0385298354e-05
592 592 3.53857548552e-05
593 593 3286.28719578
594 594 3073.79253505
595 595 7.48635227846e-05
596 596 3853.43476977
597 597 3762.07920961
598 598 5480.89518673
599 599 5244.73328149
600 600 7.5793969234e-05
601 601 3.96540049319e-06
602 602 9.40855841921e-05
603 603 3.81670617905e-05
604 604 1.89684711269e-05
605 605 5.18512504285e-07
606 606 2.18925938704e-05
607 607 1.17830213792e-05
608 608 9.10660797159e-05
609 609 4.77830230781e-06
610 610 1.82839010076e-06
611 611 1302.25867032
612 612 554.952239829
613 613 1.48853688841e-05
614 614 1.48688428386e-05
615 615 4.81152748472e-05
616 616 723.149058506
617 617 8.68010153674e-05
618 618 2.20375136287e-05
619 619 1.97271527534e-05
620 620 9.50671606486e-05
621 621 7.26197681242e-05
622 622 7.22533684159e-05
623 623 4.29879161537e-05
624 624 7.18619851731e-06
625 625 1083.3382834
626 626 5.78488702445e-05
627 627 2871.28004261
628 628 3.34610073031e-05
629 629 5.78754182938e-05
630 630 1243.10433958
631 631 5.57274068417e-05
632 632 2.7173709971e-05
633 633 1.33233420763e-05
634 634 3.08918672047e-05
635 635 5.35266888452e-05
636 636 3.68384065583e-05
637 637 7.97139290312e-05
638 638 1136.9309166
639 639 4.15463694989e-05
640 640 4.9321066508e-05
641 641 8.42263256595e-05
642 642 4.69839700162e-05
643 643 4.39820623927e-05
644 644 5.39978020466e-05
645 645 8.95273473589e-05
646 646 9.31730822873e-05
647 647 2.55314011808e-05
648 648 8.76265314779e-05
649 649 5.72636467811e-05
650 650 5.55600190662e-05
651 651 148.937627272
652 652 4105.41074218
653 653 1.1375393261e-05
654 654 5.82853209644e-05
655 655 2027.09752299
656 656 6.62439519057e-05
657 657 9.92894213505e-05
658 658 1.75035372801e-05
659 659 9.32840636214e-05
660 660 2.84588523768e-05
661 661 872.549933168
662 662 1286.82576722
663 663 8.13130830391e-05
664 664 7.95196826378e-06
665 665 2.95004716205e-05
666 666 7.92775856269e-05
667 667 3032.22777183
668 668 7.89420202793e-05
669 669 4.07859238017e-05
670 670 5172.12895341
671 671 1.82091981667e-05
672 672 3401.77958773
673 673 368.861335583
674 674 6.99717262294e-06
675 675 5341.58117841
676 676 9.28679921167e-05
677 677 5.95166199388e-05
678 678 7.5488002805e-05
679 679 4.60854253841e-05
680 680 4374.95065888
681 681 5.22113875698e-05
682 682 1343.2566945
683 683 8.59197370322e-05
684 684 340.364229087
685 685 6.06189559573e-07
686 686 8.31227196833e-05
687 687 2491.89126839
688 688 90.8158823782
689 689 1.64776986251e-05
690 690 6.84977676035e-05
691 691 2.79266470653e-05
692 692 8.67097161639e-05
693 693 5.46429497696e-05
694 694 3597.54527063
695 695 1.48611779e-05
696 696 1.47132960324e-05
697 697 3.13554029277e-05
698 698 6.38002711873e-05
699 699 4.01252253402e-05
700 700 2.30585651783e-05
701 701 6.5105848661e-06
702 702 1443.31183943
703 703 3.30519468967e-05
704 704 3.03749127916e-05
705 705 2.04909645966e-05
706 706 5.75160080539e-05
707 707 3029.08399828
708 708 9.37627901678e-05
709 709 5255.71595109
710 710 7.37007920428e-06
711 711 3491.36975403
712 712 46.8494129175
713 713 1.71903566075e-05
714 714 9.90839313496e-05
715 715 3993.22659538
716 716 8.48226134571e-05
717 717 4112.39561953
718 718 4.69020322494e-05
719 719 6.80886938552e-05
720 720 2326.7214425
721 721 9.40704957697e-06
722 722 3.08390254234e-05
723 723 4.04385743564e-06
724 724 4.21567134794e-05
725 725 540.540614235
726 726 3757.35666305
727 727 2.82340877992e-05
728 728 7.60157796979e-06
729 729 4743.21778341
730 730 7.11764723223e-05
731 731 9.21540703755e-05
732 732 4.61861333591e-05
733 733 7.70340684854e-05
734 734 1909.51655363
735 735 5.48374690672e-05
736 736 7.81767589413e-07
737 737 6.83323749029e-05
738 738 5125.65976528
739 739 5.74700725801e-05
740 740 4.02758796366e-06
741 741 7.50224001768e-05
742 742 6.53197884366e-05
743 743 7.30016508439e-06
744 744 9.92150007575e-05
745 745 5.96548435112e-05
746 746 7.81835663718e-06
747 747 887.636095585
748 748 6.59788188693e-05
749 749 4.13065973942e-05
750 750 6.97785660038e-06
751 751 2.14418992262e-05
752 752 5.82853684693e-05
753 753 9.64807549274e-05
754 754 3.07750412813e-05
755 755 5220.84153418
756 756 9.35288206011e-05
757 757 6.60712414027e-05
758 758 8.97992161975e-05
759 759 1.34759386648e-05
760 760 2200.03974221
761 761 6.71578603651e-05
762 762 5.8691067157e-05
763 763 5.40794179975e-06
764 764 1128.04705298
765 765 9.06159386858e-05
766 766 4.61492292705e-05
767 767 3.20375861034e-05
768 768 5.30442690977e-06
769 769 8.82002351157e-06
770 770 1.03420661764e-05
771 771 221.850258174
772 772 2.34048955673e-05
773 773 3.46278932182e-06
774 774 3328.11909822
775 775 8.52727087298e-05
776 776 7.53981896917e-05
777 777 6.973451921e-07
778 778 2748.18952211
779 779 3.37916204727e-05
780 780 7.56895253236e-05
781 781 7.85720436369e-05
782 782 3753.59478709
783 783 7.26110917193e-05
784 784 8.23256004172e-05
785 785 9.00752178651e-05
786 786 899.754959506
787 787 793.529720173
788 788 5.55226160334e-05
789 789 9.79118641687e-05
790 790 5.81586911302e-05
791 791 9.57343307578e-06
792 792 2088.68058895
793 793 8.02480017161e-05
794 794 84.3444064498
795 795 1.69389799236e-05
796 796 5111.19427477
797 797 2025.96702814
798 798 5.00771509091e-05
799 799 9.40690365139e-06
800 800 5.82103271139e-05
801 801 6.61536380125e-05
802 802 3672.45939376
803 803 5583.48900859
804 804 9.36973111514e-06
805 805 7.86414976256e-05
806 806 1.61957900425e-05
807 807 1265.81008465
808 808 7.34344775482e-05
809 809 2.47333342821e-05
810 810 1.23563224848e-05
811 811 5285.52272889
812 812 1.65898329545e-05
813 813 8.45638704015e-06
814 814 1.12971138235e-05
815 815 3.19118247572e-05
816 816 8.41274058868e-05
817 817 5.57450543003e-05
818 818 2.91661858926e-05
819 819 3379.20559452
820 820 7.4333761186e-05
821 821 4794.46830668
822 822 2.73397594007e-05
823 823 2.05406566583e-05
824 824 7.58159663414e-06
825 825 1.85952169295e-05
826 826 8.12097734301e-05
827 827 1.52744345555e-05
828 828 9.67836288829e-05
829 829 4.28285798054e-06
830 830 7.67450624362e-05
831 831 4.48958436217e-05
832 832 7.54798902689e-05
833 833 8.67170694771e-06
834 834 146.906279288
835 835 4.4604743028e-06
836 836 9.85392257824e-05
837 837 2.04131637621e-05
838 838 4373.01310576
839 839 7.31321588413e-06
840 840 1765.09519198
841 841 7.04022391295e-05
842 842 8.44112657291e-05
843 843 4.09484108417e-05
844 844 1849.26935507
845 845 974.205598723
846 846 4.43072830425e-05
847 847 8.9016222438e-05
848 848 3980.17867799
849 849 3435.14467825
850 850 2.03370661326e-05
851 851 1.079706494e-05
852 852 5.46095030737e-05
853 853 3867.63132438
854 854 4.66261041761e-05
855 855 1222.69112402
856 856 971.466240712
857 857 7.66455024595e-05
858 858 4347.58836391
859 859 4.44255131686e-05
860 860 1.5982317013e-05
861 861 3.3209899307e-05
862 862 5.16454381518e-05
863 863 9.33717337369e-05
864 864 138.52662761
865 865 8.12711130605e-05
866 866 4547.92398538
867 867 9.77670720215e-05
868 868 4962.16445634
869 869 2815.36471432
870 870 9.83176581717e-05
871 871 1.65006395161e-05
872 872 6.67283482299e-05
873 873 9.36519077384e-05
874 874 4290.6348184
875 875 1.66563784744e-05
876 876 7.79005799694e-05
877 877 743.004535898
878 878 4.16654475173e-05
879 879 1078.55563628
880 880 4.97333275388e-05
881 881 5.1117288726e-05
882 882 4464.44382102
883 883 9.65173074889e-05
884 884 1864.16245506
885 885 7.28029014547e-05
886 886 1.20775488258e-05
887 887 2.86588641124e-05
888 888 7.23370559159e-05
889 889 2376.09064483
890 890 7.6298479547e-05
891 891 1.55269298923e-07
892 892 4.2330924308e-05
893 893 6.50798135675e-06
894 894 5.17085573007e-05
895 895 992.470341104
896 896 1.64191322795e-05
897 897 5.62994094769e-05
898 898 2.09726741653e-05
899 899 341.891048834
900 900 5.89789679771e-05
901 901 5094.57651018
902 902 2.28212057553e-05
903 903 7.07478807733e-05
904 904 5.95823969376e-05
905 905 3.97706129916e-05
906 906 5136.54000716
907 907 1.24841203331e-05
908 908 3757.90690688
909 909 4735.62343111
910 910 9.59447520159e-05
911 911 4.44828505796e-05
912 912 9.38170373457e-05
913 913 4.91835653772e-05
914 914 2302.87788496
915 915 3.02834166639e-05
916 916 6.95039050811e-05
917 917 7.85976756714e-05
918 918 5.40303603589e-06
919 919 8.17834961419e-05
920 920 6.50111779335e-05
921 921 3288.08956988
922 922 8.62293098883e-05
923 923 2.5359294877e-05
924 924 9.46537293076e-05
925 925 3.26029404234e-05
926 926 7.68084567228e-05
927 927 4.60543485747e-05
928 928 4.95866089151e-05
929 929 6.13441413589e-05
930 930 4296.64382767
931 931 4.89739541484e-05
932 932 6.69927299269e-05
933 933 1139.94539866
934 934 2.65384846935e-06
935 935 3792.31849765
936 936 2.2791326042e-06
937 937 8.50372441215e-05
938 938 1696.90263598
939 939 9.04699607371e-05
940 940 5061.39314936
941 941 1.54339075289e-05
942 942 8.20733578626e-05
943 943 8.03152014699e-05
944 944 6.5062045249e-05
945 945 1.50039661804e-05
946 946 2.67151414164e-05
947 947 341.679424758
948 948 2.91621823511e-05
949 949 1.41270431994e-05
950 950 5.86189956129e-05
951 951 1377.03765329
952 952 9.27277647244e-06
953 953 854.200268285
954 954 5353.73706698
955 955 7.61365383479e-05
956 956 4117.91329531
957 957 303.275087332
958 958 9.23559282415e-05
959 959 2461.49844804
960 960 4589.73551355
961 961 5.59696956935e-05
962 962 1.52698952012e-05
963 963 5.8121985545e-05
964 964 5.5796320801e-05
965 965 4.77627724755e-05
966 966 4.48270765109e-06
967 967 2.31554062279e-05
968 968 8.57649518015e-05
969 969 3768.78676759
970 970 9.54773804632e-05
971 971 4.40342068464e-05
972 972 4.91570617727e-05
973 973 7.60867118145e-05
974 974 1360.86360164
975 975 6.08317421226e-05
976 976 7.97056977879e-06
977 977 2023.075484
978 978 9.52290990021e-05
979 979 8.65352535968e-05
980 980 3323.52804593
981 981 6.16733223049e-05
982 982 6.6651156113e-05
983 983 9.13908837303e-05
984 984 4.09821958366e-05
985 985 7.82346166511e-05
986 986 7.01535616996e-06
987 987 8.32663047541e-05
988 988 5.16131906739e-05
989 989 5.89410049551e-05
990 990 9.28165991263e-05
991 991 9.12873056631e-06
992 992 5271.526808
993 993 2.84255367382e-05
994 994 2.38057260731e-05
995 995 7.94778730746e-05
996 996 5441.99015125
997 997 5.77565860468e-05
998 998 8.4855757947e-05
999 999 3735.62605864
1000 1000 1232.31985529
1001 1001 1.51643907183e-05
1002 1002 5.06869717133e-05
1003 1003 4.25693309447e-05
1004 1004 1.54588937774e-05
1005 1005 2616.22542634
1006 1006 3810.30521746
1007 1007 8.42195669946e-05
1008 1008 6.20959096356e-05
1009 1009 3210.67764288
1010 1010 8.10670664561e-05
1011 1011 7.78911659584e-05
1012 1012 6.48037777789e-05
1013 1013 2459.51975646
1014 1014 3.43476771489e-05
1015 1015 6.81257030847e-06
1016 1016 1.83328938326e-05
1017 1017 5.41520647798e-05
1018 1018 5.07705871871e-05
1019 1019 6.77764553084e-05
1020 1020 9.29812691333e-05
1021 1021 3500.84688268
1022 1022 4026.94130002
1023 1023 2.90312971062e-05
1024 1024 554.669781458
1025 1025 7.69320638459e-05
1026 1026 8.53913747445e-05
1027 1027 5.63191102479e-05
1028 1028 5.90692579059e-05
1029 1029 1.14327837177e-05
1030 1030 5527.28500282
1031 1031 7.703026831e-05
1032 1032 6.67917555848e-05
1033 1033 8.65209237628e-05
1034 1034 546.234142727
1035 1035 1.07006770003e-05
1036 1036 5.23146941956e-05
1037 1037 6.58114859423e-05
1038 1038 5.89772665213e-05
1039 1039 8.12175317392e-05
1040 1040 638.001731823
1041 1041 3436.25420982
1042 1042 7.70182866917e-05
1043 1043 7.0422787426e-05
1044 1044 3.27487217503e-05
1045 1045 9.39912744587e-05
1046 1046 1660.37355583
1047 1047 7.04410386475e-05
1048 1048 1346.12078184
1049 1049 4.26470936483e-05
1050 1050 3.01769279905e-05
1051 1051 4.87352689581e-05
1052 1052 1.20160599412e-05
1053 1053 7.94976726397e-05
1054 1054 5.5684216438e-05
1055 1055 8.17001581628e-05
1056 1056 3511.40793376
1057 1057 7.16186810071e-05
1058 1058 7.97557764863e-06
1059 1059 3.08700536867e-05
1060 1060 7.24587624564e-05
1061 1061 7.10815266077e-05
1062 1062 8.47752349491e-05
1063 1063 9.12841418486e-05
1064 1064 7.88821525191e-05
1065 1065 2.21337564972e-05
1066 1066 9.89259481648e-05
1067 1067 1.663624941e-05
1068 1068 6.45100031296e-05
1069 1069 4.26098607265e-05
1070 1070 9.52727564393e-05
1071 1071 9.05219466717e-05
1072 1072 439.960686389
1073 1073 3.0341017379e-05
1074 1074 9.81998424971e-05
1075 1075 4399.39683428
1076 1076 4802.66655754
1077 1077 8.65104366003e-05
1078 1078 145.73826933
1079 1079 3.27718738685e-05
1080 1080 7.89460844771e-05
1081 1081 2.54730455444e-05
1082 1082 2.19131926931e-05
1083 1083 8.77262599346e-05
1084 1084 5.92313082038e-06
1085 1085 1.9816649892e-05
1086 1086 6.41244610375e-05
1087 1087 6.52623247773e-05
1088 1088 1.20110414577e-05
1089 1089 6.9061546317e-05
1090 1090 2.65628565387e-05
1091 1091 3.21485784118e-05
1092 1092 5059.78366909
1093 1093 2964.20414298
1094 1094 7.76347153883e-05
1095 1095 7.88865630745e-05
1096 1096 5208.32094703
1097 1097 2.80628004265e-05
1098 1098 7.72265592731e-05
1099 1099 1.30487742339e-05
1100 1100 2.46716537265e-05
1101 1101 1.65489960783e-05
1102 1102 2885.17346596
1103 1103 9.13980315372e-05
1104 1104 8.12277896533e-05
1105 1105 2112.36120643
1106 1106 7.85284901756e-06
1107 1107 2.512982151e-05
1108 1108 6.87740582325e-07
1109 1109 3790.380776
1110 1110 2632.5767776
1111 1111 5.47743985468e-05
1112 1112 7.84041590777e-06
1113 1113 1.96050794812e-05
1114 1114 3.43750184398e-05
1115 1115 7.48244097283e-05
1116 1116 8.21026598149e-05
1117 1117 6.69503414057e-05
1118 1118 7.2193896655e-05
1119 1119 3.46921514328e-05
1120 1120 3175.99788963
1121 1121 2.99136063108e-06
1122 1122 7.21675501148e-06
1123 1123 2.63804830058e-05
1124 1124 5.90886922945e-05
1125 1125 4088.69763342
1126 1126 2.50641995164e-05
1127 1127 6.24597321338e-05
1128 1128 7.03936213788e-05
1129 1129 6.11618254958e-05
1130 1130 5.58741875663e-06
1131 1131 1224.63187869
1132 1132 6.954678948e-05
1133 1133 5.90045477528e-05
1134 1134 1.01405696781e-05
1135 1135 8.06093149088e-07
1136 1136 4426.06141753
1137 1137 5.42425212264e-05
1138 1138 4.28948915226e-05
1139 1139 2090.18830449
1140 1140 7.89993072319e-05
1141 1141 9.28535710941e-05
1142 1142 9.02330400553e-05
1143 1143 8.14719127588e-05
1144 1144 1408.20716781
1145 1145 9.41711549829e-05
1146 1146 1.01148070213e-05
1147 1147 3.84521843381e-05
1148 1148 6.05824593486e-05
1149 1149 3.5190368083e-05
1150 1150 4475.63545575
1151 1151 3705.06588123
1152 1152 7.54025217823e-05
1153 1153 1.30517654499e-05
1154 1154 1.32589602646e-05
1155 1155 8.56854609823e-05
1156 1156 4.94047590702e-05
1157 1157 6.97323904042e-05
1158 1158 5.97272587147e-05
1159 1159 5.09866342879e-05
1160 1160 1357.08256616
1161 1161 2070.66669954
1162 1162 7.72369647854e-05
1163 1163 96.3140815847
1164 1164 3.46250731022e-05
1165 1165 5201.7137803
1166 1166 4.71256355938e-05
1167 1167 1.66590977844e-05
1168 1168 3892.50975375
1169 1169 4.3795852424e-05
1170 1170 6.58297722941e-05
1171 1171 2451.70604056
1172 1172 7.69820596404e-05
1173 1173 4295.36568459
1174 1174 5023.73858568
1175 1175 330.922603112
1176 1176 8.69169846105e-05
1177 1177 6.36331568449e-05
1178 1178 4.15762580649e-05
1179 1179 5047.21966904
1180 1180 5.48856156062e-05
1181 1181 9.23276780015e-05
1182 1182 8.38918695129e-05
1183 1183 1.44381959201e-05
1184 1184 5148.93268403
1185 1185 4724.36015414
1186 1186 7.09449818269e-05
1187 1187 9.85217985184e-05
1188 1188 1.94971172326e-05
1189 1189 4.35268649351e-05
1190 1190 4.1285968102e-05
1191 1191 3700.54501367
1192 1192 9.25733356354e-05
1193 1193 3.60767851561e-05
1194 1194 4.5080237994e-05
1195 1195 3877.8871176
1196 1196 6.61039675598e-05
1197 1197 1210.97149552
1198 1198 2.58049731273e-05
1199 1199 2.82135047125e-05
1200 1200 2.8979590194e-05
1201 1201 9.75847435363e-05
1202 1202 2.4860141708e-05
1203 1203 3370.98400252
1204 1204 9.57318380321e-05
1205 1205 1449.28754758
1206 1206 2509.78118981
1207 1207 2.16151045143e-05
1208 1208 6.58136690429e-05
1209 1209 1.89088006337e-05
1210 1210 5267.85902379
1211 1211 3125.2006241
1212 1212 252.48340119
1213 1213 1.33002388163e-06
1214 1214 7.55143275135e-05
1215 1215 5213.63236998
1216 1216 3.12458335823e-05
1217 1217 2506.36163333
1218 1218 2.23149359919e-05
1219 1219 4250.78773304
1220 1220 1102.03810515
1221 1221 1.63325755425e-05
1222 1222 4.57364581518e-05
1223 1223 6.02713143535e-05
1224 1224 5.28743059624e-05
1225 1225 826.3149761
1226 1226 7.23177724359e-05
1227 1227 4976.58426243
1228 1228 7.36244733903e-05
1229 1229 4535.30348743
1230 1230 4.42756633539e-06
1231 1231 310.686618216
1232 1232 3.03085739979e-06
1233 1233 1.30437864512e-05
1234 1234 6.21508471154e-05
1235 1235 4.56647708977e-05
1236 1236 2.95091776441e-05
1237 1237 5.06776637502e-05
1238 1238 1796.35209081
1239 1239 7.24379032748e-05
1240 1240 241.641285586
1241 1241 3.59592271104e-05
1242 1242 9.38120199373e-05
1243 1243 2310.92988738
1244 1244 6.05306015125e-05
1245 1245 2.78773748213e-05
1246 1246 8.37788540387e-05
1247 1247 4.28458919654e-05
1248 1248 4400.19703717
1249 1249 9.08239572859e-05
1250 1250 3707.0083414
1251 1251 8.83834562264e-05
1252 1252 4093.90816819
1253 1253 4678.1115912
1254 1254 4.6959782124e-05
1255 1255 9.674669473e-05
1256 1256 2254.80032193
1257 1257 4.0153911237e-06
1258 1258 8.0333370795e-05
1259 1259 1.89290951556e-05
1260 1260 4.99573013709e-06
1261 1261 7.17665700047e-05
1262 1262 4.63342010541e-05
1263 1263 3.25251650056e-05
1264 1264 4398.05514623
1265 1265 1.13583515607e-05
1266 1266 4.45269845402e-05
1267 1267 2.10460690481e-05
1268 1268 7.9321948477e-05
1269 1269 2.72869814589e-05
1270 1270 8.58613060896e-05
1271 1271 5530.5268476
1272 1272 2558.76600422
1273 1273 9.36415515862e-05
1274 1274 8.69172272709e-05
1275 1275 2.64971833147e-05
1276 1276 8.30948531325e-05
1277 1277 5.93739141024e-05
1278 1278 227.267878306
1279 1279 6.01851506016e-05
1280 1280 7.80206861094e-05
1281 1281 9.1755018985e-05
1282 1282 5.151571502e-05
1283 1283 1.84951977011e-05
1284 1284 1.88319061287e-05
1285 1285 1506.05369581
1286 1286 380.042521505
1287 1287 4.60999982133e-05
1288 1288 1.61237636139e-06
1289 1289 1.77947301472e-05
1290 1290 6.24823158188e-05
1291 1291 3.29876444423e-05
1292 1292 5.08552244081e-05
1293 1293 4.13253902563e-06
1294 1294 5.25648831372e-05
1295 1295 7.85190222829e-05
1296 1296 824.81206521
1297 1297 2.02359656183e-06
1298 1298 3.05082787794e-05
1299 1299 1.11219616099e-05
1300 1300 9.52753772601e-05
1301 1301 4148.44004145
1302 1302 2.5066033061e-05
1303 1303 4.56995017496e-06
1304 1304 9.13387454828e-05
1305 1305 618.19356029
1306 1306 434.250106525
1307 1307 4130.38041957
1308 1308 1573.14024548
1309 1309 6.23425670673e-06
1310 1310 5036.47105516
1311 1311 9.02720965721e-05
1312 1312 4140.8124289
1313 1313 3788.7962099
1314 1314 3951.33626393
1315 1315 1.73645619743e-05
1316 1316 3115.86503919
1317 1317 112.501642475
1318 1318 4.49307953674e-05
1319 1319 6.25830530751e-05
1320 1320 5514.71737597
1321 1321 295.426011424
1322 1322 6.90198341326e-05
1323 1323 9.86100731675e-05
1324 1324 5090.82393714
1325 1325 3.25627801291e-05
1326 1326 2920.61621792
1327 1327 3.99768212808e-05
1328 1328 255.185791634
1329 1329 4.88634326988e-05
1330 1330 3.26287402105e-05
1331 1331 8.23977008707e-05
1332 1332 3628.28533962
1333 1333 1.81295847297e-05
1334 1334 9.51038474549e-05
1335 1335 7.2917189911e-05
1336 1336 9.86212251141e-05
1337 1337 7.03682422051e-05
1338 1338 3567.50116865
1339 1339 2.41622055648e-05
1340 1340 6.97022715523e-05
1341 1341 3620.26035169
1342 1342 4.23980843481e-05
1343 1343 8.66388084446e-05
1344 1344 5.63291672557e-05
1345 1345 9.43920711711e-06
1346 1346 4.93437431897e-05
1347 1347 1.13089584983e-05
1348 1348 9.06474498248e-05
1349 1349 7.39664904388e-05
1350 1350 2749.08698991
1351 1351 3.14806952553e-05
1352 1352 6.0568136932e-05
1353 1353 3.27349999266e-05
1354 1354 4190.32551367
1355 1355 2.19246989625e-05
1356 1356 1.17221433151e-05
1357 1357 142.551502809
1358 1358 4.68806281468e-05
1359 1359 6.71843939761e-05
1360 1360 1.33260148529e-05
1361 1361 3.9033896647e-05
1362 1362 4647.60700885
1363 1363 2.38256754003e-05
1364 1364 7.82586158028e-05
1365 1365 1.29414708895e-05
1366 1366 4896.73013692
1367 1367 2.46379133599e-05
1368 1368 5376.83890205
1369 1369 4714.07032647
1370 1370 3.11757303797e-05
1371 1371 4.88760377986e-05
1372 1372 5.42847971063e-05
1373 1373 5.68848184047e-07
1374 1374 1.89356133145e-05
1375 1375 3.62237640999e-05
1376 1376 6.59208045964e-05
1377 1377 4064.0701892
1378 1378 3305.52708983
1379 1379 7.36104172889e-05
1380 1380 3.864587587e-05
1381 1381 1382.93846979
1382 1382 8.02880056804e-05
1383 1383 3.64524654518e-05
1384 1384 6.36291222743e-06
1385 1385 8.58630439808e-05
1386 1386 3.55408823544e-05
1387 1387 2.43828527442e-05
1388 1388 6.21791972934e-06
1389 1389 5.65637052736e-05
1390 1390 4641.45946681
1391 1391 6.85859028953e-05
1392 1392 7.58886643226e-05
1393 1393 3.50448953221e-06
1394 1394 9.86909510039e-05
1395 1395 4.66447061618e-05
1396 1396 7.04304026942e-06
1397 1397 2.85015136438e-05
1398 1398 2.91971765158e-05
1399 1399 3616.64408563
1400 1400 3.72549391186e-05
1401 1401 2579.37305143
1402 1402 5.4762481802e-05
1403 1403 6.43235457986e-05
1404 1404 4735.54103791
1405 1405 1295.13169966
1406 1406 3.24188137968e-05
1407 1407 85.2746422602
1408 1408 4.09226823452e-05
1409 1409 9.26384097533e-05
1410 1410 2.95714854198e-05
1411 1411 9.00205633149e-05
1412 1412 954.057355959
1413 1413 5.93604680487e-05
1414 1414 472.406042255
1415 1415 202.107529337
1416 1416 7.42341426149e-07
1417 1417 2.01366198859e-05
1418 1418 5550.15185371
1419 1419 1.9812724074e-05
1420 1420 6.78962159774e-05
1421 1421 9.50015699513e-05
1422 1422 6.92192956773e-05
1423 1423 1181.31038466
1424 1424 4910.91827515
1425 1425 9.60195183545e-05
1426 1426 2.81746305864e-05
1427 1427 5538.57501416
1428 1428 9.88679138803e-05
1429 1429 9.55730196045e-05
1430 1430 5.26180438929e-05
1431 1431 2826.91026107
1432 1432 7.14165294257e-05
1433 1433 2.15859031636e-05
1434 1434 7.8050107996e-05
1435 1435 4981.26820658
1436 1436 4.83557792518e-05
1437 1437 1.31372473603e-05
1438 1438 3.07163407068e-05
1439 1439 2.24946285264e-05
1440 1440 7.0692812589e-05
1441 1441 4.70325257369e-05
1442 1442 375.665142487
1443 1443 5.72748924843e-05
1444 1444 1503.9407226
1445 1445 9.77156009074e-05
1446 1446 7.7344763483e-05
1447 1447 4047.00521438
1448 1448 1.89229776021e-05
1449 1449 1.36683825487e-05
1450 1450 9.34586151915e-05
1451 1451 3.08422432476e-05
1452 1452 2.06576870806e-05
1453 1453 6.48530892928e-05
1454 1454 3.16379557853e-06
1455 1455 8.37299699204e-05
1456 1456 9.20980068523e-06
1457 1457 2439.84236074
1458 1458 2810.06274608
1459 1459 2.89495009274e-05
1460 1460 9.97867642537e-06
1461 1461 7.79664410524e-05
1462 1462 2009.04551688
1463 1463 8.1242026001e-05
1464 1464 2.05731513548e-05
1465 1465 2.84611009993e-06
1466 1466 4.33565135391e-05
1467 1467 6.98497980544e-05
1468 1468 7.70894039182e-05
1469 1469 8.39598710453e-05
1470 1470 3.07641141981e-05
1471 1471 4.54489579619e-06
1472 1472 5.7559122879e-05
1473 1473 2.8926448655e-05
1474 1474 7.03091795048e-05
1475 1475 183.328653618
1476 1476 1106.6524324
1477 1477 4275.38362133
1478 1478 4.00496214514e-05
1479 1479 7.28084140555e-06
1480 1480 8.25788052976e-05
1481 1481 7.44198082542e-05
1482 1482 6.06848396448e-05
1483 1483 4.62239769391e-05
1484 1484 7.44622295447e-06
1485 1485 4509.90449171
1486 1486 4201.16973921
1487 1487 6.22801539398e-05
1488 1488 8.05554469456e-05
1489 1489 8.40355029949e-05
1490 1490 6.63896612501e-05
1491 1491 9.56106449623e-05
1492 1492 4641.60629576
1493 1493 4662.87696579
1494 1494 3657.54458873
1495 1495 4.45616195587e-05
1496 1496 3.50013907185e-05
1497 1497 9.8293320495e-05
1498 1498 7.30307256564e-05
1499 1499 9.02119067566e-05
1500 1500 3134.26007135
1501 1501 3.27479016969e-05
1502 1502 8.66741825534e-05
1503 1503 6.28530313898e-05
1504 1504 2009.88290608
1505 1505 2.44265450448e-05
1506 1506 9.26405334134e-05
1507 1507 4255.52055084
1508 1508 908.095520803
1509 1509 2.32538442029e-06
1510 1510 3.99828146334e-06
1511 1511 1.7500854372e-05
1512 1512 1.851049561e-05
1513 1513 8.75302584567e-06
1514 1514 3.74632876828e-05
1515 1515 4.47432893467e-05
1516 1516 9.59259644917e-05
1517 1517 1243.14419408
1518 1518 2.08340564674e-05
1519 1519 5.626648802e-06
1520 1520 2.00924540802e-05
1521 1521 2.85523131723e-05
1522 1522 3754.50207631
1523 1523 2395.14306293
1524 1524 3.23496970656e-05
1525 1525 3.35248901303e-05
1526 1526 3468.55701405
1527 1527 5539.1967035
1528 1528 4.63852265932e-05
1529 1529 2.61908047957e-05
1530 1530 8.83637431659e-05
1531 1531 300.784370507
1532 1532 2.14239613745e-05
1533 1533 4817.44175433
1534 1534 4520.48322485
1535 1535 3.08808289289e-05
1536 1536 1220.56821652
1537 1537 4438.95758383
1538 1538 7.3332240204e-05
1539 1539 292.428760982
1540 1540 4.31750923116e-05
1541 1541 2272.35396019
1542 1542 4540.83354933
1543 1543 3.7954682215e-05
1544 1544 5.4337160129e-05
1545 1545 5.44672600939e-05
1546 1546 3.24404372207e-05
1547 1547 6.23289849564e-05
1548 1548 4111.71072799
1549 1549 4.00821215774e-05
1550 1550 9.58480444151e-05
1551 1551 3447.50429283
1552 1552 8.6234524994e-05
1553 1553 2967.85930123
1554 1554 3.27699145236e-05
1555 1555 3707.88751074
1556 1556 2.57038623708e-05
1557 1557 2.94460025709e-05
1558 1558 1.15084642502e-05
1559 1559 1036.1204625
1560 1560 6.28062495801e-05
1561 1561 1687.98298114
1562 1562 8.86579562736e-06
1563 1563 5.48927169586e-05
1564 1564 2.38097255231e-05
1565 1565 1696.7041482
1566 1566 4.50317886512e-05
1567 1567 7.43657587049e-05
1568 1568 4846.55085932
1569 1569 5287.33070811
1570 1570 5.67288955189e-05
1571 1571 5.7112422717e-05
1572 1572 4.25609367225e-05
1573 1573 1.18547704935e-05
1574 1574 217.788692787
1575 1575 6.78478352943e-05
1576 1576 5.97772703621e-05
1577 1577 6.91719309012e-06
1578 1578 4956.53055306
1579 1579 4.71319439657e-05
1580 1580 1.0947331971e-05
1581 1581 3011.65816445
1582 1582 3.10565879519e-05
1583 1583 1123.05930824
1584 1584 4381.64142182
1585 1585 5.78933642453e-05
1586 1586 3.65587488195e-05
1587 1587 7.10489384036e-05
1588 1588 4.26801638298e-05
1589 1589 4.49732773404e-05
1590 1590 5.05292003695e-05
1591 1591 1999.33175884
1592 1592 5.97147370655e-05
1593 1593 3.35391462309e-05
1594 1594 6.02558060826e-05
1595 1595 7.77925302874e-05
1596 1596 2887.61012303
1597 1597 4.73456470518e-05
1598 1598 6.03072542631e-05
1599 1599 5.30843775326e-05
1600 1600 1.234670486e-05
1601 1601 7.18597999985e-05
1602 1602 3486.27514246
1603 1603 1260.45906062
1604 1604 9.70146055543e-05
1605 1605 2.82177302402e-05
1606 1606 2.75811174783e-05
1607 1607 6.87025780971e-05
1608 1608 9.91730853328e-05
1609 1609 5.9326376071e-05
1610 1610 7.87075921096e-05
1611 1611 4.46987329378e-05
1612 1612 1.28352079473e-05
1613 1613 5.24660007884e-05
1614 1614 9.95660097509e-05
1615 1615 3854.73938718
1616 1616 7.74834018092e-05
1617 1617 3.50547405745e-05
1618 1618 7.79475977059e-05
1619 1619 7.55053960977e-05
1620 1620 1442.95576414
1621 1621 5486.59534099
1622 1622 4.28516614805e-05
1623 1623 8.97499872653e-05
1624 1624 4.36590954112e-05
1625 1625 6.96426284453e-05
1626 1626 2.68743341398e-05
1627 1627 1435.76999815
1628 1628 4.72734336596e-05
1629 1629 5.1995833507e-05
1630 1630 7.32605078096e-05
1631 1631 1.94407470203e-05
1632 1632 3.99818253094e-05
1633 1633 9.58459210388e-05
1634 1634 3474.68711861
1635 1635 2.2860986761e-06
1636 1636 1595.27417747
1637 1637 5.36546127013e-05
1638 1638 5.07745951699e-05
1639 1639 3.31768554702e-05
1640 1640 6.26264346131e-05
1641 1641 544.65295048
1642 1642 9.28209591167e-06
1643 1643 3088.07756921
1644 1644 2.52759859643e-05
1645 1645 5.76380050458e-05
1646 1646 4.65745048948e-06
1647 1647 4.92595693949e-05
1648 1648 5.63458091795e-05
1649 1649 5.86921576933e-05
1650 1650 6.13613345894e-05
1651 1651 4328.40794356
1652 1652 6.71415722123e-05
1653 1653 2432.36750504
1654 1654 5370.49156445
1655 1655 7.97600140448e-05
1656 1656 9.85713336333e-05
1657 1657 3.54273613328e-05
1658 1658 1.23549371246e-05
1659 1659 5.916502839e-05
1660 1660 9.76752992751e-05
1661 1661 513.465559733
1662 1662 4.1838198199e-05
1663 1663 9.15365817133e-05
1664 1664 1.07924223206e-06
1665 1665 1347.53578076
1666 1666 8.40082776401e-05
1667 1667 535.918749746
1668 1668 9.62625426083e-06
1669 1669 2401.42832759
1670 1670 8.75364215625e-05
1671 1671 4198.68953109
1672 1672 7.2015447735e-05
1673 1673 3505.61477708
1674 1674 2.14329523727e-05
1675 1675 7.46552978814e-05
1676 1676 9.37862162609e-05
1677 1677 7.96508459124e-05
1678 1678 8.02597353177e-05
1679 1679 8.10953454978e-05
1680 1680 8.06659563252e-05
1681 1681 4.47128030195e-05
1682 1682 3.71188395189e-05
1683 1683 3.45116522767e-05
1684 1684 8.75586781825e-05
1685 1685 2.5579984923e-05
1686 1686 6.52878700695e-05
1687 1687 9.84346810867e-06
1688 1688 1.83203969109e-05
1689 1689 3698.18862108
1690 1690 3.90957458977e-05
1691 1691 1.15378497595e-05
1692 1692 4.64513668916e-05
1693 1693 5.88409480124e-05
1694 1694 2.80126716889e-05
1695 1695 5.23584779e-06
1696 1696 3.64276239322e-05
1697 1697 6.66598755312e-06
1698 1698 5.89848625951e-06
1699 1699 9.15115839842e-05
1700 1700 5.90596196674e-05
1701 1701 4.26090320268e-05
1702 1702 4.52268501215e-05
1703 1703 9.23578764184e-05
1704 1704 1201.23142481
1705 1705 4346.03572418
1706 1706 1.89956337231e-05
1707 1707 4.60664360559e-05
1708 1708 2.27086723604e-05
1709 1709 4.95972512715e-05
1710 1710 3.96144658317e-05
1711 1711 2.28112858198e-06
1712 1712 1.13459348285e-05
1713 1713 4517.16639226
1714 1714 2.95181546159e-05
1715 1715 5.57087905015e-05
1716 1716 6.09436210062e-05
1717 1717 8.90976429955e-05
1718 1718 2.59276499603e-05
1719 1719 5061.29957939
1720 1720 1.8505310958e-05
1721 1721 3.64553303675e-06
1722 1722 3.56208353326e-05
1723 1723 8.13740330951e-05
1724 1724 7.0758266293e-05
1725 1725 2.66868716994e-06
1726 1726 1429.37123303
1727 1727 7.46807001684e-06
1728 1728 7.90636334538e-05
1729 1729 3.90794680988e-05
1730 1730 8.22520857571e-05
1731 1731 3.68394084008e-05
1732 1732 8.92892753966e-05
1733 1733 966.703840017
1734 1734 3721.05033546
1735 1735 3.72436433449e-05
1736 1736 5.9852496454e-05
1737 1737 1.23682291513e-05
1738 1738 8.5871690197e-05
1739 1739 2034.83260024
1740 1740 1.7922843143e-05
1741 1741 4.13031151984e-06
1742 1742 2.80794746496e-06
1743 1743 4.25001002341e-05
1744 1744 7.7377114661e-05
1745 1745 6.16787648538e-05
1746 1746 9.48927518622e-05
1747 1747 2101.29243705
1748 1748 1883.24097855
1749 1749 2.12178003096e-05
1750 1750 1.51439691767e-05
1751 1751 4321.58851668
1752 1752 8.94665838017e-05
1753 1753 2922.73703105
1754 1754 4.03866364531e-05
1755 1755 5.06649529383e-05
1756 1756 1.73251103393e-05
1757 1757 3142.02258644
1758 1758 1331.52817715
1759 1759 5.66355405115e-05
1760 1760 2.83868326134e-06
1761 1761 7.50424290965e-05
1762 1762 2531.7550021
1763 1763 8.13052555214e-05
1764 1764 4497.21113017
1765 1765 1.31440784761e-06
1766 1766 2.64732929619e-05
1767 1767 4.80024766682e-05
1768 1768 9.47929140921e-05
1769 1769 2.43780032354e-05
1770 1770 4.65312353496e-05
1771 1771 1.84613053197e-06
1772 1772 7.67008292278e-05
1773 1773 9.34832497577e-06
1774 1774 7.51251237838e-05
1775 1775 5.04138125514e-06
1776 1776 5032.43912434
1777 1777 3.61875318608e-05
1778 1778 6.92512385466e-05
1779 1779 5.47539664612e-05
1780 1780 8.92554480369e-05
1781 1781 8.54960727879e-05
1782 1782 5442.76649764
1783 1783 3283.21149567
1784 1784 8.61718784116e-05
1785 1785 1.33107345027e-05
1786 1786 9.49729556307e-05
1787 1787 1.38832160263e-05
1788 1788 6.93259973478e-05
1789 1789 5.02712345538e-05
1790 1790 1.8798822226e-05
1791 1791 592.193090648
1792 1792 5.97635057214e-05
1793 1793 1329.37271889
1794 1794 4.81818803706e-05
1795 1795 3442.90700848
1796 1796 6.99614018817e-05
1797 1797 7.99737102352e-05
1798 1798 2.33061332644e-05
1799 1799 2712.4788969
1800 1800 4.10075780798e-07
1801 1801 1.39030084485e-05
1802 1802 8.65910890907e-05
1803 1803 1.4821540021e-06
1804 1804 2402.62417815
1805 1805 6.35594971462e-05
1806 1806 2494.78296215
1807 1807 2529.82135915
1808 1808 3349.84328146
1809 1809 5.92022783766e-05
1810 1810 4.85908095302e-05
1811 1811 6.85708939432e-06
1812 1812 6.82110002661e-05
1813 1813 1545.07282359
1814 1814 1150.17608346
1815 1815 2.35496413294e-05
1816 1816 4.32524608456e-05
1817 1817 7.54946247836e-05
1818 1818 1.19162604377e-05
1819 1819 4143.06684906
1820 1820 6.87483749473e-05
1821 1821 1.49250898991e-05
1822 1822 8.53166087036e-05
1823 1823 7.6773524488e-06
1824 1824 8.15287217031e-05
1825 1825 2.74895049625e-05
1826 1826 8.66538802239e-05
1827 1827 4333.80667963
1828 1828 4981.87169199
1829 1829 6.93594934451e-05
1830 1830 5.71714621082e-05
1831 1831 2.53007017164e-05
1832 1832 4123.28843637
1833 1833 8.15325849684e-05
1834 1834 9.21513018947e-05
1835 1835 8.61896002335e-06
1836 1836 4.30541111664e-05
1837 1837 2283.30315897
1838 1838 2.2631713296e-05
1839 1839 5171.48750472
1840 1840 1.63042956388e-07
1841 1841 4.75629711339e-05
1842 1842 6.74455676364e-05
1843 1843 4961.3213444
1844 1844 2086.35557939
1845 1845 3991.07689114
1846 1846 9.90721511553e-05
1847 1847 8.66373411524e-06
1848 1848 2.78926960153e-05
1849 1849 2.13554538335e-05
1850 1850 8.50621970175e-05
1851 1851 3208.58539664
1852 1852 3184.02764132
1853 1853 3938.34354689
1854 1854 3994.90022512
1855 1855 4.09590888592e-05
1856 1856 2.23999983389e-05
1857 1857 3.93173897493e-05
1858 1858 6.87650550309e-05
1859 1859 3.10893069887e-05
1860 1860 2.31724738764e-05
1861 1861 3455.25162638
1862 1862 4.18356255814e-05
1863 1863 3.51714682213e-05
1864 1864 243.859056468
1865 1865 3.43277031944e-05
1866 1866 169.518146155
1867 1867 1346.03266965
1868 1868 1.78862169206e-05
1869 1869 4.66077015218e-05
1870 1870 5279.74411814
1871 1871 9.16653633598e-05
1872 1872 9.4551592286e-05
1873 1873 1366.94678883
1874 1874 9.39775560414e-05
1875 1875 2.25538115823e-05
1876 1876 5.43572682279e-05
1877 1877 8.99241781222e-05
1878 1878 4.45224742642e-05
1879 1879 3484.80244921
1880 1880 9.23437707757e-06
1881 1881 5.25076611263e-05
1882 1882 7.76638712912e-05
1883 1883 1.43332559832e-05
1884 1884 3.1267959981e-05
1885 1885 215.6823324
1886 1886 5.3684587243e-05
1887 1887 4.23776574684e-05
1888 1888 8.56278328468e-05
1889 1889 5.95734896885e-05
1890 1890 1.65728167619e-05
1891 1891 2.47954837534e-05
1892 1892 3.81117847565e-05
1893 1893 2.03863764091e-05
1894 1894 1.03375215624e-06
1895 1895 6.11294381383e-05
1896 1896 4.34476634775e-05
1897 1897 7.71578172756e-05
1898 1898 5568.36081053
1899 1899 5034.97318354
1900 1900 4.22974005208e-05
1901 1901 5438.26032003
1902 1902 3.7642123047e-05
1903 1903 5.91596739719e-06
1904 1904 6.41358372228e-06
1905 1905 3.57214416905e-06
1906 1906 5145.12228488
1907 1907 4949.69783327
1908 1908 6.36762978157e-05
1909 1909 927.675280504
1910 1910 4109.38381211
1911 1911 5435.81971895
1912 1912 1717.26776385
1913 1913 2.99614587819e-05
1914 1914 1362.60739897
1915 1915 670.59362323
1916 1916 2908.23780668
1917 1917 1.61124143364e-05
1918 1918 7.51686171921e-06
1919 1919 1362.5684022
1920 1920 5139.85300214
1921 1921 2.30956729479e-05
1922 1922 2.76452070103e-05
1923 1923 8.63269948117e-05
1924 1924 5243.75823376
1925 1925 2349.52358446
1926 1926 4.27994215282e-06
1927 1927 355.743231169
1928 1928 5339.54523571
1929 1929 2816.47745067
1930 1930 1.71820455541e-05
1931 1931 5.67164210594e-06
1932 1932 6.52078026809e-05
1933 1933 8.1084192628e-05
1934 1934 6.42730465343e-05
1935 1935 3.62817733291e-05
1936 1936 9.78143782796e-05
1937 1937 5.42794001557e-05
1938 1938 2.24188753938e-05
1939 1939 5.04604049489e-05
1940 1940 7.77766430403e-05
1941 1941 4.04203534827e-05
1942 1942 9.67639220828e-05
1943 1943 5.75541940948e-05
1944 1944 5.16110777632e-05
1945 1945 7.98768269477e-05
1946 1946 7.25295069137e-06
1947 1947 7.80254744288e-05
1948 1948 4.22755648183e-06
1949 1949 3.34194088991e-05
1950 1950 5072.91436054
1951 1951 9.97913450822e-05
1952 1952 3.01495033539e-05
1953 1953 4094.53004098
1954 1954 2137.27550491
1955 1955 1855.95999759
1956 1956 5060.35061983
1957 1957 7.67570558093e-05
1958 1958 9.20883495673e-05
1959 1959 4.96220505909e-05
1960 1960 8.17817535604e-05
1961 1961 1.4608904177e-05
1962 1962 6.34643900263e-05
1963 1963 3736.26998362
1964 1964 6.52630892937e-05
1965 1965 5364.4435814
1966 1966 3.32746185201e-05
1967 1967 2.34528548142e-05
1968 1968 8.17382107179e-05
1969 1969 4333.91152218
1970 1970 2636.8990466
1971 1971 8.58646550259e-05
1972 1972 3.42173894869e-05
1973 1973 7.4851944548e-05
1974 1974 7.20325434737e-06
1975 1975 9.18022272332e-05
1976 1976 3.20176143535e-05
1977 1977 4.47560486492e-05
1978 1978 4.50829536471e-05
1979 1979 9.67570940115e-05
1980 1980 3.27556961765e-05
1981 1981 9.49293748982e-05
1982 1982 5.39243660374e-05
1983 1983 2.86840443736e-05
1984 1984 6.77215623866e-05
1985 1985 6.89833655944e-05
1986 1986 2.33837125577e-05
1987 1987 1871.94062677
1988 1988 8.93597960261e-05
1989 1989 9.53326180453e-05
1990 1990 3.86718092094e-05
1991 1991 9.95051189641e-05
1992 1992 4.6691992257e-05
1993 1993 7.08309204326e-06
1994 1994 3296.70151823
1995 1995 3.97048387333e-05
1996 1996 6.2746090021e-05
1997 1997 429.451988411
1998 1998 3561.68985462
1999 1999 8.23675413597e-05
2000 2000 3.16782097266e-05
2001 2001 1636.519425
2002 2002 1131.14586688
2003 2003 7.21608476074e-05
2004 2004 8.12955434029e-05
2005 2005 1653.45516795
2006 2006 3.27243638523e-05
2007 2007 9.42352853305e-05
2008 2008 5.68745657074e-06
2009 2009 2520.70579383
2010 2010 4168.75853328
2011 2011 5.76166329073e-05
2012 2012 1.46382098093e-05
2013 2013 5.84802837875e-05
2014 2014 6.37632275844e-05
2015 2015 8.40707756011e-07
2016 2016 4980.77210863
2017 2017 5374.89796601
2018 2018 5.96983956461e-05
2019 2019 3.53379635203e-05
2020 2020 5.41704497944e-05
2021 2021 5.92314702946e-05
2022 2022 4919.94060312
2023 2023 627.130362903
2024 2024 4425.34889087
2025 2025 4.4699598153e-05
2026 2026 2270.3731973
2027 2027 4.77971103725e-05
2028 2028 5.39806601333e-05
2029 2029 1.01045109559e-05
2030 2030 4.7799530583e-05
2031 2031 9.14882876502e-06
2032 2032 4.11525223172e-05
2033 2033 1.96620240335e-05
2034 2034 8.61703071462e-05
2035 2035 4.91188708844e-05
2036 2036 2.79588526714e-06
2037 2037 6.9691557498e-05
2038 2038 5.69236310617e-05
2039 2039 5.31867279012e-05
2040 2040 9.62131043923e-05
2041 2041 2.45238160093e-05
2042 2042 8.05304942166e-05
2043 2043 6.52668314179e-05
2044 2044 5.97902963364e-05
2045 2045 2.51459173707e-05
2046 2046 1.95136477725e-05
2047 2047 1.60335336704e-05
2048 2048 3523.2401394
2049 2049 3.28124163053e-05
2050 2050 9.91479397326e-05
2051 2051 7.27358155668e-05
2052 2052 933.805064162
2053 2053 4.45529240955e-05
2054 2054 4.57705115866e-05
2055 2055 2635.60841457
2056 2056 8.60590235569e-05
2057 2057 4.31230021309e-05
2058 2058 3.68233331437e-05
2059 2059 5.04082189156e-05
2060 2060 4.13548558941e-05
2061 2061 1018.59222022
2062 2062 6.6411429069e-05
2063 2063 3.69972851345e-05
2064 2064 3.13459928864e-05
2065 2065 9.0140517423e-05
2066 2066 6.55901024338e-05
2067 2067 4.17180141874e-05
2068 2068 6.41529230746e-05
2069 2069 4.61051743648e-05
2070 2070 1.45772114864e-05
2071 2071 5605.4766593
2072 2072 7.13227192059e-05
2073 2073 9.25809317396e-06
2074 2074 7.14037879711e-05
2075 2075 8.80210193757e-05
2076 2076 4.89365641395e-06
2077 2077 9.63331969727e-06
2078 2078 1069.20884732
2079 2079 6.01509512716e-05
2080 2080 6.14514065283e-05
2081 2081 4.57314250382e-06
2082 2082 1.11678939578e-05
2083 2083 2664.77931523
2084 2084 4151.89353622
2085 2085 8.25963686468e-05
2086 2086 2.85757982981e-05
2087 2087 9.04718270003e-05
2088 2088 1.88109962655e-06
2089 2089 3.60465926731e-05
2090 2090 7.42902459877e-05
2091 2091 3513.41049993
2092 2092 1363.05014505
2093 2093 2.38060528619e-05
2094 2094 1761.82669372
2095 2095 5255.24201941
2096 2096 2.50541376408e-06
2097 2097 4761.51036795
2098 2098 4.54415921233e-05
2099 2099 6.33986925104e-05
2100 2100 2.75717203279e-05
2101 2101 8.11010824501e-05
2102 2102 6.19307148305e-06
2103 2103 79.4619696385
2104 2104 6.22617765519e-05
2105 2105 4.93447331606e-05
2106 2106 5.79723272072e-06
2107 2107 5.26001276996e-05
2108 2108 6.71910240824e-05
2109 2109 903.889114107
2110 2110 8.81952233764e-05
2111 2111 4.24579185726e-05
2112 2112 4343.11536602
2113 2113 2819.68437463
2114 2114 644.781207205
2115 2115 4001.26628478
2116 2116 3.31223346564e-05
2117 2117 2.87324036633e-05
2118 2118 2.81710676151e-05
2119 2119 5.78105706202e-05
2120 2120 4513.10140133
2121 2121 5.8051802087e-05
2122 2122 6.3744730471e-05
2123 2123 8.85567900576e-05
2124 2124 4658.497547
2125 2125 9.93252005291e-05
2126 2126 4.29041749031e-05
2127 2127 3.1373584165e-05
2128 2128 5486.11653824
2129 2129 3.8391207907e-06
2130 2130 1.45468609506e-06
2131 2131 2.40901007778e-05
2132 2132 4.6794026291e-05
2133 2133 4.4406030138e-05
2134 2134 9.90777334184e-05
2135 2135 5.08975825641e-05
2136 2136 9.16710835376e-05
2137 2137 3274.11377197
2138 2138 9.9708836388e-05
2139 2139 4.97277603149e-05
2140 2140 5272.45012014
2141 2141 9.70223951307e-05
2142 2142 7.07163876794e-05
2143 2143 4753.03680422
2144 2144 5.45275114296e-05
2145 2145 5.55288144801e-05
2146 2146 8.14375587019e-05
2147 2147 5.39619420455e-05
2148 2148 1.98484437435e-05
2149 2149 7.03163734675e-05
2150 2150 1.63147240445e-05
2151 2151 7.89281670287e-05
2152 2152 8.06230208146e-05
2153 2153 2.07347569221e-05
2154 2154 3.41941346825e-05
2155 2155 6.46983339448e-05
2156 2156 5.21132472835e-05
2157 2157 5.31351958441e-05
2158 2158 5.96171656261e-05
2159 2159 1.45458985123e-05
2160 2160 5.83034568007e-05
2161 2161 7.26779783476e-05
2162 2162 5535.49052659
2163 2163 4475.44104376
2164 2164 4.77670391276e-05
2165 2165 4.17518651481e-05
2166 2166 1162.55120847
2167 2167 6.08226970911e-05
2168 2168 4.19748244487e-05
2169 2169 9.29621910993e-05
2170 2170 3491.29529373
2171 2171 4.09535031015e-05
2172 2172 2.62074792606e-05
2173 2173 1.67123061961e-05
2174 2174 1.92774368441e-05
2175 2175 2.22155413928e-05
2176 2176 2.84971355861e-05
2177 2177 7.18026187227e-05
2178 2178 7.02975821589e-05
2179 2179 3016.82779683
2180 2180 2.10023718851e-05
2181 2181 7.64400801665e-05
2182 2182 7.03906845761e-05
2183 2183 594.34270928
2184 2184 8.73851964002e-05
2185 2185 9.08011332987e-05
2186 2186 5319.13442724
2187 2187 7.9009627126e-05
2188 2188 9.3124822573e-05
2189 2189 5.71820782719e-05
2190 2190 7.0196278688e-05
2191 2191 9.12158424147e-05
2192 2192 8.33791598732e-05
2193 2193 1848.6857073
2194 2194 1.10199203736e-05
2195 2195 4.49008287705e-05
2196 2196 5539.51566895
2197 2197 1.9815112668e-05
2198 2198 2.13238404015e-05
2199 2199 4568.43804931
2200 2200 2.40174394958e-05
2201 2201 5134.82159137
2202 2202 6.0866527524e-05
2203 2203 7.6316431698e-05
2204 2204 6.95000514592e-05
2205 2205 880.306023421
2206 2206 1501.66949939
2207 2207 1.71770965039e-05
2208 2208 9.25577106179e-05
2209 2209 2.35550283203e-05
2210 2210 1.69293382145e-05
2211 2211 5.23604048047e-05
2212 2212 971.003796745
2213 2213 7.43649824203e-05
2214 2214 3.76938003362e-05
2215 2215 6.76122990747e-05
2216 2216 8.42394335548e-05
2217 2217 7.30914048794e-05
2218 2218 7.94423662272e-05
2219 2219 8.54789108248e-06
2220 2220 3.82990928039e-05
2221 2221 5.59578216444e-05
2222 2222 798.005224681
2223 2223 2.78508692567e-05
2224 2224 2625.50150464
2225 2225 2.28328861264e-05
2226 2226 5.95201512773e-05
2227 2227 9.39301216299e-05
2228 2228 6.79029829472e-05
2229 2229 8.81054929163e-05
2230 2230 1656.59199515
2231 2231 5.36398719054e-05
2232 2232 4545.39579308
2233 2233 9.88909595525e-06
2234 2234 1.94198157669e-05
2235 2235 5.97532160821e-05
2236 2236 5.67206563688e-05
2237 2237 2142.12510243
2238 2238 7.71526550925e-05
2239 2239 6.20624415333e-05
2240 2240 936.089323724
2241 2241 8.09237500124e-05
2242 2242 2.39238468907e-06
2243 2243 2.25861608228e-05
2244 2244 4856.33013407
2245 2245 499.068535377
2246 2246 9.02122586979e-05
2247 2247 2.42661630581e-06
2248 2248 3.43033928751e-05
2249 2249 4.35320810559e-05
2250 2250 769.654971282
2251 2251 4.02038382068e-05
2252 2252 7.00616196567e-05
2253 2253 2.15080559542e-05
2254 2254 8.5828468446e-05
2255 2255 5353.21889161
2256 2256 3384.63301228
2257 2257 8.12443204582e-05
2258 2258 4.94521010758e-05
2259 2259 4.83331862929e-05
2260 2260 5.40890653455e-05
2261 2261 8.71350805729e-05
2262 2262 2.87224619737e-05
2263 2263 4.39273648279e-05
2264 2264 2487.45237756
2265 2265 6.88107528962e-06
2266 2266 3.28879937723
2267 2267 5241.71910579
2268 2268 2.81716637837e-05
2269 2269 7.89217378106e-05
2270 2270 3336.38790149
2271 2271 1973.3519242
2272 2272 3.72618253124e-06
2273 2273 6.95484181698e-05
2274 2274 3023.86525931
2275 2275 1.65102248132e-05
2276 2276 1335.24952333
2277 2277 659.054767582
2278 2278 3003.71628572
2279 2279 3.45624665149e-05
2280 2280 7.77683420712e-05
2281 2281 3.80323307103e-05
2282 2282 7.09505612303e-05
2283 2283 6.98990566562e-06
2284 2284 2625.34847841
2285 2285 5.84392534729e-05
2286 2286 3.30238476498e-05
2287 2287 4.87665031388e-05
2288 2288 6.41262335274e-05
2289 2289 8.94274684492e-06
2290 2290 5.73918164433e-05
2291 2291 3422.37527477
2292 2292 2.9991277026e-05
2293 2293 5.86917647349e-05
2294 2294 7.15708067041e-06
2295 2295 4.50972456724e-05
2296 2296 9.07325183176e-05
2297 2297 2.33921354912e-05
2298 2298 1.32417167361e-05
2299 2299 9.80526465887e-05
2300 2300 4607.24276368
2301 2301 3432.24319491
2302 2302 3.48799366912e-05
2303 2303 9.11212237061e-05
2304 2304 1.32656652419e-05
2305 2305 9.9903571017e-06
2306 2306 5.66637970224e-05
2307 2307 8.04411535503e-05
2308 2308 8.59858942981e-05
2309 2309 9.86215468676e-05
2310 2310 1.05183361924e-05
2311 2311 8.48426451002e-05
2312 2312 6.62452966994e-05
2313 2313 8.35282537814e-05
2314 2314 9.22290162918e-05
2315 2315 1644.13626802
2316 2316 1.97873133287e-05
2317 2317 1.93572300992e-05
2318 2318 4.66334981295e-05
2319 2319 1974.96917908
2320 2320 3.72246586379e-05
2321 2321 9.63300508124e-05
2322 2322 2.31470966817e-05
2323 2323 7.91242408824e-05
2324 2324 3274.99150262
2325 2325 5.07114747888e-05
2326 2326 4.66422177033e-05
2327 2327 3.10926871834e-05
2328 2328 3.76529778692e-05
2329 2329 4791.08941951
2330 2330 6.21913924477e-05
2331 2331 2.62437048765e-05
2332 2332 536.810439539
2333 2333 6.95778473223e-05
2334 2334 6.44328964939e-05
2335 2335 7.07134640016e-05
2336 2336 6.23562711754e-05
2337 2337 4.90295813698e-05
2338 2338 6.28626085425e-05
2339 2339 1.54355264415e-05
2340 2340 638.033302944
2341 2341 150.271396482
2342 2342 3.99845040725e-05
2343 2343 9.55597870995e-05
2344 2344 8.41032864566e-06
2345 2345 4.67868172024e-05
2346 2346 3.78172334039e-05
2347 2347 1647.05916958
2348 2348 6.96544404403e-05
2349 2349 9.96454371804e-05
2350 2350 4.52872558518e-05
2351 2351 3.63229775883e-06
2352 2352 737.983428877
2353 2353 5.37392844825e-06
2354 2354 1.30229691392e-05
2355 2355 7.48152700851e-05
2356 2356 2.03084762395e-05
2357 2357 1.75967528926e-05
2358 2358 2.8837924342e-06
2359 2359 1102.11497116
2360 2360 5.22290073927e-05
2361 2361 7.72693154219e-05
2362 2362 3.25238418687e-05
2363 2363 6.00192922798e-05
2364 2364 813.44358229
2365 2365 8.05852312439e-05
2366 2366 782.533524871
2367 2367 9.94920658114e-05
2368 2368 3.13910431131e-05
2369 2369 3.59242039921e-05
2370 2370 5374.16031934
2371 2371 9.50719332091e-05
2372 2372 9.59718385584e-05
2373 2373 476.273923239
2374 2374 9.64159847677e-05
2375 2375 986.697137969
2376 2376 4.94287113896e-05
2377 2377 8.50476456659e-05
2378 2378 1.57419623694e-05
2379 2379 6.68493734459e-05
2380 2380 2005.73350667
2381 2381 1.07799081282e-05
2382 2382 3.45514434255e-05
2383 2383 7.51799985612e-06
2384 2384 3.19846926227e-05
2385 2385 948.726330797
2386 2386 6.25046433302e-05
2387 2387 1.32739510704e-05
2388 2388 9.02035646386e-05
2389 2389 1668.86667788
2390 2390 8.25471097856e-06
2391 2391 8.32001265113e-05
2392 2392 3127.18788947
2393 2393 4866.69491926
2394 2394 5.7010180278e-05
2395 2395 6.39042206204e-05
2396 2396 782.009515233
2397 2397 3.12255256158e-05
2398 2398 4.46528969686e-05
2399 2399 6.26260747282e-05
2400 2400 5.25199177755e-05
2401 2401 1.30401947137e-05
2402 2402 3.41638143841e-05
2403 2403 7.84762413943e-05
2404 2404 3.10570448086e-05
2405 2405 6.24428894126e-05
2406 2406 2575.34026566
2407 2407 3.52519831626e-05
2408 2408 4.43671200173e-05
2409 2409 2.94341050957e-05
2410 2410 8.75445094438e-05
2411 2411 1577.8381683
2412 2412 1.26019809038e-05
2413 2413 9.42651824917e-05
2414 2414 5.04813630079e-05
2415 2415 8.43567366293e-05
2416 2416 9.88278691051e-05
2417 2417 3729.52172364
2418 2418 9.44814705849e-05
2419 2419 3.20494429284e-05
2420 2420 3.21982647462e-05
2421 2421 5.39490657272e-05
2422 2422 6.06667060226e-05
2423 2423 2.69086695575e-05
2424 2424 7.96298957523e-05
2425 2425 7.75818928826e-05
2426 2426 2.65420436504e-05
2427 2427 6.42122013156e-05
2428 2428 9.39613479971e-05
2429 2429 3.84823366599e-05
2430 2430 9.49762035634e-05
2431 2431 5.3305198501e-05
2432 2432 4.80207272021e-06
2433 2433 1885.7144962
2434 2434 3.99327898162e-05
2435 2435 9.97309828933e-06
2436 2436 9.63773874423e-05
2437 2437 3575.86625998
2438 2438 1.32300242838e-05
2439 2439 5335.87264304
2440 2440 2.36260949983e-06
2441 2441 2.04488984532e-05
2442 2442 8.8450026468e-05
2443 2443 2.65398529517e-05
2444 2444 1.08311498911e-05
2445 2445 8.11103067238e-05
2446 2446 8.6857116724e-05
2447 2447 1.58187414107e-06
2448 2448 1391.93138886
2449 2449 7.29715246911e-05
2450 2450 3.54615234484e-05
2451 2451 489.110640655
2452 2452 7.96287737736e-05
2453 2453 4.4893551078e-05
2454 2454 4937.8219102
2455 2455 3.75797841462e-05
2456 2456 8.67687588277e-05
2457 2457 378.364963608
2458 2458 2737.21150895
2459 2459 1848.13050324
2460 2460 1644.52367135
2461 2461 8.08161588121e-06
2462 2462 8.06300095877e-05
2463 2463 812.042841955
2464 2464 6.63378136271e-05
2465 2465 5135.48307991
2466 2466 9.52185637089e-06
2467 2467 1183.08698425
2468 2468 9.23645065361e-05
2469 2469 8.11292419956e-05
2470 2470 3633.12775374
2471 2471 6.02466789835e-05
2472 2472 8.53718190839e-05
2473 2473 8.55310042977e-05
2474 2474 3.01868382376e-05
2475 2475 9.20461657278e-05
2476 2476 4136.21203153
2477 2477 3.67720016254e-05
2478 2478 3.51166902351e-05
2479 2479 7.37284362576e-05
2480 2480 2.02620658574e-05
2481 2481 4095.90232698
2482 2482 5.6762743265e-05
2483 2483 3515.83147862
2484 2484 1.80788400453e-05
2485 2485 3.80659455948e-05
2486 2486 2.8593300389e-05
2487 2487 9.49995471562e-06
2488 2488 3.72050118859e-05
2489 2489 5.98573074993e-05
2490 2490 3.66996280963e-05
2491 2491 9.21600868875e-05
2492 2492 1.00577339669e-05
2493 2493 2734.58688348
2494 2494 5399.88276594
2495 2495 6.26774144981e-05
2496 2496 8.53008426137e-05
2497 2497 4.62338250188e-05
2498 2498 221.693323123
2499 2499 3589.48911593
2500 2500 3.83008562558e-05
2501 2501 1.655326043e-05
2502 2502 9.24650079325e-05
2503 2503 179.213138295
2504 2504 2.21523223486e-05
2505 2505 1721.37603843
2506 2506 5.66257391705e-05
2507 2507 95.2450963554
2508 2508 8.58376307907e-05
2509 2509 1.7927386729e-05
2510 2510 3399.82769318
2511 2511 8.68635413608e-05
2512 2512 1.28941223799e-05
2513 2513 3568.07322817
2514 2514 5.41341613185e-05
2515 2515 3.09791344581e-05
2516 2516 1388.45003321
2517 2517 8.56985791465e-05
2518 2518 9.55620464719e-05
2519 2519 7.75028695213e-05
2520 2520 2.51332354064e-05
2521 2521 6.2026846223e-05
2522 2522 2.25711275939e-05
2523 2523 4.79673242688e-06
2524 2524 5.57997008934e-06
2525 2525 4102.06090631
2526 2526 1404.40335849
2527 2527 1523.98022898
2528 2528 1.54056751599e-05
2529 2529 9.34632621651e-05
2530 2530 5468.82232736
2531 2531 3.20108508245e-06
2532 2532 4136.32206767
2533 2533 5.26113339415e-05
2534 2534 5.68912735535e-05
2535 2535 7.04747854732e-05
2536 2536 4486.38299231
2537 2537 3020.64364233
2538 2538 7.97475695075e-05
2539 2539 5.84814497017e-05
2540 2540 3.72509798488e-05
2541 2541 1.04390643056e-05
2542 2542 4.46557142037e-05
2543 2543 6.19596202153e-05
2544 2544 8.10737485378e-05
2545 2545 3518.05862632
2546 2546 6.01441434624e-05
2547 2547 3.1186348114e-05
2548 2548 2.97705083625e-05
2549 2549 8.12647188e-05
2550 2550 9.87838317207e-05
2551 2551 7.3629169325e-05
2552 2552 7.63423448371e-05
2553 2553 1.84216432776e-05
2554 2554 4.61016664021e-05
2555 2555 2.92719763175e-05
2556 2556 2623.8582848
2557 2557 1750.53565287
2558 2558 1515.69200811
2559 2559 5.78500959627e-05
2560 2560 9.66944494805e-05
2561 2561 7.77558163873e-05
2562 2562 9.80605740595e-05
2563 2563 3.46022217384e-05
2564 2564 3.4433731638e-05
2565 2565 6.03582593926e-05
2566 2566 2.37301974787e-05
2567 2567 3.29462094495e-05
2568 2568 4.42232371827e-05
2569 2569 3.95840259326e-05
2570 2570 3.4817466846e-05
2571 2571 7.90336363656e-05
2572 2572 1.41615052262e-06
2573 2573 8.56687733802e-05
2574 2574 5.56256954972e-05
2575 2575 2.72295051593e-05
2576 2576 614.515517122
2577 2577 6.72855363742e-05
2578 2578 6.80783997353e-05
2579 2579 9.52339691342e-05
2580 2580 9.3744646938e-05
2581 2581 7.89942738552e-05
2582 2582 8.35979324246e-05
2583 2583 8.82915019735e-05
2584 2584 8.94357349444e-05
2585 2585 4102.83956213
2586 2586 2.29440318008e-05
2587 2587 9.70437851723e-05
2588 2588 4.49453040495e-07
2589 2589 9.30855343999e-06
2590 2590 4208.35819344
2591 2591 4.81332743535e-05
2592 2592 9.14348370635e-05
2593 2593 2515.58784187
2594 2594 3.61749325156e-05
2595 2595 6.9570194734e-06
2596 2596 3.37918920471e-05
2597 2597 1795.72383473
2598 2598 5.35154332359e-05
2599 2599 8.33001002881e-05
2600 2600 9.49230909453e-05
2601 2601 4328.8619924
2602 2602 1.68872891257e-05
2603 2603 2.11224972362e-05
2604 2604 9.60427206232e-05
2605 2605 1498.77896001
2606 2606 3.67038184568e-05
2607 2607 3.03817537389e-05
2608 2608 4.78784204878e-05
2609 2609 3.52766891123e-06
2610 2610 2.44084773827e-05
2611 2611 8.35322979545e-05
2612 2612 2860.67898944
2613 2613 5.58524054455e-05
2614 2614 3.0949659004e-05
2615 2615 2.14029779995e-05
2616 2616 3263.32793683
2617 2617 4.47729028756e-05
2618 2618 8.10546253478e-05
2619 2619 3453.9822194
2620 2620 3.04343135061e-05
2621 2621 1.02588665233e-05
2622 2622 8.6149833356e-05
2623 2623 8.08745301353e-05
2624 2624 5.24460217917e-05
2625 2625 7.06448132754e-05
2626 2626 1.98336323303e-06
2627 2627 5514.08311283
2628 2628 5.2616928594e-05
2629 2629 6.16416554452e-05
2630 2630 9.54991551254e-05
2631 2631 5.96267797168e-05
2632 2632 4.25246003153e-05
2633 2633 2241.30786798
2634 2634 5490.07291707
2635 2635 1.97712144359e-05
2636 2636 6.30131240912e-05
2637 2637 2.8227177256e-05
2638 2638 1732.35857716
2639 2639 4.84756736147e-05
2640 2640 9.57112259912e-05
2641 2641 1.58104874218e-05
2642 2642 5.19522304854e-06
2643 2643 4.52972091381e-05
2644 2644 9.7809730128e-05
2645 2645 5223.11111211
2646 2646 2.84377302469e-05
2647 2647 1.15841578419e-05
2648 2648 2.71187049697e-05
2649 2649 8.1769023098e-05
2650 2650 9.89129767215e-05
2651 2651 7.52170768245e-05
2652 2652 1.61036263658e-05
2653 2653 5.01972386505e-05
2654 2654 3030.59940412
2655 2655 9.25976287933e-05
2656 2656 1.92751649666e-05
2657 2657 5.23988137295e-05
2658 2658 6.17916410668e-06
2659 2659 8.01601267571e-05
2660 2660 4395.14480113
2661 2661 2.35303269666e-05
2662 2662 155.174686636
2663 2663 2280.99427726
2664 2664 75.201192846
2665 2665 7.45560925408e-05
2666 2666 1571.3187865
2667 2667 4.39270099282e-05
2668 2668 4578.78580996
2669 2669 1.80574609018e-05
2670 2670 4.91930026015e-05
2671 2671 8.30985648253e-05
2672 2672 3032.14228689
2673 2673 4.34037812776e-05
2674 2674 2.19807588455e-05
2675 2675 1992.04780257
2676 2676 5047.25654358
2677 2677 7.56294821031e-06
2678 2678 4.98631533347e-05
2679 2679 2.12223371324e-05
2680 2680 1.48601757705e-05
2681 2681 1854.75361225
2682 2682 1.95779723971e-05
2683 2683 8.19360442284e-05
2684 2684 4579.25146416
2685 2685 4677.4338978
2686 2686 3852.44837392
2687 2687 6.7769607418e-05
2688 2688 3317.87724867
2689 2689 2101.99564156
2690 2690 1603.998192
2691 2691 1400.42649225
2692 2692 9.16848008829e-05
2693 2693 5.46522109011e-05
2694 2694 9.49199846099e-05
2695 2695 688.727557841
2696 2696 1509.34374173
2697 2697 4.04821855369e-05
2698 2698 2.9714645007e-05
2699 2699 339.063277651
2700 2700 6.11907407827e-05
2701 2701 2770.3195312
2702 2702 3.60556431679e-05
2703 2703 4948.93575512
2704 2704 3.08790372416e-05
2705 2705 2105.92495284
2706 2706 8.37660422907e-07
2707 2707 9.19452807863e-06
2708 2708 5.639321534e-05
2709 2709 3.28130325899e-05
2710 2710 6.71348849195e-05
2711 2711 9.20168610413e-05
2712 2712 1.11603941943e-05
2713 2713 9.79321748193e-05
2714 2714 1.27798030331e-06
2715 2715 1.95113995127e-05
2716 2716 8.72091771494e-05
2717 2717 2.77784592035e-05
2718 2718 2.84735464883e-05
2719 2719 1.97400855741e-05
2720 2720 2.12572111231e-05
2721 2721 7.08052113008e-05
2722 2722 2680.16340497
2723 2723 8.1703199647e-06
2724 2724 2.38966936964e-05
2725 2725 9.68511491246e-06
2726 2726 1952.15721762
2727 2727 6.4330136973e-05
2728 2728 4164.73710133
2729 2729 2365.81086654
2730 2730 2.7958320892e-05
2731 2731 7.96230752524e-05
2732 2732 9.03172935472e-05
2733 2733 4.69921706913e-05
2734 2734 8.88720050825e-05
2735 2735 3920.73886043
2736 2736 9.11266192095e-05
2737 2737 7.52555129846e-05
2738 2738 993.498535997
2739 2739 2.57681594277e-05
2740 2740 8.12363657371e-05
2741 2741 1079.47622651
2742 2742 4.07076285153e-05
2743 2743 3.37663447335e-05
2744 2744 4.34273949333e-05
2745 2745 3.88904616831e-05
2746 2746 7.16776253887e-05
2747 2747 4.43606518683e-05
2748 2748 9.86867503941e-05
2749 2749 259.688034513
2750 2750 7.24061975437e-05
2751 2751 121.680158255
2752 2752 5.77833160136e-05
2753 2753 9.56588679275e-06
2754 2754 6.44081598611e-05
2755 2755 5.27418265049e-05
2756 2756 6.09732624199e-05
2757 2757 2.85125509772e-05
2758 2758 2.73252627594e-05
2759 2759 4797.10858794
2760 2760 3.61388967587e-05
2761 2761 5.84657725601e-05
2762 2762 6.69820423597e-05
2763 2763 4.17085782482e-05
2764 2764 8.491774145e-05
2765 2765 5.25935060405e-05
2766 2766 6.821205786e-05
2767 2767 3967.38650917
2768 2768 664.18110181
2769 2769 1.38167088949e-05
2770 2770 3899.71272252
2771 2771 1.14795949016e-05
2772 2772 3.05866418829e-05
2773 2773 9.74860148757e-05
2774 2774 6.84873617023e-05
2775 2775 5.16181751921e-05
2776 2776 4.59007690937e-05
2777 2777 9.26915152589e-05
2778 2778 2029.43241174
2779 2779 5.02355869315e-05
2780 2780 1568.18230255
2781 2781 3658.20672392
2782 2782 5.17500278194e-05
2783 2783 2.52979330093e-05
2784 2784 9.5930836396e-05
2785 2785 7.75836277897e-05
2786 2786 539.407982053
2787 2787 2.08807360977e-05
2788 2788 2.93403604078e-05
2789 2789 7.11226742936e-05
2790 2790 5138.23564288
2791 2791 1.99829384907e-05
2792 2792 1.52568595764e-05
2793 2793 7.67711424057e-05
2794 2794 8.93953241044e-05
2795 2795 2787.35076804
2796 2796 4.33161890122e-05
2797 2797 3.31751145956e-05
2798 2798 8.9089272406e-05
2799 2799 1.30207066794e-05
2800 2800 2.39185298606e-05
2801 2801 3919.14115451
2802 2802 4.56463329639e-05
2803 2803 8.00528021694e-05
2804 2804 2783.62272486
2805 2805 9.03829770948e-05
2806 2806 4651.29415858
2807 2807 8.72034249304e-05
2808 2808 36.5437886962
2809 2809 4.02499202652e-05
2810 2810 8.62563914346e-05
2811 2811 8.38253419873e-05
2812 2812 7.49636820044e-05
2813 2813 4.65497365122e-05
2814 2814 8.03975782103e-05
2815 2815 9.77827310804e-05
2816 2816 1.59050313056e-05
2817 2817 3049.31375455
2818 2818 1.76155747471e-05
2819 2819 2759.42644651
2820 2820 6.57869472688e-05
2821 2821 7.1498557717e-06
2822 2822 5.66926570297e-05
2823 2823 3867.71982531
2824 2824 4537.82129534
2825 2825 8.37054690461e-05
2826 2826 5123.79203367
2827 2827 1210.31248358
2828 2828 1066.50964711
2829 2829 3631.69313243
2830 2830 1768.83436894
2831 2831 4543.1784708
2832 2832 3.67753915095e-05
2833 2833 9.24464372152e-05
2834 2834 1.73348990176e-05
2835 2835 724.159854606
2836 2836 3.67794393787e-05
2837 2837 1.95459594664e-05
2838 2838 7.33825573271e-05
2839 2839 7.57808939664e-05
2840 2840 3333.42671823
2841 2841 1.4990751283e-06
2842 2842 1700.47059034
2843 2843 8.2420177494e-05
2844 2844 9.16933572785e-05
2845 2845 8.88635798905e-05
2846 2846 4167.26375668
2847 2847 4.4967615232e-05
2848 2848 1.78815560543e-05
2849 2849 7.41565656786e-05
2850 2850 5.5008534182e-05
2851 2851 5279.42789806
2852 2852 5548.37258032
2853 2853 2.31091051562e-05
2854 2854 7.39535015638e-06
2855 2855 3.52651851074e-05
2856 2856 4266.46645376
2857 2857 9.94962236558e-05
2858 2858 8.4384363802e-05
2859 2859 3.81063850081e-05
2860 2860 7.21589992308e-05
2861 2861 3390.67414631
2862 2862 3.10597676934e-06
2863 2863 5.30112525438e-05
2864 2864 4705.80193444
2865 2865 9.56604757633e-05
2866 2866 4651.11936833
2867 2867 3134.93880192
2868 2868 9.37337068557e-05
2869 2869 1629.97926589
2870 2870 2.86289593249e-05
2871 2871 9.00534298298e-06
2872 2872 4918.19316054
2873 2873 1.67703970803e-05
2874 2874 1.0614144516e-05
2875 2875 3.54850478342e-05
2876 2876 3587.05251037
2877 2877 2.16944383618e-05
2878 2878 5.27725011703e-05
2879 2879 5.00349508047e-05
2880 2880 4.42189462124e-05
2881 2881 6.83903767825e-05
2882 2882 8.38921248017e-05
2883 2883 1.00559504138e-05
2884 2884 8.962022111e-05
2885 2885 5601.75812994
2886 2886 5100.84566595
2887 2887 1.40592623121e-06
2888 2888 5.26960402109e-05
2889 2889 1.95069031217e-05
2890 2890 2.41113401738e-06
2891 2891 6.69151293452e-05
2892 2892 8.68186260476e-05
2893 2893 5421.85127224
2894 2894 4.3888083632e-05
2895 2895 5.2461652359e-05
2896 2896 4026.02826835
2897 2897 8.0116419244e-05
2898 2898 6.31031139124e-05
2899 2899 5.11897866647e-05
2900 2900 3.8391047397e-05
2901 2901 9.64052301606e-05
2902 2902 1554.07760433
2903 2903 3214.72884408
2904 2904 5.57757644224e-05
2905 2905 2.64049821657e-05
2906 2906 6.40155380789e-05
2907 2907 1.94342631516e-05
2908 2908 3.25274278527e-05
2909 2909 2.76755878298e-05
2910 2910 3391.75264779
2911 2911 2.69698302471e-05
2912 2912 3140.20478318
2913 2913 1.28056945417e-05
2914 2914 9.28856050505e-05
2915 2915 2675.90951209
2916 2916 1854.69660972
2917 2917 7.01242061151e-05
2918 2918 1.32627848837e-05
2919 2919 1420.1481196
2920 2920 4.32832609491e-05
2921 2921 3.26458368962e-05
2922 2922 6.15984648248e-05
2923 2923 6.73169319103e-05
2924 2924 1144.92454361
2925 2925 6.17830414837e-05
2926 2926 2142.53654655
2927 2927 1.81150278683e-05
2928 2928 5.18844791754e-06
2929 2929 2.9329997497e-05
2930 2930 5452.51211189
2931 2931 9.73947989357e-05
2932 2932 3.31888584193e-05
2933 2933 3554.6008378
2934 2934 9.21635049364e-05
2935 2935 2.58564492055e-05
2936 2936 9.04049599857e-05
2937 2937 3810.03946504
2938 2938 4.72918564204e-05
2939 2939 1438.96769663
2940 2940 5430.19645708
2941 2941 7.01628785429e-05
2942 2942 2.79139257143e-05
2943 2943 7.08193624969e-06
2944 2944 4.79619788212e-05
2945 2945 2.62705546028e-05
2946 2946 8.83874723924e-05
2947 2947 2.26655396891e-05
2948 2948 5.32417585445e-05
2949 2949 8.81531891683e-05
2950 2950 3.49728693388e-05
2951 2951 2.27638656582e-05
2952 2952 5.58018490658e-05
2953 2953 8.78938407368e-05
2954 2954 9.97756197009e-05
2955 2955 2579.43998311
2956 2956 1.34447524833e-05
2957 2957 6.019490232e-05
2958 2958 4.61485098325e-05
2959 2959 7.38037816338e-05
2960 2960 3585.75634016
2961 2961 4500.07210051
2962 2962 4002.76589909
2963 2963 9.35571327302e-05
2964 2964 4759.84938372
2965 2965 2635.51820996
2966 2966 1.74001485388e-05
2967 2967 580.483753107
2968 2968 8.44422772681e-05
2969 2969 2.33424504482e-05
2970 2970 1.90925894809e-05
2971 2971 7.14585077064e-05
2972 2972 3354.77109955
2973 2973 8.42464060548e-05
2974 2974 3.37234141884e-05
2975 2975 1.46369102964e-05
2976 2976 4.9212652104e-05
2977 2977 6.49441545954e-05
2978 2978 1.15234196815e-05
2979 2979 8.99911445396e-05
2980 2980 2.98807352895e-05
2981 2981 4.20040981225e-05
2982 2982 7.37454252532e-05
2983 2983 7.71524728677e-05
2984 2984 4.24478595707e-05
2985 2985 5.7177674574e-05
2986 2986 146.46104623
2987 2987 7.7170322881e-06
2988 2988 1.6786532416e-05
2989 2989 2.14054492955e-05
2990 2990 8.65289744567e-05
2991 2991 1.28444200158e-07
2992 2992 5.40039867764e-05
2993 2993 1.54499888927e-05
2994 2994 4556.05222864
2995 2995 2586.03805839
2996 2996 9.11302272717e-05
2997 2997 5.55147393525e-05
2998 2998 3344.64434215
2999 2999 2.4305388821e-05
3000 3000 4.18248310112e-05
