1 1 305.131496316
2 2 0.00617416272786
3 3 574.479105814
4 4 404.428089458
5 5 444.916493376
6 6 0.00971751048598
7 7 565.605288232
8 8 413.380691452
9 9 0.00215688647684
10 10 200.925166813
11 11 12.9599004535
12 12 0.00825012591393
13 13 0.00411947309047
14 14 0.00750926522688
15 15 79.4325689108
16 16 0.00492169609753
17 17 263.742120359
18 18 384.101543863
19 19 0.00797565677991
20 20 407.718031565
21 21 0.000443085575625
22 22 0.00483665446595
23 23 0.00901576842853
24 24 0.00774745247399
25 25 381.202898057
26 26 212.982115729
27 27 0.000849975904985
28 28 519.431035245
29 29 360.916990458
30 30 161.888528086
31 31 563.448664165
32 32 459.38829199
33 33 0.00185043880028
34 34 359.338861668
35 35 389.474771846
36 36 1.39696605271
37 37 600.861373717
38 38 28.7797230926
39 39 3.41624856217e-05
40 40 355.169508853
41 41 252.604014719
42 42 336.492931328
43 43 580.359989623
44 44 0.00849287599602
45 45 431.799220648
46 46 0.00597106497973
47 47 580.549488708
48 48 495.978570151
49 49 388.979016536
50 50 24.5159123934
51 51 0.000868916684989
52 52 238.888357703
53 53 464.779241431
54 54 312.122779249
55 55 598.128702703
56 56 290.790559168
57 57 391.537689911
58 58 257.420616719
59 59 6.35738434507
60 60 0.000387158226852
61 61 192.385946516
62 62 357.748688767
63 63 478.358300258
64 64 310.535841258
65 65 576.576422901
66 66 431.621439139
67 67 0.00732204987558
68 68 436.006207773
69 69 581.797542629
70 70 0.00487951521537
71 71 240.940229947
72 72 186.482107079
73 73 282.429515477
74 74 294.604579025
75 75 495.550227125
76 76 0.00207396062247
77 77 218.950200361
78 78 0.00239560085641
79 79 210.520663273
80 80 544.446002292
81 81 622.467903991
82 82 348.732107111
83 83 0.00169922575467
84 84 534.744711098
85 85 581.117949332
86 86 180.34802667
87 87 514.613896617
88 88 0.00434081017185
89 89 0.000662979559446
90 90 485.284923697
91 91 0.00997665884892
92 92 267.580838036
93 93 0.00175983792417
94 94 112.23929992
95 95 507.455753718
96 96 599.666940315
97 97 413.451742187
98 98 102.114328051
99 99 206.429442406
100 100 0.00727412361729
101 101 575.160483143
102 102 487.582919152
103 103 480.912778663
104 104 0.00119387359696
105 105 220.501733854
106 106 188.303881632
107 107 0.00965002236795
108 108 208.807276742
109 109 374.477145464
110 110 402.834199948
111 111 266.109374657
112 112 58.3339090927
113 113 0.00251778077546
114 114 272.36884832
115 115 0.0081820624467
116 116 370.220129724
117 117 615.455748723
118 118 408.207226408
119 119 507.305330391
120 120 0.00543810032622
121 121 268.702261003
122 122 26.964779658
123 123 436.566479801
124 124 311.173053445
125 125 339.130985106
126 126 0.000891250013044
127 127 0.00898613583716
128 128 0.0010933136513
129 129 84.3582165411
130 130 0.00370438820349
131 131 564.588580657
132 132 215.564837611
133 133 604.110072851
134 134 538.401943727
135 135 409.777609354
136 136 567.312794428
137 137 192.968436621
138 138 519.081878057
139 139 38.0365538838
140 140 485.779152525
141 141 293.330561156
142 142 5.18374748153e-05
143 143 422.006629165
144 144 110.000801531
145 145 52.3260198776
146 146 595.872685729
147 147 408.728471742
148 148 237.607048653
149 149 351.209461325
150 150 77.5573562704
151 151 0.00142207938303
152 152 141.761826689
153 153 0.00423952378863
154 154 337.603708982
155 155 370.970559382
156 156 202.148782041
157 157 615.434938268
158 158 0.00297505210884
159 159 0.0039778639988
160 160 0.00484130901468
161 161 0.00796169538189
162 162 277.670540512
163 163 514.629792296
164 164 272.51963828
165 165 28.491173236
166 166 509.768114485
167 167 485.05503782
168 168 0.00519894488841
169 169 15.4715763009
170 170 0.00678079117386
171 171 171.305447299
172 172 0.00663105599783
173 173 483.611891319
174 174 0.00767715238824
175 175 24.1516108789
176 176 554.875751244
177 177 490.943584901
178 178 476.375385009
179 179 0.00956447166054
180 180 0.00114181817522
181 181 568.937611454
182 182 606.784026216
183 183 0.00998825760131
184 184 157.17027419
185 185 599.729567579
186 186 427.574520943
187 187 203.603131323
188 188 0.00423786844207
189 189 501.253168684
190 190 426.202196572
191 191 55.8514571406
192 192 186.88638773
193 193 0.00110591798318
194 194 559.488761505
195 195 603.642888976
196 196 0.00855536803854
197 197 601.773056896
198 198 582.74532913
199 199 120.386479593
200 200 0.00827713032701
201 201 123.011117129
202 202 6.84545785509
203 203 0.00277617418701
204 204 239.611942598
205 205 470.601124777
206 206 128.758975372
207 207 100.572104344
208 208 480.190128567
209 209 2.84469927927
210 210 305.035363289
211 211 422.591303448
212 212 490.046639037
213 213 74.2482247461
214 214 0.0034773806184
215 215 47.9159036242
216 216 549.285522026
217 217 349.920102509
218 218 111.075840495
219 219 366.408473684
220 220 604.000712305
221 221 162.921219612
222 222 52.9970137478
223 223 285.431736933
224 224 0.00419896454227
225 225 615.707098408
226 226 462.04748455
227 227 29.2734775408
228 228 573.897696844
229 229 100.850751684
230 230 359.435804166
231 231 298.027147469
232 232 121.021317659
233 233 0.00806759630866
234 234 429.699003327
235 235 5.89667186199
236 236 0.0017406469292
237 237 0.000374652620623
238 238 543.954715828
239 239 273.585309955
240 240 62.2057764655
241 241 135.45671545
242 242 520.640157343
243 243 433.946780518
244 244 0.000660909714475
245 245 567.835555117
246 246 514.02593156
247 247 300.04875378
248 248 51.4642300893
249 249 0.00150722145833
250 250 616.400688626
251 251 573.890043283
252 252 106.74450867
253 253 0.00429611133738
254 254 0.00142661160868
255 255 0.00466502873483
256 256 162.635459889
257 257 464.91343541
258 258 376.556190145
259 259 191.106289624
260 260 0.00411617751511
261 261 510.807219577
262 262 0.00122121549426
263 263 566.5064717
264 264 0.00444582983391
265 265 47.5767218443
266 266 282.905633227
267 267 0.00509386035759
268 268 620.799985043
269 269 520.499923932
270 270 384.246615584
271 271 87.7928254292
272 272 0.00092504522572
273 273 463.680895423
274 274 0.00115409800477
275 275 89.031315206
276 276 568.294333848
277 277 0.00147156037589
278 278 111.598635891
279 279 223.800158968
280 280 360.915301721
281 281 121.494354859
282 282 141.929741241
283 283 217.543518011
284 284 0.00850197265038
285 285 0.0082725634247
286 286 420.413474715
287 287 101.983028856
288 288 0.00483813104714
289 289 236.029009633
290 290 529.639873214
291 291 395.00819178
292 292 559.510391356
293 293 625.570391764
294 294 182.555929042
295 295 151.44936027
296 296 0.00914961284525
297 297 40.5154645887
298 298 0.00259828282892
299 299 455.960569172
300 300 0.00033231933415
301 301 106.72710632
302 302 76.9773211971
303 303 493.955323941
304 304 88.4207902395
305 305 255.484142105
306 306 395.300469132
307 307 0.00669531922903
308 308 0.00926626209016
309 309 0.000490973282624
310 310 0.00313122035131
311 311 156.318078105
312 312 484.327792184
313 313 469.107934345
314 314 587.401359025
315 315 138.557919619
316 316 126.031619946
317 317 0.00238518568115
318 318 137.154613071
319 319 135.483793685
320 320 449.297554939
321 321 299.396268533
322 322 0.00126390971499
323 323 429.276403019
324 324 331.367831445
325 325 218.500610399
326 326 208.873342205
327 327 0.00321410305633
328 328 0.00283990283317
329 329 0.00408459548473
330 330 224.076462509
331 331 575.146261061
332 332 275.166388497
333 333 21.3529526389
334 334 485.462775627
335 335 256.035781455
336 336 206.91254197
337 337 392.56479774
338 338 0.00895700271774
339 339 603.9318668
340 340 479.271448242
341 341 524.146629324
342 342 169.59387137
343 343 83.5523657094
344 344 347.945813688
345 345 0.00452399351088
346 346 0.00356805189344
347 347 54.129670491
348 348 412.544821032
349 349 328.963590642
350 350 278.788190311
351 351 184.545827419
352 352 515.773632913
353 353 136.650011698
354 354 484.332789006
355 355 402.408523039
356 356 561.709790402
357 357 166.530823455
358 358 511.419217324
359 359 0.00733490915287
360 360 354.856339927
361 361 348.171155152
362 362 0.00204595364039
363 363 100.70799097
364 364 332.870925328
365 365 0.00649679680167
366 366 403.002394625
367 367 367.990053222
368 368 540.859068509
369 369 0.00821428710763
370 370 190.042593183
371 371 0.00816187819902
372 372 560.857012979
373 373 533.890629549
374 374 572.379532651
375 375 451.459411735
376 376 0.00361315111701
377 377 613.876852625
378 378 535.136395175
379 379 212.701398779
380 380 0.00177998904725
381 381 0.0088842869619
382 382 74.0465895107
383 383 0.00583324183688
384 384 5.69969853258
385 385 0.00759052182325
386 386 565.000448706
387 387 316.670737269
388 388 45.7022698028
389 389 124.845762511
390 390 0.0062709996863
391 391 98.2420567584
392 392 595.653671115
393 393 0.00900317806567
394 394 0.00485626081601
395 395 499.239846926
396 396 98.8017758391
397 397 598.481446519
398 398 591.113022216
399 399 0.00820318455213
400 400 0.0037752663357
401 401 40.7534180078
402 402 159.7935828
403 403 300.596760819
404 404 0.0085290781585
405 405 114.627118889
406 406 0.00780764890512
407 407 570.587490923
408 408 138.157693328
409 409 255.728538789
410 410 170.892151453
411 411 358.48497781
412 412 256.985454171
413 413 591.720876118
414 414 0.00697225177725
415 415 166.857150423
416 416 0.00653060284999
417 417 244.47971106
418 418 291.07027941
419 419 556.224053155
420 420 195.26195231
421 421 450.454537549
422 422 0.00592342686271
423 423 351.044080854
424 424 0.00283298308747
425 425 512.644020358
426 426 162.295877248
427 427 0.00979401984534
428 428 423.463598356
429 429 0.00580683955357
430 430 0.00823684407785
431 431 419.049007913
432 432 274.841725659
433 433 44.6019453648
434 434 547.281426956
435 435 401.493394925
436 436 515.810862211
437 437 397.942474978
438 438 440.631556901
439 439 315.112023488
440 440 328.603496303
441 441 536.329577242
442 442 390.586804962
443 443 161.322580582
444 444 0.00302468261271
445 445 32.0313329258
446 446 183.935313471
447 447 223.06939992
448 448 0.00984961474687
449 449 0.0010262298339
450 450 458.340549737
451 451 275.79371787
452 452 0.00973261744833
453 453 0.00236169898887
454 454 46.1961793369
455 455 251.907502506
456 456 301.690064456
457 457 169.336753327
458 458 0.00916853415202
459 459 217.330109365
460 460 415.407008939
461 461 258.304572424
462 462 0.00589784488197
463 463 0.00427868433742
464 464 0.00231574306656
465 465 266.599016143
466 466 94.0141430475
467 467 386.443491744
468 468 606.727371777
469 469 469.940032292
470 470 0.00981437345479
471 471 472.083067588
472 472 341.08113815
473 473 587.145694621
474 474 531.705456479
475 475 0.000148802049671
476 476 0.00892438076078
477 477 209.044590251
478 478 0.00631383672245
479 479 583.226545751
480 480 481.90636669
481 481 234.999120974
482 482 0.00570383379834
483 483 0.00396984193403
484 484 417.390624212
485 485 0.000325497365429
486 486 525.786157336
487 487 312.415095547
488 488 445.673164225
489 489 0.00289619360002
490 490 276.582206032
491 491 0.00388487057976
492 492 245.149444508
493 493 426.504024372
494 494 435.645245546
495 495 505.593247998
496 496 101.912811237
497 497 197.917925246
498 498 170.484381581
499 499 24.5680130156
500 500 605.755872898
501 501 0.00323882671347
502 502 243.107185395
503 503 221.766405556
504 504 528.89604452
505 505 0.00110660262673
506 506 606.592199072
507 507 0.00853741717949
508 508 450.986295805
509 509 461.902004325
510 510 475.048242083
511 511 3.95776055375e-05
512 512 104.048124789
513 513 568.719990476
514 514 67.9775669016
515 515 234.762707242
516 516 22.335905129
517 517 23.6895857747
518 518 146.214029818
519 519 131.260619452
520 520 217.683470191
521 521 0.00620562209624
522 522 618.39519916
523 523 0.00142954515879
524 524 240.530681854
525 525 456.993379384
526 526 150.550044423
527 527 595.621379468
528 528 27.8599461099
529 529 331.635759084
530 530 424.067062555
531 531 0.0023546554169
532 532 353.323456749
533 533 555.911051045
534 534 31.5797511113
535 535 35.0600077912
536 536 471.154719542
537 537 71.1915290901
538 538 574.099763419
539 539 0.00240198101938
540 540 453.449943313
541 541 394.036314511
542 542 0.00922622218327
543 543 0.000262491711399
544 544 290.280048505
545 545 361.930066104
546 546 524.14306477
547 547 232.717720599
548 548 346.634422747
549 549 378.580994428
550 550 571.995677372
551 551 291.050979179
552 552 189.878138997
553 553 248.961399117
554 554 107.113866898
555 555 82.9712250076
556 556 28.9635155619
557 557 12.1948558679
558 558 123.531011969
559 559 4.38191576598
560 560 25.6729401688
561 561 105.239968366
562 562 230.377648618
563 563 364.345511535
564 564 38.9556825768
565 565 0.000531234302926
566 566 388.865389527
567 567 572.578767822
568 568 0.00766598084816
569 569 482.006421671
570 570 595.974960388
571 571 0.000431377975447
572 572 511.474695516
573 573 560.15977639
574 574 179.8074497
575 575 386.109516715
576 576 188.020690649
577 577 37.3852123942
578 578 260.232257996
579 579 379.983764083
580 580 127.685512663
581 581 382.944209667
582 582 109.713769745
583 583 442.379978397
584 584 582.768626428
585 585 0.00136262502853
586 586 0.000467329180858
587 587 0.00277054682274
588 588 9.45042602404
589 589 410.56521976
590 590 166.007440187
591 591 0.0060895648654
592 592 99.0707228461
593 593 73.6873701385
594 594 609.893227541
595 595 376.443180911
596 596 206.942136452
597 597 279.243264961
598 598 197.586138049
599 599 0.00908019338199
600 600 462.575657298
601 601 276.989511455
602 602 0.00329156877093
603 603 101.460985558
604 604 555.385803339
605 605 101.591950238
606 606 0.00135806793244
607 607 0.00326645309371
608 608 85.3052940109
609 609 0.00828365710349
610 610 316.770230226
611 611 41.9802888953
612 612 571.22988397
613 613 540.2306268
614 614 532.321221624
615 615 184.853879283
616 616 300.22157671
617 617 154.010121958
618 618 0.00220193109588
619 619 522.09850524
620 620 131.433206516
621 621 17.7799978957
622 622 363.136655343
623 623 434.392914323
624 624 0.00299756417464
625 625 128.832810521
626 626 0.00636760032183
627 627 462.128989494
628 628 32.0263654204
629 629 255.407947378
630 630 491.557573632
631 631 156.404932657
632 632 0.00370262645902
633 633 286.00556137
634 634 482.116600826
635 635 359.863032004
636 636 145.290514279
637 637 309.720514597
638 638 551.64926597
639 639 340.260201543
640 640 549.502273234
641 641 53.4131742415
642 642 533.225245937
643 643 360.522891533
644 644 520.722602074
645 645 85.9037162639
646 646 0.00445054338207
647 647 139.32895088
648 648 486.071029961
649 649 399.555156022
650 650 556.994388084
651 651 540.512564187
652 652 223.040355651
653 653 358.183646029
654 654 285.913468685
655 655 0.00934583442904
656 656 583.628628149
657 657 0.00621734630828
658 658 606.996107458
659 659 18.6094927729
660 660 121.573128855
661 661 410.834300952
662 662 30.0851265961
663 663 416.9749676
664 664 205.822696671
665 665 586.734344356
666 666 496.120027793
667 667 537.779056083
668 668 335.441951629
669 669 348.287067343
670 670 0.00256039431181
671 671 14.4711151787
672 672 272.763745661
673 673 477.632650117
674 674 480.960994167
675 675 0.00598130681622
676 676 408.008159639
677 677 251.779389192
678 678 269.105291253
679 679 39.0850818824
680 680 0.00155452766315
681 681 0.00292653924093
682 682 312.459805231
683 683 436.578591664
684 684 0.000932544016963
685 685 231.045973079
686 686 193.858887288
687 687 86.1969006488
688 688 335.294303771
689 689 522.708173205
690 690 0.00114198194827
691 691 0.00526324417077
692 692 378.385280233
693 693 155.978002792
694 694 615.367140155
695 695 267.411303281
696 696 481.294051339
697 697 584.376142529
698 698 0.00726802126876
699 699 591.972288245
700 700 0.00793357704887
701 701 541.057592277
702 702 326.425438208
703 703 477.403537845
704 704 0.0043923052932
705 705 166.776356965
706 706 0.000600739166468
707 707 578.986314435
708 708 192.611751159
709 709 75.5395253493
710 710 618.435727245
711 711 63.6780870968
712 712 520.898505889
713 713 102.064049977
714 714 68.5415748394
715 715 0.00203600822509
716 716 250.784680056
717 717 187.920970404
718 718 338.359276487
719 719 0.00300628387015
720 720 0.00246532397458
721 721 14.5277689331
722 722 0.00366623636792
723 723 0.0078689296156
724 724 237.534706873
725 725 0.00186880218442
726 726 498.985599578
727 727 601.036565054
728 728 70.5039384137
729 729 0.00121027093018
730 730 346.78381583
731 731 163.700859784
732 732 479.785322363
733 733 251.545424281
734 734 0.00518496199232
735 735 61.5546016405
736 736 154.759503261
737 737 512.949963049
738 738 220.300239278
739 739 594.743495781
740 740 0.00756366199732
741 741 92.8684787678
742 742 0.00276742685758
743 743 73.7536993565
744 744 557.313585744
745 745 180.924226591
746 746 0.00121680415873
747 747 0.00251122521511
748 748 296.738749267
749 749 593.889980541
750 750 542.188268839
751 751 13.4353505093
752 752 106.849698992
753 753 616.207134147
754 754 0.00415566895569
755 755 0.00342788374322
756 756 188.525226365
757 757 292.885630766
758 758 153.548515017
759 759 130.223105198
760 760 611.208442398
761 761 57.6846591069
762 762 391.354091374
763 763 211.237345281
764 764 490.904093348
765 765 136.030479593
766 766 619.042028347
767 767 0.00482995710138
768 768 448.773994975
769 769 195.715230986
770 770 0.00887983087998
771 771 609.46650682
772 772 332.845613446
773 773 471.242689707
774 774 0.00806014609855
775 775 259.709437062
776 776 380.232520546
777 777 401.482788641
778 778 366.078781325
779 779 156.316386256
780 780 460.224647279
781 781 199.355274491
782 782 242.236325782
783 783 0.0032867773143
784 784 0.00751614060847
785 785 507.228394679
786 786 603.981464226
787 787 517.682575577
788 788 219.539021808
789 789 549.058798494
790 790 55.619374463
791 791 329.211388704
792 792 0.00509009144886
793 793 517.846119842
794 794 592.891307413
795 795 281.766912206
796 796 250.685616045
797 797 492.502854417
798 798 259.022897189
799 799 125.747659612
800 800 0.00679201876904
801 801 479.837626726
802 802 137.937368594
803 803 0.00481740546831
804 804 119.852769024
805 805 441.077748187
806 806 187.421938297
807 807 508.095103746
808 808 127.246379319
809 809 518.93209407
810 810 41.5765557237
811 811 248.659972424
812 812 599.884997013
813 813 446.247526741
814 814 493.645585572
815 815 0.00212031843294
816 816 310.863883232
817 817 215.413532953
818 818 523.370910842
819 819 611.749088202
820 820 155.026763097
821 821 0.00483184357003
822 822 102.533557305
823 823 413.832918781
824 824 0.00601954406226
825 825 104.412253386
826 826 590.75268923
827 827 454.207030324
828 828 290.184828645
829 829 142.12283116
830 830 82.3811620414
831 831 207.767427743
832 832 168.098987018
833 833 0.00634999511597
834 834 120.41948519
835 835 214.902682219
836 836 380.159914037
837 837 84.1346973717
838 838 0.00918914320946
839 839 0.00837732861882
840 840 25.8674653339
841 841 0.00740451971667
842 842 468.839934234
843 843 497.722971099
844 844 0.00508514533998
845 845 410.891960775
846 846 0.00427206452439
847 847 372.702889729
848 848 189.750147895
849 849 347.16448001
850 850 414.621691259
851 851 564.337490468
852 852 417.160294718
853 853 0.00823230732781
854 854 167.612654708
855 855 0.00112913657431
856 856 385.739953261
857 857 201.404913588
858 858 423.234328672
859 859 62.6646163586
860 860 274.983811199
861 861 158.635070414
862 862 237.417183194
863 863 573.309518342
864 864 104.961194778
865 865 571.725319873
866 866 77.546101588
867 867 414.972133637
868 868 507.072130473
869 869 436.065288195
870 870 468.073103727
871 871 0.00521817424314
872 872 517.495185496
873 873 78.3521814538
874 874 93.2569429971
875 875 385.028449612
876 876 428.753345386
877 877 129.013604861
878 878 71.4133750587
879 879 0.0014836988313
880 880 486.248705079
881 881 0.000775368961264
882 882 597.644388967
883 883 403.763031822
884 884 426.27392042
885 885 416.418296281
886 886 329.820456993
887 887 362.2800836
888 888 184.262115354
889 889 567.016612341
890 890 327.449233445
891 891 373.182010756
892 892 156.837697795
893 893 0.00160836781339
894 894 12.7193372786
895 895 578.700126711
896 896 589.302816562
897 897 67.8669117057
898 898 231.119990396
899 899 43.3912197836
900 900 309.41106994
901 901 306.197202511
902 902 312.033836062
903 903 82.0055470738
904 904 306.00920907
905 905 504.891439681
906 906 353.022461614
907 907 236.238146807
908 908 518.2792915
909 909 273.688013216
910 910 530.998592029
911 911 441.956092919
912 912 0.008349175124
913 913 542.038754469
914 914 410.184756955
915 915 69.6800417239
916 916 444.072274486
917 917 10.7138681825
918 918 0.00161946111312
919 919 71.8103930935
920 920 434.645126739
921 921 0.00382943516902
922 922 0.000703148824481
923 923 360.816625756
924 924 0.00212109580323
925 925 6.32732643929
926 926 0.00293393938947
927 927 54.4752518517
928 928 612.526666168
929 929 412.272966694
930 930 512.598189202
931 931 331.795768089
932 932 104.032161402
933 933 0.00380686540301
934 934 0.0096898233579
935 935 517.701567469
936 936 218.492904812
937 937 233.813681781
938 938 18.8328436385
939 939 133.25050643
940 940 104.729051006
941 941 0.00047883734914
942 942 290.181669617
943 943 59.1566924531
944 944 462.295051635
945 945 48.5443696936
946 946 432.491514597
947 947 450.749432005
948 948 395.367810977
949 949 61.3269586266
950 950 0.00697789311975
951 951 122.461186813
952 952 455.606736883
953 953 371.461373026
954 954 0.00592406940117
955 955 401.113133845
956 956 171.457513398
957 957 295.169255619
958 958 13.8857157591
959 959 157.921270644
960 960 243.016013138
961 961 258.191718628
962 962 529.834077054
963 963 80.1205625316
964 964 103.016024661
965 965 310.74780817
966 966 133.440007357
967 967 404.397048531
968 968 0.00558556229193
969 969 216.929202791
970 970 255.468163746
971 971 149.663269893
972 972 170.751221885
973 973 0.00818441369645
974 974 0.0043076364101
975 975 0.00102991259117
976 976 0.00128186686112
977 977 15.8823994593
978 978 239.224213591
979 979 42.500543248
980 980 96.4848928274
981 981 12.1749650808
982 982 39.8205377724
983 983 0.0044998402465
984 984 399.192476707
985 985 374.993795575
986 986 0.00565466124764
987 987 0.00403154782395
988 988 0.00833226560678
989 989 0.00517644538754
990 990 2.1501049032
991 991 112.554608362
992 992 0.00330005413635
993 993 0.0067084241196
994 994 78.7778982462
995 995 0.00896782019826
996 996 13.5263741501
997 997 0.0006514147362
998 998 218.375851071
999 999 504.659873741
1000 1000 615.262169888
1001 1001 547.108088917
1002 1002 618.501606086
1003 1003 206.679277477
1004 1004 471.247206817
1005 1005 164.223688325
1006 1006 563.419195699
1007 1007 597.605940586
1008 1008 279.386428017
1009 1009 351.385983339
1010 1010 306.896184926
1011 1011 418.298581071
1012 1012 526.832730608
1013 1013 49.5092068326
1014 1014 0.00368193963909
1015 1015 434.785684434
1016 1016 0.00496832123366
1017 1017 0.00965275906652
1018 1018 544.120038724
1019 1019 0.00403029834682
1020 1020 156.074444181
1021 1021 202.033651241
1022 1022 602.249906568
1023 1023 496.605361071
1024 1024 571.671680092
1025 1025 594.974449451
1026 1026 144.502785823
1027 1027 384.804874929
1028 1028 573.755449067
1029 1029 148.198365361
1030 1030 271.617245625
1031 1031 14.6390305626
1032 1032 115.081015266
1033 1033 316.668115956
1034 1034 340.932246099
1035 1035 434.469711844
1036 1036 0.00806221377257
1037 1037 491.519550879
1038 1038 490.612697666
1039 1039 293.767492199
1040 1040 0.00671921152795
1041 1041 396.167154959
1042 1042 619.288048868
1043 1043 66.5550190181
1044 1044 0.0059068345398
1045 1045 215.033063433
1046 1046 163.115552035
1047 1047 291.705530088
1048 1048 332.578556972
1049 1049 179.907872275
1050 1050 536.014509691
1051 1051 25.4426992413
1052 1052 269.596216456
1053 1053 0.00239882445298
1054 1054 389.715714873
1055 1055 510.788924591
1056 1056 499.249725384
1057 1057 504.335753577
1058 1058 0.00379775131695
1059 1059 186.854963694
1060 1060 0.00706991875059
1061 1061 478.075633932
1062 1062 384.827027178
1063 1063 278.732609596
1064 1064 231.920508044
1065 1065 565.832647075
1066 1066 126.521729322
1067 1067 378.609147728
1068 1068 366.665502968
1069 1069 368.335526917
1070 1070 98.1389706081
1071 1071 317.62132335
1072 1072 574.075493407
1073 1073 402.223170917
1074 1074 0.00607939442876
1075 1075 156.547367801
1076 1076 314.896111849
1077 1077 26.4872011651
1078 1078 487.256999677
1079 1079 189.828253168
1080 1080 248.379989342
1081 1081 192.576879293
1082 1082 60.4128182028
1083 1083 182.548509884
1084 1084 481.614450232
1085 1085 332.264974209
1086 1086 454.527799194
1087 1087 0.00862477830168
1088 1088 565.621033941
1089 1089 20.0295366858
1090 1090 307.281299485
1091 1091 606.949636153
1092 1092 0.00849399991585
1093 1093 347.089886004
1094 1094 228.94930159
1095 1095 0.00732579103972
1096 1096 0.00875032022432
1097 1097 101.52506941
1098 1098 229.44992839
1099 1099 60.0209318198
1100 1100 11.3379869844
1101 1101 565.258768001
1102 1102 339.216189761
1103 1103 526.229498713
1104 1104 603.650431636
1105 1105 0.0059772306927
1106 1106 436.770152087
1107 1107 320.260177577
1108 1108 0.00628611511283
1109 1109 87.9603450134
1110 1110 149.628197331
1111 1111 0.00127595403259
1112 1112 624.276022065
1113 1113 247.713849047
1114 1114 131.614499914
1115 1115 3.98360537986
1116 1116 607.770036505
1117 1117 0.00604891717671
1118 1118 0.00981661045423
1119 1119 485.729602908
1120 1120 57.8282254555
1121 1121 452.08700899
1122 1122 359.253819769
1123 1123 22.0307176915
1124 1124 612.214658588
1125 1125 0.00619014927919
1126 1126 0.00174713133388
1127 1127 288.106258976
1128 1128 30.3272647814
1129 1129 0.00443586906414
1130 1130 0.00545420562875
1131 1131 168.574560898
1132 1132 553.364379628
1133 1133 10.2509095585
1134 1134 39.6846153592
1135 1135 94.7995777764
1136 1136 0.00999766551074
1137 1137 52.9290984596
1138 1138 68.0270322818
1139 1139 45.7094135274
1140 1140 432.565250998
1141 1141 0.00515228516065
1142 1142 284.750526392
1143 1143 207.926490836
1144 1144 111.593833818
1145 1145 0.0066953381895
1146 1146 486.011512222
1147 1147 0.00599074852186
1148 1148 26.9692152952
1149 1149 0.00605082616667
1150 1150 338.582907893
1151 1151 53.5239611318
1152 1152 435.030789129
1153 1153 0.000248092941113
1154 1154 513.739029457
1155 1155 188.641789637
1156 1156 266.642064261
1157 1157 83.9869126922
1158 1158 0.00665173072489
1159 1159 54.4043758525
1160 1160 481.244556857
1161 1161 302.639086343
1162 1162 0.00144077609001
1163 1163 453.443569916
1164 1164 44.588191171
1165 1165 422.56516123
1166 1166 89.7210029735
1167 1167 620.700621666
1168 1168 0.00394211432091
1169 1169 0.00228899906949
1170 1170 415.848483923
1171 1171 185.53226024
1172 1172 249.756447569
1173 1173 345.292919502
1174 1174 0.00425121239917
1175 1175 257.115620795
1176 1176 186.060700128
1177 1177 0.00122619974016
1178 1178 19.2014456801
1179 1179 282.946199519
1180 1180 396.52228866
1181 1181 0.00469645338507
1182 1182 200.434722574
1183 1183 322.177128024
1184 1184 0.000518219168207
1185 1185 363.006940238
1186 1186 617.403763674
1187 1187 0.00205725082927
1188 1188 249.614829283
1189 1189 575.978899059
1190 1190 121.373645024
1191 1191 0.00690664172552
1192 1192 0.000946131664934
1193 1193 620.176015724
1194 1194 214.880135446
1195 1195 0.00454035694554
1196 1196 506.648578738
1197 1197 77.8440058516
1198 1198 381.366538642
1199 1199 470.263890035
1200 1200 346.912954386
1201 1201 160.72254016
1202 1202 83.9407294414
1203 1203 499.920264002
1204 1204 601.462670901
1205 1205 11.0365316528
1206 1206 147.380526814
1207 1207 29.3702783843
1208 1208 0.00170140730877
1209 1209 0.00188824443947
1210 1210 287.433709958
1211 1211 0.00198443108737
1212 1212 0.00197684509165
1213 1213 254.279789315
1214 1214 335.248862269
1215 1215 0.00291103303977
1216 1216 210.474001487
1217 1217 606.450048178
1218 1218 274.795932084
1219 1219 240.188020104
1220 1220 113.940137488
1221 1221 32.0673844544
1222 1222 517.310248901
1223 1223 499.903944932
1224 1224 0.00211754914621
1225 1225 614.635619027
1226 1226 0.000575826777589
1227 1227 303.225804316
1228 1228 0.00277614649928
1229 1229 414.528952142
1230 1230 0.0091005347311
1231 1231 607.418588179
1232 1232 0.00741355636367
1233 1233 553.750556451
1234 1234 0.0029081125868
1235 1235 0.00270612726576
1236 1236 93.0047638296
1237 1237 100.651608684
1238 1238 0.00315654958855
1239 1239 72.7062716609
1240 1240 0.00935257518959
1241 1241 338.441405858
1242 1242 624.654314271
1243 1243 559.739180463
1244 1244 399.045915339
1245 1245 376.255688089
1246 1246 570.620564674
1247 1247 149.658716391
1248 1248 512.203293829
1249 1249 559.3852533
1250 1250 545.462212994
1251 1251 552.631391691
1252 1252 142.119517189
1253 1253 2.71839270714
1254 1254 281.339209188
1255 1255 0.0036685695088
1256 1256 315.585125229
1257 1257 157.28192936
1258 1258 540.728067751
1259 1259 290.910835196
1260 1260 404.437193471
1261 1261 555.210897526
1262 1262 164.051106192
1263 1263 585.227905503
1264 1264 328.99911232
1265 1265 391.615846377
1266 1266 0.00155646242602
1267 1267 0.00819804249316
1268 1268 603.524542928
1269 1269 219.263843498
1270 1270 0.00213164173039
1271 1271 141.872723263
1272 1272 249.899163691
1273 1273 319.486478861
1274 1274 453.721668658
1275 1275 186.832640027
1276 1276 329.253666176
1277 1277 0.00259557203021
1278 1278 453.957011699
1279 1279 373.935092025
1280 1280 189.461661193
1281 1281 348.118516665
1282 1282 487.834936885
1283 1283 52.5221260916
1284 1284 457.631016085
1285 1285 610.463959549
1286 1286 0.00579062355219
1287 1287 220.897571503
1288 1288 242.608299405
1289 1289 104.50301994
1290 1290 484.237616985
1291 1291 0.00935885174524
1292 1292 427.843832857
1293 1293 0.00028585662629
1294 1294 210.027435412
1295 1295 514.094904015
1296 1296 136.953577584
1297 1297 281.875615504
1298 1298 328.862377361
1299 1299 0.00805579857289
1300 1300 613.409943353
1301 1301 0.00446048551547
1302 1302 331.729569503
1303 1303 249.540385008
1304 1304 178.306346432
1305 1305 166.605032409
1306 1306 25.2063132653
1307 1307 408.80530725
1308 1308 0.00308058034132
1309 1309 119.000477302
1310 1310 121.587128743
1311 1311 24.3291009992
1312 1312 575.058333444
1313 1313 0.00420830102819
1314 1314 115.01716486
1315 1315 0.00769728647541
1316 1316 256.315013183
1317 1317 83.6615751346
1318 1318 584.84010914
1319 1319 0.00865665115158
1320 1320 407.018443618
1321 1321 334.217482612
1322 1322 28.933869107
1323 1323 319.217767188
1324 1324 291.954222529
1325 1325 0.006363885156
1326 1326 576.645039205
1327 1327 97.6030060511
1328 1328 368.922384279
1329 1329 94.8121562866
1330 1330 430.962475722
1331 1331 421.670623944
1332 1332 613.667831486
1333 1333 617.250404887
1334 1334 265.182331709
1335 1335 335.423559273
1336 1336 172.928842624
1337 1337 147.585819589
1338 1338 58.1316883486
1339 1339 83.8104099698
1340 1340 0.00485651703681
1341 1341 362.44699811
1342 1342 187.900518419
1343 1343 144.635416954
1344 1344 594.251764528
1345 1345 605.798091919
1346 1346 341.565353465
1347 1347 0.00908012114515
1348 1348 176.5129663
1349 1349 0.00366328265365
1350 1350 251.112769605
1351 1351 334.74824551
1352 1352 352.684073447
1353 1353 578.684990643
1354 1354 0.00526290053015
1355 1355 490.662576415
1356 1356 450.763660671
1357 1357 173.244849969
1358 1358 0.00306265155144
1359 1359 0.00673199938467
1360 1360 0.00557329479346
1361 1361 327.842602616
1362 1362 0.00410341509285
1363 1363 582.340337348
1364 1364 518.228723989
1365 1365 273.808259365
1366 1366 79.9987802745
1367 1367 18.4850479403
1368 1368 206.565744377
1369 1369 248.749431231
1370 1370 267.483477788
1371 1371 0.00404311521859
1372 1372 241.275118554
1373 1373 37.9064385246
1374 1374 31.9129817575
1375 1375 9.6110560389
1376 1376 42.8793944158
1377 1377 546.387453767
1378 1378 21.2758081983
1379 1379 340.036863224
1380 1380 393.302295315
1381 1381 83.293391035
1382 1382 240.382809984
1383 1383 170.529169343
1384 1384 584.838056761
1385 1385 0.00625650368584
1386 1386 66.5119249653
1387 1387 0.00926925331116
1388 1388 12.87424964
1389 1389 596.334299222
1390 1390 598.196064026
1391 1391 0.0074304765883
1392 1392 200.816431334
1393 1393 2.20980450881e-05
1394 1394 129.801523212
1395 1395 20.9548904313
1396 1396 180.722243737
1397 1397 262.846876388
1398 1398 0.000882429521683
1399 1399 569.789179829
1400 1400 436.366132309
1401 1401 476.747234231
1402 1402 356.759120336
1403 1403 155.451297244
1404 1404 325.038585907
1405 1405 125.941347717
1406 1406 544.976618481
1407 1407 332.398441742
1408 1408 310.270324075
1409 1409 0.00273326151185
1410 1410 167.065794156
1411 1411 22.8223202024
1412 1412 0.00536169089051
1413 1413 201.314777104
1414 1414 511.637080733
1415 1415 238.52801064
1416 1416 27.9930917003
1417 1417 10.7591510637
1418 1418 217.952971017
1419 1419 419.836526117
1420 1420 104.769795558
1421 1421 455.954371445
1422 1422 37.1643092564
1423 1423 0.00760619237601
1424 1424 572.968555693
1425 1425 0.000493013063865
1426 1426 456.096359876
1427 1427 352.998776249
1428 1428 0.000199384377382
1429 1429 415.120187724
1430 1430 0.00706448961114
1431 1431 190.950261946
1432 1432 450.911566372
1433 1433 0.00684569110146
1434 1434 0.00445273382618
1435 1435 0.00384844244101
1436 1436 0.00291292055043
1437 1437 516.20537238
1438 1438 285.732128329
1439 1439 3.40948477321
1440 1440 483.876864946
1441 1441 311.151420448
1442 1442 407.823582202
1443 1443 0.00315212639917
1444 1444 118.190437412
1445 1445 110.289677652
1446 1446 549.208931894
1447 1447 484.455294465
1448 1448 91.7688104116
1449 1449 261.486782481
1450 1450 463.424702183
1451 1451 567.97891107
1452 1452 16.4067883852
1453 1453 313.173479552
1454 1454 0.00893873779356
1455 1455 199.064858144
1456 1456 358.88180801
1457 1457 68.1453775711
1458 1458 569.840283095
1459 1459 127.686104619
1460 1460 0.00528281322604
1461 1461 402.077672871
1462 1462 272.351206198
1463 1463 0.0088955547483
1464 1464 438.29666618
1465 1465 362.154029979
1466 1466 326.329735829
1467 1467 148.931359113
1468 1468 258.003507968
1469 1469 0.00139584948747
1470 1470 0.00167466214743
1471 1471 0.000391606537223
1472 1472 540.824834566
1473 1473 0.00631640911184
1474 1474 524.820772346
1475 1475 154.029559273
1476 1476 383.183597666
1477 1477 474.940622236
1478 1478 410.682110716
1479 1479 63.0241833229
1480 1480 508.362855283
1481 1481 254.138565067
1482 1482 459.767279182
1483 1483 108.658815523
1484 1484 224.212486669
1485 1485 351.671095549
1486 1486 625.490568269
1487 1487 0.00243274706163
1488 1488 426.8942795
1489 1489 162.652129266
1490 1490 0.00878747751756
1491 1491 624.577394069
1492 1492 588.663992603
1493 1493 436.626739493
1494 1494 573.74819734
1495 1495 36.7666878513
1496 1496 182.646032046
1497 1497 507.770660097
1498 1498 293.078501734
1499 1499 0.00490032222606
1500 1500 0.00167269629692
1501 1501 0.00027011228081
1502 1502 446.283141997
1503 1503 334.573588638
1504 1504 198.332929465
1505 1505 0.0051378854505
1506 1506 159.057267051
1507 1507 201.175819828
1508 1508 82.7529320884
1509 1509 603.333929028
1510 1510 389.867865354
1511 1511 0.00234727482755
1512 1512 489.604762413
1513 1513 0.0080220855166
1514 1514 0.00449696575692
1515 1515 0.00993632123595
1516 1516 202.958007319
1517 1517 464.603039994
1518 1518 402.270277504
1519 1519 471.659157121
1520 1520 595.594666513
1521 1521 540.61932256
1522 1522 0.009716276604
1523 1523 502.751219594
1524 1524 559.600106939
1525 1525 522.819503309
1526 1526 517.459894769
1527 1527 0.00931834155081
1528 1528 398.123482065
1529 1529 270.456858287
1530 1530 56.3712757308
1531 1531 78.9172497301
1532 1532 523.44598653
1533 1533 55.2876160573
1534 1534 570.14900289
1535 1535 0.0047914068247
1536 1536 0.00994498550534
1537 1537 326.582363835
1538 1538 41.7068695625
1539 1539 450.035030342
1540 1540 386.329279531
1541 1541 413.060735664
1542 1542 396.952788892
1543 1543 538.752022376
1544 1544 134.606556037
1545 1545 273.654275418
1546 1546 135.527476437
1547 1547 189.178148641
1548 1548 99.571241558
1549 1549 0.00682313585144
1550 1550 504.502967219
1551 1551 609.148847714
1552 1552 607.718332939
1553 1553 157.515661169
1554 1554 361.553307029
1555 1555 0.00521812612096
1556 1556 357.941932783
1557 1557 249.608960696
1558 1558 84.7094461944
1559 1559 119.615305954
1560 1560 341.803191829
1561 1561 319.917430524
1562 1562 361.844841574
1563 1563 62.8777319883
1564 1564 596.17849746
1565 1565 85.4906993938
1566 1566 349.775624048
1567 1567 395.75951582
1568 1568 0.00756345111418
1569 1569 370.501306762
1570 1570 558.63759118
1571 1571 0.00374250537725
1572 1572 14.1819709033
1573 1573 446.771997527
1574 1574 27.9307884225
1575 1575 424.027353212
1576 1576 96.5096407365
1577 1577 0.00318531670113
1578 1578 0.0090417465011
1579 1579 135.353896543
1580 1580 0.00803947856468
1581 1581 438.411731239
1582 1582 487.873210814
1583 1583 608.033333042
1584 1584 482.682935753
1585 1585 373.746794855
1586 1586 0.00351206328104
1587 1587 84.9524620793
1588 1588 59.7816008746
1589 1589 132.436118635
1590 1590 550.523583307
1591 1591 262.710852218
1592 1592 129.183717811
1593 1593 510.725220147
1594 1594 605.715972442
1595 1595 375.150131648
1596 1596 0.00542139697099
1597 1597 32.6106543876
1598 1598 0.000578757166758
1599 1599 109.73794892
1600 1600 43.2444081054
1601 1601 77.4248887941
1602 1602 463.568532753
1603 1603 139.236415036
1604 1604 18.6049836031
1605 1605 294.472133496
1606 1606 239.115089078
1607 1607 547.427230103
1608 1608 0.00860724775273
1609 1609 577.530848104
1610 1610 0.00170229411101
1611 1611 5.12428898111
1612 1612 0.00700328302049
1613 1613 4.63225023995
1614 1614 579.863786329
1615 1615 257.875750031
1616 1616 362.01910328
1617 1617 565.215871405
1618 1618 497.754394876
1619 1619 201.863032536
1620 1620 0.00802250015098
1621 1621 533.374295371
1622 1622 465.830264962
1623 1623 487.446888447
1624 1624 211.365499593
1625 1625 550.698487656
1626 1626 271.146549489
1627 1627 0.000575719922993
1628 1628 0.00136242477145
1629 1629 70.4911833628
1630 1630 305.195693411
1631 1631 176.281127036
1632 1632 595.651968252
1633 1633 0.00855525352896
1634 1634 0.00256292946109
1635 1635 0.00213998898761
1636 1636 0.0054893132851
1637 1637 389.921784339
1638 1638 239.959958887
1639 1639 0.00268942894635
1640 1640 0.00725787061161
1641 1641 1.2726463287
1642 1642 552.613998781
1643 1643 568.362591315
1644 1644 406.802339113
1645 1645 0.00784828431265
1646 1646 0.00492342265504
1647 1647 110.715967299
1648 1648 503.170193169
1649 1649 0.00494608699754
1650 1650 217.975675288
1651 1651 625.184883692
1652 1652 346.752814866
1653 1653 536.586430035
1654 1654 561.849824424
1655 1655 0.000378565627712
1656 1656 397.217970284
1657 1657 587.109648716
1658 1658 231.871524
1659 1659 259.837519558
1660 1660 72.3645711818
1661 1661 0.00458071023688
1662 1662 159.188474385
1663 1663 461.230907152
1664 1664 367.036463878
1665 1665 46.0400010891
1666 1666 176.050771211
1667 1667 0.00139201098479
1668 1668 395.946754357
1669 1669 396.508841198
1670 1670 368.058791353
1671 1671 569.985205421
1672 1672 455.202143417
1673 1673 0.00718240012362
1674 1674 115.726513112
1675 1675 277.69864409
1676 1676 154.700789775
1677 1677 129.386802398
1678 1678 0.00192266597349
1679 1679 0.00437111296613
1680 1680 389.744799886
1681 1681 19.7975267909
1682 1682 375.217774404
1683 1683 161.199812413
1684 1684 0.000470358668847
1685 1685 321.967785597
1686 1686 0.00328470120074
1687 1687 32.1641114641
1688 1688 457.257863702
1689 1689 0.00322264355449
1690 1690 529.53838827
1691 1691 114.969068166
1692 1692 496.926529973
1693 1693 389.386700381
1694 1694 463.177706307
1695 1695 0.00574635876248
1696 1696 0.00391979162985
1697 1697 598.701860006
1698 1698 0.00826234916086
1699 1699 0.00883270372822
1700 1700 541.768180919
1701 1701 0.00751747061011
1702 1702 0.00774230872712
1703 1703 0.00701580296928
1704 1704 241.883501415
1705 1705 295.069044876
1706 1706 380.978805717
1707 1707 106.390264954
1708 1708 0.00169608220976
1709 1709 304.724191104
1710 1710 203.20889409
1711 1711 451.192400161
1712 1712 285.139710973
1713 1713 0.00968045423059
1714 1714 598.914343962
1715 1715 40.2735088287
1716 1716 368.646563261
1717 1717 133.319700287
1718 1718 240.566975887
1719 1719 503.289740099
1720 1720 158.121224195
1721 1721 101.616208619
1722 1722 372.876091661
1723 1723 0.00727660843771
1724 1724 306.496416455
1725 1725 295.781418201
1726 1726 325.010274393
1727 1727 467.566406996
1728 1728 0.00672353773739
1729 1729 0.00809589148257
1730 1730 431.502680047
1731 1731 545.523739456
1732 1732 0.00178578924297
1733 1733 573.575749949
1734 1734 515.298040608
1735 1735 323.614551038
1736 1736 544.108390777
1737 1737 436.33081327
1738 1738 189.656420125
1739 1739 0.00512524302117
1740 1740 446.332014539
1741 1741 105.110341478
1742 1742 535.554681422
1743 1743 0.00810019596376
1744 1744 437.736996058
1745 1745 556.242636843
1746 1746 151.17714405
1747 1747 386.086602264
1748 1748 0.00209697272607
1749 1749 208.305290302
1750 1750 142.603071555
1751 1751 76.5125971076
1752 1752 485.019400283
1753 1753 207.025045568
1754 1754 0.00766694427129
1755 1755 545.899924224
1756 1756 535.198439381
1757 1757 465.910926602
1758 1758 0.00411089808048
1759 1759 394.660578126
1760 1760 72.9015033752
1761 1761 178.851715467
1762 1762 408.564824444
1763 1763 0.0035120187545
1764 1764 277.226886922
1765 1765 0.00758487246931
1766 1766 0.00798245028792
1767 1767 214.850167834
1768 1768 0.00274154740461
1769 1769 0.00588636406277
1770 1770 166.715451458
1771 1771 171.836941782
1772 1772 53.4903844025
1773 1773 383.252172076
1774 1774 526.180235288
1775 1775 23.6374938661
1776 1776 34.6487327067
1777 1777 545.922808194
1778 1778 145.953819144
1779 1779 1.31472678235e-05
1780 1780 330.966140907
1781 1781 90.6370466748
1782 1782 393.030524375
1783 1783 348.997899299
1784 1784 491.584276875
1785 1785 0.00528458677466
1786 1786 0.0023550140442
1787 1787 0.0051883497068
1788 1788 0.000641599829955
1789 1789 20.3448433297
1790 1790 588.775735559
1791 1791 232.371312641
1792 1792 602.890720605
1793 1793 252.736371019
1794 1794 279.579547903
1795 1795 22.472352549
1796 1796 387.582019211
1797 1797 380.787578038
1798 1798 374.215857473
1799 1799 513.639924541
1800 1800 444.582393313
1801 1801 302.052267979
1802 1802 177.763779306
1803 1803 33.4549672683
1804 1804 305.586673931
1805 1805 0.00712534394225
1806 1806 555.747981915
1807 1807 601.20630604
1808 1808 373.210463229
1809 1809 97.9409764941
1810 1810 417.623356951
1811 1811 553.878973676
1812 1812 465.090831835
1813 1813 0.00261423950838
1814 1814 22.0849831376
1815 1815 531.065933994
1816 1816 0.00142243574279
1817 1817 70.5024427654
1818 1818 51.0604517834
1819 1819 104.475009182
1820 1820 197.899245738
1821 1821 393.041390519
1822 1822 496.926991685
1823 1823 213.287410034
1824 1824 101.022094488
1825 1825 0.00422057616748
1826 1826 179.239374535
1827 1827 0.00535606801624
1828 1828 229.839277806
1829 1829 149.349246487
1830 1830 75.7022096058
1831 1831 537.111298445
1832 1832 458.065419887
1833 1833 600.480679613
1834 1834 0.00526161844622
1835 1835 93.4032122259
1836 1836 456.014224485
1837 1837 485.574216899
1838 1838 256.9252912
1839 1839 0.006037697071
1840 1840 464.465475722
1841 1841 166.288360307
1842 1842 563.825261551
1843 1843 281.748072749
1844 1844 0.00175750388667
1845 1845 32.29426313
1846 1846 72.8785246638
1847 1847 470.451142131
1848 1848 144.68185781
1849 1849 0.00292396878842
1850 1850 327.173623298
1851 1851 0.00601801326318
1852 1852 0.00202518113567
1853 1853 586.528201021
1854 1854 133.508734542
1855 1855 209.453729598
1856 1856 0.0095565408036
1857 1857 266.358665247
1858 1858 169.818704562
1859 1859 458.329260307
1860 1860 466.146553232
1861 1861 497.68194086
1862 1862 113.230140177
1863 1863 0.00823279405858
1864 1864 256.13176338
1865 1865 0.00397532943452
1866 1866 195.23277091
1867 1867 453.331760455
1868 1868 282.206194417
1869 1869 429.482678186
1870 1870 0.00647442084052
1871 1871 180.888536902
1872 1872 522.032858065
1873 1873 123.984386259
1874 1874 460.874796087
1875 1875 0.00275904146654
1876 1876 331.949776162
1877 1877 106.935382372
1878 1878 543.25015624
1879 1879 608.08007947
1880 1880 507.791532186
1881 1881 0.00503639570991
1882 1882 162.769460728
1883 1883 0.00517270744801
1884 1884 244.44030012
1885 1885 97.5494619033
1886 1886 199.186555345
1887 1887 220.314497389
1888 1888 593.27365225
1889 1889 0.00054347755607
1890 1890 295.345854473
1891 1891 0.00498885182188
1892 1892 266.121061282
1893 1893 556.796275951
1894 1894 156.289282904
1895 1895 458.746753048
1896 1896 0.00625657329529
1897 1897 426.761397064
1898 1898 29.3716567405
1899 1899 0.00897152397146
1900 1900 0.0028073344731
1901 1901 180.006546662
1902 1902 85.9675623333
1903 1903 424.655251668
1904 1904 508.994431356
1905 1905 556.267121194
1906 1906 530.361676503
1907 1907 348.682355234
1908 1908 193.018991791
1909 1909 44.8412734119
1910 1910 0.000262275304637
1911 1911 607.722550341
1912 1912 593.206332681
1913 1913 264.219290582
1914 1914 255.411075848
1915 1915 0.00413793892382
1916 1916 224.947559394
1917 1917 512.544087456
1918 1918 211.427230163
1919 1919 606.024920345
1920 1920 0.00235207100005
1921 1921 474.544360859
1922 1922 202.862751808
1923 1923 591.873519651
1924 1924 588.522506182
1925 1925 0.00458345617421
1926 1926 0.0059591003867
1927 1927 54.8875536254
1928 1928 596.512855798
1929 1929 127.663889066
1930 1930 91.1994376274
1931 1931 277.874758267
1932 1932 510.112310208
1933 1933 145.683482665
1934 1934 476.068228799
1935 1935 440.771691302
1936 1936 621.058148558
1937 1937 380.596123305
1938 1938 541.149955269
1939 1939 0.00336454435068
1940 1940 373.332535986
1941 1941 0.0013141696456
1942 1942 352.750866776
1943 1943 26.1633315673
1944 1944 325.006112862
1945 1945 385.92256245
1946 1946 532.4495765
1947 1947 358.736628846
1948 1948 258.572195156
1949 1949 448.361204882
1950 1950 173.745469001
1951 1951 0.00372920700795
1952 1952 0.00663968728092
1953 1953 0.00748512882406
1954 1954 0.00249738167243
1955 1955 257.569816383
1956 1956 358.772725531
1957 1957 163.044684847
1958 1958 490.187936393
1959 1959 544.896771108
1960 1960 0.00222813840135
1961 1961 231.16876116
1962 1962 190.976223303
1963 1963 621.377082907
1964 1964 0.00695846512643
1965 1965 223.264725191
1966 1966 247.337338175
1967 1967 0.00709222199793
1968 1968 37.1216983557
1969 1969 38.8521182882
1970 1970 516.274370618
1971 1971 210.885302865
1972 1972 389.215562532
1973 1973 90.9224750038
1974 1974 509.966679652
1975 1975 472.551039438
1976 1976 280.044853917
1977 1977 348.768349887
1978 1978 55.9738435545
1979 1979 0.00807999109482
1980 1980 15.7814738487
1981 1981 321.706055411
1982 1982 0.00263582665071
1983 1983 270.694822629
1984 1984 78.1883543474
1985 1985 242.340046864
1986 1986 84.2996620882
1987 1987 456.191889773
1988 1988 231.153817043
1989 1989 87.5642895694
1990 1990 0.00879901013846
1991 1991 261.365445474
1992 1992 0.00954941687936
1993 1993 255.894285855
1994 1994 0.00240217630122
1995 1995 414.337334486
1996 1996 47.1058329672
1997 1997 460.12761884
1998 1998 310.599915628
1999 1999 465.032049822
2000 2000 530.515923902
2001 2001 169.30971378
2002 2002 107.960048509
2003 2003 363.167663703
2004 2004 1.22213042221e-05
2005 2005 1.12546676603
2006 2006 306.690660716
2007 2007 0.00819301186042
2008 2008 0.00738953568005
2009 2009 267.698966936
2010 2010 602.812702471
2011 2011 233.840401759
2012 2012 0.000306911799237
2013 2013 0.000515792037077
2014 2014 414.663638187
2015 2015 267.589140509
2016 2016 436.135234857
2017 2017 310.210630029
2018 2018 0.00818404555276
2019 2019 504.261948821
2020 2020 437.290251944
2021 2021 442.638562215
2022 2022 452.89929507
2023 2023 309.1638007
2024 2024 268.441107836
2025 2025 614.88122294
2026 2026 0.00549215492269
2027 2027 364.054229311
2028 2028 591.716149207
2029 2029 0.00445599850243
2030 2030 185.72265377
2031 2031 459.182932534
2032 2032 445.224467663
2033 2033 0.00255980096836
2034 2034 0.00629744829741
2035 2035 389.85461161
2036 2036 75.9049939645
2037 2037 344.369187943
2038 2038 543.994549128
2039 2039 330.30807787
2040 2040 0.00247426293882
2041 2041 229.480545509
2042 2042 531.515962808
2043 2043 246.659756102
2044 2044 307.7923231
2045 2045 0.00381615483927
2046 2046 225.077445615
2047 2047 404.425132869
2048 2048 414.053019445
2049 2049 109.153678633
2050 2050 25.4583588974
2051 2051 538.102701399
2052 2052 392.361930966
2053 2053 0.00261111664011
2054 2054 0.00222493187576
2055 2055 122.148518014
2056 2056 122.226633579
2057 2057 188.41862101
2058 2058 0.00716785167113
2059 2059 284.729711304
2060 2060 0.00199811413331
2061 2061 497.910001426
2062 2062 357.649979631
2063 2063 587.250325165
2064 2064 532.540089752
2065 2065 392.435464756
2066 2066 471.442086929
2067 2067 254.75555523
2068 2068 602.783887219
2069 2069 0.00948830381005
2070 2070 178.411225917
2071 2071 109.105143672
2072 2072 542.295480844
2073 2073 132.633493484
2074 2074 308.08460211
2075 2075 0.00523138404073
2076 2076 345.844378153
2077 2077 0.00508541728347
2078 2078 475.953619291
2079 2079 0.0069289577717
2080 2080 311.359205949
2081 2081 143.649689357
2082 2082 336.851493568
2083 2083 258.956217664
2084 2084 448.43765802
2085 2085 91.392205127
2086 2086 466.309785682
2087 2087 0.00770026886002
2088 2088 331.800252698
2089 2089 491.350438212
2090 2090 117.501580482
2091 2091 477.491776917
2092 2092 527.907971737
2093 2093 234.46396598
2094 2094 311.439127655
2095 2095 0.00365608080754
2096 2096 168.713922906
2097 2097 308.719706466
2098 2098 0.00836101528727
2099 2099 565.168434002
2100 2100 0.00539936014737
2101 2101 570.388540774
2102 2102 209.104103742
2103 2103 91.7130987988
2104 2104 480.153293555
2105 2105 483.564000859
2106 2106 0.00360378445387
2107 2107 13.3155517757
2108 2108 345.238180803
2109 2109 347.020027128
2110 2110 26.5443674133
2111 2111 287.634888725
2112 2112 605.516927853
2113 2113 0.00199833618402
2114 2114 253.18737031
2115 2115 438.498763105
2116 2116 101.073706598
2117 2117 618.085076181
2118 2118 86.6873202357
2119 2119 431.158238719
2120 2120 360.357655408
2121 2121 14.8061140862
2122 2122 0.00901059507335
2123 2123 453.59335423
2124 2124 0.00850756904702
2125 2125 534.139866604
2126 2126 391.474394629
2127 2127 0.00196098138087
2128 2128 360.868755136
2129 2129 52.2538605479
2130 2130 552.438789578
2131 2131 0.00483543058727
2132 2132 394.078687312
2133 2133 164.421166171
2134 2134 590.394749374
2135 2135 0.000707314598494
2136 2136 376.499190753
2137 2137 288.540774123
2138 2138 311.313433298
2139 2139 0.00259070868046
2140 2140 195.631689488
2141 2141 71.7183747477
2142 2142 358.209269051
2143 2143 338.511862499
2144 2144 487.68328893
2145 2145 0.300802492899
2146 2146 0.00103539005457
2147 2147 193.339761202
2148 2148 85.7560353577
2149 2149 430.200573172
2150 2150 589.906494579
2151 2151 0.00876413469393
2152 2152 0.00278342336078
2153 2153 267.141860012
2154 2154 244.61208713
2155 2155 394.733715762
2156 2156 33.1492163195
2157 2157 74.9665112766
2158 2158 163.516700003
2159 2159 389.531154848
2160 2160 0.00558677010267
2161 2161 0.00197234289835
2162 2162 591.066322311
2163 2163 0.00887235337932
2164 2164 43.2734254682
2165 2165 132.151905608
2166 2166 574.714918555
2167 2167 208.819689025
2168 2168 350.093221957
2169 2169 0.0077149918246
2170 2170 528.296508239
2171 2171 504.242678027
2172 2172 188.393460598
2173 2173 126.001917941
2174 2174 490.38528034
2175 2175 601.834225135
2176 2176 355.118623349
2177 2177 0.00566585085388
2178 2178 33.9637124541
2179 2179 157.66221799
2180 2180 149.438787284
2181 2181 550.846414725
2182 2182 551.091102899
2183 2183 7.02586367261
2184 2184 72.9742088494
2185 2185 429.708138725
2186 2186 459.569782225
2187 2187 20.8605566076
2188 2188 0.00580523798266
2189 2189 294.029806048
2190 2190 79.2472052982
2191 2191 215.173210335
2192 2192 441.652866456
2193 2193 0.00152974862771
2194 2194 512.598836484
2195 2195 599.716428275
2196 2196 491.077100284
2197 2197 591.364854457
2198 2198 0.00979375695427
2199 2199 501.611612859
2200 2200 0.00899913195125
2201 2201 399.672865077
2202 2202 0.00342038166731
2203 2203 0.00592793080766
2204 2204 71.9680333516
2205 2205 516.73256173
2206 2206 317.64819424
2207 2207 280.571673937
2208 2208 430.828819948
2209 2209 221.444007764
2210 2210 0.00878379282851
2211 2211 559.293490669
2212 2212 469.230089391
2213 2213 346.228895717
2214 2214 0.0069086676327
2215 2215 0.00318081310602
2216 2216 198.6589469
2217 2217 0.00356909428871
2218 2218 486.741308222
2219 2219 561.236154496
2220 2220 56.3591049124
2221 2221 286.010471819
2222 2222 0.00418853306156
2223 2223 300.374943532
2224 2224 427.997859617
2225 2225 331.15638273
2226 2226 411.474673174
2227 2227 314.28854618
2228 2228 0.00964069513176
2229 2229 0.00719751397353
2230 2230 284.971405715
2231 2231 625.776206238
2232 2232 546.851411652
2233 2233 483.953863792
2234 2234 18.9062947889
2235 2235 342.720924137
2236 2236 0.00438873437721
2237 2237 240.415007815
2238 2238 79.3984605736
2239 2239 516.304974803
2240 2240 210.950951947
2241 2241 421.249851166
2242 2242 0.00786297946391
2243 2243 600.137949401
2244 2244 579.650018703
2245 2245 0.00173899121093
2246 2246 178.465869664
2247 2247 168.911079612
2248 2248 546.937697052
2249 2249 588.108242904
2250 2250 423.98669116
2251 2251 220.278084227
2252 2252 601.244025923
2253 2253 506.503215741
2254 2254 7.33503549406e-05
2255 2255 212.662297972
2256 2256 0.00750708378795
2257 2257 0.00219139770198
2258 2258 190.880080782
2259 2259 0.00140086084906
2260 2260 0.00179678202932
2261 2261 149.621219159
2262 2262 394.453474062
2263 2263 342.321256709
2264 2264 388.396673864
2265 2265 236.533049445
2266 2266 0.000331052930645
2267 2267 228.657573569
2268 2268 0.000223482432839
2269 2269 190.863681099
2270 2270 482.462166701
2271 2271 0.00164207726333
2272 2272 424.718150974
2273 2273 159.27883426
2274 2274 573.138838915
2275 2275 577.351563735
2276 2276 236.814731219
2277 2277 457.457677745
2278 2278 86.4234638866
2279 2279 134.208818673
2280 2280 0.00876339889464
2281 2281 0.00721863494962
2282 2282 311.754293063
2283 2283 189.341294724
2284 2284 0.00648393440128
2285 2285 127.574416978
2286 2286 0.0034592188779
2287 2287 397.956460517
2288 2288 174.3769798
2289 2289 0.00706420229398
2290 2290 226.208671481
2291 2291 0.00661413131589
2292 2292 0.00857804192853
2293 2293 0.00425415819934
2294 2294 332.620126303
2295 2295 282.565506252
2296 2296 0.0096794963175
2297 2297 149.271782789
2298 2298 217.849517034
2299 2299 332.465731356
2300 2300 0.0074671587508
2301 2301 54.6946670117
2302 2302 450.849459932
2303 2303 70.7889309748
2304 2304 107.799238462
2305 2305 573.561638008
2306 2306 242.266750913
2307 2307 527.028217756
2308 2308 0.00337260633811
2309 2309 444.335464016
2310 2310 512.132907996
2311 2311 0.00433129312815
2312 2312 0.00173415373782
2313 2313 167.142743462
2314 2314 0.00483629948583
2315 2315 160.841517707
2316 2316 538.349829427
2317 2317 189.783501101
2318 2318 210.831603467
2319 2319 344.343639414
2320 2320 504.460941385
2321 2321 375.587584443
2322 2322 271.937165503
2323 2323 0.00160779292185
2324 2324 0.00876320065111
2325 2325 525.582252724
2326 2326 323.950966987
2327 2327 12.1639681356
2328 2328 0.00470131869404
2329 2329 258.201748185
2330 2330 555.983649349
2331 2331 362.93659152
2332 2332 0.00166505030277
2333 2333 0.00820681849429
2334 2334 408.521346717
2335 2335 52.4084316009
2336 2336 0.00174972219304
2337 2337 180.127460956
2338 2338 490.986717545
2339 2339 592.157640663
2340 2340 14.7281761278
2341 2341 499.751184
2342 2342 263.037079653
2343 2343 333.404799367
2344 2344 601.190699565
2345 2345 94.7966335865
2346 2346 428.351799595
2347 2347 0.00859651196264
2348 2348 0.001974484822
2349 2349 127.349549036
2350 2350 268.912134706
2351 2351 364.903016018
2352 2352 145.078339647
2353 2353 0.00644290044513
2354 2354 0.00359540705457
2355 2355 142.850131933
2356 2356 0.00033568946755
2357 2357 455.449354747
2358 2358 190.121526536
2359 2359 621.437034677
2360 2360 539.599292448
2361 2361 0.00337519493422
2362 2362 161.316482022
2363 2363 322.195422181
2364 2364 0.00972676699626
2365 2365 511.781633293
2366 2366 339.035176895
2367 2367 0.00763796529053
2368 2368 537.315915111
2369 2369 577.784656215
2370 2370 0.00716553424483
2371 2371 240.806092646
2372 2372 137.277455541
2373 2373 439.214606705
2374 2374 440.888217666
2375 2375 75.0942654663
2376 2376 305.589431002
2377 2377 36.156201031
2378 2378 6.44178758794
2379 2379 504.196031231
2380 2380 229.978526016
2381 2381 391.405789617
2382 2382 603.137241973
2383 2383 38.8085674936
2384 2384 344.598651232
2385 2385 229.965830294
2386 2386 66.8510330048
2387 2387 12.8308007502
2388 2388 300.386039682
2389 2389 64.4393054536
2390 2390 1.96211348587
2391 2391 481.961796273
2392 2392 573.907261655
2393 2393 0.0022656032074
2394 2394 25.1678907896
2395 2395 0.00334810414601
2396 2396 103.633160511
2397 2397 522.16269627
2398 2398 0.00942474179398
2399 2399 0.00408736590714
2400 2400 562.826000526
2401 2401 548.73914626
2402 2402 265.655193666
2403 2403 25.1849958159
2404 2404 157.778095224
2405 2405 0.00792346081594
2406 2406 366.130229735
2407 2407 386.674964802
2408 2408 310.688788199
2409 2409 564.935771306
2410 2410 0.00161808280322
2411 2411 474.668766377
2412 2412 165.051456217
2413 2413 40.5067298708
2414 2414 349.028305093
2415 2415 176.329167576
2416 2416 0.00475013270532
2417 2417 431.14211255
2418 2418 379.561302099
2419 2419 0.00377907621713
2420 2420 462.894493301
2421 2421 474.521239051
2422 2422 430.813675676
2423 2423 107.291473345
2424 2424 441.894554769
2425 2425 178.043805884
2426 2426 235.82027552
2427 2427 0.0071469097628
2428 2428 68.7412368974
2429 2429 450.519936565
2430 2430 0.00277423811931
2431 2431 223.270614502
2432 2432 94.6024067229
2433 2433 424.625474169
2434 2434 68.8353196289
2435 2435 512.211894764
2436 2436 483.906962852
2437 2437 365.089045138
2438 2438 0.00642106316899
2439 2439 0.00212692614679
2440 2440 336.065199357
2441 2441 495.362071283
2442 2442 247.490707419
2443 2443 210.929432482
2444 2444 448.697908967
2445 2445 0.00185665024554
2446 2446 377.664641818
2447 2447 494.653000334
2448 2448 528.775269865
2449 2449 0.00847776367787
2450 2450 353.593752836
2451 2451 320.180621119
2452 2452 593.424815603
2453 2453 0.00438111029411
2454 2454 308.881343035
2455 2455 297.754066263
2456 2456 618.098858575
2457 2457 0.00706517083533
2458 2458 291.300867829
2459 2459 350.484246143
2460 2460 0.00652183127257
2461 2461 399.989739732
2462 2462 0.00980512453141
2463 2463 97.3629990914
2464 2464 4.77458619364e-05
2465 2465 0.00948341497629
2466 2466 185.262260566
2467 2467 588.449480816
2468 2468 0.00208150522479
2469 2469 381.769246794
2470 2470 457.261831712
2471 2471 622.919427534
2472 2472 514.834678683
2473 2473 388.9244258
2474 2474 389.541344571
2475 2475 466.887501455
2476 2476 0.00109231034266
2477 2477 179.938683454
2478 2478 78.3199350223
2479 2479 108.128219639
2480 2480 0.00288646407203
2481 2481 109.26652835
2482 2482 362.269036922
2483 2483 613.861958974
2484 2484 543.401732541
2485 2485 534.710056306
2486 2486 459.384163958
2487 2487 51.5121216976
2488 2488 460.417913
2489 2489 495.393514967
2490 2490 412.396166615
2491 2491 43.1074373951
2492 2492 0.00808346052737
2493 2493 424.314566593
2494 2494 270.471469827
2495 2495 59.5515473732
2496 2496 179.507665199
2497 2497 20.8872546235
2498 2498 0.00607508502304
2499 2499 409.766552659
2500 2500 0.00485779932943
2501 2501 0.00998100684101
2502 2502 484.749308691
2503 2503 228.817329877
2504 2504 508.318126149
2505 2505 32.5116765928
2506 2506 271.851343187
2507 2507 414.72943692
2508 2508 434.720009697
2509 2509 21.7305837643
2510 2510 465.257672507
2511 2511 417.462365913
2512 2512 0.00790547344309
2513 2513 151.945511168
2514 2514 253.831229247
2515 2515 444.604712209
2516 2516 0.0030076865136
2517 2517 0.00424443042721
2518 2518 596.158299257
2519 2519 131.653819014
2520 2520 582.5991756
2521 2521 168.019428038
2522 2522 461.355074701
2523 2523 613.281096465
2524 2524 0.00498540940016
2525 2525 442.588963699
2526 2526 0.00365885821304
2527 2527 624.291771721
2528 2528 23.5852221749
2529 2529 160.513983099
2530 2530 23.984681763
2531 2531 0.00711789568436
2532 2532 198.203566765
2533 2533 270.856175372
2534 2534 542.891786892
2535 2535 501.403917119
2536 2536 583.439717687
2537 2537 578.094888471
2538 2538 114.274696095
2539 2539 434.887512586
2540 2540 0.00570386235186
2541 2541 221.03093845
2542 2542 398.306597947
2543 2543 0.00237918980384
2544 2544 0.00278155403205
2545 2545 0.00449971150035
2546 2546 287.479632571
2547 2547 487.14569321
2548 2548 470.66523687
2549 2549 534.377834196
2550 2550 133.238482823
2551 2551 0.00367459819734
2552 2552 532.586573403
2553 2553 483.877487001
2554 2554 416.14831312
2555 2555 364.378595733
2556 2556 362.302500853
2557 2557 135.538848142
2558 2558 0.00600080881702
2559 2559 0.00969207570245
2560 2560 457.65878847
2561 2561 8.24707231382e-05
2562 2562 0.00415544897776
2563 2563 424.591805684
2564 2564 544.387694302
2565 2565 83.427711026
2566 2566 593.515517051
2567 2567 203.702067401
2568 2568 451.310313974
2569 2569 464.995980893
2570 2570 444.412201392
2571 2571 162.791400343
2572 2572 0.00233027595179
2573 2573 301.968260219
2574 2574 145.436723268
2575 2575 0.00766103323681
2576 2576 0.000520215076531
2577 2577 616.639526695
2578 2578 205.528339439
2579 2579 32.2060223265
2580 2580 193.691684407
2581 2581 299.814268145
2582 2582 383.260289712
2583 2583 266.753522949
2584 2584 299.110924962
2585 2585 509.327789939
2586 2586 0.00357201075156
2587 2587 72.6350245316
2588 2588 47.6333094186
2589 2589 291.351840601
2590 2590 0.00193964220714
2591 2591 393.881730862
2592 2592 389.290587154
2593 2593 585.20007614
2594 2594 0.00064885505462
2595 2595 337.981770458
2596 2596 396.463516352
2597 2597 135.692653063
2598 2598 232.801114406
2599 2599 0.000490620218799
2600 2600 47.3165530304
2601 2601 573.763575037
2602 2602 315.287278217
2603 2603 47.8283993813
2604 2604 67.9021742628
2605 2605 0.00903428960703
2606 2606 172.545110823
2607 2607 153.425377458
2608 2608 126.613258098
2609 2609 0.000643212693444
2610 2610 231.461479297
2611 2611 223.674005669
2612 2612 72.409355266
2613 2613 510.815851568
2614 2614 319.645835728
2615 2615 551.562510567
2616 2616 503.506985005
2617 2617 205.313919148
2618 2618 238.649130495
2619 2619 419.47216095
2620 2620 225.299441551
2621 2621 460.024655877
2622 2622 543.003182507
2623 2623 249.798458094
2624 2624 0.00599294166529
2625 2625 169.797694813
2626 2626 89.9997572138
2627 2627 109.831871069
2628 2628 525.532078258
2629 2629 423.101560799
2630 2630 368.554715495
2631 2631 443.316011989
2632 2632 389.997241312
2633 2633 335.51249276
2634 2634 590.414607777
2635 2635 468.463182259
2636 2636 40.6685936167
2637 2637 0.00538469460194
2638 2638 264.66352754
2639 2639 123.214162687
2640 2640 0.00186845534564
2641 2641 0.00174417691839
2642 2642 327.521473697
2643 2643 0.00470283821327
2644 2644 4.1136578039e-05
2645 2645 0.00596183102572
2646 2646 481.001387102
2647 2647 574.116640511
2648 2648 222.224727705
2649 2649 45.1036965794
2650 2650 605.524668604
2651 2651 0.00492786937142
2652 2652 284.943518071
2653 2653 478.257193083
2654 2654 0.00491214548993
2655 2655 445.286843087
2656 2656 0.00594243569647
2657 2657 0.00558218562749
2658 2658 401.859497894
2659 2659 39.4016764399
2660 2660 495.271812875
2661 2661 519.185373536
2662 2662 479.260142432
2663 2663 0.00412930042364
2664 2664 530.196101175
2665 2665 350.719106185
2666 2666 0.00480449152489
2667 2667 583.909918991
2668 2668 446.82741278
2669 2669 320.208885837
2670 2670 509.45124296
2671 2671 21.1301935597
2672 2672 0.00680817258506
2673 2673 109.823140086
2674 2674 0.00269882909769
2675 2675 404.457259333
2676 2676 455.062743475
2677 2677 333.259679169
2678 2678 604.929658016
2679 2679 580.526093686
2680 2680 304.499419806
2681 2681 142.190612676
2682 2682 0.00339089363131
2683 2683 54.6889712567
2684 2684 379.648619729
2685 2685 181.340056647
2686 2686 388.611522026
2687 2687 35.9113352798
2688 2688 522.95572862
2689 2689 298.512445138
2690 2690 419.705385645
2691 2691 304.653833586
2692 2692 0.000167975561658
2693 2693 550.263782827
2694 2694 116.814897259
2695 2695 385.495121831
2696 2696 386.405702705
2697 2697 0.00419493022732
2698 2698 243.459122568
2699 2699 69.7258827446
2700 2700 0.00254862951791
2701 2701 0.000871227374228
2702 2702 0.00927913955673
2703 2703 0.00712300657797
2704 2704 174.120863991
2705 2705 438.508581851
2706 2706 597.356011694
2707 2707 0.00180248889314
2708 2708 358.951966792
2709 2709 586.627116016
2710 2710 68.6931106072
2711 2711 192.876407964
2712 2712 583.539549688
2713 2713 181.317602241
2714 2714 393.329807971
2715 2715 111.651062513
2716 2716 549.855343446
2717 2717 580.324788066
2718 2718 463.50973494
2719 2719 0.00365593148181
2720 2720 458.705891498
2721 2721 61.5304485292
2722 2722 601.884155134
2723 2723 84.9811012984
2724 2724 207.985539535
2725 2725 510.881177731
2726 2726 328.367421174
2727 2727 521.543091831
2728 2728 331.972780509
2729 2729 118.089761339
2730 2730 547.205618612
2731 2731 395.173937527
2732 2732 616.592620714
2733 2733 458.198156577
2734 2734 109.390777063
2735 2735 169.405393788
2736 2736 0.00157221973743
2737 2737 135.040689085
2738 2738 345.304621404
2739 2739 0.00668840080244
2740 2740 15.5646654268
2741 2741 257.661459002
2742 2742 158.860796053
2743 2743 147.375075241
2744 2744 320.05555795
2745 2745 0.0017378587306
2746 2746 397.655430041
2747 2747 294.063318741
2748 2748 177.594999055
2749 2749 0.00181243353948
2750 2750 417.033276356
2751 2751 535.65390155
2752 2752 421.924947615
2753 2753 296.066215809
2754 2754 422.489496073
2755 2755 0.00951888255505
2756 2756 347.285219938
2757 2757 415.773334813
2758 2758 535.037139291
2759 2759 0.00497944950819
2760 2760 347.394455784
2761 2761 111.237025779
2762 2762 309.292058559
2763 2763 406.185528506
2764 2764 0.00279506154949
2765 2765 84.6464910266
2766 2766 385.684250257
2767 2767 203.616004409
2768 2768 545.268630009
2769 2769 499.607931564
2770 2770 0.00543621173282
2771 2771 246.388915737
2772 2772 114.540827981
2773 2773 8.90112787284e-05
2774 2774 186.27318269
2775 2775 0.00558735765624
2776 2776 0.00541440732526
2777 2777 0.00742916105886
2778 2778 496.295540724
2779 2779 345.07102743
2780 2780 0.00800183262704
2781 2781 265.322368936
2782 2782 228.77764592
2783 2783 149.14353645
2784 2784 530.110132339
2785 2785 128.900877243
2786 2786 345.586623594
2787 2787 0.000578213535381
2788 2788 274.455988616
2789 2789 17.2640327236
2790 2790 0.00167512745697
2791 2791 416.703007225
2792 2792 0.00243019198712
2793 2793 394.845329055
2794 2794 0.00192567297177
2795 2795 551.372541018
2796 2796 0.00438707043406
2797 2797 234.943846396
2798 2798 587.387998518
2799 2799 491.961669435
2800 2800 0.00577798471582
2801 2801 0.00528654751248
2802 2802 275.589209925
2803 2803 295.107046524
2804 2804 0.000939755109904
2805 2805 59.4870981443
2806 2806 218.759300659
2807 2807 28.582700801
2808 2808 0.00545622831659
2809 2809 121.855001316
2810 2810 181.499757752
2811 2811 538.094047948
2812 2812 495.74962606
2813 2813 514.899550702
2814 2814 0.00601174433282
2815 2815 128.587484921
2816 2816 353.507733384
2817 2817 0.00822401249772
2818 2818 0.00803536900118
2819 2819 539.835752882
2820 2820 338.416345054
2821 2821 85.3943394041
2822 2822 0.00230727291961
2823 2823 57.4393807578
2824 2824 414.191582358
2825 2825 162.955282661
2826 2826 472.083924947
2827 2827 404.897442179
2828 2828 333.265811788
2829 2829 0.00663972227367
2830 2830 338.709833854
2831 2831 0.0015349892796
2832 2832 0.00646396200042
2833 2833 561.772010107
2834 2834 480.097607429
2835 2835 0.00970359565703
2836 2836 23.8482477573
2837 2837 0.0078945155905
2838 2838 0.00853845728851
2839 2839 173.018524919
2840 2840 348.913263763
2841 2841 576.914231539
2842 2842 562.889511446
2843 2843 80.3672069809
2844 2844 0.00581152574294
2845 2845 0.00306587439673
2846 2846 513.355733832
2847 2847 0.00494372781667
2848 2848 0.00629985520667
2849 2849 316.385349107
2850 2850 106.24354296
2851 2851 0.000725219772284
2852 2852 608.757627903
2853 2853 0.00899601783429
2854 2854 0.00444924784496
2855 2855 327.524876485
2856 2856 364.959973988
2857 2857 452.875816922
2858 2858 148.750297733
2859 2859 144.664809677
2860 2860 150.766361631
2861 2861 0.00125665653939
2862 2862 600.526147829
2863 2863 0.00318835621538
2864 2864 0.00366024349398
2865 2865 481.005140235
2866 2866 0.000841368830317
2867 2867 384.189367289
2868 2868 308.063532402
2869 2869 155.017202579
2870 2870 522.751420978
2871 2871 462.065661404
2872 2872 82.3478823666
2873 2873 0.00995591366022
2874 2874 538.424877384
2875 2875 363.011480214
2876 2876 0.00636076645747
2877 2877 0.00885165426565
2878 2878 0.0090822955674
2879 2879 0.00647802730337
2880 2880 30.7587844153
2881 2881 338.451232229
2882 2882 212.073446084
2883 2883 0.00400662475671
2884 2884 275.472610111
2885 2885 314.403062357
2886 2886 0.00013464025554
2887 2887 0.0083511589904
2888 2888 0.00776612766535
2889 2889 241.761929478
2890 2890 522.407877536
2891 2891 0.00556551553213
2892 2892 0.00770074132822
2893 2893 0.0030565728296
2894 2894 0.00337756352491
2895 2895 361.451007091
2896 2896 450.887579889
2897 2897 133.283203408
2898 2898 321.678054378
2899 2899 109.264081436
2900 2900 0.00949321286639
2901 2901 0.00360148592466
2902 2902 398.489545061
2903 2903 8.57365237442
2904 2904 579.446809229
2905 2905 356.276018289
2906 2906 0.00397427802165
2907 2907 466.574726333
2908 2908 489.717307021
2909 2909 0.00352787893767
2910 2910 380.945791736
2911 2911 61.1169457435
2912 2912 110.697667881
2913 2913 225.515742013
2914 2914 191.358408775
2915 2915 479.172839841
2916 2916 300.976656529
2917 2917 0.00216901657071
2918 2918 315.30603367
2919 2919 198.245393791
2920 2920 348.846047126
2921 2921 6.68320278348
2922 2922 398.406076907
2923 2923 307.933023006
2924 2924 0.00231469701406
2925 2925 0.00645468201852
2926 2926 65.4072309416
2927 2927 0.00443924796757
2928 2928 566.842894464
2929 2929 54.3286766464
2930 2930 17.726962203
2931 2931 488.368371032
2932 2932 154.205621134
2933 2933 22.1424911518
2934 2934 579.10838022
2935 2935 604.610142328
2936 2936 137.403253718
2937 2937 272.245315216
2938 2938 162.572163308
2939 2939 99.9346047628
2940 2940 612.895192107
2941 2941 274.661355385
2942 2942 581.832009279
2943 2943 0.00982325245523
2944 2944 143.071530975
2945 2945 240.211399396
2946 2946 559.379948627
2947 2947 133.633084009
2948 2948 164.879294628
2949 2949 544.428718296
2950 2950 345.899782695
2951 2951 97.1303857174
2952 2952 428.759815413
2953 2953 268.978075074
2954 2954 81.4096073284
2955 2955 159.128522458
2956 2956 204.614930313
2957 2957 37.0354104026
2958 2958 331.759621814
2959 2959 247.060110685
2960 2960 602.101980604
2961 2961 258.344336695
2962 2962 0.00383287017581
2963 2963 353.956169404
2964 2964 200.500438085
2965 2965 0.00768206741866
2966 2966 276.150933537
2967 2967 544.706862054
2968 2968 85.5655554462
2969 2969 463.141805593
2970 2970 0.00115422682284
2971 2971 121.323476437
2972 2972 202.581963058
2973 2973 578.556529124
2974 2974 137.615231729
2975 2975 0.00590201004259
2976 2976 212.633043195
2977 2977 0.0078107331321
2978 2978 0.00675189479708
2979 2979 546.276463531
2980 2980 586.725991845
2981 2981 570.626794256
2982 2982 95.1032435726
2983 2983 0.404451008908
2984 2984 0.00558065907917
2985 2985 0.00973696206817
2986 2986 540.338854415
2987 2987 312.455054617
2988 2988 0.00806719181951
2989 2989 429.317906315
2990 2990 0.00763887613649
2991 2991 183.04563101
2992 2992 342.551666305
2993 2993 430.759724287
2994 2994 290.399649245
2995 2995 197.238515589
2996 2996 402.052278321
2997 2997 0.00429909117673
2998 2998 252.540272754
2999 2999 0.581742806579
3000 3000 432.929804918
